using saved target 'z1'
../../../../contiki/tools/sky/serialdump-linux -b115200 /dev/ttyUSB0
connecting to /dev/ttyUSB0 (115200) [OK]
Rime started with address 1.0
MAC 01:00:00:00:00:00:00:00 Ref ID: 4841
Contiki-3.x-2125-g5d67a61 started. Node id is set to 1.

************************************************
RTIMER_SECOND = 32768. F_CPU=8000000.
CLOCK_SECOND=128.
DURSLOT = 6015.(0.1835 s).
DURSLEEP = 114285.
DURCYCLE = 120300 .(3.6712 s).
MAX_CLOCK_DRIFT = WAKEUP_ADVANCE_TIME = 327 (0.0049 s).
PERIODIC_BCAST_CYCLES_SENSOR = 4521987.
PERIODIC_BCAST_CYCLES_SINK = 4521987.
MAX_CYCLE_COUNTER = 41728.
MAX_COUNT_NO_RTS_CTS = 65535.
MAX_CHILD_NUM = 10.
MAX_TRY_TO_FIND_PARENT = 3.

**********Below is Related Settings**********
PRIMAC_CONF_COMPOWER = 1.
PRIMAC_CONF_COMPOWER_SUPPORT = 1.
SF = 18.
PRI_SYNC_SUPPORT = 1.
RANDOM_DRIFT_IN_COOJA_SUPPORT = 0.
ADCSC_SUPPORT = 1.
DATA_TX_SUPPORT = 1.
CYCLES_PER_PACKET = 2.
DATA_INTERVAL = 9.
RETX_LIMIT = 6.
TOTAL_DATA_NUM = 100.
MAX_DATA_QUEUE_BUFS = 10.
PROC_GRADE_BASED_ON_ADDR_SUPPORT = 1.
NODES_NUM_PER_GRADE = 2.
ADDRESS_FREE_SUPPORT = 1.
IS_COOJA_SIM = 0.
CROSS_PLATFORM_SUPPORT = 0.
************************************************

My address is 1.0.
nullmac PRIMAC, channel check rate 8 Hz, radio channel 26
Starting
Hello, world
 P 0 0 53 55855
 P 0 0 3443 175134
 P 0 0 6833 295434
 P 0 0 10223 415734
 P 0 0 13613 536034
EMPTY QUEUE
 P 59 0 17005 658323
 P 59 0 20395 776634
 P 59 0 23785 896934
 P 59 0 27175 1017234
 P 59 0 30565 1137534
EMPTY QUEUE
 P 118 0 33956 1258319
 P 2396 0 35068 1378134
 P 2396 0 38458 1498434
 P 2396 0 41848 1618734
 P 2396 0 45238 1739034
EMPTY QUEUE
 P 2455 0 48630 1859723
 P 3455 0 48635 1979634
 P 3455 0 52025 2099934
 P 3455 0 55415 2220234
 P 3455 0 58805 2340534
EMPTY QUEUE
 P 3514 0 62197 2463047
 P 5188 0 62202 2581134
 P 5188 0 65592 2701434
 P 5188 0 68982 2821734
 P 5188 0 72372 2942034
EMPTY QUEUE
 P 5247 0 75764 3064707
 P 7369 0 75770 3182634
 P 7369 0 79160 3302934
 P 7369 0 82550 3423234
 P 7369 0 85940 3543534
EMPTY QUEUE
 P 7428 0 89332 3665215
 P 9487 0 89337 3784134
 P 9487 0 92727 3904434
 P 9487 0 96117 4024734
 P 9487 0 99507 4145034
EMPTY QUEUE
 P 9546 0 102899 4267131
 P 11030 0 102904 4385634
 P 11030 0 106294 4505934
 P 11030 0 109684 4626234
 P 11030 0 113074 4746534
EMPTY QUEUE
 P 11087 0 116466 4868919
 P 13531 0 116472 4987134
 P 13531 0 119862 5107434
 P 13531 0 123252 5227734
 P 13531 0 126642 5348034
EMPTY QUEUE
 P 13590 0 130034 5469043
 P 14433 0 130039 5588634
 P 14433 0 133429 5708934
 P 14433 0 136819 5829234
 P 14433 0 140209 5949534
EMPTY QUEUE
 P 14492 0 143600 6072111
 P 17320 0 143605 6190134
24749 R 143.0 1 1 429 1
 P 19572 265 143611 6310434
24839 R 188.0 1 2 490 2
24869 R 28.0 1 3 496 3
25220 R 233.0 1 3 854 4
 P 25228 1059 143629 6430734
25687 R 143.0 2 1 214 5
25708 R 188.0 2 2 205 6
 P 27453 1591 147029 6671334
26628 R 28.0 2 3 1104 7
EMPTY QUEUE
 P 29444 1858 147036 6792791
27100 R 143.0 3 1 475 8
 P 31826 2125 147041 6911934
27193 R 188.0 3 2 539 9
27285 R 233.0 2 3 1767 10
27310 R 233.0 3 3 639 11
27569 R 28.0 3 3 892 12
 P 39155 3189 147062 7032234
 P 39155 3189 150452 7152534
28508 R 143.0 4 1 732 13
28534 R 188.0 4 2 728 14
28556 R 233.0 4 3 733 15
28575 R 28.0 4 3 745 16
28977 R 143.0 5 1 49 17
 P 48133 4511 150482 7393134
29444 R 188.0 5 2 486 18
EMPTY QUEUE
 P 49263 4776 150489 7515391
29541 R 233.0 5 3 566 19
29917 R 28.0 5 3 937 20
 P 52674 5308 150499 7633734
30386 R 143.0 6 1 306 21
 P 54319 5574 150505 7754034
30502 R 188.0 6 2 510 22
30527 R 233.0 6 3 401 23
 P 58947 6108 155115 7874334
31327 R 28.0 6 3 1194 24
31354 R 143.0 7 1 121 25
31797 R 188.0 7 2 535 26
31823 R 233.0 7 3 545 27
32264 R 28.0 7 3 979 28
 P 68862 7435 158535 8235234
32733 R 143.0 8 1 349 29
EMPTY QUEUE
 P 69959 7701 158542 8356627
32830 R 188.0 8 2 416 30
33210 R 28.0 8 3 773 31
 P 74078 8232 158553 8475834
33673 R 143.0 9 1 137 32
 P 75180 8498 161949 8596134
33770 R 233.0 8 3 1341 33
34150 R 188.0 9 2 584 34
 P 79299 9029 161961 8716434
34237 R 233.0 9 3 704 35
34613 R 28.0 9 3 1025 36
 P 81113 9561 161973 8836734
EMPTY QUEUE
 P 81170 9561 165365 8958159
 P 81170 9561 168755 9077334
36027 R 143.0 10 1 1338 37
 P 83201 9826 168761 9197634
36121 R 188.0 10 2 1403 38
36214 R 28.0 10 3 1474 39
36234 R 143.0 11 1 394 40
36258 R 188.0 11 2 388 41
36287 R 233.0 10 3 1553 42
36308 R 233.0 11 3 422 43
 P 91764 11422 172181 9317934
36967 R 28.0 11 3 1074 44
 P 93798 11688 172186 9438234
37437 R 143.0 12 1 445 45
37456 R 188.0 12 2 434 46
EMPTY QUEUE
37902 R 28.0 12 3 858 47
 P 97897 12486 172204 9678834
38378 R 143.0 13 1 234 48
 P 100411 12750 172210 9799134
38468 R 188.0 13 2 294 49
38564 R 233.0 12 3 1525 50
38586 R 233.0 13 3 397 51
38849 R 28.0 13 3 654 52
 P 107240 13809 172234 9919434
39313 R 143.0 14 1 17 53
 P 108474 14073 172240 10039734
39787 R 188.0 14 2 460 54
 P 110668 14338 172245 10160034
39882 R 233.0 14 3 540 55
EMPTY QUEUE
40258 R 28.0 14 3 910 56
 P 115617 14870 172257 10280334
40728 R 143.0 15 1 280 57
 P 118225 15136 172262 10400634
41193 R 188.0 15 2 714 58
 P 119491 15401 172268 10520934
41663 R 143.0 16 1 63 59
 P 120949 15667 172274 10641234
42136 R 28.0 15 3 1635 60
 P 122982 15932 175670 10761534
42230 R 188.0 16 2 600 61
EMPTY QUEUE
42323 R 233.0 15 3 2015 62
42343 R 233.0 16 3 697 63
42607 R 28.0 16 3 954 64
 P 129747 16991 175696 10881834
43073 R 143.0 17 1 321 65
 P 131172 17256 175702 11002134
43169 R 188.0 17 2 387 66
43191 R 233.0 17 3 394 67
43549 R 28.0 17 3 744 68
 P 136906 18054 175718 11122434
44013 R 143.0 18 1 109 69
 P 138427 18320 175723 11242734
44108 R 188.0 18 2 174 70
44135 R 233.0 18 3 186 71
44487 R 28.0 18 3 531 72
 P 144708 19116 175739 11363034
EMPTY QUEUE
 P 144719 19116 179131 11485307
45425 R 143.0 19 1 369 73
EMPTY QUEUE
 P 146782 19381 179138 11605239
45895 R 188.0 19 2 809 74
45943 R 233.0 19 3 1265 75
45962 R 28.0 19 3 853 76
46361 R 143.0 20 1 153 77
 P 154917 20440 183759 11844234
46461 R 188.0 20 2 222 78
46481 R 233.0 20 3 227 79
46835 R 28.0 20 3 573 80
 P 160529 21233 183777 11964534
 P 160529 21233 187167 12084834
47773 R 143.0 21 1 413 81
 P 162179 21499 187172 12205134
47872 R 188.0 21 2 482 82
47889 R 233.0 21 3 484 83
EMPTY QUEUE
48245 R 28.0 21 3 832 84
 P 167882 22295 187192 12325434
48717 R 143.0 22 1 205 85
 P 170527 22560 187197 12445734
48811 R 188.0 22 2 269 86
48834 R 233.0 22 3 275 87
49181 R 28.0 22 3 618 88
 P 176333 23356 187213 12566034
 P 176333 23356 190603 12686334
50122 R 143.0 23 1 458 89
50145 R 188.0 23 2 451 90
 P 178828 23886 194005 12926934
51061 R 143.0 24 1 245 91
EMPTY QUEUE
 P 180186 24152 194012 13048263
51161 R 188.0 24 2 316 92
51251 R 28.0 23 3 1533 93
51272 R 28.0 24 3 404 94
51530 R 233.0 23 3 1818 95
 P 185747 25216 194034 13167534
51628 R 233.0 24 3 766 96
52002 R 143.0 25 1 34 97
 P 189012 25747 194046 13287834
52476 R 188.0 25 2 477 98
 P 191466 26014 194052 13408134
52563 R 233.0 25 3 549 99
52947 R 28.0 25 3 926 100
 P 194829 26543 194063 13528434
53415 R 143.0 26 1 294 101
EMPTY QUEUE
 P 197146 26808 194071 13651075
53504 R 188.0 26 2 354 102
53534 R 233.0 26 3 368 103
53885 R 28.0 26 3 712 104
 P 202824 27603 194089 13769034
54352 R 143.0 27 1 80 105
54824 R 188.0 27 2 522 106
54850 R 233.0 27 3 532 107
55290 R 28.0 27 3 965 108
 P 209939 28670 197500 14129934
55760 R 143.0 28 1 335 109
 P 210985 28937 197506 14250234
55859 R 188.0 28 2 406 110
55880 R 233.0 28 3 410 111
 P 216604 29470 198724 14370534
56702 R 28.0 28 3 1246 112
EMPTY QUEUE
 P 218314 29735 198732 14492823
56800 R 143.0 29 1 224 113
56818 R 188.0 29 2 211 114
56842 R 233.0 29 3 220 115
57172 R 28.0 29 3 544 116
 P 224686 30795 198756 14611134
 P 224686 30795 202146 14731434
58111 R 143.0 30 1 382 117
58139 R 188.0 30 2 380 118
58583 R 28.0 30 3 801 119
 P 230348 31591 202162 14972034
59048 R 143.0 31 1 168 120
 P 231268 31856 202168 15092334
59144 R 188.0 31 2 234 121
EMPTY QUEUE
59238 R 233.0 30 3 1465 122
59526 R 233.0 31 3 717 123
 P 236115 32653 202187 15212634
59993 R 28.0 31 3 1060 124
 P 238153 32918 205583 15332934
 P 238153 32918 208973 15453234
60933 R 143.0 32 1 900 125
60959 R 188.0 32 2 896 126
60980 R 233.0 32 3 902 127
60999 R 28.0 32 3 915 128
61399 R 143.0 33 1 214 129
 P 246312 34244 209002 15693834
61498 R 188.0 33 2 284 130
61519 R 233.0 33 3 289 131
 P 249958 34776 212402 15814134
62342 R 28.0 33 3 1107 132
EMPTY QUEUE
 P 251993 35041 212410 15934823
62811 R 143.0 34 1 474 133
 P 253647 35307 212416 16054734
62909 R 188.0 34 2 544 134
62927 R 28.0 34 3 539 135
63283 R 233.0 34 3 899 136
 P 259302 36106 212432 16175034
63754 R 143.0 35 1 266 137
 P 261949 36371 212439 16295334
63848 R 188.0 35 2 331 138
63872 R 233.0 35 3 336 139
64219 R 28.0 35 3 678 140
 P 267766 37165 212457 16415634
64688 R 143.0 36 1 47 141
EMPTY QUEUE
 P 268746 37432 212464 16538147
65159 R 188.0 36 2 490 142
 P 270113 37698 212469 16656234
65632 R 233.0 36 3 945 143
 P 272152 37964 215864 16776534
65727 R 28.0 36 3 1033 144
66101 R 143.0 37 1 309 145
 P 275971 38495 215876 16896834
66192 R 188.0 37 2 370 146
66221 R 233.0 37 3 384 147
66569 R 28.0 37 3 725 148
 P 280352 39290 215894 17017134
67041 R 143.0 38 1 97 149
67064 R 188.0 38 2 89 150
EMPTY QUEUE
 P 286494 39820 217115 17257734
67979 R 233.0 38 3 1018 151
68006 R 28.0 38 3 1008 152
68454 R 143.0 39 1 357 153
 P 292544 40616 217132 17498334
68547 R 188.0 39 2 421 154
68571 R 233.0 39 3 430 155
68918 R 28.0 39 3 769 156
 P 298364 41413 217147 17618634
69389 R 143.0 40 1 141 157
 P 299830 41679 217153 17738934
69484 R 188.0 40 2 207 158
 P 303974 41945 217165 17859234
70330 R 233.0 40 3 1037 159
70354 R 28.0 40 3 1054 160
EMPTY QUEUE
70802 R 143.0 41 1 401 161
 P 309734 42743 217184 18099834
70894 R 188.0 41 2 464 162
70915 R 233.0 41 3 468 163
71273 R 28.0 41 3 820 164
 P 314565 43537 217203 18220134
 P 314565 43537 220593 18340434
72211 R 143.0 42 1 658 165
 P 316608 43802 220598 18460734
72305 R 188.0 42 2 723 166
72679 R 233.0 42 3 1081 167
72704 R 28.0 42 3 1099 168
73151 R 143.0 43 1 447 169
 P 325756 44865 220623 18701334
73244 R 188.0 43 2 511 170
73264 R 233.0 43 3 515 171
EMPTY QUEUE
73622 R 28.0 43 3 865 172
 P 330647 45662 220643 18821634
74088 R 143.0 44 1 232 173
 P 332083 45926 220649 18941934
74184 R 188.0 44 2 298 174
74206 R 233.0 44 3 304 175
 P 334971 46455 224051 19062234
75033 R 28.0 44 3 1125 176
75051 R 143.0 45 1 42 177
75501 R 188.0 45 2 462 178
 P 340965 47251 224068 19302834
75968 R 233.0 45 3 1024 179
 P 342367 47519 227463 19423134
76066 R 28.0 45 3 1006 180
EMPTY QUEUE
76437 R 143.0 46 1 277 181
 P 345995 48049 227475 19543434
76532 R 188.0 46 2 341 182
76555 R 233.0 46 3 349 183
 P 348179 48580 230877 19663734
77380 R 143.0 47 1 67 184
 P 350222 48847 230882 19784034
77475 R 28.0 46 3 1262 185
77494 R 188.0 47 2 151 186
77846 R 233.0 47 3 488 187
 P 353970 49647 230899 19904334
78322 R 28.0 47 3 958 188
 P 356493 49913 230905 20024634
78787 R 143.0 48 1 323 189
EMPTY QUEUE
 P 357986 50178 230913 20145964
78883 R 188.0 48 2 389 190
78906 R 233.0 48 3 394 191
79263 R 28.0 48 3 745 192
 P 363746 50976 230930 20265235
79727 R 143.0 49 1 111 193
 P 365276 51242 230935 20385535
79822 R 188.0 49 2 176 194
80202 R 233.0 49 3 539 195
 P 369419 51773 230946 20505835
80290 R 28.0 49 3 621 196
 P 370206 52039 234342 20626135
81135 R 143.0 50 1 367 197
EMPTY QUEUE
 P 371316 52305 234349 20748776
81232 R 188.0 50 2 434 198
81612 R 233.0 50 3 798 199
 P 375461 52835 234361 20866735
81699 R 28.0 50 3 879 200
82075 R 143.0 51 1 155 201
 P 377303 53364 234373 20987035
82175 R 188.0 51 2 225 202
82196 R 28.0 51 3 223 203
82549 R 233.0 51 3 581 204
 P 382938 54162 234390 21107335
 P 382938 54162 237780 21227635
EMPTY QUEUE
 P 382997 54162 241171 21349924
83959 R 143.0 52 1 886 205
83985 R 188.0 52 2 882 206
84006 R 233.0 52 3 888 207
84026 R 28.0 52 3 900 208
84425 R 143.0 53 1 200 209
 P 391178 55492 241201 21588535
84525 R 188.0 53 2 270 210
84545 R 233.0 53 3 275 211
 P 394836 56024 244603 21708835
 P 396816 56024 245810 21829135
85837 R 28.0 53 3 1585 212
 P 398476 56289 245816 21949435
85936 R 143.0 54 1 559 213
85953 R 188.0 54 2 547 214
85977 R 233.0 54 3 556 215
EMPTY QUEUE
86307 R 28.0 54 3 879 216
 P 404937 57347 245840 22069735
86776 R 143.0 55 1 247 217
 P 406343 57612 245845 22190035
86875 R 188.0 55 2 316 218
86896 R 233.0 55 3 322 219
87244 R 28.0 55 3 662 220
 P 411252 58408 245860 22310335
87716 R 143.0 56 1 35 221
 P 412722 58674 245867 22430635
88185 R 188.0 56 2 475 222
 P 413871 58941 245872 22550935
88283 R 233.0 56 3 556 223
EMPTY QUEUE
88654 R 28.0 56 3 922 224
 P 416991 59471 245885 22671235
89125 R 143.0 57 1 292 225
 P 418204 59738 245891 22791535
89217 R 188.0 57 2 355 226
89245 R 233.0 57 3 368 227
89596 R 28.0 57 3 710 228
 P 422022 60533 245909 22911835
 P 422022 60533 249299 23032135
90537 R 143.0 58 1 552 229
90561 R 188.0 58 2 547 230
91008 R 233.0 58 3 1441 231
 P 427734 61332 249315 23272735
91477 R 143.0 59 1 341 232
91497 R 188.0 59 2 331 233
EMPTY QUEUE
91949 R 28.0 58 3 1912 234
 P 432960 62130 249335 23513335
92039 R 28.0 59 3 850 235
92417 R 143.0 60 1 128 236
 P 435959 62660 249347 23633635
92510 R 188.0 60 2 192 237
92538 R 28.0 60 3 198 238
92885 R 233.0 59 3 1704 239
 P 441541 63454 249366 23753935
92980 R 233.0 60 3 647 240
 P 442940 63719 252762 23874235
93825 R 143.0 61 1 384 241
 P 444348 63985 252767 23994535
93923 R 188.0 61 2 453 242
93944 R 28.0 61 3 452 243
EMPTY QUEUE
EMPTY QUEUE
 P 449385 64516 253988 24116440
94764 R 233.0 61 3 1295 244
 P 450759 64782 253994 24235135
94858 R 143.0 62 1 266 245
94886 R 188.0 62 2 263 246
94911 R 233.0 62 3 272 247
 P 456238 65579 257402 24355435
95705 R 28.0 62 3 1060 248
 P 457933 65844 257408 24475735
96176 R 143.0 63 1 431 249
 P 459692 66110 257414 24596035
96649 R 188.0 63 2 875 250
EMPTY QUEUE
 P 462470 66375 257421 24717972
96737 R 233.0 63 3 947 251
96831 R 28.0 63 3 1033 252
97118 R 143.0 64 1 222 253
 P 466521 67169 257438 24836635
97208 R 188.0 64 2 283 254
97234 R 233.0 64 3 291 255
97585 R 28.0 64 3 636 256
 P 470954 67966 257453 24956935
98056 R 143.0 65 1 7 257
 P 472779 68232 257458 25077235
98523 R 188.0 65 2 446 258
 P 474028 68497 257464 25197535
98621 R 233.0 65 3 527 259
EMPTY QUEUE
98999 R 28.0 65 3 898 260
 P 478625 69029 257477 25317835
99468 R 143.0 66 1 268 261
 P 481217 69294 257483 25438135
99560 R 188.0 66 2 331 262
99581 R 233.0 66 3 335 263
99934 R 28.0 66 3 681 264
 P 485331 70089 257501 25558435
100403 R 143.0 67 1 51 265
 P 486707 70354 257507 25678735
100873 R 188.0 67 2 491 266
 P 488021 70619 257512 25799035
100973 R 233.0 67 3 574 267
EMPTY QUEUE
101345 R 28.0 67 3 939 268
 P 492238 71149 257524 25919335
101813 R 143.0 68 1 308 269
 P 493454 71416 257530 26039635
102281 R 188.0 68 2 748 270
 P 494352 71681 257536 26159935
102380 R 28.0 68 3 823 271
 P 496137 71947 260932 26280235
103226 R 143.0 69 1 569 272
103252 R 188.0 69 2 566 273
103273 R 233.0 68 3 1724 274
103292 R 233.0 69 3 590 275
103319 R 28.0 69 3 610 276
 P 504884 73272 264352 26520835
104162 R 143.0 70 1 353 277
EMPTY QUEUE
 P 506032 73538 264360 26643124
104258 R 188.0 70 2 420 278
104281 R 233.0 70 3 426 279
104635 R 28.0 70 3 774 280
 P 510506 74334 264375 26761435
105104 R 143.0 71 1 144 281
 P 512331 74600 264380 26881735
105196 R 188.0 71 2 207 282
105221 R 233.0 71 3 214 283
105574 R 28.0 71 3 561 284
 P 516194 75398 264399 27002035
 P 516194 75398 267789 27122335
106513 R 143.0 72 1 400 285
EMPTY QUEUE
 P 517663 75664 267798 27243120
106611 R 188.0 72 2 469 286
106632 R 233.0 72 3 473 287
 P 521655 76193 271200 27362935
 P 521655 76193 274590 27483235
107924 R 143.0 73 1 659 288
107948 R 188.0 73 2 655 289
107974 R 28.0 72 3 1809 290
108394 R 28.0 73 3 1450 291
 P 531214 77258 275817 27723835
108867 R 143.0 74 1 451 292
 P 533936 77524 275823 27844135
108959 R 233.0 73 3 1648 293
EMPTY QUEUE
 P 535910 77789 279221 27964435
109804 R 188.0 74 2 2224 294
 P 537962 78055 279226 28084735
109899 R 233.0 74 3 1437 295
109918 R 143.0 75 1 350 296
109945 R 28.0 74 3 1477 297
109965 R 188.0 75 2 368 298
109989 R 233.0 75 3 373 299
 P 545519 79380 279261 28205035
110743 R 28.0 75 3 1123 300
110768 R 143.0 76 1 47 301
 P 549008 79909 282663 28445635
111685 R 188.0 76 2 935 302
 P 551253 80175 282668 28565935
111778 R 233.0 76 3 1012 303
EMPTY QUEUE
111868 R 28.0 76 3 1095 304
112153 R 143.0 77 1 281 305
 P 555473 80971 282685 28686235
112248 R 188.0 77 2 346 306
112271 R 233.0 77 3 354 307
 P 558699 81503 286085 28806535
113093 R 143.0 78 1 69 308
 P 560526 81769 286091 28926835
113191 R 28.0 77 3 1921 309
113562 R 188.0 78 2 507 310
 P 564623 82301 286102 29047135
113657 R 233.0 78 3 586 311
114031 R 28.0 78 3 954 312
 P 567440 82832 286113 29167435
114506 R 143.0 79 1 330 313
EMPTY QUEUE
 P 570125 83099 286120 29289372
114595 R 188.0 79 2 389 314
114617 R 233.0 79 3 394 315
 P 573021 83628 286137 29408035
115442 R 28.0 79 3 1214 316
115467 R 143.0 80 1 139 317
 P 576510 84160 289537 29648635
116382 R 188.0 80 2 1024 318
116407 R 233.0 80 3 1031 319
116433 R 28.0 80 3 1053 320
116852 R 143.0 81 1 372 321
 P 584163 85223 289560 29889235
117326 R 188.0 81 2 815 322
 P 586890 85487 289566 30009535
117790 R 143.0 82 1 157 323
EMPTY QUEUE
 P 588074 85752 289575 30131440
117983 R 188.0 82 2 438 324
118004 R 28.0 81 3 1470 325
118026 R 28.0 82 3 340 326
 P 593602 86548 294190 30250135
118732 R 233.0 81 3 2485 327
 P 595497 86813 294195 30370435
118826 R 143.0 83 1 42 328
118854 R 233.0 82 3 1175 329
119201 R 188.0 83 2 388 330
 P 601098 87612 294210 30490735
119672 R 28.0 83 3 835 331
 P 602831 87879 294216 30611035
120140 R 143.0 84 1 204 332
EMPTY QUEUE
 P 604301 88145 294224 30732972
120236 R 188.0 84 2 269 333
 P 608472 88412 294235 30851635
121081 R 233.0 83 3 2251 334
121106 R 233.0 84 3 1124 335
121132 R 28.0 84 3 1144 336
121154 R 143.0 85 1 65 337
121552 R 188.0 85 2 435 338
 P 618210 89737 294265 31092235
121643 R 233.0 85 3 508 339
 P 618977 90002 297661 31212535
122491 R 143.0 86 1 251 340
 P 620775 90268 297666 31332835
122586 R 28.0 85 3 1446 341
EMPTY QUEUE
122679 R 188.0 86 2 410 342
122965 R 233.0 86 3 680 343
 P 626664 91066 297683 31453135
123053 R 28.0 86 3 760 344
123432 R 143.0 87 1 39 345
 P 629389 91599 297694 31573435
123898 R 188.0 87 2 476 346
 P 630483 91865 297700 31693735
123995 R 233.0 87 3 558 347
124372 R 28.0 87 3 926 348
 P 633946 92396 297711 31814035
124840 R 143.0 88 1 296 349
 P 635618 92661 297717 31934335
124939 R 188.0 88 2 366 350
EMPTY QUEUE
 P 638237 92925 301115 32054635
125782 R 233.0 88 3 1301 351
125808 R 28.0 88 3 1212 352
125830 R 143.0 89 1 133 353
125849 R 188.0 89 2 123 354
126248 R 233.0 89 3 504 355
 P 646475 94257 301141 32295235
126724 R 28.0 89 3 974 356
 P 649010 94524 301147 32415535
127189 R 143.0 90 1 341 357
 P 650457 94790 301153 32535835
127285 R 188.0 90 2 408 358
127308 R 233.0 90 3 412 359
 P 653370 95324 304555 32656135
128131 R 143.0 91 1 131 360
EMPTY QUEUE
 P 655485 95589 304563 32777464
128226 R 28.0 90 3 1326 361
128316 R 188.0 91 2 285 362
128597 R 233.0 91 3 551 363
 P 659276 96382 304581 32896735
129073 R 28.0 91 3 1021 364
 P 661812 96647 304587 33017035
129539 R 143.0 92 1 386 365
 P 663262 96912 304592 33137335
129635 R 188.0 92 2 452 366
129657 R 233.0 92 3 460 367
130014 R 28.0 92 3 809 368
 P 669069 97709 304607 33257635
130479 R 143.0 93 1 175 369
EMPTY QUEUE
 P 670674 97974 304615 33380276
130574 R 188.0 93 2 240 370
130601 R 233.0 93 3 250 371
 P 676974 98505 304633 33498235
131420 R 28.0 93 3 1063 372
 P 678743 98770 304639 33618535
 P 681425 98770 304643 33738835
132361 R 143.0 94 1 904 373
132387 R 188.0 94 2 901 374
132408 R 233.0 94 3 905 375
132831 R 28.0 94 3 1321 376
 P 690679 99828 304672 33979435
132925 R 143.0 95 1 317 377
132945 R 188.0 95 2 307 378
132971 R 233.0 95 3 317 379
EMPTY QUEUE
133297 R 28.0 95 3 636 380
 P 696165 100890 304695 34099735
133772 R 143.0 96 1 12 381
 P 698702 101156 304700 34220035
134238 R 188.0 96 2 449 382
 P 700151 101422 304706 34340335
134334 R 233.0 96 3 527 383
134709 R 28.0 96 3 896 384
 P 703558 101953 304717 34460635
135177 R 143.0 97 1 265 385
 P 704816 102218 304723 34580935
135273 R 188.0 97 2 332 386
EMPTY QUEUE
135653 R 233.0 97 3 694 387
 P 709052 102746 304737 34701235
135741 R 28.0 97 3 776 388
 P 709857 103011 308133 34821535
136590 R 143.0 98 1 526 389
 P 711915 103277 308138 34941835
136685 R 188.0 98 2 590 390
136704 R 233.0 98 3 593 391
137056 R 28.0 98 3 939 392
 P 715709 104074 308153 35062135
137532 R 143.0 99 1 315 393
 P 718247 104340 308159 35182435
137622 R 188.0 99 2 375 394
137647 R 233.0 99 3 386 395
EMPTY QUEUE
137998 R 28.0 99 3 729 396
 P 722773 105137 308179 35302735
138473 R 143.0 100 1 105 397
 P 725664 105403 308185 35423035
138562 R 188.0 100 2 164 398
138588 R 233.0 100 3 174 399
 P 728778 105933 311587 35543335
139408 R 28.0 100 3 988 400
 P 730549 106198 311594 35663635
 P 730549 106198 314984 35783935
EMPTY QUEUE
 P 730608 106198 318376 35906576
 P 730608 106198 321766 36024535
 P 730608 106198 325156 36144835
 P 733339 106198 325162 36265135
 P 733339 106198 328552 36385435
EMPTY QUEUE
 P 733398 106198 331944 36507724
 P 733398 106198 335334 36626035
 P 733398 106198 338724 36746335
 P 734532 106198 338729 36866635
 P 734532 106198 342119 36986935
EMPTY QUEUE
 P 734591 106198 345510 37107720
 P 734591 106198 348900 37227535
 P 734591 106198 352290 37347835
 P 735660 106198 352295 37468135
 P 735660 106198 355685 37588435
EMPTY QUEUE
 P 735719 106198 359077 37709124
 P 735719 106198 362467 37829035
 P 735719 106198 365857 37949335
 P 738260 106198 365863 38069635
 P 738260 106198 369253 38189935
EMPTY QUEUE
 P 738319 106198 372645 38312448
 P 738319 106198 376035 38430535
 P 738319 106198 379425 38550835
 P 739773 106198 379430 38671135
 P 739773 106198 382820 38791435
EMPTY QUEUE
 P 739832 106198 386212 38914108
 P 739832 106198 389602 39032035
 P 739832 106198 392992 39152335
 P 739832 106198 396382 39272635
 P 741607 106198 396387 39392935
EMPTY QUEUE
 P 741666 106198 399779 39514616
 P 741666 106198 403169 39633535
 P 741666 106198 406559 39753835
 P 741666 106198 409949 39874135
 P 744402 106198 409954 39994435
EMPTY QUEUE
 P 744461 106198 413346 40116532
 P 744461 106198 416736 40235035
 P 744461 106198 420126 40355335
 P 744461 106198 423516 40475635
 P 745599 106198 423521 40595935
EMPTY QUEUE
 P 745657 106198 426913 40718320
 P 745657 106198 430303 40836535
 P 745657 106198 433693 40956835
 P 745657 106198 437083 41077135
 P 746732 106198 437088 41197435
EMPTY QUEUE
 P 746791 106198 440480 41318444
 P 746791 106198 443870 41438035
 P 746791 106198 447260 41558335
 P 746791 106198 450650 41678635
 P 748856 106198 450656 41798935
EMPTY QUEUE
 P 748915 106198 454048 41921512
 P 748915 106198 457438 42039535
 P 748915 106198 460828 42159835
 P 748915 106198 464218 42280135
 P 751173 106198 464223 42400435
EMPTY QUEUE
 P 751230 106198 467615 42521892
 P 751230 106198 471005 42641035
 P 751230 106198 474395 42761335
 P 751230 106198 477785 42881635
 P 753169 106198 477790 43001935
EMPTY QUEUE
 P 753228 106198 481182 43124192
 P 753228 106198 484572 43242535
 P 753228 106198 487962 43362835
 P 753228 106198 491352 43483135
 P 754335 106198 491358 43603435
EMPTY QUEUE
 P 754392 106198 494750 43724828
 P 754392 106198 498140 43844035
 P 754392 106198 501530 43964335
 P 754392 106198 504920 44084635
 P 756204 106198 504925 44204935
EMPTY QUEUE
 P 756263 106198 508317 44326360
 P 756263 106198 511707 44445535
 P 756263 106198 515097 44565835
 P 756263 106198 518487 44686135
 P 758268 106198 518492 44806435
EMPTY QUEUE
 P 758326 106198 521884 44927252
 P 758326 106198 525274 45047035
 P 758326 106198 528664 45167335
 P 758326 106198 532054 45287635
 P 760011 106198 532060 45407935
EMPTY QUEUE
 P 760070 106198 535452 45530064
 P 760070 106198 538842 45648535
 P 760070 106198 542232 45768835
 P 760070 106198 545622 45889135
 P 762972 106198 545627 46009435
EMPTY QUEUE
 P 763031 106198 549019 46131212
 P 763031 106198 552409 46250035
 P 763031 106198 555799 46370335
 P 763031 106198 559189 46490635
 P 764590 106198 559194 46610935
EMPTY QUEUE
 P 764649 106198 562586 46733256
 P 764649 106198 565976 46851535
 P 764649 106198 569366 46971835
 P 764649 106198 572756 47092135
 P 766400 106198 572762 47212435
EMPTY QUEUE
 P 766459 106198 576153 47334660
 P 766459 106198 579543 47453035
 P 766459 106198 582933 47573335
 P 766459 106198 586323 47693635
 P 767893 106198 586328 47813935
EMPTY QUEUE
 P 767952 106198 589719 47935936
 P 767952 106198 593109 48054535
 P 767952 106198 596499 48174835
 P 767952 106198 599889 48295135
 P 770601 106198 599894 48415435
EMPTY QUEUE
 P 770660 106198 603286 48537596
 P 770660 106198 606676 48656035
 P 770660 106198 610066 48776335
 P 770660 106198 613456 48896635
 P 771965 106198 613462 49016935
EMPTY QUEUE
 P 772024 106198 616854 49138104
 P 772024 106198 620244 49257535
 P 772024 106198 623634 49377835
 P 772024 106198 627024 49498135
 P 773522 106198 627029 49618435
EMPTY QUEUE
 P 773581 106198 630421 49740020
 P 773581 106198 633811 49859035
 P 773581 106198 637201 49979335
 P 773581 106198 640591 50099635
 P 774760 106198 640596 50219935
EMPTY QUEUE
 P 774819 106198 643988 50341808
 P 774819 106198 647378 50460535
 P 774819 106198 650768 50580835
 P 774819 106198 654158 50701135
 P 777215 106198 654164 50821435
EMPTY QUEUE
 P 777274 106198 657556 50943980
 P 777274 106198 660946 51062035
 P 777274 106198 664336 51182335
 P 777274 106198 667726 51302635
 P 778326 106198 667731 51422935
EMPTY QUEUE
 P 778385 106198 671123 51545000
 P 778385 106198 674513 51663535
 P 778385 106198 677903 51783835
 P 778385 106198 681293 51904135
 P 779630 106198 681298 52024435
EMPTY QUEUE
 P 779689 106198 684690 52145380
 P 779689 106198 688080 52265035
 P 779689 106198 691470 52385335
 P 779689 106198 694860 52505635
 P 780614 106198 694866 52625935
EMPTY QUEUE
 P 780672 106198 698258 52747680
 P 780672 106198 701648 52866535
 P 780672 106198 705038 52986835
 P 780672 106198 708428 53107135
 P 782815 106198 708433 53227435
EMPTY QUEUE
 P 782874 106198 711825 53348316
 P 782874 106198 715215 53468035
 P 782874 106198 718605 53588335
 P 782874 106198 721995 53708635
 P 785723 106198 722000 53828935
EMPTY QUEUE
 P 785782 106198 725392 53949848
 P 785782 106198 728782 54069535
 P 785782 106198 732172 54189835
 P 785782 106198 735562 54310135
 P 786725 106198 735567 54430435
EMPTY QUEUE
 P 788577 106198 735575 54552340
 P 788577 106198 738965 54671035
 P 788577 106198 742355 54791335
 P 788577 106198 745745 54911635
 P 788577 106198 749135 55031935
EMPTY QUEUE
 P 791388 106198 749142 55153872
 P 791388 106198 752532 55272535
 P 791388 106198 755922 55392835
 P 791388 106198 759312 55513135
 P 791388 106198 762702 55633435
EMPTY QUEUE
 P 792600 106198 762709 55754764
 P 792600 106198 766099 55874035
 P 792600 106198 769489 55994335
 P 792600 106198 772879 56114635
 P 792600 106198 776269 56234935
EMPTY QUEUE
 P 793748 106198 776277 56357576
 P 793748 106198 779667 56475535
 P 793748 106198 783057 56595835
 P 793748 106198 786447 56716135
 P 793748 106198 789837 56836435
EMPTY QUEUE
 P 796369 106198 789843 56958724
 P 796369 106198 793233 57077035
 P 796369 106198 796623 57197335
 P 796369 106198 800013 57317635
 P 796369 106198 803403 57437935
EMPTY QUEUE
 P 797904 106198 803409 57558720
 P 797904 106198 806799 57678535
 P 797904 106198 810189 57798835
 P 797904 106198 813579 57919135
 P 797904 106198 816969 58039435
EMPTY QUEUE
 P 799888 106198 816977 58160124
 P 799888 106198 820367 58280035
 P 799888 106198 823757 58400335
 P 799888 106198 827147 58520635
 P 799888 106198 830537 58640935
EMPTY QUEUE
 P 801807 106198 830544 58763448
 P 801807 106198 833934 58881535
 P 801807 106198 837324 59001835
 P 801807 106198 840714 59122135
 P 801807 106198 844104 59242435
EMPTY QUEUE
 P 803153 106198 844111 59365108
 P 803153 106198 847501 59483035
 P 803153 106198 850891 59603335
 P 803153 106198 854281 59723635
 P 803153 106198 857671 59843935
EMPTY QUEUE
 P 805458 106198 857678 59965616
 P 805458 106198 861068 60084535
 P 805458 106198 864458 60204835
 P 805458 106198 867848 60325135
 P 805458 106198 871238 60445435
EMPTY QUEUE
 P 808218 106198 871244 60567340
 P 810018 106198 871249 60686035
 P 810018 106198 874639 60806335
 P 810018 106198 878029 60926635
 P 810018 106198 881419 61046935
EMPTY QUEUE
 P 810077 106198 884811 61168872
 P 812836 106198 884816 61287535
 P 812836 106198 888206 61407835
 P 812836 106198 891596 61528135
 P 812836 106198 894986 61648435
EMPTY QUEUE
 P 812895 106198 898377 61769764
 P 814056 106198 898383 61889035
 P 814056 106198 901773 62009335
 P 814056 106198 905163 62129635
 P 814056 106198 908553 62249935
EMPTY QUEUE
 P 814115 106198 911944 62372576
 P 815213 106198 911949 62490535
 P 815213 106198 915339 62610835
 P 815213 106198 918729 62731135
 P 815213 106198 922119 62851435
EMPTY QUEUE
 P 815272 106198 925511 62973724
 P 817841 106198 925516 63092035
 P 817841 106198 928906 63212335
 P 817841 106198 932296 63332635
 P 817841 106198 935686 63452935
EMPTY QUEUE
 P 817900 106198 939078 63573720
 P 819381 106198 939084 63693535
 P 819381 106198 942474 63813835
 P 819381 106198 945864 63934135
 P 819381 106198 949254 64054435
EMPTY QUEUE
 P 819439 106198 952646 64175124
 P 821370 106198 952651 64295035
 P 821370 106198 956041 64415335
 P 821370 106198 959431 64535635
 P 821370 106198 962821 64655935
EMPTY QUEUE
 P 821429 106198 966212 64778448
 P 823298 106198 966217 64896535
 P 823298 106198 969607 65016835
 P 823298 106198 972997 65137135
 P 823298 106198 976387 65257435
EMPTY QUEUE
 P 823357 106198 979779 65380108
 P 824650 106198 979785 65498035
 P 824650 106198 983175 65618335
 P 824650 106198 986565 65738635
 P 824650 106198 989955 65858935
EMPTY QUEUE
 P 824709 106198 993347 65980616
 P 824709 106198 996737 66099535
 P 826513 106198 996742 66219835
 P 826513 106198 1000132 66340135
 P 826513 106198 1003522 66460435
EMPTY QUEUE
 P 826570 106198 1006914 66582532
 P 826570 106198 1010304 66701035
 P 829337 106198 1010309 66821335
 P 829337 106198 1013699 66941635
 P 829337 106198 1017089 67061935
EMPTY QUEUE
 P 829396 106198 1020481 67184320
 P 829396 106198 1023871 67302535
 P 830562 106198 1023877 67422835
 P 830562 106198 1027267 67543135
 P 830562 106198 1030657 67663435
EMPTY QUEUE
 P 830621 106198 1034049 67784444
 P 830621 106198 1037439 67904035
 P 831723 106198 1037444 68024335
 P 831723 106198 1040834 68144635
 P 831723 106198 1044224 68264935
EMPTY QUEUE
 P 831780 106198 1047616 68387512
 P 831780 106198 1051006 68505535
 P 834355 106198 1051011 68625835
 P 834355 106198 1054401 68746135
