using saved target 'z1'
../../../../contiki/tools/sky/serialdump-linux -b115200 /dev/ttyUSB2
connecting to /dev/ttyUSB2 (115200) [OK]
Rime started with address 3.0
MAC 03:00:00:00:00:00:00:00 Ref ID: 4841
Contiki-3.x-2125-g5d67a61 started. Node id is set to 3.

************************************************
RTIMER_SECOND = 32768. F_CPU=8000000.
CLOCK_SECOND=128.
DURSLOT = 6015.(0.1835 s).
DURSLEEP = 66165.
DURCYCLE = 72180 .(2.2027 s).
MAX_CLOCK_DRIFT = WAKEUP_ADVANCE_TIME = 327 (0.0033 s).
PERIODIC_BCAST_CYCLES_SENSOR = 917507.
PERIODIC_BCAST_CYCLES_SINK = 917507.
MAX_CYCLE_COUNTER = 27904.
MAX_COUNT_NO_RTS_CTS = 65535.
MAX_CHILD_NUM = 10.
MAX_TRY_TO_FIND_PARENT = 3.

**********Below is Related Settings**********
PRIMAC_CONF_COMPOWER = 1.
PRIMAC_CONF_COMPOWER_SUPPORT = 1.
SF = 10.
PRI_SYNC_SUPPORT = 1.
RANDOM_DRIFT_IN_COOJA_SUPPORT = 0.
ADCSC_SUPPORT = 1.
DATA_TX_SUPPORT = 1.
CYCLES_PER_PACKET = 1.
DATA_INTERVAL = 3.
RETX_LIMIT = 6.
TOTAL_DATA_NUM = -1.
MAX_DATA_QUEUE_BUFS = 10.
PROC_GRADE_BASED_ON_ADDR_SUPPORT = 1.
NODES_NUM_PER_GRADE = 2.
ADDRESS_FREE_SUPPORT = 0.
IS_COOJA_SIM = 0.
CROSS_PLATFORM_SUPPORT = 1.
************************************************

My address is 3.0.
nullmac PRIMAC, channel check rate 8 Hz, radio channel 26
Starting
Hello, world
 P 0 0 0 1504803
 P 0 0 3390 1576983
 P 0 0 6780 1649163
 P 0 0 10232 1722726
 P 0 0 13622 1793523
 P 0 0 17012 1865703
 P 0 0 20402 1937883
 P 0 0 23792 2010063
EMPTY QUEUE
 P 69 0 29754 2086909
EMPTY QUEUE
 P 433 0 33153 2155124
PT [1 0 1 -2 2]
 P 2763 0 34213 2226603
PT [1 0 2 -2 2]
 P 3591 0 36775 2298783
PT [1 0 3 -2 2]
 P 3591 0 40165 2370963
PT [1 0 4 -2 2]
 P 3591 0 43555 2443143
PT [1 0 5 -2 2]
EMPTY QUEUE
 P 3922 0 46954 2517815
PT [1 0 6 -1 2]
 P 6197 0 46957 2587503
PT [1 0 7 -1 2]
rcv bro rts
 P 8316 0 46997 2659683
PT [1 0 8 -1 2]
 P 8316 0 50387 2731863
PT [1 0 9 -1 2]
 P 8316 0 53777 2804043
PT [1 0 10 -1 2]
EMPTY QUEUE
 P 8648 0 57175 2877884
PT [1 0 11 0 2]
 P 9932 0 57178 2948403
PT [1 0 12 0 2]
 P 11445 0 57186 3020583
PT [1 0 13 0 2]
 P 11445 0 60576 3092763
PT [1 0 14 0 2]
 P 11445 0 63966 3164943
PT [1 0 15 0 2]
EMPTY QUEUE
 P 11777 0 67364 3239487
PT [1 0 16 0 2]
 P 11777 0 70754 3309303
PT [1 0 17 0 2]
 P 13766 0 70757 3381483
PT [1 0 18 0 2]
 P 15473 0 70766 3453663
PT [1 0 19 0 2]
 P 17718 0 70769 3525843
PT [1 0 20 0 2]
EMPTY QUEUE
 P 18049 0 74168 3600579
PT [1 0 21 1 2]
 P 18049 0 77558 3670203
PT [1 0 22 1 2]
 P 18049 0 80948 3742383
PT [1 0 23 1 2]
 P 20206 0 80957 3814563
PT [1 0 24 1 2]
 P 22644 0 80961 3886743
PT [1 0 25 1 2]
EMPTY QUEUE
 P 22976 0 84359 3961160
PT [1 0 26 2 2]
 P 22976 0 87749 4031103
PT [1 0 27 2 2]
 P 22976 0 91139 4103283
PT [1 0 28 2 2]
 P 25071 0 91148 4175463
PT [1 0 29 2 2]
 P 27190 0 91152 4247643
PT [1 0 30 2 2]
EMPTY QUEUE
 P 27522 0 94550 4321227
PT [1 0 31 2 2]
 P 27522 0 97940 4392003
PT [1 0 32 2 2]
 P 27522 0 101330 4464183
PT [1 0 33 2 2]
 P 29044 0 101339 4536363
PT [1 0 34 2 2]
 P 30333 0 101342 4608543
PT [1 0 35 2 2]
EMPTY QUEUE
 P 30664 0 104741 4682831
PT [1 0 36 3 2]
 P 30664 0 108131 4752903
PT [1 0 37 3 2]
 P 30664 0 111521 4825083
PT [1 0 38 3 2]
 P 33148 0 111529 4897263
PT [1 0 39 3 2]
 P 35142 0 111532 4969443
PT [1 0 40 3 2]
EMPTY QUEUE
 P 35474 0 114930 5043924
PT [1 0 41 4 2]
 P 35474 0 118320 5113803
PT [1 0 42 4 2]
 P 35474 0 121710 5185983
PT [1 0 43 4 2]
 P 36361 0 121718 5258163
PT [1 0 44 4 2]
 P 38548 0 121721 5330343
PT [1 0 45 4 2]
EMPTY QUEUE
 P 38880 0 125119 5404503
PT [1 0 46 4 2]
 P 38880 0 128509 5474703
PT [1 0 47 4 2]
 P 38880 0 131899 5546883
PT [1 0 48 4 2]
 P 41752 0 131907 5619063
PT [1 0 49 4 2]
 P 43620 0 131910 5691243
PT [1 0 50 4 2]
EMPTY QUEUE
 P 43951 0 135309 5764571
PT [1 0 51 5 2]
 P 43951 0 138699 5835603
PT [1 0 52 5 2]
 P 43951 0 142089 5907783
PT [1 0 53 5 2]
 P 46249 0 142097 5979963
PT [1 0 54 5 2]
 P 47286 0 142100 6052143
PT [1 0 55 5 2]
EMPTY QUEUE
 P 47618 0 145498 6126176
PT [1 0 56 6 2]
 P 47618 0 148888 6196503
PT [1 0 57 6 2]
 P 47618 0 152278 6268683
PT [1 0 58 6 2]
 P 48831 0 152286 6340863
PT [1 0 59 6 2]
 P 50573 0 152289 6413043
PT [1 0 60 6 2]
EMPTY QUEUE
 P 50905 0 155687 6487267
PT [1 0 61 6 2]
 P 50905 0 159077 6557403
PT [1 0 62 6 2]
 P 50905 0 162467 6629583
PT [1 0 63 6 2]
 P 52567 0 162476 6701763
PT [1 0 64 6 2]
 P 54502 0 162479 6773943
PT [1 0 65 6 2]
EMPTY QUEUE
 P 54835 0 165878 6847849
PT [1 0 66 7 2]
 P 54835 0 169268 6918303
PT [1 0 67 7 2]
 P 54835 0 172658 6990483
PT [1 0 68 7 2]
 P 56435 0 172667 7062663
PT [1 0 69 7 2]
 P 58051 0 172670 7134843
PT [1 0 70 7 2]
EMPTY QUEUE
 P 58383 0 176068 7207916
PT [1 0 71 8 2]
 P 58383 0 179458 7279203
PT [1 0 72 8 2]
 P 58383 0 182848 7351383
PT [1 0 73 8 2]
 P 59409 0 182857 7423563
PT [1 0 74 8 2]
 P 62242 0 182860 7495743
PT [1 0 75 8 2]
EMPTY QUEUE
 P 62575 0 186258 7569520
PT [1 0 76 8 2]
 P 62575 0 189648 7640103
PT [1 0 77 8 2]
 P 62575 0 193038 7712283
PT [1 0 78 8 2]
 P 64563 0 193047 7784463
PT [1 0 79 8 2]
 P 66053 0 193050 7856643
PT [1 0 80 8 2]
EMPTY QUEUE
 P 66384 0 196449 7930611
PT [1 0 81 9 2]
 P 66384 0 199839 8001003
PT [1 0 82 9 2]
 P 66384 0 203229 8073183
PT [1 0 83 9 2]
 P 68823 0 203237 8145363
PT [1 0 84 9 2]
 P 70506 0 203240 8217543
PT [1 0 85 9 2]
EMPTY QUEUE
 P 70839 0 206638 8291193
PT [1 0 86 10 2]
 P 70839 0 210028 8361903
PT [1 0 87 10 2]
 P 70839 0 213418 8434083
PT [1 0 88 10 2]
 P 73216 0 213426 8506263
PT [1 0 89 10 2]
 P 74580 0 213431 8578443
PT [1 0 90 10 2]
EMPTY QUEUE
 P 74911 0 216830 8653307
PT [1 0 91 10 2]
 P 74911 0 220220 8722803
PT [1 0 92 10 2]
 P 74911 0 223610 8794983
PT [1 0 93 10 2]
 P 76714 0 223618 8867163
PT [1 0 94 10 2]
 P 79295 0 223622 8939343
PT [1 0 95 10 2]
EMPTY QUEUE
 P 79628 0 227021 9012865
PT [1 0 96 11 2]
 P 79628 0 230411 9083703
PT [1 0 97 11 2]
 P 79628 0 233801 9155883
PT [1 0 98 11 2]
 P 82393 0 233809 9228063
PT [1 0 99 11 2]
 P 83633 0 233812 9300243
PT [1 0 100 11 2]
EMPTY QUEUE
 P 83965 0 237210 9373956
PT [1 0 101 12 2]
 P 83965 0 240600 9444603
PT [1 0 102 12 2]
 P 83965 0 243990 9516783
PT [1 0 103 12 2]
 P 85132 0 243998 9588963
PT [1 0 104 12 2]
 P 86564 0 244001 9661143
PT [1 0 105 12 2]
EMPTY QUEUE
 P 86895 0 247400 9734535
PT [1 0 106 12 2]
 P 86895 0 250790 9805503
PT [1 0 107 12 2]
 P 86895 0 254180 9877683
PT [1 0 108 12 2]
 P 88000 0 254188 9949863
PT [1 0 109 12 2]
 P 89113 0 254191 10022043
PT [1 0 110 12 2]
EMPTY QUEUE
 P 89445 0 257590 10096652
PT [1 0 111 13 2]
 P 89445 0 260980 10166403
PT [1 0 112 13 2]
 P 89445 0 264370 10238583
PT [1 0 113 13 2]
 P 92024 0 264378 10310763
PT [1 0 114 13 2]
 P 94354 0 264381 10382943
PT [1 0 115 13 2]
EMPTY QUEUE
 P 94686 0 267779 10456208
PT [1 0 116 14 2]
 P 94686 0 271169 10527303
PT [1 0 117 14 2]
 P 94686 0 274559 10599483
PT [1 0 118 14 2]
 P 96179 0 274568 10671663
PT [1 0 119 14 2]
 P 97166 0 274571 10743843
PT [1 0 120 14 2]
EMPTY QUEUE
 P 97497 0 277970 10817299
PT [1 0 121 14 2]
 P 97497 0 281360 10888203
PT [1 0 122 14 2]
 P 97497 0 284750 10960383
PT [1 0 123 14 2]
 P 99440 0 284759 11032563
PT [1 0 124 14 2]
 P 100620 0 284762 11104743
PT [1 0 125 14 2]
EMPTY QUEUE
 P 100952 0 288160 11177880
PT [1 0 126 15 2]
 P 100952 0 291550 11249103
PT [1 0 127 15 2]
 P 100952 0 294940 11321283
PT [1 0 128 15 2]
 P 102833 0 294949 11393463
PT [1 0 129 15 2]
 P 103694 0 294952 11465643
PT [1 0 130 15 2]
EMPTY QUEUE
 P 104026 0 298350 11539997
PT [1 0 131 15 2]
 P 104026 0 301740 11610003
PT [1 0 132 15 2]
 P 104026 0 305130 11682183
PT [1 0 133 15 2]
 P 105333 0 305139 11754363
PT [1 0 134 15 2]
 P 107411 0 305142 11826543
PT [1 0 135 15 2]
 P 107742 72 308543 11899793
PT [1 0 136 16 2]
 P 109670 416 308563 11972165
PT [1 0 137 16 2]
 P 111791 759 308582 12044025
PT [1 0 138 16 2]
 P 114395 831 308595 12115263
PT [1 0 139 16 2]
 P 116485 1173 308614 12188994
PT [1 0 140 17 2]
 P 119292 1317 308637 12259623
PT [1 0 141 17 2]
 P 120903 1660 308657 12332714
PT [1 0 142 17 2]
 P 125922 2420 308708 12406589
PT [1 0 143 17 2]
 P 128526 2492 308722 12476163
PT [1 0 144 17 2]
 P 131033 2835 308741 12550021
PT [1 0 145 17 2]
 P 133510 2907 308754 12620523
PT [1 0 146 19 2]
 P 135411 3249 308773 12694349
PT [1 0 147 18 2]
 P 138937 3736 308812 12767426
PT [1 0 148 18 2]
 P 140296 4079 308832 12839287
PT [1 0 149 18 2]
 P 141889 4494 308863 12911049
PT [1 0 150 18 2]
 P 144143 4566 308878 12981423
PT [1 0 151 18 2]
 P 146289 4566 308881 13053603
PT [1 0 152 18 2]
 P 147903 4910 308901 13128069
PT [1 0 153 18 2]
 P 151748 5667 308948 13200537
PT [1 0 154 18 2]
 P 154686 5811 308971 13270143
PT [1 0 155 18 2]
 P 156832 5811 308975 13342323
PT [1 0 156 18 2]
 P 159345 6154 308994 13416438
PT [1 0 157 19 2]
 P 165176 7184 309053 13488938
PT [1 0 158 19 2]
 P 167761 7599 309087 13558863
PT [1 0 159 19 2]
 P 171010 7942 309107 13633713
PT [1 0 160 19 2]
 P 174364 8357 309141 13703223
PT [1 0 161 19 2]
 P 177327 8700 309160 13776825
PT [1 0 162 20 2]
 P 183919 9387 309200 13847583
PT [1 0 163 20 2]
 P 186755 9729 309219 13921506
PT [1 0 164 20 2]
 P 191363 10415 309263 13991943
PT [1 0 165 20 2]
 P 192584 10415 309266 14064123
PT [1 0 166 20 2]
 P 194765 10415 309269 14136303
PT [1 0 167 20 2]
 P 197123 10758 309289 14210033
PT [1 0 168 20 2]
 P 203400 11443 309332 14280663
PT [1 0 169 20 2]
 P 204653 11443 309336 14352843
PT [1 0 170 20 2]
 P 206099 11443 309339 14425023
PT [1 0 171 20 2]
 P 208267 11515 309358 14500098
PT [1 0 172 21 2]
 P 214518 12201 309400 14569383
PT [1 0 173 21 2]
 P 216846 12273 309420 14643241
PT [1 0 174 21 2]
 P 220824 12688 309463 14713743
PT [1 0 175 21 2]
 P 223025 12760 309482 14787921
PT [1 0 176 21 2]
 P 229118 13447 309525 14858103
PT [1 0 177 21 2]
 P 231354 13519 309543 14932090
PT [1 0 178 22 2]
 P 236747 13934 309584 15002463
PT [1 0 179 22 2]
 P 238887 14006 309603 15075746
PT [1 0 180 22 2]
 P 244922 14692 309646 15146823
PT [1 0 181 22 2]
 P 246614 14764 309665 15220937
PT [1 0 182 22 2]
 P 252136 15179 309707 15291183
PT [1 0 183 22 2]
 P 254916 15251 309728 15365617
PT [1 0 184 22 2]
 P 258877 15937 309768 15435543
PT [1 0 185 22 2]
 P 260188 16009 309788 15509787
PT [1 0 186 23 2]
 P 267764 16695 309828 15579903
PT [1 0 187 23 2]
 P 269138 16767 309848 15653442
PT [1 0 188 23 2]
 P 276835 17796 309907 15726455
PT [1 0 189 23 2]
 P 283517 18212 309950 15796443
PT [1 0 190 23 2]
 P 285532 18284 309970 15871133
PT [1 0 191 23 2]
 P 291608 18970 310014 15940803
PT [1 0 192 23 2]
 P 294201 19042 310033 16015301
PT [1 0 193 23 2]
 P 300280 19457 310074 16085163
PT [1 0 194 24 2]
 P 302938 19529 310092 16158957
PT [1 0 195 24 2]
 P 307997 20216 310133 16229523
PT [1 0 196 24 2]
 P 309512 20216 310136 16301703
PT [1 0 197 24 2]
 P 311722 20288 310156 16376329
PT [1 0 198 24 2]
 P 316941 20703 310198 16446063
PT [1 0 199 24 2]
 P 317850 20703 310201 16518243
PT [1 0 200 24 2]
 P 321151 20775 310220 16593190
PT [1 0 201 25 2]
 P 325895 21461 310261 16662603
PT [1 0 202 25 2]
 P 327093 21461 310264 16734783
PT [1 0 203 25 2]
 P 328923 21533 310283 16809538
PT [1 0 204 25 2]
 P 334512 21533 310304 16879143
PT [1 0 205 25 2]
 P 336406 21605 310323 16954217
PT [1 0 206 25 2]
 P 342052 22291 310367 17023503
PT [1 0 207 25 2]
 P 343499 22363 310386 17097361
PT [1 0 208 25 2]
 P 347547 22778 310426 17167863
PT [1 0 209 25 2]
 P 350083 22850 310445 17242041
PT [1 0 210 26 2]
 P 355157 23536 310487 17312223
PT [1 0 211 26 2]
 P 358270 23608 310507 17386210
PT [1 0 212 26 2]
 P 364307 24024 310550 17456583
PT [1 0 213 26 2]
 P 367484 24096 310569 17529865
PT [1 0 214 26 2]
 P 372944 24782 310612 17600943
PT [1 0 215 26 2]
 P 375675 24854 310630 17675057
PT [1 0 216 26 2]
 P 383027 25541 310671 17745303
PT [1 0 217 26 2]
 P 384800 25613 310689 17819737
PT [1 0 218 27 2]
 P 391322 26298 310732 17889663
PT [1 0 219 27 2]
 P 393672 26370 310751 17963907
PT [1 0 220 27 2]
 P 397828 26786 310795 18034023
PT [1 0 221 27 2]
 P 400240 26858 310815 18107561
PT [1 0 222 27 2]
 P 406639 27545 310856 18178383
PT [1 0 223 28 2]
 P 408605 27617 310875 18252753
PT [1 0 224 27 2]
 P 413885 28032 310916 18322743
PT [1 0 225 27 2]
 P 416940 28104 310934 18397433
PT [1 0 226 28 2]
 P 421647 28790 310975 18467103
PT [1 0 227 28 2]
 P 423232 28862 310994 18541603
PT [1 0 228 29 2]
 P 427875 29276 311037 18611463
PT [1 0 229 28 2]
 P 429523 29348 311057 18685257
PT [1 0 230 28 2]
 P 434616 30033 311100 18755823
PT [1 0 231 28 2]
 P 437867 30105 311118 18830450
PT [1 0 232 28 2]
 P 443924 30792 311159 18900183
PT [1 0 233 29 2]
 P 446214 31136 311178 18975129
PT [1 0 234 29 2]
 P 453746 31823 311222 19044543
PT [1 0 235 29 2]
 P 456613 31895 311243 19119298
PT [1 0 236 29 2]
 P 462034 32582 311285 19188903
PT [1 0 237 29 2]
 P 464965 32654 311305 19262953
PT [1 0 238 29 2]
 P 470834 33069 311349 19333263
PT [1 0 239 29 2]
 P 473319 33141 311368 19408146
PT [1 0 240 29 2]
 P 480152 33828 311408 19477623
PT [1 0 241 30 2]
 P 481678 33900 311426 19550777
PT [1 0 242 30 2]
 P 487937 34314 311466 19621983
PT [1 0 243 30 2]
 P 490040 34386 311485 19696994
PT [1 0 244 30 2]
 P 496239 35072 311528 19766343
PT [1 0 245 30 2]
 P 498405 35144 311548 19840649
PT [1 0 246 30 2]
 P 505051 35559 311592 19910703
PT [1 0 247 30 2]
 P 506771 35631 311611 19983793
PT [1 0 248 30 2]
 P 512332 36317 311652 20055063
PT [1 0 249 31 2]
 P 515141 36389 311672 20128473
PT [1 0 250 31 2]
 P 520130 37075 311712 20199423
PT [1 0 251 31 2]
 P 521468 37147 311731 20272642
PT [1 0 252 31 2]
 P 528442 37833 311773 20343783
PT [1 0 253 31 2]
 P 529844 37905 311792 20418345
PT [1 0 254 31 2]
 P 537266 38320 311834 20488143
PT [1 0 255 31 2]
 P 540270 38392 311852 20561489
PT [1 0 256 31 2]
 P 546608 39078 311893 20632503
PT [1 0 257 32 2]
 P 548543 39150 311913 20706170
PT [1 0 258 32 2]
 P 556136 39565 311952 20776863
PT [1 0 259 32 2]
 P 558647 39637 311973 20850338
PT [1 0 260 32 2]
 P 564129 40324 312016 20921223
PT [1 0 261 32 2]
 P 566704 40396 312036 20996041
PT [1 0 262 32 2]
 P 570586 41082 312080 21065583
PT [1 0 263 32 2]
 P 572715 41424 312099 21139185
PT [1 0 264 32 2]
 P 577562 42110 312140 21209943
PT [1 0 265 33 2]
 P 580781 42182 312159 21283867
PT [1 0 266 33 2]
 P 585053 42867 312201 21354303
PT [1 0 267 33 2]
 P 586799 43210 312221 21428033
PT [1 0 268 33 2]
 P 592674 43624 312263 21498663
PT [1 0 269 33 2]
 P 594484 43696 312284 21573737
PT [1 0 270 33 2]
 P 599785 44382 312327 21643023
PT [1 0 271 33 2]
 P 601149 44454 312346 21716881
PT [1 0 272 34 2]
 P 604340 44870 312387 21787383
PT [1 0 273 34 2]
 P 606793 44942 312406 21861562
PT [1 0 274 34 2]
 P 612482 45629 312449 21931743
PT [1 0 275 34 2]
 P 615511 45701 312468 22005729
PT [1 0 276 34 2]
 P 622159 46116 312513 22076103
PT [1 0 277 34 2]
 P 625253 46188 312532 22149385
PT [1 0 278 34 2]
 P 631329 46873 312575 22220463
PT [1 0 279 34 2]
 P 633977 46945 312594 22294577
PT [1 0 280 35 2]
 P 639993 47630 312636 22364823
PT [1 0 281 35 2]
 P 641682 47702 312655 22439258
PT [1 0 282 35 2]
 P 648148 48388 312699 22509183
PT [1 0 283 35 2]
 P 650414 48460 312720 22583427
PT [1 0 284 35 2]
 P 655792 48875 312762 22653543
PT [1 0 285 35 2]
 P 658122 48947 312783 22727081
PT [1 0 286 35 2]
 P 664976 49633 312824 22797903
PT [1 0 287 37 2]
 P 666859 49705 312843 22872273
PT [1 0 288 36 2]
 P 671602 50120 312884 22942263
PT [1 0 289 36 2]
 P 674574 50192 312903 23016954
PT [1 0 290 36 2]
 P 679863 50878 312948 23086623
PT [1 0 291 36 2]
 P 681364 50950 312968 23161122
PT [1 0 292 37 2]
 P 686846 51365 313010 23230983
PT [1 0 293 36 2]
 P 688411 51437 313029 23304777
PT [1 0 294 36 2]
 P 692552 52124 313071 23375343
PT [1 0 295 36 2]
 P 695718 52196 313090 23449969
PT [1 0 296 37 2]
 P 701079 52882 313130 23519703
PT [1 0 297 37 2]
 P 703286 53226 313151 23594650
PT [1 0 298 37 2]
 P 710376 53912 313194 23664063
PT [1 0 299 37 2]
 P 713159 53984 313213 23738817
PT [1 0 300 37 2]
 P 718394 54671 313256 23808423
PT [1 0 301 37 2]
 P 721242 54743 313275 23882473
PT [1 0 302 37 2]
 P 725148 55230 316713 23954558
PT [1 0 303 37 2]
 P 728763 55590 316766 24024963
PT [1 0 304 37 2]
 P 731165 55934 316785 24098117
PT [1 0 305 38 2]
 P 737141 56621 316826 24169323
PT [1 0 306 38 2]
 P 738584 56963 316846 24244334
PT [1 0 307 38 2]
 P 743476 57649 316888 24313683
PT [1 0 308 38 2]
 P 745495 57993 316908 24387989
PT [1 0 309 38 2]
 P 751858 58678 316952 24458043
PT [1 0 310 38 2]
 P 753943 59022 316971 24531133
PT [1 0 311 38 2]
 P 760248 59708 317012 24602403
PT [1 0 312 39 2]
 P 761887 60052 317031 24675813
PT [1 0 313 39 2]
 P 766594 60738 317072 24746763
PT [1 0 314 39 2]
 P 767911 60738 317075 24818943
PT [1 0 315 39 2]
 P 770637 60810 317094 24892161
PT [1 0 316 39 2]
 P 775089 61497 317136 24963303
PT [1 0 317 39 2]
 P 776344 61569 317156 25037865
PT [1 0 318 39 2]
 P 783806 61985 317197 25107663
PT [1 0 319 39 2]
 P 785126 62057 317216 25181009
PT [1 0 320 40 2]
 P 792016 62743 317256 25252023
PT [1 0 321 40 2]
 P 794938 62815 317276 25325691
PT [1 0 322 40 2]
 P 801765 63230 317318 25396383
PT [1 0 323 40 2]
 P 803726 63302 317338 25469857
PT [1 0 324 40 2]
 P 811003 63988 317381 25540743
PT [1 0 325 40 2]
 P 813541 64060 317400 25615561
PT [1 0 326 40 2]
 P 819733 64748 317441 25685103
PT [1 0 327 40 2]
 P 822337 65091 317461 25758705
PT [1 0 328 41 2]
 P 827955 65777 317502 25829463
PT [1 0 329 41 2]
 P 830113 65849 317521 25903387
PT [1 0 330 41 2]
 P 835670 66535 317564 25973823
PT [1 0 331 41 2]
 P 838914 66607 317584 26047553
PT [1 0 332 41 2]
 P 844918 67022 317627 26118183
PT [1 0 333 41 2]
 P 846691 67094 317647 26193257
PT [1 0 334 41 2]
 P 851611 67780 317688 26262543
PT [1 0 335 41 2]
 P 853451 67852 317707 26336402
PT [1 0 336 42 2]
 P 859844 68267 317750 26406903
PT [1 0 337 42 2]
 P 861236 68339 317770 26481082
PT [1 0 338 42 2]
 P 865520 69025 317813 26551263
PT [1 0 339 42 2]
 P 868000 69097 317832 26625249
PT [1 0 340 42 2]
 P 872732 69512 317874 26695623
PT [1 0 341 42 2]
 P 875789 69584 317893 26768905
PT [1 0 342 42 2]
 P 881486 70269 317935 26839983
PT [1 0 343 42 2]
 P 884609 70341 317953 26914097
PT [1 0 344 43 2]
 P 889732 71027 317994 26984343
PT [1 0 345 43 2]
 P 892407 71099 318014 27058778
PT [1 0 346 43 2]
 P 899517 71786 318059 27128703
PT [1 0 347 43 2]
 P 901234 71858 318080 27202947
PT [1 0 348 43 2]
 P 906091 72129 318103 27273063
PT [1 0 349 43 2]
 P 908383 72201 318122 27348137
PT [1 0 350 43 2]
 P 912807 72888 318163 27417423
PT [1 0 351 45 2]
 P 915166 72960 318182 27491281
PT [1 0 352 44 2]
 P 921066 73376 318224 27561783
PT [1 0 353 44 2]
 P 922711 73376 318235 27635447
PT [1 0 354 44 2]
 P 927884 73376 318254 27706143
PT [1 0 355 44 2]
 P 930884 73448 318273 27780226
PT [1 0 356 44 2]
 P 935121 73863 318316 27850503
PT [1 0 357 44 2]
 P 936649 74206 318335 27925161
PT [1 0 358 44 2]
 P 941852 74892 318376 27994863
PT [1 0 359 46 2]
 P 943445 74964 318396 28069585
PT [1 0 360 45 2]
 P 948073 75650 318437 28139223
PT [1 0 361 45 2]
 P 951267 75995 318456 28213498
PT [1 0 362 45 2]
 P 957881 76681 318499 28283583
PT [1 0 363 45 2]
 P 960116 76753 318521 28356898
PT [1 0 364 46 2]
 P 967177 77439 318563 28427943
PT [1 0 365 45 2]
 P 969988 77511 318582 28501833
PT [1 0 366 45 2]
 P 975966 77925 318622 28572303
PT [1 0 367 45 2]
 P 978843 77997 318640 28646257
PT [1 0 368 46 2]
 P 984248 78685 318681 28716663
PT [1 0 369 46 2]
 P 986677 78757 318700 28790170
PT [1 0 370 46 2]
 P 992019 79172 318745 28861023
PT [1 0 371 46 2]
 P 993488 79244 318766 28935617
PT [1 0 372 46 2]
 P 999278 79930 318808 29005383
PT [1 0 373 46 2]
 P 1001324 80002 318829 29078505
PT [1 0 374 46 2]
 P 1008077 80417 318872 29149743
PT [1 0 375 46 2]
 P 1010189 80489 318891 29222931
PT [1 0 376 47 2]
 P 1016370 81175 318931 29294103
PT [1 0 377 47 2]
 P 1018035 81247 318951 29368890
PT [1 0 378 47 2]
 P 1022105 81934 318993 29438463
PT [1 0 379 47 2]
 P 1024858 82006 319013 29512289
PT [1 0 380 47 2]
 P 1029379 82692 319056 29582823
PT [1 0 381 47 2]
 P 1030662 82764 319076 29657226
PT [1 0 382 47 2]
 P 1038193 83180 319116 29727183
PT [1 0 383 47 2]
 P 1039540 83252 319135 29801649
PT [1 0 384 48 2]
 P 1046496 83938 319176 29871543
PT [1 0 385 48 2]
 P 1049444 84010 319197 29945562
PT [1 0 386 48 2]
 P 1056339 84425 319241 30015903
PT [1 0 387 48 2]
 P 1058327 84497 319260 30091009
PT [1 0 388 48 2]
 P 1065669 85183 319304 30160263
PT [1 0 389 48 2]
 P 1068234 85255 319323 30233897
PT [1 0 390 48 2]
 P 1074493 85941 319364 30304623
PT [1 0 391 48 2]
 P 1077124 86284 319383 30378321
PT [1 0 392 49 2]
 P 1082809 86969 319424 30448983
PT [1 0 393 49 2]
 P 1084993 87041 319444 30522234
PT [1 0 394 49 2]
 P 1090617 87727 319487 30593343
PT [1 0 395 49 2]
 P 1093888 87799 319507 30667681
PT [1 0 396 49 2]
 P 1099963 88214 319547 30737703
PT [1 0 397 49 2]
 P 1100913 88214 319550 30809883
PT [1 0 398 49 2]
 P 1102715 88286 319568 30884797
PT [1 0 399 50 2]
 P 1109560 88973 319609 30954243
PT [1 0 400 50 2]
 P 1111426 89045 319629 31029222
PT [1 0 401 50 2]
 P 1117185 89460 319670 31098603
PT [1 0 402 50 2]
 P 1118604 89532 319691 31173135
PT [1 0 403 50 2]
 P 1121740 90218 319733 31242963
PT [1 0 404 50 2]
 P 1124247 90290 319753 31316533
PT [1 0 405 50 2]
 P 1129367 90976 319796 31387323
PT [1 0 406 50 2]
 P 1132452 91318 319815 31461469
PT [1 0 407 51 2]
 P 1138026 92006 319857 31531683
PT [1 0 408 51 2]
 P 1141177 92078 319876 31605895
PT [1 0 409 51 2]
 P 1147712 92765 319918 31676043
PT [1 0 410 51 2]
 P 1150415 93108 319937 31749806
PT [1 0 411 51 2]
 P 1156376 93523 319980 31820403
PT [1 0 412 52 2]
 P 1158118 93595 320001 31895253
PT [1 0 413 51 2]
 P 1164017 94281 320043 31964763
PT [1 0 414 51 2]
 P 1165291 94281 320046 32036943
PT [1 0 415 51 2]
 P 1167621 94281 320049 32109123
PT [1 0 416 51 2]
 P 1169823 94281 320052 32181303
PT [1 0 417 51 2]
 P 1172154 94281 320055 32253483
PT [1 0 418 51 2]
 P 1174357 94281 320058 32325663
PT [1 0 419 51 2]
 P 1176432 94281 320061 32397843
PT [1 0 420 51 2]
 P 1178763 94281 320064 32470023
PT [1 0 421 51 2]
 P 1178832 94477 323456 32543311
PT [1 0 422 51 2]
 P 1181164 94477 323459 32614383
PT [1 0 423 51 2]
 P 1183496 94477 323462 32686563
PT [1 0 424 51 2]
 P 1185828 94477 323465 32758743
PT [1 0 425 51 2]
 P 1186126 94477 329198 32833893
PT [1 0 426 51 2]
 P 1188106 94477 329202 32903103
PT [1 0 427 51 2]
 P 1190431 94549 329221 32978017
PT [1 0 428 53 2]
 P 1195259 95236 329262 33047463
PT [1 0 429 53 2]
 P 1197651 95308 329281 33122442
PT [1 0 430 53 2]
 P 1203440 95723 329323 33191823
PT [1 0 431 53 2]
 P 1205383 95795 329343 33266353
PT [1 0 432 54 2]
 P 1210599 96481 329383 33336183
PT [1 0 433 54 2]
 P 1213631 96553 329403 33409754
PT [1 0 434 54 2]
 P 1218785 96968 329445 33480543
PT [1 0 435 54 2]
 P 1220345 97040 329466 33554689
PT [1 0 436 54 2]
 P 1226234 97726 329509 33624903
PT [1 0 437 54 2]
 P 1227417 97726 329512 33697083
PT [1 0 438 54 2]
 P 1228852 97798 329531 33771295
PT [1 0 439 56 2]
 P 1233656 98828 329587 33843025
PT [1 0 440 55 2]
 P 1238656 99514 329629 33913623
PT [1 0 441 55 2]
 P 1240768 99514 329632 33985803
PT [1 0 442 55 2]
 P 1243813 99586 329651 34058895
PT [1 0 443 55 2]
 P 1246710 99658 332237 34130163
PT [1 0 444 55 2]
 P 1248019 100001 332257 34205078
PT [1 0 445 55 2]
 P 1255008 100417 332298 34274523
PT [1 0 446 55 2]
 P 1256673 100417 332301 34346703
PT [1 0 447 55 2]
 P 1258047 100489 332321 34421681
PT [1 0 448 56 2]
 P 1265102 101177 332362 34491063
PT [1 0 449 56 2]
 P 1268077 101249 332382 34565594
PT [1 0 450 56 2]
 P 1275648 101664 332425 34635423
PT [1 0 451 56 2]
 P 1277664 101736 332444 34708993
PT [1 0 452 56 2]
 P 1284722 102421 332487 34779783
PT [1 0 453 56 2]
 P 1287315 102493 332505 34853929
PT [1 0 454 56 2]
 P 1292552 103106 332539 34924143
PT [1 0 455 56 2]
 P 1295210 103178 332559 34999059
PT [1 0 456 57 2]
 P 1300195 103865 332600 35068503
PT [1 0 457 57 2]
 P 1302405 103937 332621 35143482
PT [1 0 458 57 2]
 P 1307328 104624 332664 35212863
PT [1 0 459 57 2]
 P 1310626 104696 332684 35287393
PT [1 0 460 57 2]
 P 1316479 105111 332726 35357223
PT [1 0 461 57 2]
 P 1319555 105183 332744 35430793
PT [1 0 462 57 2]
 P 1326593 105869 332785 35501583
PT [1 0 463 58 2]
 P 1327942 105941 332803 35575729
PT [1 0 464 58 2]
 P 1332871 106356 332844 35645943
PT [1 0 465 58 2]
 P 1336078 106428 332864 35720154
PT [1 0 466 58 2]
 P 1341458 107113 332907 35790303
PT [1 0 467 58 2]
 P 1343960 107185 332927 35864065
PT [1 0 468 58 2]
 P 1349947 107600 332970 35934663
PT [1 0 469 58 2]
 P 1351937 107600 332973 36006843
PT [1 0 470 58 2]
 P 1354826 107672 332991 36081694
PT [1 0 471 60 2]
 P 1358643 108357 333032 36151203
PT [1 0 472 59 2]
 P 1361916 108429 333051 36224582
PT [1 0 473 59 2]
 P 1366662 109115 333095 36295563
PT [1 0 474 59 2]
 P 1368718 109187 333115 36369005
PT [1 0 475 59 2]
 P 1373401 109602 333157 36439923
PT [1 0 476 59 2]
 P 1375779 109674 333177 36514966
PT [1 0 477 59 2]
 P 1382961 110361 333219 36584283
PT [1 0 478 59 2]
 P 1385148 110433 333239 36658365
PT [1 0 479 60 2]
 P 1391244 110848 333280 36728643
PT [1 0 480 60 2]
 P 1392728 110920 333299 36803302
PT [1 0 481 60 2]
 P 1398253 111606 333341 36873003
PT [1 0 482 60 2]
 P 1400569 111678 333360 36947726
PT [1 0 483 60 2]
 P 1406028 112093 333402 37017363
PT [1 0 484 60 2]
 P 1408665 112165 333421 37091637
PT [1 0 485 60 2]
 P 1416624 112850 333462 37161723
PT [1 0 486 60 2]
 P 1419072 112922 333480 37235037
PT [1 0 487 61 2]
 P 1423900 113608 333522 37306083
PT [1 0 488 61 2]
 P 1425643 113680 333542 37379974
PT [1 0 489 61 2]
 P 1431943 114366 333584 37450443
PT [1 0 490 61 2]
 P 1434518 114438 333604 37524397
PT [1 0 491 61 2]
 P 1440753 114853 333648 37594803
PT [1 0 492 62 2]
 P 1443649 114925 333667 37668309
PT [1 0 493 61 2]
 P 1450339 115612 333707 37739163
PT [1 0 494 61 2]
 P 1453045 115684 333725 37813757
PT [1 0 495 62 2]
 P 1458646 116098 333766 37883523
PT [1 0 496 62 2]
 P 1460649 116170 333786 37956646
PT [1 0 497 62 2]
 P 1465678 116855 333829 38027883
PT [1 0 498 62 2]
 P 1468514 116927 333848 38101069
PT [1 0 499 62 2]
 P 1475527 117342 333891 38172243
PT [1 0 500 62 2]
 P 1478682 117414 333911 38247029
PT [1 0 501 62 2]
 P 1482050 118100 333952 38316603
PT [1 0 502 62 2]
 P 1485016 118172 333972 38390430
PT [1 0 503 63 2]
 P 1491394 118859 334014 38460963
PT [1 0 504 63 2]
 P 1493656 119202 334033 38535366
PT [1 0 505 63 2]
 P 1499459 119888 334077 38605323
PT [1 0 506 63 2]
 P 1502553 119960 334097 38679789
PT [1 0 507 63 2]
 P 1508294 120647 334139 38749683
PT [1 0 508 63 2]
 P 1509661 120719 334159 38823702
PT [1 0 509 63 2]
 P 1513965 121133 334199 38894043
PT [1 0 510 63 2]
 P 1515718 121205 334217 38969149
PT [1 0 511 64 2]
 P 1521465 121891 334258 39038403
PT [1 0 512 64 2]
 P 1524049 121963 334277 39112038
PT [1 0 513 64 2]
 P 1530247 122378 334319 39182763
PT [1 0 514 64 2]
 P 1533152 122450 334339 39256461
PT [1 0 515 64 2]
 P 1538261 123137 334382 39327123
PT [1 0 516 64 2]
 P 1540866 123209 334402 39400373
PT [1 0 517 64 2]
 P 1545185 123896 334443 39471483
PT [1 0 518 64 2]
 P 1547088 123968 334461 39545821
PT [1 0 519 65 2]
 P 1551345 124656 334501 39615843
PT [1 0 520 65 2]
 P 1554081 124728 334520 39690758
PT [1 0 521 65 2]
 P 1560836 125143 334563 39760203
PT [1 0 522 65 2]
 P 1563892 125215 334582 39835181
PT [1 0 523 65 2]
 P 1567512 125902 334625 39904563
PT [1 0 524 65 2]
 P 1570376 125974 334645 39979093
PT [1 0 525 65 2]
 P 1575473 126389 334685 40048923
PT [1 0 526 65 2]
 P 1577635 126461 334704 40122493
PT [1 0 527 66 2]
 P 1582668 127147 334744 40193283
PT [1 0 528 66 2]
 P 1585664 127219 334763 40267431
PT [1 0 529 66 2]
 P 1593195 127634 334807 40337643
PT [1 0 530 67 2]
 P 1594462 127706 334826 40411853
PT [1 0 531 66 2]
 P 1598857 128392 334868 40482003
PT [1 0 532 66 2]
 P 1601981 128464 334887 40555765
PT [1 0 533 66 2]
 P 1607853 129151 334927 40626363
PT [1 0 534 66 2]
 P 1610276 129494 334946 40701214
PT [1 0 535 68 2]
 P 1616087 130179 334987 40770723
PT [1 0 536 67 2]
 P 1617293 130251 335007 40844102
PT [1 0 537 67 2]
 P 1624033 130937 335050 40915083
PT [1 0 538 67 2]
 P 1626935 131009 335071 40988525
PT [1 0 539 67 2]
 P 1634155 131425 335116 41059443
PT [1 0 540 67 2]
 P 1636099 131497 335136 41134486
PT [1 0 541 67 2]
 P 1642748 132184 335176 41203803
PT [1 0 542 67 2]
 P 1645269 132256 335195 41277885
PT [1 0 543 68 2]
 P 1649806 132671 335238 41348163
PT [1 0 544 68 2]
 P 1652392 132743 335257 41422822
PT [1 0 545 68 2]
 P 1657381 133428 335300 41492523
PT [1 0 546 68 2]
 P 1659520 133500 335319 41567246
PT [1 0 547 68 2]
 P 1665469 133914 335362 41636883
PT [1 0 548 68 2]
 P 1668696 133986 335382 41711157
PT [1 0 549 68 2]
 P 1674073 134672 335423 41781243
PT [1 0 550 68 2]
 P 1675829 134744 335442 41854557
PT [1 0 551 69 2]
 P 1681145 135431 335482 41925603
PT [1 0 552 69 2]
 P 1682966 135503 335502 41999494
PT [1 0 553 69 2]
 P 1688731 136189 335545 42069963
PT [1 0 554 69 2]
 P 1690105 136261 335564 42143918
PT [1 0 555 69 2]
 P 1694782 136676 335607 42214323
PT [1 0 556 70 2]
 P 1697244 136748 335626 42287829
PT [1 0 557 69 2]
 P 1703396 137434 335668 42358683
PT [1 0 558 69 2]
 P 1706436 137506 335687 42433277
PT [1 0 559 70 2]
 P 1712527 137921 335727 42503043
PT [1 0 560 70 2]
 P 1715632 137993 335746 42576166
PT [1 0 561 70 2]
 P 1722174 138679 335789 42647403
PT [1 0 562 70 2]
 P 1724830 138751 335809 42720589
PT [1 0 563 70 2]
Warning: data sending process fails.
 P 1732333 139160 335954 42791763
PT [1 0 564 70 2]
 P 1734030 139232 335974 42866549
PT [1 0 565 70 2]
 P 1740959 139919 336014 42936123
PT [1 0 566 70 2]
 P 1743235 139991 336032 43009950
PT [1 0 567 71 2]
 P 1746565 140135 336064 43080483
PT [1 0 568 71 2]
 P 1749065 140478 336084 43154566
PT [1 0 569 71 2]
 P 1755422 141163 336127 43224843
PT [1 0 570 71 2]
 P 1758244 141235 336146 43299503
PT [1 0 571 71 2]
 P 1764027 141920 336191 43369203
PT [1 0 572 72 2]
 P 1766656 141992 336210 43443925
PT [1 0 573 71 2]
 P 1771354 142407 336250 43513563
PT [1 0 574 71 2]
 P 1773280 142479 336269 43587837
PT [1 0 575 72 2]
 P 1777404 143166 336310 43657923
PT [1 0 576 72 2]
 P 1780164 143238 336329 43731238
PT [1 0 577 72 2]
 P 1785676 143238 336351 43802283
PT [1 0 578 72 2]
 P 1788755 143310 336370 43877357
PT [1 0 579 72 2]
 P 1793210 143725 336413 43946643
PT [1 0 580 73 2]
 P 1794786 144068 336433 44021717
PT [1 0 581 72 2]
 P 1799876 144755 336477 44091003
PT [1 0 582 72 2]
 P 1803054 144827 336496 44164861
PT [1 0 583 73 2]
 P 1808594 145515 336536 44235363
PT [1 0 584 73 2]
 P 1810813 145587 336556 44309542
PT [1 0 585 73 2]
 P 1817317 146002 336599 44379723
PT [1 0 586 73 2]
 P 1819268 146002 336603 44451903
PT [1 0 587 73 2]
 P 1822063 146074 336623 44525889
PT [1 0 588 73 2]
 P 1828310 146489 336666 44596263
PT [1 0 589 73 2]
 P 1831171 146561 336684 44669545
PT [1 0 590 73 2]
 P 1836846 147246 336727 44740623
PT [1 0 591 74 2]
 P 1839261 147318 336745 44814737
PT [1 0 592 74 2]
 P 1844875 147733 336786 44884983
PT [1 0 593 74 2]
 P 1846329 147805 336807 44959418
PT [1 0 594 74 2]
 P 1852392 148491 336850 45029343
PT [1 0 595 74 2]
 P 1854422 148563 336871 45103585
PT [1 0 596 74 2]
 P 1861447 148978 336914 45173703
PT [1 0 597 74 2]
 P 1863543 149050 336932 45247241
PT [1 0 598 74 2]
 P 1869994 149736 336974 45318063
PT [1 0 599 75 2]
 P 1871643 149808 336992 45392433
PT [1 0 600 75 2]
 P 1875986 150222 337033 45462423
PT [1 0 601 75 2]
 P 1878724 150294 337052 45537114
PT [1 0 602 75 2]
 P 1883515 150983 337095 45606783
PT [1 0 603 75 2]
 P 1884781 151055 337114 45681281
PT [1 0 604 75 2]
 P 1892581 151470 337159 45751143
PT [1 0 605 75 2]
 P 1893913 151542 337178 45824938
PT [1 0 606 75 2]
 P 1900566 152228 337218 45895503
PT [1 0 607 77 2]
 P 1903498 152300 337238 45970129
PT [1 0 608 76 2]
 P 1910602 152715 337277 46039863
PT [1 0 609 76 2]
 P 1912575 152787 337296 46114810
PT [1 0 610 76 2]
 P 1918336 153477 337339 46184223
PT [1 0 611 76 2]
 P 1920708 153477 337342 46256403
PT [1 0 612 76 2]
 P 1923080 153477 337345 46328583
PT [1 0 613 76 2]
 P 1925452 153477 337349 46400763
PT [1 0 614 76 2]
 P 1927825 153477 337352 46472943
PT [1 0 615 76 2]
 P 1930198 153477 337355 46545123
PT [1 0 616 76 2]
 P 1932571 153477 337358 46617303
PT [1 0 617 76 2]
 P 1932903 153549 340759 46690618
PT [1 0 618 77 2]
 P 1936584 153909 340819 46761663
PT [1 0 619 77 2]
 P 1939456 154252 340839 46835713
PT [1 0 620 77 2]
 P 1944905 154939 340881 46906023
PT [1 0 621 77 2]
 P 1947331 155282 340899 46980905
PT [1 0 622 77 2]
 P 1952720 155969 340940 47050383
PT [1 0 623 78 2]
 P 1954187 156312 340959 47123537
PT [1 0 624 78 2]
 P 1960026 156998 340999 47194743
PT [1 0 625 78 2]
 P 1962070 157070 341018 47269754
PT [1 0 626 78 2]
 P 1967558 157214 341051 47339103
PT [1 0 627 78 2]
 P 1970082 157557 341070 47413185
PT [1 0 628 78 2]
 P 1975860 158244 341113 47483463
PT [1 0 629 78 2]
 P 1978705 158316 341132 47558121
PT [1 0 630 78 2]
 P 1983912 159003 341172 47627823
PT [1 0 631 79 2]
 P 1986566 159075 341193 47702547
PT [1 0 632 79 2]
 P 1991709 159762 341234 47772183
PT [1 0 633 79 2]
 P 1993660 159834 341253 47846458
PT [1 0 634 79 2]
 P 1999255 160249 341296 47916543
PT [1 0 635 79 2]
 P 2002038 160321 341315 47989857
PT [1 0 636 79 2]
 P 2008593 161007 341356 48060903
PT [1 0 637 79 2]
 P 2011698 161079 341374 48134793
PT [1 0 638 79 2]
 P 2015633 161494 341416 48205263
PT [1 0 639 80 2]
 P 2018491 161566 341434 48278353
PT [1 0 640 80 2]
 P 2021366 161638 344019 48349623
PT [1 0 641 80 2]
 P 2022648 161981 344039 48424538
PT [1 0 642 80 2]
 P 2030491 162396 344082 48493983
PT [1 0 643 80 2]
 P 2031837 162739 344102 48568961
PT [1 0 644 80 2]
 P 2039103 163425 344144 48638343
PT [1 0 645 80 2]
 P 2042052 163497 344164 48712874
PT [1 0 646 80 2]
 P 2049202 163913 344205 48782703
PT [1 0 647 81 2]
 P 2050808 164255 344224 48857778
PT [1 0 648 81 2]
 P 2056672 164941 344265 48927063
PT [1 0 649 81 2]
 P 2059878 165013 344284 49000922
PT [1 0 650 81 2]
 P 2064656 165698 344326 49071423
PT [1 0 651 81 2]
 P 2066902 165770 344345 49145601
PT [1 0 652 81 2]
Warning: data sending process fails.
 P 2075202 165908 344491 49215783
PT [1 0 653 81 2]
 P 2078025 165980 344510 49289769
PT [1 0 654 81 2]
 P 2083480 166666 344550 49360143
PT [1 0 655 81 2]
 P 2086176 166738 344569 49433425
PT [1 0 656 82 2]
 P 2091921 167153 344609 49504503
PT [1 0 657 82 2]
 P 2093658 167225 344630 49578618
PT [1 0 658 82 2]
 P 2099342 167912 344672 49648863
PT [1 0 659 82 2]
 P 2101655 167984 344691 49723297
PT [1 0 660 82 2]
 P 2105739 168671 344734 49793223
PT [1 0 661 82 2]
 P 2108118 168743 344752 49867465
PT [1 0 662 82 2]
 P 2115214 169428 344792 49937583
PT [1 0 663 82 2]
 P 2117146 169500 344810 50011121
PT [1 0 664 83 2]
 P 2121620 169915 344850 50081943
PT [1 0 665 83 2]
 P 2124641 169987 344870 50156315
PT [1 0 666 83 2]
 P 2129053 170674 344913 50226303
PT [1 0 667 83 2]
 P 2130601 170746 344934 50300993
PT [1 0 668 83 2]
 P 2135462 171161 344975 50370663
PT [1 0 669 83 2]
 P 2137076 171233 344994 50445161
PT [1 0 670 83 2]
 P 2142899 171919 345036 50515023
PT [1 0 671 84 2]
 P 2146114 171991 345055 50588817
PT [1 0 672 84 2]
 P 2151364 172406 345096 50659383
PT [1 0 673 84 2]
 P 2153621 172478 345115 50734011
PT [1 0 674 84 2]
 P 2160857 173165 345159 50803743
PT [1 0 675 84 2]
 P 2163689 173237 345178 50878689
PT [1 0 676 84 2]
 P 2169325 173924 345220 50948103
PT [1 0 677 84 2]
 P 2172223 174267 345238 51022857
PT [1 0 678 84 2]
 P 2178822 174682 345278 51092463
PT [1 0 679 84 2]
 P 2180440 175025 345297 51167537
PT [1 0 680 85 2]
 P 2185315 175712 345338 51236823
PT [1 0 681 85 2]
 P 2188534 175784 345358 51310682
PT [1 0 682 85 2]
 P 2194369 176199 345403 51381183
PT [1 0 683 85 2]
 P 2196628 176271 345422 51455361
PT [1 0 684 85 2]
 P 2203936 176957 345465 51525543
PT [1 0 685 85 2]
 P 2206774 177029 345484 51599530
PT [1 0 686 85 2]
 P 2211974 177444 345526 51669903
PT [1 0 687 87 2]
 P 2214876 177516 345544 51743185
PT [1 0 688 86 2]
 P 2220526 178202 345586 51814263
PT [1 0 689 86 2]
 P 2222981 178274 345605 51888378
PT [1 0 690 86 2]
 P 2230338 178418 345647 51958623
PT [1 0 691 86 2]
 P 2231960 178761 345667 52033697
PT [1 0 692 86 2]
 P 2237231 179447 345708 52102983
PT [1 0 693 86 2]
 P 2240455 179519 345728 52176841
PT [1 0 694 86 2]
 P 2245664 180205 345769 52247343
PT [1 0 695 86 2]
 P 2247929 180277 345788 52321521
PT [1 0 696 87 2]
 P 2255638 180963 345828 52391703
PT [1 0 697 87 2]
 P 2258481 181035 345847 52465691
PT [1 0 698 87 2]
 P 2264589 181450 345890 52536063
PT [1 0 699 87 2]
 P 2267495 181522 345909 52609345
PT [1 0 700 87 2]
 P 2273221 182207 345953 52680423
PT [1 0 701 87 2]
 P 2275682 182279 345971 52754537
PT [1 0 702 87 2]
 P 2281859 182694 346013 52824783
PT [1 0 703 87 2]
 P 2283359 182766 346032 52899217
PT [1 0 704 88 2]
 P 2288451 183452 346072 52969143
PT [1 0 705 88 2]
 P 2290529 183524 346092 53043387
PT [1 0 706 88 2]
 P 2297382 183939 346134 53113503
PT [1 0 707 88 2]
 P 2299331 184282 346153 53187041
PT [1 0 708 88 2]
 P 2304936 184968 346196 53257863
PT [1 0 709 88 2]
 P 2307975 185040 346214 53332233
PT [1 0 710 88 2]
 P 2313008 185725 346255 53402223
PT [1 0 711 88 2]
 P 2314576 186068 346274 53476913
PT [1 0 712 89 2]
 P 2319547 186485 346314 53546583
PT [1 0 713 89 2]
 P 2321180 186557 346333 53621082
PT [1 0 714 89 2]
 P 2326602 187243 346377 53690943
PT [1 0 715 89 2]
 P 2329834 187315 346398 53764737
PT [1 0 716 89 2]
 P 2336216 187730 346441 53835303
PT [1 0 717 89 2]
 P 2338489 187802 346461 53909929
PT [1 0 718 89 2]
 P 2346349 188488 346501 53979663
PT [1 0 719 91 2]
 P 2349200 188560 346521 54054609
PT [1 0 720 90 2]
 P 2354947 188976 346562 54124023
PT [1 0 721 90 2]
 P 2357863 189048 346581 54198778
PT [1 0 722 90 2]
 P 2363408 189319 346603 54268383
PT [1 0 723 90 2]
 P 2365878 189391 346622 54343458
PT [1 0 724 91 2]
 P 2372980 189806 346664 54412743
PT [1 0 725 90 2]
 P 2374618 190149 346682 54487817
PT [1 0 726 90 2]
 P 2380438 190835 346723 54557103
PT [1 0 727 90 2]
 P 2383675 190907 346742 54630193
PT [1 0 728 91 2]
 P 2385993 190979 349327 54701463
PT [1 0 729 91 2]
 P 2387312 191051 349347 54776378
PT [1 0 730 91 2]
 P 2395183 191737 349390 54845823
PT [1 0 731 91 2]
 P 2396566 191809 349410 54920801
PT [1 0 732 91 2]
 P 2402270 192224 349452 54990183
PT [1 0 733 91 2]
 P 2403910 192296 349471 55065257
PT [1 0 734 91 2]
 P 2409992 192982 349512 55134543
PT [1 0 735 93 2]
 P 2413234 193054 349530 55208401
PT [1 0 736 92 2]
 P 2419255 193469 349571 55278903
PT [1 0 737 92 2]
 P 2421483 193541 349590 55351995
PT [1 0 738 92 2]
 P 2422843 193613 352177 55423263
PT [1 0 739 92 2]
 P 2424166 193956 352197 55498178
PT [1 0 740 92 2]
 P 2430573 194643 352240 55567623
PT [1 0 741 92 2]
 P 2431960 194986 352260 55642601
PT [1 0 742 92 2]
 P 2437795 195673 352300 55711983
PT [1 0 743 92 2]
 P 2440784 195745 352321 55786515
PT [1 0 744 93 2]
 P 2448604 196432 352362 55856343
PT [1 0 745 93 2]
 P 2450634 196504 352381 55929914
PT [1 0 746 93 2]
 P 2456859 196919 352424 56000703
PT [1 0 747 93 2]
 P 2459465 196991 352443 56074849
PT [1 0 748 93 2]
 P 2463949 197261 352466 56145063
PT [1 0 749 93 2]
 P 2466620 197333 352485 56220137
PT [1 0 750 93 2]
 P 2471184 197747 352525 56289423
PT [1 0 751 93 2]
 P 2473587 197747 352528 56361603
PT [1 0 752 93 2]
 P 2475861 197747 352531 56433783
PT [1 0 753 93 2]
 P 2478086 197819 352552 56507642
PT [1 0 754 94 2]
 P 2484287 198235 352595 56578143
PT [1 0 755 94 2]
 P 2487601 198307 352615 56652322
PT [1 0 756 95 2]
 P 2492969 198994 352658 56722503
PT [1 0 757 94 2]
 P 2494755 199066 352679 56795593
PT [1 0 758 94 2]
 P 2497559 199138 355264 56866863
PT [1 0 759 94 2]
 P 2499834 199138 355268 56939043
PT [1 0 760 94 2]
 P 2501167 199210 355287 57013959
PT [1 0 761 95 2]
 P 2508654 199626 355328 57083403
PT [1 0 762 95 2]
 P 2510052 199698 355349 57158382
PT [1 0 763 95 2]
 P 2516708 200385 355393 57227763
PT [1 0 764 95 2]
 P 2519705 200457 355413 57302294
PT [1 0 765 95 2]
 P 2528090 200872 355457 57372123
PT [1 0 766 95 2]
 P 2530073 200944 355475 57445213
PT [1 0 767 95 2]
 P 2531983 201016 358060 57516483
PT [1 0 768 96 2]
 P 2533318 201359 358079 57591398
PT [1 0 769 96 2]
 P 2540047 201774 358120 57660843
PT [1 0 770 96 2]
 P 2541447 201846 358140 57735822
PT [1 0 771 96 2]
 P 2547344 202533 358183 57805203
PT [1 0 772 96 2]
 P 2550345 202605 358204 57879734
PT [1 0 773 96 2]
 P 2557970 203293 358248 57949563
PT [1 0 774 96 2]
 P 2560012 203365 358268 58023133
PT [1 0 775 96 2]
 P 2567833 204051 358309 58093923
PT [1 0 776 97 2]
 P 2570343 204123 358327 58168069
PT [1 0 777 97 2]
 P 2576605 204538 358369 58238283
PT [1 0 778 97 2]
 P 2579180 204610 358389 58312494
PT [1 0 779 97 2]
 P 2583959 204881 358411 58382643
PT [1 0 780 97 2]
 P 2586087 204953 358430 58457717
PT [1 0 781 97 2]
 P 2591199 205368 358472 58527003
PT [1 0 782 97 2]
 P 2594095 205368 358483 58600293
PT [1 0 783 97 2]
 P 2598685 205368 358502 58671363
PT [1 0 784 97 2]
 P 2600238 205440 358522 58746277
PT [1 0 785 98 2]
 P 2605357 205855 358564 58815723
PT [1 0 786 99 2]
 P 2608511 205927 358585 58890702
PT [1 0 787 98 2]
