using saved target 'z1'
../../../../contiki/tools/sky/serialdump-linux -b115200 /dev/ttyUSB1
connecting to /dev/ttyUSB1 (115200) [OK]
Rime started with address 2.0
MAC 02:00:00:00:00:00:00:00 Ref ID: 4841
Contiki-3.x-2125-g5d67a61 started. Node id is set to 2.

************************************************
RTIMER_SECOND = 32768. F_CPU=8000000.
CLOCK_SECOND=128.
DURSLOT = 6015.(0.1835 s).
DURSLEEP = 66165.
DURCYCLE = 72180 .(2.2027 s).
MAX_CLOCK_DRIFT = WAKEUP_ADVANCE_TIME = 327 (0.0033 s).
PERIODIC_BCAST_CYCLES_SENSOR = 1048579.
PERIODIC_BCAST_CYCLES_SINK = 1048579.
MAX_CYCLE_COUNTER = 27904.
MAX_COUNT_NO_RTS_CTS = 65535.
MAX_CHILD_NUM = 10.
MAX_TRY_TO_FIND_PARENT = 3.

**********Below is Related Settings**********
PRIMAC_CONF_COMPOWER = 1.
PRIMAC_CONF_COMPOWER_SUPPORT = 1.
SF = 10.
PRI_SYNC_SUPPORT = 1.
RANDOM_DRIFT_IN_COOJA_SUPPORT = 0.
ADCSC_SUPPORT = 1.
DATA_TX_SUPPORT = 1.
CYCLES_PER_PACKET = 4.
DATA_INTERVAL = 1.
RETX_LIMIT = 6.
TOTAL_DATA_NUM = 50.
MAX_DATA_QUEUE_BUFS = 10.
PROC_GRADE_BASED_ON_ADDR_SUPPORT = 1.
NODES_NUM_PER_GRADE = 2.
ADDRESS_FREE_SUPPORT = 1.
IS_COOJA_SIM = 0.
CROSS_PLATFORM_SUPPORT = 1.
************************************************

My address is 143.0.
nullmac PRIMAC, channel check rate 8 Hz, radio channel 26
Starting
Hello, world
 P 0 0 0 1152807
 P 0 0 3390 1224987
 P 0 0 6780 1297167
 P 0 0 10232 1371242
 P 0 0 13622 1441527
 P 0 0 17012 1513707
 P 0 0 20402 1585887
 P 0 0 23792 1658067
EMPTY QUEUE
 P 368 0 27192 1731113
PT [1 0 1 -1 1]
 P 368 0 30582 1802427
PT [1 0 2 -1 1]
 P 2470 0 31870 1874607
PT [1 0 3 -1 1]
 P 4477 0 33253 1946787
PT [1 0 4 -1 1]
 P 4477 0 36643 2018967
PT [1 0 5 -1 1]
EMPTY QUEUE
 P 4812 0 40042 2092652
PT [1 0 6 -3 2]
 P 4812 0 43432 2163327
PT [1 0 7 -3 2]
rcv bro rts
 P 6159 0 43473 2235507
PT [1 0 8 -3 2]
 P 7598 0 43476 2307687
PT [1 0 9 -3 2]
 P 7598 0 46866 2379867
PT [1 0 10 -3 2]
EMPTY QUEUE
 P 7932 0 50266 2453999
PT [1 0 11 -3 2]
 P 7932 0 53656 2524227
PT [1 0 12 -3 2]
 P 9695 0 53665 2596407
PT [1 0 13 -3 2]
 P 12447 0 53668 2668587
PT [1 0 14 -3 2]
 P 12447 0 57058 2740767
PT [1 0 15 -3 2]
EMPTY QUEUE
 P 12782 0 60457 2814836
PT [1 0 16 -3 2]
 P 12782 0 63847 2885127
PT [1 0 17 -3 2]
 P 12782 0 67237 2957307
PT [1 0 18 -3 2]
 P 13678 0 67241 3029487
PT [1 0 19 -3 2]
 P 16017 0 67251 3101667
PT [1 0 20 -3 2]
EMPTY QUEUE
 P 16351 0 70651 3175159
PT [1 0 21 -4 2]
 P 16351 0 74041 3246027
PT [1 0 22 -4 2]
 P 16351 0 77431 3318207
PT [1 0 23 -4 2]
 P 18976 0 77434 3390387
PT [1 0 24 -4 2]
 P 20739 0 77443 3462567
PT [1 0 25 -4 2]
EMPTY QUEUE
 P 21074 0 80842 3537020
PT [1 0 26 -4 2]
 P 21074 0 84232 3606927
PT [1 0 27 -4 2]
 P 21074 0 87622 3679107
PT [1 0 28 -4 2]
 P 22868 0 87625 3751287
PT [1 0 29 -4 2]
 P 25593 0 87633 3823467
PT [1 0 30 -4 2]
EMPTY QUEUE
 P 25927 0 91033 3896320
PT [1 0 31 -5 2]
 P 25927 0 94423 3967827
PT [1 0 32 -5 2]
 P 25927 0 97813 4040007
PT [1 0 33 -5 2]
 P 28426 0 97816 4112187
PT [1 0 34 -5 2]
 P 29549 0 97825 4184367
PT [1 0 35 -5 2]
EMPTY QUEUE
 P 29884 0 101224 4259204
PT [1 0 36 -5 2]
 P 29884 0 104614 4328727
PT [1 0 37 -5 2]
 P 29884 0 108004 4400907
PT [1 0 38 -5 2]
 P 32576 0 108007 4473087
PT [1 0 39 -5 2]
 P 33637 0 108015 4545267
PT [1 0 40 -5 2]
EMPTY QUEUE
 P 33971 0 111416 4619528
PT [1 0 41 -6 2]
 P 33971 0 114806 4689627
PT [1 0 42 -6 2]
 P 33971 0 118196 4761807
PT [1 0 43 -6 2]
 P 36344 0 118199 4833987
PT [1 0 44 -6 2]
 P 38875 0 118208 4906167
PT [1 0 45 -6 2]
EMPTY QUEUE
 P 39210 0 121607 4979340
PT [1 0 46 -6 2]
 P 39210 0 124997 5050527
PT [1 0 47 -6 2]
 P 39210 0 128387 5122707
PT [1 0 48 -6 2]
 P 40752 0 128390 5194887
PT [1 0 49 -6 2]
 P 42195 0 128399 5267067
PT [1 0 50 -6 2]
EMPTY QUEUE
 P 42531 0 131798 5340689
PT [1 0 51 -6 2]
 P 42531 0 135188 5411427
PT [1 0 52 -6 2]
 P 42531 0 138578 5483607
PT [1 0 53 -6 2]
 P 44778 0 138581 5555787
PT [1 0 54 -6 2]
 P 46669 0 138590 5627967
PT [1 0 55 -6 2]
EMPTY QUEUE
 P 47004 0 141990 5701524
PT [1 0 56 -7 2]
 P 47004 0 145380 5772327
PT [1 0 57 -7 2]
 P 47004 0 148770 5844507
PT [1 0 58 -7 2]
 P 49444 0 148773 5916687
PT [1 0 59 -7 2]
 P 51271 0 148782 5988867
PT [1 0 60 -7 2]
EMPTY QUEUE
 P 51607 0 152181 6061849
PT [1 0 61 -6 2]
 P 51607 0 155571 6133227
PT [1 0 62 -6 2]
 P 51607 0 158961 6205407
PT [1 0 63 -6 2]
 P 51607 0 162351 6277587
PT [1 0 64 -6 2]
 P 53728 0 162354 6349767
PT [1 0 65 -6 2]
EMPTY QUEUE
 P 56401 0 162373 6423707
PT [1 0 66 -8 2]
 P 56401 0 165763 6494127
PT [1 0 67 -8 2]
 P 56401 0 169153 6566307
PT [1 0 68 -8 2]
 P 56401 0 172543 6638487
PT [1 0 69 -8 2]
 P 58394 0 172547 6710667
PT [1 0 70 -8 2]
EMPTY QUEUE
 P 58729 0 175946 6785152
PT [1 0 71 -8 2]
 P 60492 0 175955 6855027
PT [1 0 72 -8 2]
 P 60492 0 179345 6927207
PT [1 0 73 -8 2]
 P 60492 0 182735 6999387
PT [1 0 74 -8 2]
 P 60492 0 186125 7071567
PT [1 0 75 -8 2]
 P 61559 0 186128 7143747
PT [1 0 76 -8 2]
EMPTY QUEUE
 P 64136 0 186147 7218071
PT [1 0 77 -9 2]
 P 64136 0 189537 7288107
PT [1 0 78 -9 2]
 P 64136 0 192927 7360287
PT [1 0 79 -9 2]
 P 64136 0 196317 7432467
PT [1 0 80 -9 2]
 P 65139 0 196321 7504647
PT [1 0 81 -9 2]
EMPTY QUEUE
 P 67397 0 196338 7578395
PT [1 0 82 -10 2]
 P 67397 0 199728 7649007
PT [1 0 83 -10 2]
 P 67397 0 203118 7721187
PT [1 0 84 -10 2]
 P 67397 0 206508 7793367
PT [1 0 85 -10 2]
 P 69873 0 206512 7865547
PT [1 0 86 -10 2]
EMPTY QUEUE
 P 71298 0 206530 7940255
PT [1 0 87 -10 2]
 P 71298 0 209920 8009907
PT [1 0 88 -10 2]
 P 71298 0 213310 8082087
PT [1 0 89 -10 2]
 P 71298 0 216700 8154267
PT [1 0 90 -10 2]
 P 72687 0 216703 8226447
PT [1 0 91 -10 2]
EMPTY QUEUE
 P 74818 0 216720 8299557
PT [1 0 92 -10 2]
 P 74818 0 220110 8370807
PT [1 0 93 -10 2]
 P 74818 0 223500 8442987
PT [1 0 94 -10 2]
 P 74818 0 226890 8515167
PT [1 0 95 -10 2]
 P 76656 0 226893 8587347
PT [1 0 96 -10 2]
EMPTY QUEUE
 P 78977 0 226913 8660391
PT [1 0 97 -11 2]
 P 78977 0 230303 8731707
PT [1 0 98 -11 2]
 P 78977 0 233693 8803887
PT [1 0 99 -11 2]
 P 78977 0 237083 8876067
PT [1 0 100 -11 2]
 P 80752 0 237086 8948247
PT [1 0 101 -11 2]
EMPTY QUEUE
 P 82430 0 237096 9022433
PT [1 0 102 -11 2]
EMPTY QUEUE
 P 82766 0 240495 9094177
PT [1 0 103 -11 2]
 P 82766 0 243885 9164787
PT [1 0 104 -11 2]
 P 82766 0 247275 9236967
PT [1 0 105 -11 2]
 P 82766 0 250665 9309147
PT [1 0 106 -11 2]
 P 84766 0 250668 9381327
PT [1 0 107 -11 2]
EMPTY QUEUE
 P 87439 0 250686 9456035
PT [1 0 108 -12 2]
 P 87439 0 254076 9525687
PT [1 0 109 -12 2]
 P 87439 0 257466 9597867
PT [1 0 110 -12 2]
 P 87439 0 260856 9670047
PT [1 0 111 -12 2]
 P 89632 0 260859 9742227
PT [1 0 112 -12 2]
EMPTY QUEUE
 P 91731 0 260876 9815337
PT [1 0 113 -12 2]
 P 91731 0 264266 9886587
PT [1 0 114 -12 2]
 P 91731 0 267656 9958767
PT [1 0 115 -12 2]
 P 91731 0 271046 10030947
PT [1 0 116 -12 2]
 P 93605 0 271049 10103127
PT [1 0 117 -12 2]
EMPTY QUEUE
 P 96662 0 271067 10176171
PT [1 0 118 -13 2]
 P 96662 0 274457 10247487
PT [1 0 119 -13 2]
 P 96662 0 277847 10319667
PT [1 0 120 -13 2]
 P 96662 0 281237 10391847
PT [1 0 121 -13 2]
 P 97705 0 281240 10464027
PT [1 0 122 -13 2]
EMPTY QUEUE
 P 99164 0 281257 10538545
PT [1 0 123 -13 2]
 P 99164 0 284647 10608387
PT [1 0 124 -13 2]
 P 99164 0 288037 10680567
PT [1 0 125 -13 2]
 P 99164 0 291427 10752747
PT [1 0 126 -13 2]
 P 100912 0 291430 10824927
PT [1 0 127 -13 2]
EMPTY QUEUE
 P 102305 0 291448 10898355
PT [1 0 128 -14 2]
 P 102305 0 294838 10969287
PT [1 0 129 -14 2]
 P 102305 0 298228 11041467
PT [1 0 130 -14 2]
 P 102305 0 301618 11113647
PT [1 0 131 -14 2]
 P 104246 0 301621 11185827
PT [1 0 132 -14 2]
EMPTY QUEUE
 P 107112 0 301638 11259704
PT [1 0 133 -14 2]
 P 107112 0 305028 11330187
PT [1 0 134 -14 2]
 P 107112 0 308418 11402367
PT [1 0 135 -14 2]
 P 107112 0 311808 11474547
PT [1 0 136 -14 2]
 P 108734 0 311811 11546727
PT [1 0 137 -14 2]
EMPTY QUEUE
 P 110511 0 311829 11620539
PT [1 0 138 -15 2]
 P 110511 0 315219 11691087
PT [1 0 139 -15 2]
 P 110511 0 318609 11763267
PT [1 0 140 -15 2]
 P 110580 0 324571 11840433
PT [1 0 141 -15 2]
 P 112805 344 324592 11909725
PT [1 0 142 -15 2]
 P 118323 1032 324637 11979807
PT [1 0 143 -15 2]
 P 119402 1032 324640 12051987
PT [1 0 144 -15 2]
 P 120818 1304 327221 12127361
PT [1 0 145 -15 2]
 P 124047 1304 333199 12201173
PT [1 0 146 -15 2]
 P 126056 1304 333202 12268527
PT [1 0 147 -15 2]
 P 128063 1304 333206 12340707
PT [1 0 148 -15 2]
 P 129143 1304 333209 12412887
PT [1 0 149 -15 2]
 P 130827 1376 333228 12487166
PT [1 0 150 -16 2]
 P 137143 1792 333272 12557247
PT [1 0 151 -16 2]
 P 139087 1792 333275 12629427
PT [1 0 152 -16 2]
 P 140871 1792 333279 12701607
PT [1 0 153 -16 2]
 P 143546 1864 333299 12774927
PT [1 0 154 -16 2]
 P 148351 2352 333360 12848738
PT [1 0 155 -16 2]
 P 154863 2768 333406 12918147
PT [1 0 156 -16 2]
 P 156745 2768 333409 12990327
PT [1 0 157 -16 2]
 P 159419 2840 333429 13065085
PT [1 0 158 -17 2]
 P 164928 3328 333489 13136497
PT [1 0 159 -17 2]
 P 168285 4032 333565 13208005
PT [1 0 160 -17 2]
 P 174795 4721 333610 13279047
PT [1 0 161 -17 2]
 P 177477 4721 333613 13351227
PT [1 0 162 -17 2]
 P 180054 4793 333633 13425121
PT [1 0 163 -17 2]
 P 185153 5281 333694 13497397
PT [1 0 164 -17 2]
 P 187941 5697 336299 13569865
PT [1 0 165 -17 2]
 P 193550 6730 336363 13641086
PT [1 0 166 -17 2]
 P 199350 7762 336428 13713842
PT [1 0 167 -17 2]
 P 205797 8523 336488 13786119
PT [1 0 168 -16 2]
 P 208876 8940 339092 13858586
PT [1 0 169 -17 2]
 P 214493 9629 339136 13928667
PT [1 0 170 -18 2]
 P 217547 9701 339156 14002657
PT [1 0 171 -18 2]
 P 220554 10117 339196 14075126
PT [1 0 172 -18 2]
 P 227407 11149 339259 14146345
PT [1 0 173 -18 2]
 P 232159 11837 339304 14217387
PT [1 0 174 -18 2]
 P 233851 11837 339308 14289567
PT [1 0 175 -18 2]
 P 235096 11837 339311 14361747
PT [1 0 176 -18 2]
 P 237781 11837 339314 14433927
PT [1 0 177 -18 2]
 P 240274 11837 339317 14506107
PT [1 0 178 -18 2]
 P 243333 12182 339337 14580001
PT [1 0 179 -18 2]
Warning: data sending process fails.
 P 248397 13208 339501 14652342
PT [1 0 180 -18 2]
 P 254422 14241 339561 14723977
PT [1 0 181 -19 2]
 P 259339 14930 339604 14794827
PT [1 0 182 -18 2]
 P 261961 14930 339607 14867007
PT [1 0 183 -18 2]
 P 262855 14930 339610 14939187
PT [1 0 184 -18 2]
 P 265605 14930 339613 15011367
PT [1 0 185 -18 2]
 P 267651 14930 339617 15083547
PT [1 0 186 -18 2]
 P 270338 14930 339620 15155727
PT [1 0 187 -18 2]
 P 271361 14930 339623 15227907
PT [1 0 188 -18 2]
 P 273216 14930 339626 15300087
PT [1 0 189 -18 2]
 P 276274 15274 339646 15374685
PT [1 0 190 -19 2]
 P 279976 15962 339690 15444447
PT [1 0 191 -19 2]
 P 282842 16306 339710 15517573
PT [1 0 192 -20 2]
 P 287202 16794 339762 15591097
PT [1 0 193 -20 2]
 P 293188 17554 339824 15663757
PT [1 0 194 -20 2]
 P 300554 18586 339887 15735745
PT [1 0 195 -20 2]
 P 306303 19274 339932 15805347
PT [1 0 196 -20 2]
 P 306591 19274 345675 15881297
PT [1 0 197 -20 2]
 P 306660 19274 351637 15953573
PT [1 0 198 -20 2]
 P 306995 19346 355039 16023698
PT [1 0 199 -20 2]
 P 306995 19346 358429 16094067
PT [1 0 200 -20 2]
 P 306995 19346 361819 16166247
PT [1 0 201 -20 2]
 P 308467 19346 361825 16238427
PT [1 0 202 -20 2]
 P 310806 19346 361833 16310607
PT [1 0 203 -20 2]
EMPTY QUEUE
 P 310875 19346 367795 16387613
PT [1 0 204 -20 2]
EMPTY QUEUE
 P 311209 19346 371195 16456535
PT [1 0 205 -21 2]
 P 311209 19346 374585 16527147
PT [1 0 206 -21 2]
 P 313707 19346 374588 16599327
PT [1 0 207 -21 2]
 P 315470 19346 374596 16671507
PT [1 0 208 -21 2]
 P 315470 19346 377986 16743687
PT [1 0 209 -21 2]
EMPTY QUEUE
 P 315805 19346 381386 16818396
PT [1 0 210 -21 2]
 P 315805 19346 384776 16888047
PT [1 0 211 -21 2]
 P 317216 19346 384779 16960227
PT [1 0 212 -21 2]
 P 319939 19346 384787 17032407
PT [1 0 213 -21 2]
 P 319939 19346 388177 17104587
PT [1 0 214 -21 2]
EMPTY QUEUE
 P 320274 19346 391576 17177695
PT [1 0 215 -22 2]
 P 320274 19346 394966 17248947
PT [1 0 216 -22 2]
 P 322134 19346 394969 17321127
PT [1 0 217 -22 2]
 P 323199 19346 394977 17393307
PT [1 0 218 -22 2]
 P 325538 19346 394985 17465487
PT [1 0 219 -22 2]
EMPTY QUEUE
 P 325607 19346 400947 17541821
PT [1 0 220 -22 2]
EMPTY QUEUE
 P 325942 19346 404347 17611416
PT [1 0 221 -22 2]
 P 327739 19346 404350 17682027
PT [1 0 222 -22 2]
 P 327739 19346 407740 17754207
PT [1 0 223 -22 2]
 P 329501 19346 407749 17826387
PT [1 0 224 -22 2]
 P 329501 19346 411139 17898567
PT [1 0 225 -22 2]
EMPTY QUEUE
 P 329836 19346 414539 17973276
PT [1 0 226 -23 2]
 P 331058 19346 414542 18042927
PT [1 0 227 -23 2]
 P 331058 19346 417932 18115107
PT [1 0 228 -23 2]
 P 333780 19346 417941 18187287
PT [1 0 229 -23 2]
 P 333780 19346 421331 18259467
PT [1 0 230 -23 2]
EMPTY QUEUE
 P 334114 19346 424731 18332575
PT [1 0 231 -23 2]
 P 336297 19346 424734 18403827
PT [1 0 232 -23 2]
 P 336297 19346 428124 18476007
PT [1 0 233 -23 2]
 P 337419 19346 428133 18548187
PT [1 0 234 -23 2]
 P 337419 19346 431523 18620367
PT [1 0 235 -23 2]
EMPTY QUEUE
 P 337665 19346 434919 18693320
PT [1 0 236 -23 2]
 P 340297 19346 434922 18764727
PT [1 0 237 -23 2]
EMPTY QUEUE
 P 340631 19346 438322 18838475
PT [1 0 238 -24 2]
 P 341689 19346 438331 18909087
PT [1 0 239 -24 2]
 P 341689 19346 441721 18981267
PT [1 0 240 -24 2]
 P 341689 19346 445111 19053447
PT [1 0 241 -24 2]
 P 344257 19346 445115 19125627
PT [1 0 242 -24 2]
EMPTY QUEUE
 P 344592 19346 448515 19200336
PT [1 0 243 -24 2]
 P 347122 19346 448524 19269987
PT [1 0 244 -24 2]
 P 347122 19346 451914 19342167
PT [1 0 245 -24 2]
 P 347122 19346 455304 19414347
PT [1 0 246 -24 2]
 P 349115 19346 455307 19486527
PT [1 0 247 -24 2]
EMPTY QUEUE
 P 349450 19346 458706 19559635
PT [1 0 248 -25 2]
 P 350892 19346 458715 19630887
PT [1 0 249 -25 2]
 P 350892 19346 462105 19703067
PT [1 0 250 -25 2]
 P 350892 19346 465495 19775247
PT [1 0 251 -25 2]
 P 351798 19346 465498 19847427
PT [1 0 252 -25 2]
EMPTY QUEUE
 P 352133 19346 468898 19920472
PT [1 0 253 -25 2]
 P 354023 19346 468907 19991787
PT [1 0 254 -25 2]
 P 354023 19346 472297 20063967
PT [1 0 255 -25 2]
 P 354023 19346 475687 20136147
PT [1 0 256 -25 2]
 P 355378 19346 475690 20208327
PT [1 0 257 -25 2]
EMPTY QUEUE
 P 355713 19346 479089 20282844
PT [1 0 258 -26 2]
 P 357539 19346 479098 20352687
PT [1 0 259 -26 2]
 P 357539 19346 482488 20424867
PT [1 0 260 -26 2]
 P 357539 19346 485878 20497047
PT [1 0 261 -26 2]
 P 358831 19346 485881 20569227
PT [1 0 262 -26 2]
EMPTY QUEUE
 P 359165 19346 489281 20642655
PT [1 0 263 -26 2]
 P 360415 19346 489290 20713587
PT [1 0 264 -26 2]
 P 360415 19346 492680 20785767
PT [1 0 265 -26 2]
 P 360415 19346 496070 20857947
PT [1 0 266 -26 2]
 P 363180 19346 496073 20930127
PT [1 0 267 -26 2]
EMPTY QUEUE
 P 363515 19346 499472 21004004
PT [1 0 268 -26 2]
 P 365725 19346 499481 21074487
PT [1 0 269 -26 2]
 P 365725 19346 502871 21146667
PT [1 0 270 -26 2]
 P 365725 19346 506261 21218847
PT [1 0 271 -26 2]
 P 367403 19346 506264 21291027
PT [1 0 272 -26 2]
EMPTY QUEUE
 P 367469 19346 509656 21364563
PT [1 0 273 -26 2]
EMPTY QUEUE
 P 370461 19346 509675 21437243
PT [1 0 274 -27 2]
 P 370461 19346 513065 21507567
PT [1 0 275 -27 2]
 P 370461 19346 516455 21579747
PT [1 0 276 -27 2]
 P 372478 19346 516458 21651927
PT [1 0 277 -27 2]
 P 372478 19346 519848 21724107
PT [1 0 278 -27 2]
EMPTY QUEUE
 P 375407 19346 519866 21798336
PT [1 0 279 -27 2]
 P 375407 19346 523256 21868467
PT [1 0 280 -27 2]
 P 375407 19346 526646 21940647
PT [1 0 281 -27 2]
 P 377393 19346 526649 22012827
PT [1 0 282 -27 2]
 P 377393 19346 530039 22085007
PT [1 0 283 -27 2]
EMPTY QUEUE
 P 379742 19346 530057 22158755
PT [1 0 284 -28 2]
 P 381085 19346 530065 22229367
PT [1 0 285 -28 2]
 P 383423 19346 530074 22301547
PT [1 0 286 -28 2]
 P 384802 19346 530078 22373727
PT [1 0 287 -28 2]
 P 384802 19346 533468 22445907
PT [1 0 288 -28 2]
EMPTY QUEUE
 P 384813 19346 536860 22519613
PT [1 0 289 -28 2]
EMPTY QUEUE
 P 385148 19346 540259 22591836
PT [1 0 290 -28 2]
 P 386911 19346 540268 22662447
PT [1 0 291 -28 2]
 P 389250 19346 540272 22734627
PT [1 0 292 -28 2]
 P 389250 19346 543662 22806807
PT [1 0 293 -28 2]
 P 389250 19346 547052 22878987
PT [1 0 294 -28 2]
EMPTY QUEUE
 P 389584 19346 550452 22953695
PT [1 0 295 -29 2]
 P 392306 19346 550461 23023347
PT [1 0 296 -29 2]
 P 393048 19346 550464 23095527
PT [1 0 297 -29 2]
 P 393048 19346 553854 23167707
PT [1 0 298 -29 2]
 P 393048 19346 557244 23239887
PT [1 0 299 -29 2]
EMPTY QUEUE
 P 393383 19346 560643 23312996
PT [1 0 300 -29 2]
 P 394506 19346 560651 23384247
PT [1 0 301 -29 2]
 P 397231 19346 560654 23456427
PT [1 0 302 -29 2]
 P 397231 19346 564044 23528607
PT [1 0 303 -29 2]
 P 397231 19346 567434 23600787
PT [1 0 304 -29 2]
EMPTY QUEUE
 P 397565 19346 570834 23673831
PT [1 0 305 -30 2]
 P 398565 19346 570842 23745147
PT [1 0 306 -30 2]
 P 400715 19346 570845 23817327
PT [1 0 307 -30 2]
 P 403053 19346 570853 23889507
PT [1 0 308 -30 2]
 P 403053 19346 574243 23961687
PT [1 0 309 -30 2]
EMPTY QUEUE
 P 403388 19346 577643 24035724
PT [1 0 310 -30 2]
 P 403388 19346 581033 24106047
PT [1 0 311 -30 2]
 P 404451 19346 581036 24178227
PT [1 0 312 -30 2]
 P 406213 19346 581046 24250407
PT [1 0 313 -30 2]
 P 406213 19346 584436 24322587
PT [1 0 314 -30 2]
EMPTY QUEUE
 P 406550 19346 587835 24396818
PT [1 0 315 -29 2]
 P 406550 19346 591225 24466947
PT [1 0 316 -29 2]
 P 408062 19346 591228 24539127
PT [1 0 317 -29 2]
 P 410784 19346 591236 24611307
PT [1 0 318 -29 2]
 P 410784 19346 594626 24683487
PT [1 0 319 -29 2]
EMPTY QUEUE
 P 411119 19346 598026 24757396
PT [1 0 320 -31 2]
 P 411119 19346 601416 24827847
PT [1 0 321 -31 2]
 P 412568 19346 601419 24900027
PT [1 0 322 -31 2]
 P 413691 19346 601428 24972207
PT [1 0 323 -31 2]
 P 413691 19346 604818 25044387
PT [1 0 324 -31 2]
EMPTY QUEUE
 P 414028 19346 608217 25117466
PT [1 0 325 -31 2]
 P 414028 19346 611607 25188747
PT [1 0 326 -31 2]
 P 414902 19346 611610 25260927
PT [1 0 327 -31 2]
 P 415960 19346 611618 25333107
PT [1 0 328 -31 2]
 P 415960 19346 615008 25405287
PT [1 0 329 -31 2]
EMPTY QUEUE
 P 416294 19346 618408 25479067
PT [1 0 330 -32 2]
 P 416294 19346 621798 25549647
PT [1 0 331 -32 2]
 P 418129 19346 621801 25621827
PT [1 0 332 -32 2]
 P 420660 19346 621809 25694007
PT [1 0 333 -32 2]
 P 420660 19346 625199 25766187
PT [1 0 334 -32 2]
EMPTY QUEUE
 P 420996 19346 628598 25840161
PT [1 0 335 -33 2]
 P 420996 19346 631988 25910547
PT [1 0 336 -33 2]
 P 423280 19346 631991 25982727
PT [1 0 337 -33 2]
 P 424722 19346 631999 26054907
PT [1 0 338 -33 2]
 P 424722 19346 635389 26127087
PT [1 0 339 -33 2]
EMPTY QUEUE
 P 425056 19346 638789 26200739
PT [1 0 340 -33 2]
 P 425056 19346 642179 26271447
PT [1 0 341 -33 2]
 P 427276 19346 642183 26343627
PT [1 0 342 -33 2]
 P 427276 19346 645573 26415807
PT [1 0 343 -33 2]
 P 427276 19346 648963 26487987
PT [1 0 344 -33 2]
EMPTY QUEUE
 P 428899 19346 648980 26561736
PT [1 0 345 -33 2]
 P 431237 19346 648988 26632347
PT [1 0 346 -33 2]
 P 432882 19346 648991 26704527
PT [1 0 347 -33 2]
 P 432882 19346 652381 26776707
PT [1 0 348 -33 2]
 P 432882 19346 655771 26848887
PT [1 0 349 -33 2]
EMPTY QUEUE
 P 433216 19346 659171 26923595
PT [1 0 350 -34 2]
 P 434978 19346 659179 26993247
PT [1 0 351 -34 2]
 P 437584 19346 659182 27065427
PT [1 0 352 -34 2]
 P 437584 19346 662572 27137607
PT [1 0 353 -34 2]
 P 437584 19346 665962 27209787
PT [1 0 354 -34 2]
EMPTY QUEUE
 P 437919 19346 669361 27282896
PT [1 0 355 -34 2]
 P 440641 19346 669369 27354147
PT [1 0 356 -34 2]
 P 441648 19346 669372 27426327
PT [1 0 357 -34 2]
 P 441648 19346 672762 27498507
PT [1 0 358 -34 2]
 P 441648 19346 676152 27570687
PT [1 0 359 -34 2]
EMPTY QUEUE
 P 441982 19346 679552 27643731
PT [1 0 360 -35 2]
 P 443104 19346 679560 27715047
PT [1 0 361 -35 2]
 P 444048 19346 679563 27787227
PT [1 0 362 -35 2]
 P 444048 19346 682953 27859407
PT [1 0 363 -35 2]
 P 444048 19346 686343 27931587
PT [1 0 364 -35 2]
EMPTY QUEUE
 P 444383 19346 689742 28006104
PT [1 0 365 -35 2]
 P 445441 19346 689750 28075947
PT [1 0 366 -35 2]
 P 447858 19346 689753 28148127
PT [1 0 367 -35 2]
 P 447858 19346 693143 28220307
PT [1 0 368 -35 2]
 P 447858 19346 696533 28292487
PT [1 0 369 -35 2]
EMPTY QUEUE
 P 448192 19346 699933 28365915
PT [1 0 370 -36 2]
 P 450722 19346 699941 28436847
PT [1 0 371 -36 2]
 P 452052 19346 699944 28509027
PT [1 0 372 -36 2]
 P 452052 19346 703334 28581207
PT [1 0 373 -36 2]
 P 452052 19346 706724 28653387
PT [1 0 374 -36 2]
EMPTY QUEUE
 P 452386 19346 710124 28727263
PT [1 0 375 -36 2]
 P 453828 19346 710132 28797747
PT [1 0 376 -36 2]
 P 455607 19346 710135 28869927
PT [1 0 377 -36 2]
 P 455607 19346 713525 28942107
PT [1 0 378 -36 2]
 P 455607 19346 716915 29014287
PT [1 0 379 -36 2]
EMPTY QUEUE
 P 455942 19346 720314 29088100
PT [1 0 380 -36 2]
 P 457288 19346 720322 29158647
PT [1 0 381 -36 2]
 P 459004 19346 720325 29230827
PT [1 0 382 -36 2]
 P 459004 19346 723715 29303007
PT [1 0 383 -36 2]
 P 459004 19346 727105 29375187
PT [1 0 384 -36 2]
EMPTY QUEUE
 P 459338 19346 730505 29448423
PT [1 0 385 -37 2]
 P 461388 19346 730513 29519547
PT [1 0 386 -37 2]
 P 462529 19346 730516 29591727
PT [1 0 387 -37 2]
 P 462529 19346 733906 29663907
PT [1 0 388 -37 2]
 P 462529 19346 737296 29736087
PT [1 0 389 -37 2]
EMPTY QUEUE
 P 462864 19346 740695 29810284
PT [1 0 390 -38 2]
 P 465106 19346 740703 29880447
PT [1 0 391 -38 2]
 P 467207 19346 740707 29952627
PT [1 0 392 -38 2]
 P 467207 19346 744097 30024807
PT [1 0 393 -38 2]
 P 467207 19346 747487 30096987
PT [1 0 394 -38 2]
EMPTY QUEUE
 P 467541 19346 750887 30171631
PT [1 0 395 -38 2]
 P 469463 19346 750895 30241347
PT [1 0 396 -38 2]
 P 472013 19346 750899 30313527
PT [1 0 397 -38 2]
 P 472013 19346 754289 30385707
PT [1 0 398 -38 2]
 P 472013 19346 757679 30457887
PT [1 0 399 -38 2]
EMPTY QUEUE
 P 472024 19346 761071 30532137
PT [1 0 400 -38 2]
EMPTY QUEUE
 P 473449 19346 761088 30604104
PT [1 0 401 -39 2]
 P 475936 19346 761091 30674427
PT [1 0 402 -39 2]
 P 475936 19346 764481 30746607
PT [1 0 403 -39 2]
 P 475936 19346 767871 30818787
PT [1 0 404 -39 2]
 P 475936 19346 771261 30890967
PT [1 0 405 -39 2]
EMPTY QUEUE
 P 478064 19346 771279 30965195
PT [1 0 406 -39 2]
 P 479976 19346 771282 31035327
PT [1 0 407 -39 2]
 P 479976 19346 774672 31107507
PT [1 0 408 -39 2]
 P 479976 19346 778062 31179687
PT [1 0 409 -39 2]
 P 479976 19346 781452 31251867
PT [1 0 410 -39 2]
EMPTY QUEUE
 P 480311 19346 784851 31324976
PT [1 0 411 -39 2]
 P 482646 19346 784858 31396227
PT [1 0 412 -39 2]
 P 484984 19346 784866 31468407
PT [1 0 413 -39 2]
 P 486929 19346 784870 31540587
PT [1 0 414 -39 2]
 P 486929 19346 788260 31612767
PT [1 0 415 -39 2]
EMPTY QUEUE
 P 487263 19346 791660 31686803
PT [1 0 416 -40 2]
 P 487263 19346 795050 31757127
PT [1 0 417 -40 2]
 P 489025 19346 795058 31829307
PT [1 0 418 -40 2]
 P 491163 19346 795061 31901487
PT [1 0 419 -40 2]
 P 491163 19346 798451 31973667
PT [1 0 420 -40 2]
EMPTY QUEUE
 P 491500 19346 801850 32047898
PT [1 0 421 -40 2]
 P 491500 19346 805240 32118027
PT [1 0 422 -40 2]
 P 494222 19346 805248 32190207
PT [1 0 423 -40 2]
 P 496041 19346 805251 32262387
PT [1 0 424 -40 2]
 P 496041 19346 808641 32334567
PT [1 0 425 -40 2]
EMPTY QUEUE
 P 496107 19346 812033 32408199
PT [1 0 426 -40 2]
EMPTY QUEUE
 P 496441 19346 815433 32480495
PT [1 0 427 -41 2]
 P 497563 19346 815441 32551107
PT [1 0 428 -41 2]
 P 498551 19346 815444 32623287
PT [1 0 429 -41 2]
 P 498551 19346 818834 32695467
PT [1 0 430 -41 2]
 P 498551 19346 822224 32767647
PT [1 0 431 -41 2]
EMPTY QUEUE
 P 498562 19346 825616 32842025
PT [1 0 432 -41 2]
EMPTY QUEUE
 P 499955 19346 825633 32913864
PT [1 0 433 -41 2]
 P 501648 19346 825636 32984187
PT [1 0 434 -41 2]
 P 501648 19346 829026 33056367
PT [1 0 435 -41 2]
 P 501648 19346 832416 33128547
PT [1 0 436 -41 2]
 P 501648 19346 835806 33200727
PT [1 0 437 -41 2]
EMPTY QUEUE
 P 504512 19346 835824 33274955
PT [1 0 438 -42 2]
 P 506398 19346 835827 33345087
PT [1 0 439 -42 2]
 P 506398 19346 839217 33417267
PT [1 0 440 -42 2]
 P 506398 19346 842607 33489447
PT [1 0 441 -42 2]
 P 506398 19346 845997 33561627
PT [1 0 442 -42 2]
EMPTY QUEUE
 P 508175 19346 846014 33635536
PT [1 0 443 -42 2]
 P 509742 19346 846017 33705987
PT [1 0 444 -42 2]
 P 509742 19346 849407 33778167
PT [1 0 445 -42 2]
 P 509742 19346 852797 33850347
PT [1 0 446 -42 2]
 P 509742 19346 856187 33922527
PT [1 0 447 -42 2]
EMPTY QUEUE
 P 511965 19346 856206 33995603
PT [1 0 448 -43 2]
 P 514749 19346 856209 34066887
PT [1 0 449 -43 2]
 P 514749 19346 859599 34139067
PT [1 0 450 -43 2]
 P 514749 19346 862989 34211247
PT [1 0 451 -43 2]
 P 514749 19346 866379 34283427
PT [1 0 452 -43 2]
EMPTY QUEUE
 P 516909 19346 866397 34357208
PT [1 0 453 -43 2]
 P 518350 19346 866400 34427787
PT [1 0 454 -43 2]
 P 518350 19346 869790 34499967
PT [1 0 455 -43 2]
 P 518350 19346 873180 34572147
PT [1 0 456 -43 2]
 P 518350 19346 876570 34644327
PT [1 0 457 -43 2]
EMPTY QUEUE
 P 519933 19346 876589 34718299
PT [1 0 458 -44 2]
 P 521567 19346 876592 34788687
PT [1 0 459 -44 2]
 P 521567 19346 879982 34860867
PT [1 0 460 -44 2]
 P 521567 19346 883372 34933047
PT [1 0 461 -44 2]
 P 521567 19346 886762 35005227
PT [1 0 462 -44 2]
EMPTY QUEUE
 P 524111 19346 886781 35078880
PT [1 0 463 -44 2]
 P 525425 19346 886785 35149587
PT [1 0 464 -44 2]
 P 525425 19346 890175 35221767
PT [1 0 465 -44 2]
 P 525425 19346 893565 35293947
PT [1 0 466 -44 2]
 P 525425 19346 896955 35366127
PT [1 0 467 -44 2]
EMPTY QUEUE
 P 528417 19346 896973 35440995
PT [1 0 468 -45 2]
 P 530948 19346 896976 35510487
PT [1 0 469 -45 2]
 P 530948 19346 900366 35582667
PT [1 0 470 -45 2]
 P 530948 19346 903756 35654847
PT [1 0 471 -45 2]
 P 530948 19346 907146 35727027
PT [1 0 472 -45 2]
EMPTY QUEUE
 P 533875 19346 907165 35800551
PT [1 0 473 -45 2]
 P 535063 19346 907168 35871387
PT [1 0 474 -45 2]
 P 535063 19346 910558 35943567
PT [1 0 475 -45 2]
 P 535063 19346 913948 36015747
PT [1 0 476 -45 2]
 P 535063 19346 917338 36087927
PT [1 0 477 -45 2]
EMPTY QUEUE
 P 537415 19346 917356 36161644
PT [1 0 478 -46 2]
 P 538796 19346 917360 36232287
PT [1 0 479 -46 2]
 P 538796 19346 920750 36304467
PT [1 0 480 -46 2]
 P 538796 19346 924140 36376647
PT [1 0 481 -46 2]
 P 538796 19346 927530 36448827
PT [1 0 482 -46 2]
EMPTY QUEUE
 P 540059 19346 927549 36522223
PT [1 0 483 -46 2]
 P 541121 19346 927552 36593187
PT [1 0 484 -46 2]
 P 541121 19346 930942 36665367
PT [1 0 485 -46 2]
 P 541121 19346 934332 36737547
PT [1 0 486 -46 2]
 P 541121 19346 937722 36809727
PT [1 0 487 -46 2]
EMPTY QUEUE
 P 542833 19346 937740 36884340
PT [1 0 488 -46 2]
 P 545113 19346 937743 36954087
PT [1 0 489 -46 2]
 P 545113 19346 941133 37026267
PT [1 0 490 -46 2]
 P 545113 19346 944523 37098447
PT [1 0 491 -46 2]
 P 545113 19346 947913 37170627
PT [1 0 492 -46 2]
EMPTY QUEUE
 P 546760 19346 947932 37243895
PT [1 0 493 -47 2]
 P 547696 19346 947935 37314987
PT [1 0 494 -47 2]
 P 547696 19346 951325 37387167
PT [1 0 495 -47 2]
 P 547696 19346 954715 37459347
PT [1 0 496 -47 2]
 P 547696 19346 958105 37531527
PT [1 0 497 -47 2]
EMPTY QUEUE
 P 550492 19346 958116 37604657
PT [1 0 498 -47 2]
 P 551621 19346 958119 37675887
PT [1 0 499 -47 2]
EMPTY QUEUE
 P 551687 19346 961511 37749359
PT [1 0 500 -47 2]
EMPTY QUEUE
 P 552022 19346 964910 37821815
PT [1 0 501 -48 2]
 P 552022 19346 968300 37892427
PT [1 0 502 -48 2]
 P 553719 19346 968309 37964607
PT [1 0 503 -48 2]
 P 554529 19346 968312 38036787
PT [1 0 504 -48 2]
 P 554529 19346 971702 38108967
PT [1 0 505 -48 2]
EMPTY QUEUE
 P 554865 19346 975102 38183677
PT [1 0 506 -48 2]
 P 554865 19346 978492 38253327
PT [1 0 507 -48 2]
 P 557010 19346 978501 38325507
PT [1 0 508 -48 2]
 P 559037 19346 978504 38397687
PT [1 0 509 -48 2]
 P 559037 19346 981894 38469867
PT [1 0 510 -48 2]
EMPTY QUEUE
 P 559372 19346 985293 38542976
PT [1 0 511 -49 2]
 P 559372 19346 988683 38614227
PT [1 0 512 -49 2]
 P 561453 19346 988692 38686407
PT [1 0 513 -49 2]
 P 564184 19346 988696 38758587
PT [1 0 514 -49 2]
 P 564184 19346 992086 38830767
PT [1 0 515 -49 2]
EMPTY QUEUE
 P 564519 19346 995487 38903813
PT [1 0 516 -49 2]
 P 564519 19346 998877 38975127
PT [1 0 517 -49 2]
 P 566024 19346 998886 39047307
PT [1 0 518 -49 2]
 P 566900 19346 998889 39119487
PT [1 0 519 -49 2]
 P 566900 19346 1002279 39191667
PT [1 0 520 -49 2]
EMPTY QUEUE
 P 567235 19346 1005678 39266184
PT [1 0 521 -49 2]
 P 567235 19346 1009068 39336027
PT [1 0 522 -49 2]
 P 567235 19346 1012458 39408207
PT [1 0 523 -49 2]
 P 569700 19346 1012466 39480387
PT [1 0 524 -49 2]
 P 571665 19346 1012470 39552567
PT [1 0 525 -49 2]
EMPTY QUEUE
 P 572001 19346 1015870 39625997
PT [1 0 526 -50 2]
 P 572001 19346 1019260 39696927
PT [1 0 527 -50 2]
 P 572001 19346 1022650 39769107
PT [1 0 528 -50 2]
 P 572866 19346 1022658 39841287
PT [1 0 529 -50 2]
 P 575024 19346 1022661 39913467
PT [1 0 530 -50 2]
EMPTY QUEUE
 P 575359 19346 1026060 39987344
PT [1 0 531 -50 2]
 P 575359 19346 1029450 40057827
PT [1 0 532 -50 2]
 P 575359 19346 1032840 40130007
PT [1 0 533 -50 2]
 P 578208 19346 1032848 40202187
PT [1 0 534 -50 2]
 P 580047 19346 1032851 40274367
PT [1 0 535 -50 2]
EMPTY QUEUE
 P 580382 19346 1036251 40348180
PT [1 0 536 -50 2]
 P 580382 19346 1039641 40418727
PT [1 0 537 -50 2]
 P 580382 19346 1043031 40490907
PT [1 0 538 -50 2]
 P 582655 19346 1043039 40563087
PT [1 0 539 -50 2]
 P 583663 19346 1043042 40635267
PT [1 0 540 -50 2]
EMPTY QUEUE
 P 583998 19346 1046441 40708504
PT [1 0 541 -51 2]
 P 583998 19346 1049831 40779627
PT [1 0 542 -51 2]
 P 583998 19346 1053221 40851807
PT [1 0 543 -51 2]
 P 585183 19346 1053229 40923987
PT [1 0 544 -51 2]
 P 586786 19346 1053232 40996167
PT [1 0 545 -51 2]
EMPTY QUEUE
 P 587120 19346 1056632 41070363
PT [1 0 546 -52 2]
 P 587120 19346 1060022 41140527
PT [1 0 547 -52 2]
 P 587120 19346 1063412 41212707
PT [1 0 548 -52 2]
 P 587120 19346 1066802 41284887
PT [1 0 549 -52 2]
 P 588916 19346 1066805 41357067
PT [1 0 550 -52 2]
EMPTY QUEUE
 P 589252 19346 1070206 41430786
PT [1 0 551 -52 2]
 P 590597 19346 1070214 41501427
PT [1 0 552 -52 2]
 P 590597 19346 1073604 41573607
PT [1 0 553 -52 2]
 P 590597 19346 1076994 41645787
PT [1 0 554 -52 2]
 P 592074 19346 1076997 41717967
PT [1 0 555 -52 2]
EMPTY QUEUE
 P 592409 19346 1080396 41791363
PT [1 0 556 -53 2]
 P 594458 19346 1080404 41862327
PT [1 0 557 -53 2]
 P 594458 19346 1083794 41934507
PT [1 0 558 -53 2]
 P 594458 19346 1087184 42006687
PT [1 0 559 -53 2]
 P 597152 19346 1087187 42078867
PT [1 0 560 -53 2]
EMPTY QUEUE
 P 597488 19346 1090588 42153482
PT [1 0 561 -53 2]
 P 599671 19346 1090596 42223227
PT [1 0 562 -53 2]
 P 602008 19346 1090604 42295407
PT [1 0 563 -53 2]
 P 602008 19346 1093994 42367587
PT [1 0 564 -53 2]
 P 603359 19346 1093997 42439767
PT [1 0 565 -53 2]
 P 605894 19346 1094000 42511947
PT [1 0 566 -53 2]
EMPTY QUEUE
 P 606228 19346 1097400 42585983
PT [1 0 567 -54 2]
 P 607990 19346 1097408 42656307
PT [1 0 568 -54 2]
 P 607990 19346 1100798 42728487
PT [1 0 569 -54 2]
 P 607990 19346 1104188 42800667
PT [1 0 570 -54 2]
 P 608926 19346 1104191 42872847
PT [1 0 571 -54 2]
EMPTY QUEUE
 P 609262 19346 1107592 42947078
PT [1 0 572 -54 2]
 P 611983 19346 1107600 43017207
PT [1 0 573 -54 2]
 P 611983 19346 1110990 43089387
PT [1 0 574 -54 2]
 P 611983 19346 1114380 43161567
PT [1 0 575 -54 2]
 P 612856 19346 1114383 43233747
PT [1 0 576 -54 2]
EMPTY QUEUE
 P 613191 19346 1117782 43307656
PT [1 0 577 -55 2]
 P 614312 19346 1117790 43378107
PT [1 0 578 -55 2]
 P 614312 19346 1121180 43450287
PT [1 0 579 -55 2]
 P 614312 19346 1124570 43522467
PT [1 0 580 -55 2]
 P 616657 19346 1124574 43594647
PT [1 0 581 -55 2]
EMPTY QUEUE
 P 616992 19346 1127974 43667724
PT [1 0 582 -55 2]
 P 618049 19346 1127982 43739007
PT [1 0 583 -55 2]
 P 618049 19346 1131372 43811187
PT [1 0 584 -55 2]
 P 618049 19346 1134762 43883367
PT [1 0 585 -55 2]
 P 619307 19346 1134766 43955547
PT [1 0 586 -55 2]
EMPTY QUEUE
 P 619642 19346 1138165 44029328
PT [1 0 587 -55 2]
 P 622171 19346 1138173 44099907
PT [1 0 588 -55 2]
 P 622171 19346 1141563 44172087
PT [1 0 589 -55 2]
 P 622171 19346 1144953 44244267
PT [1 0 590 -55 2]
 P 623879 19346 1144957 44316447
PT [1 0 591 -55 2]
EMPTY QUEUE
 P 623890 19346 1148349 44390089
PT [1 0 592 -55 2]
EMPTY QUEUE
 P 625665 19346 1148367 44462663
PT [1 0 593 -56 2]
 P 625665 19346 1151757 44532987
PT [1 0 594 -56 2]
 P 625665 19346 1155147 44605167
PT [1 0 595 -56 2]
 P 627309 19346 1155150 44677347
PT [1 0 596 -56 2]
 P 627309 19346 1158540 44749527
PT [1 0 597 -56 2]
EMPTY QUEUE
 P 629533 19346 1158557 44823756
PT [1 0 598 -56 2]
 P 629533 19346 1161947 44893887
PT [1 0 599 -56 2]
 P 629533 19346 1165337 44966067
PT [1 0 600 -56 2]
 P 630602 19346 1165340 45038247
PT [1 0 601 -56 2]
 P 630602 19346 1168730 45110427
PT [1 0 602 -56 2]
EMPTY QUEUE
 P 632761 19346 1168748 45184335
PT [1 0 603 -57 2]
 P 632761 19346 1172138 45254787
PT [1 0 604 -57 2]
 P 632761 19346 1175528 45326967
PT [1 0 605 -57 2]
 P 634791 19346 1175531 45399147
PT [1 0 606 -57 2]
 P 634791 19346 1178921 45471327
PT [1 0 607 -57 2]
EMPTY QUEUE
 P 636375 19346 1178938 45544404
PT [1 0 608 -57 2]
 P 636375 19346 1182328 45615687
PT [1 0 609 -57 2]
 P 636375 19346 1185718 45687867
PT [1 0 610 -57 2]
 P 638854 19346 1185721 45760047
PT [1 0 611 -57 2]
 P 638854 19346 1189111 45832227
PT [1 0 612 -57 2]
EMPTY QUEUE
 P 641397 19346 1189129 45906007
PT [1 0 613 -58 2]
 P 641397 19346 1192519 45976587
PT [1 0 614 -58 2]
 P 641397 19346 1195909 46048767
PT [1 0 615 -58 2]
 P 643813 19346 1195912 46120947
PT [1 0 616 -58 2]
 P 643813 19346 1199302 46193127
PT [1 0 617 -58 2]
EMPTY QUEUE
 P 646803 19346 1199318 46266877
PT [1 0 618 -58 2]
 P 649140 19346 1199326 46337487
PT [1 0 619 -58 2]
 P 649140 19346 1202716 46409667
PT [1 0 620 -58 2]
 P 650981 19346 1202719 46481847
PT [1 0 621 -58 2]
 P 650981 19346 1206109 46554027
PT [1 0 622 -58 2]
EMPTY QUEUE
 P 651315 19346 1209509 46628735
PT [1 0 623 -59 2]
 P 653076 19346 1209517 46698387
PT [1 0 624 -59 2]
 P 653076 19346 1212907 46770567
PT [1 0 625 -59 2]
 P 653830 19346 1212910 46842747
PT [1 0 626 -59 2]
 P 653830 19346 1216300 46914927
PT [1 0 627 -59 2]
EMPTY QUEUE
 P 654166 19346 1219701 46988038
PT [1 0 628 -59 2]
 P 656887 19346 1219709 47059287
PT [1 0 629 -59 2]
 P 656887 19346 1223099 47131467
PT [1 0 630 -59 2]
 P 658089 19346 1223103 47203647
PT [1 0 631 -59 2]
 P 658089 19346 1226493 47275827
PT [1 0 632 -59 2]
EMPTY QUEUE
 P 658423 19346 1229893 47348871
PT [1 0 633 -60 2]
 P 659544 19346 1229901 47420187
PT [1 0 634 -60 2]
 P 659544 19346 1233291 47492367
PT [1 0 635 -60 2]
 P 660683 19346 1233295 47564547
PT [1 0 636 -60 2]
 P 660683 19346 1236685 47636727
PT [1 0 637 -60 2]
EMPTY QUEUE
 P 661019 19346 1240085 47711245
PT [1 0 638 -60 2]
 P 662076 19346 1240093 47781087
PT [1 0 639 -60 2]
 P 662076 19346 1243483 47853267
PT [1 0 640 -60 2]
 P 664688 19346 1243486 47925447
PT [1 0 641 -60 2]
 P 664688 19346 1246876 47997627
PT [1 0 642 -60 2]
EMPTY QUEUE
 P 665023 19346 1250275 48071056
PT [1 0 643 -61 2]
 P 667551 19346 1250284 48141987
PT [1 0 644 -61 2]
 P 667551 19346 1253674 48214167
PT [1 0 645 -61 2]
 P 669076 19346 1253677 48286347
PT [1 0 646 -61 2]
 P 669076 19346 1257067 48358527
PT [1 0 647 -61 2]
EMPTY QUEUE
 P 669411 19346 1260467 48432404
PT [1 0 648 -60 2]
 P 669411 19346 1263857 48502887
PT [1 0 649 -60 2]
 P 669411 19346 1267247 48575067
PT [1 0 650 -60 2]
 P 671385 19346 1267250 48647247
PT [1 0 651 -60 2]
 P 672729 19346 1267259 48719427
PT [1 0 652 -60 2]
EMPTY QUEUE
 P 673064 19346 1270658 48793240
PT [1 0 653 -61 2]
 P 673064 19346 1274048 48863787
PT [1 0 654 -61 2]
 P 673064 19346 1277438 48935967
PT [1 0 655 -61 2]
 P 674975 19346 1277441 49008147
PT [1 0 656 -61 2]
 P 677023 19346 1277451 49080327
PT [1 0 657 -61 2]
EMPTY QUEUE
 P 677357 19346 1280851 49153563
PT [1 0 658 -62 2]
 P 677357 19346 1284241 49224687
PT [1 0 659 -62 2]
 P 677357 19346 1287631 49296867
PT [1 0 660 -62 2]
 P 678693 19346 1287634 49369047
PT [1 0 661 -62 2]
 P 680933 19346 1287643 49441227
PT [1 0 662 -62 2]
EMPTY QUEUE
 P 681268 19346 1291042 49515424
PT [1 0 663 -62 2]
 P 681268 19346 1294432 49585587
PT [1 0 664 -62 2]
 P 681268 19346 1297822 49657767
PT [1 0 665 -62 2]
 P 683565 19346 1297825 49729947
PT [1 0 666 -62 2]
 P 685487 19346 1297833 49802127
PT [1 0 667 -62 2]
EMPTY QUEUE
 P 685821 19346 1301233 49876771
PT [1 0 668 -63 2]
 P 685821 19346 1304623 49946487
PT [1 0 669 -63 2]
 P 685821 19346 1308013 50018667
PT [1 0 670 -63 2]
 P 686519 19346 1308016 50090847
PT [1 0 671 -63 2]
 P 687607 19346 1308025 50163027
PT [1 0 672 -63 2]
EMPTY QUEUE
 P 687942 19346 1311424 50237608
PT [1 0 673 -63 2]
 P 687942 19346 1314814 50307387
PT [1 0 674 -63 2]
 P 687942 19346 1318204 50379567
PT [1 0 675 -63 2]
 P 690465 19346 1318207 50451747
PT [1 0 676 -63 2]
 P 692259 19346 1318215 50523927
PT [1 0 677 -63 2]
EMPTY QUEUE
 P 692593 19346 1321615 50597931
PT [1 0 678 -64 2]
 P 692593 19346 1325005 50668287
PT [1 0 679 -64 2]
 P 692593 19346 1328395 50740467
PT [1 0 680 -64 2]
 P 694284 19346 1328399 50812647
PT [1 0 681 -64 2]
 P 696268 19346 1328408 50884827
PT [1 0 682 -64 2]
EMPTY QUEUE
 P 696603 19346 1331808 50957744
PT [1 0 683 -64 2]
 P 696603 19346 1335198 51029187
PT [1 0 684 -64 2]
 P 696603 19346 1338588 51101367
PT [1 0 685 -64 2]
 P 698999 19346 1338592 51173547
PT [1 0 686 -64 2]
 P 700663 19346 1338601 51245727
PT [1 0 687 -64 2]
EMPTY QUEUE
 P 700998 19346 1342000 51319091
PT [1 0 688 -65 2]
 P 700998 19346 1345390 51390087
PT [1 0 689 -65 2]
 P 700998 19346 1348780 51462267
PT [1 0 690 -65 2]
 P 703587 19346 1348783 51534447
PT [1 0 691 -65 2]
 P 706467 19346 1348792 51606627
PT [1 0 692 -65 2]
EMPTY QUEUE
 P 706801 19346 1352192 51679927
PT [1 0 693 -65 2]
 P 706801 19346 1355582 51750987
PT [1 0 694 -65 2]
 P 706801 19346 1358972 51823167
PT [1 0 695 -65 2]
 P 709071 19346 1358975 51895347
PT [1 0 696 -65 2]
 P 710607 19346 1358984 51967527
PT [1 0 697 -65 2]
EMPTY QUEUE
 P 710942 19346 1362383 52042299
PT [1 0 698 -66 2]
 P 710942 19346 1365773 52111887
PT [1 0 699 -66 2]
 P 710942 19346 1369163 52184067
PT [1 0 700 -66 2]
 P 712381 19346 1369166 52256247
PT [1 0 701 -66 2]
 P 714109 19346 1369175 52328427
PT [1 0 702 -66 2]
EMPTY QUEUE
 P 714120 19346 1372567 52401781
PT [1 0 703 -66 2]
EMPTY QUEUE
 P 714456 19346 1375967 52474357
PT [1 0 704 -66 2]
 P 714456 19346 1379357 52544967
PT [1 0 705 -66 2]
 P 716600 19346 1379360 52617147
PT [1 0 706 -66 2]
 P 718008 19346 1379369 52689327
PT [1 0 707 -66 2]
 P 718008 19346 1382759 52761507
PT [1 0 708 -66 2]
EMPTY QUEUE
 P 718343 19346 1386158 52836215
PT [1 0 709 -67 2]
 P 718343 19346 1389548 52905867
PT [1 0 710 -67 2]
 P 720680 19346 1389551 52978047
PT [1 0 711 -67 2]
 P 723304 19346 1389560 53050227
PT [1 0 712 -67 2]
 P 723304 19346 1392950 53122407
PT [1 0 713 -67 2]
EMPTY QUEUE
 P 723639 19346 1396350 53195516
PT [1 0 714 -67 2]
 P 723639 19346 1399740 53266767
PT [1 0 715 -67 2]
 P 725657 19346 1399743 53338947
PT [1 0 716 -67 2]
 P 726937 19346 1399751 53411127
PT [1 0 717 -67 2]
 P 726937 19346 1403141 53483307
PT [1 0 718 -67 2]
EMPTY QUEUE
 P 727272 19346 1406540 53556352
PT [1 0 719 -67 2]
 P 727272 19346 1409930 53627667
PT [1 0 720 -67 2]
 P 728459 19346 1409933 53699847
PT [1 0 721 -67 2]
 P 729931 19346 1409941 53772027
PT [1 0 722 -67 2]
 P 729931 19346 1413331 53844207
PT [1 0 723 -67 2]
EMPTY QUEUE
 P 730265 19346 1416732 53918724
PT [1 0 724 -68 2]
 P 730265 19346 1420122 53988567
PT [1 0 725 -68 2]
 P 732157 19346 1420125 54060747
PT [1 0 726 -68 2]
 P 733309 19346 1420133 54132927
PT [1 0 727 -68 2]
 P 733309 19346 1423523 54205107
PT [1 0 728 -68 2]
EMPTY QUEUE
 P 733644 19346 1426922 54278536
PT [1 0 729 -68 2]
 P 733644 19346 1430312 54349467
PT [1 0 730 -68 2]
 P 735728 19346 1430316 54421647
PT [1 0 731 -68 2]
 P 738093 19346 1430323 54493827
PT [1 0 732 -68 2]
 P 740429 19346 1430331 54566007
PT [1 0 733 -68 2]
EMPTY QUEUE
 P 740763 19346 1433731 54640043
PT [1 0 734 -69 2]
 P 740763 19346 1437121 54710367
PT [1 0 735 -69 2]
 P 742528 19346 1437125 54782547
PT [1 0 736 -69 2]
 P 742528 19346 1440515 54854727
PT [1 0 737 -69 2]
 P 744230 19346 1440523 54926907
PT [1 0 738 -69 2]
EMPTY QUEUE
 P 744565 19346 1443922 55000656
PT [1 0 739 -69 2]
 P 746901 19346 1443930 55071267
PT [1 0 740 -69 2]
 P 747835 19346 1443933 55143447
PT [1 0 741 -69 2]
 P 747835 19346 1447323 55215627
PT [1 0 742 -69 2]
 P 747835 19346 1450713 55287807
PT [1 0 743 -69 2]
EMPTY QUEUE
 P 748169 19346 1454113 55362515
PT [1 0 744 -70 2]
 P 749929 19346 1454121 55432167
PT [1 0 745 -70 2]
 P 751568 19346 1454124 55504347
PT [1 0 746 -70 2]
 P 751568 19346 1457514 55576527
PT [1 0 747 -70 2]
 P 751568 19346 1460904 55648707
PT [1 0 748 -70 2]
EMPTY QUEUE
 P 751903 19346 1464304 55721816
PT [1 0 749 -70 2]
 P 754623 19346 1464312 55793067
PT [1 0 750 -70 2]
 P 756456 19346 1464315 55865247
PT [1 0 751 -70 2]
 P 756456 19346 1467705 55937427
PT [1 0 752 -70 2]
 P 756456 19346 1471095 56009607
PT [1 0 753 -70 2]
EMPTY QUEUE
 P 756790 19346 1474495 56082651
PT [1 0 754 -71 2]
 P 757910 19346 1474503 56153967
PT [1 0 755 -71 2]
 P 759423 19346 1474506 56226147
PT [1 0 756 -71 2]
 P 759423 19346 1477896 56298327
PT [1 0 757 -71 2]
 P 759423 19346 1481286 56370507
PT [1 0 758 -71 2]
EMPTY QUEUE
 P 759757 19346 1484686 56445023
PT [1 0 759 -71 2]
 P 760813 19346 1484694 56514867
PT [1 0 760 -71 2]
 P 763544 19346 1484697 56587047
PT [1 0 761 -71 2]
 P 763544 19346 1488087 56659227
PT [1 0 762 -71 2]
 P 763544 19346 1491477 56731407
PT [1 0 763 -71 2]
EMPTY QUEUE
 P 763880 19346 1494876 56804836
PT [1 0 764 -72 2]
 P 766408 19346 1494884 56875767
PT [1 0 765 -72 2]
 P 767795 19346 1494887 56947947
PT [1 0 766 -72 2]
 P 767795 19346 1498277 57020127
PT [1 0 767 -72 2]
 P 767795 19346 1501667 57092307
PT [1 0 768 -72 2]
EMPTY QUEUE
 P 768129 19346 1505067 57166183
PT [1 0 769 -72 2]
 P 769569 19346 1505075 57236667
PT [1 0 770 -72 2]
 P 771149 19346 1505078 57308847
PT [1 0 771 -72 2]
 P 771149 19346 1508468 57381027
PT [1 0 772 -72 2]
 P 771149 19346 1511858 57453207
PT [1 0 773 -72 2]
EMPTY QUEUE
 P 771485 19346 1515257 57527021
PT [1 0 774 -72 2]
 P 773373 19346 1515265 57597567
PT [1 0 775 -72 2]
 P 774634 19346 1515268 57669747
PT [1 0 776 -72 2]
 P 774634 19346 1518658 57741927
PT [1 0 777 -72 2]
 P 774634 19346 1522048 57814107
PT [1 0 778 -72 2]
EMPTY QUEUE
 P 774968 19346 1525448 57887343
PT [1 0 779 -73 2]
 P 776792 19346 1525456 57958467
PT [1 0 780 -73 2]
 P 779269 19346 1525460 58030647
PT [1 0 781 -73 2]
 P 779269 19346 1528850 58102827
PT [1 0 782 -73 2]
 P 779269 19346 1532240 58175007
PT [1 0 783 -73 2]
EMPTY QUEUE
 P 779280 19346 1535632 58248873
PT [1 0 784 -73 2]
EMPTY QUEUE
 P 780863 19346 1535649 58321224
PT [1 0 785 -74 2]
 P 781997 19346 1535653 58391547
PT [1 0 786 -74 2]
 P 781997 19346 1539043 58463727
PT [1 0 787 -74 2]
 P 781997 19346 1542433 58535907
PT [1 0 788 -74 2]
 P 781997 19346 1545823 58608087
PT [1 0 789 -74 2]
EMPTY QUEUE
 P 784539 19346 1545841 58682315
PT [1 0 790 -74 2]
 P 785866 19346 1545844 58752447
PT [1 0 791 -74 2]
 P 785866 19346 1549234 58824627
PT [1 0 792 -74 2]
 P 785866 19346 1552624 58896807
PT [1 0 793 -74 2]
 P 785866 19346 1556014 58968987
PT [1 0 794 -74 2]
EMPTY QUEUE
 P 788857 19346 1556031 59042896
PT [1 0 795 -74 2]
 P 789865 19346 1556034 59113347
PT [1 0 796 -74 2]
 P 789865 19346 1559424 59185527
PT [1 0 797 -74 2]
 P 789865 19346 1562814 59257707
PT [1 0 798 -74 2]
 P 789865 19346 1566204 59329887
PT [1 0 799 -74 2]
EMPTY QUEUE
 P 792791 19346 1566222 59402963
PT [1 0 800 -75 2]
 P 795016 19346 1566225 59474247
PT [1 0 801 -75 2]
 P 795016 19346 1569615 59546427
PT [1 0 802 -75 2]
 P 795016 19346 1573005 59618607
PT [1 0 803 -75 2]
 P 795016 19346 1576395 59690787
PT [1 0 804 -75 2]
EMPTY QUEUE
 P 797367 19346 1576412 59764568
PT [1 0 805 -75 2]
 P 798249 19346 1576415 59835147
PT [1 0 806 -75 2]
 P 798249 19346 1579805 59907327
PT [1 0 807 -75 2]
 P 798249 19346 1583195 59979507
PT [1 0 808 -75 2]
 P 798249 19346 1586585 60051687
PT [1 0 809 -75 2]
EMPTY QUEUE
 P 799511 19346 1586603 60125659
PT [1 0 810 -76 2]
 P 800586 19346 1586606 60196047
PT [1 0 811 -76 2]
 P 800586 19346 1589996 60268227
PT [1 0 812 -76 2]
 P 802589 19346 1589999 60340407
PT [1 0 813 -76 2]
 P 802589 19346 1593389 60412587
PT [1 0 814 -76 2]
EMPTY QUEUE
 P 803973 19346 1593398 60486005
PT [1 0 815 -76 2]
EMPTY QUEUE
 P 806644 19346 1593415 60558804
PT [1 0 816 -76 2]
 P 806644 19346 1596805 60629127
PT [1 0 817 -76 2]
 P 808584 19346 1596808 60701307
PT [1 0 818 -76 2]
 P 811164 19346 1596811 60773487
PT [1 0 819 -76 2]
 P 811164 19346 1600201 60845667
PT [1 0 820 -76 2]
EMPTY QUEUE
 P 813258 19346 1600219 60919895
PT [1 0 821 -77 2]
 P 813258 19346 1603609 60990027
PT [1 0 822 -77 2]
 P 813258 19346 1606999 61062207
PT [1 0 823 -77 2]
 P 814239 19346 1607002 61134387
PT [1 0 824 -77 2]
 P 814239 19346 1610392 61206567
PT [1 0 825 -77 2]
EMPTY QUEUE
 P 817025 19346 1610402 61280199
PT [1 0 826 -77 2]
EMPTY QUEUE
 P 817360 19346 1613801 61352496
PT [1 0 827 -77 2]
 P 817360 19346 1617191 61423107
PT [1 0 828 -77 2]
 P 818278 19346 1617194 61495287
PT [1 0 829 -77 2]
 P 818278 19346 1620584 61567467
PT [1 0 830 -77 2]
 P 819398 19346 1620592 61639647
PT [1 0 831 -77 2]
EMPTY QUEUE
 P 819409 19346 1623984 61714025
PT [1 0 832 -77 2]
EMPTY QUEUE
 P 819478 19346 1629946 61787873
PT [1 0 833 -77 2]
 P 821869 19346 1629949 61856187
PT [1 0 834 -77 2]
EMPTY QUEUE
 P 822203 19346 1633349 61929935
PT [1 0 835 -78 2]
 P 823259 19346 1633357 62000547
PT [1 0 836 -78 2]
 P 823259 19346 1636747 62072727
PT [1 0 837 -78 2]
 P 823259 19346 1640137 62144907
PT [1 0 838 -78 2]
 P 824563 19346 1640140 62217087
PT [1 0 839 -78 2]
EMPTY QUEUE
 P 824898 19346 1643539 62291796
PT [1 0 840 -79 2]
 P 827426 19346 1643547 62361447
PT [1 0 841 -79 2]
 P 827426 19346 1646937 62433627
PT [1 0 842 -79 2]
 P 827426 19346 1650327 62505807
PT [1 0 843 -79 2]
 P 829179 19346 1650330 62577987
PT [1 0 844 -79 2]
EMPTY QUEUE
 P 829513 19346 1653730 62651095
PT [1 0 845 -79 2]
 P 830952 19346 1653739 62722347
PT [1 0 846 -79 2]
 P 830952 19346 1657129 62794527
PT [1 0 847 -79 2]
 P 830952 19346 1660519 62866707
PT [1 0 848 -79 2]
 P 832642 19346 1660522 62938887
PT [1 0 849 -79 2]
EMPTY QUEUE
 P 832977 19346 1663921 63011932
PT [1 0 850 -79 2]
 P 834864 19346 1663930 63083247
PT [1 0 851 -79 2]
 P 834864 19346 1667320 63155427
PT [1 0 852 -79 2]
 P 834864 19346 1670710 63227607
PT [1 0 853 -79 2]
 P 835979 19346 1670713 63299787
PT [1 0 854 -79 2]
EMPTY QUEUE
 P 836314 19346 1674113 63374304
PT [1 0 855 -80 2]
 P 838137 19346 1674122 63444147
PT [1 0 856 -80 2]
 P 838137 19346 1677512 63516327
PT [1 0 857 -80 2]
 P 838137 19346 1680902 63588507
PT [1 0 858 -80 2]
 P 840212 19346 1680906 63660687
PT [1 0 859 -80 2]
EMPTY QUEUE
 P 840547 19346 1684305 63734116
PT [1 0 860 -80 2]
 P 841794 19346 1684314 63805047
PT [1 0 861 -80 2]
 P 841794 19346 1687704 63877227
PT [1 0 862 -80 2]
 P 841794 19346 1691094 63949407
PT [1 0 863 -80 2]
 P 844318 19346 1691097 64021587
PT [1 0 864 -80 2]
EMPTY QUEUE
 P 844653 19346 1694497 64095464
PT [1 0 865 -81 2]
 P 846860 19346 1694506 64165947
PT [1 0 866 -81 2]
 P 846860 19346 1697896 64238127
PT [1 0 867 -81 2]
 P 846860 19346 1701286 64310307
PT [1 0 868 -81 2]
 P 849321 19346 1701289 64382487
PT [1 0 869 -81 2]
 P 851238 19346 1701293 64454667
PT [1 0 870 -81 2]
EMPTY QUEUE
 P 854228 19346 1701311 64529536
PT [1 0 871 -81 2]
 P 854228 19346 1704701 64599027
PT [1 0 872 -81 2]
 P 854228 19346 1708091 64671207
PT [1 0 873 -81 2]
 P 854228 19346 1711481 64743387
PT [1 0 874 -81 2]
 P 856338 19346 1711484 64815567
PT [1 0 875 -81 2]
EMPTY QUEUE
 P 859263 19346 1711504 64889092
PT [1 0 876 -82 2]
 P 859263 19346 1714894 64959927
PT [1 0 877 -82 2]
 P 859263 19346 1718284 65032107
PT [1 0 878 -82 2]
 P 859263 19346 1721674 65104287
PT [1 0 879 -82 2]
 P 861054 19346 1721677 65176467
PT [1 0 880 -82 2]
EMPTY QUEUE
 P 863404 19346 1721695 65250184
PT [1 0 881 -82 2]
 P 863404 19346 1725085 65320827
PT [1 0 882 -82 2]
 P 863404 19346 1728475 65393007
PT [1 0 883 -82 2]
 P 863404 19346 1731865 65465187
PT [1 0 884 -82 2]
 P 865996 19346 1731868 65537367
PT [1 0 885 -82 2]
EMPTY QUEUE
 P 867259 19346 1731886 65610765
PT [1 0 886 -83 2]
 P 867259 19346 1735276 65681727
PT [1 0 887 -83 2]
 P 867259 19346 1738666 65753907
PT [1 0 888 -83 2]
 P 867259 19346 1742056 65826087
PT [1 0 889 -83 2]
 P 868253 19346 1742059 65898267
PT [1 0 890 -83 2]
EMPTY QUEUE
 P 869963 19346 1742078 65972880
PT [1 0 891 -83 2]
 P 869963 19346 1745468 66042627
PT [1 0 892 -83 2]
 P 869963 19346 1748858 66114807
PT [1 0 893 -83 2]
 P 869963 19346 1752248 66186987
PT [1 0 894 -83 2]
 P 870894 19346 1752251 66259167
PT [1 0 895 -83 2]
EMPTY QUEUE
 P 872541 19346 1752269 66332437
PT [1 0 896 -83 2]
 P 872541 19346 1755659 66403527
PT [1 0 897 -83 2]
 P 872541 19346 1759049 66475707
PT [1 0 898 -83 2]
 P 872541 19346 1762439 66547887
PT [1 0 899 -83 2]
 P 874945 19346 1762442 66620067
PT [1 0 900 -83 2]
EMPTY QUEUE
 P 878062 19346 1762461 66693527
PT [1 0 901 -84 2]
 P 878062 19346 1765851 66764427
PT [1 0 902 -84 2]
 P 878062 19346 1769241 66836607
PT [1 0 903 -84 2]
 P 878062 19346 1772631 66908787
PT [1 0 904 -84 2]
 P 879379 19346 1772634 66980967
PT [1 0 905 -84 2]
EMPTY QUEUE
 P 881409 19346 1772652 67054107
PT [1 0 906 -85 2]
 P 881409 19346 1776042 67125327
PT [1 0 907 -85 2]
 P 881409 19346 1779432 67197507
PT [1 0 908 -85 2]
 P 881409 19346 1782822 67269687
PT [1 0 909 -85 2]
 P 883175 19346 1782825 67341867
PT [1 0 910 -85 2]
EMPTY QUEUE
 P 885652 19346 1782844 67416223
PT [1 0 911 -85 2]
 P 885652 19346 1786234 67486227
PT [1 0 912 -85 2]
 P 885652 19346 1789624 67558407
PT [1 0 913 -85 2]
 P 885652 19346 1793014 67630587
PT [1 0 914 -85 2]
 P 887354 19346 1793018 67702767
PT [1 0 915 -85 2]
EMPTY QUEUE
 P 889768 19346 1793036 67775780
PT [1 0 916 -85 2]
 P 889768 19346 1796426 67847127
PT [1 0 917 -85 2]
 P 889768 19346 1799816 67919307
PT [1 0 918 -85 2]
 P 889768 19346 1803206 67991487
PT [1 0 919 -85 2]
 P 890895 19346 1803210 68063667
PT [1 0 920 -85 2]
EMPTY QUEUE
 P 892732 19346 1803228 68136871
PT [1 0 921 -86 2]
 P 892732 19346 1806618 68208027
PT [1 0 922 -86 2]
 P 892732 19346 1810008 68280207
PT [1 0 923 -86 2]
 P 892732 19346 1813398 68352387
PT [1 0 924 -86 2]
 P 894820 19346 1813401 68424567
PT [1 0 925 -86 2]
EMPTY QUEUE
 P 897618 19346 1813420 68497452
PT [1 0 926 -86 2]
 P 897618 19346 1816810 68568927
PT [1 0 927 -86 2]
 P 897618 19346 1820200 68641107
PT [1 0 928 -86 2]
 P 897618 19346 1823590 68713287
PT [1 0 929 -86 2]
 P 900155 19346 1823593 68785467
PT [1 0 930 -86 2]
EMPTY QUEUE
 P 901029 19346 1823603 68859237
PT [1 0 931 -86 2]
EMPTY QUEUE
 P 901363 19346 1827003 68931395
PT [1 0 932 -87 2]
 P 901363 19346 1830393 69002007
PT [1 0 933 -87 2]
 P 901363 19346 1833783 69074187
PT [1 0 934 -87 2]
 P 903837 19346 1833786 69146367
PT [1 0 935 -87 2]
 P 906685 19346 1833795 69218547
PT [1 0 936 -87 2]
EMPTY QUEUE
 P 907020 19346 1837194 69293256
PT [1 0 937 -87 2]
 P 907020 19346 1840584 69362907
PT [1 0 938 -87 2]
 P 907020 19346 1843974 69435087
PT [1 0 939 -87 2]
 P 908919 19346 1843977 69507267
PT [1 0 940 -87 2]
 P 911190 19346 1843985 69579447
PT [1 0 941 -87 2]
EMPTY QUEUE
 P 911201 19346 1847377 69652225
PT [1 0 942 -87 2]
EMPTY QUEUE
 P 911535 19346 1850777 69725375
PT [1 0 943 -88 2]
 P 911535 19346 1854167 69795987
PT [1 0 944 -88 2]
 P 912347 19346 1854170 69868167
PT [1 0 945 -88 2]
 P 913530 19346 1854178 69940347
PT [1 0 946 -88 2]
 P 913530 19346 1857568 70012527
PT [1 0 947 -88 2]
EMPTY QUEUE
 P 913865 19346 1860967 70087236
PT [1 0 948 -88 2]
 P 913865 19346 1864357 70156887
PT [1 0 949 -88 2]
 P 915126 19346 1864360 70229067
PT [1 0 950 -88 2]
 P 916757 19346 1864368 70301247
PT [1 0 951 -88 2]
 P 916757 19346 1867758 70373427
PT [1 0 952 -88 2]
EMPTY QUEUE
 P 917091 19346 1871158 70446535
PT [1 0 953 -89 2]
 P 917091 19346 1874548 70517787
PT [1 0 954 -89 2]
 P 918289 19346 1874551 70589967
PT [1 0 955 -89 2]
 P 919856 19346 1874559 70662147
PT [1 0 956 -89 2]
 P 919856 19346 1877949 70734327
PT [1 0 957 -89 2]
EMPTY QUEUE
 P 920191 19346 1881348 70807372
PT [1 0 958 -89 2]
 P 920191 19346 1884738 70878687
PT [1 0 959 -89 2]
 P 922862 19346 1884741 70950867
PT [1 0 960 -89 2]
 P 923850 19346 1884748 71023047
PT [1 0 961 -89 2]
 P 925193 19346 1884756 71095227
PT [1 0 962 -89 2]
EMPTY QUEUE
 P 925527 19346 1888156 71169263
PT [1 0 963 -90 2]
 P 925527 19346 1891546 71239587
PT [1 0 964 -90 2]
 P 927112 19346 1891549 71311767
PT [1 0 965 -90 2]
 P 927112 19346 1894939 71383947
PT [1 0 966 -90 2]
 P 929159 19346 1894947 71456127
PT [1 0 967 -90 2]
EMPTY QUEUE
 P 929494 19346 1898347 71530356
PT [1 0 968 -90 2]
 P 929494 19346 1901737 71600487
PT [1 0 969 -90 2]
 P 931526 19346 1901741 71672667
PT [1 0 970 -90 2]
 P 931526 19346 1905131 71744847
PT [1 0 971 -90 2]
 P 933765 19346 1905139 71817027
PT [1 0 972 -90 2]
EMPTY QUEUE
 P 933776 19346 1908531 71890605
PT [1 0 973 -90 2]
EMPTY QUEUE
 P 934110 19346 1911931 71962955
PT [1 0 974 -91 2]
 P 936081 19346 1911934 72033567
PT [1 0 975 -91 2]
 P 936081 19346 1915324 72105747
PT [1 0 976 -91 2]
 P 938000 19346 1915332 72177927
PT [1 0 977 -91 2]
 P 938000 19346 1918722 72250107
PT [1 0 978 -91 2]
EMPTY QUEUE
 P 938336 19346 1922122 72324817
PT [1 0 979 -91 2]
 P 939730 19346 1922125 72394467
PT [1 0 980 -91 2]
 P 939730 19346 1925515 72466647
PT [1 0 981 -91 2]
 P 940817 19346 1925524 72538827
PT [1 0 982 -91 2]
 P 940817 19346 1928914 72611007
PT [1 0 983 -91 2]
EMPTY QUEUE
 P 941151 19346 1932314 72684115
PT [1 0 984 -92 2]
 P 943506 19346 1932317 72755367
PT [1 0 985 -92 2]
 P 943506 19346 1935707 72827547
PT [1 0 986 -92 2]
 P 945297 19346 1935715 72899727
PT [1 0 987 -92 2]
 P 945297 19346 1939105 72971907
PT [1 0 988 -92 2]
EMPTY QUEUE
 P 945633 19346 1942505 73044953
PT [1 0 989 -92 2]
 P 946389 19346 1942508 73116267
PT [1 0 990 -92 2]
 P 946389 19346 1945898 73188447
PT [1 0 991 -92 2]
 P 948373 19346 1945906 73260627
PT [1 0 992 -92 2]
 P 948373 19346 1949296 73332807
PT [1 0 993 -92 2]
EMPTY QUEUE
 P 948708 19346 1952695 73407324
PT [1 0 994 -93 2]
 P 951289 19346 1952698 73477167
PT [1 0 995 -93 2]
 P 951289 19346 1956088 73549347
PT [1 0 996 -93 2]
 P 952952 19346 1956096 73621527
PT [1 0 997 -93 2]
 P 952952 19346 1959486 73693707
PT [1 0 998 -93 2]
EMPTY QUEUE
 P 953288 19346 1962886 73767137
PT [1 0 999 -93 2]
 P 955039 19346 1962889 73838067
PT [1 0 1000 -93 2]
 P 955039 19346 1966279 73910247
PT [1 0 1001 -93 2]
 P 957918 19346 1966287 73982427
PT [1 0 1002 -93 2]
 P 957918 19346 1969677 74054607
PT [1 0 1003 -93 2]
EMPTY QUEUE
 P 958253 19346 1973076 74128484
PT [1 0 1004 -94 2]
 P 960708 19346 1973079 74198967
PT [1 0 1005 -94 2]
 P 960708 19346 1976469 74271147
PT [1 0 1006 -94 2]
 P 962243 19346 1976477 74343327
PT [1 0 1007 -94 2]
 P 962243 19346 1979867 74415507
PT [1 0 1008 -94 2]
EMPTY QUEUE
 P 962577 19346 1983267 74489319
PT [1 0 1009 -94 2]
 P 965226 19346 1983270 74559867
PT [1 0 1010 -94 2]
 P 965226 19346 1986660 74632047
PT [1 0 1011 -94 2]
 P 966953 19346 1986668 74704227
PT [1 0 1012 -94 2]
 P 966953 19346 1990058 74776407
PT [1 0 1013 -94 2]
EMPTY QUEUE
 P 967288 19346 1993457 74849644
PT [1 0 1014 -94 2]
 P 969616 19346 1993461 74920767
PT [1 0 1015 -94 2]
 P 969616 19346 1996851 74992947
PT [1 0 1016 -94 2]
 P 971023 19346 1996859 75065127
PT [1 0 1017 -94 2]
 P 971023 19346 2000249 75137307
PT [1 0 1018 -94 2]
EMPTY QUEUE
 P 971357 19346 2003649 75211503
PT [1 0 1019 -95 2]
 P 972854 19346 2003652 75281667
PT [1 0 1020 -95 2]
 P 972854 19346 2007042 75353847
PT [1 0 1021 -95 2]
 P 975477 19346 2007050 75426027
PT [1 0 1022 -95 2]
 P 975477 19346 2010440 75498207
PT [1 0 1023 -95 2]
EMPTY QUEUE
 P 975812 19346 2013839 75572852
PT [1 0 1024 -95 2]
 P 978014 19346 2013842 75642567
PT [1 0 1025 -95 2]
 P 978014 19346 2017232 75714747
PT [1 0 1026 -95 2]
 P 979293 19346 2017240 75786927
PT [1 0 1027 -95 2]
 P 979293 19346 2020630 75859107
PT [1 0 1028 -95 2]
EMPTY QUEUE
 P 979627 19346 2024030 75933687
PT [1 0 1029 -96 2]
 P 982022 19346 2024033 76003467
PT [1 0 1030 -96 2]
 P 982022 19346 2027423 76075647
PT [1 0 1031 -96 2]
 P 983493 19346 2027431 76147827
PT [1 0 1032 -96 2]
 P 983493 19346 2030821 76220007
PT [1 0 1033 -96 2]
EMPTY QUEUE
 P 983828 19346 2034220 76294012
PT [1 0 1034 -96 2]
 P 985904 19346 2034223 76364367
PT [1 0 1035 -96 2]
 P 985904 19346 2037613 76436547
PT [1 0 1036 -96 2]
 P 987055 19346 2037621 76508727
PT [1 0 1037 -96 2]
 P 987055 19346 2041011 76580907
PT [1 0 1038 -96 2]
EMPTY QUEUE
 P 987389 19346 2044411 76653825
PT [1 0 1039 -97 2]
 P 988634 19346 2044414 76725267
PT [1 0 1040 -97 2]
 P 988634 19346 2047804 76797447
PT [1 0 1041 -97 2]
 P 991001 19346 2047812 76869627
PT [1 0 1042 -97 2]
 P 991001 19346 2051202 76941807
PT [1 0 1043 -97 2]
EMPTY QUEUE
 P 991336 19346 2054602 77015172
PT [1 0 1044 -97 2]
 P 993286 19346 2054605 77086167
PT [1 0 1045 -97 2]
 P 993286 19346 2057995 77158347
PT [1 0 1046 -97 2]
 P 994309 19346 2058003 77230527
PT [1 0 1047 -97 2]
 P 994309 19346 2061393 77302707
PT [1 0 1048 -97 2]
EMPTY QUEUE
 P 994644 19346 2064793 77376009
PT [1 0 1049 -98 2]
 P 994644 19346 2068183 77447067
PT [1 0 1050 -98 2]
 P 996595 19346 2068186 77519247
PT [1 0 1051 -98 2]
 P 997809 19346 2068195 77591427
PT [1 0 1052 -98 2]
 P 997809 19346 2071585 77663607
PT [1 0 1053 -98 2]
EMPTY QUEUE
 P 998143 19346 2074985 77738379
PT [1 0 1054 -98 2]
 P 998143 19346 2078375 77807967
PT [1 0 1055 -98 2]
 P 1000287 19346 2078378 77880147
PT [1 0 1056 -98 2]
 P 1001181 19346 2078387 77952327
PT [1 0 1057 -98 2]
 P 1001181 19346 2081777 78024507
PT [1 0 1058 -98 2]
EMPTY QUEUE
 P 1001517 19346 2085176 78098193
PT [1 0 1059 -97 2]
 P 1001517 19346 2088566 78168867
PT [1 0 1060 -97 2]
 P 1003343 19346 2088569 78241047
PT [1 0 1061 -97 2]
 P 1005453 19346 2088578 78313227
PT [1 0 1062 -97 2]
 P 1005453 19346 2091968 78385407
PT [1 0 1063 -97 2]
EMPTY QUEUE
 P 1005787 19346 2095368 78459539
PT [1 0 1064 -99 2]
 P 1005787 19346 2098758 78529767
PT [1 0 1065 -99 2]
 P 1006786 19346 2098762 78601947
PT [1 0 1066 -99 2]
