using saved target 'z1'
../../../../contiki/tools/sky/serialdump-linux -b115200 /dev/ttyUSB1
connecting to /dev/ttyUSB1 (115200) [OK]
Rime started with address 2.0
MAC 02:00:00:00:00:00:00:00 Ref ID: 4841
Contiki-3.x-2125-g5d67a61 started. Node id is set to 2.

************************************************
RTIMER_SECOND = 32768. F_CPU=8000000.
CLOCK_SECOND=128.
DURSLOT = 6015.(0.1835 s).
DURSLEEP = 114285.
DURCYCLE = 120300 .(3.6712 s).
MAX_CLOCK_DRIFT = WAKEUP_ADVANCE_TIME = 327 (0.0033 s).
PERIODIC_BCAST_CYCLES_SENSOR = 917507.
PERIODIC_BCAST_CYCLES_SINK = 917507.
MAX_CYCLE_COUNTER = 27904.
MAX_COUNT_NO_RTS_CTS = 65535.
MAX_CHILD_NUM = 10.
MAX_TRY_TO_FIND_PARENT = 3.

**********Below is Related Settings**********
PRIMAC_CONF_COMPOWER = 1.
PRIMAC_CONF_COMPOWER_SUPPORT = 1.
SF = 18.
PRI_SYNC_SUPPORT = 1.
RANDOM_DRIFT_IN_COOJA_SUPPORT = 0.
ADCSC_SUPPORT = 0.
DATA_TX_SUPPORT = 1.
CYCLES_PER_PACKET = 4.
DATA_INTERVAL = 9.
RETX_LIMIT = 6.
TOTAL_DATA_NUM = 50.
MAX_DATA_QUEUE_BUFS = 10.
PROC_GRADE_BASED_ON_ADDR_SUPPORT = 1.
NODES_NUM_PER_GRADE = 2.
ADDRESS_FREE_SUPPORT = 0.
IS_COOJA_SIM = 0.
CROSS_PLATFORM_SUPPORT = 1.
************************************************

My address is 2.0.
nullmac PRIMAC, channel check rate 8 Hz, radio channel 26
Starting
Hello, world
 P 0 0 0 1970819
 P 0 0 3390 2091119
 P 0 0 6780 2211419
 P 0 0 10231 2332556
 P 0 0 13621 2452019
 P 0 0 17011 2572319
 P 0 0 20401 2692619
 P 0 0 23791 2812919
EMPTY QUEUE
 P 66 0 29754 2938107
EMPTY QUEUE
 P 131 0 35716 3057094
EMPTY QUEUE
 P 2469 0 36781 3174768
EMPTY QUEUE
 P 3652 0 39355 3295423
PT [1 0 1 -4 2]
 P 3652 0 42745 3414419
PT [1 0 2 -4 2]
 P 3652 0 46135 3534719
PT [1 0 3 -4 2]
 P 3652 0 49525 3655019
PT [1 0 4 -4 2]
rcv bro rts
 P 5984 0 49566 3775319
PT [1 0 5 -4 2]
 P 8031 0 49569 3895619
PT [1 0 6 -4 2]
EMPTY QUEUE
 P 8358 0 52968 4016871
PT [1 0 7 -5 2]
 P 8358 0 56358 4136219
PT [1 0 8 -5 2]
 P 8358 0 59748 4256519
PT [1 0 9 -5 2]
 P 9700 0 59756 4376819
PT [1 0 10 -5 2]
 P 11140 0 59759 4497119
PT [1 0 11 -5 2]
EMPTY QUEUE
 P 11467 0 63157 4619587
PT [1 0 12 -6 2]
 P 11467 0 66547 4737719
PT [1 0 13 -6 2]
 P 11467 0 69937 4858019
PT [1 0 14 -6 2]
 P 13417 0 69945 4978319
PT [1 0 15 -6 2]
 P 15820 0 69948 5098619
PT [1 0 16 -6 2]
EMPTY QUEUE
 P 16147 0 73346 5219743
PT [1 0 17 -6 2]
 P 16147 0 76736 5339219
PT [1 0 18 -6 2]
 P 16147 0 80126 5459519
PT [1 0 19 -6 2]
 P 18545 0 80134 5579819
PT [1 0 20 -6 2]
 P 18545 0 83524 5700119
PT [1 0 21 -6 2]
 P 19348 0 83527 5820419
PT [1 0 22 -6 2]
EMPTY QUEUE
 P 19413 0 86919 5941467
PT [1 0 23 -6 2]
EMPTY QUEUE
 P 19739 0 90318 6062291
PT [1 0 24 -8 2]
 P 22073 0 90326 6181319
PT [1 0 25 -8 2]
 P 22073 0 93716 6301619
PT [1 0 26 -8 2]
 P 24861 0 93720 6421919
PT [1 0 27 -8 2]
 P 24861 0 97110 6542219
PT [1 0 28 -8 2]
EMPTY QUEUE
 P 25188 0 100508 6663471
PT [1 0 29 -9 2]
 P 26946 0 100516 6782819
PT [1 0 30 -9 2]
 P 26946 0 103906 6903119
PT [1 0 31 -9 2]
 P 29161 0 103909 7023419
PT [1 0 32 -9 2]
 P 29161 0 107299 7143719
PT [1 0 33 -9 2]
EMPTY QUEUE
 P 29488 0 110697 7266188
PT [1 0 34 -9 2]
 P 32206 0 110705 7384319
PT [1 0 35 -9 2]
 P 32206 0 114095 7504619
PT [1 0 36 -9 2]
 P 34901 0 114098 7624919
PT [1 0 37 -9 2]
 P 34901 0 117488 7745219
PT [1 0 38 -9 2]
EMPTY QUEUE
 P 35228 0 120886 7866344
PT [1 0 39 -10 2]
 P 35228 0 124276 7985819
PT [1 0 40 -10 2]
 P 37146 0 124284 8106119
PT [1 0 41 -10 2]
 P 38659 0 124287 8226419
PT [1 0 42 -10 2]
 P 38659 0 127677 8346719
PT [1 0 43 -10 2]
EMPTY QUEUE
 P 38987 0 131076 8468036
PT [1 0 44 -11 2]
 P 38987 0 134466 8587319
PT [1 0 45 -11 2]
 P 38987 0 137856 8707619
PT [1 0 46 -11 2]
 P 40073 0 137864 8827919
PT [1 0 47 -11 2]
 P 42323 0 137867 8948219
PT [1 0 48 -11 2]
EMPTY QUEUE
 P 42650 0 141266 9069216
PT [1 0 49 -12 2]
 P 42650 0 144656 9188819
PT [1 0 50 -12 2]
 P 42650 0 148046 9309119
PT [1 0 51 -12 2]
 P 42650 0 151436 9429419
PT [1 0 52 -12 2]
 P 44440 0 151444 9549719
PT [1 0 53 -12 2]
 P 46788 0 151447 9670019
PT [1 0 54 -12 2]
EMPTY QUEUE
 P 47115 0 154846 9792232
PT [1 0 55 -13 2]
 P 47115 0 158236 9910619
PT [1 0 56 -13 2]
 P 47115 0 161626 10030919
PT [1 0 57 -13 2]
 P 47115 0 165016 10151219
PT [1 0 58 -13 2]
 P 49096 0 165025 10271519
PT [1 0 59 -13 2]
 P 51381 0 165028 10391819
PT [1 0 60 -13 2]
EMPTY QUEUE
 P 51708 0 168427 10514736
PT [1 0 61 -14 2]
 P 51708 0 171817 10632419
PT [1 0 62 -14 2]
 P 51708 0 175207 10752719
PT [1 0 63 -14 2]
 P 53369 0 175216 10873019
PT [1 0 64 -14 2]
 P 55368 0 175219 10993319
PT [1 0 65 -14 2]
EMPTY QUEUE
 P 55695 0 178618 11114379
PT [1 0 66 -15 2]
 P 55695 0 182008 11233919
PT [1 0 67 -15 2]
 P 55695 0 185398 11354219
PT [1 0 68 -15 2]
 P 58572 0 185407 11474519
PT [1 0 69 -15 2]
 P 60764 0 185411 11594819
PT [1 0 70 -15 2]
EMPTY QUEUE
 P 61090 0 188810 11717607
PT [1 0 71 -16 2]
 P 61090 0 192200 11835419
PT [1 0 72 -16 2]
 P 61090 0 195590 11955719
PT [1 0 73 -16 2]
 P 62623 0 195598 12076019
PT [1 0 74 -16 2]
 P 64496 0 195602 12196319
PT [1 0 75 -16 2]
 P 64562 0 201565 12320579
PT [1 0 76 -16 2]
 P 67044 0 201568 12436919
PT [1 0 77 -16 2]
 P 69671 72 201587 12558733
PT [1 0 78 -17 2]
 P 71948 414 201607 12678714
PT [1 0 79 -17 2]
 P 73695 414 201610 12797819
PT [1 0 80 -17 2]
 P 76323 756 201629 12920529
PT [1 0 81 -17 2]
 P 78262 756 201632 13038419
PT [1 0 82 -17 2]
 P 78273 756 205024 13160980
PT [1 0 83 -17 2]
 P 81093 1098 205043 13280438
PT [1 0 84 -18 2]
 P 82713 1098 205046 13399319
PT [1 0 85 -18 2]
 P 85341 1442 205065 13520973
PT [1 0 86 -18 2]
 P 88162 1784 205083 13642746
PT [1 0 87 -18 2]
 P 90999 1784 205086 13760219
PT [1 0 88 -18 2]
 P 92492 1784 205089 13880519
PT [1 0 89 -18 2]
 P 94991 2126 205108 14002558
PT [1 0 90 -19 2]
 P 97157 2126 205111 14121119
PT [1 0 91 -19 2]
 P 99433 2469 205130 14243607
PT [1 0 92 -18 2]
 P 102158 2541 205148 14363233
PT [1 0 93 -20 2]
 P 104773 2541 205151 14482019
PT [1 0 94 -20 2]
 P 107324 2541 205154 14602319
PT [1 0 95 -20 2]
 P 109599 2884 205173 14723814
PT [1 0 96 -20 2]
 P 112418 3227 205191 14845330
PT [1 0 97 -20 2]
 P 114917 3570 205209 14964285
PT [1 0 98 -20 2]
 P 116585 3913 205227 15084778
PT [1 0 99 -21 2]
 P 117761 3913 205230 15203819
PT [1 0 100 -21 2]
 P 120131 4256 205249 15325057
PT [1 0 101 -21 2]
 P 120988 4256 205252 15444419
PT [1 0 102 -21 2]
 P 123061 4256 205255 15564719
PT [1 0 103 -21 2]
 P 125625 4328 205274 15687175
PT [1 0 104 -21 2]
 P 127068 4671 205292 15808177
PT [1 0 105 -22 2]
 P 128447 5014 205311 15926621
PT [1 0 106 -22 2]
 P 129625 5014 205314 16045919
PT [1 0 107 -22 2]
 P 130483 5014 205317 16166219
PT [1 0 108 -22 2]
 P 133335 5086 205336 16289250
PT [1 0 109 -22 2]
 P 134514 5086 205339 16406819
PT [1 0 110 -22 2]
 P 135373 5086 205342 16527119
PT [1 0 111 -22 2]
 P 137136 5158 205361 16649317
PT [1 0 112 -23 2]
 P 139212 5158 205364 16767719
PT [1 0 113 -23 2]
 P 141160 5158 205375 16890111
PT [1 0 114 -23 2]
 P 143940 5158 205378 17008319
PT [1 0 115 -23 2]
 P 144007 5158 211340 17132195
PT [1 0 116 -23 2]
 P 144932 5158 211343 17248919
PT [1 0 117 -23 2]
 P 147209 5230 211361 17370638
PT [1 0 118 -24 2]
 P 149862 5230 211364 17489519
PT [1 0 119 -24 2]
 P 152585 5302 211384 17611174
PT [1 0 120 -24 2]
 P 154407 5302 211387 17730119
PT [1 0 121 -24 2]
Warning: data sending process fails.
 P 157065 5367 211510 17853342
PT [1 0 122 -24 2]
 P 159591 5367 211513 17970719
PT [1 0 123 -24 2]
Warning: data sending process fails.
 P 161673 5432 211637 18092854
PT [1 0 124 -25 2]
 P 164392 5432 211640 18211319
PT [1 0 125 -25 2]
 P 167018 5504 211660 18333806
PT [1 0 126 -25 2]
 P 169783 5576 211678 18453433
PT [1 0 127 -25 2]
 P 172058 5918 211697 18573413
PT [1 0 128 -25 2]
 P 174782 6262 211716 18694930
PT [1 0 129 -24 2]
 P 177182 6262 211719 18812819
PT [1 0 130 -24 2]
 P 177248 6262 217682 18938007
PT [1 0 131 -24 2]
 P 178817 6262 217685 19053419
PT [1 0 132 -24 2]
 P 181092 6334 217703 19175137
PT [1 0 133 -26 2]
 P 183365 6334 217706 19294019
PT [1 0 134 -26 2]
 P 186088 6676 217725 19415673
PT [1 0 135 -27 2]
 P 188554 6676 217728 19534619
PT [1 0 136 -27 2]
 P 191214 6748 217747 19657746
PT [1 0 137 -26 2]
 P 193360 6748 217751 19775219
PT [1 0 138 -26 2]
 P 195443 6820 217769 19897257
PT [1 0 139 -27 2]
 P 196758 6820 217772 20015819
PT [1 0 140 -27 2]
 P 199800 6892 217791 20138305
PT [1 0 141 -28 2]
 P 201820 6892 217794 20256419
PT [1 0 142 -28 2]
 P 203262 6964 217813 20378841
PT [1 0 143 -28 2]
 P 205474 6964 217816 20497019
PT [1 0 144 -28 2]
 P 206853 7306 217834 20618865
PT [1 0 145 -28 2]
 P 208746 7306 217837 20737619
PT [1 0 146 -28 2]
 P 211597 7378 217857 20860426
PT [1 0 147 -29 2]
 P 212658 7378 217860 20978219
PT [1 0 148 -29 2]
 P 214365 7450 217879 21100034
PT [1 0 149 -29 2]
 P 216131 7450 217882 21218819
PT [1 0 150 -29 2]
 P 218406 7522 217900 21340313
PT [1 0 151 -29 2]
 P 220255 7522 217903 21459419
PT [1 0 152 -29 2]
 P 222977 7594 217922 21582129
PT [1 0 153 -30 2]
 P 224507 7594 217925 21700019
PT [1 0 154 -30 2]
 P 227166 7937 217944 21821386
PT [1 0 155 -30 2]
 P 228728 7937 217947 21940619
PT [1 0 156 -30 2]
 P 230811 8009 217965 22062177
PT [1 0 157 -30 2]
 P 233855 8081 217983 22182158
PT [1 0 158 -30 2]
 P 235866 8081 217986 22301519
PT [1 0 159 -30 2]
 P 237308 8153 218005 22423973
PT [1 0 160 -31 2]
 P 239256 8153 218008 22542119
PT [1 0 161 -31 2]
 P 241566 8424 218018 22664712
PT [1 0 162 -31 2]
 P 244385 8496 218036 22784137
PT [1 0 163 -31 2]
 P 245757 8496 218040 22903019
PT [1 0 164 -31 2]
 P 248255 8568 218059 23024673
PT [1 0 165 -32 2]
 P 250589 8568 218062 23143619
PT [1 0 166 -32 2]
 P 252255 8911 218081 23266745
PT [1 0 167 -32 2]
 P 252989 8911 218084 23384219
PT [1 0 168 -32 2]
 P 255360 8983 218102 23506257
PT [1 0 169 -32 2]
 P 258078 8983 218105 23624819
PT [1 0 170 -32 2]
 P 260703 9055 218125 23747306
PT [1 0 171 -33 2]
 P 262958 9055 218136 23866368
PT [1 0 172 -33 2]
 P 265582 9127 218156 23987137
PT [1 0 173 -33 2]
 P 268209 9469 218176 24107374
PT [1 0 174 -33 2]
 P 270780 9541 218195 24227833
PT [1 0 175 -33 2]
 P 273406 9883 218215 24347813
PT [1 0 176 -33 2]
 P 276030 10225 218236 24469329
PT [1 0 177 -34 2]
 P 278655 10297 218256 24588285
PT [1 0 178 -34 2]
 P 281280 10639 218277 24708778
PT [1 0 179 -34 2]
Warning: data sending process fails.
 P 283906 10704 218401 24828855
PT [1 0 180 -34 2]
 P 286531 10776 218420 24950275
PT [1 0 181 -34 2]
 P 289156 11118 218440 25071277
PT [1 0 182 -34 2]
 P 291781 11460 218461 25189721
PT [1 0 183 -35 2]
 P 294406 11802 218482 25311750
PT [1 0 184 -35 2]
 P 297032 11874 218501 25431218
PT [1 0 185 -35 2]
Warning: data sending process fails.
 P 299658 12210 218625 25552319
PT [1 0 186 -35 2]
 P 302285 12282 218646 25672715
PT [1 0 187 -35 2]
 P 304911 12624 218665 25792693
PT [1 0 188 -35 2]
 P 307220 12624 218675 25911523
PT [1 0 189 -35 2]
 P 309845 12696 218694 26032237
PT [1 0 190 -36 2]
 P 312470 13038 218714 26152474
PT [1 0 191 -35 2]
 P 315095 13110 218733 26274246
PT [1 0 192 -36 2]
 P 317721 13452 218752 26393457
PT [1 0 193 -36 2]
 P 320346 13794 218771 26514205
PT [1 0 194 -36 2]
 P 322971 13866 218790 26634441
PT [1 0 195 -37 2]
 P 325596 14208 218810 26754165
PT [1 0 196 -37 2]
 P 328222 14550 218829 26875426
PT [1 0 197 -37 2]
 P 330847 14892 218848 26994126
PT [1 0 198 -37 2]
 P 333473 15234 218866 27116409
PT [1 0 199 -37 2]
 P 336099 15576 218885 27236133
PT [1 0 200 -37 2]
 P 338724 15918 218904 27355345
PT [1 0 201 -38 2]
 P 341349 16260 218923 27476093
PT [1 0 202 -38 2]
 P 341416 16470 222315 27596895
PT [1 0 203 -38 2]
 P 341744 16542 225716 27716534
PT [1 0 204 -38 2]
 P 341809 16542 231678 27838798
PT [1 0 205 -38 2]
 P 342137 16614 235078 27957133
PT [1 0 206 -38 2]
 P 342204 16614 241040 28079399
PT [1 0 207 -38 2]
 P 344829 16686 241060 28197638
PT [1 0 208 -39 2]
 P 345158 16758 244461 28317715
PT [1 0 209 -38 2]
 P 345169 16758 247853 28437608
PT [1 0 210 -38 2]
 P 345497 16830 251253 28558633
PT [1 0 211 -39 2]
 P 345564 16830 257215 28680899
PT [1 0 212 -39 2]
 P 345892 16902 260615 28799234
PT [1 0 213 -40 2]
 P 346219 16974 264016 28919437
PT [1 0 214 -40 2]
 P 346286 17113 267408 29039144
PT [1 0 215 -40 2]
 P 348441 17113 267411 29158619
PT [1 0 216 -40 2]
 P 349508 17113 267414 29278919
PT [1 0 217 -40 2]
 P 351023 17113 267417 29399219
PT [1 0 218 -40 2]
 P 352474 17113 267421 29519519
PT [1 0 219 -40 2]
 P 353350 17113 267424 29639819
PT [1 0 220 -40 2]
 P 355186 17113 267427 29760119
PT [1 0 221 -40 2]
 P 357470 17113 267430 29880419
PT [1 0 222 -40 2]
 P 359691 17113 267433 30000719
PT [1 0 223 -40 2]
 P 360792 17113 267436 30121019
PT [1 0 224 -40 2]
 P 361893 17113 267439 30241319
PT [1 0 225 -40 2]
 P 362674 17113 267442 30361619
PT [1 0 226 -40 2]
 P 364672 17113 267445 30481919
PT [1 0 227 -40 2]
 P 367374 17113 267448 30602219
PT [1 0 228 -40 2]
 P 368220 17113 267451 30722519
PT [1 0 229 -40 2]
 P 370794 17113 267456 30842819
PT [1 0 230 -40 2]
 P 373102 17113 267467 30964123
PT [1 0 231 -40 2]
 P 374685 17113 267470 31083419
PT [1 0 232 -40 2]
 P 375789 17113 267474 31203719
PT [1 0 233 -40 2]
 P 377821 17113 267477 31324019
PT [1 0 234 -40 2]
 P 379789 17113 267480 31444319
PT [1 0 235 -40 2]
 P 381789 17113 267483 31564619
PT [1 0 236 -40 2]
 P 383181 17113 267487 31684919
PT [1 0 237 -40 2]
Warning: data sending process fails.
 P 385807 17178 267611 31806734
PT [1 0 238 -44 2]
 P 387392 17178 267614 31925519
PT [1 0 239 -44 2]
 P 389425 17178 267617 32045819
PT [1 0 240 -44 2]
 P 391395 17178 267620 32166119
PT [1 0 241 -44 2]
 P 391418 17178 271012 32287061
PT [1 0 242 -44 2]
 P 393692 17250 271031 32408137
PT [1 0 243 -45 2]
 P 394019 17322 274432 32528213
PT [1 0 244 -45 2]
 P 394019 17322 277822 32647319
PT [1 0 245 -45 2]
 P 395414 17322 277825 32767619
PT [1 0 246 -45 2]
 P 395414 17322 281215 32887919
PT [1 0 247 -45 2]
 P 397904 17322 281225 33008219
PT [1 0 248 -45 2]
EMPTY QUEUE
 P 398231 17322 284623 33130687
PT [1 0 249 -45 2]
 P 398231 17322 288013 33248819
PT [1 0 250 -45 2]
 P 400587 17322 288016 33369119
PT [1 0 251 -45 2]
 P 400587 17322 291406 33489419
PT [1 0 252 -45 2]
 P 400587 17322 294796 33609719
PT [1 0 253 -45 2]
EMPTY QUEUE
 P 403310 17322 294813 33730845
PT [1 0 254 -46 2]
 P 403310 17322 298203 33850319
PT [1 0 255 -46 2]
 P 404068 17322 298206 33970619
PT [1 0 256 -46 2]
 P 404068 17322 301596 34090919
PT [1 0 257 -46 2]
 P 404068 17322 304986 34211219
PT [1 0 258 -46 2]
EMPTY QUEUE
 P 404396 17322 308385 34333016
PT [1 0 259 -47 2]
 P 406566 17322 308393 34451819
PT [1 0 260 -47 2]
 P 408317 17322 308396 34572119
PT [1 0 261 -47 2]
 P 408317 17322 311786 34692419
PT [1 0 262 -47 2]
 P 408317 17322 315176 34812719
PT [1 0 263 -47 2]
EMPTY QUEUE
 P 408643 17322 318575 34934963
PT [1 0 264 -48 2]
 P 408643 17322 321965 35053319
PT [1 0 265 -48 2]
 P 409724 17322 321968 35173619
PT [1 0 266 -48 2]
 P 412022 17322 321976 35293919
PT [1 0 267 -48 2]
 P 412022 17322 325366 35414219
PT [1 0 268 -48 2]
EMPTY QUEUE
 P 412348 17322 328765 35536401
PT [1 0 269 -49 2]
 P 412348 17322 332155 35654819
PT [1 0 270 -49 2]
 P 414678 17322 332158 35775119
PT [1 0 271 -49 2]
 P 416624 17322 332167 35895419
PT [1 0 272 -49 2]
 P 416624 17322 335557 36015719
PT [1 0 273 -49 2]
EMPTY QUEUE
 P 416951 17322 338955 36137323
PT [1 0 274 -49 2]
 P 416951 17322 342345 36256319
PT [1 0 275 -49 2]
 P 418450 17322 342348 36376619
PT [1 0 276 -49 2]
 P 418450 17322 345738 36496919
PT [1 0 277 -49 2]
 P 420940 17322 345746 36617219
PT [1 0 278 -49 2]
EMPTY QUEUE
 P 421268 17322 349144 36739784
PT [1 0 279 -50 2]
 P 421268 17322 352534 36857819
PT [1 0 280 -50 2]
 P 423473 17322 352537 36978119
PT [1 0 281 -50 2]
 P 423473 17322 355927 37098419
PT [1 0 282 -50 2]
 P 425812 17322 355935 37218719
PT [1 0 283 -50 2]
EMPTY QUEUE
 P 426140 17322 359334 37340292
PT [1 0 284 -51 2]
 P 428438 17322 359342 37459319
PT [1 0 285 -51 2]
 P 430836 17322 359345 37579619
PT [1 0 286 -51 2]
 P 430836 17322 362735 37699919
PT [1 0 287 -51 2]
 P 430836 17322 366125 37820219
PT [1 0 288 -51 2]
EMPTY QUEUE
 P 431163 17322 369524 37941472
PT [1 0 289 -52 2]
 P 431163 17322 372914 38060819
PT [1 0 290 -52 2]
 P 433109 17322 372922 38181119
PT [1 0 291 -52 2]
 P 434709 17322 372925 38301419
PT [1 0 292 -52 2]
 P 434709 17322 376315 38421719
PT [1 0 293 -52 2]
EMPTY QUEUE
 P 435036 17322 379714 38544187
PT [1 0 294 -53 2]
 P 435036 17322 383104 38662319
PT [1 0 295 -53 2]
 P 435036 17322 386494 38782619
PT [1 0 296 -53 2]
 P 437526 17322 386502 38902919
PT [1 0 297 -53 2]
 P 439127 17322 386506 39023219
PT [1 0 298 -53 2]
EMPTY QUEUE
 P 439455 17322 389904 39144343
PT [1 0 299 -53 2]
 P 439455 17322 393294 39263819
PT [1 0 300 -53 2]
 P 439455 17322 396684 39384119
PT [1 0 301 -53 2]
 P 439455 17322 400074 39504419
PT [1 0 302 -53 2]
 P 440258 17322 400077 39624719
PT [1 0 303 -53 2]
EMPTY QUEUE
 P 442828 17322 400093 39746292
PT [1 0 304 -54 2]
 P 445126 17322 400101 39865319
PT [1 0 305 -54 2]
 P 445126 17322 403491 39985619
PT [1 0 306 -54 2]
 P 445126 17322 406881 40105919
PT [1 0 307 -54 2]
 P 446538 17322 406884 40226219
PT [1 0 308 -54 2]
EMPTY QUEUE
 P 446866 17322 410283 40347472
PT [1 0 309 -55 2]
 P 448813 17322 410291 40466819
PT [1 0 310 -55 2]
 P 448813 17322 413681 40587119
PT [1 0 311 -55 2]
 P 448813 17322 417071 40707419
PT [1 0 312 -55 2]
 P 451187 17322 417074 40827719
PT [1 0 313 -55 2]
EMPTY QUEUE
 P 451198 17322 420466 40949864
PT [1 0 314 -55 2]
EMPTY QUEUE
 P 453698 17322 420477 41069172
PT [1 0 315 -55 2]
EMPTY QUEUE
 P 454026 17322 423875 41189892
PT [1 0 316 -56 2]
 P 454026 17322 427265 41308919
PT [1 0 317 -56 2]
 P 454691 17322 427268 41429219
PT [1 0 318 -56 2]
 P 454691 17322 430658 41549519
PT [1 0 319 -56 2]
 P 457084 17322 430668 41669819
PT [1 0 320 -56 2]
EMPTY QUEUE
 P 457412 17322 434067 41791072
PT [1 0 321 -57 2]
 P 457412 17322 437457 41910419
PT [1 0 322 -57 2]
 P 460064 17322 437460 42030719
PT [1 0 323 -57 2]
 P 460064 17322 440850 42151019
PT [1 0 324 -57 2]
 P 460064 17322 444240 42271319
PT [1 0 325 -57 2]
EMPTY QUEUE
 P 462505 17322 444258 42392891
PT [1 0 326 -58 2]
 P 464802 17322 444267 42511919
PT [1 0 327 -58 2]
 P 467166 17322 444270 42632219
PT [1 0 328 -58 2]
 P 467166 17322 447660 42752519
PT [1 0 329 -58 2]
 P 467166 17322 451050 42872819
PT [1 0 330 -58 2]
EMPTY QUEUE
 P 467494 17322 454448 42994071
PT [1 0 331 -59 2]
 P 469439 17322 454457 43113419
PT [1 0 332 -59 2]
 P 470876 17322 454460 43233719
PT [1 0 333 -59 2]
 P 470876 17322 457850 43354019
PT [1 0 334 -59 2]
 P 470876 17322 461240 43474319
PT [1 0 335 -59 2]
EMPTY QUEUE
 P 471204 17322 464638 43596788
PT [1 0 336 -59 2]
 P 471204 17322 468028 43714919
PT [1 0 337 -59 2]
 P 472611 17322 468032 43835219
PT [1 0 338 -59 2]
 P 474908 17322 468040 43955519
PT [1 0 339 -59 2]
 P 474908 17322 471430 44075819
PT [1 0 340 -59 2]
EMPTY QUEUE
 P 475236 17322 474828 44196944
PT [1 0 341 -60 2]
 P 475236 17322 478218 44316419
PT [1 0 342 -60 2]
 P 476996 17322 478221 44436719
PT [1 0 343 -60 2]
 P 478941 17322 478229 44557019
PT [1 0 344 -60 2]
 P 478941 17322 481619 44677319
PT [1 0 345 -60 2]
EMPTY QUEUE
 P 479268 17322 485018 44798635
PT [1 0 346 -61 2]
 P 479268 17322 488408 44917919
PT [1 0 347 -61 2]
 P 481478 17322 488411 45038219
PT [1 0 348 -61 2]
 P 481478 17322 491801 45158519
PT [1 0 349 -61 2]
 P 483968 17322 491809 45278819
PT [1 0 350 -61 2]
EMPTY QUEUE
 P 484294 17322 495208 45399815
PT [1 0 351 -62 2]
 P 484294 17322 498598 45519419
PT [1 0 352 -62 2]
 P 486441 17322 498601 45639719
PT [1 0 353 -62 2]
 P 486441 17322 501991 45760019
PT [1 0 354 -62 2]
 P 486441 17322 505381 45880319
PT [1 0 355 -62 2]
EMPTY QUEUE
 P 489162 17322 505397 46002531
PT [1 0 356 -63 2]
 P 489162 17322 508787 46120919
PT [1 0 357 -63 2]
 P 491022 17322 508790 46241219
PT [1 0 358 -63 2]
 P 491022 17322 512180 46361519
PT [1 0 359 -63 2]
 P 491022 17322 515570 46481819
PT [1 0 360 -63 2]
EMPTY QUEUE
 P 491350 17322 518968 46603424
PT [1 0 361 -63 2]
 P 493519 17322 518976 46722419
PT [1 0 362 -63 2]
 P 494453 17322 518979 46842719
PT [1 0 363 -63 2]
 P 494453 17322 522369 46963019
PT [1 0 364 -63 2]
 P 494453 17322 525759 47083319
PT [1 0 365 -63 2]
EMPTY QUEUE
 P 494781 17322 529157 47205884
PT [1 0 366 -64 2]
 P 497110 17322 529165 47323919
PT [1 0 367 -64 2]
 P 498845 17322 529168 47444219
PT [1 0 368 -64 2]
 P 498845 17322 532558 47564519
PT [1 0 369 -64 2]
 P 498845 17322 535948 47684819
PT [1 0 370 -64 2]
EMPTY QUEUE
 P 499172 17322 539347 47805783
PT [1 0 371 -65 2]
 P 500509 17322 539355 47925419
PT [1 0 372 -65 2]
 P 501382 17322 539358 48045719
PT [1 0 373 -65 2]
 P 501382 17322 542748 48166019
PT [1 0 374 -65 2]
 P 501382 17322 546138 48286319
PT [1 0 375 -65 2]
EMPTY QUEUE
 P 501709 17322 549537 48409267
PT [1 0 376 -66 2]
 P 503463 17322 549545 48526919
PT [1 0 377 -66 2]
 P 504369 17322 549548 48647219
PT [1 0 378 -66 2]
 P 504369 17322 552938 48767519
PT [1 0 379 -66 2]
 P 504369 17322 556328 48887819
PT [1 0 380 -66 2]
EMPTY QUEUE
 P 504696 17322 559726 49010193
PT [1 0 381 -67 2]
 P 506682 17322 559734 49128419
PT [1 0 382 -67 2]
 P 508979 17322 559742 49248719
PT [1 0 383 -67 2]
 P 510495 17322 559745 49369019
PT [1 0 384 -67 2]
 P 510495 17322 563135 49489319
PT [1 0 385 -67 2]
EMPTY QUEUE
 P 510823 17322 566533 49610796
PT [1 0 386 -67 2]
 P 510823 17322 569923 49729919
PT [1 0 387 -67 2]
 P 512767 17322 569932 49850219
PT [1 0 388 -67 2]
 P 513804 17322 569935 49970519
PT [1 0 389 -67 2]
 P 513804 17322 573325 50090819
PT [1 0 390 -67 2]
EMPTY QUEUE
 P 513869 17322 576717 50211963
PT [1 0 391 -67 2]
EMPTY QUEUE
 P 514196 17322 580116 50332693
PT [1 0 392 -68 2]
 P 516684 17322 580125 50451719
PT [1 0 393 -68 2]
 P 518650 17322 580129 50572019
PT [1 0 394 -68 2]
 P 518650 17322 583519 50692319
PT [1 0 395 -68 2]
 P 518650 17322 586909 50812619
PT [1 0 396 -68 2]
EMPTY QUEUE
 P 518661 17322 590301 50933548
PT [1 0 397 -68 2]
EMPTY QUEUE
 P 521380 17322 590318 51054396
PT [1 0 398 -69 2]
 P 522100 17322 590321 51173519
PT [1 0 399 -69 2]
 P 522100 17322 593711 51293819
PT [1 0 400 -69 2]
 P 522100 17322 597101 51414119
PT [1 0 401 -69 2]
 P 522100 17322 600491 51534419
PT [1 0 402 -69 2]
EMPTY QUEUE
 P 524596 17322 600509 51655832
PT [1 0 403 -70 2]
 P 526501 17322 600512 51775019
PT [1 0 404 -70 2]
 P 528023 17322 600515 51895319
PT [1 0 405 -70 2]
 P 528023 17322 603905 52015619
PT [1 0 406 -70 2]
 P 528023 17322 607295 52135919
PT [1 0 407 -70 2]
EMPTY QUEUE
 P 530624 17322 607313 52257492
PT [1 0 408 -71 2]
 P 532920 17322 607322 52376519
PT [1 0 409 -71 2]
 P 534891 17322 607325 52496819
PT [1 0 410 -71 2]
 P 534891 17322 610715 52617119
PT [1 0 411 -71 2]
 P 534891 17322 614105 52737419
PT [1 0 412 -71 2]
EMPTY QUEUE
 P 535219 17322 617503 52858671
PT [1 0 413 -72 2]
 P 537163 17322 617511 52978019
PT [1 0 414 -72 2]
 P 537887 17322 617515 53098319
PT [1 0 415 -72 2]
 P 537887 17322 620905 53218619
PT [1 0 416 -72 2]
 P 537887 17322 624295 53338919
PT [1 0 417 -72 2]
EMPTY QUEUE
 P 537898 17322 627687 53461064
PT [1 0 418 -72 2]
EMPTY QUEUE
 P 540397 17322 627697 53580372
PT [1 0 419 -72 2]
 P 542307 17322 627700 53699819
PT [1 0 420 -72 2]
EMPTY QUEUE
 P 542635 17322 631099 53821392
PT [1 0 421 -73 2]
 P 542635 17322 634489 53940419
PT [1 0 422 -73 2]
 P 542635 17322 637879 54060719
PT [1 0 423 -73 2]
 P 545027 17322 637887 54181019
PT [1 0 424 -73 2]
 P 546970 17322 637890 54301319
PT [1 0 425 -73 2]
EMPTY QUEUE
 P 547297 17322 641289 54422571
PT [1 0 426 -74 2]
 P 547297 17322 644679 54541919
PT [1 0 427 -74 2]
 P 547297 17322 648069 54662219
PT [1 0 428 -74 2]
 P 549465 17322 648077 54782519
PT [1 0 429 -74 2]
 P 550802 17322 648080 54902819
PT [1 0 430 -74 2]
EMPTY QUEUE
 P 551130 17322 651478 55025287
PT [1 0 431 -74 2]
 P 551130 17322 654868 55143419
PT [1 0 432 -74 2]
 P 551130 17322 658258 55263719
PT [1 0 433 -74 2]
 P 553458 17322 658266 55384019
PT [1 0 434 -74 2]
 P 556108 17322 658269 55504319
PT [1 0 435 -74 2]
EMPTY QUEUE
 P 556436 17322 661667 55625444
PT [1 0 436 -75 2]
 P 556436 17322 665057 55744919
PT [1 0 437 -75 2]
 P 556436 17322 668447 55865219
PT [1 0 438 -75 2]
 P 556436 17322 671837 55985519
PT [1 0 439 -75 2]
 P 558732 17322 671845 56105819
PT [1 0 440 -75 2]
 P 560264 17322 671848 56226119
PT [1 0 441 -75 2]
EMPTY QUEUE
 P 560592 17322 675246 56347436
PT [1 0 442 -76 2]
 P 560592 17322 678636 56466719
PT [1 0 443 -76 2]
 P 560592 17322 682026 56587019
PT [1 0 444 -76 2]
 P 562536 17322 682034 56707319
PT [1 0 445 -76 2]
 P 563589 17322 682037 56827619
PT [1 0 446 -76 2]
EMPTY QUEUE
 P 563917 17322 685436 56948616
PT [1 0 447 -77 2]
 P 563917 17322 688826 57068219
PT [1 0 448 -77 2]
 P 563917 17322 692216 57188519
PT [1 0 449 -77 2]
 P 566405 17322 692224 57308819
PT [1 0 450 -77 2]
 P 568388 17322 692227 57429119
PT [1 0 451 -77 2]
EMPTY QUEUE
 P 568714 17322 695626 57551331
PT [1 0 452 -78 2]
 P 568714 17322 699016 57669719
PT [1 0 453 -78 2]
 P 568714 17322 702406 57790019
PT [1 0 454 -78 2]
 P 571106 17322 702414 57910319
PT [1 0 455 -78 2]
 P 571842 17322 702417 58030619
PT [1 0 456 -78 2]
EMPTY QUEUE
 P 572169 17322 705815 58153535
PT [1 0 457 -79 2]
 P 572169 17322 709205 58271219
PT [1 0 458 -79 2]
 P 572169 17322 712595 58391519
PT [1 0 459 -79 2]
 P 574337 17322 712603 58511819
PT [1 0 460 -79 2]
 P 576258 17322 712607 58632119
PT [1 0 461 -79 2]
EMPTY QUEUE
 P 576586 17322 716005 58753180
PT [1 0 462 -79 2]
 P 576586 17322 719395 58872719
PT [1 0 463 -79 2]
 P 576586 17322 722785 58993019
PT [1 0 464 -79 2]
 P 578914 17322 722793 59113319
PT [1 0 465 -79 2]
 P 580869 17322 722796 59233619
PT [1 0 466 -79 2]
 P 582408 17322 722799 59353919
PT [1 0 467 -79 2]
 P 583947 17322 722803 59474219
PT [1 0 468 -79 2]
EMPTY QUEUE
 P 584275 17322 726201 59597009
PT [1 0 469 -80 2]
 P 585612 17322 726209 59714819
PT [1 0 470 -80 2]
 P 585612 17322 729599 59835119
PT [1 0 471 -80 2]
 P 585612 17322 732989 59955419
PT [1 0 472 -80 2]
 P 586673 17322 732992 60075719
PT [1 0 473 -80 2]
EMPTY QUEUE
 P 587000 17322 736390 60197676
PT [1 0 474 -81 2]
 P 588752 17322 736399 60316319
PT [1 0 475 -81 2]
 P 588752 17322 739789 60436619
PT [1 0 476 -81 2]
 P 588752 17322 743179 60556919
PT [1 0 477 -81 2]
 P 590742 17322 743182 60677219
PT [1 0 478 -81 2]
 P 591485 17322 743185 60797519
PT [1 0 479 -81 2]
EMPTY QUEUE
 P 593590 17322 745766 60921106
PT [1 0 480 -81 2]
EMPTY QUEUE
 P 593656 17322 751729 61041695
PT [1 0 481 -81 2]
EMPTY QUEUE
 P 593984 17322 755127 61159691
PT [1 0 482 -83 2]
 P 593984 17322 758517 61278719
PT [1 0 483 -83 2]
 P 595912 17322 758520 61399019
PT [1 0 484 -83 2]
 P 598624 17322 758529 61519319
PT [1 0 485 -83 2]
 P 598624 17322 761919 61639619
PT [1 0 486 -83 2]
EMPTY QUEUE
 P 598952 17322 765317 61760872
PT [1 0 487 -83 2]
 P 598952 17322 768707 61880219
PT [1 0 488 -83 2]
 P 600913 17322 768711 62000519
PT [1 0 489 -83 2]
 P 603145 17322 768719 62120819
PT [1 0 490 -83 2]
 P 603145 17322 772109 62241119
PT [1 0 491 -83 2]
EMPTY QUEUE
 P 603474 17322 775507 62363589
PT [1 0 492 -84 2]
 P 603474 17322 778897 62481719
PT [1 0 493 -84 2]
 P 604829 17322 778900 62602019
PT [1 0 494 -84 2]
 P 605941 17322 778908 62722319
PT [1 0 495 -84 2]
 P 605941 17322 782298 62842619
PT [1 0 496 -84 2]
EMPTY QUEUE
 P 606270 17322 785697 62963745
PT [1 0 497 -84 2]
 P 606270 17322 789087 63083219
PT [1 0 498 -84 2]
 P 608938 17322 789090 63203519
PT [1 0 499 -84 2]
 P 610851 17322 789099 63323819
PT [1 0 500 -84 2]
 P 610851 17322 792489 63444119
PT [1 0 501 -84 2]
EMPTY QUEUE
 P 611178 17322 795888 63565435
PT [1 0 502 -86 2]
 P 611178 17322 799278 63684719
PT [1 0 503 -86 2]
 P 613496 17322 799281 63805019
PT [1 0 504 -86 2]
 P 614544 17322 799289 63925319
PT [1 0 505 -86 2]
 P 614544 17322 802679 64045619
PT [1 0 506 -86 2]
EMPTY QUEUE
 P 614872 17322 806077 64166615
PT [1 0 507 -86 2]
 P 614872 17322 809467 64286219
PT [1 0 508 -86 2]
 P 615687 17322 809470 64406519
PT [1 0 509 -86 2]
 P 616768 17322 809478 64526819
PT [1 0 510 -86 2]
 P 616768 17322 812868 64647119
PT [1 0 511 -86 2]
EMPTY QUEUE
 P 617096 17322 816266 64769332
PT [1 0 512 -87 2]
 P 617096 17322 819656 64887719
PT [1 0 513 -87 2]
 P 617816 17322 819660 65008019
PT [1 0 514 -87 2]
 P 620281 17322 819668 65128319
PT [1 0 515 -87 2]
 P 622577 17322 819676 65248619
PT [1 0 516 -87 2]
EMPTY QUEUE
 P 622905 17322 823075 65370096
PT [1 0 517 -88 2]
 P 622905 17322 826465 65489219
PT [1 0 518 -88 2]
 P 625451 17322 826468 65609519
PT [1 0 519 -88 2]
 P 625451 17322 829858 65729819
PT [1 0 520 -88 2]
 P 627395 17322 829866 65850119
PT [1 0 521 -88 2]
EMPTY QUEUE
 P 627722 17322 833265 65971531
PT [1 0 522 -89 2]
 P 627722 17322 836655 66090719
PT [1 0 523 -89 2]
 P 630429 17322 836658 66211019
PT [1 0 524 -89 2]
 P 630429 17322 840048 66331319
PT [1 0 525 -89 2]
 P 632917 17322 840056 66451619
PT [1 0 526 -89 2]
EMPTY QUEUE
 P 633243 17322 843455 66574503
PT [1 0 527 -90 2]
 P 633243 17322 846845 66692219
PT [1 0 528 -90 2]
 P 634960 17322 846848 66812519
PT [1 0 529 -90 2]
 P 634960 17322 850238 66932819
PT [1 0 530 -90 2]
 P 637352 17322 850246 67053119
PT [1 0 531 -90 2]
EMPTY QUEUE
 P 637679 17322 853644 67174915
PT [1 0 532 -90 2]
 P 637679 17322 857034 67293719
PT [1 0 533 -90 2]
 P 639813 17322 857037 67414019
PT [1 0 534 -90 2]
 P 639813 17322 860427 67534319
PT [1 0 535 -90 2]
 P 641981 17322 860435 67654619
PT [1 0 536 -90 2]
EMPTY QUEUE
 P 642308 17322 863833 67776864
PT [1 0 537 -91 2]
 P 642308 17322 867223 67895219
PT [1 0 538 -91 2]
 P 644732 17322 867226 68015519
PT [1 0 539 -91 2]
 P 644732 17322 870616 68135819
PT [1 0 540 -91 2]
 P 647060 17322 870624 68256119
PT [1 0 541 -91 2]
EMPTY QUEUE
 P 647389 17322 874023 68378301
PT [1 0 542 -92 2]
 P 647389 17322 877413 68496719
PT [1 0 543 -92 2]
 P 648438 17322 877416 68617019
PT [1 0 544 -92 2]
 P 648438 17322 880806 68737319
PT [1 0 545 -92 2]
 P 649774 17322 880814 68857619
PT [1 0 546 -92 2]
EMPTY QUEUE
 P 652397 17322 880831 68979095
PT [1 0 547 -93 2]
 P 652397 17322 884221 69098219
PT [1 0 548 -93 2]
 P 655015 17322 884225 69218519
PT [1 0 549 -93 2]
 P 655015 17322 887615 69338819
PT [1 0 550 -93 2]
 P 655015 17322 891005 69459119
PT [1 0 551 -93 2]
EMPTY QUEUE
 P 657285 17322 891023 69580531
PT [1 0 552 -94 2]
 P 657285 17322 894413 69699719
PT [1 0 553 -94 2]
 P 658785 17322 894416 69820019
PT [1 0 554 -94 2]
 P 658785 17322 897806 69940319
PT [1 0 555 -94 2]
 P 658785 17322 901196 70060619
PT [1 0 556 -94 2]
EMPTY QUEUE
 P 661599 17322 901213 70183503
PT [1 0 557 -94 2]
 P 661599 17322 904603 70301219
PT [1 0 558 -94 2]
 P 663900 17322 904606 70421519
PT [1 0 559 -94 2]
 P 663900 17322 907996 70541819
PT [1 0 560 -94 2]
 P 663900 17322 911386 70662119
PT [1 0 561 -94 2]
EMPTY QUEUE
 P 666618 17322 911403 70783916
PT [1 0 562 -95 2]
 P 666618 17322 914793 70902719
PT [1 0 563 -95 2]
 P 668057 17322 914796 71023019
PT [1 0 564 -95 2]
 P 668057 17322 918186 71143319
PT [1 0 565 -95 2]
 P 668057 17322 921576 71263619
PT [1 0 566 -95 2]
EMPTY QUEUE
 P 670552 17322 921594 71385864
PT [1 0 567 -96 2]
 P 670552 17322 924984 71504219
PT [1 0 568 -96 2]
 P 672024 17322 924987 71624519
PT [1 0 569 -96 2]
 P 672024 17322 928377 71744819
PT [1 0 570 -96 2]
 P 672024 17322 931767 71865119
PT [1 0 571 -96 2]
EMPTY QUEUE
 P 674678 17322 931785 71987299
PT [1 0 572 -97 2]
 P 674678 17322 935175 72105719
PT [1 0 573 -97 2]
 P 675543 17322 935179 72226019
PT [1 0 574 -97 2]
 P 675543 17322 938569 72346319
PT [1 0 575 -97 2]
 P 675543 17322 941959 72466619
PT [1 0 576 -97 2]
EMPTY QUEUE
 P 677207 17322 941975 72588224
PT [1 0 577 -98 2]
 P 677207 17322 945365 72707219
PT [1 0 578 -98 2]
 P 679386 17322 945368 72827519
PT [1 0 579 -98 2]
 P 680957 17322 945371 72947819
PT [1 0 580 -98 2]
 P 680957 17322 948761 73068119
PT [1 0 581 -98 2]
EMPTY QUEUE
 P 683038 17322 948778 73190685
PT [1 0 582 -98 2]
 P 683038 17322 952168 73308719
PT [1 0 583 -98 2]
 P 683038 17322 955558 73429019
PT [1 0 584 -98 2]
 P 684131 17322 955561 73549319
PT [1 0 585 -98 2]
 P 684131 17322 958951 73669619
PT [1 0 586 -98 2]
EMPTY QUEUE
 P 686498 17322 958968 73790584
PT [1 0 587 -99 2]
 P 686498 17322 962358 73910219
PT [1 0 588 -99 2]
 P 686498 17322 965748 74030519
PT [1 0 589 -99 2]
 P 688520 17322 965751 74150819
PT [1 0 590 -99 2]
 P 688520 17322 969141 74271119
PT [1 0 591 -99 2]
EMPTY QUEUE
 P 691559 17322 969159 74394068
PT [1 0 592 -100 2]
 P 691559 17322 972549 74511719
PT [1 0 593 -100 2]
 P 691559 17322 975939 74632019
PT [1 0 594 -100 2]
 P 692334 17322 975943 74752319
PT [1 0 595 -100 2]
 P 692334 17322 979333 74872619
PT [1 0 596 -100 2]
EMPTY QUEUE
 P 694892 17322 979350 74994991
PT [1 0 597 -101 2]
 P 694892 17322 982740 75113219
PT [1 0 598 -101 2]
 P 694892 17322 986130 75233519
PT [1 0 599 -101 2]
 P 696853 17322 986133 75353819
PT [1 0 600 -101 2]
 P 696853 17322 989523 75474119
PT [1 0 601 -101 2]
EMPTY QUEUE
 P 698292 17322 989539 75595692
PT [1 0 602 -102 2]
 P 700587 17322 989547 75714719
PT [1 0 603 -102 2]
 P 700587 17322 992937 75835019
PT [1 0 604 -102 2]
 P 702581 17322 992940 75955319
PT [1 0 605 -102 2]
 P 702581 17322 996330 76075619
PT [1 0 606 -102 2]
EMPTY QUEUE
 P 702909 17322 999728 76196872
PT [1 0 607 -102 2]
 P 704852 17322 999736 76316219
PT [1 0 608 -102 2]
 P 704852 17322 1003126 76436519
PT [1 0 609 -102 2]
 P 706240 17322 1003129 76556819
PT [1 0 610 -102 2]
 P 706240 17322 1006519 76677119
PT [1 0 611 -102 2]
EMPTY QUEUE
 P 706568 17322 1009918 76799588
PT [1 0 612 -103 2]
 P 709055 17322 1009926 76917719
PT [1 0 613 -103 2]
 P 709055 17322 1013316 77038019
PT [1 0 614 -103 2]
 P 711756 17322 1013319 77158319
PT [1 0 615 -103 2]
 P 711756 17322 1016709 77278619
PT [1 0 616 -103 2]
EMPTY QUEUE
 P 712083 17322 1020108 77399743
PT [1 0 617 -104 2]
 P 714474 17322 1020116 77519219
PT [1 0 618 -104 2]
 P 714474 17322 1023506 77639519
PT [1 0 619 -104 2]
 P 716825 17322 1023509 77759819
PT [1 0 620 -104 2]
 P 716825 17322 1026899 77880119
PT [1 0 621 -104 2]
EMPTY QUEUE
 P 717154 17322 1030297 78001436
PT [1 0 622 -105 2]
 P 719321 17322 1030305 78120719
PT [1 0 623 -105 2]
 P 719321 17322 1033695 78241019
PT [1 0 624 -105 2]
 P 720169 17322 1033698 78361319
PT [1 0 625 -105 2]
 P 720169 17322 1037088 78481619
PT [1 0 626 -105 2]
EMPTY QUEUE
 P 720497 17322 1040486 78602615
PT [1 0 627 -105 2]
