using saved target 'z1'
../../../../contiki/tools/sky/serialdump-linux -b115200 /dev/ttyUSB3
connecting to /dev/ttyUSB3 (115200) [OK]
Rime started with address 4.0
MAC 04:00:00:00:00:00:00:00 Ref ID: 4841
Contiki-3.x-2125-g5d67a61 started. Node id is set to 4.

************************************************
RTIMER_SECOND = 32768. F_CPU=8000000.
CLOCK_SECOND=128.
DURSLOT = 6015.(0.1835 s).
DURSLEEP = 114285.
DURCYCLE = 120300 .(3.6712 s).
MAX_CLOCK_DRIFT = WAKEUP_ADVANCE_TIME = 327 (0.0033 s).
PERIODIC_BCAST_CYCLES_SENSOR = 196611.
PERIODIC_BCAST_CYCLES_SINK = 196611.
MAX_CYCLE_COUNTER = 27904.
MAX_COUNT_NO_RTS_CTS = 65535.
MAX_CHILD_NUM = 10.
MAX_TRY_TO_FIND_PARENT = 3.

**********Below is Related Settings**********
PRIMAC_CONF_COMPOWER = 1.
PRIMAC_CONF_COMPOWER_SUPPORT = 1.
SF = 18.
PRI_SYNC_SUPPORT = 1.
RANDOM_DRIFT_IN_COOJA_SUPPORT = 0.
ADCSC_SUPPORT = 0.
DATA_TX_SUPPORT = 1.
CYCLES_PER_PACKET = 4.
DATA_INTERVAL = 9.
RETX_LIMIT = 6.
TOTAL_DATA_NUM = 50.
MAX_DATA_QUEUE_BUFS = 10.
PROC_GRADE_BASED_ON_ADDR_SUPPORT = 1.
NODES_NUM_PER_GRADE = 2.
ADDRESS_FREE_SUPPORT = 0.
IS_COOJA_SIM = 0.
CROSS_PLATFORM_SUPPORT = 1.
************************************************

My address is 4.0.
nullmac PRIMAC, channel check rate 8 Hz, radio channel 26
Starting
Hello, world
 P 0 0 0 3035276
 P 0 0 3450 3157501
 P 0 0 6840 3275876
 P 0 0 10230 3396176
 P 0 0 13620 3516476
 P 0 0 17010 3636776
EMPTY QUEUE
 P 359 0 20409 3759245
PT [2 0 1 -2 1]
 P 359 0 23799 3877376
PT [2 0 2 -2 1]
 P 359 0 27189 3997676
PT [2 0 3 -2 1]
 P 359 0 30579 4117976
PT [2 0 4 -2 1]
 P 3084 0 31244 4238276
PT [2 0 5 -2 1]
EMPTY QUEUE
 P 6083 0 32259 4360009
PT [2 0 6 -2 1]
 P 6083 0 35649 4478876
PT [2 0 7 -2 1]
 P 6083 0 39039 4599176
PT [2 0 8 -2 1]
 P 6083 0 42429 4719476
PT [2 0 9 -2 1]
rcv bro rts
 P 7009 0 42469 4839776
PT [2 0 10 -2 1]
rcv bro rts
EMPTY QUEUE
 P 8362 0 42518 4962085
PT [2 0 11 -2 1]
 P 9549 0 42522 5080376
PT [2 0 12 -2 1]
 P 9549 0 45912 5200676
PT [2 0 13 -2 1]
 P 9549 0 49302 5320976
PT [2 0 14 -2 1]
 P 9549 0 52692 5441276
PT [2 0 15 -2 1]
EMPTY QUEUE
 P 11736 0 52709 5563968
PT [2 0 16 -2 1]
 P 13036 0 52717 5681876
PT [2 0 17 -2 1]
 P 14302 0 52720 5802176
PT [2 0 18 -2 1]
 P 14302 0 56110 5922476
PT [2 0 19 -2 1]
 P 14302 0 59500 6042776
PT [2 0 20 -2 1]
EMPTY QUEUE
 P 14789 0 62898 6165372
PT [2 0 21 -2 1]
 P 17542 0 62907 6283376
PT [2 0 22 -2 1]
 P 18829 0 62910 6403676
PT [2 0 23 -2 1]
 P 20702 0 62913 6523976
PT [2 0 24 -2 1]
 P 20702 0 66303 6644276
PT [2 0 25 -2 1]
EMPTY QUEUE
 P 21317 0 69701 6766425
PT [2 0 26 -1 1]
 P 22703 0 69709 6884876
PT [2 0 27 -1 1]
 P 22703 0 73099 7005176
PT [2 0 28 -1 1]
 P 25075 0 73102 7125476
PT [2 0 29 -1 1]
 P 26281 0 73105 7245776
PT [2 0 30 -1 1]
EMPTY QUEUE
 P 26864 0 76503 7368853
PT [2 0 31 -1 1]
 P 27896 0 76512 7486376
PT [2 0 32 -1 1]
 P 27896 0 79902 7606676
PT [2 0 33 -1 1]
 P 27896 0 83292 7726976
PT [2 0 34 -1 1]
 P 29186 0 83295 7847276
PT [2 0 35 -1 1]
 P 30615 0 83299 7967576
PT [2 0 36 -1 1]
EMPTY QUEUE
 P 32488 0 83315 8089789
PT [2 0 37 -1 1]
 P 32488 0 86705 8208176
PT [2 0 38 -1 1]
 P 32488 0 90095 8328476
PT [2 0 39 -1 1]
 P 32488 0 93485 8448776
PT [2 0 40 -1 1]
 P 34705 0 93488 8569076
PT [2 0 41 -1 1]
 P 35564 0 93491 8689376
PT [2 0 42 -1 1]
EMPTY QUEUE
 P 36906 0 93507 8810757
PT [2 0 43 -1 1]
 P 36906 0 96897 8929976
PT [2 0 44 -1 1]
 P 36906 0 100287 9050276
PT [2 0 45 -1 1]
 P 36906 0 103677 9170576
PT [2 0 46 -1 1]
 P 38423 0 103680 9290876
PT [2 0 47 -1 1]
 P 39506 0 103683 9411176
PT [2 0 48 -1 1]
EMPTY QUEUE
 P 40816 0 103700 9533229
PT [2 0 49 -1 1]
 P 40816 0 107090 9651776
PT [2 0 50 -1 1]
 P 40816 0 110480 9772076
PT [2 0 51 -1 1]
 P 40816 0 113870 9892376
PT [2 0 52 -1 1]
 P 40816 0 117260 10012676
PT [2 0 53 -1 1]
 P 42092 0 117263 10132976
PT [2 0 54 -1 1]
EMPTY QUEUE
 P 43466 0 117281 10255285
PT [2 0 55 -1 1]
 P 43466 0 120671 10373576
PT [2 0 56 -1 1]
 P 43466 0 124061 10493876
PT [2 0 57 -1 1]
 P 43466 0 127451 10614176
PT [2 0 58 -1 1]
 P 44764 0 127454 10734476
PT [2 0 59 -1 1]
EMPTY QUEUE
 P 46985 0 127472 10856466
PT [2 0 60 -1 1]
 P 48243 0 127475 10975076
PT [2 0 61 -1 1]
 P 48243 0 130865 11095376
PT [2 0 62 -1 1]
 P 48243 0 134255 11215676
PT [2 0 63 -1 1]
 P 48243 0 137645 11335976
PT [2 0 64 -1 1]
EMPTY QUEUE
 P 50053 0 137662 11459213
PT [2 0 65 -1 1]
 P 51352 0 137665 11576576
PT [2 0 66 -1 1]
 P 53237 0 137668 11696876
PT [2 0 67 -1 1]
 P 53237 0 141058 11817176
PT [2 0 68 -1 1]
 P 53237 0 144448 11937476
PT [2 0 69 -1 1]
EMPTY QUEUE
 P 56542 0 144465 12059337
PT [2 0 70 -1 1]
 P 56764 0 147860 12179977
PT [2 0 71 -1 1]
 P 59149 0 147863 12298376
PT [2 0 72 -1 1]
 P 60367 0 147866 12418676
PT [2 0 73 -1 1]
 P 60432 0 153828 12543383
PT [2 0 74 -1 1]
 P 62304 72 153848 12661431
PT [2 0 75 -1 1]
 P 62369 72 157240 12781604
PT [2 0 76 -1 1]
 P 62983 144 160641 12902510
PT [2 0 77 -1 1]
 P 64286 144 160644 13020176
PT [2 0 78 -1 1]
 P 65729 144 160647 13140476
PT [2 0 79 -1 1]
 P 67377 216 160666 13263602
PT [2 0 80 -1 1]
 P 67444 282 164058 13383076
PT [2 0 81 -1 1]
 P 68060 354 167458 13504011
PT [2 0 82 -1 1]
 P 69939 708 167478 13624374
PT [2 0 83 0 1]
 P 71244 708 167481 13741976
PT [2 0 84 0 1]
 P 72529 708 167484 13862276
PT [2 0 85 0 1]
 P 74024 1062 167502 13985082
PT [2 0 86 0 1]
 P 74474 1062 170897 14105133
PT [2 0 87 0 1]
 P 76695 1417 170915 14225395
PT [2 0 88 0 1]
 P 78060 1417 173496 14347979
PT [2 0 89 0 1]
 P 79367 1417 173499 14463776
PT [2 0 90 0 1]
 P 80654 1417 173502 14584076
PT [2 0 91 0 1]
 P 82019 1772 173520 14706531
PT [2 0 92 0 1]
 P 82634 1844 176920 14827503
PT [2 0 93 0 1]
 P 84887 2200 176938 14947451
PT [2 0 94 0 1]
 P 86707 2272 176956 15066855
PT [2 0 95 0 1]
 P 88016 2272 176959 15185576
PT [2 0 96 0 1]
 P 89434 2626 176979 15308159
PT [2 0 97 0 1]
 P 90703 2626 176982 15426176
PT [2 0 98 0 1]
 P 92094 2626 176985 15546476
PT [2 0 99 0 1]
 P 93423 2909 177002 15668977
PT [2 0 100 0 1]
 P 93974 2981 180403 15788463
PT [2 0 101 0 1]
 P 96157 3336 180423 15908699
PT [2 0 102 0 1]
 P 97467 3336 180426 16027676
PT [2 0 103 0 1]
 P 98758 3336 180429 16147976
PT [2 0 104 0 1]
 P 100699 3619 180447 16270863
PT [2 0 105 0 1]
 P 102071 3619 180450 16388576
PT [2 0 106 0 1]
 P 103423 3619 180453 16508876
PT [2 0 107 0 1]
 P 104797 3619 180471 16630641
PT [2 0 108 0 1]
 P 106109 3619 180474 16749476
PT [2 0 109 0 1]
 P 107590 3619 180492 16871721
PT [2 0 110 0 1]
 P 108863 3619 180495 16990076
PT [2 0 111 0 1]
 P 109734 3619 180505 17111677
PT [2 0 112 0 1]
 P 111107 3619 180508 17230676
PT [2 0 113 0 1]
 P 112546 3619 180525 17353018
PT [2 0 114 0 1]
 P 113880 3619 180528 17471276
PT [2 0 115 0 1]
Warning: retx limit drop data
 P 115394 3619 180545 17594150
PT [2 0 116 0 1]
 P 116688 3619 180548 17711876
PT [2 0 117 0 1]
 P 118037 3619 180566 17834473
PT [2 0 118 0 1]
 P 119412 3619 180569 17952476
PT [2 0 119 0 1]
 P 120851 3619 180586 18074625
PT [2 0 120 0 1]
 P 122187 3619 180589 18193076
PT [2 0 121 0 1]
 P 123582 3619 180607 18315705
PT [2 0 122 0 1]
 P 124528 3619 183187 18438276
PT [2 0 123 0 1]
 P 125875 3691 183207 18556131
PT [2 0 124 0 1]
 P 127334 3763 183225 18677008
PT [2 0 125 2 1]
 P 128571 3763 183228 18794576
PT [2 0 126 2 1]
 P 129386 3763 183238 18916689
PT [2 0 127 2 1]
 P 130764 3763 183241 19035176
PT [2 0 128 2 1]
 P 132279 3763 183257 19157519
PT [2 0 129 0 1]
 P 133617 3763 183261 19275776
PT [2 0 130 0 1]
 P 135095 3835 183279 19398807
PT [2 0 131 0 1]
 P 136394 3835 183282 19516376
PT [2 0 132 0 1]
 P 137708 3835 183298 19638975
PT [2 0 133 0 1]
 P 139087 3835 183301 19756976
PT [2 0 134 0 1]
 P 140601 3835 183317 19879125
PT [2 0 135 1 1]
 P 141940 3835 183320 19997576
PT [2 0 136 1 1]
 P 143351 3835 183336 20120621
PT [2 0 137 1 1]
 P 144651 3835 183339 20238176
PT [2 0 138 1 1]
 P 146025 3835 183355 20359621
PT [2 0 139 1 1]
 P 147407 3835 183358 20478776
PT [2 0 140 1 1]
 P 148857 3907 183376 20600398
PT [2 0 141 1 1]
 P 150199 3907 183379 20719376
PT [2 0 142 1 1]
 P 151613 3907 183396 20842231
PT [2 0 143 1 1]
 P 152916 3907 183399 20959976
PT [2 0 144 1 1]
 P 153805 3907 185979 21083819
PT [2 0 145 1 1]
 P 155188 3907 185982 21200576
PT [2 0 146 1 1]
 P 156573 3907 185999 21322789
PT [2 0 147 1 1]
 P 157917 3907 186002 21441176
PT [2 0 148 1 1]
 P 159393 3907 186019 21563966
PT [2 0 149 1 1]
 P 160697 3907 186022 21681776
PT [2 0 150 1 1]
 P 162105 3979 186040 21804711
PT [2 0 151 1 1]
 P 163369 3979 186043 21922376
PT [2 0 152 1 1]
 P 164786 3979 186060 22044430
PT [2 0 153 1 1]
 P 166184 3979 186077 22165689
PT [2 0 154 1 1]
 P 167389 3979 186080 22283276
PT [2 0 155 1 1]
 P 168718 3979 186097 22404657
PT [2 0 156 1 1]
 P 169883 3979 186100 22523876
PT [2 0 157 1 1]
 P 171185 4051 186120 22646748
PT [2 0 158 1 1]
 P 172585 4051 186138 22767061
PT [2 0 159 1 1]
 P 173691 4051 186141 22884776
PT [2 0 160 1 1]
 P 175205 4051 186158 23007341
PT [2 0 161 1 1]
 P 176484 4051 186161 23125376
PT [2 0 162 1 1]
 P 177832 4123 186180 23247223
PT [2 0 163 1 1]
 P 179071 4123 186184 23365976
PT [2 0 164 1 1]
 P 180508 4123 186201 23488413
PT [2 0 165 1 1]
 P 181708 4123 186204 23606576
PT [2 0 166 1 1]
 P 183102 4123 186221 23729205
PT [2 0 167 1 1]
 P 184009 4123 188801 23851584
PT [2 0 168 1 1]
 P 185445 4123 188818 23969869
PT [2 0 169 1 1]
 P 186861 4195 188837 24090412
PT [2 0 170 1 1]
 P 187709 4195 191418 24212484
PT [2 0 171 1 1]
 P 188959 4267 191438 24330883
PT [2 0 172 1 1]
 P 190361 4339 191457 24451311
PT [2 0 173 1 1]
 P 191711 4339 191474 24571337
PT [2 0 174 1 1]
 P 192979 4411 191494 24691815
PT [2 0 175 1 1]
 P 194229 4411 191511 24811873
PT [2 0 176 1 1]
 P 195373 4411 191528 24932141
PT [2 0 177 1 1]
 P 196561 4483 191547 25052747
PT [2 0 178 1 1]
 P 197731 4555 191567 25173047
PT [2 0 179 1 1]
 P 198915 4627 191586 25293379
PT [2 0 180 1 1]
 P 200049 4627 191602 25413407
PT [2 0 181 3 1]
 P 201195 4699 191621 25533979
PT [2 0 182 1 1]
 P 202260 4699 191638 25653974
PT [2 0 183 1 1]
 P 203337 4771 191656 25774547
PT [2 0 184 1 1]
 P 203909 4771 194237 25896684
PT [2 0 185 1 1]
 P 205012 4771 194253 26014970
PT [2 0 186 1 1]
 P 206096 4843 194272 26135511
PT [2 0 187 1 1]
 P 207034 4843 194288 26255442
PT [2 0 188 1 1]
 P 208082 4915 194306 26376111
PT [2 0 189 1 1]
 P 209045 4987 194324 26496346
PT [2 0 190 1 1]
 P 209989 4987 194341 26616405
PT [2 0 191 2 1]
 P 210917 5059 194359 26736947
PT [2 0 192 2 1]
 P 211824 5131 194377 26857246
PT [2 0 193 2 1]
 P 212681 5203 194395 26977514
PT [2 0 194 2 1]
 P 213486 5275 194414 27097782
PT [2 0 195 2 1]
 P 214396 5347 194432 27218148
PT [2 0 196 2 1]
 P 215263 5419 194450 27338478
PT [2 0 197 2 1]
 P 216046 5491 194468 27458714
PT [2 0 198 2 1]
 P 216290 5491 194477 27576476
PT [2 0 199 2 1]
 P 216516 5491 194485 27696776
PT [2 0 200 2 1]
 P 216723 5491 194493 27817076
PT [2 0 201 2 1]
 P 216911 5491 194501 27937376
PT [2 0 202 2 1]
EMPTY QUEUE
 P 217145 5491 194512 28059512
PT [2 0 203 2 1]
EMPTY QUEUE
 P 217911 5491 194528 28180369
PT [2 0 204 2 1]
 P 218043 5491 194536 28298276
PT [2 0 205 2 1]
 P 218156 5491 194544 28418576
PT [2 0 206 2 1]
 P 218250 5491 194553 28538876
PT [2 0 207 2 1]
 P 218326 5491 194561 28659176
PT [2 0 208 2 1]
 P 218795 5491 194564 28779476
PT [2 0 209 2 1]
 P 219244 5491 194567 28899776
PT [2 0 210 2 1]
 P 219674 5491 194570 29020076
PT [2 0 211 2 1]
 P 220084 5491 194573 29140376
PT [2 0 212 2 1]
 P 221397 5491 194576 29260676
PT [2 0 213 2 1]
 P 223296 5491 194579 29380976
PT [2 0 214 2 1]
 P 225652 5491 194582 29501276
PT [2 0 215 2 1]
 P 226841 5491 194586 29621576
PT [2 0 216 2 1]
 P 228074 5491 194590 29741876
PT [2 0 217 2 1]
 P 229447 5491 194593 29862176
PT [2 0 218 2 1]
 P 231685 5491 194596 29982476
PT [2 0 219 2 1]
 P 232566 5491 194599 30102776
PT [2 0 220 2 1]
 P 234064 5491 194602 30223076
PT [2 0 221 2 1]
 P 235128 5491 194605 30343376
PT [2 0 222 2 1]
 P 236045 5491 194608 30463676
PT [2 0 223 2 1]
 P 238057 5491 194611 30583976
PT [2 0 224 2 1]
 P 238832 5491 194614 30704276
PT [2 0 225 2 1]
 P 239619 5491 194617 30824576
PT [2 0 226 2 1]
EMPTY QUEUE
 P 240198 5491 200065 30949283
PT [2 0 227 2 1]
EMPTY QUEUE
 P 240263 5650 203457 31067173
PT [2 0 228 2 1]
EMPTY QUEUE
 P 240330 5650 209419 31189884
PT [2 0 229 2 1]
EMPTY QUEUE
 P 240649 5650 212815 31307870
PT [2 0 230 2 1]
 P 242452 5650 212818 31426076
PT [2 0 231 2 1]
EMPTY QUEUE
 P 242772 5650 216213 31548471
PT [2 0 232 2 1]
EMPTY QUEUE
 P 242837 5650 222175 31671083
PT [2 0 233 2 1]
EMPTY QUEUE
 P 243453 5650 225574 31789370
PT [2 0 234 2 1]
 P 243453 5650 228964 31907276
PT [2 0 235 2 1]
 P 245011 5650 228969 32027576
PT [2 0 236 2 1]
 P 247664 5650 228973 32147876
PT [2 0 237 2 1]
 P 247664 5650 232363 32268176
PT [2 0 238 2 1]
EMPTY QUEUE
 P 248279 5650 235762 32390517
PT [2 0 239 2 1]
 P 248279 5650 239152 32508776
PT [2 0 240 2 1]
 P 248279 5650 242542 32629076
PT [2 0 241 2 1]
 P 249330 5650 242545 32749376
PT [2 0 242 2 1]
 P 251062 5650 242548 32869676
PT [2 0 243 2 1]
EMPTY QUEUE
 P 251679 5650 245947 32992562
PT [2 0 244 2 1]
 P 251679 5650 249337 33110276
PT [2 0 245 2 1]
 P 251679 5650 252727 33230576
PT [2 0 246 2 1]
 P 251679 5650 256117 33350876
PT [2 0 247 2 1]
 P 251679 5650 259507 33471176
PT [2 0 248 2 1]
 P 252903 5650 259510 33591476
PT [2 0 249 2 1]
EMPTY QUEUE
 P 253486 5650 262909 33714233
PT [2 0 250 2 1]
 P 253486 5650 266299 33832076
PT [2 0 251 2 1]
 P 253486 5650 269689 33952376
PT [2 0 252 2 1]
 P 253486 5650 273079 34072676
PT [2 0 253 2 1]
 P 254731 5650 273082 34192976
PT [2 0 254 2 1]
 P 256561 5650 273085 34313276
PT [2 0 255 2 1]
EMPTY QUEUE
 P 257112 5650 276484 34435777
PT [2 0 256 2 1]
 P 257112 5650 279874 34553876
PT [2 0 257 2 1]
 P 257112 5650 283264 34674176
PT [2 0 258 2 1]
 P 257112 5650 286654 34794476
PT [2 0 259 2 1]
 P 259441 5650 286658 34914776
PT [2 0 260 2 1]
 P 260604 5650 286661 35035076
PT [2 0 261 2 1]
EMPTY QUEUE
 P 260669 5650 292623 35159815
PT [2 0 262 2 1]
EMPTY QUEUE
 P 261220 5650 296021 35278004
PT [2 0 263 2 1]
 P 261220 5650 299411 35395976
PT [2 0 264 2 1]
 P 261220 5650 302801 35516276
PT [2 0 265 2 1]
 P 262468 5650 302805 35636576
PT [2 0 266 2 1]
 P 263856 5650 302808 35756876
PT [2 0 267 2 1]
EMPTY QUEUE
 P 264409 5650 306206 35879154
PT [2 0 268 2 1]
 P 264409 5650 309596 35997476
PT [2 0 269 2 1]
 P 264409 5650 312986 36117776
PT [2 0 270 2 1]
 P 264409 5650 316376 36238076
PT [2 0 271 2 1]
 P 266583 5650 316379 36358376
PT [2 0 272 2 1]
 P 267399 5650 316383 36478676
PT [2 0 273 2 1]
EMPTY QUEUE
 P 267951 5650 319781 36601497
PT [2 0 274 3 1]
 P 267951 5650 323171 36719276
PT [2 0 275 3 1]
 P 267951 5650 326561 36839576
PT [2 0 276 3 1]
 P 267951 5650 329951 36959876
PT [2 0 277 3 1]
 P 267951 5650 333341 37080176
PT [2 0 278 3 1]
EMPTY QUEUE
 P 268018 5650 339303 37204980
PT [2 0 279 3 1]
 P 269231 5650 339306 37320776
PT [2 0 280 3 1]
EMPTY QUEUE
 P 269719 5650 342704 37443342
PT [2 0 281 3 1]
 P 269719 5650 346094 37561376
PT [2 0 282 3 1]
 P 269719 5650 349484 37681676
PT [2 0 283 3 1]
 P 269719 5650 352874 37801976
PT [2 0 284 3 1]
 P 270974 5650 352877 37922276
PT [2 0 285 3 1]
 P 272814 5650 352880 38042576
PT [2 0 286 3 1]
EMPTY QUEUE
 P 273429 5650 356278 38164917
PT [2 0 287 3 1]
 P 273429 5650 359668 38283176
PT [2 0 288 3 1]
 P 273429 5650 363058 38403476
PT [2 0 289 3 1]
 P 273429 5650 366448 38523776
PT [2 0 290 3 1]
 P 275768 5650 366451 38644076
PT [2 0 291 3 1]
 P 276940 5650 366454 38764376
PT [2 0 292 3 1]
EMPTY QUEUE
 P 277524 5650 369852 38887229
PT [2 0 293 3 1]
 P 277524 5650 373242 39004976
PT [2 0 294 3 1]
 P 277524 5650 376632 39125276
PT [2 0 295 3 1]
 P 277524 5650 380022 39245576
PT [2 0 296 3 1]
 P 278783 5650 380025 39365876
PT [2 0 297 3 1]
 P 280180 5650 380028 39486176
PT [2 0 298 3 1]
EMPTY QUEUE
 P 280245 5650 385990 39610979
PT [2 0 299 3 1]
EMPTY QUEUE
 P 280310 5650 391952 39731183
PT [2 0 300 3 1]
EMPTY QUEUE
 P 280798 5650 395351 39849341
PT [2 0 301 3 1]
 P 280798 5650 398741 39967376
PT [2 0 302 3 1]
 P 282981 5650 398744 40087676
PT [2 0 303 3 1]
 P 283807 5650 398747 40207976
PT [2 0 304 3 1]
 P 283807 5650 402137 40328276
PT [2 0 305 3 1]
EMPTY QUEUE
 P 284423 5650 405536 40450618
PT [2 0 306 3 1]
 P 284423 5650 408926 40568876
PT [2 0 307 3 1]
 P 284423 5650 412316 40689176
PT [2 0 308 3 1]
 P 285907 5650 412321 40809476
PT [2 0 309 3 1]
 P 286957 5650 412325 40929776
PT [2 0 310 3 1]
EMPTY QUEUE
 P 287572 5650 415724 41052661
PT [2 0 311 3 1]
 P 287572 5650 419114 41170376
PT [2 0 312 3 1]
 P 287572 5650 422504 41290676
PT [2 0 313 3 1]
 P 287572 5650 425894 41410976
PT [2 0 314 3 1]
 P 288396 5650 425897 41531276
PT [2 0 315 3 1]
EMPTY QUEUE
 P 288885 5650 429296 41653938
PT [2 0 316 3 1]
 P 288885 5650 432686 41771876
PT [2 0 317 3 1]
 P 288885 5650 436076 41892176
PT [2 0 318 3 1]
 P 288885 5650 439466 42012476
PT [2 0 319 3 1]
 P 290835 5650 439470 42132776
PT [2 0 320 3 1]
 P 291428 5650 439473 42253076
PT [2 0 321 3 1]
EMPTY QUEUE
 P 291493 5650 445435 42377655
PT [2 0 322 3 1]
EMPTY QUEUE
 P 291981 5650 448834 42495941
PT [2 0 323 3 1]
 P 291981 5650 452224 42613976
PT [2 0 324 3 1]
 P 291981 5650 455614 42734276
PT [2 0 325 3 1]
 P 292627 5650 455618 42854576
PT [2 0 326 3 1]
 P 294368 5650 455622 42974876
PT [2 0 327 3 1]
EMPTY QUEUE
 P 294984 5650 459021 43097217
PT [2 0 328 3 1]
 P 294984 5650 462411 43215476
PT [2 0 329 3 1]
 P 294984 5650 465801 43335776
PT [2 0 330 3 1]
 P 294984 5650 469191 43456076
PT [2 0 331 3 1]
 P 296460 5650 469195 43576376
PT [2 0 332 3 1]
 P 299031 5650 469199 43696676
PT [2 0 333 3 1]
EMPTY QUEUE
 P 299096 5650 475161 43821575
PT [2 0 334 3 1]
EMPTY QUEUE
 P 299680 5650 478560 43939637
PT [2 0 335 3 1]
 P 299680 5650 481950 44057576
PT [2 0 336 3 1]
 P 299680 5650 485340 44177876
PT [2 0 337 3 1]
 P 300649 5650 485343 44298176
PT [2 0 338 3 1]
 P 302299 5650 485346 44418476
PT [2 0 339 3 1]
EMPTY QUEUE
 P 302817 5650 488745 44540720
PT [2 0 340 3 1]
 P 302817 5650 492135 44659076
PT [2 0 341 3 1]
 P 302817 5650 495525 44779376
PT [2 0 342 3 1]
 P 302817 5650 498915 44899676
PT [2 0 343 3 1]
 P 303501 5650 498918 45019976
PT [2 0 344 3 1]
 P 305407 5650 498922 45140276
PT [2 0 345 3 1]
EMPTY QUEUE
 P 305928 5650 502320 45263066
PT [2 0 346 3 1]
 P 305928 5650 505710 45380876
PT [2 0 347 3 1]
 P 305928 5650 509100 45501176
PT [2 0 348 3 1]
 P 305928 5650 512490 45621476
PT [2 0 349 3 1]
 P 307632 5650 512493 45741776
PT [2 0 350 3 1]
 P 309507 5650 512496 45862076
PT [2 0 351 3 1]
EMPTY QUEUE
 P 309994 5650 515894 45984736
PT [2 0 352 3 1]
 P 309994 5650 519284 46102676
PT [2 0 353 3 1]
 P 309994 5650 522674 46222976
PT [2 0 354 3 1]
 P 309994 5650 526064 46343276
PT [2 0 355 3 1]
 P 311254 5650 526067 46463576
PT [2 0 356 3 1]
 P 312112 5650 526070 46583876
PT [2 0 357 3 1]
EMPTY QUEUE
 P 312664 5650 529468 46706377
PT [2 0 358 4 1]
 P 312664 5650 532858 46824476
PT [2 0 359 4 1]
 P 312664 5650 536248 46944776
PT [2 0 360 4 1]
 P 312664 5650 539638 47065076
PT [2 0 361 4 1]
 P 312664 5650 543028 47185376
PT [2 0 362 4 1]
EMPTY QUEUE
 P 313183 5650 546426 47308005
PT [2 0 363 4 1]
 P 313183 5650 549816 47425976
PT [2 0 364 4 1]
 P 313183 5650 553206 47546276
PT [2 0 365 4 1]
 P 313183 5650 556596 47666576
PT [2 0 366 4 1]
 P 313183 5650 559986 47786876
PT [2 0 367 4 1]
EMPTY QUEUE
 P 313670 5650 563384 47908481
PT [2 0 368 4 1]
 P 313670 5650 566774 48027476
PT [2 0 369 4 1]
 P 313670 5650 570164 48147776
PT [2 0 370 4 1]
 P 313670 5650 573554 48268076
PT [2 0 371 4 1]
 P 313670 5650 576944 48388376
PT [2 0 372 4 1]
EMPTY QUEUE
 P 314223 5650 580342 48510462
PT [2 0 373 4 1]
 P 314223 5650 583732 48628976
PT [2 0 374 4 1]
 P 314223 5650 587122 48749276
PT [2 0 375 4 1]
 P 314223 5650 590512 48869576
PT [2 0 376 4 1]
 P 314223 5650 593902 48989876
PT [2 0 377 4 1]
EMPTY QUEUE
 P 314288 5650 599864 49114327
PT [2 0 378 4 1]
EMPTY QUEUE
 P 314903 5650 603262 49232869
PT [2 0 379 4 1]
 P 314903 5650 606652 49350776
PT [2 0 380 4 1]
 P 314903 5650 610042 49471076
PT [2 0 381 4 1]
 P 314903 5650 613432 49591376
PT [2 0 382 4 1]
 P 314903 5650 616822 49711676
PT [2 0 383 4 1]
EMPTY QUEUE
 P 315519 5650 620221 49834018
PT [2 0 384 5 1]
 P 315519 5650 623611 49952276
PT [2 0 385 5 1]
 P 315519 5650 627001 50072576
PT [2 0 386 5 1]
 P 315519 5650 630391 50192876
PT [2 0 387 5 1]
 P 315519 5650 633781 50313176
PT [2 0 388 5 1]
EMPTY QUEUE
 P 316006 5650 637180 50435933
PT [2 0 389 4 1]
 P 316006 5650 640570 50553776
PT [2 0 390 4 1]
 P 316006 5650 643960 50674076
PT [2 0 391 4 1]
 P 316006 5650 647350 50794376
PT [2 0 392 4 1]
 P 316006 5650 650740 50914676
PT [2 0 393 4 1]
EMPTY QUEUE
 P 316622 5650 654139 51037466
PT [2 0 394 4 1]
 P 316622 5650 657529 51155276
PT [2 0 395 4 1]
 P 316622 5650 660919 51275576
PT [2 0 396 4 1]
 P 316622 5650 664309 51395876
PT [2 0 397 4 1]
 P 316622 5650 667699 51516176
PT [2 0 398 4 1]
EMPTY QUEUE
 P 317238 5650 671098 51638741
PT [2 0 399 4 1]
 P 317238 5650 674488 51756776
PT [2 0 400 4 1]
 P 317238 5650 677878 51877076
PT [2 0 401 4 1]
 P 317804 5650 677881 51997376
PT [2 0 402 4 1]
 P 317804 5650 681271 52117676
PT [2 0 403 4 1]
EMPTY QUEUE
 P 317871 5650 687233 52242416
PT [2 0 404 4 1]
EMPTY QUEUE
 P 318358 5650 690632 52360541
PT [2 0 405 4 1]
 P 318358 5650 694022 52478576
PT [2 0 406 4 1]
 P 318358 5650 697412 52598876
PT [2 0 407 4 1]
 P 318358 5650 700802 52719176
PT [2 0 408 4 1]
 P 318358 5650 704192 52839476
PT [2 0 409 4 1]
EMPTY QUEUE
 P 318975 5650 707590 52961818
PT [2 0 410 4 1]
 P 318975 5650 710980 53080076
PT [2 0 411 4 1]
 P 318975 5650 714370 53200376
PT [2 0 412 4 1]
 P 318975 5650 717760 53320676
PT [2 0 413 4 1]
 P 318975 5650 721150 53440976
PT [2 0 414 4 1]
EMPTY QUEUE
 P 319591 5650 724549 53563861
PT [2 0 415 4 1]
 P 319591 5650 727939 53681576
PT [2 0 416 4 1]
 P 319591 5650 731329 53801876
PT [2 0 417 4 1]
 P 319591 5650 734719 53922176
PT [2 0 418 4 1]
 P 319591 5650 738109 54042476
PT [2 0 419 4 1]
EMPTY QUEUE
 P 320078 5650 741508 54165136
PT [2 0 420 4 1]
 P 320078 5650 744898 54283076
PT [2 0 421 4 1]
 P 320078 5650 748288 54403376
PT [2 0 422 4 1]
 P 320078 5650 751678 54523676
PT [2 0 423 4 1]
 P 320078 5650 755068 54643976
PT [2 0 424 4 1]
EMPTY QUEUE
 P 320694 5650 758466 54766540
PT [2 0 425 4 1]
 P 320694 5650 761856 54884576
PT [2 0 426 4 1]
 P 320694 5650 765246 55004876
PT [2 0 427 4 1]
 P 320694 5650 768636 55125176
PT [2 0 428 4 1]
 P 320694 5650 772026 55245476
PT [2 0 429 4 1]
EMPTY QUEUE
 P 321278 5650 775424 55368168
PT [2 0 430 4 1]
 P 321278 5650 778814 55486076
PT [2 0 431 4 1]
 P 321278 5650 782204 55606376
PT [2 0 432 4 1]
 P 321278 5650 785594 55726676
PT [2 0 433 4 1]
 P 321278 5650 788984 55846976
PT [2 0 434 4 1]
EMPTY QUEUE
 P 321289 5650 792376 55968097
PT [2 0 435 4 1]
EMPTY QUEUE
 P 321809 5650 795775 56089874
PT [2 0 436 5 1]
 P 321809 5650 799165 56207876
PT [2 0 437 5 1]
 P 321809 5650 802555 56328176
PT [2 0 438 5 1]
 P 321809 5650 805945 56448476
PT [2 0 439 5 1]
 P 321809 5650 809335 56568776
PT [2 0 440 5 1]
EMPTY QUEUE
 P 322328 5650 812733 56691021
PT [2 0 441 5 1]
 P 322328 5650 816123 56809376
PT [2 0 442 5 1]
 P 322328 5650 819513 56929676
PT [2 0 443 5 1]
 P 322328 5650 822903 57049976
PT [2 0 444 5 1]
 P 322328 5650 826293 57170276
PT [2 0 445 5 1]
EMPTY QUEUE
 P 322816 5650 829691 57293033
PT [2 0 446 5 1]
 P 322816 5650 833081 57410876
PT [2 0 447 5 1]
 P 322816 5650 836471 57531176
PT [2 0 448 5 1]
 P 322816 5650 839861 57651476
PT [2 0 449 5 1]
 P 322816 5650 843251 57771776
PT [2 0 450 5 1]
EMPTY QUEUE
 P 323368 5650 846649 57894501
PT [2 0 451 5 1]
 P 323368 5650 850039 58012376
PT [2 0 452 5 1]
 P 323368 5650 853429 58132676
PT [2 0 453 5 1]
 P 323368 5650 856819 58252976
PT [2 0 454 5 1]
 P 323368 5650 860209 58373276
PT [2 0 455 5 1]
EMPTY QUEUE
 P 323921 5650 863608 58495778
PT [2 0 456 6 1]
 P 323921 5650 866998 58613876
PT [2 0 457 6 1]
 P 323921 5650 870388 58734176
PT [2 0 458 6 1]
 P 323921 5650 873778 58854476
PT [2 0 459 6 1]
 P 323921 5650 877168 58974776
PT [2 0 460 6 1]
EMPTY QUEUE
 P 324504 5650 880566 59097469
PT [2 0 461 5 1]
 P 324504 5650 883956 59215376
PT [2 0 462 5 1]
 P 324504 5650 887346 59335677
PT [2 0 463 5 1]
 P 324504 5650 890736 59455977
PT [2 0 464 5 1]
 P 324504 5650 894126 59576277
PT [2 0 465 5 1]
EMPTY QUEUE
 P 325057 5650 897525 59697947
PT [2 0 466 4 1]
 P 325057 5650 900915 59816877
PT [2 0 467 4 1]
 P 325057 5650 904305 59937177
PT [2 0 468 4 1]
 P 325057 5650 907695 60057477
PT [2 0 469 4 1]
 P 325057 5650 911085 60177777
PT [2 0 470 4 1]
EMPTY QUEUE
 P 325640 5650 914484 60299894
PT [2 0 471 4 1]
 P 325640 5650 917874 60418377
PT [2 0 472 4 1]
 P 325640 5650 921264 60538677
PT [2 0 473 4 1]
 P 325640 5650 924654 60658977
PT [2 0 474 4 1]
 P 325640 5650 928044 60779277
PT [2 0 475 4 1]
EMPTY QUEUE
 P 326223 5650 931443 60901682
PT [2 0 476 4 1]
 P 326223 5650 934833 61019877
PT [2 0 477 4 1]
 P 326223 5650 938223 61140177
PT [2 0 478 4 1]
 P 326223 5650 941613 61260477
PT [2 0 479 4 1]
 P 326223 5650 945003 61380777
PT [2 0 480 4 1]
EMPTY QUEUE
 P 326710 5650 948403 61503759
PT [2 0 481 4 1]
 P 326710 5650 951793 61621377
PT [2 0 482 4 1]
 P 326710 5650 955183 61741677
PT [2 0 483 4 1]
 P 326710 5650 958573 61861977
PT [2 0 484 4 1]
 P 326710 5650 961963 61982277
PT [2 0 485 4 1]
EMPTY QUEUE
 P 327325 5650 965362 62104906
PT [2 0 486 4 1]
 P 327325 5650 968752 62222877
PT [2 0 487 4 1]
 P 327325 5650 972142 62343177
PT [2 0 488 4 1]
 P 327325 5650 975532 62463477
PT [2 0 489 4 1]
 P 327325 5650 978922 62583777
PT [2 0 490 4 1]
EMPTY QUEUE
 P 327909 5650 982321 62705254
PT [2 0 491 4 1]
 P 327909 5650 985711 62824377
PT [2 0 492 4 1]
 P 327909 5650 989101 62944677
PT [2 0 493 4 1]
 P 327909 5650 992491 63064977
PT [2 0 494 4 1]
 P 327909 5650 995881 63185277
PT [2 0 495 4 1]
EMPTY QUEUE
 P 328429 5650 999280 63307491
PT [2 0 496 4 1]
 P 328429 5650 1002670 63425877
PT [2 0 497 4 1]
 P 328429 5650 1006060 63546177
PT [2 0 498 4 1]
 P 328429 5650 1009450 63666477
PT [2 0 499 4 1]
 P 328429 5650 1012840 63786777
PT [2 0 500 4 1]
EMPTY QUEUE
 P 328949 5650 1016238 63908126
PT [2 0 501 6 1]
 P 328949 5650 1019628 64027377
PT [2 0 502 6 1]
 P 328949 5650 1023018 64147677
PT [2 0 503 6 1]
 P 328949 5650 1026408 64267977
PT [2 0 504 6 1]
 P 328949 5650 1029798 64388277
PT [2 0 505 6 1]
EMPTY QUEUE
 P 329438 5650 1033196 64509627
PT [2 0 506 4 1]
 P 329438 5650 1036586 64628877
PT [2 0 507 4 1]
 P 329438 5650 1039976 64749177
PT [2 0 508 4 1]
 P 329438 5650 1043366 64869477
PT [2 0 509 4 1]
 P 329438 5650 1046756 64989777
PT [2 0 510 4 1]
EMPTY QUEUE
 P 329505 5650 1052718 65114709
PT [2 0 511 4 1]
EMPTY QUEUE
 P 330120 5650 1056116 65232769
PT [2 0 512 4 1]
 P 330120 5650 1059506 65350677
PT [2 0 513 4 1]
 P 330120 5650 1062896 65470977
PT [2 0 514 4 1]
 P 330120 5650 1066286 65591277
PT [2 0 515 4 1]
 P 330120 5650 1069676 65711577
PT [2 0 516 4 1]
EMPTY QUEUE
 P 330736 5650 1073074 65833918
PT [2 0 517 5 1]
 P 330736 5650 1076464 65952177
PT [2 0 518 5 1]
 P 330736 5650 1079854 66072477
PT [2 0 519 5 1]
 P 330736 5650 1083244 66192777
PT [2 0 520 5 1]
 P 330736 5650 1086634 66313077
PT [2 0 521 5 1]
EMPTY QUEUE
 P 331223 5650 1090032 66435834
PT [2 0 522 5 1]
 P 331223 5650 1093422 66553677
PT [2 0 523 5 1]
 P 331223 5650 1096812 66673977
PT [2 0 524 5 1]
 P 331223 5650 1100202 66794277
PT [2 0 525 5 1]
 P 331223 5650 1103592 66914577
PT [2 0 526 5 1]
EMPTY QUEUE
 P 331838 5650 1106990 67037366
PT [2 0 527 5 1]
 P 331838 5650 1110380 67155177
PT [2 0 528 5 1]
 P 331838 5650 1113770 67275477
PT [2 0 529 5 1]
 P 331838 5650 1117160 67395777
PT [2 0 530 5 1]
 P 331838 5650 1120550 67516077
PT [2 0 531 5 1]
EMPTY QUEUE
 P 332390 5650 1123948 67638578
PT [2 0 532 5 1]
 P 332390 5650 1127338 67756677
PT [2 0 533 5 1]
 P 332390 5650 1130728 67876977
PT [2 0 534 5 1]
 P 332390 5650 1134118 67997277
PT [2 0 535 5 1]
 P 332390 5650 1137508 68117577
PT [2 0 536 5 1]
EMPTY QUEUE
 P 332942 5650 1140906 68240238
PT [2 0 537 5 1]
 P 332942 5650 1144296 68358177
PT [2 0 538 5 1]
 P 332942 5650 1147686 68478477
PT [2 0 539 5 1]
 P 332942 5650 1151076 68598777
PT [2 0 540 5 1]
 P 332942 5650 1154466 68719077
PT [2 0 541 5 1]
EMPTY QUEUE
 P 333007 5650 1160428 68842824
PT [2 0 542 5 1]
EMPTY QUEUE
 P 333623 5650 1163828 68962071
PT [2 0 543 5 1]
 P 333623 5650 1167218 69079977
PT [2 0 544 5 1]
 P 333623 5650 1170608 69200277
PT [2 0 545 5 1]
 P 333623 5650 1173998 69320577
PT [2 0 546 5 1]
 P 333623 5650 1177388 69440877
PT [2 0 547 5 1]
EMPTY QUEUE
 P 334239 5650 1180787 69563218
PT [2 0 548 5 1]
 P 334239 5650 1184177 69681477
PT [2 0 549 5 1]
 P 334239 5650 1187567 69801777
PT [2 0 550 5 1]
 P 334239 5650 1190957 69922077
PT [2 0 551 5 1]
 P 334239 5650 1194347 70042377
PT [2 0 552 5 1]
EMPTY QUEUE
 P 334726 5650 1197746 70165134
PT [2 0 553 5 1]
 P 334726 5650 1201136 70282977
PT [2 0 554 5 1]
 P 334726 5650 1204526 70403277
PT [2 0 555 5 1]
 P 334726 5650 1207916 70523577
PT [2 0 556 5 1]
 P 334726 5650 1211306 70643877
PT [2 0 557 5 1]
EMPTY QUEUE
 P 335342 5650 1214705 70766666
PT [2 0 558 5 1]
 P 335342 5650 1218095 70884477
PT [2 0 559 5 1]
 P 335342 5650 1221485 71004777
PT [2 0 560 5 1]
 P 335342 5650 1224875 71125077
PT [2 0 561 5 1]
 P 335342 5650 1228265 71245377
PT [2 0 562 5 1]
EMPTY QUEUE
 P 335893 5650 1231664 71367878
PT [2 0 563 5 1]
 P 335893 5650 1235054 71485977
PT [2 0 564 5 1]
 P 335893 5650 1238444 71606277
PT [2 0 565 5 1]
 P 335893 5650 1241834 71726577
PT [2 0 566 5 1]
 P 335893 5650 1245224 71846877
PT [2 0 567 5 1]
EMPTY QUEUE
 P 336446 5650 1248623 71969539
PT [2 0 568 5 1]
 P 336446 5650 1252013 72087477
PT [2 0 569 5 1]
 P 336446 5650 1255403 72207777
PT [2 0 570 5 1]
 P 336446 5650 1258793 72328077
PT [2 0 571 5 1]
 P 336446 5650 1262183 72448377
PT [2 0 572 5 1]
EMPTY QUEUE
 P 336998 5650 1265582 72570046
PT [2 0 573 5 1]
 P 336998 5650 1268972 72688977
PT [2 0 574 5 1]
 P 336998 5650 1272362 72809277
PT [2 0 575 5 1]
 P 336998 5650 1275752 72929577
PT [2 0 576 5 1]
 P 336998 5650 1279142 73049877
PT [2 0 577 5 1]
EMPTY QUEUE
 P 337551 5650 1282541 73171963
PT [2 0 578 5 1]
 P 337551 5650 1285931 73290477
PT [2 0 579 5 1]
 P 337551 5650 1289321 73410777
PT [2 0 580 5 1]
 P 337551 5650 1292711 73531077
PT [2 0 581 5 1]
 P 337551 5650 1296101 73651377
PT [2 0 582 5 1]
EMPTY QUEUE
 P 338070 5650 1299499 73773717
PT [2 0 583 5 1]
 P 338070 5650 1302889 73891977
PT [2 0 584 5 1]
 P 338070 5650 1306279 74012277
PT [2 0 585 5 1]
 P 338070 5650 1309669 74132577
PT [2 0 586 5 1]
 P 338070 5650 1313059 74252877
PT [2 0 587 5 1]
EMPTY QUEUE
 P 338560 5650 1316457 74375859
PT [2 0 588 5 1]
 P 338560 5650 1319847 74493477
PT [2 0 589 5 1]
 P 338560 5650 1323237 74613777
PT [2 0 590 5 1]
 P 338560 5650 1326627 74734077
PT [2 0 591 5 1]
 P 338560 5650 1330017 74854377
PT [2 0 592 5 1]
EMPTY QUEUE
 P 339112 5650 1333415 74976941
PT [2 0 593 5 1]
 P 339112 5650 1336805 75094977
PT [2 0 594 5 1]
 P 339112 5650 1340195 75215277
PT [2 0 595 5 1]
 P 339112 5650 1343585 75335577
PT [2 0 596 5 1]
 P 339112 5650 1346975 75455877
PT [2 0 597 5 1]
EMPTY QUEUE
 P 339179 5650 1352937 75579401
PT [2 0 598 5 1]
EMPTY QUEUE
 P 339666 5650 1356335 75698742
PT [2 0 599 6 1]
 P 339666 5650 1359725 75816777
PT [2 0 600 6 1]
 P 339666 5650 1363115 75937077
PT [2 0 601 6 1]
 P 339666 5650 1366505 76057377
PT [2 0 602 6 1]
 P 339666 5650 1369895 76177677
PT [2 0 603 6 1]
EMPTY QUEUE
 P 340281 5650 1373293 76300018
PT [2 0 604 6 1]
 P 340281 5650 1376683 76418277
PT [2 0 605 6 1]
 P 340281 5650 1380073 76538577
PT [2 0 606 6 1]
 P 340281 5650 1383463 76658877
PT [2 0 607 6 1]
 P 340281 5650 1386853 76779177
PT [2 0 608 6 1]
EMPTY QUEUE
 P 340864 5650 1390251 76902030
PT [2 0 609 6 1]
 P 340864 5650 1393641 77019777
PT [2 0 610 6 1]
 P 340864 5650 1397031 77140077
PT [2 0 611 6 1]
 P 340864 5650 1400421 77260377
PT [2 0 612 6 1]
 P 340864 5650 1403811 77380677
PT [2 0 613 6 1]
EMPTY QUEUE
 P 341384 5650 1407209 77503370
PT [2 0 614 6 1]
 P 341384 5650 1410599 77621277
PT [2 0 615 6 1]
 P 341384 5650 1413989 77741577
PT [2 0 616 6 1]
 P 341384 5650 1417379 77861877
PT [2 0 617 6 1]
 P 341384 5650 1420769 77982177
PT [2 0 618 6 1]
EMPTY QUEUE
 P 341904 5650 1424167 78104646
PT [2 0 619 6 1]
 P 341904 5650 1427557 78222777
PT [2 0 620 6 1]
 P 341904 5650 1430947 78343077
PT [2 0 621 6 1]
 P 341904 5650 1434337 78463377
PT [2 0 622 6 1]
 P 341904 5650 1437727 78583677
PT [2 0 623 6 1]
