using saved target 'z1'
../../../../contiki/tools/sky/serialdump-linux -b115200 /dev/ttyUSB3
connecting to /dev/ttyUSB3 (115200) [OK]
Rime started with address 4.0
MAC 04:00:00:00:00:00:00:00 Ref ID: 4841
Contiki-3.x-2125-g5d67a61 started. Node id is set to 4.

************************************************
RTIMER_SECOND = 32768. F_CPU=8000000.
CLOCK_SECOND=128.
DURSLOT = 6015.(0.1835 s).
DURSLEEP = 66165.
DURCYCLE = 72180 .(2.2027 s).
MAX_CLOCK_DRIFT = WAKEUP_ADVANCE_TIME = 327 (0.0033 s).
PERIODIC_BCAST_CYCLES_SENSOR = 196611.
PERIODIC_BCAST_CYCLES_SINK = 196611.
MAX_CYCLE_COUNTER = 27904.
MAX_COUNT_NO_RTS_CTS = 65535.
MAX_CHILD_NUM = 10.
MAX_TRY_TO_FIND_PARENT = 3.

**********Below is Related Settings**********
PRIMAC_CONF_COMPOWER = 1.
PRIMAC_CONF_COMPOWER_SUPPORT = 1.
SF = 10.
PRI_SYNC_SUPPORT = 1.
RANDOM_DRIFT_IN_COOJA_SUPPORT = 0.
ADCSC_SUPPORT = 1.
DATA_TX_SUPPORT = 1.
CYCLES_PER_PACKET = 3.
DATA_INTERVAL = 1.
RETX_LIMIT = 6.
TOTAL_DATA_NUM = 0.
MAX_DATA_QUEUE_BUFS = 10.
PROC_GRADE_BASED_ON_ADDR_SUPPORT = 1.
NODES_NUM_PER_GRADE = 2.
ADDRESS_FREE_SUPPORT = 1.
IS_COOJA_SIM = 0.
CROSS_PLATFORM_SUPPORT = 1.
************************************************

My address is 233.0.
nullmac PRIMAC, channel check rate 8 Hz, radio channel 26
Starting
Hello, world
 P 0 0 0 2146314
 P 0 0 3452 2220197
 P 0 0 6842 2290674
 P 0 0 10232 2362854
 P 0 0 13622 2435034
 P 0 0 17012 2507214
EMPTY QUEUE
 P 495 0 20412 2580708
PT [143 0 1 4 1]
 P 495 0 23802 2651574
PT [143 0 2 4 1]
 P 495 0 27192 2723754
PT [143 0 3 4 1]
 P 495 0 30582 2795934
PT [143 0 4 4 1]
 P 1974 0 32493 2868114
PT [143 0 5 4 1]
EMPTY QUEUE
 P 3871 0 34619 2942151
PT [143 0 6 3 1]
 P 3871 0 38009 3012474
PT [143 0 7 3 1]
 P 3871 0 41399 3084654
PT [143 0 8 3 1]
 P 3871 0 44789 3156834
PT [143 0 9 3 1]
rcv bro rts
 P 5338 0 44829 3229014
PT [143 0 10 3 1]
 P 6782 0 44832 3301194
PT [143 0 11 3 1]
 P 9169 0 44835 3373374
PT [143 0 12 3 1]
EMPTY QUEUE
 P 9728 0 48235 3448307
PT [143 0 13 3 1]
 P 9728 0 51625 3517734
PT [143 0 14 3 1]
 P 11936 0 51633 3589914
PT [143 0 15 3 1]
 P 11936 0 55023 3662094
PT [143 0 16 3 1]
 P 14096 0 55026 3734274
PT [143 0 17 3 1]
EMPTY QUEUE
 P 14623 0 58426 3807575
PT [143 0 18 3 1]
 P 14623 0 61816 3878634
PT [143 0 19 3 1]
 P 16087 0 61824 3950814
PT [143 0 20 3 1]
 P 16087 0 65214 4022994
PT [143 0 21 3 1]
 P 17743 0 65217 4095174
PT [143 0 22 3 1]
EMPTY QUEUE
 P 18270 0 68617 4168411
PT [143 0 23 3 1]
 P 18270 0 72007 4239534
PT [143 0 24 3 1]
 P 20953 0 72016 4311714
PT [143 0 25 3 1]
 P 20953 0 75406 4383894
PT [143 0 26 3 1]
 P 22445 0 75410 4456074
PT [143 0 27 3 1]
EMPTY QUEUE
 P 23068 0 78810 4530879
PT [143 0 28 3 1]
 P 23068 0 82200 4600434
PT [143 0 29 3 1]
 P 25742 0 82208 4672614
PT [143 0 30 3 1]
 P 25742 0 85598 4744794
PT [143 0 31 3 1]
 P 27876 0 85601 4816974
PT [143 0 32 3 1]
EMPTY QUEUE
 P 28469 0 89000 4890661
PT [143 0 33 3 1]
 P 28469 0 92390 4961334
PT [143 0 34 3 1]
 P 31247 0 92398 5033514
PT [143 0 35 3 1]
 P 31247 0 95788 5105694
PT [143 0 36 3 1]
 P 32073 0 95791 5177874
PT [143 0 37 3 1]
EMPTY QUEUE
 P 32696 0 99191 5252039
PT [143 0 38 3 1]
 P 32696 0 102581 5322234
PT [143 0 39 3 1]
 P 33619 0 102589 5394414
PT [143 0 40 3 1]
 P 33619 0 105979 5466594
PT [143 0 41 3 1]
 P 34864 0 105982 5538774
PT [143 0 42 3 1]
EMPTY QUEUE
 P 35487 0 109382 5612875
PT [143 0 43 3 1]
 P 35487 0 112772 5683134
PT [143 0 44 3 1]
 P 37246 0 112781 5755314
PT [143 0 45 3 1]
 P 37246 0 116171 5827494
PT [143 0 46 3 1]
 P 39983 0 116175 5899674
PT [143 0 47 3 1]
EMPTY QUEUE
 P 40574 0 119575 5973167
PT [143 0 48 3 1]
 P 40574 0 122965 6044034
PT [143 0 49 3 1]
 P 42898 0 122973 6116214
PT [143 0 50 3 1]
 P 42898 0 126363 6188394
PT [143 0 51 3 1]
 P 44016 0 126367 6260574
PT [143 0 52 3 1]
EMPTY QUEUE
 P 44607 0 129767 6335027
PT [143 0 53 3 1]
 P 44607 0 133157 6404934
PT [143 0 54 3 1]
 P 47290 0 133165 6477114
PT [143 0 55 3 1]
 P 47290 0 136555 6549294
PT [143 0 56 3 1]
 P 48979 0 136558 6621474
PT [143 0 57 3 1]
EMPTY QUEUE
 P 49506 0 139958 6696311
PT [143 0 58 3 1]
 P 49506 0 143348 6765834
PT [143 0 59 3 1]
 P 51702 0 143357 6838014
PT [143 0 60 3 1]
 P 51702 0 146747 6910194
PT [143 0 61 3 1]
 P 52984 0 146750 6982374
PT [143 0 62 3 1]
EMPTY QUEUE
 P 53608 0 150149 7057243
PT [143 0 63 3 1]
 P 53608 0 153539 7126734
PT [143 0 64 3 1]
 P 54825 0 153548 7198914
PT [143 0 65 3 1]
 P 54825 0 156938 7271094
PT [143 0 66 3 1]
 P 56739 0 156941 7343274
PT [143 0 67 3 1]
EMPTY QUEUE
 P 57299 0 160340 7417503
PT [143 0 68 3 1]
 P 57299 0 163730 7487634
PT [143 0 69 3 1]
 P 59974 0 163738 7559814
PT [143 0 70 3 1]
 P 59974 0 167128 7631994
PT [143 0 71 3 1]
 P 60874 0 167131 7704174
PT [143 0 72 3 1]
EMPTY QUEUE
 P 61435 0 170530 7777317
PT [143 0 73 3 1]
 P 61435 0 173920 7848534
PT [143 0 74 3 1]
 P 63196 0 173928 7920714
PT [143 0 75 3 1]
 P 63196 0 177318 7992894
PT [143 0 76 3 1]
 P 65367 0 177322 8065074
PT [143 0 77 3 1]
EMPTY QUEUE
 P 65959 0 180721 8138695
PT [143 0 78 3 1]
 P 65959 0 184111 8209434
PT [143 0 79 3 1]
 P 67774 0 184119 8281614
PT [143 0 80 3 1]
 P 67774 0 187509 8353794
PT [143 0 81 3 1]
 P 69600 0 187513 8425974
PT [143 0 82 3 1]
EMPTY QUEUE
 P 70096 0 190912 8499435
PT [143 0 83 3 1]
 P 70096 0 194302 8570334
PT [143 0 84 3 1]
 P 71663 0 194310 8642514
PT [143 0 85 3 1]
 P 71663 0 197700 8714694
PT [143 0 86 3 1]
 P 74345 0 197703 8786874
PT [143 0 87 3 1]
EMPTY QUEUE
 P 74873 0 201102 8861839
PT [143 0 88 3 1]
 P 74873 0 204492 8931234
PT [143 0 89 3 1]
 P 76400 0 204501 9003414
PT [143 0 90 3 1]
 P 76400 0 207891 9075594
PT [143 0 91 3 1]
 P 77335 0 207894 9147774
PT [143 0 92 3 1]
EMPTY QUEUE
 P 77863 0 211293 9221653
PT [143 0 93 3 1]
 P 77863 0 214683 9292134
PT [143 0 94 3 1]
 P 78959 0 214691 9364314
PT [143 0 95 3 1]
 P 81534 0 214699 9436494
PT [143 0 96 3 1]
 P 83962 0 214703 9508674
PT [143 0 97 3 1]
EMPTY QUEUE
 P 84489 0 218102 9582199
PT [143 0 98 3 1]
 P 84489 0 221492 9653034
PT [143 0 99 3 1]
 P 84489 0 224882 9725214
PT [143 0 100 3 1]
 P 86940 0 224891 9797394
PT [143 0 101 3 1]
 P 88227 0 224894 9869574
PT [143 0 102 3 1]
EMPTY QUEUE
 P 88850 0 228293 9943899
PT [143 0 103 3 1]
 P 88850 0 231683 10013934
PT [143 0 104 3 1]
 P 88850 0 235073 10086114
PT [143 0 105 3 1]
 P 90577 0 235081 10158294
PT [143 0 106 3 1]
 P 91639 0 235084 10230474
PT [143 0 107 3 1]
 P 94089 0 235088 10302654
PT [143 0 108 3 1]
EMPTY QUEUE
 P 94672 0 240536 10379180
PT [143 0 109 3 1]
EMPTY QUEUE
 P 94934 0 243932 10449083
PT [143 0 110 3 1]
EMPTY QUEUE
 P 97499 0 243950 10520605
PT [143 0 111 3 1]
 P 97499 0 247340 10591374
PT [143 0 112 3 1]
 P 99605 0 247343 10663554
PT [143 0 113 3 1]
 P 99605 0 250733 10735734
PT [143 0 114 3 1]
 P 99605 0 254123 10807914
PT [143 0 115 3 1]
EMPTY QUEUE
 P 101446 0 254142 10882239
PT [143 0 116 3 1]
 P 101446 0 257532 10952274
PT [143 0 117 3 1]
 P 103178 0 257535 11024454
PT [143 0 118 3 1]
 P 103178 0 260925 11096634
PT [143 0 119 3 1]
 P 103178 0 264315 11168814
PT [143 0 120 3 1]
EMPTY QUEUE
 P 106602 0 264332 11243331
PT [143 0 121 3 1]
 P 106602 0 267722 11313174
PT [143 0 122 3 1]
 P 108053 0 267725 11385354
PT [143 0 123 3 1]
 P 108053 0 271115 11457534
PT [143 0 124 3 1]
 P 108053 0 274505 11529714
PT [143 0 125 3 1]
EMPTY QUEUE
 P 110689 0 274522 11603847
PT [143 0 126 3 1]
 P 110689 0 277912 11674074
PT [143 0 127 3 1]
 P 112901 0 277915 11746254
PT [143 0 128 3 1]
 P 112901 0 281305 11818434
PT [143 0 129 3 1]
 P 112901 0 284695 11890614
PT [143 0 130 3 1]
EMPTY QUEUE
 P 114987 0 284713 11963883
PT [143 0 131 3 1]
 P 114987 0 288103 12034974
PT [143 0 132 3 1]
 P 115771 0 288106 12107154
PT [143 0 133 3 1]
 P 115771 0 291496 12179334
PT [143 0 134 3 1]
 P 115771 0 294886 12251514
PT [143 0 135 3 1]
EMPTY QUEUE
 P 118662 0 294903 12325487
PT [143 0 136 3 1]
 P 118662 0 298293 12395874
PT [143 0 137 3 1]
 P 119984 0 298297 12468054
PT [143 0 138 3 1]
 P 119984 0 301687 12540234
PT [143 0 139 3 1]
 P 119984 0 305077 12612414
PT [143 0 140 3 1]
EMPTY QUEUE
 P 122931 0 305094 12686675
PT [143 0 141 3 1]
 P 122931 0 308484 12756774
PT [143 0 142 3 1]
 P 125628 0 308488 12828954
PT [143 0 143 3 1]
 P 125628 0 311878 12901134
PT [143 0 144 3 1]
 P 125628 0 315268 12973314
PT [143 0 145 3 1]
EMPTY QUEUE
 P 128615 0 315285 13047223
PT [143 0 146 3 1]
 P 128615 0 318675 13117674
PT [143 0 147 3 1]
 P 129813 0 318678 13189854
PT [143 0 148 3 1]
 P 129813 0 322068 13262034
PT [143 0 149 3 1]
 P 129813 0 325458 13334214
PT [143 0 150 3 1]
EMPTY QUEUE
 P 132123 0 325476 13409371
PT [143 0 151 3 1]
 P 132123 0 328866 13478574
PT [143 0 152 3 1]
 P 133772 0 328869 13550754
PT [143 0 153 3 1]
 P 133772 0 332259 13622934
PT [143 0 154 3 1]
 P 133772 0 335649 13695114
PT [143 0 155 3 1]
EMPTY QUEUE
 P 135582 0 335667 13768927
PT [143 0 156 3 1]
 P 135582 0 339057 13839474
PT [143 0 157 3 1]
 P 136940 0 339060 13911654
PT [143 0 158 3 1]
 P 139400 0 339063 13983834
PT [143 0 159 3 1]
 P 139400 0 342453 14056014
PT [143 0 160 3 1]
EMPTY QUEUE
 P 141805 0 342471 14129987
PT [143 0 161 4 1]
 P 141805 0 345861 14200374
PT [143 0 162 4 1]
 P 141805 0 349251 14272554
PT [143 0 163 4 1]
 P 143920 0 349254 14344734
PT [143 0 164 4 1]
 P 143920 0 352644 14416914
PT [143 0 165 4 1]
EMPTY QUEUE
 P 146748 0 352661 14490567
PT [143 0 166 4 1]
 P 146748 0 356051 14561274
PT [143 0 167 4 1]
 P 146748 0 359441 14633454
PT [143 0 168 4 1]
 P 148489 0 359445 14705634
PT [143 0 169 4 1]
 P 148489 0 362835 14777814
PT [143 0 170 4 1]
EMPTY QUEUE
 P 151148 0 362854 14852619
PT [143 0 171 4 1]
 P 151148 0 366244 14922174
PT [143 0 172 4 1]
 P 151148 0 369634 14994354
PT [143 0 173 4 1]
 P 152608 0 369637 15066534
PT [143 0 174 4 1]
 P 152608 0 373027 15138714
PT [143 0 175 4 1]
EMPTY QUEUE
 P 154315 0 373037 15211652
PT [143 0 176 4 1]
EMPTY QUEUE
 P 154843 0 376436 15285412
PT [143 0 177 4 1]
 P 154843 0 379826 15355254
PT [143 0 178 4 1]
 P 157064 0 379829 15427434
PT [143 0 179 4 1]
 P 157064 0 383219 15499614
PT [143 0 180 4 1]
 P 158368 0 383227 15571794
PT [143 0 181 4 1]
EMPTY QUEUE
 P 158959 0 386626 15645799
PT [143 0 182 4 1]
 P 158959 0 390016 15716154
PT [143 0 183 4 1]
 P 159752 0 390019 15788334
PT [143 0 184 4 1]
 P 159752 0 393409 15860514
PT [143 0 185 4 1]
 P 162147 0 393418 15932694
PT [143 0 186 4 1]
EMPTY QUEUE
 P 162738 0 396817 16007659
PT [143 0 187 4 1]
 P 162738 0 400207 16077054
PT [143 0 188 4 1]
 P 164070 0 400210 16149234
PT [143 0 189 4 1]
 P 164070 0 403600 16221414
PT [143 0 190 4 1]
 P 166362 0 403608 16293594
PT [143 0 191 4 1]
EMPTY QUEUE
 P 166889 0 407007 16366895
PT [143 0 192 4 1]
 P 166889 0 410397 16437954
PT [143 0 193 4 1]
 P 166889 0 413787 16510134
PT [143 0 194 4 1]
 P 169297 0 413790 16582314
PT [143 0 195 4 1]
 P 172011 0 413799 16654494
PT [143 0 196 4 1]
EMPTY QUEUE
 P 172634 0 417198 16727828
PT [143 0 197 4 1]
 P 172634 0 420588 16798854
PT [143 0 198 4 1]
 P 172634 0 423978 16871034
PT [143 0 199 4 1]
 P 172634 0 427368 16943214
PT [143 0 200 4 1]
 P 174608 0 427377 17015394
PT [143 0 201 4 1]
 P 177064 0 427380 17087574
PT [143 0 202 4 1]
EMPTY QUEUE
 P 177133 0 433342 17164388
PT [143 0 203 4 1]
EMPTY QUEUE
 P 177692 0 436741 17234303
PT [143 0 204 4 1]
 P 177692 0 440131 17304114
PT [143 0 205 4 1]
 P 178624 0 440139 17376294
PT [143 0 206 4 1]
 P 180735 0 440142 17448474
PT [143 0 207 4 1]
 P 180735 0 443532 17520654
PT [143 0 208 4 1]
EMPTY QUEUE
 P 181230 0 446931 17594563
PT [143 0 209 4 1]
 P 181230 0 450321 17665014
PT [143 0 210 4 1]
 P 183808 0 450329 17737194
PT [143 0 211 4 1]
 P 185558 0 450332 17809374
PT [143 0 212 4 1]
 P 185558 0 453722 17881554
PT [143 0 213 4 1]
EMPTY QUEUE
 P 186053 0 457121 17956423
PT [143 0 214 4 1]
 P 186053 0 460511 18025914
PT [143 0 215 4 1]
 P 186887 0 460520 18098094
PT [143 0 216 4 1]
 P 188356 0 460523 18170274
PT [143 0 217 4 1]
 P 188356 0 463913 18242454
PT [143 0 218 4 1]
EMPTY QUEUE
 P 188851 0 467312 18315723
PT [143 0 219 4 1]
 P 188851 0 470702 18386814
PT [143 0 220 4 1]
 P 191557 0 470710 18458994
PT [143 0 221 4 1]
 P 193787 0 470713 18531174
PT [143 0 222 4 1]
 P 193787 0 474103 18603354
PT [143 0 223 4 1]
EMPTY QUEUE
 P 194282 0 477502 18676559
PT [143 0 224 4 1]
 P 194282 0 480892 18747714
PT [143 0 225 4 1]
 P 196805 0 480901 18819894
PT [143 0 226 4 1]
 P 197607 0 480904 18892074
PT [143 0 227 4 1]
 P 197607 0 484294 18964254
PT [143 0 228 4 1]
EMPTY QUEUE
 P 198102 0 487693 19038931
PT [143 0 229 4 1]
 P 198102 0 491083 19108614
PT [143 0 230 4 1]
 P 200904 0 491092 19180794
PT [143 0 231 4 1]
 P 202243 0 491096 19252974
PT [143 0 232 4 1]
 P 202243 0 494486 19325154
PT [143 0 233 4 1]
EMPTY QUEUE
 P 202770 0 497885 19398775
PT [143 0 234 4 1]
 P 202770 0 501275 19469514
PT [143 0 235 4 1]
 P 203670 0 501283 19541694
PT [143 0 236 4 1]
 P 206385 0 501286 19613874
PT [143 0 237 4 1]
 P 206385 0 504676 19686054
PT [143 0 238 4 1]
EMPTY QUEUE
 P 206880 0 508075 19760091
PT [143 0 239 4 1]
 P 206880 0 511465 19830414
PT [143 0 240 4 1]
 P 209172 0 511474 19902594
PT [143 0 241 4 1]
 P 210387 0 511477 19974774
PT [143 0 242 4 1]
 P 210387 0 514867 20046954
PT [143 0 243 4 1]
EMPTY QUEUE
 P 210914 0 518266 20120959
PT [143 0 244 4 1]
 P 210914 0 521656 20191314
PT [143 0 245 4 1]
 P 212802 0 521664 20263494
PT [143 0 246 4 1]
 P 214468 0 521667 20335674
PT [143 0 247 4 1]
 P 214468 0 525057 20407854
PT [143 0 248 4 1]
EMPTY QUEUE
 P 215028 0 528457 20481316
PT [143 0 249 4 1]
 P 215028 0 531847 20552214
PT [143 0 250 4 1]
 P 216014 0 531855 20624394
PT [143 0 251 4 1]
 P 217390 0 531858 20696574
PT [143 0 252 4 1]
 P 217390 0 535248 20768754
PT [143 0 253 4 1]
EMPTY QUEUE
 P 218013 0 538647 20843239
PT [143 0 254 4 1]
 P 218013 0 542037 20913114
PT [143 0 255 4 1]
 P 218785 0 542045 20985294
PT [143 0 256 4 1]
 P 220676 0 542048 21057474
PT [143 0 257 4 1]
 P 220676 0 545438 21129654
PT [143 0 258 4 1]
EMPTY QUEUE
 P 220742 0 548830 21204022
PT [143 0 259 4 1]
EMPTY QUEUE
 P 221333 0 552229 21276415
PT [143 0 260 4 1]
 P 223625 0 552237 21346194
PT [143 0 261 4 1]
 P 224620 0 552240 21418374
PT [143 0 262 4 1]
 P 224620 0 555630 21490554
PT [143 0 263 4 1]
 P 224620 0 559020 21562734
PT [143 0 264 4 1]
EMPTY QUEUE
 P 225179 0 562419 21636707
PT [143 0 265 4 1]
 P 227606 0 562428 21707094
PT [143 0 266 4 1]
 P 229753 0 562431 21779274
PT [143 0 267 4 1]
 P 231601 0 562434 21851454
PT [143 0 268 4 1]
 P 231601 0 565824 21923634
PT [143 0 269 4 1]
EMPTY QUEUE
 P 232192 0 569223 21998599
PT [143 0 270 4 1]
 P 234326 0 569232 22067994
PT [143 0 271 4 1]
 P 234326 0 572622 22140174
PT [143 0 272 4 1]
 P 236912 0 572625 22212354
PT [143 0 273 4 1]
 P 236912 0 576015 22284534
PT [143 0 274 4 1]
EMPTY QUEUE
 P 237471 0 579414 22357867
PT [143 0 275 4 1]
 P 238244 0 579422 22428894
PT [143 0 276 4 1]
 P 238244 0 582812 22501074
PT [143 0 277 4 1]
 P 239084 0 582815 22573254
PT [143 0 278 4 1]
 P 239084 0 586205 22645434
PT [143 0 279 4 1]
EMPTY QUEUE
 P 239643 0 589604 22718703
PT [143 0 280 4 1]
 P 241808 0 589612 22789794
PT [143 0 281 4 1]
 P 241808 0 593002 22861974
PT [143 0 282 4 1]
 P 244164 0 593005 22934154
PT [143 0 283 4 1]
 P 244164 0 596395 23006334
PT [143 0 284 4 1]
EMPTY QUEUE
 P 244755 0 599794 23081107
PT [143 0 285 4 1]
 P 246387 0 599802 23150694
PT [143 0 286 4 1]
 P 246387 0 603192 23222874
PT [143 0 287 4 1]
 P 247601 0 603196 23295054
PT [143 0 288 4 1]
 P 247601 0 606586 23367234
PT [143 0 289 4 1]
EMPTY QUEUE
 P 248160 0 609986 23440887
PT [143 0 290 4 1]
 P 249179 0 609994 23511594
PT [143 0 291 4 1]
 P 249179 0 613384 23583774
PT [143 0 292 4 1]
 P 250167 0 613387 23655954
PT [143 0 293 4 1]
 P 250167 0 616777 23728134
PT [143 0 294 4 1]
EMPTY QUEUE
 P 250758 0 620177 23802267
PT [143 0 295 4 1]
 P 251784 0 620185 23872494
PT [143 0 296 4 1]
 P 251784 0 623575 23944674
PT [143 0 297 4 1]
 P 253382 0 623578 24016854
PT [143 0 298 4 1]
 P 253382 0 626968 24089034
PT [143 0 299 4 1]
EMPTY QUEUE
 P 253877 0 630368 24163007
PT [143 0 300 4 1]
 P 256169 0 630377 24233394
PT [143 0 301 4 1]
 P 256169 0 633767 24305574
PT [143 0 302 4 1]
 P 258655 0 633770 24377754
PT [143 0 303 4 1]
 P 258655 0 637160 24449934
PT [143 0 304 4 1]
EMPTY QUEUE
 P 259278 0 640560 24523459
PT [143 0 305 4 1]
 P 261228 0 640569 24594294
PT [143 0 306 4 1]
 P 261228 0 643959 24666474
PT [143 0 307 4 1]
 P 263688 0 643962 24738654
PT [143 0 308 4 1]
 P 263688 0 647352 24810834
PT [143 0 309 4 1]
EMPTY QUEUE
 P 264247 0 650752 24885255
PT [143 0 310 4 1]
 P 265551 0 650760 24955194
PT [143 0 311 4 1]
 P 265551 0 654150 25027374
PT [143 0 312 4 1]
 P 266384 0 654153 25099554
PT [143 0 313 4 1]
 P 266384 0 657543 25171734
PT [143 0 314 4 1]
EMPTY QUEUE
 P 267007 0 660943 25246667
PT [143 0 315 4 1]
 P 268001 0 660952 25316094
PT [143 0 316 4 1]
 P 268001 0 664342 25388274
PT [143 0 317 4 1]
 P 270081 0 664346 25460454
PT [143 0 318 4 1]
 P 270081 0 667736 25532634
PT [143 0 319 4 1]
EMPTY QUEUE
 P 270576 0 671136 25607375
PT [143 0 320 4 1]
 P 271434 0 671146 25676994
PT [143 0 321 4 1]
 P 271434 0 674536 25749174
PT [143 0 322 4 1]
 P 272300 0 674540 25821354
PT [143 0 323 4 1]
 P 272300 0 677930 25893534
PT [143 0 324 4 1]
EMPTY QUEUE
 P 272827 0 681330 25967731
PT [143 0 325 4 1]
 P 273821 0 681338 26037894
PT [143 0 326 4 1]
 P 273821 0 684728 26110074
PT [143 0 327 4 1]
 P 275043 0 684731 26182254
PT [143 0 328 4 1]
 P 275043 0 688121 26254434
PT [143 0 329 4 1]
EMPTY QUEUE
 P 275112 0 694083 26329648
PT [143 0 330 4 1]
EMPTY QUEUE
 P 278059 0 694101 26400203
PT [143 0 331 4 1]
 P 278059 0 697491 26470974
PT [143 0 332 4 1]
 P 278800 0 697494 26543154
PT [143 0 333 4 1]
 P 278800 0 700884 26615334
PT [143 0 334 4 1]
 P 278800 0 704274 26687514
PT [143 0 335 4 1]
EMPTY QUEUE
 P 280386 0 704292 26761839
PT [143 0 336 4 1]
 P 280386 0 707682 26831874
PT [143 0 337 4 1]
 P 282342 0 707686 26904054
PT [143 0 338 4 1]
 P 282342 0 711076 26976234
PT [143 0 339 4 1]
 P 282342 0 714466 27048414
PT [143 0 340 4 1]
EMPTY QUEUE
 P 285577 0 714484 27122932
PT [143 0 341 4 1]
 P 285577 0 717874 27192774
PT [143 0 342 4 1]
 P 287212 0 717877 27264954
PT [143 0 343 4 1]
 P 287212 0 721267 27337134
PT [143 0 344 4 1]
 P 287212 0 724657 27409314
PT [143 0 345 4 1]
EMPTY QUEUE
 P 290517 0 724676 27483447
PT [143 0 346 4 1]
 P 290517 0 728066 27553674
PT [143 0 347 4 1]
 P 293081 0 728069 27625854
PT [143 0 348 4 1]
 P 293081 0 731459 27698034
PT [143 0 349 4 1]
 P 293081 0 734849 27770214
PT [143 0 350 4 1]
EMPTY QUEUE
 P 295870 0 734867 27843484
PT [143 0 351 4 1]
 P 295870 0 738257 27914574
PT [143 0 352 4 1]
 P 296901 0 738260 27986754
PT [143 0 353 4 1]
 P 296901 0 741650 28058934
PT [143 0 354 4 1]
 P 296901 0 745040 28131114
PT [143 0 355 4 1]
EMPTY QUEUE
 P 298295 0 745059 28205088
PT [143 0 356 4 1]
 P 298295 0 748449 28275474
PT [143 0 357 4 1]
 P 298295 0 751839 28347654
PT [143 0 358 4 1]
 P 300624 0 751842 28419834
PT [143 0 359 4 1]
 P 300624 0 755232 28492014
PT [143 0 360 4 1]
EMPTY QUEUE
 P 302585 0 755251 28566276
PT [143 0 361 4 1]
 P 302585 0 758641 28636374
PT [143 0 362 4 1]
 P 302585 0 762031 28708554
PT [143 0 363 4 1]
 P 304701 0 762034 28780734
PT [143 0 364 4 1]
 P 304701 0 765424 28852914
PT [143 0 365 4 1]
EMPTY QUEUE
 P 307816 0 765442 28926823
PT [143 0 366 4 1]
 P 307816 0 768832 28997274
PT [143 0 367 4 1]
 P 307816 0 772222 29069454
PT [143 0 368 4 1]
 P 309428 0 772225 29141634
PT [143 0 369 4 1]
 P 309428 0 775615 29213814
PT [143 0 370 4 1]
EMPTY QUEUE
 P 311993 0 775633 29288971
PT [143 0 371 4 1]
 P 311993 0 779023 29358174
PT [143 0 372 4 1]
 P 311993 0 782413 29430354
PT [143 0 373 4 1]
 P 313442 0 782416 29502534
PT [143 0 374 4 1]
 P 313442 0 785806 29574714
PT [143 0 375 4 1]
EMPTY QUEUE
 P 316461 0 785824 29648527
PT [143 0 376 4 1]
 P 316461 0 789214 29719074
PT [143 0 377 4 1]
 P 316461 0 792604 29791254
PT [143 0 378 4 1]
 P 318552 0 792608 29863434
PT [143 0 379 4 1]
 P 318552 0 795998 29935614
PT [143 0 380 4 1]
EMPTY QUEUE
 P 321212 0 796016 30009587
PT [143 0 381 4 1]
 P 321212 0 799406 30079974
PT [143 0 382 4 1]
 P 321212 0 802796 30152154
PT [143 0 383 4 1]
 P 321995 0 802799 30224334
PT [143 0 384 4 1]
 P 321995 0 806189 30296514
PT [143 0 385 4 1]
EMPTY QUEUE
 P 323421 0 806207 30370167
PT [143 0 386 4 1]
 P 323421 0 809597 30440874
PT [143 0 387 4 1]
 P 323421 0 812987 30513054
PT [143 0 388 4 1]
 P 324622 0 812990 30585234
PT [143 0 389 4 1]
 P 324622 0 816380 30657414
PT [143 0 390 4 1]
EMPTY QUEUE
 P 327822 0 816399 30732219
PT [143 0 391 4 1]
 P 327822 0 819789 30801774
PT [143 0 392 4 1]
 P 327822 0 823179 30873954
PT [143 0 393 4 1]
 P 330518 0 823182 30946134
PT [143 0 394 4 1]
 P 330518 0 826572 31018314
PT [143 0 395 4 1]
EMPTY QUEUE
 P 333504 0 826591 31091871
PT [143 0 396 4 1]
 P 333504 0 829981 31162674
PT [143 0 397 4 1]
 P 333504 0 833371 31234854
PT [143 0 398 4 1]
 P 334580 0 833374 31307034
PT [143 0 399 4 1]
 P 334580 0 836764 31379214
PT [143 0 400 4 1]
EMPTY QUEUE
 P 336125 0 836782 31452899
PT [143 0 401 4 1]
 P 336125 0 840172 31523574
PT [143 0 402 4 1]
 P 336125 0 843562 31595754
PT [143 0 403 4 1]
 P 337770 0 843565 31667934
PT [143 0 404 4 1]
 P 337770 0 846955 31740114
PT [143 0 405 4 1]
EMPTY QUEUE
 P 339452 0 846973 31813479
PT [143 0 406 4 1]
 P 339452 0 850363 31884474
PT [143 0 407 4 1]
 P 339452 0 853753 31956654
PT [143 0 408 4 1]
 P 340688 0 853757 32028834
PT [143 0 409 4 1]
 P 340688 0 857147 32101014
PT [143 0 410 4 1]
EMPTY QUEUE
 P 342137 0 857166 32175627
PT [143 0 411 4 1]
 P 342137 0 860556 32245374
PT [143 0 412 4 1]
 P 342137 0 863946 32317554
PT [143 0 413 4 1]
 P 344008 0 863949 32389734
PT [143 0 414 4 1]
 P 344008 0 867339 32461914
PT [143 0 415 4 1]
EMPTY QUEUE
 P 345943 0 867357 32535087
PT [143 0 416 4 1]
 P 345943 0 870747 32606274
PT [143 0 417 4 1]
 P 345943 0 874137 32678454
PT [143 0 418 4 1]
 P 346800 0 874140 32750634
PT [143 0 419 4 1]
 P 346800 0 877530 32822814
PT [143 0 420 4 1]
EMPTY QUEUE
 P 349492 0 877548 32896211
PT [143 0 421 4 1]
 P 349492 0 880938 32967174
PT [143 0 422 4 1]
 P 349492 0 884328 33039354
PT [143 0 423 4 1]
 P 351619 0 884332 33111534
PT [143 0 424 4 1]
 P 351619 0 887722 33183714
PT [143 0 425 4 1]
EMPTY QUEUE
 P 354670 0 887740 33256791
PT [143 0 426 4 1]
 P 354670 0 891130 33328074
PT [143 0 427 4 1]
 P 354670 0 894520 33400254
PT [143 0 428 4 1]
 P 356452 0 894524 33472434
PT [143 0 429 4 1]
 P 356452 0 897914 33544614
PT [143 0 430 4 1]
EMPTY QUEUE
 P 358379 0 897932 33618907
PT [143 0 431 4 1]
 P 358379 0 901322 33688974
PT [143 0 432 4 1]
 P 358379 0 904712 33761154
PT [143 0 433 4 1]
 P 361018 0 904715 33833334
PT [143 0 434 4 1]
 P 361018 0 908105 33905514
PT [143 0 435 4 1]
EMPTY QUEUE
 P 363082 0 908123 33980479
PT [143 0 436 4 1]
 P 363082 0 911513 34049874
PT [143 0 437 4 1]
 P 363082 0 914903 34122054
PT [143 0 438 4 1]
 P 363974 0 914906 34194234
PT [143 0 439 4 1]
 P 363974 0 918296 34266414
PT [143 0 440 4 1]
EMPTY QUEUE
 P 365742 0 918314 34339555
PT [143 0 441 4 1]
 P 365742 0 921704 34410774
PT [143 0 442 4 1]
 P 365742 0 925094 34482954
PT [143 0 443 4 1]
 P 368129 0 925097 34555134
PT [143 0 444 4 1]
 P 368129 0 928487 34627314
PT [143 0 445 4 1]
EMPTY QUEUE
 P 369586 0 928506 34702183
PT [143 0 446 4 1]
 P 369586 0 931896 34771674
PT [143 0 447 4 1]
 P 369586 0 935286 34843854
PT [143 0 448 4 1]
 P 370831 0 935290 34916034
PT [143 0 449 4 1]
 P 370831 0 938680 34988214
PT [143 0 450 4 1]
EMPTY QUEUE
 P 372345 0 938699 35062219
PT [143 0 451 4 1]
 P 372345 0 942089 35132574
PT [143 0 452 4 1]
 P 372345 0 945479 35204754
PT [143 0 453 4 1]
 P 373363 0 945482 35276934
PT [143 0 454 4 1]
 P 373363 0 948872 35349114
PT [143 0 455 4 1]
EMPTY QUEUE
 P 375109 0 948890 35423887
PT [143 0 456 4 1]
 P 375109 0 952280 35493474
PT [143 0 457 4 1]
 P 375109 0 955670 35565654
PT [143 0 458 4 1]
 P 376738 0 955673 35637834
PT [143 0 459 4 1]
 P 376738 0 959063 35710014
PT [143 0 460 4 1]
EMPTY QUEUE
 P 379653 0 959081 35785011
PT [143 0 461 4 1]
 P 379653 0 962471 35854374
PT [143 0 462 4 1]
 P 379653 0 965861 35926554
PT [143 0 463 4 1]
 P 382172 0 965864 35998734
PT [143 0 464 4 1]
 P 382172 0 969254 36070914
PT [143 0 465 4 1]
EMPTY QUEUE
 P 385254 0 969273 36145559
PT [143 0 466 4 1]
 P 385254 0 972663 36215274
PT [143 0 467 4 1]
 P 385254 0 976053 36287454
PT [143 0 468 4 1]
 P 387745 0 976056 36359634
PT [143 0 469 4 1]
 P 387745 0 979446 36431814
PT [143 0 470 4 1]
EMPTY QUEUE
 P 389863 0 979464 36505595
PT [143 0 471 4 1]
 P 389863 0 982854 36576174
PT [143 0 472 4 1]
 P 389863 0 986244 36648354
PT [143 0 473 4 1]
 P 390726 0 986247 36720534
PT [143 0 474 4 1]
 P 390726 0 989637 36792714
PT [143 0 475 4 1]
EMPTY QUEUE
 P 392311 0 989656 36867295
PT [143 0 476 4 1]
 P 392311 0 993046 36937074
PT [143 0 477 4 1]
 P 392311 0 996436 37009254
PT [143 0 478 4 1]
 P 392311 0 999826 37081434
PT [143 0 479 4 1]
 P 394664 0 999829 37153614
PT [143 0 480 4 1]
EMPTY QUEUE
 P 396846 0 999848 37228324
PT [143 0 481 4 1]
 P 396846 0 1003238 37297974
PT [143 0 482 4 1]
 P 396846 0 1006628 37370154
PT [143 0 483 4 1]
 P 396846 0 1010018 37442334
PT [143 0 484 4 1]
 P 398986 0 1010021 37514514
PT [143 0 485 4 1]
EMPTY QUEUE
 P 401080 0 1010040 37588967
PT [143 0 486 4 1]
 P 401080 0 1013430 37658874
PT [143 0 487 4 1]
 P 401080 0 1016820 37731054
PT [143 0 488 4 1]
 P 401080 0 1020210 37803234
PT [143 0 489 4 1]
 P 402715 0 1020213 37875414
PT [143 0 490 4 1]
EMPTY QUEUE
 P 405757 0 1020232 37949035
PT [143 0 491 4 1]
 P 405757 0 1023622 38019774
PT [143 0 492 4 1]
 P 405757 0 1027012 38091954
PT [143 0 493 4 1]
 P 405757 0 1030402 38164134
PT [143 0 494 4 1]
 P 407229 0 1030406 38236314
PT [143 0 495 4 1]
EMPTY QUEUE
 P 409706 0 1030424 38310511
PT [143 0 496 4 1]
 P 409706 0 1033814 38380674
PT [143 0 497 4 1]
 P 409706 0 1037204 38452854
PT [143 0 498 4 1]
 P 409706 0 1040594 38525034
PT [143 0 499 4 1]
 P 411821 0 1040597 38597214
PT [143 0 500 4 1]
EMPTY QUEUE
 P 413432 0 1040615 38671731
PT [143 0 501 4 1]
 P 413432 0 1044005 38741574
PT [143 0 502 4 1]
 P 413432 0 1047395 38813754
PT [143 0 503 4 1]
 P 413432 0 1050785 38885934
PT [143 0 504 4 1]
 P 414237 0 1050788 38958114
PT [143 0 505 4 1]
EMPTY QUEUE
 P 417258 0 1050806 39032312
PT [143 0 506 4 1]
 P 417258 0 1054196 39102474
PT [143 0 507 4 1]
 P 417258 0 1057586 39174654
PT [143 0 508 4 1]
 P 417258 0 1060976 39246834
PT [143 0 509 4 1]
 P 418483 0 1060979 39319014
PT [143 0 510 4 1]
EMPTY QUEUE
 P 420346 0 1060998 39392284
PT [143 0 511 4 1]
 P 420346 0 1064388 39463374
PT [143 0 512 4 1]
 P 420346 0 1067778 39535554
PT [143 0 513 4 1]
 P 420346 0 1071168 39607734
PT [143 0 514 4 1]
 P 423064 0 1071171 39679914
PT [143 0 515 4 1]
EMPTY QUEUE
 P 425541 0 1071190 39753888
PT [143 0 516 4 1]
 P 427947 0 1071193 39824274
PT [143 0 517 4 1]
 P 430509 0 1071202 39896454
PT [143 0 518 4 1]
 P 430509 0 1074592 39968634
PT [143 0 519 4 1]
 P 430509 0 1077982 40040814
PT [143 0 520 4 1]
EMPTY QUEUE
 P 431132 0 1081382 40115075
PT [143 0 521 4 1]
 P 433193 0 1081385 40185174
PT [143 0 522 4 1]
 P 435642 0 1081393 40257354
PT [143 0 523 4 1]
 P 438273 0 1081402 40329534
PT [143 0 524 4 1]
 P 438273 0 1084792 40401714
PT [143 0 525 4 1]
EMPTY QUEUE
 P 438832 0 1088192 40475271
PT [143 0 526 4 1]
 P 440532 0 1088195 40546074
PT [143 0 527 4 1]
 P 440532 0 1091585 40618254
PT [143 0 528 4 1]
 P 442917 0 1091593 40690434
PT [143 0 529 4 1]
 P 442917 0 1094983 40762614
PT [143 0 530 4 1]
EMPTY QUEUE
 P 443444 0 1098383 40836843
PT [143 0 531 4 1]
 P 444863 0 1098386 40906974
PT [143 0 532 4 1]
 P 444863 0 1101776 40979154
PT [143 0 533 4 1]
 P 446645 0 1101785 41051334
PT [143 0 534 4 1]
 P 446645 0 1105175 41123514
PT [143 0 535 4 1]
EMPTY QUEUE
 P 447236 0 1108575 41197999
PT [143 0 536 4 1]
 P 447236 0 1111965 41267874
PT [143 0 537 4 1]
 P 449659 0 1111968 41340054
PT [143 0 538 4 1]
 P 451577 0 1111977 41412234
PT [143 0 539 4 1]
 P 451577 0 1115367 41484414
PT [143 0 540 4 1]
EMPTY QUEUE
 P 452168 0 1118767 41558579
PT [143 0 541 4 1]
 P 452168 0 1122157 41628774
PT [143 0 542 4 1]
 P 454246 0 1122160 41700954
PT [143 0 543 4 1]
 P 455460 0 1122169 41773134
PT [143 0 544 4 1]
 P 457799 0 1122173 41845314
PT [143 0 545 4 1]
EMPTY QUEUE
 P 461008 0 1122191 41918903
PT [143 0 546 4 1]
 P 461008 0 1125581 41989674
PT [143 0 547 4 1]
 P 461008 0 1128971 42061854
PT [143 0 548 4 1]
 P 461008 0 1132361 42134034
PT [143 0 549 4 1]
 P 463003 0 1132364 42206214
PT [143 0 550 4 1]
EMPTY QUEUE
 P 465902 0 1132382 42280443
PT [143 0 551 4 1]
 P 465902 0 1135772 42350574
PT [143 0 552 4 1]
 P 465902 0 1139162 42422754
PT [143 0 553 4 1]
 P 465902 0 1142552 42494934
PT [143 0 554 4 1]
 P 467392 0 1142555 42567114
PT [143 0 555 4 1]
EMPTY QUEUE
 P 469702 0 1142573 42641535
PT [143 0 556 4 1]
 P 469702 0 1145963 42711474
PT [143 0 557 4 1]
 P 469702 0 1149353 42783654
PT [143 0 558 4 1]
 P 469702 0 1152743 42855834
PT [143 0 559 4 1]
 P 471077 0 1152746 42928014
PT [143 0 560 4 1]
EMPTY QUEUE
 P 473556 0 1152764 43002148
PT [143 0 561 4 1]
 P 473556 0 1156154 43072374
PT [143 0 562 4 1]
 P 473556 0 1159544 43144554
PT [143 0 563 4 1]
 P 473556 0 1162934 43216734
PT [143 0 564 4 1]
 P 475574 0 1162937 43288914
PT [143 0 565 4 1]
EMPTY QUEUE
 P 477470 0 1162955 43362279
PT [143 0 566 4 1]
 P 479717 0 1162958 43433274
PT [143 0 567 4 1]
 P 479717 0 1166348 43505454
PT [143 0 568 4 1]
 P 479717 0 1169738 43577634
PT [143 0 569 4 1]
 P 479717 0 1173128 43649814
PT [143 0 570 4 1]
EMPTY QUEUE
 P 482990 0 1173147 43723787
PT [143 0 571 4 1]
 P 485037 0 1173150 43794174
PT [143 0 572 4 1]
 P 485037 0 1176540 43866354
PT [143 0 573 4 1]
 P 485037 0 1179930 43938534
PT [143 0 574 4 1]
 P 485037 0 1183320 44010714
PT [143 0 575 4 1]
EMPTY QUEUE
 P 487731 0 1183338 44084911
PT [143 0 576 4 1]
 P 489273 0 1183342 44155074
PT [143 0 577 4 1]
 P 489273 0 1186732 44227254
PT [143 0 578 4 1]
 P 489273 0 1190122 44299434
PT [143 0 579 4 1]
 P 489273 0 1193512 44371614
PT [143 0 580 4 1]
EMPTY QUEUE
 P 491337 0 1193530 44445491
PT [143 0 581 4 1]
 P 492716 0 1193534 44515974
PT [143 0 582 4 1]
 P 495038 0 1193538 44588154
PT [143 0 583 4 1]
 P 495038 0 1196928 44660334
PT [143 0 584 4 1]
 P 495038 0 1200318 44732514
PT [143 0 585 4 1]
EMPTY QUEUE
 P 498082 0 1200336 44807672
PT [143 0 586 4 1]
 P 498082 0 1203726 44876874
PT [143 0 587 4 1]
 P 500059 0 1203730 44949054
PT [143 0 588 4 1]
 P 500059 0 1207120 45021234
PT [143 0 589 4 1]
 P 500059 0 1210510 45093414
PT [143 0 590 4 1]
EMPTY QUEUE
 P 502855 0 1210529 45167133
PT [143 0 591 4 1]
 P 502855 0 1213919 45237774
PT [143 0 592 4 1]
 P 504460 0 1213922 45309954
PT [143 0 593 4 1]
 P 504460 0 1217312 45382134
PT [143 0 594 4 1]
 P 504460 0 1220702 45454314
PT [143 0 595 4 1]
EMPTY QUEUE
 P 507348 0 1220721 45528799
PT [143 0 596 4 1]
 P 509978 0 1220730 45598674
PT [143 0 597 4 1]
 P 511302 0 1220733 45670854
PT [143 0 598 4 1]
 P 511302 0 1224123 45743034
PT [143 0 599 4 1]
 P 511302 0 1227513 45815214
PT [143 0 600 4 1]
EMPTY QUEUE
 P 511861 0 1230913 45889187
PT [143 0 601 4 1]
 P 514245 0 1230921 45959574
PT [143 0 602 4 1]
 P 516330 0 1230924 46031754
PT [143 0 603 4 1]
 P 516330 0 1234314 46103934
PT [143 0 604 4 1]
 P 516330 0 1237704 46176114
PT [143 0 605 4 1]
EMPTY QUEUE
 P 516399 0 1243666 46253120
PT [143 0 606 4 1]
EMPTY QUEUE
 P 518805 0 1243685 46321916
PT [143 0 607 4 1]
 P 519463 0 1243688 46392654
PT [143 0 608 4 1]
 P 519463 0 1247078 46464834
PT [143 0 609 4 1]
 P 519463 0 1250468 46537014
PT [143 0 610 4 1]
 P 519463 0 1253858 46609194
PT [143 0 611 4 1]
EMPTY QUEUE
 P 521972 0 1253877 46683487
PT [143 0 612 4 1]
 P 523167 0 1253880 46753554
PT [143 0 613 4 1]
 P 523167 0 1257270 46825734
PT [143 0 614 4 1]
 P 523167 0 1260660 46897914
PT [143 0 615 4 1]
 P 523167 0 1264050 46970094
PT [143 0 616 4 1]
EMPTY QUEUE
 P 524937 0 1264068 47044484
PT [143 0 617 4 1]
 P 527508 0 1264071 47114454
PT [143 0 618 4 1]
 P 527508 0 1267461 47186634
PT [143 0 619 4 1]
 P 527508 0 1270851 47258814
PT [143 0 620 4 1]
 P 527508 0 1274241 47330994
PT [143 0 621 4 1]
EMPTY QUEUE
 P 530878 0 1274260 47405191
PT [143 0 622 4 1]
 P 531947 0 1274263 47475354
PT [143 0 623 4 1]
 P 531947 0 1277653 47547534
PT [143 0 624 4 1]
 P 531947 0 1281043 47619714
PT [143 0 625 4 1]
 P 531947 0 1284433 47691894
PT [143 0 626 4 1]
EMPTY QUEUE
 P 534575 0 1284452 47765131
PT [143 0 627 4 1]
 P 536095 0 1284455 47836254
PT [143 0 628 4 1]
 P 536095 0 1287845 47908434
PT [143 0 629 4 1]
 P 536095 0 1291235 47980614
PT [143 0 630 4 1]
 P 536095 0 1294625 48052794
PT [143 0 631 4 1]
EMPTY QUEUE
 P 538127 0 1294643 48126767
PT [143 0 632 4 1]
 P 539357 0 1294646 48197154
PT [143 0 633 4 1]
 P 539357 0 1298036 48269334
PT [143 0 634 4 1]
 P 539357 0 1301426 48341514
PT [143 0 635 4 1]
 P 539357 0 1304816 48413694
PT [143 0 636 4 1]
EMPTY QUEUE
 P 542271 0 1304835 48487827
PT [143 0 637 4 1]
 P 544016 0 1304838 48558054
PT [143 0 638 4 1]
 P 544016 0 1308228 48630234
PT [143 0 639 4 1]
 P 544016 0 1311618 48702414
PT [143 0 640 4 1]
 P 544016 0 1315008 48774594
PT [143 0 641 4 1]
EMPTY QUEUE
 P 546781 0 1315026 48848409
PT [143 0 642 4 1]
 P 547630 0 1315029 48918954
PT [143 0 643 4 1]
 P 547630 0 1318420 48991134
PT [143 0 644 4 1]
 P 547630 0 1321810 49063314
PT [143 0 645 4 1]
 P 547630 0 1325200 49135494
PT [143 0 646 4 1]
EMPTY QUEUE
 P 550642 0 1325217 49210587
PT [143 0 647 4 1]
 P 552643 0 1325220 49279854
PT [143 0 648 4 1]
 P 552643 0 1328610 49352034
PT [143 0 649 4 1]
 P 552643 0 1332000 49424214
PT [143 0 650 4 1]
 P 552643 0 1335390 49496394
PT [143 0 651 4 1]
EMPTY QUEUE
 P 554772 0 1335408 49570081
PT [143 0 652 4 1]
 P 556547 0 1335412 49640754
PT [143 0 653 4 1]
 P 556547 0 1338802 49712934
PT [143 0 654 4 1]
 P 556547 0 1342192 49785114
PT [143 0 655 4 1]
 P 556547 0 1345582 49857294
PT [143 0 656 4 1]
EMPTY QUEUE
 P 558284 0 1345600 49931171
PT [143 0 657 4 1]
 P 560797 0 1345604 50001654
PT [143 0 658 4 1]
 P 563075 0 1345607 50073834
PT [143 0 659 4 1]
 P 563075 0 1348997 50146014
PT [143 0 660 4 1]
 P 563075 0 1352387 50218194
PT [143 0 661 4 1]
EMPTY QUEUE
 P 565331 0 1352405 50291753
PT [143 0 662 6 1]
 P 565331 0 1355795 50362554
PT [143 0 663 6 1]
 P 567395 0 1355798 50434734
PT [143 0 664 6 1]
 P 567395 0 1359188 50506914
PT [143 0 665 6 1]
 P 567395 0 1362578 50579094
PT [143 0 666 6 1]
EMPTY QUEUE
 P 570279 0 1362595 50653963
PT [143 0 667 5 1]
 P 570279 0 1365985 50723454
PT [143 0 668 5 1]
 P 571839 0 1365988 50795634
PT [143 0 669 5 1]
 P 571839 0 1369378 50867814
PT [143 0 670 5 1]
 P 571839 0 1372768 50939994
PT [143 0 671 5 1]
EMPTY QUEUE
 P 574444 0 1372786 51013455
PT [143 0 672 5 1]
 P 574444 0 1376176 51084354
PT [143 0 673 5 1]
 P 575841 0 1376179 51156534
PT [143 0 674 5 1]
 P 575841 0 1379569 51228714
PT [143 0 675 5 1]
 P 575841 0 1382959 51300894
PT [143 0 676 5 1]
EMPTY QUEUE
 P 578184 0 1382977 51374613
PT [143 0 677 5 1]
 P 578184 0 1386367 51445254
PT [143 0 678 5 1]
 P 580223 0 1386370 51517434
PT [143 0 679 5 1]
 P 580223 0 1389760 51589614
PT [143 0 680 5 1]
 P 580223 0 1393150 51661794
PT [143 0 681 5 1]
EMPTY QUEUE
 P 582065 0 1393167 51735191
PT [143 0 682 5 1]
 P 582065 0 1396557 51806154
PT [143 0 683 5 1]
 P 582795 0 1396561 51878334
PT [143 0 684 5 1]
 P 582795 0 1399951 51950514
PT [143 0 685 5 1]
 P 582795 0 1403341 52022694
PT [143 0 686 5 1]
EMPTY QUEUE
 P 585774 0 1403358 52097242
PT [143 0 687 5 1]
 P 585774 0 1406748 52167054
PT [143 0 688 5 1]
 P 586924 0 1406751 52239234
PT [143 0 689 5 1]
 P 586924 0 1410141 52311414
PT [143 0 690 5 1]
 P 586924 0 1413531 52383594
PT [143 0 691 5 1]
EMPTY QUEUE
 P 589784 0 1413549 52456896
PT [143 0 692 5 1]
 P 589784 0 1416939 52527954
PT [143 0 693 5 1]
 P 592426 0 1416942 52600134
PT [143 0 694 5 1]
 P 592426 0 1420332 52672314
PT [143 0 695 5 1]
 P 592426 0 1423722 52744494
PT [143 0 696 5 1]
EMPTY QUEUE
 P 595756 0 1423739 52817924
PT [143 0 697 5 1]
 P 595756 0 1427129 52888854
PT [143 0 698 5 1]
 P 596779 0 1427132 52961034
PT [143 0 699 5 1]
 P 596779 0 1430522 53033214
PT [143 0 700 5 1]
 P 596779 0 1433912 53105394
PT [143 0 701 5 1]
EMPTY QUEUE
 P 599193 0 1433930 53178440
PT [143 0 702 5 1]
 P 599193 0 1437320 53249754
PT [143 0 703 5 1]
 P 600787 0 1437323 53321934
PT [143 0 704 5 1]
 P 600787 0 1440713 53394114
PT [143 0 705 5 1]
 P 600787 0 1444103 53466294
PT [143 0 706 5 1]
EMPTY QUEUE
 P 602300 0 1444120 53540587
PT [143 0 707 5 1]
 P 602300 0 1447510 53610654
PT [143 0 708 5 1]
 P 603485 0 1447513 53682834
PT [143 0 709 5 1]
 P 603485 0 1450903 53755014
PT [143 0 710 5 1]
 P 603485 0 1454293 53827194
PT [143 0 711 5 1]
EMPTY QUEUE
 P 606503 0 1454310 53902159
PT [143 0 712 5 1]
 P 606503 0 1457700 53971554
PT [143 0 713 5 1]
 P 608321 0 1457704 54043734
PT [143 0 714 5 1]
 P 608321 0 1461094 54115914
PT [143 0 715 5 1]
 P 608321 0 1464484 54188094
PT [143 0 716 5 1]
EMPTY QUEUE
 P 609738 0 1464501 54261235
PT [143 0 717 5 1]
 P 609738 0 1467891 54332454
PT [143 0 718 5 1]
 P 610543 0 1467894 54404634
PT [143 0 719 5 1]
 P 610543 0 1471284 54476814
PT [143 0 720 5 1]
 P 610543 0 1474674 54548994
PT [143 0 721 5 1]
EMPTY QUEUE
 P 613262 0 1477254 54625968
PT [143 0 722 5 1]
EMPTY QUEUE
 P 613757 0 1480653 54695659
PT [143 0 723 5 1]
 P 615832 0 1480656 54765534
PT [143 0 724 5 1]
 P 615832 0 1484046 54837714
PT [143 0 725 5 1]
 P 615832 0 1487436 54909894
PT [143 0 726 5 1]
 P 618411 0 1487444 54982074
PT [143 0 727 5 1]
EMPTY QUEUE
 P 618938 0 1490843 55056015
PT [143 0 728 5 1]
 P 620668 0 1490846 55126434
PT [143 0 729 5 1]
 P 620668 0 1494236 55198614
PT [143 0 730 5 1]
 P 620668 0 1497626 55270794
PT [143 0 731 5 1]
 P 623414 0 1497635 55342974
PT [143 0 732 5 1]
EMPTY QUEUE
 P 623909 0 1501034 55417843
PT [143 0 733 5 1]
 P 623909 0 1504424 55487334
PT [143 0 734 5 1]
 P 626260 0 1504427 55559514
PT [143 0 735 5 1]
 P 626260 0 1507817 55631694
PT [143 0 736 5 1]
 P 627214 0 1507825 55703874
PT [143 0 737 5 1]
EMPTY QUEUE
 P 627743 0 1511224 55777177
PT [143 0 738 5 1]
 P 627743 0 1514614 55848234
PT [143 0 739 5 1]
 P 629749 0 1514617 55920414
PT [143 0 740 5 1]
 P 629749 0 1518007 55992594
PT [143 0 741 5 1]
 P 631985 0 1518016 56064774
PT [143 0 742 5 1]
EMPTY QUEUE
 P 632544 0 1521415 56138043
PT [143 0 743 6 1]
 P 632544 0 1524805 56209134
PT [143 0 744 6 1]
 P 634177 0 1524808 56281314
PT [143 0 745 6 1]
 P 634177 0 1528198 56353494
PT [143 0 746 6 1]
 P 636119 0 1528206 56425674
PT [143 0 747 6 1]
EMPTY QUEUE
 P 636744 0 1531605 56500481
PT [143 0 748 6 1]
 P 636744 0 1534995 56570034
PT [143 0 749 6 1]
 P 638096 0 1534998 56642214
PT [143 0 750 6 1]
 P 638096 0 1538388 56714394
PT [143 0 751 6 1]
 P 639027 0 1538396 56786574
PT [143 0 752 6 1]
EMPTY QUEUE
 P 639093 0 1541788 56859726
PT [143 0 753 6 1]
EMPTY QUEUE
 P 639686 0 1545187 56933337
PT [143 0 754 6 1]
 P 641799 0 1545190 57003114
PT [143 0 755 6 1]
 P 641799 0 1548580 57075294
PT [143 0 756 6 1]
 P 642626 0 1548588 57147474
PT [143 0 757 6 1]
 P 642626 0 1551978 57219654
PT [143 0 758 6 1]
EMPTY QUEUE
 P 643185 0 1555377 57293627
PT [143 0 759 6 1]
 P 643871 0 1555380 57364014
PT [143 0 760 6 1]
 P 643871 0 1558770 57436194
PT [143 0 761 6 1]
 P 646108 0 1558778 57508374
PT [143 0 762 6 1]
 P 646108 0 1562168 57580554
PT [143 0 763 6 1]
EMPTY QUEUE
 P 646701 0 1565567 57655521
PT [143 0 764 6 1]
 P 647924 0 1565570 57724914
PT [143 0 765 6 1]
 P 647924 0 1568960 57797094
PT [143 0 766 6 1]
 P 650409 0 1568968 57869274
PT [143 0 767 6 1]
 P 650409 0 1572358 57941454
PT [143 0 768 6 1]
EMPTY QUEUE
 P 650968 0 1575757 58014787
PT [143 0 769 6 1]
 P 653567 0 1575760 58085814
PT [143 0 770 6 1]
 P 653567 0 1579150 58157994
PT [143 0 771 6 1]
 P 655588 0 1579159 58230174
PT [143 0 772 6 1]
 P 658165 0 1579167 58302354
PT [143 0 773 6 1]
EMPTY QUEUE
 P 658724 0 1582566 58375911
PT [143 0 774 6 1]
 P 658724 0 1585956 58446714
PT [143 0 775 6 1]
 P 661083 0 1585960 58518894
PT [143 0 776 6 1]
 P 661083 0 1589350 58591074
PT [143 0 777 6 1]
 P 663534 0 1589358 58663254
PT [143 0 778 6 1]
EMPTY QUEUE
 P 663545 0 1592750 58736960
PT [143 0 779 6 1]
EMPTY QUEUE
 P 664136 0 1596149 58810015
PT [143 0 780 6 1]
 P 666150 0 1596153 58879794
PT [143 0 781 6 1]
