47221 R 2.0 1 1 113 1
47496 R 3.0 1 1 369 2
47780 R 4.0 1 2 622 3
48060 R 5.0 1 2 894 4
48344 R 2.0 2 1 340 5
48631 R 3.0 2 1 608 6
48907 R 4.0 2 2 853 7
49194 R 2.0 3 1 294 8
49470 R 5.0 2 2 1408 9
49759 R 3.0 3 1 840 10
50037 R 3.0 4 1 222 11
50322 R 5.0 3 2 1364 12
50598 R 2.0 4 1 802 13
50887 R 5.0 4 2 1033 14
51163 R 4.0 4 2 1317 15
51446 R 3.0 5 1 735 16
51728 R 5.0 5 2 978 17
52009 R 2.0 5 1 1317 18
52290 R 4.0 5 2 1549 19
52577 R 2.0 6 1 989 20
52860 R 3.0 6 1 1253 21
53136 R 4.0 6 2 1498 22
53421 R 5.0 6 2 1775 23
53705 R 3.0 7 1 1202 24
53988 R 5.0 7 2 1446 25
54264 R 2.0 7 1 1780 26
54551 R 158.170 1 3 1870 27
54827 R 4.0 7 2 2294 28
55111 R 3.0 8 1 1712 29
55396 R 5.0 8 2 1958 30
55678 R 110.219 1 3 2975 31
55962 R 2.0 8 1 2582 32
56243 R 158.170 2 3 2539 33
56519 R 4.0 8 2 3089 34
56805 R 3.0 9 1 2510 35
57090 R 2.0 9 1 2813 36
57368 R 110.219 2 3 3645 37
57648 R 5.0 9 2 3314 38
57935 R 2.0 10 1 2763 39
58215 R 158.170 3 3 3490 40
58497 R 3.0 10 1 3306 41
58777 R 4.0 9 2 4450 42
59060 R 5.0 10 2 3830 43
59339 R 3.0 11 1 3252 44
59621 R 110.219 3 3 4939 45
59905 R 5.0 11 2 3779 46
60190 R 2.0 11 1 4122 47
60470 R 158.170 4 3 4723 48
60751 R 3.0 12 1 3768 49
61030 R 4.0 10 2 5809 50
61319 R 158.170 5 3 4615 51
61596 R 3.0 13 1 3717 52
61877 R 2.0 12 1 4913 53
62161 R 5.0 12 2 5139 54
62441 R 5.0 13 2 4523 55
62728 R 3.0 14 1 3953 56
63005 R 3.0 15 1 3334 57
63286 R 110.219 4 3 7582 58
63572 R 4.0 11 2 7454 59
63857 R 2.0 13 1 5997 60
64133 R 5.0 14 2 5319 61
64414 R 4.0 12 2 7399 62
64702 R 2.0 14 1 5946 63
64978 R 158.170 7 3 6230 64
65263 R 110.219 5 3 8538 65
65548 R 2.0 15 1 5896 66
65830 R 2.0 16 1 5282 67
66111 R 3.0 16 1 5544 68
66393 R 2.0 17 1 4949 69
66669 R 5.0 15 2 6959 70
66954 R 2.0 18 1 4614 71
67234 R 3.0 17 1 5771 72
67797 R 158.170 8 3 8059 73
68085 R 4.0 13 2 14144 74
68366 R 110.219 7 3 9661 75
68647 R 3.0 18 1 6288 76
68926 R 2.0 19 1 4794 77
69214 R 5.0 16 2 8608 78
69493 R 4.0 14 2 10688 79
69771 R 158.170 9 3 8980 80
70058 R 2.0 20 1 5030 81
70338 R 4.0 15 2 10636 82
70617 R 110.219 8 3 10860 83
70902 R 2.0 21 1 4978 84
71184 R 2.0 22 1 4364 85
71465 R 4.0 16 2 10867 86
71752 R 110.219 9 3 11005 87
72029 R 2.0 23 1 3416 88
72311 R 4.0 17 2 10817 89
72592 R 2.0 24 1 3084 90
72879 R 110.219 10 3 11142 91
73155 R 2.0 25 1 2751 92
73438 R 4.0 18 2 11048 93
73719 R 4.0 19 2 9538 94
74006 R 2.0 26 1 2705 95
74282 R 110.219 11 3 12321 96
74565 R 4.0 20 2 9488 97
74846 R 2.0 27 1 2650 98
75132 R 110.219 12 3 11164 99
75417 R 4.0 21 2 9444 100
75692 R 2.0 28 1 2600 101
75980 R 4.0 22 2 8214 102
76259 R 4.0 23 2 7597 103
76544 R 4.0 24 2 6986 104
76827 R 4.0 25 2 6372 105
77107 R 4.0 26 2 5757 106
77383 R 3.0 19 1 14128 107
77667 R 4.0 27 2 5421 108
77949 R 2.0 29 1 3065 109
78235 R 4.0 28 2 5093 110
78511 R 3.0 20 1 14360 111
78795 R 4.0 29 2 4757 112
79076 R 2.0 30 1 3296 113
79363 R 4.0 30 2 4429 114
79646 R 3.0 21 1 14599 115
79921 R 4.0 31 2 4091 116
80206 R 5.0 17 2 18704 117
80486 R 2.0 31 1 3810 118
80773 R 3.0 22 1 13934 119
81049 R 4.0 32 2 4322 120
81338 R 3.0 23 1 13603 121
81617 R 2.0 32 1 4045 122
81900 R 158.170 10 3 20119 123
82184 R 4.0 33 2 4562 124
82461 R 5.0 18 2 20063 125
82741 R 2.0 33 1 4272 126
83029 R 4.0 34 2 4511 127
83309 R 3.0 24 1 13782 128
83590 R 110.219 20 3 10950 129
83875 R 2.0 34 1 4511 130
84156 R 3.0 25 1 13733 131
84719 R 3.0 26 1 7128 132
84998 R 4.0 35 2 5584 133
85280 R 2.0 35 1 5019 134
85561 R 3.0 27 1 6178 135
85849 R 110.219 21 3 12250 136
86128 R 158.170 11 3 23357 137
86409 R 2.0 36 1 5253 138
86693 R 3.0 28 1 6414 139
86974 R 2.0 37 1 4922 140
87255 R 3.0 29 1 6080 141
87538 R 4.0 36 2 7228 142
87818 R 2.0 38 1 4870 143
88104 R 110.219 22 3 13545 144
88379 R 2.0 39 1 4535 145
88669 R 110.219 23 3 13153 146
88949 R 4.0 37 2 7743 147
89226 R 2.0 40 1 3590 148
89510 R 110.219 24 3 13036 149
89792 R 2.0 41 1 3260 150
90071 R 2.0 42 1 2643 151
90357 R 4.0 38 2 8255 152
90641 R 110.219 25 3 13208 153
90923 R 2.0 43 1 2598 154
91202 R 110.219 26 3 12780 155
91488 R 4.0 39 2 8490 156
91764 R 110.219 27 3 12351 157
92045 R 4.0 40 2 8152 158
92333 R 110.219 28 3 11961 159
92611 R 4.0 41 2 7821 160
92895 R 2.0 44 1 2778 161
93176 R 4.0 42 2 7490 162
93456 R 4.0 43 2 6874 163
93737 R 5.0 19 2 30443 164
94020 R 2.0 45 1 3008 165
94302 R 4.0 44 2 5928 166
94583 R 3.0 30 1 12512 167
94866 R 4.0 45 2 5596 168
95148 R 2.0 46 1 3240 169
95434 R 4.0 46 2 5268 170
95711 R 4.0 47 2 4649 171
95992 R 3.0 31 1 13025 172
96276 R 2.0 47 1 3472 173
96557 R 4.0 48 2 4599 174
96838 R 3.0 32 1 12975 175
97122 R 4.0 49 2 4268 176
97403 R 2.0 48 1 3703 177
97683 R 158.170 12 3 33891 178
97968 R 4.0 50 2 4218 179
98247 R 3.0 33 1 13488 180
98532 R 2.0 49 1 3935 181
98813 R 4.0 51 2 4167 182
99093 R 3.0 34 1 13438 183
99377 R 2.0 50 1 3885 184
99659 R 4.0 52 2 4116 185
99939 R 3.0 35 1 13388 186
100223 R 2.0 51 1 3835 187
100504 R 4.0 53 2 4066 188
100785 R 5.0 20 2 36595 189
101069 R 2.0 52 1 3785 190
101350 R 4.0 54 2 4016 191
101631 R 3.0 36 1 14184 192
101915 R 2.0 53 1 3735 193
102196 R 4.0 55 2 3966 194
102477 R 3.0 37 1 7862 195
102761 R 2.0 54 1 3685 196
103042 R 4.0 56 2 3916 197
103322 R 3.0 38 1 7812 198
103607 R 2.0 55 1 3635 199
103888 R 4.0 57 2 3866 200
104168 R 3.0 39 1 7761 201
104453 R 2.0 56 1 3585 202
104732 R 3.0 40 1 7429 203
105017 R 4.0 58 2 4099 204
105296 R 3.0 41 1 7097 205
105581 R 2.0 57 1 3817 206
105867 R 3.0 42 1 6772 207
106146 R 3.0 43 1 6155 208
106431 R 3.0 44 1 5544 209
106713 R 3.0 45 1 4930 210
106994 R 3.0 46 1 4315 211
107273 R 3.0 47 1 3698 212
107557 R 3.0 48 1 3086 213
107840 R 3.0 49 1 2473 214
108121 R 158.170 13 3 43339 215
108400 R 5.0 21 2 43314 216
108684 R 3.0 50 1 2421 217
108967 R 5.0 22 2 42985 218
109248 R 5.0 23 2 42370 219
109526 R 5.0 24 2 40856 220
109811 R 3.0 51 1 2652 221
110094 R 5.0 25 2 40528 222
110374 R 5.0 26 2 30056 223
110661 R 3.0 52 1 2606 224
110938 R 5.0 27 2 28828 225
111221 R 5.0 28 2 26423 226
111501 R 5.0 29 2 24015 227
111788 R 158.170 37 3 20031 228
112065 R 5.0 30 2 5762 229
112347 R 158.170 38 3 19631 230
112628 R 3.0 53 1 2781 231
112915 R 158.170 39 3 18375 232
113191 R 5.0 31 2 5994 233
113474 R 3.0 54 1 2731 234
113755 R 158.170 40 3 17330 235
114042 R 158.170 41 3 16690 236
114326 R 3.0 55 1 2687 237
114601 R 158.170 42 3 15395 238
114890 R 158.170 43 3 13860 239
115168 R 3.0 56 1 2633 240
115453 R 5.0 32 2 6462 241
115736 R 158.170 44 3 13747 242
116016 R 3.0 57 1 2586 243
116295 R 158.170 45 3 12483 244
116580 R 5.0 33 2 6694 245
116863 R 158.170 46 3 11164 246
117143 R 3.0 58 1 2815 247
117422 R 5.0 34 2 6639 248
117707 R 158.170 47 3 10123 249
117989 R 3.0 59 1 2765 250
118270 R 5.0 35 2 6592 251
118549 R 158.170 48 3 9975 252
118834 R 3.0 60 1 2714 253
119116 R 5.0 36 2 6542 254
119397 R 158.170 49 3 9833 255
119684 R 3.0 61 1 2668 256
119960 R 158.170 50 3 9468 257
120243 R 158.170 51 3 8792 258
120524 R 3.0 62 1 2612 259
120805 R 4.0 59 2 18991 260
121092 R 158.170 52 3 8714 261
121369 R 5.0 37 2 7003 262
121652 R 3.0 63 1 2844 263
121932 R 158.170 53 3 8566 264
122219 R 5.0 38 2 6957 265
122496 R 158.170 54 3 8137 266
122783 R 2.0 58 1 20123 267
123061 R 3.0 64 1 3357 268
123341 R 5.0 39 2 7183 269
123628 R 158.170 55 3 8281 270
123913 R 3.0 65 1 3313 271
124187 R 5.0 40 2 7133 272
124476 R 3.0 66 1 2980 273
124752 R 4.0 60 2 22042 274
125037 R 158.170 56 3 8698 275
125321 R 158.170 57 3 8056 276
125604 R 3.0 67 1 3212 277
125885 R 158.170 58 3 7661 278
126164 R 3.0 68 1 2876 279
126448 R 5.0 41 2 7601 280
126726 R 2.0 59 1 23170 281
127013 R 158.170 59 3 7800 282
127294 R 5.0 42 2 7552 283
127572 R 158.170 60 3 7337 284
127857 R 5.0 43 2 7219 285
128140 R 3.0 69 1 3060 286
128420 R 158.170 61 3 7195 287
128699 R 4.0 61 2 25093 288
128981 R 5.0 44 2 7447 289
129266 R 3.0 70 1 3290 290
129548 R 5.0 45 2 7119 291
129829 R 3.0 71 1 2957 292
130116 R 158.170 62 3 7869 293
130393 R 158.170 63 3 7155 294
130677 R 2.0 60 1 26225 295
130957 R 3.0 72 1 3189 296
131238 R 5.0 46 2 7016 297
131525 R 158.170 64 3 7266 298
131801 R 3.0 73 1 3137 299
132084 R 5.0 47 2 6966 300
132365 R 158.170 65 3 7118 301
132654 R 2.0 61 1 27305 302
132933 R 3.0 74 1 3373 303
133210 R 5.0 48 2 7196 304
133493 R 158.170 66 3 7223 305
133773 R 3.0 75 1 3318 306
134060 R 5.0 49 2 7150 307
134338 R 2.0 62 1 28094 308
134627 R 3.0 76 1 3275 309
134909 R 2.0 63 1 27769 310
135184 R 158.170 67 3 7893 311
135472 R 5.0 50 2 7666 312
135751 R 3.0 77 1 3503 313
136036 R 158.170 68 3 7756 314
136318 R 3.0 78 1 3174 315
136599 R 5.0 51 2 7897 316
136878 R 158.170 69 3 7575 317
137162 R 5.0 52 2 7565 318
137445 R 158.170 70 3 7154 319
137721 R 3.0 79 1 2785 320
138010 R 5.0 53 2 7516 321
138290 R 5.0 54 2 6900 322
138568 R 3.0 80 1 2736 323
138852 R 158.170 71 3 7539 324
139133 R 5.0 55 2 6847 325
139413 R 3.0 81 1 2685 326
139699 R 2.0 64 1 31662 327
139981 R 158.170 72 3 7678 328
140264 R 5.0 56 2 7082 329
140546 R 3.0 82 1 2922 330
140826 R 158.170 73 3 7469 331
141111 R 5.0 57 2 7032 332
141387 R 3.0 83 1 2867 333
141669 R 158.170 74 3 7323 334
141956 R 5.0 58 2 6982 335
142234 R 158.170 75 3 6867 336
142518 R 3.0 84 1 3102 337
142796 R 5.0 59 2 6926 338
143086 R 3.0 85 1 2774 339
143365 R 158.170 76 3 7008 340
143643 R 5.0 60 2 6876 341
143927 R 3.0 86 1 2719 342
144208 R 158.170 77 3 6861 343
144488 R 5.0 61 2 6825 344
144777 R 2.0 65 1 23300 345
145056 R 3.0 87 1 2952 346
145339 R 158.170 78 3 6971 347
145621 R 3.0 88 1 2621 348
145901 R 5.0 62 2 7342 349
146187 R 158.170 79 3 6828 350
146462 R 5.0 63 2 7008 351
146744 R 3.0 89 1 2848 352
147032 R 5.0 64 2 6682 353
147309 R 158.170 80 3 6928 354
147593 R 3.0 90 1 2801 355
147871 R 5.0 65 2 6625 356
148161 R 158.170 81 3 6760 357
148440 R 3.0 91 1 2753 358
148718 R 5.0 66 2 6576 359
149002 R 158.170 82 3 6611 360
149284 R 3.0 92 1 2700 361
149563 R 5.0 67 2 6525 362
149852 R 2.0 66 1 26584 363
150131 R 158.170 83 3 6717 364
150415 R 3.0 93 1 2935 365
150696 R 5.0 68 2 6762 366
150976 R 3.0 94 1 2600 367
151262 R 158.170 84 3 6860 368
151537 R 5.0 69 2 6707 369
151825 R 2.0 67 1 26765 370
152101 R 158.170 85 3 6677 371
152389 R 5.0 70 2 6663 372
152666 R 5.0 71 2 6044 373
152950 R 158.170 86 3 6504 374
153232 R 3.0 95 1 3064 375
153512 R 5.0 72 2 5994 376
153797 R 158.170 87 3 6361 377
154081 R 3.0 96 1 3017 378
154363 R 5.0 73 2 5948 379
154642 R 3.0 97 1 2682 380
154920 R 158.170 88 3 6463 381
155205 R 2.0 68 1 28353 382
155484 R 5.0 74 2 6173 383
155773 R 3.0 98 1 2918 384
156053 R 158.170 89 3 6606 385
156331 R 5.0 75 2 6125 386
156615 R 3.0 99 1 2863 387
156896 R 158.170 90 3 6428 388
157458 R 5.0 76 2 6356 389
157744 R 158.170 91 3 6285 390
158027 R 3.0 100 1 3379 391
158309 R 3.0 101 1 2765 392
158589 R 5.0 77 2 6591 393
158870 R 2.0 69 1 29329 394
159156 R 158.170 92 3 6676 395
159432 R 5.0 78 2 6538 396
159714 R 3.0 102 1 3274 397
160001 R 158.170 93 3 6502 398
160279 R 3.0 103 1 2943 399
160563 R 5.0 79 2 6772 400
160845 R 158.170 94 3 6354 401
161124 R 3.0 104 1 2892 402
161410 R 5.0 80 2 6723 403
161694 R 3.0 105 1 2566 404
161975 R 5.0 81 2 6393 405
162255 R 158.170 95 3 6743 406
162535 R 2.0 70 1 31203 407
162815 R 5.0 82 2 6336 408
163104 R 2.0 71 1 29980 409
163380 R 3.0 106 1 3357 410
163662 R 158.170 96 3 7159 411
163950 R 5.0 83 2 6576 412
164228 R 3.0 107 1 3308 413
164511 R 158.170 97 3 6986 414
164793 R 5.0 84 2 6522 415
165074 R 4.0 68 2 55196 416
165355 R 3.0 108 1 3539 417
165640 R 158.170 98 3 7127 418
165916 R 3.0 109 1 3204 419
166206 R 5.0 85 2 7039 420
166485 R 3.0 110 1 2878 421
166763 R 158.170 99 3 7227 422
167049 R 2.0 72 1 32133 423
167329 R 5.0 86 2 7266 424
167610 R 158.170 100 3 7055 425
167890 R 5.0 87 2 6932 426
168176 R 158.170 101 3 6630 427
168460 R 3.0 111 1 3060 428
168741 R 5.0 88 2 6887 429
169023 R 2.0 73 1 28730 430
169303 R 5.0 89 2 6552 431
169589 R 3.0 112 1 3293 432
169864 R 158.170 102 3 7295 433
170146 R 3.0 113 1 2954 434
170434 R 158.170 103 3 6877 435
170711 R 5.0 90 2 7065 436
170994 R 2.0 74 1 25326 437
171277 R 3.0 114 1 3189 438
171559 R 5.0 91 2 7017 439
171838 R 158.170 104 3 7260 440
172124 R 3.0 115 1 3140 441
172408 R 5.0 92 2 6970 442
172690 R 158.170 105 3 7121 443
172969 R 3.0 116 1 3089 444
173254 R 2.0 75 1 23105 445
173529 R 5.0 93 2 7195 446
173813 R 158.170 106 3 7222 447
174094 R 3.0 117 1 3319 448
174382 R 5.0 94 2 7151 449
174660 R 3.0 118 1 2988 450
174943 R 158.170 107 3 7333 451
175225 R 5.0 95 2 7099 452
175505 R 2.0 76 1 23565 453
175787 R 3.0 119 1 3219 454
176073 R 158.170 108 3 7472 455
176348 R 3.0 120 1 2884 456
176638 R 5.0 96 2 7616 457
176918 R 158.170 109 3 7296 458
177195 R 5.0 97 2 7276 459
177479 R 5.0 98 2 6664 460
177760 R 2.0 77 1 22235 461
178043 R 5.0 99 2 6333 462
178322 R 5.0 100 2 5716 463
178608 R 3.0 121 1 3352 464
178892 R 2.0 78 1 19784 465
179174 R 5.0 101 2 5671 466
179455 R 3.0 122 1 3304 467
179733 R 2.0 79 1 17041 468
180016 R 2.0 80 1 16427 469
180299 R 5.0 102 2 5901 470
180585 R 5.0 103 2 5291 471
180860 R 3.0 123 1 3813 472
181142 R 5.0 104 2 4951 473
181708 R 2.0 81 1 16328 474
181994 R 3.0 124 1 4050 475
182271 R 5.0 105 2 5185 476
182555 R 5.0 106 2 4572 477
182837 R 3.0 125 1 3997 478
183117 R 2.0 82 1 15945 479
183405 R 2.0 83 1 13545 480
183680 R 5.0 107 2 4802 481
183966 R 3.0 126 1 4230 482
184247 R 2.0 84 1 12594 483
184530 R 2.0 85 1 11086 484
184814 R 5.0 108 2 5040 485
185095 R 3.0 127 1 4464 486
185375 R 5.0 109 2 4704 487
185653 R 3.0 128 1 4125 488
185940 R 2.0 86 1 9808 489
186220 R 2.0 87 1 8295 490
186501 R 5.0 110 2 4934 491
186782 R 3.0 129 1 4358 492
187070 R 5.0 111 2 4608 493
187348 R 3.0 130 1 4028 494
187633 R 2.0 88 1 7917 495
187909 R 4.0 90 2 23375 496
188195 R 5.0 112 2 4837 497
188477 R 3.0 131 1 4261 498
188762 R 2.0 89 1 8150 499
189042 R 2.0 90 1 6638 500
189321 R 5.0 113 2 5066 501
189606 R 3.0 132 1 4494 502
189882 R 5.0 114 2 4732 503
190166 R 2.0 91 1 6865 504
190449 R 2.0 92 1 6253 505
190736 R 3.0 133 1 4728 506
191015 R 5.0 115 2 4968 507
191295 R 4.0 93 2 20489 508
191575 R 2.0 93 1 6482 509
191857 R 3.0 134 1 4953 510
192141 R 5.0 116 2 5198 511
192422 R 3.0 135 1 4622 512
192702 R 5.0 117 2 4863 513
192988 R 2.0 94 1 7000 514
193272 R 2.0 95 1 6388 515
193552 R 3.0 136 1 4856 516
193835 R 5.0 118 2 5100 517
194118 R 2.0 96 1 6337 518
194397 R 2.0 97 1 5721 519
194681 R 5.0 119 2 5050 520
194961 R 3.0 137 1 4473 521
195246 R 5.0 120 2 4719 522
195522 R 3.0 138 1 4138 523
195811 R 4.0 96 2 19629 524
196086 R 2.0 98 1 6514 525
196368 R 5.0 121 2 4946 526
196655 R 3.0 139 1 4376 527
196933 R 5.0 122 2 4615 528
197217 R 3.0 140 1 4041 529
197496 R 4.0 97 2 19522 530
197784 R 2.0 99 1 7315 531
198062 R 5.0 123 2 4848 532
198342 R 3.0 141 1 4270 533
198628 R 5.0 124 2 4517 534
198911 R 3.0 142 1 3944 535
199189 R 2.0 100 1 7825 536
199473 R 2.0 101 1 7213 537
199750 R 5.0 125 2 4744 538
200040 R 3.0 143 1 4176 539
200319 R 2.0 102 1 7162 540
200602 R 5.0 126 2 4699 541
200879 R 3.0 144 1 4120 542
201162 R 2.0 103 1 7110 543
201445 R 5.0 127 2 4647 544
201727 R 3.0 145 1 4071 545
202012 R 4.0 100 2 20453 546
202295 R 2.0 104 1 7347 547
202570 R 5.0 128 2 4877 548
202856 R 3.0 146 1 4304 549
203140 R 5.0 129 2 4549 550
203421 R 3.0 147 1 3974 551
203705 R 2.0 105 1 7861 552
203985 R 2.0 106 1 7244 553
204265 R 5.0 130 2 4779 554
204551 R 3.0 148 1 4207 555
204826 R 2.0 107 1 7190 556
205108 R 5.0 131 2 4726 557
205392 R 2.0 108 1 6860 558
205672 R 3.0 149 1 4432 559
205960 R 5.0 132 2 4682 560
206237 R 3.0 150 1 4102 561
206520 R 2.0 109 1 7091 562
206803 R 5.0 133 2 4628 563
207085 R 3.0 151 1 4053 564
207371 R 4.0 104 2 20437 565
207649 R 2.0 110 1 7325 566
207928 R 5.0 134 2 4858 567
208214 R 3.0 152 1 4286 568
208498 R 5.0 135 2 4531 569
208780 R 3.0 153 1 3956 570
209060 R 2.0 111 1 7840 571
209342 R 2.0 112 1 7226 572
209623 R 5.0 136 2 4760 573
209901 R 3.0 154 1 4181 574
210186 R 2.0 113 1 7173 575
210466 R 5.0 137 2 4708 576
210753 R 2.0 114 1 6845 577
211030 R 3.0 155 1 4414 578
211318 R 5.0 138 2 4664 579
211596 R 3.0 156 1 4084 580
211875 R 2.0 115 1 7071 581
212161 R 5.0 139 2 4610 582
212443 R 3.0 157 1 4035 583
212728 R 4.0 107 2 22210 584
213008 R 2.0 116 1 7308 585
213287 R 5.0 140 2 4841 586
213572 R 3.0 158 1 4268 587
213848 R 5.0 141 2 4506 588
214138 R 3.0 159 1 3938 589
214414 R 2.0 117 1 7817 590
214697 R 2.0 118 1 7205 591
214981 R 5.0 142 2 4742 592
215259 R 3.0 160 1 4163 593
215543 R 2.0 119 1 7155 594
215822 R 5.0 143 2 4687 595
216111 R 3.0 161 1 4120 596
216387 R 2.0 120 1 7102 597
216673 R 5.0 144 2 4642 598
216951 R 3.0 162 1 4063 599
217236 R 4.0 110 2 22238 600
217516 R 5.0 145 2 4590 601
217798 R 3.0 163 1 4014 602
218084 R 4.0 111 2 21294 603
218366 R 2.0 121 1 7289 604
218642 R 5.0 146 2 4820 605
218927 R 3.0 164 1 4248 606
219209 R 2.0 122 1 7237 607
219495 R 2.0 123 1 6627 608
219775 R 5.0 147 2 5057 609
220057 R 3.0 165 1 4481 610
220336 R 5.0 148 2 4722 611
220616 R 2.0 124 1 6852 612
220898 R 2.0 125 1 6238 613
221186 R 3.0 166 1 4714 614
221462 R 5.0 149 2 4951 615
221750 R 4.0 114 2 21375 616
222027 R 2.0 126 1 6471 617
222307 R 3.0 167 1 4939 618
222595 R 5.0 150 2 5188 619
222873 R 3.0 168 1 4609 620
223156 R 5.0 151 2 4855 621
223439 R 2.0 127 1 6987 622
223721 R 2.0 128 1 6372 623
224002 R 3.0 169 1 4842 624
224282 R 5.0 152 2 5083 625
224564 R 2.0 129 1 6320 626
224847 R 2.0 130 1 5707 627
225131 R 5.0 153 2 5038 628
225415 R 3.0 170 1 4463 629
225697 R 5.0 154 2 4706 630
225976 R 3.0 171 1 4129 631
226256 R 4.0 117 2 20505 632
226536 R 5.0 155 2 4650 633
226818 R 3.0 172 1 4074 634
227107 R 5.0 156 2 4326 635
227388 R 2.0 131 1 7352 636
227669 R 3.0 173 1 4029 637
227947 R 5.0 157 2 4269 638
228230 R 3.0 174 1 3695 639
228511 R 4.0 118 2 20968 640
228793 R 2.0 132 1 7861 641
229074 R 2.0 133 1 7246 642
229358 R 5.0 158 2 4783 643
229638 R 3.0 175 1 4206 644
229925 R 2.0 134 1 7200 645
230205 R 5.0 159 2 4735 646
