using saved target 'z1'
../../../../contiki/tools/sky/serialdump-linux -b115200 /dev/ttyUSB3
connecting to /dev/ttyUSB3 (115200) [OK]
Rime started with address 4.0
MAC 04:00:00:00:00:00:00:00 Ref ID: 4841
Contiki-3.x-2125-g5d67a61 started. Node id is set to 4.

************************************************
RTIMER_SECOND = 32768. F_CPU=8000000.
CLOCK_SECOND=128.
DURSLOT = 6015.(0.1835 s).
DURSLEEP = 66165.
DURCYCLE = 72180 .(2.2027 s).
MAX_CLOCK_DRIFT = WAKEUP_ADVANCE_TIME = 327 (0.0049 s).
PERIODIC_BCAST_CYCLES_SENSOR = 822083587.
PERIODIC_BCAST_CYCLES_SINK = 822083587.
MAX_CYCLE_COUNTER = 41728.
MAX_COUNT_NO_RTS_CTS = 65535.
MAX_CHILD_NUM = 10.
MAX_TRY_TO_FIND_PARENT = 3.

**********Below is Related Settings**********
PRIMAC_CONF_COMPOWER = 1.
PRIMAC_CONF_COMPOWER_SUPPORT = 1.
SF = 10.
PRI_SYNC_SUPPORT = 1.
RANDOM_DRIFT_IN_COOJA_SUPPORT = 0.
ADCSC_SUPPORT = 1.
DATA_TX_SUPPORT = 1.
START_GRADE = 60.
CYCLES_PER_PACKET = 6.
DATA_INTERVAL = 7.
RETX_LIMIT = 6.
TOTAL_DATA_NUM = 50.
MAX_DATA_QUEUE_BUFS = 10.
PROC_GRADE_BASED_ON_ADDR_SUPPORT = 1.
NODES_NUM_PER_GRADE = 2.
ADDRESS_FREE_SUPPORT = 0.
IS_COOJA_SIM = 0.
CROSS_PLATFORM_SUPPORT = 1.
************************************************

My address is 4.0.
nullmac PRIMAC, channel check rate 8 Hz, radio channel 26
Starting
Hello, world
 P 0 0 0 1426530
 P 0 0 3453 1500637
 P 0 0 6843 1570890
 P 0 0 10233 1643070
 P 0 0 13623 1715250
 P 0 0 17013 1787430
EMPTY QUEUE
 P 335 0 20412 1861755
PT [2 0 1 -1 1]
 P 335 0 23802 1931790
PT [2 0 2 -1 1]
 P 335 0 27192 2003970
PT [2 0 3 -1 1]
 P 3086 0 27831 2076150
PT [2 0 4 -1 1]
 P 5505 0 28802 2148330
PT [2 0 5 -1 1]
EMPTY QUEUE
 P 6127 0 32201 2221950
PT [2 0 6 -1 1]
 P 6127 0 35591 2292690
PT [2 0 7 -1 1]
 P 6127 0 38981 2364870
PT [2 0 8 -1 1]
 P 7174 0 38990 2437050
PT [2 0 9 -1 1]
 P 8457 0 38994 2509230
PT [2 0 10 -1 1]
EMPTY QUEUE
 P 8951 0 42393 2583426
PT [2 0 11 -1 1]
 P 8951 0 45783 2653590
PT [2 0 12 -1 1]
 P 8951 0 49173 2725770
PT [2 0 13 -1 1]
 P 10358 0 49182 2797950
PT [2 0 14 -1 1]
 P 11742 0 49186 2870130
PT [2 0 15 -1 1]
EMPTY QUEUE
 P 12366 0 52585 2944648
PT [2 0 16 -1 1]
 P 12366 0 55975 3014490
PT [2 0 17 -1 1]
 P 12366 0 59365 3086670
PT [2 0 18 -1 1]
 P 14654 0 59374 3158850
PT [2 0 19 -1 1]
 P 16907 0 59378 3231030
PT [2 0 20 -1 1]
EMPTY QUEUE
 P 17497 0 62777 3305194
PT [2 0 21 -1 1]
 P 17497 0 66167 3375390
PT [2 0 22 -1 1]
 P 17497 0 69557 3447570
PT [2 0 23 -1 1]
 P 18901 0 69566 3519750
PT [2 0 24 -1 1]
 P 19758 0 69570 3591930
PT [2 0 25 -1 1]
EMPTY QUEUE
 P 20285 0 72969 3665199
PT [2 0 26 -1 1]
 P 20285 0 76359 3736290
PT [2 0 27 -1 1]
 P 20285 0 79749 3808470
PT [2 0 28 -1 1]
 P 23019 0 79758 3880650
PT [2 0 29 -1 1]
 P 24572 0 79762 3952830
PT [2 0 30 -1 1]
EMPTY QUEUE
 P 25098 0 83163 4026803
PT [2 0 31 -1 1]
 P 25098 0 86553 4097190
PT [2 0 32 -1 1]
 P 25098 0 89943 4169370
PT [2 0 33 -1 1]
 P 27713 0 89952 4241550
PT [2 0 34 -1 1]
 P 28794 0 89956 4313730
PT [2 0 35 -1 1]
EMPTY QUEUE
 P 29289 0 93356 4387863
PT [2 0 36 -1 1]
 P 29289 0 96746 4458090
PT [2 0 37 -1 1]
 P 29289 0 100136 4530270
PT [2 0 38 -1 1]
 P 32118 0 100145 4602450
PT [2 0 39 -1 1]
 P 33133 0 100149 4674630
PT [2 0 40 -1 1]
EMPTY QUEUE
 P 33691 0 103549 4748506
PT [2 0 41 -1 1]
 P 33691 0 106939 4818990
PT [2 0 42 -1 1]
 P 33691 0 110329 4891170
PT [2 0 43 -1 1]
 P 34555 0 110338 4963350
PT [2 0 44 -1 1]
 P 36626 0 110342 5035530
PT [2 0 45 -1 1]
EMPTY QUEUE
 P 37185 0 113741 5110622
PT [2 0 46 -1 1]
 P 37185 0 117131 5179890
PT [2 0 47 -1 1]
 P 37185 0 120521 5252070
PT [2 0 48 -1 1]
 P 38995 0 120530 5324250
PT [2 0 49 -1 1]
 P 39789 0 120534 5396430
PT [2 0 50 -1 1]
EMPTY QUEUE
 P 40380 0 123933 5470210
PT [2 0 51 -1 1]
 P 40380 0 127323 5540790
PT [2 0 52 -1 1]
 P 40380 0 130713 5612970
PT [2 0 53 -1 1]
 P 42644 0 130722 5685150
PT [2 0 54 -1 1]
 P 43411 0 130726 5757330
PT [2 0 55 -1 1]
EMPTY QUEUE
 P 43970 0 134125 5831270
PT [2 0 56 -1 1]
 P 43970 0 137515 5901690
PT [2 0 57 -1 1]
 P 43970 0 140905 5973870
PT [2 0 58 -1 1]
 P 46704 0 140914 6046050
PT [2 0 59 -1 1]
 P 48645 0 140918 6118230
PT [2 0 60 -1 1]
EMPTY QUEUE
 P 49236 0 144317 6191882
PT [2 0 61 -1 1]
 P 49236 0 147707 6262590
PT [2 0 62 -1 1]
 P 49236 0 151097 6334770
PT [2 0 63 -1 1]
 P 51373 0 151106 6406950
PT [2 0 64 -1 1]
 P 51373 0 154496 6479130
PT [2 0 65 -1 1]
 P 52638 0 154500 6551310
PT [2 0 66 -1 1]
EMPTY QUEUE
 P 52707 0 160462 6628220
PT [2 0 67 -1 1]
EMPTY QUEUE
 P 53234 0 163861 6697974
PT [2 0 68 0 1]
 P 54502 0 163870 6767850
PT [2 0 69 0 1]
 P 54502 0 167260 6840030
PT [2 0 70 0 1]
 P 55840 0 167264 6912210
PT [2 0 71 0 1]
 P 55840 0 170654 6984390
PT [2 0 72 0 1]
EMPTY QUEUE
 P 56398 0 174053 7059097
PT [2 0 73 0 1]
 P 59013 0 174062 7128750
PT [2 0 74 0 1]
 P 59013 0 177452 7200930
PT [2 0 75 0 1]
 P 60898 0 177455 7273110
PT [2 0 76 0 1]
 P 60898 0 180845 7345290
PT [2 0 77 0 1]
EMPTY QUEUE
 P 61520 0 184244 7419741
PT [2 0 78 0 1]
 P 63330 0 184253 7489650
PT [2 0 79 0 1]
 P 63330 0 187643 7561830
PT [2 0 80 0 1]
 P 65754 0 187646 7634010
PT [2 0 81 0 1]
 P 65754 0 191036 7706190
PT [2 0 82 0 1]
EMPTY QUEUE
 P 66280 0 194435 7779713
PT [2 0 83 0 1]
 P 68035 0 194444 7850550
PT [2 0 84 0 1]
 P 68035 0 197834 7922730
PT [2 0 85 0 1]
 P 69254 0 197838 7994910
PT [2 0 86 0 1]
 P 69254 0 201228 8067090
PT [2 0 87 0 1]
EMPTY QUEUE
 P 69323 0 207190 8143424
PT [2 0 88 0 1]
EMPTY QUEUE
 P 71564 0 207208 8213497
PT [2 0 89 0 1]
 P 71564 0 210598 8283630
PT [2 0 90 0 1]
 P 72905 0 210602 8355810
PT [2 0 91 0 1]
 P 72905 0 213992 8427990
PT [2 0 92 0 1]
 P 72905 0 217382 8500170
PT [2 0 93 0 1]
EMPTY QUEUE
 P 74995 0 217400 8574845
PT [2 0 94 0 1]
 P 74995 0 220790 8644530
PT [2 0 95 0 1]
 P 76438 0 220793 8716710
PT [2 0 96 0 1]
 P 76438 0 224183 8788890
PT [2 0 97 0 1]
 P 76438 0 227573 8861070
PT [2 0 98 0 1]
EMPTY QUEUE
 P 78136 0 227591 8935553
PT [2 0 99 0 1]
 P 78136 0 230981 9005430
PT [2 0 100 0 1]
 P 80404 0 230985 9077610
PT [2 0 101 0 1]
 P 80404 0 234375 9149790
PT [2 0 102 0 1]
 P 80404 0 237765 9221970
PT [2 0 103 0 1]
EMPTY QUEUE
 P 83228 0 237783 9296006
PT [2 0 104 0 1]
 P 83228 0 241173 9366330
PT [2 0 105 0 1]
 P 84100 0 241177 9438510
PT [2 0 106 0 1]
 P 84100 0 244567 9510690
PT [2 0 107 0 1]
 P 84100 0 247957 9582870
PT [2 0 108 0 1]
EMPTY QUEUE
 P 87487 0 247975 9657801
PT [2 0 109 0 1]
 P 87487 0 251365 9727230
PT [2 0 110 0 1]
 P 89055 0 251369 9799410
PT [2 0 111 0 1]
 P 89055 0 254759 9871590
PT [2 0 112 0 1]
 P 89055 0 258149 9943770
PT [2 0 113 0 1]
EMPTY QUEUE
 P 90509 0 258167 10017102
PT [2 0 114 0 1]
 P 90509 0 261557 10088130
PT [2 0 115 0 1]
 P 91605 0 261561 10160310
PT [2 0 116 0 1]
 P 91605 0 264951 10232490
PT [2 0 117 0 1]
 P 91605 0 268341 10304670
PT [2 0 118 0 1]
EMPTY QUEUE
 P 94865 0 268359 10377937
PT [2 0 119 0 1]
 P 94865 0 271749 10449030
PT [2 0 120 0 1]
 P 95896 0 271753 10521210
PT [2 0 121 0 1]
 P 95896 0 275143 10593390
PT [2 0 122 0 1]
 P 95896 0 278533 10665570
PT [2 0 123 0 1]
EMPTY QUEUE
 P 98146 0 278551 10740310
PT [2 0 124 0 1]
 P 98146 0 281941 10809930
PT [2 0 125 0 1]
 P 100232 0 281945 10882110
PT [2 0 126 0 1]
 P 100232 0 285335 10954290
PT [2 0 127 0 1]
 P 100232 0 288725 11026470
PT [2 0 128 0 1]
EMPTY QUEUE
 P 102059 0 288743 11100091
PT [2 0 129 0 1]
 P 102059 0 292133 11170830
PT [2 0 130 0 1]
 P 102866 0 292137 11243010
PT [2 0 131 0 1]
 P 102866 0 295527 11315190
PT [2 0 132 0 1]
 P 102866 0 298917 11387370
PT [2 0 133 0 1]
EMPTY QUEUE
 P 105210 0 298935 11461405
PT [2 0 134 0 1]
 P 105210 0 302325 11531730
PT [2 0 135 0 1]
 P 105991 0 302329 11603910
PT [2 0 136 0 1]
 P 105991 0 305719 11676090
PT [2 0 137 0 1]
 P 105991 0 309109 11748270
PT [2 0 138 0 1]
EMPTY QUEUE
 P 107851 0 309127 11822305
PT [2 0 139 0 1]
 P 107851 0 312517 11892630
PT [2 0 140 0 1]
 P 109807 0 312521 11964810
PT [2 0 141 0 1]
 P 109876 0 318483 12041976
PT [2 0 142 0 1]
 P 110466 72 321885 12111779
PT [2 0 143 0 1]
 P 111617 72 321893 12181350
PT [2 0 144 0 1]
 P 111617 72 325283 12253530
PT [2 0 145 0 1]
 P 113228 72 325287 12325710
PT [2 0 146 0 1]
 P 113850 144 328688 12400723
PT [2 0 147 0 1]
 P 113850 144 332078 12470070
PT [2 0 148 0 1]
 P 116663 216 332098 12544635
PT [2 0 149 0 1]
 P 116663 216 335488 12614430
PT [2 0 150 0 1]
 P 119449 216 335492 12686610
PT [2 0 151 0 1]
 P 119518 216 341454 12763232
PT [2 0 152 0 1]
 P 120140 288 344855 12833610
PT [2 0 153 0 1]
 P 122309 288 344864 12903150
PT [2 0 154 0 1]
 P 122544 288 348259 12977531
PT [2 0 155 0 1]
 P 123647 288 348263 13047510
PT [2 0 156 0 1]
 P 124205 360 351664 13122267
PT [2 0 157 0 1]
 P 124763 432 355065 13194094
PT [2 0 158 0 1]
 P 126159 432 355074 13264050
PT [2 0 159 0 1]
 P 126159 432 358464 13336230
PT [2 0 160 0 1]
 P 128023 432 358468 13408410
PT [2 0 161 0 1]
 P 128887 432 358472 13480590
PT [2 0 162 0 1]
 P 130349 789 358492 13555282
PT [2 0 163 0 1]
 P 132628 861 358512 13624950
PT [2 0 164 0 1]
 P 133250 933 361913 13699226
PT [2 0 165 0 1]
 P 134880 933 362890 13769310
PT [2 0 166 0 1]
 P 136163 933 362893 13841490
PT [2 0 167 0 1]
 P 137552 1288 362914 13916118
PT [2 0 168 0 1]
 P 139566 1360 362928 13985850
PT [2 0 169 0 1]
 P 140505 1644 365509 14061192
PT [2 0 170 0 1]
 P 140574 1644 371471 14134620
PT [2 0 171 0 1]
 P 141196 1716 374872 14205030
PT [2 0 172 0 1]
 P 144073 2143 374904 14277274
PT [2 0 173 0 1]
 P 145902 2215 374924 14349326
PT [2 0 174 0 1]
 P 147222 2215 374927 14418930
PT [2 0 175 0 1]
 P 148529 2215 374931 14491110
PT [2 0 176 0 1]
 P 150057 2571 374951 14565388
PT [2 0 177 0 1]
 P 150679 2643 378352 14635470
PT [2 0 178 0 1]
 P 150679 2643 381742 14707650
PT [2 0 179 0 1]
 P 153002 2999 381762 14782406
PT [2 0 180 0 1]
 P 154917 3071 381777 14852010
PT [2 0 181 0 1]
 P 154917 3071 385167 14924190
PT [2 0 182 0 1]
 P 156729 3427 385188 14997635
PT [2 0 183 0 1]
 P 158050 3427 385191 15068550
PT [2 0 184 0 1]
 P 159423 3499 385211 15143531
PT [2 0 185 0 1]
 P 159423 3499 388601 15212910
PT [2 0 186 0 1]
 P 160708 3499 388605 15285090
PT [2 0 187 0 1]
 P 162140 3855 388625 15358952
PT [2 0 188 0 1]
 P 162634 3927 392026 15429450
PT [2 0 189 0 1]
 P 162703 3927 397988 15505624
PT [2 0 190 0 1]
 P 164993 4283 398009 15576067
PT [2 0 191 0 1]
 P 166880 4355 398024 15645990
PT [2 0 192 0 1]
 P 167374 4427 401425 15720779
PT [2 0 193 0 1]
 P 169217 4783 401445 15792929
PT [2 0 194 0 1]
 P 170540 4783 401449 15862530
PT [2 0 195 0 1]
 P 171849 4855 401471 15936681
PT [2 0 196 0 1]
 P 171849 4855 404861 16006890
PT [2 0 197 0 1]
 P 173137 4855 404865 16079070
PT [2 0 198 0 1]
 P 174665 5210 404886 16154307
PT [2 0 199 0 1]
 P 174734 5388 408278 16225384
PT [2 0 200 0 1]
 P 177036 5744 408299 16297867
PT [2 0 201 0 1]
 P 178935 5816 408315 16367790
PT [2 0 202 0 1]
 P 179179 5816 411710 16442084
PT [2 0 203 0 1]
 P 179705 5888 415112 16514695
PT [2 0 204 0 1]
 P 181580 6244 415134 16587100
PT [2 0 205 0 1]
 P 182905 6244 415138 16656510
PT [2 0 206 0 1]
 P 184283 6316 415159 16731267
PT [2 0 207 0 1]
 P 185677 6671 415181 16803672
PT [2 0 208 0 1]
 P 186967 6671 415185 16873050
PT [2 0 209 0 1]
 P 187036 6671 421147 16949736
PT [2 0 210 0 1]
 P 187105 6671 427109 17021820
PT [2 0 211 0 1]
 P 189453 7027 427130 17091879
PT [2 0 212 0 1]
 P 191945 7171 427158 17161770
PT [2 0 213 0 1]
 P 191945 7171 430548 17233950
PT [2 0 214 0 1]
 P 192503 7243 433951 17308580
PT [2 0 215 0 1]
 P 194457 7599 433971 17379992
PT [2 0 216 0 1]
 P 195785 7599 433975 17450490
PT [2 0 217 0 1]
 P 195785 7599 437365 17522670
PT [2 0 218 0 1]
 P 197089 7599 437369 17594850
PT [2 0 219 0 1]
 P 198519 7955 437390 17669416
PT [2 0 220 0 1]
 P 199141 8027 440792 17739210
PT [2 0 221 0 1]
 P 199389 8027 444187 17813348
PT [2 0 222 0 1]
 P 201716 8383 444208 17885827
PT [2 0 223 0 1]
 P 203704 8455 444223 17955750
PT [2 0 224 0 1]
 P 203773 8455 450185 18032436
PT [2 0 225 0 1]
 P 205750 8812 450205 18102400
PT [2 0 226 0 1]
 P 207702 8884 450220 18172290
PT [2 0 227 0 1]
 P 208293 8956 453621 18247176
PT [2 0 228 0 1]
 P 208293 8956 457011 18316650
PT [2 0 229 0 1]
 P 209587 8956 457014 18388830
PT [2 0 230 0 1]
 P 211029 9312 457034 18463683
PT [2 0 231 1 1]
 P 211652 9384 460435 18533190
PT [2 0 232 0 1]
 P 213991 9740 460455 18607725
PT [2 0 233 1 1]
 P 215976 9740 460459 18677550
PT [2 0 234 1 1]
 P 216045 9740 466421 18754556
PT [2 0 235 1 1]
 P 216571 9812 469822 18824455
PT [2 0 236 0 1]
 P 218481 10167 469842 18896858
PT [2 0 237 0 1]
 P 219813 10167 469846 18966270
PT [2 0 238 0 1]
 P 220371 10239 473247 19041123
PT [2 0 239 0 1]
 P 220371 10239 476637 19110630
PT [2 0 240 0 1]
 P 221667 10239 476641 19182810
PT [2 0 241 0 1]
 P 223080 10311 476661 19257598
PT [2 0 242 1 1]
 P 224444 10666 476681 19329939
PT [2 0 243 1 1]
 P 226794 11022 476701 19401832
PT [2 0 244 1 1]
 P 228700 11094 476716 19471530
PT [2 0 245 1 1]
 P 228700 11094 480106 19543710
PT [2 0 246 1 1]
 P 229079 11094 483502 19617084
PT [2 0 247 1 1]
 P 230938 11450 483522 19690232
PT [2 0 248 1 1]
 P 232893 11522 483536 19760250
PT [2 0 249 1 1]
 P 233515 11594 486937 19835167
PT [2 0 250 1 1]
 P 234825 11594 486940 19904610
PT [2 0 251 1 1]
 P 236191 11950 486960 19979366
PT [2 0 252 1 1]
 P 237848 11950 486969 20048970
PT [2 0 253 1 1]
 P 237859 11950 490361 20122388
PT [2 0 254 1 1]
 P 240072 12110 490382 20195618
PT [2 0 255 1 1]
 P 242066 12182 490397 20265510
PT [2 0 256 1 1]
 P 242135 12182 496359 20342196
PT [2 0 257 1 1]
 P 242725 12254 499760 20412478
PT [2 0 258 1 1]
 P 244061 12254 499763 20482050
PT [2 0 259 1 1]
 P 245481 12610 499784 20556998
PT [2 0 260 1 1]
 P 246039 12682 503185 20626410
PT [2 0 261 1 1]
 P 248265 13038 503205 20701198
PT [2 0 262 1 1]
 P 250128 13110 503225 20772802
PT [2 0 263 1 1]
 P 251403 13110 503229 20842950
PT [2 0 264 1 1]
 P 251403 13110 506619 20915130
PT [2 0 265 1 1]
 P 252812 13110 506623 20987310
PT [2 0 266 1 1]
 P 254202 13466 506643 21062419
PT [2 0 267 1 1]
 P 254760 13538 510044 21131670
PT [2 0 268 1 1]
 P 256987 13894 510064 21206010
PT [2 0 269 1 1]
 P 258907 13966 510079 21276030
PT [2 0 270 2 1]
 P 258907 13966 513469 21348210
PT [2 0 271 2 1]
 P 258907 13966 516859 21420390
PT [2 0 272 2 1]
 P 260741 14322 516878 21495339
PT [2 0 273 1 1]
 P 262548 14394 516894 21564750
PT [2 0 274 1 1]
 P 262548 14394 520284 21636930
PT [2 0 275 1 1]
 P 263958 14394 520288 21709110
PT [2 0 276 1 1]
 P 265444 14751 520308 21783579
PT [2 0 277 1 1]
 P 266066 14823 523709 21853470
PT [2 0 278 1 1]
 P 266090 14823 527100 21926804
PT [2 0 279 1 1]
 P 268370 15178 527121 22000086
PT [2 0 280 1 1]
 P 270279 15250 527135 22070010
PT [2 0 281 1 1]
 P 270773 15322 530536 22144798
PT [2 0 282 1 1]
 P 270773 15322 533926 22214370
PT [2 0 283 1 1]
 P 272080 15606 533937 22288364
PT [2 0 284 1 1]
 P 273383 15606 533940 22358730
PT [2 0 285 1 1]
 P 273910 15678 537341 22433455
PT [2 0 286 2 1]
 P 275946 15750 537356 22503090
PT [2 0 287 1 1]
 P 277366 16105 537377 22577911
PT [2 0 288 1 1]
 P 277435 16267 540769 22649324
PT [2 0 289 1 1]
 P 277929 16339 544170 22722143
PT [2 0 290 1 1]
 P 280113 16695 544190 22794514
PT [2 0 291 1 1]
 P 281466 16695 544194 22863990
PT [2 0 292 1 1]
 P 282056 16767 547595 22938874
PT [2 0 293 1 1]
 P 283983 17123 547615 23011023
PT [2 0 294 1 1]
 P 285301 17123 547619 23080530
PT [2 0 295 1 1]
 P 285923 17195 551020 23154390
PT [2 0 296 1 1]
 P 285923 17195 554410 23224890
PT [2 0 297 1 1]
 P 287325 17195 554414 23297070
PT [2 0 298 1 1]
 P 288737 17552 554433 23371539
PT [2 0 299 1 1]
 P 289231 17624 557834 23441430
PT [2 0 300 1 1]
 P 291512 17980 557854 23515035
PT [2 0 301 1 1]
 P 292866 17980 557858 23585790
PT [2 0 302 1 1]
 P 292866 17980 561248 23657970
PT [2 0 303 1 1]
 P 292866 17980 564638 23730150
PT [2 0 304 1 1]
 P 294751 18336 564659 23803691
PT [2 0 305 1 1]
 P 296057 18336 564663 23874510
PT [2 0 306 1 1]
 P 296057 18336 568053 23946690
PT [2 0 307 1 1]
 P 296057 18336 571443 24018870
PT [2 0 308 1 1]
 P 297462 18336 571447 24091050
PT [2 0 309 1 1]
 P 298938 18692 571468 24166064
PT [2 0 310 2 1]
 P 298938 18692 574858 24235410
PT [2 0 311 2 1]
 P 301219 19047 574879 24309336
PT [2 0 312 1 1]
 P 302576 19047 574883 24379770
PT [2 0 313 1 1]
 P 302576 19047 578273 24451950
PT [2 0 314 1 1]
 P 302576 19047 581663 24524130
PT [2 0 315 1 1]
 P 304461 19403 581683 24598503
PT [2 0 316 1 1]
 P 304461 19403 585073 24668490
PT [2 0 317 1 1]
 P 305758 19403 585076 24740670
PT [2 0 318 1 1]
 P 307189 19403 585080 24812850
PT [2 0 319 1 1]
 P 308675 19758 585100 24887159
PT [2 0 320 1 1]
 P 308675 19758 588490 24957210
PT [2 0 321 1 1]
 P 308675 19758 591880 25029390
PT [2 0 322 1 1]
 P 310892 20114 591900 25103059
PT [2 0 323 1 1]
 P 312263 20114 591904 25173750
PT [2 0 324 1 1]
 P 312263 20114 595294 25245930
PT [2 0 325 1 1]
 P 314192 20470 595315 25320654
PT [2 0 326 1 1]
 P 315527 20470 595319 25390290
PT [2 0 327 1 1]
 P 315527 20470 598709 25462470
PT [2 0 328 1 1]
 P 315527 20470 602099 25534650
PT [2 0 329 1 1]
 P 316937 20470 602103 25606830
PT [2 0 330 1 1]
 P 318316 20827 602123 25681874
PT [2 0 331 1 1]
 P 318316 20827 605513 25751190
PT [2 0 332 1 1]
 P 318316 20827 608903 25823370
PT [2 0 333 1 1]
 P 319940 20827 608912 25895550
PT [2 0 334 1 1]
 P 321514 21072 608932 25970018
PT [2 0 335 1 1]
 P 322852 21072 608936 26039910
PT [2 0 336 1 1]
 P 324433 21252 608957 26114795
PT [2 0 337 1 1]
 P 325746 21252 608962 26184270
PT [2 0 338 1 1]
 P 325746 21252 612352 26256450
PT [2 0 339 1 1]
 P 325746 21252 615742 26328630
PT [2 0 340 1 1]
 P 325746 21252 619132 26400810
PT [2 0 341 1 1]
EMPTY QUEUE
 P 327985 21252 619150 26475326
PT [2 0 342 1 1]
 P 329374 21252 619154 26545170
PT [2 0 343 1 1]
 P 329374 21252 622544 26617350
PT [2 0 344 1 1]
 P 329374 21252 625934 26689530
PT [2 0 345 1 1]
 P 329374 21252 629324 26761710
PT [2 0 346 1 1]
EMPTY QUEUE
 P 331209 21252 629342 26835651
PT [2 0 347 2 1]
 P 333144 21252 629345 26906070
PT [2 0 348 2 1]
 P 333144 21252 632735 26978250
PT [2 0 349 2 1]
 P 333144 21252 636125 27050430
PT [2 0 350 2 1]
 P 333144 21252 639515 27122610
PT [2 0 351 2 1]
EMPTY QUEUE
 P 336435 21252 639533 27197478
PT [2 0 352 1 1]
 P 338907 21252 639537 27266970
PT [2 0 353 1 1]
 P 338907 21252 642927 27339150
PT [2 0 354 1 1]
 P 338907 21252 646317 27411330
PT [2 0 355 1 1]
 P 338907 21252 649707 27483510
PT [2 0 356 1 1]
EMPTY QUEUE
 P 340869 21252 649725 27556778
PT [2 0 357 1 1]
 P 342137 21252 649728 27627870
PT [2 0 358 1 1]
 P 342137 21252 653118 27700050
PT [2 0 359 1 1]
 P 342137 21252 656508 27772230
PT [2 0 360 1 1]
 P 342137 21252 659898 27844410
PT [2 0 361 1 1]
EMPTY QUEUE
 P 343837 21252 659916 27917743
PT [2 0 362 1 1]
 P 345228 21252 659920 27988770
PT [2 0 363 1 1]
 P 345228 21252 663310 28060950
PT [2 0 364 1 1]
 P 345228 21252 666700 28133130
PT [2 0 365 1 1]
 P 345228 21252 670090 28205310
PT [2 0 366 1 1]
EMPTY QUEUE
 P 347255 21252 670108 28280082
PT [2 0 367 1 1]
 P 348747 21252 670112 28349670
PT [2 0 368 1 1]
 P 348747 21252 673502 28421850
PT [2 0 369 1 1]
 P 348747 21252 676892 28494030
PT [2 0 370 1 1]
 P 348747 21252 680282 28566210
PT [2 0 371 1 1]
EMPTY QUEUE
 P 351560 21252 680301 28639830
PT [2 0 372 1 1]
 P 353877 21252 680305 28710570
PT [2 0 373 1 1]
 P 353877 21252 683695 28782750
PT [2 0 374 1 1]
 P 353877 21252 687085 28854930
PT [2 0 375 1 1]
 P 353877 21252 690475 28927110
PT [2 0 376 1 1]
EMPTY QUEUE
 P 355778 21252 690493 29001147
PT [2 0 377 1 1]
 P 356699 21252 690497 29071470
PT [2 0 378 1 1]
 P 356699 21252 693887 29143650
PT [2 0 379 1 1]
 P 356699 21252 697277 29215830
PT [2 0 380 1 1]
 P 356699 21252 700667 29288010
PT [2 0 381 1 1]
EMPTY QUEUE
 P 360057 21252 700685 29362111
PT [2 0 382 2 1]
 P 361675 21252 700689 29432370
PT [2 0 383 2 1]
 P 361675 21252 704079 29504550
PT [2 0 384 2 1]
 P 361675 21252 707469 29576730
PT [2 0 385 2 1]
 P 361675 21252 710859 29648910
PT [2 0 386 2 1]
EMPTY QUEUE
 P 364879 21252 710878 29722402
PT [2 0 387 1 1]
 P 366025 21252 710883 29793270
PT [2 0 388 1 1]
 P 366025 21252 714273 29865450
PT [2 0 389 1 1]
 P 366025 21252 717663 29937630
PT [2 0 390 1 1]
 P 366025 21252 721053 30009810
PT [2 0 391 1 1]
EMPTY QUEUE
 P 369380 21252 721072 30084198
PT [2 0 392 1 1]
 P 370458 21252 721076 30154170
PT [2 0 393 1 1]
 P 370458 21252 724466 30226350
PT [2 0 394 1 1]
 P 370458 21252 727856 30298530
PT [2 0 395 1 1]
 P 370458 21252 731246 30370710
PT [2 0 396 1 1]
EMPTY QUEUE
 P 371847 21252 731264 30445546
PT [2 0 397 1 1]
 P 373982 21252 731268 30515070
PT [2 0 398 1 1]
 P 374767 21252 731271 30587250
PT [2 0 399 1 1]
 P 374767 21252 734661 30659430
PT [2 0 400 1 1]
 P 374767 21252 738051 30731610
PT [2 0 401 1 1]
EMPTY QUEUE
 P 377071 21252 738069 30806350
PT [2 0 402 1 1]
 P 377071 21252 741459 30875970
PT [2 0 403 1 1]
 P 377829 21252 741463 30948150
PT [2 0 404 1 1]
 P 377829 21252 744853 31020330
PT [2 0 405 1 1]
 P 377829 21252 748243 31092510
PT [2 0 406 1 1]
EMPTY QUEUE
 P 380652 21252 748261 31166738
PT [2 0 407 2 1]
 P 380652 21252 751651 31236870
PT [2 0 408 2 1]
 P 382467 21252 751655 31309050
PT [2 0 409 2 1]
 P 383983 21252 751658 31381230
PT [2 0 410 2 1]
 P 383983 21252 755048 31453410
PT [2 0 411 2 1]
EMPTY QUEUE
 P 387276 21252 755066 31526550
PT [2 0 412 2 1]
 P 387276 21252 758456 31597770
PT [2 0 413 2 1]
 P 387276 21252 761846 31669950
PT [2 0 414 2 1]
 P 389848 21252 761850 31742130
PT [2 0 415 2 1]
 P 389848 21252 765240 31814310
PT [2 0 416 2 1]
EMPTY QUEUE
 P 392576 21252 765258 31887929
PT [2 0 417 3 1]
 P 392576 21252 768648 31958670
PT [2 0 418 3 1]
 P 392576 21252 772038 32030850
PT [2 0 419 3 1]
 P 393624 21252 772041 32103030
PT [2 0 420 3 1]
 P 393624 21252 775431 32175210
PT [2 0 421 3 1]
EMPTY QUEUE
 P 395451 21252 775449 32248733
PT [2 0 422 3 1]
 P 395451 21252 778839 32319570
PT [2 0 423 3 1]
 P 395451 21252 782229 32391750
PT [2 0 424 3 1]
 P 397141 21252 782233 32463930
PT [2 0 425 3 1]
 P 397141 21252 785623 32536110
PT [2 0 426 3 1]
EMPTY QUEUE
 P 400345 21252 785641 32611137
PT [2 0 427 3 1]
 P 400345 21252 789031 32680470
PT [2 0 428 3 1]
 P 400345 21252 792421 32752650
PT [2 0 429 3 1]
 P 401107 21252 792424 32824830
PT [2 0 430 3 1]
 P 401107 21252 795814 32897010
PT [2 0 431 3 1]
EMPTY QUEUE
 P 403442 21252 795832 32970885
PT [2 0 432 3 1]
 P 403442 21252 799222 33041370
PT [2 0 433 3 1]
 P 403442 21252 802612 33113550
PT [2 0 434 3 1]
 P 405388 21252 802615 33185730
PT [2 0 435 3 1]
 P 405388 21252 806005 33257910
PT [2 0 436 3 1]
EMPTY QUEUE
 P 407700 21252 806023 33332265
PT [2 0 437 3 1]
 P 407700 21252 809413 33402270
PT [2 0 438 3 1]
 P 407700 21252 812803 33474450
PT [2 0 439 3 1]
 P 409484 21252 812807 33546630
PT [2 0 440 3 1]
 P 409484 21252 816197 33618810
PT [2 0 441 3 1]
EMPTY QUEUE
 P 411726 21252 816215 33693165
PT [2 0 442 3 1]
 P 411726 21252 819605 33763170
PT [2 0 443 3 1]
 P 411726 21252 822995 33835350
PT [2 0 444 3 1]
 P 413642 21252 822998 33907530
PT [2 0 445 3 1]
 P 413642 21252 826388 33979710
PT [2 0 446 3 1]
EMPTY QUEUE
 P 415636 21252 826406 34053393
PT [2 0 447 3 1]
 P 415636 21252 829796 34124070
PT [2 0 448 3 1]
 P 415636 21252 833186 34196250
PT [2 0 449 3 1]
 P 416975 21252 833189 34268430
PT [2 0 450 3 1]
 P 416975 21252 836579 34340610
PT [2 0 451 3 1]
EMPTY QUEUE
 P 418248 21252 839160 34417360
PT [2 0 452 3 1]
EMPTY QUEUE
 P 418870 21252 842559 34487369
PT [2 0 453 3 1]
 P 418870 21252 845949 34557150
PT [2 0 454 3 1]
 P 419768 21252 845953 34629330
PT [2 0 455 3 1]
 P 419768 21252 849343 34701510
PT [2 0 456 3 1]
 P 421968 21252 849352 34773690
PT [2 0 457 3 1]
EMPTY QUEUE
 P 422590 21252 852751 34848461
PT [2 0 458 3 1]
 P 422590 21252 856141 34918050
PT [2 0 459 3 1]
 P 424026 21252 856145 34990230
PT [2 0 460 3 1]
 P 424026 21252 859535 35062410
PT [2 0 461 3 1]
 P 426856 21252 859544 35134590
PT [2 0 462 3 1]
EMPTY QUEUE
 P 427350 21252 862943 35208913
PT [2 0 463 3 1]
 P 427350 21252 866333 35278950
PT [2 0 464 3 1]
 P 429843 21252 866336 35351130
PT [2 0 465 3 1]
 P 429843 21252 869726 35423310
PT [2 0 466 3 1]
 P 430739 21252 869735 35495490
PT [2 0 467 3 1]
EMPTY QUEUE
 P 431361 21252 873134 35569109
PT [2 0 468 3 1]
 P 431361 21252 876524 35639850
PT [2 0 469 3 1]
 P 433595 21252 876528 35712030
PT [2 0 470 3 1]
 P 433595 21252 879918 35784210
PT [2 0 471 3 1]
 P 436297 21252 879927 35856390
PT [2 0 472 3 1]
EMPTY QUEUE
 P 436855 21252 883326 35930649
PT [2 0 473 3 1]
 P 436855 21252 886716 36000750
PT [2 0 474 3 1]
 P 437470 21252 886720 36072930
PT [2 0 475 3 1]
 P 437470 21252 890110 36145110
PT [2 0 476 3 1]
 P 439163 21252 890119 36217290
PT [2 0 477 3 1]
EMPTY QUEUE
 P 439721 21252 893518 36291741
PT [2 0 478 3 1]
 P 439721 21252 896908 36361650
PT [2 0 479 3 1]
 P 442339 21252 896912 36433830
PT [2 0 480 3 1]
 P 442339 21252 900302 36506010
PT [2 0 481 3 1]
 P 443640 21252 900311 36578190
PT [2 0 482 3 1]
EMPTY QUEUE
 P 444198 21252 903710 36652321
PT [2 0 483 3 1]
 P 444198 21252 907100 36722550
PT [2 0 484 3 1]
 P 445452 21252 907104 36794730
PT [2 0 485 3 1]
 P 445452 21252 910494 36866910
PT [2 0 486 3 1]
 P 447303 21252 910503 36939090
PT [2 0 487 3 1]
EMPTY QUEUE
 P 447861 21252 913902 37012389
PT [2 0 488 3 1]
 P 447861 21252 917292 37083450
PT [2 0 489 3 1]
 P 449334 21252 917296 37155630
PT [2 0 490 3 1]
 P 449334 21252 920686 37227810
PT [2 0 491 3 1]
 P 450635 21252 920694 37299990
PT [2 0 492 3 1]
EMPTY QUEUE
 P 451161 21252 924093 37373962
PT [2 0 493 3 1]
 P 451161 21252 927483 37444350
PT [2 0 494 3 1]
 P 451813 21252 927487 37516530
PT [2 0 495 3 1]
 P 451813 21252 930877 37588710
PT [2 0 496 3 1]
 P 452963 21252 930886 37660890
PT [2 0 497 3 1]
EMPTY QUEUE
 P 453457 21252 934285 37735022
PT [2 0 498 3 1]
 P 453457 21252 937675 37805250
PT [2 0 499 3 1]
 P 455665 21252 937679 37877430
PT [2 0 500 3 1]
 P 455665 21252 941069 37949610
PT [2 0 501 3 1]
 P 457984 21252 941078 38021790
PT [2 0 502 3 1]
EMPTY QUEUE
 P 458542 21252 944477 38095666
PT [2 0 503 3 1]
 P 458542 21252 947867 38166150
PT [2 0 504 3 1]
 P 459704 21252 947871 38238330
PT [2 0 505 3 1]
 P 459704 21252 951261 38310510
PT [2 0 506 3 1]
 P 461872 21252 951270 38382690
PT [2 0 507 3 1]
EMPTY QUEUE
 P 462462 21252 954669 38457814
PT [2 0 508 3 1]
 P 462462 21252 958059 38527050
PT [2 0 509 3 1]
 P 464067 21252 958062 38599230
PT [2 0 510 3 1]
 P 464067 21252 961452 38671410
PT [2 0 511 3 1]
 P 465463 21252 961461 38743590
PT [2 0 512 3 1]
EMPTY QUEUE
 P 465989 21252 964860 38817306
PT [2 0 513 3 1]
 P 465989 21252 968250 38887950
PT [2 0 514 3 1]
 P 468555 21252 968253 38960130
PT [2 0 515 3 1]
 P 468555 21252 971643 39032310
PT [2 0 516 3 1]
 P 470821 21252 971652 39104490
PT [2 0 517 3 1]
EMPTY QUEUE
 P 471315 21252 975051 39178366
PT [2 0 518 3 1]
 P 471315 21252 978441 39248850
PT [2 0 519 3 1]
 P 471315 21252 981831 39321030
PT [2 0 520 3 1]
 P 472558 21252 981835 39393210
PT [2 0 521 3 1]
 P 474686 21252 981844 39465390
PT [2 0 522 3 1]
EMPTY QUEUE
 P 475276 21252 985243 39539042
PT [2 0 523 3 1]
 P 475276 21252 988633 39609750
PT [2 0 524 3 1]
 P 475276 21252 992023 39681930
PT [2 0 525 3 1]
 P 476461 21252 992027 39754110
PT [2 0 526 3 1]
 P 478980 21252 992036 39826290
PT [2 0 527 3 1]
EMPTY QUEUE
 P 479506 21252 995435 39901094
PT [2 0 528 3 1]
 P 479506 21252 998825 39970650
PT [2 0 529 3 1]
 P 479506 21252 1002215 40042830
PT [2 0 530 3 1]
 P 481369 21252 1002219 40115010
PT [2 0 531 3 1]
 P 482637 21252 1002227 40187190
PT [2 0 532 3 1]
 P 483870 21252 1002230 40259370
PT [2 0 533 3 1]
EMPTY QUEUE
 P 484362 21252 1005626 40332792
PT [2 0 534 3 1]
EMPTY QUEUE
 P 484952 21252 1009025 40406098
PT [2 0 535 3 1]
 P 484952 21252 1012415 40475910
PT [2 0 536 3 1]
 P 487154 21252 1012424 40548090
PT [2 0 537 3 1]
 P 488328 21252 1012428 40620270
PT [2 0 538 3 1]
 P 488328 21252 1015818 40692450
PT [2 0 539 3 1]
EMPTY QUEUE
 P 488854 21252 1019217 40767126
PT [2 0 540 3 1]
 P 488854 21252 1022607 40836810
PT [2 0 541 3 1]
 P 490059 21252 1022616 40908990
PT [2 0 542 3 1]
 P 491924 21252 1022619 40981170
PT [2 0 543 3 1]
 P 491924 21252 1026009 41053350
PT [2 0 544 3 1]
EMPTY QUEUE
 P 492514 21252 1029408 41127770
PT [2 0 545 3 1]
 P 492514 21252 1032798 41197710
PT [2 0 546 3 1]
 P 494205 21252 1032807 41269890
PT [2 0 547 3 1]
 P 496489 21252 1032811 41342070
PT [2 0 548 3 1]
 P 496489 21252 1036201 41414250
PT [2 0 549 3 1]
EMPTY QUEUE
 P 497079 21252 1039601 41487838
PT [2 0 550 3 1]
 P 497079 21252 1042991 41558610
PT [2 0 551 3 1]
 P 497966 21252 1043000 41630790
PT [2 0 552 3 1]
 P 499165 21252 1043004 41702970
PT [2 0 553 3 1]
 P 499165 21252 1046394 41775150
PT [2 0 554 3 1]
EMPTY QUEUE
 P 499723 21252 1049793 41849410
PT [2 0 555 3 1]
 P 499723 21252 1053183 41919510
PT [2 0 556 3 1]
 P 501414 21252 1053192 41991690
PT [2 0 557 3 1]
 P 502618 21252 1053196 42063870
PT [2 0 558 3 1]
 P 502618 21252 1056586 42136050
PT [2 0 559 3 1]
EMPTY QUEUE
 P 503112 21252 1059986 42210438
PT [2 0 560 3 1]
 P 503112 21252 1063376 42280410
PT [2 0 561 3 1]
 P 505623 21252 1063385 42352590
PT [2 0 562 3 1]
 P 507047 21252 1063388 42424770
PT [2 0 563 3 1]
 P 507047 21252 1066778 42496950
PT [2 0 564 3 1]
EMPTY QUEUE
 P 507606 21252 1070178 42571083
PT [2 0 565 3 1]
 P 507606 21252 1073568 42641310
PT [2 0 566 3 1]
 P 509807 21252 1073577 42713490
PT [2 0 567 3 1]
 P 511937 21252 1073581 42785670
PT [2 0 568 3 1]
 P 511937 21252 1076971 42857850
PT [2 0 569 3 1]
EMPTY QUEUE
 P 512527 21252 1080371 42931182
PT [2 0 570 3 1]
 P 512527 21252 1083761 43002210
PT [2 0 571 3 1]
 P 514209 21252 1083770 43074390
PT [2 0 572 3 1]
 P 515060 21252 1083774 43146570
PT [2 0 573 3 1]
 P 515060 21252 1087164 43218750
PT [2 0 574 3 1]
EMPTY QUEUE
 P 515556 21252 1090563 43292691
PT [2 0 575 3 1]
 P 515556 21252 1093953 43363110
PT [2 0 576 3 1]
 P 518138 21252 1093962 43435290
PT [2 0 577 3 1]
 P 519568 21252 1093966 43507470
PT [2 0 578 3 1]
 P 519568 21252 1097356 43579650
PT [2 0 579 3 1]
EMPTY QUEUE
 P 520191 21252 1100755 43653910
PT [2 0 580 3 1]
 P 520191 21252 1104145 43724010
PT [2 0 581 3 1]
 P 522733 21252 1104154 43796190
PT [2 0 582 3 1]
 P 523810 21252 1104158 43868370
PT [2 0 583 3 1]
 P 523810 21252 1107548 43940550
PT [2 0 584 3 1]
EMPTY QUEUE
 P 524402 21252 1110947 44014459
PT [2 0 585 3 1]
 P 524402 21252 1114337 44084910
PT [2 0 586 3 1]
 P 525743 21252 1114346 44157090
PT [2 0 587 3 1]
 P 526634 21252 1114350 44229270
PT [2 0 588 3 1]
 P 526634 21252 1117740 44301450
PT [2 0 589 3 1]
EMPTY QUEUE
 P 527162 21252 1121139 44376511
PT [2 0 590 5 1]
 P 527162 21252 1124529 44445810
PT [2 0 591 5 1]
 P 529067 21252 1124538 44517990
PT [2 0 592 5 1]
 P 531132 21252 1124542 44590170
PT [2 0 593 5 1]
 P 531132 21252 1127932 44662350
PT [2 0 594 5 1]
EMPTY QUEUE
 P 531659 21252 1131331 44736066
PT [2 0 595 4 1]
 P 531659 21252 1134721 44806710
PT [2 0 596 4 1]
 P 533001 21252 1134730 44878890
PT [2 0 597 4 1]
 P 533670 21252 1134734 44951070
PT [2 0 598 4 1]
 P 533670 21252 1138124 45023250
PT [2 0 599 4 1]
EMPTY QUEUE
 P 534164 21252 1141523 45097125
PT [2 0 600 4 1]
 P 534164 21252 1144913 45167610
PT [2 0 601 4 1]
 P 536452 21252 1144921 45239790
PT [2 0 602 4 1]
 P 537214 21252 1144925 45311970
PT [2 0 603 4 1]
 P 537214 21252 1148315 45384150
PT [2 0 604 4 1]
EMPTY QUEUE
 P 537772 21252 1151714 45457769
PT [2 0 605 4 1]
 P 537772 21252 1155104 45528510
PT [2 0 606 4 1]
 P 540546 21252 1155113 45600690
PT [2 0 607 4 1]
 P 542365 21252 1155116 45672870
PT [2 0 608 4 1]
 P 542365 21252 1158506 45745050
PT [2 0 609 4 1]
EMPTY QUEUE
 P 542923 21252 1161905 45819885
PT [2 0 610 4 1]
 P 542923 21252 1165295 45889410
PT [2 0 611 4 1]
 P 545212 21252 1165304 45961590
PT [2 0 612 4 1]
 P 546804 21252 1165308 46033770
PT [2 0 613 4 1]
 P 546804 21252 1168698 46105950
PT [2 0 614 4 1]
EMPTY QUEUE
 P 547394 21252 1172097 46179473
PT [2 0 615 4 1]
 P 547394 21252 1175487 46250310
PT [2 0 616 4 1]
 P 550105 21252 1175496 46322490
PT [2 0 617 4 1]
 P 552754 21252 1175499 46394670
PT [2 0 618 4 1]
 P 552754 21252 1178889 46466850
PT [2 0 619 4 1]
EMPTY QUEUE
 P 553312 21252 1182288 46540533
PT [2 0 620 4 1]
 P 553312 21252 1185678 46611210
PT [2 0 621 4 1]
 P 555981 21252 1185687 46683390
PT [2 0 622 4 1]
 P 557065 21252 1185691 46755570
PT [2 0 623 4 1]
 P 557065 21252 1189081 46827750
PT [2 0 624 4 1]
EMPTY QUEUE
 P 557655 21252 1192480 46901145
PT [2 0 625 4 1]
 P 557655 21252 1195870 46972110
PT [2 0 626 4 1]
 P 558932 21252 1195879 47044290
PT [2 0 627 4 1]
 P 560660 21252 1195883 47116470
PT [2 0 628 4 1]
 P 560660 21252 1199273 47188650
PT [2 0 629 4 1]
EMPTY QUEUE
 P 561186 21252 1202672 47263197
PT [2 0 630 4 1]
 P 561186 21252 1206062 47333010
PT [2 0 631 4 1]
 P 562264 21252 1206071 47405190
PT [2 0 632 4 1]
 P 563062 21252 1206075 47477370
PT [2 0 633 4 1]
 P 563062 21252 1209465 47549550
PT [2 0 634 4 1]
EMPTY QUEUE
 P 563620 21252 1212864 47622785
PT [2 0 635 4 1]
 P 563620 21252 1216254 47693910
PT [2 0 636 4 1]
 P 565884 21252 1216263 47766090
PT [2 0 637 4 1]
 P 567866 21252 1216267 47838270
PT [2 0 638 4 1]
 P 567866 21252 1219657 47910450
PT [2 0 639 4 1]
EMPTY QUEUE
 P 568488 21252 1223056 47983941
PT [2 0 640 4 1]
 P 568488 21252 1226446 48054810
PT [2 0 641 4 1]
 P 569406 21252 1226455 48126990
PT [2 0 642 4 1]
 P 571227 21252 1226458 48199170
PT [2 0 643 4 1]
 P 571227 21252 1229848 48271350
PT [2 0 644 4 1]
EMPTY QUEUE
 P 571753 21252 1233247 48344425
PT [2 0 645 4 1]
 P 571753 21252 1236637 48415710
PT [2 0 646 4 1]
 P 573475 21252 1236645 48487890
PT [2 0 647 4 1]
 P 575428 21252 1236649 48560070
PT [2 0 648 4 1]
 P 575428 21252 1240039 48632250
PT [2 0 649 4 1]
EMPTY QUEUE
 P 575922 21252 1243438 48706509
PT [2 0 650 4 1]
 P 575922 21252 1246828 48776610
PT [2 0 651 4 1]
 P 577350 21252 1246837 48848790
PT [2 0 652 4 1]
 P 578727 21252 1246840 48920970
PT [2 0 653 4 1]
 P 578727 21252 1250230 48993150
PT [2 0 654 4 1]
EMPTY QUEUE
 P 579317 21252 1253630 49068211
PT [2 0 655 4 1]
 P 579317 21252 1257020 49137510
PT [2 0 656 4 1]
 P 580404 21252 1257029 49209690
PT [2 0 657 4 1]
 P 581340 21252 1257033 49281870
PT [2 0 658 4 1]
 P 581340 21252 1260423 49354050
PT [2 0 659 4 1]
EMPTY QUEUE
 P 581962 21252 1263822 49427285
PT [2 0 660 4 1]
 P 581962 21252 1267212 49498410
PT [2 0 661 4 1]
 P 583676 21252 1267221 49570590
PT [2 0 662 4 1]
 P 585149 21252 1267225 49642770
PT [2 0 663 4 1]
 P 585149 21252 1270615 49714950
PT [2 0 664 4 1]
EMPTY QUEUE
 P 585675 21252 1274014 49789817
PT [2 0 665 4 1]
 P 585675 21252 1277404 49859310
PT [2 0 666 4 1]
 P 587812 21252 1277413 49931490
PT [2 0 667 4 1]
 P 590341 21252 1277417 50003670
PT [2 0 668 4 1]
 P 590341 21252 1280807 50075850
PT [2 0 669 4 1]
EMPTY QUEUE
 P 590931 21252 1284206 50149950
PT [2 0 670 4 1]
 P 590931 21252 1287596 50220210
PT [2 0 671 4 1]
 P 593060 21252 1287605 50292390
PT [2 0 672 4 1]
 P 595333 21252 1287609 50364570
PT [2 0 673 4 1]
 P 595333 21252 1290999 50436750
PT [2 0 674 4 1]
EMPTY QUEUE
 P 595859 21252 1294398 50511490
PT [2 0 675 4 1]
 P 595859 21252 1297788 50581110
PT [2 0 676 4 1]
 P 597646 21252 1297797 50653290
PT [2 0 677 4 1]
 P 598299 21252 1297801 50725470
PT [2 0 678 4 1]
 P 598299 21252 1301191 50797650
PT [2 0 679 4 1]
EMPTY QUEUE
 P 598793 21252 1304590 50872550
PT [2 0 680 4 1]
 P 598793 21252 1307980 50942010
PT [2 0 681 4 1]
 P 600062 21252 1307989 51014190
PT [2 0 682 4 1]
 P 602718 21252 1307993 51086370
PT [2 0 683 4 1]
 P 602718 21252 1311383 51158550
PT [2 0 684 4 1]
EMPTY QUEUE
 P 603212 21252 1314782 51233130
PT [2 0 685 4 1]
 P 603212 21252 1318172 51302910
PT [2 0 686 4 1]
 P 604074 21252 1318181 51375090
PT [2 0 687 4 1]
 P 604074 21252 1321571 51447270
PT [2 0 688 4 1]
 P 604074 21252 1324961 51519450
PT [2 0 689 4 1]
 P 605277 21252 1324965 51591630
PT [2 0 690 4 1]
EMPTY QUEUE
 P 605803 21252 1328364 51665410
PT [2 0 691 4 1]
 P 607135 21252 1328372 51735990
PT [2 0 692 4 1]
 P 607135 21252 1331762 51808170
PT [2 0 693 4 1]
 P 607135 21252 1335152 51880350
PT [2 0 694 4 1]
 P 608423 21252 1335156 51952530
PT [2 0 695 4 1]
EMPTY QUEUE
 P 609045 21252 1338555 52027110
PT [2 0 696 4 1]
 P 611595 21252 1338564 52096890
PT [2 0 697 4 1]
 P 611595 21252 1341954 52169070
PT [2 0 698 4 1]
 P 611595 21252 1345344 52241250
PT [2 0 699 4 1]
 P 613431 21252 1345348 52313430
PT [2 0 700 4 1]
EMPTY QUEUE
 P 613925 21252 1348747 52388074
PT [2 0 701 4 1]
 P 616594 21252 1348756 52457790
PT [2 0 702 4 1]
 P 616594 21252 1352146 52529970
PT [2 0 703 4 1]
 P 616594 21252 1355536 52602150
PT [2 0 704 4 1]
 P 616594 21252 1358926 52674330
PT [2 0 705 4 1]
EMPTY QUEUE
 P 617152 21252 1362325 52748719
PT [2 0 706 4 1]
 P 618416 21252 1362329 52818690
PT [2 0 707 4 1]
 P 619234 21252 1362338 52890870
PT [2 0 708 4 1]
 P 619234 21252 1365728 52963050
PT [2 0 709 4 1]
 P 619234 21252 1369118 53035230
PT [2 0 710 4 1]
EMPTY QUEUE
 P 619728 21252 1372517 53108722
PT [2 0 711 4 1]
 P 620935 21252 1372520 53179590
PT [2 0 712 4 1]
 P 622649 21252 1372529 53251770
PT [2 0 713 4 1]
 P 622649 21252 1375919 53323950
PT [2 0 714 4 1]
 P 622649 21252 1379309 53396130
PT [2 0 715 4 1]
EMPTY QUEUE
 P 623143 21252 1382708 53470326
PT [2 0 716 4 1]
 P 625040 21252 1382712 53540490
PT [2 0 717 4 1]
 P 626349 21252 1382721 53612670
PT [2 0 718 4 1]
 P 626349 21252 1386111 53684850
PT [2 0 719 4 1]
 P 626349 21252 1389501 53757030
PT [2 0 720 4 1]
EMPTY QUEUE
 P 626939 21252 1392900 53831514
PT [2 0 721 4 1]
 P 629256 21252 1392903 53901390
PT [2 0 722 4 1]
 P 632053 21252 1392912 53973570
PT [2 0 723 4 1]
 P 632053 21252 1396302 54045750
PT [2 0 724 4 1]
 P 632053 21252 1399692 54117930
PT [2 0 725 4 1]
EMPTY QUEUE
 P 632675 21252 1403092 54192126
PT [2 0 726 4 1]
 P 633905 21252 1403096 54262290
PT [2 0 727 4 1]
 P 635186 21252 1403100 54334470
PT [2 0 728 4 1]
 P 636005 21252 1403109 54406650
PT [2 0 729 4 1]
 P 636005 21252 1406499 54478830
PT [2 0 730 4 1]
EMPTY QUEUE
 P 636499 21252 1409898 54552066
PT [2 0 731 4 1]
 P 636499 21252 1413288 54623190
PT [2 0 732 4 1]
 P 637722 21252 1413292 54695370
PT [2 0 733 4 1]
 P 639436 21252 1413301 54767550
PT [2 0 734 4 1]
 P 639436 21252 1416691 54839730
PT [2 0 735 4 1]
EMPTY QUEUE
 P 639962 21252 1420091 54913702
PT [2 0 736 4 1]
 P 639962 21252 1423481 54984090
PT [2 0 737 4 1]
 P 641863 21252 1423484 55056270
PT [2 0 738 4 1]
 P 643172 21252 1423493 55128450
PT [2 0 739 4 1]
 P 643172 21252 1426883 55200630
PT [2 0 740 4 1]
EMPTY QUEUE
 P 643699 21252 1430283 55274795
PT [2 0 741 4 1]
 P 643699 21252 1433673 55344990
PT [2 0 742 4 1]
 P 646019 21252 1433677 55417170
PT [2 0 743 4 1]
 P 648817 21252 1433686 55489350
PT [2 0 744 4 1]
 P 648817 21252 1437076 55561530
PT [2 0 745 4 1]
EMPTY QUEUE
 P 649311 21252 1440476 55635342
PT [2 0 746 4 1]
 P 649311 21252 1443866 55705890
PT [2 0 747 4 1]
 P 650545 21252 1443869 55778070
PT [2 0 748 4 1]
 P 652013 21252 1443878 55850250
PT [2 0 749 4 1]
 P 652013 21252 1447268 55922430
PT [2 0 750 4 1]
EMPTY QUEUE
 P 652573 21252 1450667 55997523
PT [2 0 751 4 1]
 P 652573 21252 1454057 56066790
PT [2 0 752 4 1]
 P 653812 21252 1454061 56138970
PT [2 0 753 4 1]
 P 654889 21252 1454070 56211150
PT [2 0 754 4 1]
 P 654889 21252 1457460 56283330
PT [2 0 755 4 1]
EMPTY QUEUE
 P 655448 21252 1460859 56357078
PT [2 0 756 4 1]
 P 655448 21252 1464249 56427690
PT [2 0 757 4 1]
 P 656906 21252 1464253 56499870
PT [2 0 758 4 1]
 P 658342 21252 1464262 56572050
PT [2 0 759 4 1]
 P 658342 21252 1467652 56644230
PT [2 0 760 4 1]
EMPTY QUEUE
 P 658934 21252 1471051 56718203
PT [2 0 761 4 1]
 P 658934 21252 1474441 56788590
PT [2 0 762 4 1]
 P 661099 21252 1474444 56860770
PT [2 0 763 4 1]
 P 662327 21252 1474448 56932950
PT [2 0 764 4 1]
 P 663200 21252 1474458 57005130
PT [2 0 765 4 1]
EMPTY QUEUE
 P 663542 21252 1477854 57078531
PT [2 0 766 4 1]
EMPTY QUEUE
 P 664102 21252 1481253 57151827
PT [2 0 767 4 1]
 P 664102 21252 1484643 57221670
PT [2 0 768 4 1]
 P 665403 21252 1484647 57293850
PT [2 0 769 4 1]
 P 667050 21252 1484656 57366030
PT [2 0 770 4 1]
 P 667050 21252 1488046 57438210
PT [2 0 771 4 1]
EMPTY QUEUE
 P 667608 21252 1491445 57512917
PT [2 0 772 4 1]
 P 667608 21252 1494835 57582570
PT [2 0 773 4 1]
 P 669456 21252 1494839 57654750
PT [2 0 774 4 1]
 P 670820 21252 1494848 57726930
PT [2 0 775 4 1]
 P 670820 21252 1498238 57799110
PT [2 0 776 4 1]
EMPTY QUEUE
 P 671444 21252 1501637 57873563
PT [2 0 777 5 1]
 P 671444 21252 1505027 57943470
PT [2 0 778 5 1]
 P 673830 21252 1505031 58015650
PT [2 0 779 5 1]
 P 676573 21252 1505040 58087830
PT [2 0 780 5 1]
 P 676573 21252 1508430 58160010
PT [2 0 781 5 1]
EMPTY QUEUE
 P 677100 21252 1511829 58233534
PT [2 0 782 6 1]
 P 677100 21252 1515219 58304370
PT [2 0 783 6 1]
 P 678281 21252 1515223 58376550
PT [2 0 784 6 1]
 P 679803 21252 1515232 58448730
PT [2 0 785 6 1]
 P 679803 21252 1518622 58520910
PT [2 0 786 6 1]
EMPTY QUEUE
 P 680329 21252 1522021 58595137
PT [2 0 787 5 1]
 P 680329 21252 1525411 58665270
PT [2 0 788 5 1]
 P 681634 21252 1525414 58737450
PT [2 0 789 5 1]
 P 682657 21252 1525423 58809630
PT [2 0 790 5 1]
 P 682657 21252 1528813 58881810
PT [2 0 791 5 1]
EMPTY QUEUE
 P 683184 21252 1532212 58956230
PT [2 0 792 6 1]
 P 683184 21252 1535602 59026170
PT [2 0 793 6 1]
 P 684590 21252 1535605 59098350
PT [2 0 794 6 1]
 P 686081 21252 1535615 59170530
PT [2 0 795 6 1]
 P 686081 21252 1539005 59242710
PT [2 0 796 6 1]
EMPTY QUEUE
 P 686671 21252 1542404 59316873
PT [2 0 797 5 1]
 P 686671 21252 1545794 59387070
PT [2 0 798 5 1]
 P 688901 21252 1545798 59459250
PT [2 0 799 5 1]
 P 691133 21252 1545807 59531430
PT [2 0 800 5 1]
 P 691133 21252 1549197 59603610
PT [2 0 801 5 1]
EMPTY QUEUE
 P 691627 21252 1552596 59676846
PT [2 0 802 5 1]
 P 691627 21252 1555986 59747970
PT [2 0 803 5 1]
 P 692461 21252 1555990 59820150
PT [2 0 804 5 1]
 P 693920 21252 1555999 59892330
PT [2 0 805 5 1]
 P 695143 21252 1556003 59964510
PT [2 0 806 5 1]
EMPTY QUEUE
 P 695669 21252 1559402 60038481
PT [2 0 807 5 1]
 P 695669 21252 1562792 60108870
PT [2 0 808 5 1]
 P 695669 21252 1566182 60181050
PT [2 0 809 5 1]
 P 698348 21252 1566191 60253230
PT [2 0 810 5 1]
 P 699513 21252 1566195 60325410
PT [2 0 811 5 1]
EMPTY QUEUE
 P 700103 21252 1569594 60399637
PT [2 0 812 5 1]
 P 700103 21252 1572984 60469770
PT [2 0 813 5 1]
 P 700103 21252 1576374 60541950
PT [2 0 814 5 1]
 P 702772 21252 1576383 60614130
PT [2 0 815 5 1]
 P 704484 21252 1576387 60686310
PT [2 0 816 5 1]
 P 706661 21252 1576391 60758490
PT [2 0 817 5 1]
EMPTY QUEUE
 P 707251 21252 1579790 60832397
PT [2 0 818 5 1]
 P 707251 21252 1583180 60902850
PT [2 0 819 5 1]
 P 710025 21252 1583189 60975030
PT [2 0 820 5 1]
 P 710025 21252 1586579 61047210
PT [2 0 821 5 1]
 P 711110 21252 1586583 61119390
PT [2 0 822 5 1]
EMPTY QUEUE
 P 711732 21252 1589982 61194545
PT [2 0 823 5 1]
 P 711732 21252 1593372 61263750
PT [2 0 824 5 1]
 P 712649 21252 1593381 61335930
PT [2 0 825 5 1]
 P 712649 21252 1596771 61408110
PT [2 0 826 5 1]
 P 713739 21252 1596775 61480290
PT [2 0 827 5 1]
EMPTY QUEUE
 P 714297 21252 1600174 61554037
PT [2 0 828 5 1]
 P 714297 21252 1603564 61624650
PT [2 0 829 5 1]
 P 716050 21252 1603573 61696830
PT [2 0 830 5 1]
 P 716050 21252 1606963 61769010
PT [2 0 831 5 1]
 P 717359 21252 1606966 61841190
PT [2 0 832 5 1]
EMPTY QUEUE
 P 717885 21252 1610365 61915097
PT [2 0 833 5 1]
 P 717885 21252 1613755 61985550
PT [2 0 834 5 1]
 P 720204 21252 1613764 62057730
PT [2 0 835 5 1]
 P 720204 21252 1617154 62129910
PT [2 0 836 5 1]
 P 722219 21252 1617157 62202090
PT [2 0 837 5 1]
EMPTY QUEUE
 P 722842 21252 1620556 62275775
PT [2 0 838 6 1]
 P 722842 21252 1623946 62346450
PT [2 0 839 6 1]
 P 725521 21252 1623955 62418630
PT [2 0 840 6 1]
 P 725521 21252 1627345 62490810
PT [2 0 841 6 1]
 P 726259 21252 1627349 62562990
PT [2 0 842 6 1]
EMPTY QUEUE
 P 726785 21252 1630748 62637793
PT [2 0 843 5 1]
 P 726785 21252 1634138 62707350
PT [2 0 844 5 1]
 P 728975 21252 1634147 62779530
PT [2 0 845 5 1]
 P 728975 21252 1637537 62851710
PT [2 0 846 5 1]
 P 730292 21252 1637541 62923890
PT [2 0 847 5 1]
EMPTY QUEUE
 P 730850 21252 1640940 62997381
PT [2 0 848 5 1]
 P 730850 21252 1644330 63068250
PT [2 0 849 5 1]
 P 732062 21252 1644339 63140430
PT [2 0 850 5 1]
 P 732062 21252 1647729 63212610
PT [2 0 851 5 1]
 P 733025 21252 1647733 63284790
PT [2 0 852 5 1]
EMPTY QUEUE
 P 733647 21252 1651132 63358538
PT [2 0 853 5 1]
 P 733647 21252 1654522 63429150
PT [2 0 854 5 1]
 P 736317 21252 1654531 63501330
PT [2 0 855 5 1]
 P 736317 21252 1657921 63573510
PT [2 0 856 5 1]
 P 737094 21252 1657925 63645690
PT [2 0 857 5 1]
EMPTY QUEUE
 P 737652 21252 1661324 63719054
PT [2 0 858 5 1]
 P 737652 21252 1664714 63790050
PT [2 0 859 5 1]
 P 739407 21252 1664724 63862230
PT [2 0 860 5 1]
 P 739407 21252 1668114 63934410
PT [2 0 861 5 1]
 P 741358 21252 1668118 64006590
PT [2 0 862 5 1]
EMPTY QUEUE
 P 741948 21252 1671517 64081202
PT [2 0 863 5 1]
 P 741948 21252 1674907 64150950
PT [2 0 864 5 1]
 P 743758 21252 1674916 64223130
PT [2 0 865 5 1]
 P 743758 21252 1678306 64295310
PT [2 0 866 5 1]
 P 744313 21252 1678310 64367490
PT [2 0 867 5 1]
EMPTY QUEUE
 P 744871 21252 1681709 64440726
PT [2 0 868 5 1]
 P 744871 21252 1685099 64511850
PT [2 0 869 5 1]
 P 746435 21252 1685108 64584030
PT [2 0 870 5 1]
 P 746435 21252 1688498 64656210
PT [2 0 871 5 1]
 P 747082 21252 1688502 64728390
PT [2 0 872 5 1]
EMPTY QUEUE
 P 747576 21252 1691901 64801754
PT [2 0 873 5 1]
 P 747576 21252 1695291 64872750
PT [2 0 874 5 1]
 P 749099 21252 1695300 64944930
PT [2 0 875 5 1]
 P 749099 21252 1698690 65017110
PT [2 0 876 5 1]
 P 750803 21252 1698693 65089290
PT [2 0 877 5 1]
EMPTY QUEUE
 P 751329 21252 1702092 65162366
PT [2 0 878 5 1]
 P 751329 21252 1705482 65233650
PT [2 0 879 5 1]
 P 752478 21252 1705491 65305830
PT [2 0 880 5 1]
 P 752478 21252 1708881 65378010
PT [2 0 881 5 1]
 P 753955 21252 1708885 65450190
PT [2 0 882 5 1]
EMPTY QUEUE
 P 754577 21252 1712284 65524578
PT [2 0 883 5 1]
 P 754577 21252 1715674 65594550
PT [2 0 884 5 1]
 P 756833 21252 1715683 65666730
PT [2 0 885 5 1]
 P 756833 21252 1719073 65738910
PT [2 0 886 5 1]
 P 759368 21252 1719076 65811090
PT [2 0 887 5 1]
EMPTY QUEUE
 P 759990 21252 1722475 65886182
PT [2 0 888 5 1]
 P 759990 21252 1725865 65955450
PT [2 0 889 5 1]
 P 762764 21252 1725874 66027630
PT [2 0 890 5 1]
 P 762764 21252 1729264 66099810
PT [2 0 891 5 1]
 P 763733 21252 1729268 66171990
PT [2 0 892 5 1]
EMPTY QUEUE
 P 764355 21252 1732667 66245226
PT [2 0 893 5 1]
 P 764355 21252 1736057 66316350
PT [2 0 894 5 1]
 P 765305 21252 1736066 66388530
PT [2 0 895 5 1]
 P 765305 21252 1739456 66460710
PT [2 0 896 5 1]
 P 766917 21252 1739460 66532890
PT [2 0 897 5 1]
EMPTY QUEUE
 P 767411 21252 1742859 66607726
PT [2 0 898 5 1]
 P 767411 21252 1746249 66677250
PT [2 0 899 5 1]
 P 770057 21252 1746258 66749430
PT [2 0 900 5 1]
 P 770057 21252 1749648 66821610
PT [2 0 901 5 1]
 P 770741 21252 1749652 66893790
PT [2 0 902 5 1]
EMPTY QUEUE
 P 771363 21252 1753051 66967922
PT [2 0 903 5 1]
 P 771363 21252 1756441 67038150
PT [2 0 904 5 1]
 P 773109 21252 1756450 67110330
PT [2 0 905 5 1]
 P 773109 21252 1759840 67182510
PT [2 0 906 5 1]
 P 774977 21252 1759844 67254690
PT [2 0 907 5 1]
EMPTY QUEUE
 P 775535 21252 1763245 67329463
PT [2 0 908 5 1]
 P 775535 21252 1766635 67399050
PT [2 0 909 5 1]
 P 776780 21252 1766644 67471230
PT [2 0 910 5 1]
 P 776780 21252 1770034 67543410
PT [2 0 911 5 1]
 P 778487 21252 1770037 67615590
PT [2 0 912 5 1]
EMPTY QUEUE
 P 779045 21252 1773437 67690554
PT [2 0 913 5 1]
 P 779045 21252 1776827 67759950
PT [2 0 914 5 1]
 P 780951 21252 1776837 67832130
PT [2 0 915 5 1]
 P 780951 21252 1780227 67904310
PT [2 0 916 5 1]
 P 782791 21252 1780230 67976490
PT [2 0 917 5 1]
EMPTY QUEUE
 P 783350 21252 1783630 68051135
PT [2 0 918 6 1]
 P 783350 21252 1787020 68120850
PT [2 0 919 6 1]
 P 784594 21252 1787029 68193030
PT [2 0 920 6 1]
 P 784594 21252 1790419 68265210
PT [2 0 921 6 1]
 P 785857 21252 1790422 68337390
PT [2 0 922 6 1]
EMPTY QUEUE
 P 786351 21252 1793822 68411138
PT [2 0 923 5 1]
 P 786351 21252 1797212 68481750
PT [2 0 924 5 1]
 P 787556 21252 1797221 68553930
PT [2 0 925 5 1]
 P 787556 21252 1800611 68626110
PT [2 0 926 5 1]
 P 788378 21252 1800615 68698290
PT [2 0 927 5 1]
EMPTY QUEUE
 P 789000 21252 1804015 68772870
PT [2 0 928 5 1]
 P 789000 21252 1807405 68842650
PT [2 0 929 5 1]
 P 791264 21252 1807414 68914830
PT [2 0 930 5 1]
 P 791264 21252 1810804 68987010
PT [2 0 931 5 1]
 P 792623 21252 1810808 69059190
PT [2 0 932 5 1]
EMPTY QUEUE
 P 793214 21252 1814208 69133931
PT [2 0 933 5 1]
 P 793214 21252 1817598 69203550
PT [2 0 934 5 1]
 P 795440 21252 1817607 69275730
PT [2 0 935 5 1]
 P 795440 21252 1820997 69347910
PT [2 0 936 5 1]
 P 797855 21252 1821001 69420090
PT [2 0 937 5 1]
EMPTY QUEUE
 P 798382 21252 1824400 69494447
PT [2 0 938 5 1]
 P 798382 21252 1827790 69564450
PT [2 0 939 5 1]
 P 799723 21252 1827799 69636630
PT [2 0 940 5 1]
 P 799723 21252 1831189 69708810
PT [2 0 941 5 1]
 P 801881 21252 1831193 69780990
PT [2 0 942 5 1]
EMPTY QUEUE
 P 802409 21252 1834592 69854515
PT [2 0 943 5 1]
 P 802409 21252 1837982 69925350
PT [2 0 944 5 1]
 P 804728 21252 1837991 69997530
PT [2 0 945 5 1]
 P 804728 21252 1841381 70069710
PT [2 0 946 5 1]
 P 805267 21252 1841385 70141890
PT [2 0 947 5 1]
EMPTY QUEUE
 P 805762 21252 1844784 70216086
PT [2 0 948 5 1]
 P 805762 21252 1848174 70286250
PT [2 0 949 5 1]
 P 807836 21252 1848183 70358430
PT [2 0 950 5 1]
 P 807836 21252 1851573 70430610
PT [2 0 951 5 1]
 P 810378 21252 1851577 70502790
PT [2 0 952 5 1]
EMPTY QUEUE
 P 810938 21252 1854976 70577243
PT [2 0 953 5 1]
 P 810938 21252 1858366 70647150
PT [2 0 954 5 1]
 P 813512 21252 1858375 70719330
PT [2 0 955 5 1]
 P 813512 21252 1861765 70791510
PT [2 0 956 5 1]
 P 814689 21252 1861769 70863690
PT [2 0 957 5 1]
EMPTY QUEUE
 P 815248 21252 1865168 70937822
PT [2 0 958 6 1]
 P 815248 21252 1868558 71008050
PT [2 0 959 6 1]
 P 816462 21252 1868567 71080230
PT [2 0 960 6 1]
 P 816462 21252 1871957 71152410
PT [2 0 961 6 1]
 P 817858 21252 1871961 71224590
PT [2 0 962 6 1]
EMPTY QUEUE
 P 818448 21252 1875360 71297921
PT [2 0 963 6 1]
 P 818448 21252 1878750 71368950
PT [2 0 964 6 1]
 P 820706 21252 1878759 71441130
PT [2 0 965 6 1]
 P 820706 21252 1882149 71513310
PT [2 0 966 6 1]
 P 821280 21252 1882152 71585490
PT [2 0 967 6 1]
EMPTY QUEUE
 P 821838 21252 1885551 71659493
PT [2 0 968 6 1]
 P 821838 21252 1888941 71729850
PT [2 0 969 6 1]
 P 822988 21252 1888949 71802030
PT [2 0 970 6 1]
 P 822988 21252 1892339 71874210
PT [2 0 971 6 1]
 P 825119 21252 1892342 71946390
PT [2 0 972 6 1]
EMPTY QUEUE
 P 825709 21252 1895741 72020617
PT [2 0 973 6 1]
 P 825709 21252 1899131 72090750
PT [2 0 974 6 1]
 P 827455 21252 1899140 72162930
PT [2 0 975 6 1]
 P 827455 21252 1902530 72235110
PT [2 0 976 6 1]
 P 828540 21252 1902534 72307290
PT [2 0 977 6 1]
EMPTY QUEUE
 P 829066 21252 1905933 72381133
PT [2 0 978 6 1]
 P 829066 21252 1909323 72451650
PT [2 0 979 6 1]
 P 829897 21252 1909332 72523830
PT [2 0 980 6 1]
 P 829897 21252 1912722 72596010
PT [2 0 981 6 1]
 P 831424 21252 1912726 72668190
PT [2 0 982 6 1]
EMPTY QUEUE
 P 831982 21252 1916125 72743281
PT [2 0 983 6 1]
 P 831982 21252 1919515 72812550
PT [2 0 984 6 1]
 P 833728 21252 1919524 72884730
PT [2 0 985 6 1]
 P 833728 21252 1922914 72956910
PT [2 0 986 6 1]
 P 833728 21252 1926304 73029090
PT [2 0 987 6 1]
 P 834834 21252 1926308 73101270
PT [2 0 988 6 1]
EMPTY QUEUE
 P 835456 21252 1929707 73175082
PT [2 0 989 6 1]
 P 837910 21252 1929716 73245630
PT [2 0 990 6 1]
 P 837910 21252 1933106 73317810
PT [2 0 991 6 1]
 P 837910 21252 1936496 73389990
PT [2 0 992 6 1]
 P 839089 21252 1936500 73462170
PT [2 0 993 6 1]
EMPTY QUEUE
 P 839615 21252 1939899 73536077
PT [2 0 994 6 1]
 P 841872 21252 1939908 73606530
PT [2 0 995 6 1]
 P 841872 21252 1943298 73678710
PT [2 0 996 6 1]
 P 841872 21252 1946688 73750890
PT [2 0 997 6 1]
 P 843598 21252 1946692 73823070
PT [2 0 998 6 1]
EMPTY QUEUE
 P 844092 21252 1950092 73896626
PT [2 0 999 6 1]
 P 845720 21252 1950101 73967430
PT [2 0 1000 6 1]
 P 845720 21252 1953491 74039610
PT [2 0 1001 6 1]
 P 845720 21252 1956881 74111790
PT [2 0 1002 6 1]
 P 847984 21252 1956884 74183970
PT [2 0 1003 6 1]
EMPTY QUEUE
 P 848574 21252 1960283 74258837
PT [2 0 1004 6 1]
 P 851219 21252 1960291 74328330
PT [2 0 1005 6 1]
 P 852095 21252 1960300 74400510
PT [2 0 1006 6 1]
 P 852095 21252 1963690 74472690
PT [2 0 1007 6 1]
 P 853154 21252 1963694 74544870
PT [2 0 1008 6 1]
EMPTY QUEUE
 P 853776 21252 1967093 74619097
PT [2 0 1009 6 1]
 P 853776 21252 1970483 74689230
PT [2 0 1010 6 1]
 P 855425 21252 1970492 74761410
PT [2 0 1011 6 1]
 P 855425 21252 1973882 74833590
PT [2 0 1012 6 1]
 P 856608 21252 1973885 74905770
PT [2 0 1013 6 1]
EMPTY QUEUE
 P 857134 21252 1977284 74980349
PT [2 0 1014 6 1]
 P 857134 21252 1980674 75050130
PT [2 0 1015 6 1]
 P 858498 21252 1980683 75122310
PT [2 0 1016 6 1]
 P 858498 21252 1984073 75194490
PT [2 0 1017 6 1]
 P 859782 21252 1984077 75266670
PT [2 0 1018 6 1]
EMPTY QUEUE
 P 860373 21252 1987476 75341250
PT [2 0 1019 7 1]
 P 860373 21252 1990866 75411030
PT [2 0 1020 7 1]
 P 863115 21252 1990875 75483210
PT [2 0 1021 7 1]
 P 863115 21252 1994265 75555390
PT [2 0 1022 7 1]
 P 865223 21252 1994269 75627570
PT [2 0 1023 7 1]
EMPTY QUEUE
 P 865749 21252 1997668 75701509
PT [2 0 1024 6 1]
 P 865749 21252 2001058 75771930
PT [2 0 1025 6 1]
 P 867272 21252 2001067 75844110
PT [2 0 1026 6 1]
 P 867272 21252 2004457 75916290
PT [2 0 1027 6 1]
 P 867984 21252 2004461 75988470
PT [2 0 1028 6 1]
EMPTY QUEUE
 P 868053 21252 2010423 76065476
PT [2 0 1029 6 1]
EMPTY QUEUE
 P 868675 21252 2013822 76135229
PT [2 0 1030 6 1]
 P 869697 21252 2013831 76205010
PT [2 0 1031 6 1]
 P 869697 21252 2017221 76277190
PT [2 0 1032 6 1]
 P 871106 21252 2017225 76349370
PT [2 0 1033 6 1]
 P 871106 21252 2020615 76421550
PT [2 0 1034 6 1]
EMPTY QUEUE
 P 871729 21252 2024014 76496323
PT [2 0 1035 7 1]
 P 873220 21252 2024023 76565910
PT [2 0 1036 7 1]
 P 873220 21252 2027413 76638090
PT [2 0 1037 7 1]
 P 874157 21252 2027417 76710270
PT [2 0 1038 7 1]
 P 874157 21252 2030807 76782450
PT [2 0 1039 7 1]
EMPTY QUEUE
 P 874652 21252 2034206 76856775
PT [2 0 1040 7 1]
 P 876885 21252 2034215 76926810
PT [2 0 1041 7 1]
 P 876885 21252 2037605 76998990
PT [2 0 1042 7 1]
 P 877755 21252 2037608 77071170
PT [2 0 1043 7 1]
 P 877755 21252 2040998 77143350
PT [2 0 1044 7 1]
EMPTY QUEUE
 P 878377 21252 2044397 77216970
PT [2 0 1045 6 1]
 P 879837 21252 2044405 77287710
PT [2 0 1046 6 1]
 P 879837 21252 2047795 77359890
PT [2 0 1047 6 1]
 P 881763 21252 2047799 77432070
PT [2 0 1048 6 1]
 P 882880 21252 2047803 77504250
PT [2 0 1049 6 1]
EMPTY QUEUE
 P 883438 21252 2051202 77578510
PT [2 0 1050 6 1]
 P 886116 21252 2051211 77648610
PT [2 0 1051 6 1]
 P 886116 21252 2054601 77720790
PT [2 0 1052 6 1]
 P 886116 21252 2057991 77792970
PT [2 0 1053 6 1]
 P 887306 21252 2057995 77865150
PT [2 0 1054 6 1]
EMPTY QUEUE
 P 887864 21252 2061394 77939602
PT [2 0 1055 6 1]
 P 890535 21252 2061403 78009510
PT [2 0 1056 6 1]
 P 890535 21252 2064793 78081690
PT [2 0 1057 6 1]
 P 890535 21252 2068183 78153870
PT [2 0 1058 6 1]
 P 892272 21252 2068187 78226050
PT [2 0 1059 6 1]
EMPTY QUEUE
 P 892341 21252 2074149 78302256
PT [2 0 1060 6 1]
EMPTY QUEUE
 P 895610 21252 2074167 78372330
PT [2 0 1061 6 1]
 P 895610 21252 2077557 78442590
PT [2 0 1062 6 1]
 P 895610 21252 2080947 78514770
PT [2 0 1063 6 1]
