using saved target 'z1'
../../../../contiki/tools/sky/serialdump-linux -b115200 /dev/ttyUSB2
connecting to /dev/ttyUSB2 (115200) [OK]
Rime started with address 3.0
MAC 03:00:00:00:00:00:00:00 Ref ID: 4841
Contiki-3.x-2125-g5d67a61 started. Node id is set to 3.

************************************************
RTIMER_SECOND = 32768. F_CPU=8000000.
CLOCK_SECOND=128.
DURSLOT = 6015.(0.1835 s).
DURSLEEP = 114285.
DURCYCLE = 120300 .(3.6712 s).
MAX_CLOCK_DRIFT = WAKEUP_ADVANCE_TIME = 327 (0.0033 s).
PERIODIC_BCAST_CYCLES_SENSOR = 983043.
PERIODIC_BCAST_CYCLES_SINK = 983043.
MAX_CYCLE_COUNTER = 27904.
MAX_COUNT_NO_RTS_CTS = 65535.
MAX_CHILD_NUM = 10.
MAX_TRY_TO_FIND_PARENT = 3.

**********Below is Related Settings**********
PRIMAC_CONF_COMPOWER = 1.
PRIMAC_CONF_COMPOWER_SUPPORT = 1.
SF = 18.
PRI_SYNC_SUPPORT = 1.
RANDOM_DRIFT_IN_COOJA_SUPPORT = 0.
ADCSC_SUPPORT = 1.
DATA_TX_SUPPORT = 1.
CYCLES_PER_PACKET = 2.
DATA_INTERVAL = 9.
RETX_LIMIT = 6.
TOTAL_DATA_NUM = 50.
MAX_DATA_QUEUE_BUFS = 10.
PROC_GRADE_BASED_ON_ADDR_SUPPORT = 1.
NODES_NUM_PER_GRADE = 2.
ADDRESS_FREE_SUPPORT = 1.
IS_COOJA_SIM = 0.
CROSS_PLATFORM_SUPPORT = 1.
************************************************

My address is 188.0.
nullmac PRIMAC, channel check rate 8 Hz, radio channel 26
Starting
Hello, world
 P 0 0 0 1963269
 P 0 0 3390 2083569
 P 0 0 6780 2203869
 P 0 0 10232 2325968
 P 0 0 13622 2444469
 P 0 0 17012 2564769
 P 0 0 20402 2685069
 P 0 0 23792 2805369
EMPTY QUEUE
 P 210 0 27188 2926534
EMPTY QUEUE
 P 577 0 30588 3046834
PT [1 0 1 2 2]
 P 2683 0 31872 3166269
PT [1 0 2 2 2]
 P 4695 0 33250 3286569
PT [1 0 3 2 2]
 P 4695 0 36640 3406869
PT [1 0 4 2 2]
 P 4695 0 40030 3527169
PT [1 0 5 2 2]
EMPTY QUEUE
 P 5030 0 43430 3648974
PT [1 0 6 3 2]
 P 6314 0 43433 3767769
PT [1 0 7 3 2]
rcv bro rts
 P 7828 0 43473 3888069
PT [1 0 8 3 2]
 P 10104 0 43476 4008369
PT [1 0 9 3 2]
 P 10104 0 46866 4128669
PT [1 0 10 3 2]
EMPTY QUEUE
 P 10439 0 50266 4250922
PT [1 0 11 4 2]
 P 10439 0 53656 4369269
PT [1 0 12 4 2]
 P 13270 0 53665 4489569
PT [1 0 13 4 2]
 P 14556 0 53668 4609869
PT [1 0 14 4 2]
 P 14556 0 57058 4730169
PT [1 0 15 4 2]
EMPTY QUEUE
 P 14890 0 60458 4852357
PT [1 0 16 5 2]
 P 14890 0 63848 4970769
PT [1 0 17 5 2]
 P 15869 0 63856 5091069
PT [1 0 18 5 2]
 P 17861 0 63859 5211369
PT [1 0 19 5 2]
 P 17861 0 67249 5331669
PT [1 0 20 5 2]
EMPTY QUEUE
 P 18196 0 70648 5453281
PT [1 0 21 6 2]
 P 18196 0 74038 5572269
PT [1 0 22 6 2]
 P 20906 0 74047 5692569
PT [1 0 23 6 2]
 P 21971 0 74051 5812869
PT [1 0 24 6 2]
 P 21971 0 77441 5933169
PT [1 0 25 6 2]
EMPTY QUEUE
 P 21982 0 80833 6055410
PT [1 0 26 6 2]
EMPTY QUEUE
 P 22317 0 84232 6174602
PT [1 0 27 8 2]
 P 24391 0 84240 6294069
PT [1 0 28 8 2]
 P 24391 0 87630 6414369
PT [1 0 29 8 2]
 P 25427 0 87633 6534669
PT [1 0 30 8 2]
 P 25427 0 91023 6654969
PT [1 0 31 8 2]
EMPTY QUEUE
 P 25762 0 94422 6776294
PT [1 0 32 9 2]
 P 28031 0 94430 6895569
PT [1 0 33 9 2]
 P 28031 0 97820 7015869
PT [1 0 34 9 2]
 P 28031 0 101210 7136169
PT [1 0 35 9 2]
 P 28031 0 104600 7256469
PT [1 0 36 9 2]
 P 30317 0 104603 7376769
PT [1 0 37 9 2]
EMPTY QUEUE
 P 31740 0 104621 7498958
PT [1 0 38 10 2]
 P 31740 0 108011 7617369
PT [1 0 39 10 2]
 P 31740 0 111401 7737669
PT [1 0 40 10 2]
 P 31740 0 114791 7857969
PT [1 0 41 10 2]
 P 33452 0 114795 7978269
PT [1 0 42 10 2]
EMPTY QUEUE
 P 35614 0 114813 8099881
PT [1 0 43 11 2]
 P 35614 0 118203 8218869
PT [1 0 44 11 2]
 P 35614 0 121593 8339169
PT [1 0 45 11 2]
 P 35614 0 124983 8459469
PT [1 0 46 11 2]
 P 35614 0 128373 8579769
PT [1 0 47 11 2]
EMPTY QUEUE
 P 35948 0 131773 8702693
PT [1 0 48 12 2]
 P 37877 0 131781 8820369
PT [1 0 49 12 2]
 P 40168 0 131784 8940669
PT [1 0 50 12 2]
 P 40168 0 135174 9060969
PT [1 0 51 12 2]
 P 40168 0 138564 9181269
PT [1 0 52 12 2]
EMPTY QUEUE
 P 40179 0 141956 9302006
PT [1 0 53 12 2]
EMPTY QUEUE
 P 40514 0 145355 9422702
PT [1 0 54 14 2]
 P 42232 0 145358 9542169
PT [1 0 55 14 2]
 P 44325 0 145366 9662469
PT [1 0 56 14 2]
 P 44325 0 148756 9782769
PT [1 0 57 14 2]
 P 44325 0 152146 9903069
PT [1 0 58 14 2]
EMPTY QUEUE
 P 44660 0 155545 10024394
PT [1 0 59 15 2]
 P 47338 0 155549 10143669
PT [1 0 60 15 2]
 P 48506 0 155557 10263969
PT [1 0 61 15 2]
 P 48506 0 158947 10384269
PT [1 0 62 15 2]
 P 48506 0 162337 10504569
PT [1 0 63 15 2]
EMPTY QUEUE
 P 48841 0 165736 10625574
PT [1 0 64 16 2]
 P 48841 0 169126 10745169
PT [1 0 65 16 2]
 P 49922 0 169129 10865469
PT [1 0 66 16 2]
 P 51062 0 169137 10985769
PT [1 0 67 16 2]
 P 51062 0 172527 11106069
PT [1 0 68 16 2]
EMPTY QUEUE
 P 51397 0 175927 11228290
PT [1 0 69 17 2]
 P 51397 0 179317 11346669
PT [1 0 70 17 2]
 P 51397 0 182707 11466969
PT [1 0 71 17 2]
 P 53436 0 182716 11587269
PT [1 0 72 17 2]
 P 54455 0 182719 11707569
PT [1 0 73 17 2]
EMPTY QUEUE
 P 54790 0 186119 11830494
PT [1 0 74 18 2]
 P 54790 0 189509 11948169
PT [1 0 75 18 2]
 P 54790 0 192899 12068469
PT [1 0 76 18 2]
 P 56849 344 192919 12189779
PT [1 0 77 19 2]
 P 57184 416 196320 12309069
PT [1 0 78 19 2]
 P 59677 416 196324 12429369
PT [1 0 79 19 2]
 P 62952 760 196345 12552567
PT [1 0 80 19 2]
 P 63286 832 199747 12669969
PT [1 0 81 19 2]
 P 64932 1175 199768 12792880
PT [1 0 82 20 2]
 P 65267 1247 203169 12910569
PT [1 0 83 20 2]
 P 67393 1591 203190 13032552
PT [1 0 84 20 2]
 P 69041 1663 203205 13151169
PT [1 0 85 20 2]
 P 69110 1663 209167 13275143
PT [1 0 86 20 2]
 P 71126 1663 209170 13391769
PT [1 0 87 20 2]
 P 73575 2007 209190 13513816
PT [1 0 88 21 2]
 P 76359 2422 209223 13633315
PT [1 0 89 21 2]
 P 79067 2767 209244 13754415
PT [1 0 90 21 2]
 P 80716 2839 209258 13872969
PT [1 0 91 21 2]
 P 82716 3110 209269 13993643
PT [1 0 92 21 2]
 P 83051 3182 216061 14114644
PT [1 0 93 22 2]
 P 86511 3598 216093 14236064
PT [1 0 94 22 2]
 P 91073 4215 216127 14354169
PT [1 0 95 22 2]
 P 93400 4559 216147 14476216
PT [1 0 96 23 2]
 P 95900 5119 216203 14596932
PT [1 0 97 23 2]
 P 97216 5119 216206 14715069
PT [1 0 98 23 2]
 P 99237 5119 216209 14835369
PT [1 0 99 23 2]
 P 102366 5463 216228 14958535
PT [1 0 100 24 2]
 P 106341 5879 216263 15075969
PT [1 0 101 24 2]
 P 107873 6224 216284 15199168
PT [1 0 102 24 2]
 P 109406 6568 216306 15318661
PT [1 0 103 24 2]
 P 111620 6568 216310 15436869
PT [1 0 104 24 2]
 P 114561 6912 216331 15558917
PT [1 0 105 25 2]
 P 118428 7400 216378 15677469
PT [1 0 106 25 2]
 P 120282 7743 216399 15799324
PT [1 0 107 25 2]
 P 121713 7815 216414 15918069
PT [1 0 108 25 2]
 P 124016 8159 216434 16039379
PT [1 0 109 26 2]
 P 128001 8576 216468 16158669
PT [1 0 110 26 2]
 P 129066 8576 216471 16278969
PT [1 0 111 26 2]
 P 132363 8920 216492 16401592
PT [1 0 112 26 2]
 P 134100 9336 219916 16520643
PT [1 0 113 26 2]
 P 135853 9408 219930 16639869
PT [1 0 114 26 2]
 P 138480 9753 219952 16762365
PT [1 0 115 27 2]
 P 141289 10025 219964 16880469
PT [1 0 116 27 2]
 P 143119 10369 219985 17002932
PT [1 0 117 27 2]
 P 148792 10856 220030 17121069
PT [1 0 118 27 2]
 P 151230 11200 220050 17244108
PT [1 0 119 28 2]
 P 152941 11617 223472 17361669
PT [1 0 120 28 2]
 P 154293 11961 223492 17483204
PT [1 0 121 28 2]
 P 156427 12376 223524 17604751
PT [1 0 122 28 2]
 P 157753 12376 223527 17722569
PT [1 0 123 28 2]
 P 158856 12376 223530 17842869
PT [1 0 124 28 2]
 P 162003 12720 223549 17964820
PT [1 0 125 29 2]
 P 167523 13209 223598 18083469
PT [1 0 126 29 2]
 P 169870 13553 223618 18205995
PT [1 0 127 29 2]
 P 173648 14169 223645 18325880
PT [1 0 128 30 2]
 P 176287 14313 223670 18444369
PT [1 0 129 30 2]
 P 178156 14657 223691 18565840
PT [1 0 130 30 2]
 P 179965 14657 223694 18684969
PT [1 0 131 30 2]
 P 180300 14729 227095 18807239
PT [1 0 132 31 2]
 P 182494 14729 227098 18925569
PT [1 0 133 31 2]
 P 184910 15073 227120 19047008
PT [1 0 134 31 2]
 P 189495 15832 227174 19168108
PT [1 0 135 31 2]
 P 190890 15832 227177 19286469
PT [1 0 136 31 2]
 P 192572 16176 227199 19408645
PT [1 0 137 32 2]
 P 196554 16592 227234 19527069
PT [1 0 138 32 2]
 P 198718 16936 227254 19649148
PT [1 0 139 32 2]
 P 201887 17352 233249 19772399
PT [1 0 140 32 2]
 P 204916 17695 233269 19889715
PT [1 0 141 33 2]
 P 209446 18110 233303 20008269
PT [1 0 142 33 2]
 P 210588 18110 233306 20128569
PT [1 0 143 33 2]
 P 213747 18453 233327 20251032
PT [1 0 144 33 2]
 P 218791 18869 233362 20369169
PT [1 0 145 33 2]
 P 220351 19214 233382 20490383
PT [1 0 146 34 2]
 P 220686 19286 236783 20609769
PT [1 0 147 34 2]
 P 222216 19632 236803 20731976
PT [1 0 148 34 2]
 P 226883 20047 236840 20850369
PT [1 0 149 34 2]
 P 228766 20390 236860 20972351
PT [1 0 150 34 2]
 P 232089 20806 236894 21090969
PT [1 0 151 35 2]
 P 233586 20806 236897 21211269
PT [1 0 152 35 2]
 P 235695 21149 236918 21333924
PT [1 0 153 35 2]
 P 239698 21421 236930 21451869
PT [1 0 154 35 2]
 P 241740 21421 236933 21572169
PT [1 0 155 35 2]
 P 243437 21766 236954 21694217
PT [1 0 156 36 2]
 P 246099 22326 240401 21812769
PT [1 0 157 36 2]
 P 247214 22326 240404 21933069
PT [1 0 158 36 2]
 P 249392 22670 240423 22056235
PT [1 0 159 36 2]
 P 253559 23086 240456 22173669
PT [1 0 160 36 2]
 P 253628 23086 246418 22298763
PT [1 0 161 36 2]
 P 256691 23430 246438 22416016
PT [1 0 162 37 2]
 P 260756 24262 249893 22534569
PT [1 0 163 37 2]
 P 262098 24262 249896 22654869
PT [1 0 164 37 2]
 P 264689 24409 249915 22777684
PT [1 0 165 38 2]
 P 269230 25168 249969 22897376
PT [1 0 166 38 2]
 P 269299 25168 255931 23020147
PT [1 0 167 38 2]
 P 270642 25168 255934 23136069
PT [1 0 168 38 2]
 P 272078 25511 255955 23258117
PT [1 0 169 39 2]
 P 277203 25926 255989 23376669
PT [1 0 170 39 2]
 P 279345 26271 256010 23499132
PT [1 0 171 39 2]
 P 282014 26686 256043 23619784
PT [1 0 172 39 2]
 P 285314 27101 256080 23737569
PT [1 0 173 39 2]
 P 287489 27446 256100 23859775
PT [1 0 174 40 2]
 P 289282 27446 256103 23978169
PT [1 0 175 40 2]
 P 289351 27526 259495 24100358
PT [1 0 176 40 2]
 P 291017 27526 259498 24218769
PT [1 0 177 40 2]
 P 292619 27869 259518 24340815
PT [1 0 178 41 2]
 P 296863 28357 259569 24461565
PT [1 0 179 41 2]
 P 300624 28629 259581 24579669
PT [1 0 180 41 2]
 P 302101 28972 259602 24702133
PT [1 0 181 41 2]
 P 306130 29804 259665 24823007
PT [1 0 182 41 2]
 P 307813 29876 259680 24940569
PT [1 0 183 41 2]
 P 309865 29876 259684 25060869
PT [1 0 184 41 2]
 P 312748 29948 259704 25182244
PT [1 0 185 42 2]
 P 314993 29948 259707 25301469
PT [1 0 186 42 2]
 P 317594 30291 259727 25423036
PT [1 0 187 42 2]
 P 325014 31739 259818 25542984
PT [1 0 188 43 2]
 P 326076 31739 259821 25662369
PT [1 0 189 43 2]
 P 328230 32082 259842 25785568
PT [1 0 190 43 2]
 P 330911 32498 259874 25905579
PT [1 0 191 43 2]
 P 332358 32498 259877 26023269
PT [1 0 192 43 2]
 P 334552 32570 259897 26144644
PT [1 0 193 44 2]
 P 337637 32914 259918 26265136
PT [1 0 194 44 2]
 P 342761 33672 259976 26384169
PT [1 0 195 44 2]
 P 344183 34015 259996 26506983
PT [1 0 196 44 2]
 P 345536 34015 259999 26624769
PT [1 0 197 44 2]
 P 348431 34360 260020 26745984
PT [1 0 198 45 2]
 P 350574 34776 260052 26867276
PT [1 0 199 45 2]
 P 351928 34776 260055 26985669
PT [1 0 200 45 2]
 P 351928 34776 263445 27105969
PT [1 0 201 45 2]
 P 354187 35120 263465 27228880
PT [1 0 202 46 2]
 P 356118 35120 263468 27346569
PT [1 0 203 46 2]
 P 356118 35120 266858 27466869
PT [1 0 204 46 2]
 P 358314 35465 266878 27589971
PT [1 0 205 46 2]
 P 359414 35465 266882 27707469
PT [1 0 206 46 2]
 P 361035 35810 266903 27830252
PT [1 0 207 47 2]
 P 362840 35810 266906 27948069
PT [1 0 208 47 2]
 P 362840 35810 270296 28068369
PT [1 0 209 47 2]
 P 365424 36154 270315 28190319
PT [1 0 210 47 2]
 P 365424 36154 273705 28308969
PT [1 0 211 47 2]
 P 367423 36154 273708 28429269
PT [1 0 212 47 2]
 P 369102 36154 273711 28549569
PT [1 0 213 47 2]
 P 369102 36154 277101 28669869
PT [1 0 214 47 2]
 P 370889 36497 277121 28792523
PT [1 0 215 49 2]
 P 372153 36497 277124 28910469
PT [1 0 216 49 2]
 P 375157 36841 277145 29033316
PT [1 0 217 49 2]
 P 377892 36841 277151 29151069
PT [1 0 218 49 2]
 P 379554 37186 277171 29273596
PT [1 0 219 49 2]
 P 379554 37186 280561 29391669
PT [1 0 220 49 2]
 P 379554 37186 283951 29511969
PT [1 0 221 49 2]
 P 382658 37530 283972 29633664
PT [1 0 222 50 2]
 P 382658 37530 287362 29752569
PT [1 0 223 50 2]
 P 384963 37873 287382 29874967
PT [1 0 224 51 2]
 P 387638 37873 287385 29993169
PT [1 0 225 51 2]
 P 390250 37873 287388 30113469
PT [1 0 226 51 2]
 P 390250 37873 290778 30233769
PT [1 0 227 51 2]
 P 390250 37873 294168 30354069
PT [1 0 228 51 2]
EMPTY QUEUE
 P 391726 37873 294186 30476418
PT [1 0 229 52 2]
 P 391726 37873 297576 30594669
PT [1 0 230 52 2]
 P 393027 37873 297580 30714969
PT [1 0 231 52 2]
 P 393027 37873 300970 30835269
PT [1 0 232 52 2]
 P 393027 37873 304360 30955569
PT [1 0 233 52 2]
EMPTY QUEUE
 P 395211 37873 304377 31077598
PT [1 0 234 53 2]
 P 395211 37873 307767 31196169
PT [1 0 235 53 2]
 P 396706 37873 307772 31316469
PT [1 0 236 53 2]
 P 396706 37873 311162 31436769
PT [1 0 237 53 2]
 P 396706 37873 314552 31557069
PT [1 0 238 53 2]
EMPTY QUEUE
 P 397042 37873 317952 31678235
PT [1 0 239 55 2]
 P 398991 37873 317960 31797669
PT [1 0 240 55 2]
 P 398991 37873 321350 31917969
PT [1 0 241 55 2]
 P 400328 37873 321354 32038269
PT [1 0 242 55 2]
 P 400328 37873 324744 32158569
PT [1 0 243 55 2]
EMPTY QUEUE
 P 400663 37873 328144 32281206
PT [1 0 244 55 2]
 P 402551 37873 328153 32399169
PT [1 0 245 55 2]
 P 402551 37873 331543 32519469
PT [1 0 246 55 2]
 P 402551 37873 334933 32639769
PT [1 0 247 55 2]
 P 405363 37873 334936 32760069
PT [1 0 248 55 2]
 P 406735 37873 334939 32880369
PT [1 0 249 55 2]
EMPTY QUEUE
 P 408676 37873 334957 33002463
PT [1 0 250 56 2]
 P 408676 37873 338347 33120969
PT [1 0 251 56 2]
 P 408676 37873 341737 33241269
PT [1 0 252 56 2]
 P 408676 37873 345127 33361569
PT [1 0 253 56 2]
 P 410754 37873 345130 33481869
PT [1 0 254 56 2]
EMPTY QUEUE
 P 411090 37873 348529 33603866
PT [1 0 255 58 2]
 P 413818 37873 348537 33722469
PT [1 0 256 58 2]
 P 413818 37873 351927 33842769
PT [1 0 257 58 2]
 P 413818 37873 355317 33963069
PT [1 0 258 58 2]
 P 413818 37873 358707 34083369
PT [1 0 259 58 2]
 P 414970 37873 358710 34203669
PT [1 0 260 58 2]
EMPTY QUEUE
 P 418004 37873 358727 34326658
PT [1 0 261 59 2]
 P 418004 37873 362117 34444269
PT [1 0 262 59 2]
 P 418004 37873 365507 34564569
PT [1 0 263 59 2]
 P 418004 37873 368897 34684869
PT [1 0 264 59 2]
 P 420374 37873 368900 34805169
PT [1 0 265 59 2]
EMPTY QUEUE
 P 421716 37873 368918 34926815
PT [1 0 266 60 2]
 P 421716 37873 372308 35045769
PT [1 0 267 60 2]
 P 421716 37873 375698 35166069
PT [1 0 268 60 2]
 P 421716 37873 379088 35286369
PT [1 0 269 60 2]
 P 423511 37873 379092 35406669
PT [1 0 270 60 2]
EMPTY QUEUE
 P 425304 37873 379109 35528506
PT [1 0 271 61 2]
 P 425304 37873 382499 35647269
PT [1 0 272 61 2]
 P 425304 37873 385889 35767569
PT [1 0 273 61 2]
 P 425304 37873 389279 35887869
PT [1 0 274 61 2]
 P 428061 37873 389282 36008169
PT [1 0 275 61 2]
EMPTY QUEUE
 P 429524 37873 389290 36129409
PT [1 0 276 61 2]
EMPTY QUEUE
 P 429859 37873 392690 36249602
PT [1 0 277 62 2]
 P 429859 37873 396080 36369069
PT [1 0 278 62 2]
 P 429859 37873 399470 36489369
PT [1 0 279 62 2]
 P 431018 37873 399473 36609669
PT [1 0 280 62 2]
 P 432130 37873 399482 36729969
PT [1 0 281 62 2]
EMPTY QUEUE
 P 432465 37873 402882 36851294
PT [1 0 282 63 2]
 P 432465 37873 406272 36970569
PT [1 0 283 63 2]
 P 432465 37873 409662 37090869
PT [1 0 284 63 2]
 P 433562 37873 409665 37211169
PT [1 0 285 63 2]
 P 435798 37873 409672 37331469
PT [1 0 286 63 2]
EMPTY QUEUE
 P 436133 37873 413072 37452474
PT [1 0 287 64 2]
 P 436133 37873 416462 37572069
PT [1 0 288 64 2]
 P 436133 37873 419852 37692369
PT [1 0 289 64 2]
 P 436133 37873 423242 37812669
PT [1 0 290 64 2]
 P 438704 37873 423245 37932969
PT [1 0 291 64 2]
EMPTY QUEUE
 P 441248 37873 423262 38055191
PT [1 0 292 65 2]
 P 441248 37873 426652 38173569
PT [1 0 293 65 2]
 P 441248 37873 430042 38293869
PT [1 0 294 65 2]
 P 441248 37873 433432 38414169
PT [1 0 295 65 2]
 P 441248 37873 436822 38534469
PT [1 0 296 65 2]
 P 442733 37873 436825 38654769
PT [1 0 297 65 2]
EMPTY QUEUE
 P 445575 37873 436843 38775902
PT [1 0 298 67 2]
 P 447724 37873 436851 38895369
PT [1 0 299 67 2]
 P 447724 37873 440241 39015669
PT [1 0 300 67 2]
 P 447724 37873 443631 39135969
PT [1 0 301 67 2]
 P 447724 37873 447021 39256269
PT [1 0 302 67 2]
 P 449659 37873 447025 39376569
PT [1 0 303 67 2]
EMPTY QUEUE
 P 451218 37873 447043 39498822
PT [1 0 304 68 2]
 P 451218 37873 450433 39617169
PT [1 0 305 68 2]
 P 451218 37873 453823 39737469
PT [1 0 306 68 2]
 P 451218 37873 457213 39857769
PT [1 0 307 68 2]
 P 451218 37873 460603 39978069
PT [1 0 308 68 2]
 P 453092 37873 460606 40098369
PT [1 0 309 68 2]
EMPTY QUEUE
 P 454299 37873 460616 40220226
PT [1 0 310 68 2]
EMPTY QUEUE
 P 454634 37873 464015 40339801
PT [1 0 311 69 2]
 P 454634 37873 467405 40459269
PT [1 0 312 69 2]
 P 454634 37873 470795 40579569
PT [1 0 313 69 2]
 P 454634 37873 474185 40699869
PT [1 0 314 69 2]
 P 455934 37873 474188 40820169
PT [1 0 315 69 2]
EMPTY QUEUE
 P 457821 37873 474206 40941494
PT [1 0 316 70 2]
 P 457821 37873 477596 41060769
PT [1 0 317 70 2]
 P 457821 37873 480986 41181069
PT [1 0 318 70 2]
 P 457821 37873 484376 41301369
PT [1 0 319 70 2]
 P 457821 37873 487766 41421669
PT [1 0 320 70 2]
 P 460083 37873 487769 41541969
PT [1 0 321 70 2]
EMPTY QUEUE
 P 462198 37873 487787 41662974
PT [1 0 322 72 2]
 P 462198 37873 491177 41782569
PT [1 0 323 72 2]
 P 462198 37873 494567 41902869
PT [1 0 324 72 2]
 P 462198 37873 497957 42023169
PT [1 0 325 72 2]
 P 462198 37873 501347 42143469
PT [1 0 326 72 2]
 P 464910 37873 501350 42263769
PT [1 0 327 72 2]
EMPTY QUEUE
 P 466503 37873 501368 42385990
PT [1 0 328 73 2]
 P 466503 37873 504758 42504369
PT [1 0 329 73 2]
 P 466503 37873 508148 42624669
PT [1 0 330 73 2]
 P 466503 37873 511538 42744969
PT [1 0 331 73 2]
 P 469154 37873 511541 42865269
PT [1 0 332 73 2]
 P 470557 37873 511545 42985569
PT [1 0 333 73 2]
EMPTY QUEUE
 P 473113 37873 511564 43108493
PT [1 0 334 74 2]
 P 473113 37873 514954 43226169
PT [1 0 335 74 2]
 P 473113 37873 518344 43346469
PT [1 0 336 74 2]
 P 473113 37873 521734 43466769
PT [1 0 337 74 2]
 P 475221 37873 521737 43587069
PT [1 0 338 74 2]
EMPTY QUEUE
 P 475556 37873 525136 43709641
PT [1 0 339 75 2]
 P 476982 37873 525145 43827669
PT [1 0 340 75 2]
 P 476982 37873 528535 43947969
PT [1 0 341 75 2]
 P 476982 37873 531925 44068269
PT [1 0 342 75 2]
 P 476982 37873 535315 44188569
PT [1 0 343 75 2]
 P 478164 37873 535318 44308869
PT [1 0 344 75 2]
EMPTY QUEUE
 P 478499 37873 538719 44429843
PT [1 0 345 77 2]
 P 480537 37873 538728 44549469
PT [1 0 346 77 2]
 P 480537 37873 542118 44669769
PT [1 0 347 77 2]
 P 480537 37873 545508 44790069
PT [1 0 348 77 2]
 P 480537 37873 548898 44910369
PT [1 0 349 77 2]
 P 482937 37873 548901 45030669
PT [1 0 350 77 2]
EMPTY QUEUE
 P 483272 37873 552301 45153626
PT [1 0 351 78 2]
 P 484770 37873 552310 45271269
PT [1 0 352 78 2]
 P 484770 37873 555700 45391569
PT [1 0 353 78 2]
 P 484770 37873 559090 45511869
PT [1 0 354 78 2]
 P 484770 37873 562480 45632169
PT [1 0 355 78 2]
 P 486886 37873 562483 45752469
PT [1 0 356 78 2]
EMPTY QUEUE
 P 488562 37873 562500 45875137
PT [1 0 357 79 2]
 P 488562 37873 565890 45993069
PT [1 0 358 79 2]
 P 488562 37873 569280 46113369
PT [1 0 359 79 2]
 P 488562 37873 572670 46233669
PT [1 0 360 79 2]
 P 488562 37873 576060 46353969
PT [1 0 361 79 2]
 P 490871 37873 576063 46474269
PT [1 0 362 79 2]
EMPTY QUEUE
 P 492264 37873 576080 46597131
PT [1 0 363 81 2]
 P 492264 37873 579470 46714869
PT [1 0 364 81 2]
 P 492264 37873 582860 46835169
PT [1 0 365 81 2]
 P 492264 37873 586250 46955469
PT [1 0 366 81 2]
 P 492264 37873 589640 47075769
PT [1 0 367 81 2]
EMPTY QUEUE
 P 492599 37873 593039 47197510
PT [1 0 368 82 2]
 P 494782 37873 593047 47316369
PT [1 0 369 82 2]
 P 497190 37873 593050 47436669
PT [1 0 370 82 2]
 P 497190 37873 596440 47556969
PT [1 0 371 82 2]
 P 497190 37873 599830 47677269
PT [1 0 372 82 2]
EMPTY QUEUE
 P 497525 37873 603229 47798946
PT [1 0 373 83 2]
 P 497525 37873 606619 47917869
PT [1 0 374 83 2]
 P 499358 37873 606622 48038169
PT [1 0 375 83 2]
 P 501451 37873 606630 48158469
PT [1 0 376 83 2]
 P 501451 37873 610020 48278769
PT [1 0 377 83 2]
EMPTY QUEUE
 P 501786 37873 613420 48399870
PT [1 0 378 84 2]
 P 501786 37873 616810 48519369
PT [1 0 379 84 2]
 P 504101 37873 616813 48639669
PT [1 0 380 84 2]
 P 505269 37873 616821 48759969
PT [1 0 381 84 2]
 P 505269 37873 620211 48880269
PT [1 0 382 84 2]
EMPTY QUEUE
 P 505604 37873 623611 49002330
PT [1 0 383 85 2]
 P 505604 37873 627001 49120869
PT [1 0 384 85 2]
 P 507601 37873 627004 49241169
PT [1 0 385 85 2]
 P 507601 37873 630394 49361469
PT [1 0 386 85 2]
 P 508709 37873 630402 49481769
PT [1 0 387 85 2]
EMPTY QUEUE
 P 509044 37873 633802 49604278
PT [1 0 388 86 2]
 P 509044 37873 637192 49722369
PT [1 0 389 86 2]
 P 510211 37873 637195 49842669
PT [1 0 390 86 2]
 P 510211 37873 640585 49962969
PT [1 0 391 86 2]
 P 510211 37873 643975 50083269
PT [1 0 392 86 2]
EMPTY QUEUE
 P 513130 37873 643995 50205715
PT [1 0 393 87 2]
 P 513130 37873 647385 50323869
PT [1 0 394 87 2]
 P 514651 37873 647388 50444169
PT [1 0 395 87 2]
 P 514651 37873 650778 50564469
PT [1 0 396 87 2]
 P 514651 37873 654168 50684769
PT [1 0 397 87 2]
EMPTY QUEUE
 P 516485 37873 654187 50806638
PT [1 0 398 88 2]
 P 516485 37873 657577 50925369
PT [1 0 399 88 2]
 P 518231 37873 657580 51045669
PT [1 0 400 88 2]
 P 518231 37873 660970 51165969
PT [1 0 401 88 2]
 P 518231 37873 664360 51286269
PT [1 0 402 88 2]
EMPTY QUEUE
 P 518565 37873 667760 51408425
PT [1 0 403 89 2]
 P 521349 37873 667768 51526869
PT [1 0 404 89 2]
 P 521349 37873 671158 51647169
PT [1 0 405 89 2]
 P 524313 37873 671162 51767469
PT [1 0 406 89 2]
 P 524313 37873 674552 51887769
PT [1 0 407 89 2]
EMPTY QUEUE
 P 524647 37873 677952 52010117
PT [1 0 408 90 2]
 P 525835 37873 677961 52128369
PT [1 0 409 90 2]
 P 525835 37873 681351 52248669
PT [1 0 410 90 2]
 P 525835 37873 684741 52368969
PT [1 0 411 90 2]
 P 527458 37873 684744 52489269
PT [1 0 412 90 2]
EMPTY QUEUE
 P 527793 37873 688143 52611297
PT [1 0 413 91 2]
 P 528951 37873 688152 52729869
PT [1 0 414 91 2]
 P 528951 37873 691542 52850169
PT [1 0 415 91 2]
 P 528951 37873 694932 52970469
PT [1 0 416 91 2]
 P 528951 37873 698322 53090769
PT [1 0 417 91 2]
EMPTY QUEUE
 P 529286 37873 701721 53211966
PT [1 0 418 93 2]
 P 531103 37873 701724 53331369
PT [1 0 419 93 2]
 P 533897 37873 701733 53451669
PT [1 0 420 93 2]
 P 533897 37873 705123 53571969
PT [1 0 421 93 2]
 P 533897 37873 708513 53692269
PT [1 0 422 93 2]
EMPTY QUEUE
 P 534232 37873 711912 53814170
PT [1 0 423 94 2]
 P 534232 37873 715302 53932869
PT [1 0 424 94 2]
 P 535731 37873 715305 54053169
PT [1 0 425 94 2]
 P 537729 37873 715314 54173469
PT [1 0 426 94 2]
 P 537729 37873 718704 54293769
PT [1 0 427 94 2]
EMPTY QUEUE
 P 538065 37873 722103 54415863
PT [1 0 428 95 2]
 P 538065 37873 725493 54534369
PT [1 0 429 95 2]
 P 538065 37873 728883 54654669
PT [1 0 430 95 2]
 P 540782 37873 728887 54774969
PT [1 0 431 95 2]
 P 543392 37873 728896 54895269
PT [1 0 432 95 2]
EMPTY QUEUE
 P 543727 37873 732295 55017042
PT [1 0 433 96 2]
 P 543727 37873 735685 55135869
PT [1 0 434 96 2]
 P 543727 37873 739075 55256169
PT [1 0 435 96 2]
 P 543727 37873 742465 55376469
PT [1 0 436 96 2]
 P 545103 37873 742468 55496769
PT [1 0 437 96 2]
EMPTY QUEUE
 P 547509 37873 742486 55619758
PT [1 0 438 97 2]
 P 547509 37873 745876 55737369
PT [1 0 439 97 2]
 P 547509 37873 749266 55857669
PT [1 0 440 97 2]
 P 547509 37873 752656 55977969
PT [1 0 441 97 2]
 P 547509 37873 756046 56098269
PT [1 0 442 97 2]
 P 549079 37873 756049 56218569
PT [1 0 443 97 2]
EMPTY QUEUE
 P 551326 37873 756067 56339703
PT [1 0 444 98 2]
 P 553465 37873 756076 56459169
PT [1 0 445 98 2]
 P 553465 37873 759466 56579469
PT [1 0 446 98 2]
 P 553465 37873 762856 56699769
PT [1 0 447 98 2]
 P 553465 37873 766246 56820069
PT [1 0 448 98 2]
 P 554717 37873 766249 56940369
PT [1 0 449 98 2]
EMPTY QUEUE
 P 556267 37873 766266 57062622
PT [1 0 450 99 2]
 P 556267 37873 769656 57180969
PT [1 0 451 99 2]
 P 556267 37873 773046 57301269
PT [1 0 452 99 2]
 P 556267 37873 776436 57421569
PT [1 0 453 99 2]
 P 556267 37873 779826 57541869
PT [1 0 454 99 2]
 P 558737 37873 779829 57662169
PT [1 0 455 99 2]
EMPTY QUEUE
 P 560259 37873 779846 57784358
PT [1 0 456 101 2]
 P 562698 37873 779849 57902769
PT [1 0 457 101 2]
 P 562698 37873 783239 58023069
PT [1 0 458 101 2]
 P 562698 37873 786629 58143369
PT [1 0 459 101 2]
 P 562698 37873 790019 58263669
PT [1 0 460 101 2]
EMPTY QUEUE
 P 563033 37873 793419 58385890
PT [1 0 461 102 2]
 P 564518 37873 793427 58504269
PT [1 0 462 102 2]
 P 566669 37873 793436 58624569
PT [1 0 463 102 2]
 P 569110 37873 793440 58744869
PT [1 0 464 102 2]
 P 569110 37873 796830 58865169
PT [1 0 465 102 2]
EMPTY QUEUE
 P 569445 37873 800230 58986974
PT [1 0 466 103 2]
 P 569445 37873 803620 59105769
PT [1 0 467 103 2]
 P 570672 37873 803627 59226069
PT [1 0 468 103 2]
 P 572539 37873 803630 59346369
PT [1 0 469 103 2]
 P 572539 37873 807020 59466669
PT [1 0 470 103 2]
EMPTY QUEUE
 P 572874 37873 810420 59588922
PT [1 0 471 104 2]
 P 572874 37873 813810 59707269
PT [1 0 472 104 2]
 P 572874 37873 817200 59827569
PT [1 0 473 104 2]
 P 574073 37873 817208 59947869
PT [1 0 474 104 2]
 P 576520 37873 817211 60068169
PT [1 0 475 104 2]
EMPTY QUEUE
 P 576855 37873 820611 60190358
PT [1 0 476 105 2]
 P 576855 37873 824001 60308769
PT [1 0 477 105 2]
 P 576855 37873 827391 60429069
PT [1 0 478 105 2]
 P 576855 37873 830781 60549369
PT [1 0 479 105 2]
 P 578410 37873 830789 60669669
PT [1 0 480 105 2]
 P 580858 37873 830792 60789969
PT [1 0 481 105 2]
EMPTY QUEUE
 P 581192 37873 834192 60911581
PT [1 0 482 106 2]
 P 581192 37873 837582 61030569
PT [1 0 483 106 2]
 P 581192 37873 840972 61150869
PT [1 0 484 106 2]
 P 581192 37873 844362 61271169
PT [1 0 485 106 2]
 P 582866 37873 844370 61391469
PT [1 0 486 106 2]
 P 585028 37873 844374 61511769
PT [1 0 487 106 2]
EMPTY QUEUE
 P 585097 37873 850336 61636639
PT [1 0 488 106 2]
EMPTY QUEUE
 P 585432 37873 853736 61753202
PT [1 0 489 108 2]
 P 585432 37873 857126 61872669
PT [1 0 490 108 2]
 P 588325 37873 857135 61992969
PT [1 0 491 108 2]
 P 590680 37873 857139 62113269
PT [1 0 492 108 2]
 P 590680 37873 860529 62233569
PT [1 0 493 108 2]
EMPTY QUEUE
 P 591015 37873 863929 62354894
PT [1 0 1 0 2]
 P 591015 37873 867319 62474278
PT [1 0 2 0 2]
 P 592459 37873 867327 62594578
PT [1 0 3 0 2]
 P 592459 37873 870717 62714878
PT [1 0 4 0 2]
 P 594388 37873 870720 62835178
PT [1 0 5 0 2]
EMPTY QUEUE
 P 594723 37873 874120 62956183
PT [1 0 6 1 2]
 P 594723 37873 877510 63075778
PT [1 0 7 1 2]
 P 594723 37873 880900 63196078
PT [1 0 8 1 2]
 P 597291 37873 880908 63316378
PT [1 0 9 1 2]
 P 597291 37873 884298 63436678
PT [1 0 10 1 2]
 P 599830 37873 884301 63556978
PT [1 0 11 1 2]
EMPTY QUEUE
 P 600164 37873 887701 63679198
PT [1 0 12 2 2]
 P 600164 37873 891091 63797578
PT [1 0 13 2 2]
 P 600164 37873 894481 63917878
PT [1 0 14 2 2]
 P 602704 37873 894490 64038178
PT [1 0 15 2 2]
 P 602704 37873 897880 64158478
PT [1 0 16 2 2]
 P 604701 37873 897883 64278778
PT [1 0 17 2 2]
EMPTY QUEUE
 P 605036 37873 901282 64401703
PT [1 0 18 4 2]
 P 605036 37873 904672 64519378
PT [1 0 19 4 2]
 P 605036 37873 908062 64639678
PT [1 0 20 4 2]
 P 605884 37873 908070 64759978
PT [1 0 21 4 2]
 P 605884 37873 911460 64880278
PT [1 0 22 4 2]
 P 607723 37873 911463 65000578
PT [1 0 23 4 2]
EMPTY QUEUE
 P 608058 37873 914863 65121647
PT [1 0 24 5 2]
 P 608058 37873 918253 65241178
PT [1 0 25 5 2]
 P 609357 37873 918262 65361478
PT [1 0 26 5 2]
 P 609357 37873 921652 65481778
PT [1 0 27 5 2]
 P 609357 37873 925042 65602078
PT [1 0 28 5 2]
 P 610622 37873 925045 65722378
PT [1 0 29 5 2]
EMPTY QUEUE
 P 610956 37873 928445 65845174
PT [1 0 30 6 2]
 P 613251 37873 928453 65962978
PT [1 0 31 6 2]
 P 613251 37873 931843 66083278
PT [1 0 32 6 2]
 P 613251 37873 935233 66203578
PT [1 0 33 6 2]
 P 613251 37873 938623 66323878
PT [1 0 34 6 2]
 P 614998 37873 938627 66444178
PT [1 0 35 6 2]
EMPTY QUEUE
 P 615333 37873 942026 66566143
PT [1 0 36 7 2]
 P 616960 37873 942034 66684778
PT [1 0 37 7 2]
 P 616960 37873 945424 66805078
PT [1 0 38 7 2]
 P 616960 37873 948814 66925378
PT [1 0 39 7 2]
 P 616960 37873 952204 67045678
PT [1 0 40 7 2]
 P 619574 37873 952207 67165978
PT [1 0 41 7 2]
EMPTY QUEUE
 P 620739 37873 952225 67287271
PT [1 0 42 9 2]
 P 623097 37873 952229 67406578
PT [1 0 43 9 2]
 P 625456 37873 952232 67526878
PT [1 0 44 9 2]
 P 625456 37873 955622 67647178
PT [1 0 45 9 2]
 P 625456 37873 959012 67767478
PT [1 0 46 9 2]
EMPTY QUEUE
 P 627232 37873 959031 67889219
PT [1 0 47 10 2]
 P 627232 37873 962421 68008078
PT [1 0 48 10 2]
 P 629017 37873 962424 68128378
PT [1 0 49 10 2]
 P 629017 37873 965814 68248678
PT [1 0 50 10 2]
 P 629017 37873 969204 68368978
PT [1 0 51 10 2]
EMPTY QUEUE
 P 631341 37873 969222 68490655
PT [1 0 52 11 2]
 P 631341 37873 972612 68609578
PT [1 0 53 11 2]
 P 633607 37873 972615 68729878
PT [1 0 54 11 2]
 P 633607 37873 976005 68850178
PT [1 0 55 11 2]
 P 633607 37873 979395 68970478
PT [1 0 56 11 2]
EMPTY QUEUE
 P 636126 37873 979414 69091579
PT [1 0 57 12 2]
 P 636126 37873 982804 69211078
PT [1 0 58 12 2]
 P 636126 37873 986194 69331378
PT [1 0 59 12 2]
 P 638074 37873 986198 69451678
PT [1 0 60 12 2]
 P 638074 37873 989588 69571978
PT [1 0 61 12 2]
EMPTY QUEUE
 P 639413 37873 989606 69694039
PT [1 0 62 13 2]
 P 639413 37873 992996 69812578
PT [1 0 63 13 2]
 P 639413 37873 996386 69932878
PT [1 0 64 13 2]
 P 639413 37873 999776 70053178
PT [1 0 65 13 2]
 P 640532 37873 999779 70173478
PT [1 0 66 13 2]
EMPTY QUEUE
 P 642610 37873 999796 70295987
PT [1 0 67 14 2]
 P 642610 37873 1003186 70414078
PT [1 0 68 14 2]
 P 642610 37873 1006576 70534378
PT [1 0 69 14 2]
 P 642610 37873 1009966 70654678
PT [1 0 70 14 2]
 P 642610 37873 1013356 70774978
PT [1 0 71 14 2]
 P 644436 37873 1013359 70895278
PT [1 0 72 14 2]
EMPTY QUEUE
 P 646614 37873 1013376 71017723
PT [1 0 73 16 2]
 P 646614 37873 1016766 71135878
PT [1 0 74 16 2]
 P 646614 37873 1020156 71256178
PT [1 0 75 16 2]
 P 646614 37873 1023546 71376478
PT [1 0 76 16 2]
 P 646614 37873 1026936 71496778
PT [1 0 77 16 2]
EMPTY QUEUE
 P 646949 37873 1030335 71618231
PT [1 0 78 17 2]
 P 646949 37873 1033725 71737378
PT [1 0 79 17 2]
 P 649321 37873 1033728 71857678
PT [1 0 80 17 2]
 P 651329 37873 1033737 71977978
PT [1 0 81 17 2]
 P 651329 37873 1037127 72098278
PT [1 0 82 17 2]
EMPTY QUEUE
 P 651666 37873 1040527 72220437
PT [1 0 83 18 2]
 P 651666 37873 1043917 72338878
PT [1 0 84 18 2]
 P 653463 37873 1043921 72459178
PT [1 0 85 18 2]
 P 654547 37873 1043929 72579478
PT [1 0 86 18 2]
 P 654547 37873 1047319 72699778
PT [1 0 87 18 2]
EMPTY QUEUE
 P 654882 37873 1050718 72822127
PT [1 0 88 19 2]
 P 654882 37873 1054108 72940378
PT [1 0 89 19 2]
 P 657641 37873 1054111 73060678
PT [1 0 90 19 2]
 P 658696 37873 1054119 73180978
PT [1 0 91 19 2]
 P 658696 37873 1057509 73301278
PT [1 0 92 19 2]
EMPTY QUEUE
 P 659031 37873 1060909 73423307
PT [1 0 93 20 2]
 P 659031 37873 1064299 73541878
PT [1 0 94 20 2]
 P 659031 37873 1067689 73662178
PT [1 0 95 20 2]
 P 660192 37873 1067693 73782478
PT [1 0 96 20 2]
 P 661603 37873 1067702 73902778
PT [1 0 97 20 2]
EMPTY QUEUE
 P 661939 37873 1071102 74023976
PT [1 0 98 21 2]
 P 661939 37873 1074492 74143378
PT [1 0 99 21 2]
 P 661939 37873 1077882 74263678
PT [1 0 100 21 2]
 P 661939 37873 1081272 74383978
PT [1 0 101 21 2]
 P 663039 37873 1081275 74504278
PT [1 0 102 21 2]
EMPTY QUEUE
 P 665013 37873 1081294 74626179
PT [1 0 103 22 2]
 P 665013 37873 1084684 74744878
PT [1 0 104 22 2]
 P 665013 37873 1088074 74865178
PT [1 0 105 22 2]
 P 665013 37873 1091464 74985478
PT [1 0 106 22 2]
 P 665013 37873 1094854 75105778
PT [1 0 107 22 2]
 P 667587 37873 1094857 75226078
PT [1 0 108 22 2]
EMPTY QUEUE
 P 669148 37873 1094876 75348170
PT [1 0 109 23 2]
 P 669148 37873 1098266 75466678
PT [1 0 110 23 2]
 P 669148 37873 1101656 75586978
PT [1 0 111 23 2]
 P 669148 37873 1105046 75707278
PT [1 0 112 23 2]
 P 669148 37873 1108436 75827578
PT [1 0 113 23 2]
 P 670636 37873 1108439 75947878
PT [1 0 114 23 2]
EMPTY QUEUE
 P 672682 37873 1108458 76069652
PT [1 0 115 25 2]
 P 672682 37873 1111848 76188478
PT [1 0 116 25 2]
 P 672682 37873 1115238 76308778
PT [1 0 117 25 2]
 P 672682 37873 1118628 76429078
PT [1 0 118 25 2]
 P 674620 37873 1118631 76549378
PT [1 0 119 25 2]
EMPTY QUEUE
 P 677534 37873 1118648 76672367
PT [1 0 120 26 2]
 P 677534 37873 1122038 76789978
PT [1 0 121 26 2]
 P 677534 37873 1125428 76910278
PT [1 0 122 26 2]
 P 677534 37873 1128818 77030578
PT [1 0 123 26 2]
 P 679410 37873 1128821 77150878
PT [1 0 124 26 2]
EMPTY QUEUE
 P 681751 37873 1128838 77272523
PT [1 0 125 27 2]
 P 681751 37873 1132228 77391478
PT [1 0 126 27 2]
 P 681751 37873 1135618 77511778
PT [1 0 127 27 2]
 P 681751 37873 1139008 77632078
PT [1 0 128 27 2]
 P 683052 37873 1139011 77752378
PT [1 0 129 27 2]
EMPTY QUEUE
 P 683387 37873 1142411 77874696
PT [1 0 130 28 2]
 P 684853 37873 1142418 77992978
PT [1 0 131 28 2]
 P 684853 37873 1145808 78113278
PT [1 0 132 28 2]
 P 684853 37873 1149198 78233578
PT [1 0 133 28 2]
 P 687116 37873 1149201 78353878
PT [1 0 134 28 2]
EMPTY QUEUE
 P 687451 37873 1152601 78476643
PT [1 0 135 29 2]
 P 688601 37873 1152609 78594478
PT [1 0 136 29 2]
