24745 R 2.0 1 1 409 1
25215 R 3.0 1 2 860 2
25684 R 4.0 1 3 1303 3
26159 R 2.0 2 1 671 4
26631 R 5.0 1 3 2228 5
27566 R 3.0 2 2 2058 6
28035 R 5.0 2 3 2480 7
28511 R 2.0 3 1 1871 8
28977 R 4.0 2 3 3445 9
29448 R 3.0 3 2 2788 10
29918 R 2.0 4 1 2126 11
30386 R 5.0 3 3 3677 12
30859 R 4.0 3 3 4175 13
31795 R 2.0 5 1 2851 14
32265 R 3.0 4 2 4453 15
32734 R 4.0 4 3 4897 16
33208 R 5.0 4 3 5348 17
33675 R 2.0 6 1 3579 18
34144 R 3.0 5 2 5180 19
34614 R 5.0 5 3 5602 20
35090 R 2.0 7 1 3842 21
35555 R 4.0 5 3 6567 22
36027 R 3.0 6 2 5911 23
36497 R 2.0 8 1 4097 24
36964 R 4.0 6 3 6824 25
37433 R 5.0 6 3 7268 26
37908 R 2.0 9 1 4356 27
38372 R 3.0 7 2 7104 28
38843 R 2.0 10 1 4139 29
39312 R 5.0 7 3 7995 30
39786 R 4.0 7 3 8494 31
40259 R 2.0 11 1 4403 32
40722 R 3.0 8 2 8302 33
41198 R 2.0 12 1 4191 34
41665 R 4.0 8 3 9220 35
42138 R 5.0 8 3 9669 36
42608 R 2.0 13 1 4449 37
43077 R 3.0 9 2 9504 38
43544 R 5.0 9 3 9923 39
44016 R 4.0 9 3 10421 40
44487 R 3.0 10 2 9763 41
44956 R 2.0 14 1 4492 42
45422 R 4.0 10 3 10674 43
45895 R 2.0 15 1 4280 44
46366 R 5.0 10 3 11593 45
46834 R 3.0 11 2 10958 46
47301 R 2.0 16 1 4534 47
47774 R 5.0 11 3 11849 48
48245 R 2.0 17 1 4325 49
48713 R 5.0 12 3 11637 50
49188 R 3.0 12 2 11007 51
49653 R 2.0 18 1 4581 52
50123 R 5.0 13 3 11895 53
50592 R 2.0 19 1 4368 54
51067 R 3.0 13 2 11735 55
51531 R 4.0 12 3 14479 56
52002 R 2.0 20 1 4626 57
52471 R 3.0 14 2 11987 58
52945 R 2.0 21 1 4418 59
53410 R 5.0 14 3 14029 60
53881 R 5.0 15 3 13348 61
54349 R 2.0 22 1 4670 62
54824 R 3.0 15 2 12035 63
55297 R 2.0 23 1 4465 64
55759 R 3.0 16 2 11819 65
56236 R 3.0 17 2 11143 66
56703 R 5.0 16 3 15019 67
57175 R 3.0 18 2 10931 68
57646 R 2.0 24 1 4510 69
58111 R 5.0 17 3 15274 70
59050 R 2.0 25 1 4763 71
59520 R 3.0 19 2 12123 72
59991 R 3.0 20 2 11442 73
60930 R 2.0 26 1 5490 74
61400 R 5.0 18 3 17411 75
61875 R 2.0 27 1 5284 76
62341 R 3.0 21 2 12640 77
62813 R 3.0 22 2 11960 78
63282 R 2.0 28 1 5539 79
63750 R 5.0 19 3 18610 80
64224 R 3.0 23 2 12220 81
64687 R 2.0 29 1 4640 82
65165 R 5.0 20 3 18872 83
65633 R 2.0 30 1 4433 84
66098 R 3.0 24 2 12942 85
66570 R 5.0 21 3 19126 86
67040 R 2.0 31 1 4688 87
67979 R 5.0 22 3 19383 88
68449 R 2.0 32 1 4945 89
68924 R 3.0 25 2 13464 90
69390 R 2.0 33 1 4734 91
69862 R 3.0 26 2 13249 92
70798 R 5.0 23 3 21050 93
71268 R 2.0 34 1 5460 94
71744 R 3.0 27 2 13979 95
72209 R 2.0 35 1 5250 96
72681 R 3.0 28 2 13764 97
73151 R 2.0 36 1 5039 98
73618 R 5.0 24 3 22719 99
74092 R 2.0 37 1 4828 100
74556 R 4.0 20 3 28287 101
75033 R 5.0 25 3 22982 102
75501 R 3.0 29 2 13128 103
75967 R 2.0 38 1 4399 104
76438 R 3.0 30 2 12915 105
76908 R 5.0 26 3 23703 106
77376 R 2.0 39 1 4656 107
77850 R 5.0 27 3 23493 108
78321 R 2.0 40 1 4450 109
79259 R 3.0 31 2 17681 110
79732 R 3.0 32 2 12752 111
80196 R 4.0 23 3 30471 112
80666 R 3.0 33 2 11381 113
81141 R 2.0 41 1 4966 114
81607 R 5.0 29 3 24947 115
82079 R 2.0 42 1 4751 116
82548 R 3.0 34 2 12112 117
83016 R 3.0 35 2 11427 118
83490 R 2.0 43 1 5010 119
83961 R 2.0 44 1 4330 120
84431 R 5.0 30 3 26619 121
84899 R 3.0 36 2 12158 122
85364 R 2.0 45 1 4581 123
85836 R 3.0 37 2 11943 124
86306 R 2.0 46 1 4370 125
86781 R 5.0 31 3 27817 126
87247 R 3.0 38 2 12203 127
87719 R 2.0 47 1 4631 128
88188 R 5.0 32 3 28071 129
88656 R 2.0 48 1 4416 130
89130 R 3.0 39 2 12934 131
89593 R 5.0 33 3 28325 132
90071 R 2.0 49 1 4679 133
90539 R 5.0 34 3 28117 134
91004 R 2.0 50 1 4461 135
91480 R 2.0 51 1 3785 136
91945 R 3.0 40 2 22169 137
92414 R 5.0 35 3 28840 138
92889 R 3.0 41 2 12084 139
93353 R 2.0 52 1 4506 140
93824 R 3.0 42 2 11867 141
94293 R 2.0 53 1 4293 142
94767 R 4.0 29 3 34675 143
95240 R 3.0 43 2 12131 144
95703 R 2.0 54 1 4551 145
96179 R 2.0 55 1 3876 146
97119 R 3.0 44 2 17106 147
97589 R 5.0 37 3 31713 148
98058 R 3.0 45 2 12646 149
98994 R 2.0 56 1 5538 150
99463 R 3.0 46 2 12899 151
99939 R 2.0 57 1 5331 152
100405 R 3.0 47 2 12688 153
100876 R 4.0 31 3 36176 154
101346 R 2.0 58 1 5586 155
101814 R 3.0 48 2 12945 156
102287 R 3.0 49 2 12267 157
102751 R 5.0 39 3 32266 158
103229 R 2.0 59 1 5165 159
104163 R 2.0 60 1 4947 160
104633 R 3.0 50 2 13461 161
105573 R 2.0 61 1 5205 162
106042 R 5.0 40 3 33252 163
106516 R 5.0 41 3 31423 164
106981 R 2.0 62 1 5461 165
107452 R 3.0 51 2 13975 166
107920 R 2.0 63 1 5249 167
108862 R 3.0 52 2 14233 168
109332 R 5.0 42 3 33087 169
109807 R 3.0 53 2 14028 170
110273 R 2.0 64 1 5297 171
110745 R 2.0 65 1 4617 172
111214 R 3.0 54 2 14282 173
111682 R 5.0 43 3 34286 174
112156 R 2.0 66 1 4876 175
112620 R 3.0 55 2 14536 176
113097 R 5.0 44 3 34548 177
113565 R 5.0 45 3 32712 178
114031 R 2.0 67 1 4447 179
114502 R 3.0 56 2 12962 180
114972 R 3.0 57 2 12279 181
115440 R 5.0 46 3 31132 182
115913 R 3.0 58 2 12070 183
116385 R 2.0 68 1 4498 184
116854 R 3.0 59 2 11858 185
117793 R 2.0 69 1 9035 186
118264 R 5.0 48 3 29347 187
119200 R 3.0 60 2 11900 188
119670 R 2.0 70 1 5478 189
120146 R 5.0 49 3 28924 190
120611 R 2.0 71 1 5268 191
121083 R 3.0 61 2 12631 192
121553 R 2.0 72 1 5057 193
122020 R 3.0 62 2 12416 194
122494 R 3.0 63 2 11737 195
122958 R 5.0 50 3 29433 196
123430 R 4.0 40 3 36842 197
123899 R 3.0 64 2 11991 198
124373 R 2.0 73 1 4422 199
124838 R 5.0 51 3 30161 200
125309 R 5.0 52 3 29481 201
125777 R 2.0 74 1 4674 202
126252 R 3.0 65 2 12039 203
126725 R 2.0 75 1 4469 204
127659 R 3.0 66 2 12294 205
128129 R 2.0 76 1 4721 206
129069 R 5.0 53 3 30937 207
129538 R 5.0 54 3 29103 208
130009 R 2.0 77 1 5449 209
130479 R 3.0 67 2 12811 210
130948 R 2.0 78 1 5236 211
131422 R 5.0 55 3 29833 212
131889 R 3.0 68 2 13068 213
132357 R 2.0 79 1 5494 214
132832 R 2.0 80 1 4816 215
133297 R 3.0 69 2 13324 216
133769 R 2.0 81 1 4602 217
134241 R 2.0 82 1 3921 218
134711 R 5.0 56 3 30818 219
135178 R 2.0 83 1 3707 220
135652 R 3.0 70 2 14527 221
136116 R 2.0 84 1 3492 222
137057 R 3.0 71 2 14782 223
137527 R 3.0 72 2 14098 224
138003 R 2.0 85 1 4227 225
138469 R 5.0 58 3 29967 226
138940 R 3.0 73 2 14359 227
139410 R 2.0 86 1 4482 228
140351 R 3.0 74 2 19337 229
140815 R 5.0 59 3 31161 230
141293 R 2.0 87 1 5213 231
141760 R 3.0 75 2 14876 232
142226 R 2.0 88 1 4994 233
142698 R 5.0 60 3 30742 234
143167 R 2.0 89 1 4783 235
144109 R 3.0 76 2 17333 236
144580 R 3.0 77 2 11936 237
145049 R 2.0 90 1 5514 238
145516 R 2.0 91 1 4828 239
145989 R 5.0 62 3 31727 240
146459 R 5.0 63 3 29895 241
146928 R 2.0 92 1 5088 242
147395 R 5.0 64 3 29678 243
147870 R 2.0 93 1 4878 244
148336 R 3.0 78 2 13388 245
148808 R 2.0 94 1 4664 246
149277 R 2.0 95 1 3981 247
149745 R 5.0 65 3 30876 248
150219 R 5.0 66 3 29045 249
150690 R 5.0 67 3 26061 250
151160 R 3.0 79 2 12755 251
151628 R 5.0 68 3 25847 252
152095 R 2.0 96 1 4496 253
152564 R 3.0 80 2 13007 254
153039 R 2.0 97 1 4287 255
153503 R 5.0 69 3 26570 256
153974 R 3.0 81 2 12114 257
154443 R 2.0 98 1 4539 258
155384 R 3.0 82 2 12373 259
155854 R 2.0 99 1 4798 260
156330 R 4.0 52 3 38638 261
156795 R 2.0 100 1 4588 262
157267 R 5.0 71 3 24573 263
157737 R 5.0 72 3 23892 264
158205 R 3.0 83 2 11737 265
158678 R 3.0 84 2 11057 266
159142 R 5.0 73 3 36503 267
159620 R 4.0 54 3 36166 268
160087 R 5.0 74 3 23938 269
160553 R 3.0 85 2 10629 270
161025 R 3.0 86 2 9948 271
161494 R 5.0 75 3 24193 272
161962 R 5.0 76 3 23509 273
162437 R 3.0 87 2 9057 274
162908 R 5.0 77 3 23303 275
163376 R 5.0 78 3 22618 276
163847 R 3.0 88 2 9315 277
164314 R 3.0 89 2 8631 278
164788 R 4.0 57 3 33270 279
165252 R 3.0 90 2 8416 280
165722 R 4.0 58 3 34995 281
166197 R 5.0 80 3 20832 282
166663 R 3.0 91 2 8675 283
167135 R 5.0 81 3 20618 284
167604 R 5.0 82 3 19934 285
168072 R 3.0 92 2 8932 286
168546 R 5.0 83 3 19724 287
169017 R 3.0 93 2 8725 288
169487 R 4.0 60 3 28755 289
169955 R 3.0 94 2 8511 290
170420 R 5.0 84 3 20447 291
170892 R 3.0 95 2 7144 292
171362 R 5.0 85 3 19086 293
171837 R 5.0 86 3 18408 294
172303 R 3.0 96 2 7403 295
172772 R 5.0 87 3 18191 296
173241 R 3.0 97 2 7188 297
173715 R 5.0 88 3 17984 298
174180 R 5.0 89 3 16142 299
174651 R 3.0 98 2 7446 300
175119 R 4.0 63 3 27476 301
176067 R 3.0 99 2 10081 302
176529 R 5.0 90 3 17341 303
177471 R 5.0 91 3 17129 304
177940 R 3.0 100 2 8433 305
178416 R 5.0 92 3 16922 306
178882 R 5.0 93 3 16237 307
179354 R 4.0 65 3 27102 308
179823 R 5.0 94 3 23548 309
180291 R 5.0 95 3 15342 310
180765 R 5.0 96 3 14663 311
181228 R 5.0 97 3 13975 312
181705 R 5.0 98 3 13301 313
182172 R 5.0 99 3 12615 314
182643 R 5.0 100 3 11935 315
183109 R 4.0 67 3 26248 316
183581 R 4.0 68 3 25568 317
184050 R 4.0 69 3 23734 318
184518 R 4.0 70 3 23049 319
184992 R 4.0 71 3 20067 320
185464 R 4.0 72 3 18234 321
185933 R 4.0 73 3 17553 322
186399 R 4.0 74 3 14561 323
186872 R 4.0 75 3 13883 324
187343 R 4.0 76 3 12050 325
187811 R 4.0 77 3 11367 326
188278 R 4.0 78 3 10682 327
188751 R 4.0 79 3 10003 328
189221 R 4.0 80 3 9319 329
189690 R 4.0 81 3 8637 330
190160 R 4.0 82 3 7956 331
190628 R 4.0 83 3 7272 332
191102 R 4.0 84 3 6594 333
191573 R 4.0 85 3 5914 334
192043 R 4.0 86 3 5231 335
192511 R 4.0 87 3 4547 336
192977 R 4.0 88 3 3859 337
193449 R 4.0 89 3 3179 338
193917 R 4.0 90 3 2497 339
194388 R 4.0 91 3 1816 340
194862 R 4.0 92 3 1138 341
195326 R 4.0 93 3 451 342
196267 R 4.0 94 3 238 343
199087 R 4.0 95 3 1905 344
200031 R 4.0 96 3 2186 345
200503 R 4.0 97 3 1019 346
200968 R 4.0 98 3 332 347
201910 R 4.0 99 3 122 348
203319 R 4.0 100 3 379 349
