using saved target 'z1'
../../../../contiki/tools/sky/serialdump-linux -b115200 /dev/ttyUSB2
connecting to /dev/ttyUSB2 (115200) [OK]
Rime started with address 3.0
MAC 03:00:00:00:00:00:00:00 Ref ID: 4841
Contiki-3.x-2125-g5d67a61 started. Node id is set to 3.

************************************************
RTIMER_SECOND = 32768. F_CPU=8000000.
CLOCK_SECOND=128.
DURSLOT = 6015.(0.1835 s).
DURSLEEP = 114285.
DURCYCLE = 120300 .(3.6712 s).
MAX_CLOCK_DRIFT = WAKEUP_ADVANCE_TIME = 327 (0.0033 s).
PERIODIC_BCAST_CYCLES_SENSOR = 917507.
PERIODIC_BCAST_CYCLES_SINK = 917507.
MAX_CYCLE_COUNTER = 27904.
MAX_COUNT_NO_RTS_CTS = 65535.
MAX_CHILD_NUM = 10.
MAX_TRY_TO_FIND_PARENT = 3.

**********Below is Related Settings**********
PRIMAC_CONF_COMPOWER = 1.
PRIMAC_CONF_COMPOWER_SUPPORT = 1.
SF = 18.
PRI_SYNC_SUPPORT = 1.
RANDOM_DRIFT_IN_COOJA_SUPPORT = 0.
ADCSC_SUPPORT = 1.
DATA_TX_SUPPORT = 1.
CYCLES_PER_PACKET = 1.
DATA_INTERVAL = 7.
RETX_LIMIT = 6.
TOTAL_DATA_NUM = 50.
MAX_DATA_QUEUE_BUFS = 10.
PROC_GRADE_BASED_ON_ADDR_SUPPORT = 1.
NODES_NUM_PER_GRADE = 2.
ADDRESS_FREE_SUPPORT = 1.
IS_COOJA_SIM = 0.
CROSS_PLATFORM_SUPPORT = 1.
************************************************

My address is 188.0.
nullmac PRIMAC, channel check rate 8 Hz, radio channel 26
Starting
Hello, world
 P 0 0 0 1960126
 P 0 0 3390 2080426
 P 0 0 6780 2200726
 P 0 0 10232 2322824
 P 0 0 13622 2441326
 P 0 0 17012 2561626
 P 0 0 20402 2681926
 P 0 0 23792 2802226
EMPTY QUEUE
 P 210 0 27188 2923391
EMPTY QUEUE
 P 577 0 30588 3043691
PT [1 0 1 3 2]
 P 2683 0 31872 3163126
PT [1 0 2 3 2]
 P 4695 0 33250 3283426
PT [1 0 3 3 2]
 P 4695 0 36640 3403726
PT [1 0 4 3 2]
 P 4695 0 40030 3524026
PT [1 0 5 3 2]
EMPTY QUEUE
 P 5030 0 43429 3645831
PT [1 0 6 4 2]
 P 6313 0 43433 3764626
PT [1 0 7 4 2]
rcv bro rts
 P 7829 0 43472 3884926
PT [1 0 8 4 2]
 P 7829 0 46862 4005226
PT [1 0 9 4 2]
 P 7829 0 50252 4125526
PT [1 0 10 4 2]
EMPTY QUEUE
 P 8164 0 53651 4247779
PT [1 0 11 5 2]
 P 9866 0 53655 4366126
PT [1 0 12 5 2]
 P 12698 0 53662 4486426
PT [1 0 13 5 2]
 P 12698 0 57052 4606726
PT [1 0 14 5 2]
 P 12698 0 60442 4727026
PT [1 0 15 5 2]
EMPTY QUEUE
 P 13033 0 63841 4849215
PT [1 0 16 6 2]
 P 13033 0 67231 4967626
PT [1 0 17 6 2]
 P 14012 0 67239 5087926
PT [1 0 18 6 2]
 P 14012 0 70629 5208226
PT [1 0 19 6 2]
 P 16292 0 70632 5328526
PT [1 0 20 6 2]
EMPTY QUEUE
 P 16627 0 74032 5450139
PT [1 0 21 7 2]
 P 16627 0 77422 5569126
PT [1 0 22 7 2]
 P 19496 0 77431 5689426
PT [1 0 23 7 2]
 P 19496 0 80821 5809726
PT [1 0 24 7 2]
 P 19496 0 84211 5930026
PT [1 0 25 7 2]
 P 20786 0 84215 6050326
PT [1 0 26 7 2]
EMPTY QUEUE
 P 21120 0 87615 6172898
PT [1 0 27 8 2]
 P 23417 0 87623 6290926
PT [1 0 28 8 2]
 P 23417 0 91013 6411226
PT [1 0 29 8 2]
 P 23417 0 94403 6531526
PT [1 0 30 8 2]
 P 25413 0 94406 6651826
PT [1 0 31 8 2]
EMPTY QUEUE
 P 25747 0 97806 6772798
PT [1 0 32 9 2]
 P 26959 0 97814 6892426
PT [1 0 33 9 2]
 P 26959 0 101204 7012726
PT [1 0 34 9 2]
 P 26959 0 104594 7133026
PT [1 0 35 9 2]
 P 29150 0 104598 7253326
PT [1 0 36 9 2]
EMPTY QUEUE
 P 29485 0 107997 7376282
PT [1 0 37 10 2]
 P 31948 0 108006 7493926
PT [1 0 38 10 2]
 P 31948 0 111396 7614226
PT [1 0 39 10 2]
 P 31948 0 114786 7734526
PT [1 0 40 10 2]
 P 31948 0 118176 7854826
PT [1 0 41 10 2]
 P 32956 0 118180 7975126
PT [1 0 42 10 2]
EMPTY QUEUE
 P 34319 0 118197 8097795
PT [1 0 43 12 2]
 P 34319 0 121587 8215726
PT [1 0 44 12 2]
 P 34319 0 124977 8336026
PT [1 0 45 12 2]
 P 34319 0 128367 8456326
PT [1 0 46 12 2]
 P 34319 0 131757 8576626
PT [1 0 47 12 2]
 P 36802 0 131760 8696926
PT [1 0 48 12 2]
 P 39093 0 131763 8817226
PT [1 0 49 12 2]
EMPTY QUEUE
 P 41515 0 131781 8940086
PT [1 0 50 13 2]
 P 41515 0 135171 9057826
PT [1 0 51 13 2]
 P 41515 0 138561 9178126
PT [1 0 52 13 2]
 P 41515 0 141951 9298426
PT [1 0 53 13 2]
 P 43232 0 141954 9418726
PT [1 0 54 13 2]
EMPTY QUEUE
 P 44730 0 141971 9541266
PT [1 0 55 14 2]
 P 44730 0 145361 9659326
PT [1 0 56 14 2]
 P 44730 0 148751 9779626
PT [1 0 57 14 2]
 P 44730 0 152141 9899926
PT [1 0 58 14 2]
 P 47409 0 152144 10020226
PT [1 0 59 14 2]
EMPTY QUEUE
 P 47744 0 155543 10141903
PT [1 0 60 16 2]
 P 48848 0 155551 10260826
PT [1 0 61 16 2]
 P 48848 0 158941 10381126
PT [1 0 62 16 2]
 P 48848 0 162331 10501426
PT [1 0 63 16 2]
 P 49928 0 162335 10621726
PT [1 0 64 16 2]
EMPTY QUEUE
 P 50263 0 165734 10742827
PT [1 0 65 17 2]
 P 52841 0 165743 10862326
PT [1 0 66 17 2]
 P 52841 0 169133 10982626
PT [1 0 67 17 2]
 P 52841 0 172523 11102926
PT [1 0 68 17 2]
 P 53859 0 172526 11223226
PT [1 0 69 17 2]
EMPTY QUEUE
 P 54194 0 175925 11345287
PT [1 0 70 18 2]
 P 55688 0 175933 11463826
PT [1 0 71 18 2]
 P 55688 0 179323 11584126
PT [1 0 72 18 2]
 P 55688 0 182713 11704426
PT [1 0 73 18 2]
 P 58180 0 182716 11824726
PT [1 0 74 18 2]
EMPTY QUEUE
 P 58515 0 186115 11947235
PT [1 0 75 19 2]
 P 60464 0 186118 12065326
PT [1 0 76 19 2]
 P 62520 345 186139 12188012
PT [1 0 77 19 2]
 P 66130 761 186170 12308024
PT [1 0 78 20 2]
 P 66466 833 189571 12426226
PT [1 0 79 20 2]
Warning: data sending process fails.
 P 69581 1170 189696 12547793
PT [1 0 80 20 2]
 P 71881 1314 189723 12666826
PT [1 0 81 20 2]
 P 74698 1478 189742 12789704
PT [1 0 82 20 2]
 P 77336 1550 189757 12907426
PT [1 0 83 20 2]
 P 78854 1894 189778 13029761
PT [1 0 84 21 2]
 P 79189 1966 193180 13148026
PT [1 0 85 21 2]
 P 80676 2309 193201 13270200
PT [1 0 86 21 2]
 P 82867 2381 193218 13388626
PT [1 0 87 21 2]
 P 85060 2725 193237 13510513
PT [1 0 88 22 2]
 P 88000 3141 193273 13629226
PT [1 0 89 22 2]
 P 90288 3486 193294 13752168
PT [1 0 90 22 2]
 P 93386 3903 193330 13869826
PT [1 0 91 22 2]
 P 95613 4247 193350 13991648
PT [1 0 92 23 2]
 P 97601 4663 193381 14111789
PT [1 0 93 23 2]
 P 100696 5008 195977 14230726
PT [1 0 94 23 2]
 P 102829 5351 195998 14352772
PT [1 0 95 23 2]
 P 107867 5838 196047 14471326
PT [1 0 96 23 2]
 P 110176 5838 196050 14591626
PT [1 0 97 23 2]
 P 113176 6183 196071 14713481
PT [1 0 98 24 2]
 P 117901 6946 196123 14834965
PT [1 0 99 25 2]
 P 120586 7018 196146 14952526
PT [1 0 100 24 2]
 P 122480 7018 196149 15072826
PT [1 0 101 24 2]
 P 125611 7362 196170 15194393
PT [1 0 102 25 2]
 P 132312 8194 196239 15313426
PT [1 0 103 25 2]
 P 133779 8537 196260 15434736
PT [1 0 104 25 2]
 P 136576 8810 196271 15554026
PT [1 0 105 25 2]
 P 138782 9154 196291 15677225
PT [1 0 106 26 2]
 P 143113 9714 196351 15794626
PT [1 0 107 26 2]
 P 145415 10059 196372 15917409
PT [1 0 108 26 2]
 P 148057 10331 196384 16035226
PT [1 0 109 26 2]
 P 151353 10674 196406 16156568
PT [1 0 110 27 2]
 P 158655 11506 197683 16275826
PT [1 0 111 27 2]
 P 161727 11850 197704 16398224
PT [1 0 112 27 2]
 P 163718 11994 197731 16516426
PT [1 0 113 27 2]
 P 166729 12338 197751 16638696
PT [1 0 114 28 2]
 P 174108 13096 197805 16757026
PT [1 0 115 28 2]
 P 175455 13441 197825 16879265
PT [1 0 116 28 2]
 P 178390 13859 197861 16997626
PT [1 0 117 28 2]
 P 179962 14204 197881 17119512
PT [1 0 118 28 2]
 P 183477 14620 197914 17238226
PT [1 0 119 28 2]
 P 185346 14620 197917 17358526
PT [1 0 120 28 2]
 P 188552 14964 197938 17481468
PT [1 0 121 29 2]
 P 192124 15725 197990 17600648
PT [1 0 122 29 2]
 P 193784 15797 198005 17719426
PT [1 0 123 29 2]
 P 196353 16142 198025 17841089
PT [1 0 124 30 2]
 P 199586 16558 198059 17960026
PT [1 0 125 30 2]
 P 202124 16901 198080 18081592
PT [1 0 126 30 2]
 P 205134 17319 198114 18200626
PT [1 0 127 31 2]
 P 208026 17664 198134 18322480
PT [1 0 128 31 2]
 P 212538 18424 198186 18443965
PT [1 0 129 31 2]
 P 214824 18768 198206 18563433
PT [1 0 130 31 2]
 P 218147 19184 198239 18683060
PT [1 0 131 31 2]
 P 219907 19256 198254 18802126
PT [1 0 132 31 2]
 P 221237 19256 198257 18922426
PT [1 0 133 31 2]
 P 222852 19601 198278 19045209
PT [1 0 134 32 2]
 P 227050 19947 198304 19163026
PT [1 0 135 33 2]
 P 229915 20291 198324 19285072
PT [1 0 136 32 2]
 P 235716 21124 198390 19403626
PT [1 0 137 33 2]
 P 237944 21124 198393 19523926
PT [1 0 138 33 2]
 P 241100 21468 198413 19646741
PT [1 0 139 34 2]
 P 247770 21956 198475 19764526
PT [1 0 140 33 2]
 P 249679 21956 198478 19884826
PT [1 0 141 33 2]
 P 252837 22300 198498 20006873
PT [1 0 142 34 2]
 P 260069 23391 198538 20125426
PT [1 0 143 34 2]
 P 260404 23463 201940 20247921
PT [1 0 144 34 2]
 P 264305 24168 202021 20367036
PT [1 0 145 34 2]
 P 268520 24928 202072 20488648
PT [1 0 146 35 2]
 P 270399 24928 202075 20606626
PT [1 0 147 35 2]
 P 272666 25272 202096 20728161
PT [1 0 148 35 2]
 P 278136 25416 202131 20847226
PT [1 0 149 35 2]
 P 278136 25416 205521 20967526
PT [1 0 150 35 2]
 P 281299 25762 205541 21090021
PT [1 0 151 36 2]
 P 288601 26865 205620 21208126
PT [1 0 152 36 2]
 P 290133 27209 205640 21331164
PT [1 0 153 36 2]
 P 294998 27969 205694 21449960
PT [1 0 154 36 2]
 P 297666 28386 205725 21571508
PT [1 0 155 37 2]
 P 299900 28386 205729 21689326
PT [1 0 156 37 2]
 P 301688 28386 205732 21809626
PT [1 0 157 37 2]
 P 303959 28730 205753 21931576
PT [1 0 158 37 2]
 P 310978 29563 205821 22050226
PT [1 0 159 37 2]
 P 313637 29906 205842 22171922
PT [1 0 160 39 2]
 P 318155 30323 205877 22290826
PT [1 0 161 38 2]
 P 319496 30323 205880 22411126
PT [1 0 162 38 2]
 P 321733 30323 205883 22531426
PT [1 0 163 38 2]
 P 323594 30668 205902 22652896
PT [1 0 164 39 2]
 P 332042 32115 205994 22773741
PT [1 0 165 39 2]
 P 333872 32530 206027 22893624
PT [1 0 166 39 2]
 P 336540 32602 206043 23012626
PT [1 0 167 39 2]
 P 338932 32946 206063 23134704
PT [1 0 168 39 2]
 P 341852 33362 206094 23255869
PT [1 0 169 40 2]
 P 344118 33706 206114 23375594
PT [1 0 170 39 2]
 P 345260 34051 212097 23494901
PT [1 0 171 39 2]
 P 347731 34467 212130 23616321
PT [1 0 172 39 2]
 P 349971 34467 212133 23734427
PT [1 0 173 39 2]
 P 351955 34467 212136 23854727
PT [1 0 174 39 2]
 P 354286 34812 212157 23977157
PT [1 0 175 40 2]
 P 355952 34812 212160 24095327
PT [1 0 176 40 2]
 P 357964 35157 212180 24217181
PT [1 0 177 40 2]
 P 361194 35501 212201 24338443
PT [1 0 178 41 2]
 P 364076 35501 212204 24456227
PT [1 0 179 41 2]
 P 365963 35847 212224 24577441
PT [1 0 180 41 2]
 P 367501 35847 212228 24696827
PT [1 0 181 41 2]
 P 367501 35847 215618 24817127
PT [1 0 182 41 2]
 P 369581 36192 215639 24940326
PT [1 0 183 42 2]
 P 369581 36192 219029 25057727
PT [1 0 184 42 2]
 P 371342 36538 219050 25180349
PT [1 0 185 42 2]
 P 372691 36538 219054 25298327
PT [1 0 186 42 2]
 P 375670 36883 219073 25419861
PT [1 0 187 43 2]
 P 378395 36883 219076 25538927
PT [1 0 188 43 2]
 P 380031 37227 219097 25660909
PT [1 0 189 43 2]
 P 381157 37227 219100 25779527
PT [1 0 190 43 2]
 P 382219 37227 219103 25899827
PT [1 0 191 43 2]
 P 384050 37573 219124 26021747
PT [1 0 192 44 2]
 P 384050 37573 222514 26140427
PT [1 0 193 44 2]
 P 385292 37845 222525 26261251
PT [1 0 194 44 2]
 P 385629 37917 225927 26382104
PT [1 0 195 47 2]
 P 385629 37917 229317 26501327
PT [1 0 196 47 2]
 P 386981 37917 229321 26621627
PT [1 0 197 47 2]
 P 386981 37917 232711 26741927
PT [1 0 198 47 2]
 P 389729 37917 232720 26862227
PT [1 0 199 47 2]
EMPTY QUEUE
 P 390065 37917 236119 26983553
PT [1 0 200 46 2]
 P 390065 37917 239509 27102827
PT [1 0 201 46 2]
 P 390065 37917 242899 27223127
PT [1 0 202 46 2]
 P 392124 37917 242902 27343427
PT [1 0 203 46 2]
 P 394076 37917 242910 27463727
PT [1 0 204 46 2]
EMPTY QUEUE
 P 394411 37917 246309 27584732
PT [1 0 205 47 2]
 P 394411 37917 249699 27704327
PT [1 0 206 47 2]
 P 394411 37917 253089 27824627
PT [1 0 207 47 2]
 P 394411 37917 256479 27944927
PT [1 0 208 47 2]
 P 396664 37917 256482 28065227
PT [1 0 209 47 2]
EMPTY QUEUE
 P 399564 37917 256499 28187448
PT [1 0 210 48 2]
 P 399564 37917 259889 28305827
PT [1 0 211 48 2]
 P 399564 37917 263279 28426127
PT [1 0 212 48 2]
 P 399564 37917 266669 28546427
PT [1 0 213 48 2]
 P 399564 37917 270059 28666727
PT [1 0 214 48 2]
 P 401499 37917 270062 28787027
PT [1 0 215 48 2]
EMPTY QUEUE
 P 403858 37917 270080 28909952
PT [1 0 216 49 2]
 P 403858 37917 273470 29027627
PT [1 0 217 49 2]
 P 403858 37917 276860 29147927
PT [1 0 218 49 2]
 P 403858 37917 280250 29268227
PT [1 0 219 49 2]
 P 403858 37917 283640 29388527
PT [1 0 220 49 2]
 P 404963 37917 283643 29508827
PT [1 0 221 49 2]
EMPTY QUEUE
 P 407166 37917 283661 29629895
PT [1 0 222 50 2]
 P 407166 37917 287051 29749427
PT [1 0 223 50 2]
 P 407166 37917 290441 29869727
PT [1 0 224 50 2]
 P 407166 37917 293831 29990027
PT [1 0 225 50 2]
 P 407166 37917 297221 30110327
PT [1 0 226 50 2]
 P 408977 37917 297225 30230627
PT [1 0 227 50 2]
EMPTY QUEUE
 P 410896 37917 297244 30353425
PT [1 0 228 52 2]
 P 410896 37917 300634 30471227
PT [1 0 229 52 2]
 P 410896 37917 304024 30591527
PT [1 0 230 52 2]
 P 410896 37917 307414 30711827
PT [1 0 231 52 2]
 P 410896 37917 310804 30832127
PT [1 0 232 52 2]
 P 412902 37917 310807 30952427
PT [1 0 233 52 2]
EMPTY QUEUE
 P 415944 37917 310825 31074391
PT [1 0 234 53 2]
 P 415944 37917 314215 31193027
PT [1 0 235 53 2]
 P 415944 37917 317605 31313327
PT [1 0 236 53 2]
 P 415944 37917 320995 31433627
PT [1 0 237 53 2]
 P 417631 37917 320999 31553927
PT [1 0 238 53 2]
EMPTY QUEUE
 P 420644 37917 321018 31676595
PT [1 0 239 54 2]
 P 423004 37917 321021 31794527
PT [1 0 240 54 2]
 P 423004 37917 324411 31914827
PT [1 0 241 54 2]
 P 423004 37917 327801 32035127
PT [1 0 242 54 2]
 P 423004 37917 331191 32155427
PT [1 0 243 54 2]
EMPTY QUEUE
 P 424678 37917 331209 32278289
PT [1 0 244 55 2]
 P 424678 37917 334599 32396027
PT [1 0 245 55 2]
 P 426464 37917 334603 32516327
PT [1 0 246 55 2]
 P 426464 37917 337993 32636627
PT [1 0 247 55 2]
 P 426464 37917 341383 32756927
PT [1 0 248 55 2]
EMPTY QUEUE
 P 426799 37917 344782 32878668
PT [1 0 249 57 2]
 P 428238 37917 344790 32997527
PT [1 0 250 57 2]
 P 428238 37917 348180 33117827
PT [1 0 251 57 2]
 P 430507 37917 348183 33238127
PT [1 0 252 57 2]
 P 430507 37917 351573 33358427
PT [1 0 253 57 2]
EMPTY QUEUE
 P 430842 37917 354972 33480104
PT [1 0 254 58 2]
 P 430842 37917 358362 33599027
PT [1 0 255 58 2]
 P 433277 37917 358370 33719327
PT [1 0 256 58 2]
 P 433277 37917 361760 33839627
PT [1 0 257 58 2]
 P 434364 37917 361763 33959927
PT [1 0 258 58 2]
 P 436731 37917 361766 34080227
PT [1 0 259 58 2]
EMPTY QUEUE
 P 436800 37917 367728 34203625
PT [1 0 260 58 2]
EMPTY QUEUE
 P 437134 37917 371128 34321659
PT [1 0 261 59 2]
 P 438901 37917 371136 34441127
PT [1 0 262 59 2]
 P 438901 37917 374526 34561427
PT [1 0 263 59 2]
 P 440982 37917 374529 34681727
PT [1 0 264 59 2]
 P 440982 37917 377919 34802027
PT [1 0 265 59 2]
EMPTY QUEUE
 P 441316 37917 381319 34923351
PT [1 0 266 60 2]
 P 441316 37917 384709 35042627
PT [1 0 267 60 2]
 P 441316 37917 388099 35162927
PT [1 0 268 60 2]
 P 444112 37917 388107 35283227
PT [1 0 269 60 2]
 P 445267 37917 388110 35403527
PT [1 0 270 60 2]
EMPTY QUEUE
 P 445602 37917 391509 35524531
PT [1 0 271 61 2]
 P 445602 37917 394899 35644127
PT [1 0 272 61 2]
 P 445602 37917 398289 35764427
PT [1 0 273 61 2]
 P 446801 37917 398297 35884727
PT [1 0 274 61 2]
 P 446801 37917 401687 36005027
PT [1 0 275 61 2]
 P 447927 37917 401690 36125327
PT [1 0 276 61 2]
EMPTY QUEUE
 P 448262 37917 405089 36247548
PT [1 0 277 63 2]
 P 448262 37917 408479 36365927
PT [1 0 278 63 2]
 P 448262 37917 411869 36486227
PT [1 0 279 63 2]
 P 449433 37917 411877 36606527
PT [1 0 280 63 2]
 P 449433 37917 415267 36726827
PT [1 0 281 63 2]
 P 451425 37917 415273 36847127
PT [1 0 282 63 2]
EMPTY QUEUE
 P 451759 37917 418673 36970051
PT [1 0 283 64 2]
 P 451759 37917 422063 37087727
PT [1 0 284 64 2]
 P 453637 37917 422072 37208027
PT [1 0 285 64 2]
 P 453637 37917 425462 37328327
PT [1 0 286 64 2]
 P 453637 37917 428852 37448627
PT [1 0 287 64 2]
 P 455567 37917 428855 37568927
PT [1 0 288 64 2]
EMPTY QUEUE
 P 455903 37917 432254 37689996
PT [1 0 289 65 2]
 P 457882 37917 432261 37809527
PT [1 0 290 65 2]
 P 457882 37917 435651 37929827
PT [1 0 291 65 2]
 P 457882 37917 439041 38050127
PT [1 0 292 65 2]
 P 457882 37917 442431 38170427
PT [1 0 293 65 2]
 P 460806 37917 442434 38290727
PT [1 0 294 65 2]
EMPTY QUEUE
 P 461141 37917 445833 38413524
PT [1 0 295 67 2]
 P 461141 37917 449223 38531327
PT [1 0 296 67 2]
 P 463285 37917 449230 38651627
PT [1 0 297 67 2]
 P 463285 37917 452620 38771927
PT [1 0 298 67 2]
 P 463285 37917 456010 38892227
PT [1 0 299 67 2]
 P 465539 37917 456014 39012527
PT [1 0 300 67 2]
EMPTY QUEUE
 P 465550 37917 459406 39134160
PT [1 0 301 67 2]
EMPTY QUEUE
 P 467102 37917 459424 39254631
PT [1 0 302 68 2]
 P 467102 37917 462814 39373427
PT [1 0 303 68 2]
 P 467102 37917 466204 39493727
PT [1 0 304 68 2]
 P 467102 37917 469594 39614027
PT [1 0 305 68 2]
 P 468559 37917 469597 39734327
PT [1 0 306 68 2]
EMPTY QUEUE
 P 469759 37917 469608 39856248
PT [1 0 307 68 2]
EMPTY QUEUE
 P 470094 37917 473007 39975760
PT [1 0 308 70 2]
 P 470094 37917 476397 40095227
PT [1 0 309 70 2]
 P 470094 37917 479787 40215527
PT [1 0 310 70 2]
 P 472768 37917 479791 40335827
PT [1 0 311 70 2]
 P 474314 37917 479799 40456127
PT [1 0 312 70 2]
EMPTY QUEUE
 P 474649 37917 483198 40577452
PT [1 0 313 71 2]
 P 474649 37917 486588 40696727
PT [1 0 314 71 2]
 P 474649 37917 489978 40817027
PT [1 0 315 71 2]
 P 475981 37917 489981 40937327
PT [1 0 316 71 2]
 P 475981 37917 493371 41057627
PT [1 0 317 71 2]
EMPTY QUEUE
 P 478313 37917 493390 41178632
PT [1 0 318 72 2]
 P 478313 37917 496780 41298227
PT [1 0 319 72 2]
 P 478313 37917 500170 41418527
PT [1 0 320 72 2]
 P 479839 37917 500173 41538827
PT [1 0 321 72 2]
 P 479839 37917 503563 41659127
PT [1 0 322 72 2]
EMPTY QUEUE
 P 482110 37917 503582 41781347
PT [1 0 323 73 2]
 P 482110 37917 506972 41899727
PT [1 0 324 73 2]
 P 482110 37917 510362 42020027
PT [1 0 325 73 2]
 P 483478 37917 510365 42140327
PT [1 0 326 73 2]
 P 483478 37917 513755 42260627
PT [1 0 327 73 2]
EMPTY QUEUE
 P 485177 37917 513773 42383551
PT [1 0 328 74 2]
 P 485177 37917 517163 42501227
PT [1 0 329 74 2]
 P 485177 37917 520553 42621527
PT [1 0 330 74 2]
 P 488019 37917 520556 42741827
PT [1 0 331 74 2]
 P 488019 37917 523946 42862127
PT [1 0 332 74 2]
EMPTY QUEUE
 P 490093 37917 523963 42983196
PT [1 0 333 75 2]
 P 490093 37917 527353 43102727
PT [1 0 334 75 2]
 P 490093 37917 530743 43223027
PT [1 0 335 75 2]
 P 491849 37917 530746 43343327
PT [1 0 336 75 2]
 P 491849 37917 534136 43463627
PT [1 0 337 75 2]
EMPTY QUEUE
 P 493604 37917 534155 43586423
PT [1 0 338 76 2]
 P 493604 37917 537545 43704227
PT [1 0 339 76 2]
 P 493604 37917 540935 43824527
PT [1 0 340 76 2]
 P 493604 37917 544325 43944827
PT [1 0 341 76 2]
 P 494562 37917 544328 44065127
PT [1 0 342 76 2]
EMPTY QUEUE
 P 494897 37917 547727 44188083
PT [1 0 343 77 2]
 P 497538 37917 547736 44305727
PT [1 0 344 77 2]
 P 497538 37917 551126 44426027
PT [1 0 345 77 2]
 P 497538 37917 554516 44546327
PT [1 0 346 77 2]
 P 497538 37917 557906 44666627
PT [1 0 347 77 2]
 P 499106 37917 557909 44786927
PT [1 0 348 77 2]
EMPTY QUEUE
 P 499441 37917 561309 44909308
PT [1 0 349 79 2]
 P 500390 37917 561318 45027527
PT [1 0 350 79 2]
 P 500390 37917 564708 45147827
PT [1 0 351 79 2]
 P 500390 37917 568098 45268127
PT [1 0 352 79 2]
 P 500390 37917 571488 45388427
PT [1 0 353 79 2]
 P 501416 37917 571491 45508727
PT [1 0 354 79 2]
EMPTY QUEUE
 P 502927 37917 571509 45631587
PT [1 0 355 80 2]
 P 502927 37917 574899 45749327
PT [1 0 356 80 2]
 P 502927 37917 578289 45869627
PT [1 0 357 80 2]
 P 502927 37917 581679 45989927
PT [1 0 358 80 2]
 P 502927 37917 585069 46110227
PT [1 0 359 80 2]
 P 505683 37917 585073 46230527
PT [1 0 360 80 2]
EMPTY QUEUE
 P 508832 37917 585090 46353068
PT [1 0 361 82 2]
 P 508832 37917 588480 46471127
PT [1 0 362 82 2]
 P 508832 37917 591870 46591427
PT [1 0 363 82 2]
 P 508832 37917 595260 46711727
PT [1 0 364 82 2]
 P 508832 37917 598650 46832027
PT [1 0 365 82 2]
 P 510759 37917 598653 46952327
PT [1 0 366 82 2]
EMPTY QUEUE
 P 512343 37917 598670 47074036
PT [1 0 367 83 2]
 P 514750 37917 598674 47192927
PT [1 0 368 83 2]
 P 514750 37917 602064 47313227
PT [1 0 369 83 2]
 P 514750 37917 605454 47433527
PT [1 0 370 83 2]
 P 514750 37917 608844 47553827
PT [1 0 371 83 2]
EMPTY QUEUE
 P 515085 37917 612244 47674928
PT [1 0 372 84 2]
 P 516918 37917 612247 47794427
PT [1 0 373 84 2]
 P 519004 37917 612255 47914727
PT [1 0 374 84 2]
 P 519004 37917 615645 48035027
PT [1 0 375 84 2]
 P 519004 37917 619035 48155327
PT [1 0 376 84 2]
EMPTY QUEUE
 P 519338 37917 622435 48277387
PT [1 0 377 85 2]
 P 522133 37917 622438 48395927
PT [1 0 378 85 2]
 P 523294 37917 622446 48516227
PT [1 0 379 85 2]
 P 523294 37917 625836 48636527
PT [1 0 380 85 2]
 P 523294 37917 629226 48756827
PT [1 0 381 85 2]
EMPTY QUEUE
 P 523628 37917 632626 48879335
PT [1 0 382 86 2]
 P 523628 37917 636016 48997427
PT [1 0 383 86 2]
 P 524825 37917 636020 49117727
PT [1 0 384 86 2]
 P 525958 37917 636028 49238027
PT [1 0 385 86 2]
 P 525958 37917 639418 49358327
PT [1 0 386 86 2]
EMPTY QUEUE
 P 526292 37917 642818 49480771
PT [1 0 387 87 2]
 P 526292 37917 646208 49598927
PT [1 0 388 87 2]
 P 526292 37917 649598 49719227
PT [1 0 389 87 2]
 P 527428 37917 649601 49839527
PT [1 0 390 87 2]
 P 528918 37917 649609 49959827
PT [1 0 391 87 2]
EMPTY QUEUE
 P 529253 37917 653008 50081695
PT [1 0 392 88 2]
 P 529253 37917 656398 50200427
PT [1 0 393 88 2]
 P 529253 37917 659788 50320727
PT [1 0 394 88 2]
 P 531862 37917 659792 50441027
PT [1 0 395 88 2]
 P 531862 37917 663182 50561327
PT [1 0 396 88 2]
EMPTY QUEUE
 P 533590 37917 663193 50683824
PT [1 0 397 88 2]
EMPTY QUEUE
 P 533925 37917 666592 50802760
PT [1 0 398 90 2]
 P 533925 37917 669982 50922227
PT [1 0 399 90 2]
 P 535449 37917 669986 51042527
PT [1 0 400 90 2]
 P 535449 37917 673376 51162827
PT [1 0 401 90 2]
 P 538386 37917 673384 51283127
PT [1 0 402 90 2]
EMPTY QUEUE
 P 538721 37917 676784 51404452
PT [1 0 403 91 2]
 P 538721 37917 680174 51523727
PT [1 0 404 91 2]
 P 540694 37917 680177 51644027
PT [1 0 405 91 2]
 P 540694 37917 683567 51764327
PT [1 0 406 91 2]
 P 542290 37917 683575 51884627
PT [1 0 407 91 2]
EMPTY QUEUE
 P 542624 37917 686975 52005631
PT [1 0 408 92 2]
 P 542624 37917 690365 52125227
PT [1 0 409 92 2]
 P 544949 37917 690371 52245527
PT [1 0 410 92 2]
 P 544949 37917 693761 52365827
PT [1 0 411 92 2]
 P 544949 37917 697151 52486127
PT [1 0 412 92 2]
EMPTY QUEUE
 P 548003 37917 697169 52608347
PT [1 0 413 93 2]
 P 548003 37917 700559 52726727
PT [1 0 414 93 2]
 P 548003 37917 703949 52847027
PT [1 0 415 93 2]
 P 549628 37917 703952 52967327
PT [1 0 416 93 2]
 P 549628 37917 707342 53087627
PT [1 0 417 93 2]
EMPTY QUEUE
 P 549962 37917 710742 53209239
PT [1 0 418 94 2]
 P 552654 37917 710751 53328227
PT [1 0 419 94 2]
 P 552654 37917 714141 53448527
PT [1 0 420 94 2]
 P 552654 37917 717531 53568827
PT [1 0 421 94 2]
 P 555401 37917 717535 53689127
PT [1 0 422 94 2]
EMPTY QUEUE
 P 555736 37917 720934 53811699
PT [1 0 423 95 2]
 P 555736 37917 724324 53929727
PT [1 0 424 95 2]
 P 556736 37917 724333 54050027
PT [1 0 425 95 2]
 P 556736 37917 727723 54170327
PT [1 0 426 95 2]
 P 556736 37917 731113 54290627
PT [1 0 427 95 2]
 P 559454 37917 731116 54410927
PT [1 0 428 95 2]
EMPTY QUEUE
 P 559465 37917 734508 54531568
PT [1 0 429 95 2]
EMPTY QUEUE
 P 561028 37917 734526 54653032
PT [1 0 430 97 2]
 P 561028 37917 737916 54771827
PT [1 0 431 97 2]
 P 561028 37917 741306 54892127
PT [1 0 432 97 2]
 P 561028 37917 744696 55012427
PT [1 0 433 97 2]
 P 562052 37917 744699 55132727
PT [1 0 434 97 2]
EMPTY QUEUE
 P 565249 37917 744717 55254979
PT [1 0 435 98 2]
 P 565249 37917 748107 55373327
PT [1 0 436 98 2]
 P 565249 37917 751497 55493627
PT [1 0 437 98 2]
 P 565249 37917 754887 55613927
PT [1 0 438 98 2]
 P 566723 37917 754890 55734227
PT [1 0 439 98 2]
EMPTY QUEUE
 P 567057 37917 758290 55855231
PT [1 0 440 99 2]
 P 568356 37917 758298 55974827
PT [1 0 441 99 2]
 P 568356 37917 761688 56095127
PT [1 0 442 99 2]
 P 568356 37917 765078 56215427
PT [1 0 443 99 2]
 P 569799 37917 765082 56335727
PT [1 0 444 99 2]
EMPTY QUEUE
 P 570133 37917 768482 56457947
PT [1 0 445 100 2]
 P 571118 37917 768490 56576327
PT [1 0 446 100 2]
 P 571118 37917 771880 56696627
PT [1 0 447 100 2]
 P 571118 37917 775270 56816927
PT [1 0 448 100 2]
 P 573267 37917 775273 56937227
PT [1 0 449 100 2]
EMPTY QUEUE
 P 573602 37917 778672 57060151
PT [1 0 450 101 2]
 P 575805 37917 778679 57177827
PT [1 0 451 101 2]
 P 575805 37917 782069 57298127
PT [1 0 452 101 2]
 P 575805 37917 785459 57418427
PT [1 0 453 101 2]
 P 577028 37917 785462 57538727
PT [1 0 454 101 2]
EMPTY QUEUE
 P 577363 37917 788861 57659796
PT [1 0 455 103 2]
 P 579920 37917 788870 57779327
PT [1 0 456 103 2]
 P 579920 37917 792260 57899627
PT [1 0 457 103 2]
 P 579920 37917 795650 58019927
PT [1 0 458 103 2]
 P 581081 37917 795653 58140227
PT [1 0 459 103 2]
EMPTY QUEUE
 P 581416 37917 799052 58263024
PT [1 0 460 104 2]
 P 584201 37917 799060 58380827
PT [1 0 461 104 2]
 P 584201 37917 802450 58501127
PT [1 0 462 104 2]
 P 584201 37917 805840 58621427
PT [1 0 463 104 2]
 P 586644 37917 805843 58741727
PT [1 0 464 104 2]
EMPTY QUEUE
 P 586979 37917 809242 58863692
PT [1 0 465 105 2]
 P 588936 37917 809250 58982327
PT [1 0 466 105 2]
 P 588936 37917 812640 59102627
PT [1 0 467 105 2]
 P 588936 37917 816030 59222927
PT [1 0 468 105 2]
 P 590805 37917 816033 59343227
PT [1 0 469 105 2]
EMPTY QUEUE
 P 591140 37917 819433 59465896
PT [1 0 470 106 2]
 P 591140 37917 822823 59583827
PT [1 0 471 106 2]
 P 592425 37917 822831 59704127
PT [1 0 472 106 2]
 P 595250 37917 822839 59824427
PT [1 0 473 106 2]
 P 596705 37917 822842 59944727
PT [1 0 474 106 2]
EMPTY QUEUE
 P 597040 37917 826242 60066532
PT [1 0 475 107 2]
 P 597040 37917 829632 60185327
PT [1 0 476 107 2]
 P 597040 37917 833022 60305627
PT [1 0 477 107 2]
 P 598268 37917 833031 60425927
PT [1 0 478 107 2]
 P 598268 37917 836421 60546227
PT [1 0 479 107 2]
 P 600429 37917 836424 60666527
PT [1 0 480 107 2]
EMPTY QUEUE
 P 600763 37917 839824 60788779
PT [1 0 481 108 2]
 P 600763 37917 843214 60907127
PT [1 0 482 108 2]
 P 601931 37917 843222 61027427
PT [1 0 483 108 2]
 P 601931 37917 846612 61147727
PT [1 0 484 108 2]
 P 601931 37917 850002 61268027
PT [1 0 485 108 2]
 P 604286 37917 850005 61388327
PT [1 0 486 108 2]
EMPTY QUEUE
 P 604621 37917 853404 61510516
PT [1 0 1 0 2]
 P 606419 37917 853411 61629037
PT [1 0 2 0 2]
 P 607866 37917 853418 61749337
PT [1 0 3 0 2]
 P 607866 37917 856808 61869637
PT [1 0 4 0 2]
 P 607866 37917 860198 61989937
PT [1 0 5 0 2]
 P 609793 37917 860201 62110237
PT [1 0 6 0 2]
EMPTY QUEUE
 P 610127 37917 863601 62233161
PT [1 0 7 1 2]
 P 611800 37917 863609 62350837
PT [1 0 8 1 2]
 P 611800 37917 866999 62471137
PT [1 0 9 1 2]
 P 611800 37917 870389 62591437
PT [1 0 10 1 2]
 P 611800 37917 873779 62711737
PT [1 0 11 1 2]
 P 612897 37917 873783 62832037
PT [1 0 12 1 2]
EMPTY QUEUE
 P 614491 37917 873802 62953009
PT [1 0 13 2 2]
 P 614491 37917 877192 63072637
PT [1 0 14 2 2]
 P 614491 37917 880582 63192937
PT [1 0 15 2 2]
 P 614491 37917 883972 63313237
PT [1 0 16 2 2]
 P 614491 37917 887362 63433537
PT [1 0 17 2 2]
 P 616295 37917 887365 63553837
PT [1 0 18 2 2]
EMPTY QUEUE
 P 618375 37917 887382 63676794
PT [1 0 19 4 2]
 P 618375 37917 890772 63794437
PT [1 0 20 4 2]
 P 618375 37917 894162 63914737
PT [1 0 21 4 2]
 P 618375 37917 897552 64035037
PT [1 0 22 4 2]
 P 618375 37917 900942 64155337
PT [1 0 23 4 2]
 P 620373 37917 900945 64275637
PT [1 0 24 4 2]
EMPTY QUEUE
 P 623323 37917 900963 64398019
PT [1 0 25 5 2]
 P 623323 37917 904353 64516237
PT [1 0 26 5 2]
 P 623323 37917 907743 64636537
PT [1 0 27 5 2]
 P 623323 37917 911133 64756837
PT [1 0 28 5 2]
 P 623323 37917 914523 64877137
PT [1 0 29 5 2]
 P 625003 37917 914526 64997437
PT [1 0 30 5 2]
EMPTY QUEUE
 P 627380 37917 914543 65118729
PT [1 0 31 6 2]
 P 627380 37917 917933 65238037
PT [1 0 32 6 2]
 P 627380 37917 921323 65358337
PT [1 0 33 6 2]
 P 627380 37917 924713 65478637
PT [1 0 34 6 2]
 P 627380 37917 928103 65598937
PT [1 0 35 6 2]
 P 630278 37917 928106 65719237
PT [1 0 36 6 2]
EMPTY QUEUE
 P 632114 37917 928123 65840978
PT [1 0 37 8 2]
 P 632114 37917 931513 65959837
PT [1 0 38 8 2]
 P 632114 37917 934903 66080137
PT [1 0 39 8 2]
 P 632114 37917 938293 66200437
PT [1 0 40 8 2]
 P 632114 37917 941683 66320737
PT [1 0 41 8 2]
 P 633670 37917 941686 66441037
PT [1 0 42 8 2]
EMPTY QUEUE
 P 635189 37917 941704 66562713
PT [1 0 43 9 2]
 P 635189 37917 945094 66681637
PT [1 0 44 9 2]
 P 635189 37917 948484 66801937
PT [1 0 45 9 2]
 P 635189 37917 951874 66922237
PT [1 0 46 9 2]
 P 635189 37917 955264 67042537
PT [1 0 47 9 2]
 P 636940 37917 955267 67162837
PT [1 0 48 9 2]
EMPTY QUEUE
 P 640095 37917 955285 67283937
PT [1 0 49 10 2]
 P 640095 37917 958675 67403437
PT [1 0 50 10 2]
 P 640095 37917 962065 67523737
PT [1 0 51 10 2]
 P 640095 37917 965455 67644037
PT [1 0 52 10 2]
 P 640095 37917 968845 67764337
PT [1 0 53 10 2]
 P 641528 37917 968848 67884637
PT [1 0 54 10 2]
EMPTY QUEUE
 P 643121 37917 968865 68006698
PT [1 0 55 12 2]
 P 643121 37917 972255 68125237
PT [1 0 56 12 2]
 P 643121 37917 975645 68245537
PT [1 0 57 12 2]
 P 643121 37917 979035 68365837
PT [1 0 58 12 2]
 P 643121 37917 982425 68486137
PT [1 0 59 12 2]
 P 645772 37917 982428 68606437
PT [1 0 60 12 2]
EMPTY QUEUE
 P 648232 37917 982446 68728945
PT [1 0 61 13 2]
 P 648232 37917 985836 68847037
PT [1 0 62 13 2]
 P 648232 37917 989226 68967337
PT [1 0 63 13 2]
 P 648232 37917 992616 69087637
PT [1 0 64 13 2]
 P 648232 37917 996006 69207937
PT [1 0 65 13 2]
 P 649541 37917 996009 69328237
PT [1 0 66 13 2]
EMPTY QUEUE
 P 652740 37917 996027 69450681
PT [1 0 67 14 2]
 P 652740 37917 999417 69568837
PT [1 0 68 14 2]
 P 652740 37917 1002807 69689137
PT [1 0 69 14 2]
 P 652740 37917 1006197 69809437
PT [1 0 70 14 2]
 P 652740 37917 1009587 69929737
PT [1 0 71 14 2]
 P 654245 37917 1009590 70050037
PT [1 0 72 14 2]
EMPTY QUEUE
 P 655498 37917 1009607 70171906
PT [1 0 73 16 2]
 P 655498 37917 1012997 70290637
PT [1 0 74 16 2]
 P 655498 37917 1016387 70410937
PT [1 0 75 16 2]
 P 655498 37917 1019777 70531237
PT [1 0 76 16 2]
 P 656683 37917 1019780 70651537
PT [1 0 77 16 2]
EMPTY QUEUE
 P 657018 37917 1023179 70773694
PT [1 0 78 17 2]
 P 658932 37917 1023187 70892137
PT [1 0 79 17 2]
 P 658932 37917 1026577 71012437
PT [1 0 80 17 2]
 P 658932 37917 1029967 71132737
PT [1 0 81 17 2]
 P 661335 37917 1029970 71253037
PT [1 0 82 17 2]
EMPTY QUEUE
 P 661671 37917 1033370 71375387
PT [1 0 83 18 2]
 P 661671 37917 1036760 71493637
PT [1 0 84 18 2]
 P 664292 37917 1036769 71613937
PT [1 0 85 18 2]
 P 664292 37917 1040159 71734237
PT [1 0 86 18 2]
 P 666025 37917 1040162 71854537
PT [1 0 87 18 2]
EMPTY QUEUE
 P 666359 37917 1043562 71976565
PT [1 0 88 19 2]
 P 666359 37917 1046952 72095137
PT [1 0 89 19 2]
 P 666359 37917 1050342 72215437
PT [1 0 90 19 2]
 P 669176 37917 1050351 72335737
PT [1 0 91 19 2]
 P 670111 37917 1050354 72456037
PT [1 0 92 19 2]
EMPTY QUEUE
 P 670446 37917 1053754 72577234
PT [1 0 93 20 2]
 P 670446 37917 1057144 72696637
PT [1 0 94 20 2]
 P 670446 37917 1060534 72816937
PT [1 0 95 20 2]
 P 672944 37917 1060542 72937237
PT [1 0 96 20 2]
 P 675734 37917 1060551 73057537
PT [1 0 97 20 2]
 P 677822 37917 1060557 73177837
PT [1 0 98 20 2]
EMPTY QUEUE
 P 678157 37917 1063956 73299641
PT [1 0 99 21 2]
 P 678157 37917 1067346 73418437
PT [1 0 100 21 2]
 P 678157 37917 1070736 73538737
PT [1 0 101 21 2]
 P 679350 37917 1070744 73659037
PT [1 0 102 21 2]
 P 679350 37917 1074134 73779337
PT [1 0 103 21 2]
 P 681857 37917 1074137 73899637
PT [1 0 104 21 2]
EMPTY QUEUE
 P 682192 37917 1077536 74021890
PT [1 0 105 23 2]
 P 682192 37917 1080926 74140237
PT [1 0 106 23 2]
 P 683325 37917 1080933 74260537
PT [1 0 107 23 2]
 P 683325 37917 1084323 74380837
PT [1 0 108 23 2]
 P 683325 37917 1087713 74501137
PT [1 0 109 23 2]
 P 684234 37917 1087717 74621437
PT [1 0 110 23 2]
EMPTY QUEUE
 P 684568 37917 1091117 74743625
PT [1 0 111 24 2]
 P 686441 37917 1091125 74862037
PT [1 0 112 24 2]
 P 686441 37917 1094515 74982337
PT [1 0 113 24 2]
 P 686441 37917 1097905 75102637
PT [1 0 114 24 2]
 P 686441 37917 1101295 75222937
PT [1 0 115 24 2]
 P 689338 37917 1101298 75343237
PT [1 0 116 24 2]
EMPTY QUEUE
 P 691645 37917 1101315 75466161
PT [1 0 117 25 2]
 P 691645 37917 1104705 75583837
PT [1 0 118 25 2]
 P 691645 37917 1108095 75704137
PT [1 0 119 25 2]
 P 691645 37917 1111485 75824437
PT [1 0 120 25 2]
 P 691645 37917 1114875 75944737
PT [1 0 121 25 2]
 P 693967 37917 1114878 76065037
PT [1 0 122 25 2]
EMPTY QUEUE
 P 697269 37917 1114895 76186106
PT [1 0 123 27 2]
 P 697269 37917 1118285 76305637
PT [1 0 124 27 2]
 P 697269 37917 1121675 76425937
PT [1 0 125 27 2]
 P 697269 37917 1125065 76546237
PT [1 0 126 27 2]
 P 697269 37917 1128455 76666537
PT [1 0 127 27 2]
 P 698505 37917 1128458 76786837
PT [1 0 128 27 2]
EMPTY QUEUE
 P 701138 37917 1128476 76909633
PT [1 0 129 28 2]
 P 701138 37917 1131866 77027437
PT [1 0 130 28 2]
 P 701138 37917 1135256 77147737
PT [1 0 131 28 2]
 P 701138 37917 1138646 77268037
PT [1 0 132 28 2]
 P 702824 37917 1138649 77388337
PT [1 0 133 28 2]
EMPTY QUEUE
 P 703158 37917 1142049 77511293
PT [1 0 134 29 2]
 P 705909 37917 1142057 77628937
PT [1 0 135 29 2]
 P 705909 37917 1145447 77749237
PT [1 0 136 29 2]
 P 705909 37917 1148837 77869537
PT [1 0 137 29 2]
 P 707533 37917 1148840 77989837
PT [1 0 138 29 2]
EMPTY QUEUE
 P 707868 37917 1152240 78112218
PT [1 0 139 30 2]
 P 710558 37917 1152249 78230437
PT [1 0 140 30 2]
 P 710558 37917 1155639 78350737
PT [1 0 141 30 2]
 P 710558 37917 1159029 78471037
PT [1 0 142 30 2]
 P 711607 37917 1159033 78591337
PT [1 0 143 30 2]
