374101014 1 47827 R 2.0 1 1 374 1
377797114 1 48300 R 37.0 1 1 858 2
381440362 1 48766 R 36.0 1 1 1360 3
385125454 1 49238 R 22.0 1 2 1806 4
388792286 1 49707 R 49.0 1 2 2354 5
392454619 1 50176 R 36.0 2 1 1490 6
396132716 1 50647 R 2.0 2 1 1914 7
399808200 1 51117 R 22.0 2 2 2405 8
407148570 1 52057 R 49.0 2 2 3424 9
410818009 1 52526 R 2.0 3 1 2514 10
414483365 1 52996 R 39.0 1 4 5547 11
418162640 1 53466 R 47.0 1 2 6110 12
421836356 1 53937 R 36.0 3 1 3971 13
425503180 1 54406 R 47.0 2 2 5768 14
429176263 1 54876 R 36.0 4 1 3630 15
432836937 1 55345 R 30.0 2 3 6661 16
436518821 1 55816 R 2.0 4 1 4523 17
440188211 1 56286 R 18.0 2 3 7532 18
443851218 1 56755 R 36.0 5 1 4227 19
447532724 1 57226 R 49.0 3 2 7313 20
451194142 1 57695 R 36.0 6 1 3887 21
454875111 1 58166 R 2.0 5 1 5593 22
458544541 1 58635 R 18.0 3 3 8601 23
462208519 1 59104 R 14.0 1 5 11635 24
465896424 1 59576 R 22.0 3 2 9584 25
469558042 1 60045 R 36.0 7 1 4958 26
473231550 1 60515 R 49.0 4 2 9323 27
476900746 1 60985 R 2.0 6 1 7132 28
480576467 1 61455 R 39.0 2 4 12727 29
484245375 1 61925 R 49.0 5 2 9452 30
487914543 1 62395 R 2.0 7 1 7262 31
491579671 1 62864 R 36.0 8 1 6497 32
495259375 1 63335 R 44.0 1 2 15862 33
498932708 1 63805 R 36.0 9 1 6158 34
502599660 1 64274 R 2.0 8 1 7862 35
509944435 1 65215 R 18.0 5 3 12620 36
513613743 1 65684 R 49.0 6 2 11932 37
517289539 1 66155 R 2.0 9 1 8462 38
520984869 1 66628 R 37.0 3 1 16626 39
528290573 1 67563 R 14.0 2 5 18814 40
531972018 1 68034 R 18.0 6 3 14160 41
535641295 1 68504 R 49.0 7 2 13471 42
539315809 1 68974 R 36.0 10 1 10047 43
542985902 1 69444 R 2.0 10 1 10471 44
546698472 1 69919 R 37.0 4 1 18637 45
550326429 1 70383 R 33.0 1 3 22935 46
553992075 1 70853 R 37.0 5 1 18291 47
557662008 1 71322 R 22.0 5 2 18770 48
561332688 1 71792 R 37.0 6 1 17950 49
565004762 1 72262 R 30.0 3 3 22297 50
568684672 1 72733 R 18.0 7 3 17579 51
572353944 1 73203 R 49.0 8 2 16890 52
576018715 1 73672 R 32.0 1 2 26265 53
579707059 1 74144 R 22.0 6 2 20312 54
583396384 1 74616 R 37.0 7 1 19495 55
587033460 1 75082 R 29.0 3 2 25063 56
590701291 1 75551 R 14.0 3 5 25523 57
594383489 1 76023 R 18.0 8 3 19588 58
598052802 1 76492 R 44.0 2 2 27740 59
601769016 1 76968 R 44.0 3 2 26936 60
605407050 1 77434 R 18.0 9 3 19719 61
609069208 1 77902 R 22.0 7 2 22790 62
616401203 1 78841 R 30.0 4 3 27597 63
620086295 1 79313 R 39.0 4 4 28024 64
623753811 1 79782 R 49.0 10 2 20909 65
627466204 1 80257 R 29.0 4 2 28957 66
631094186 1 80722 R 33.0 2 3 31991 67
634810374 1 81197 R 25.0 1 3 33703 68
638441629 1 81662 R 47.0 4 2 30465 69
642103325 1 82131 R 18.0 10 3 23137 70
645783278 1 82602 R 22.0 8 2 26210 71
649444996 1 83071 R 37.0 9 1 25389 72
653123786 1 83541 R 47.0 5 2 31064 73
656812138 1 84014 R 37.0 10 1 25052 74
660464330 1 84481 R 33.0 3 3 34471 75
667817681 1 85422 R 14.0 4 5 34113 76
671480056 1 85891 R 47.0 6 2 44848 77
675142833 1 86360 R 29.0 5 2 33781 78
678822579 1 86831 R 44.0 4 2 35518 79
682529333 1 87305 R 29.0 7 2 32166 80
686163189 1 87771 R 44.0 5 2 35178 81
693504355 1 88710 R 30.0 5 3 36186 82
697212851 1 89185 R 30.0 6 3 35381 83
700843312 1 89650 R 22.0 9 2 31977 84
704521453 1 90120 R 25.0 2 3 41347 85
708190775 1 90590 R 44.0 7 2 35437 86
711902943 1 91065 R 27.0 1 3 43693 87
715576743 1 91535 R 28.0 4 1 40274 88
719206521 1 92000 R 43.0 2 4 43304 89
730220318 1 93410 R 47.0 7 2 38373 90
733883076 1 93879 R 39.0 5 4 41309 91
741225974 1 94819 R 14.0 5 5 42229 92
744934884 1 95293 R 28.0 5 1 42752 93
748576674 1 95759 R 25.0 3 3 45705 94
755919169 1 96699 R 33.0 4 3 45410 95
763261695 1 97639 R 47.0 8 2 41321 96
766931002 1 98109 R 44.0 8 2 41677 97
770607411 1 98579 R 28.0 6 1 44758 98
774265334 1 99048 R 39.0 6 4 45199 99
777946958 1 99519 R 47.0 9 2 41921 100
781616273 1 99988 R 44.0 9 2 42276 101
785296778 1 100460 R 22.0 10 2 40227 102
788961266 1 100929 R 44.0 10 2 41936 103
792684305 1 101405 R 28.0 7 1 46303 104
796301539 1 101868 R 43.0 3 4 51892 105
799979259 1 102339 R 30.0 7 3 47255 106
803646014 1 102808 R 25.0 4 3 51474 107
807315296 1 103278 R 46.0 1 4 59040 108
810979866 1 103747 R 30.0 8 3 47383 109
814659809 1 104218 R 25.0 5 3 51603 110
818329087 1 104688 R 46.0 2 4 56000 111
822004828 1 105158 R 39.0 7 4 50029 112
825700282 1 105631 R 29.0 8 2 49211 113
829350200 1 106098 R 14.0 7 5 50950 114
833018589 1 106568 R 14.0 8 5 50139 115
836728695 1 107043 R 29.0 9 2 49344 116
844030215 1 107977 R 30.0 10 3 49053 117
847701162 1 108447 R 25.0 6 3 54554 118
851370506 1 108917 R 46.0 3 4 58949 119
855050035 1 109388 R 39.0 9 4 51700 120
858756524 1 109862 R 29.0 10 2 50884 121
862429228 1 110333 R 25.0 7 3 55158 122
866054603 1 110797 R 14.0 9 5 53087 123
869755474 1 111270 R 32.0 2 2 62583 124
873400050 1 111737 R 46.0 4 4 60488 125
877069596 1 112206 R 47.0 10 2 53329 126
880785606 1 112682 R 25.0 8 3 56227 127
884423651 1 113148 R 25.0 9 3 55414 128
888140326 1 113624 R 28.0 8 1 57242 129
891747831 1 114085 R 39.0 10 4 55117 130
895427630 1 114556 R 33.0 5 3 61987 131
899096922 1 115026 R 33.0 6 3 61175 132
902813104 1 115502 R 46.0 5 4 62972 133
906493964 1 115973 R 28.0 9 1 58311 134
910122637 1 116437 R 25.0 10 3 57422 135
913807363 1 116909 R 42.0 2 4 68243 136
917456606 1 117376 R 28.0 10 1 58434 137
924797726 1 118316 R 46.0 7 4 63227 138
928465832 1 118785 R 38.0 2 2 70093 139
932138295 1 119255 R 43.0 4 4 68001 140
935853368 1 119731 R 41.0 1 2 72400 141
939492319 1 120197 R 41.0 2 2 71586 142
943178075 1 120668 R 41.0 3 2 70778 143
954189859 1 122078 R 27.0 2 3 73427 144
957843456 1 122546 R 38.0 3 2 72574 145
961510367 1 123015 R 42.0 3 4 73069 146
965215099 1 123489 R 41.0 4 2 72318 147
972522272 1 124424 R 46.0 8 4 68057 148
976238429 1 124900 R 42.0 4 4 73674 149
979876459 1 125366 R 46.0 9 4 67716 150
983564637 1 125838 R 32.0 4 2 74591 151
987232876 1 126307 R 46.0 10 4 67378 152
990902006 1 126777 R 42.0 7 4 71710 153
994601665 1 127251 R 27.0 3 3 77320 154
998223893 1 127714 R 15.0 2 3 78920 155
1001894310 1 128184 R 42.0 8 4 71837 156
1005563589 1 128654 R 33.0 7 3 73524 157
1012908310 1 129594 R 42.0 10 4 70688 158
1016577420 1 130063 R 31.0 7 4 74979 159
1020300878 1 130540 R 38.0 5 2 78009 160
1027593788 1 131474 R 15.0 3 3 81400 161
1031261724 1 131943 R 45.0 2 4 83318 162
1034935728 1 132413 R 43.0 5 4 79879 163
1038605008 1 132883 R 31.0 8 4 76516 164
1042304866 1 133357 R 32.0 5 2 80830 165
1045992423 1 133829 R 31.0 9 4 76181 166
1053339457 1 134769 R 41.0 7 2 79758 167
1056961213 1 135233 R 15.0 4 3 83879 168
1060644315 1 135704 R 34.0 2 3 87036 169
1064329420 1 136176 R 31.0 10 4 77250 170
1067998559 1 136645 R 33.0 8 3 80236 171
1071652217 1 137113 R 33.0 9 3 79422 172
1079037668 1 138058 R 15.0 5 3 85423 173
1082660019 1 138522 R 27.0 4 3 87310 174
1086329196 1 138992 R 17.0 2 5 90257 175
1093675931 1 139932 R 34.0 3 3 89982 176
1101065589 1 140878 R 38.0 8 2 74266 177
1104689719 1 141342 R 43.0 7 4 86246 178
1108359263 1 141812 R 38.0 9 2 71361 179
1112028140 1 142281 R 38.0 10 2 62870 180
1115701569 1 142751 R 43.0 8 4 86377 181
1123046283 1 143691 R 43.0 10 4 84755 182
1126735496 1 144164 R 41.0 8 2 105748 183
1134084020 1 145104 R 41.0 9 2 87534 184
1137745587 1 145573 R 15.0 9 3 87818 185
1141402349 1 146041 R 34.0 4 3 94813 186
1152457491 1 147456 R 32.0 6 2 93649 187
1156134817 1 147927 R 41.0 10 2 89076 188
1159756697 1 148390 R 27.0 7 3 93341 189
1163425571 1 148860 R 23.0 1 3 101345 190
1170772517 1 149800 R 34.0 5 3 97293 191
1174441847 1 150270 R 34.0 6 3 96481 192
1181776888 1 151209 R 32.0 7 2 96122 193
1185504616 1 151686 R 27.0 8 3 95355 194
1189126438 1 152150 R 15.0 10 3 93114 195
1196467450 1 153089 R 23.0 2 3 104296 196
1200142609 1 153560 R 34.0 7 3 98492 197
1203823740 1 154031 R 5.0 1 1 106493 198
1207498227 1 154501 R 32.0 8 2 98134 199
1211154410 1 154969 R 34.0 8 3 98621 200
1214875092 1 155446 R 35.0 3 4 105447 201
1222168367 1 156379 R 35.0 5 4 103819 202
1225841501 1 156849 R 34.0 9 3 99221 203
1229508091 1 157319 R 23.0 3 3 107245 204
1233224365 1 157794 R 27.0 9 3 100183 205
1236853506 1 158259 R 34.0 10 3 99351 206
1240533993 1 158730 R 35.0 6 4 104892 207
1244216821 1 159201 R 35.0 7 4 104083 208
1251567247 1 160142 R 32.0 9 2 102496 209
1258924610 1 161084 R 32.0 10 2 102157 210
1277234388 1 163428 R 5.0 2 1 114610 211
1291970729 1 165314 R 23.0 4 3 113960 212
1299313566 1 166254 R 35.0 8 4 109855 213
1313998781 1 168133 R 45.0 6 4 114389 214
1317619779 1 168597 R 23.0 6 3 114683 215
1324975508 1 169538 R 5.0 3 1 119441 216
1339697111 1 171423 R 23.0 7 3 116228 217
1343319734 1 171886 R 23.0 8 3 115413 218
1350659268 1 172826 R 27.0 10 3 113935 219
1365345704 1 174706 R 35.0 9 4 117027 220
1376410055 1 176122 R 35.0 10 4 117162 221
1387386978 1 177527 R 5.0 4 1 126150 222
1391043595 1 177995 R 5.0 5 1 125338 223
1402109708 1 179412 R 17.0 6 5 125556 224
1413074790 1 180815 R 23.0 10 3 121781 225
1416768645 1 181288 R 45.0 7 4 126263 226
1427807224 1 182701 R 17.0 7 5 127566 227
1438784679 1 184106 R 5.0 6 1 130168 228
1442492943 1 184581 R 45.0 8 4 128275 229
1446113036 1 185044 R 17.0 8 5 128629 230
1453453789 1 185984 R 17.0 9 5 128287 231
1468154799 1 187865 R 5.0 7 1 132648 232
1479153914 1 189273 R 5.0 8 1 132776 233
1493853620 1 191155 R 5.0 9 1 133377 234
1504852996 1 192563 R 5.0 10 1 133505 235
