using saved target 'z1'
../../../../contiki/tools/sky/serialdump-linux -b115200 /dev/ttyUSB4
connecting to /dev/ttyUSB4 (115200) [OK]
Rime started with address 5.0
MAC 05:00:00:00:00:00:00:00 Ref ID: 4841
Contiki-3.x-2125-g5d67a61 started. Node id is set to 5.

************************************************
RTIMER_SECOND = 32768. F_CPU=8000000.
CLOCK_SECOND=128.
DURSLOT = 6015.(0.1835 s).
DURSLEEP = 114285.
DURCYCLE = 120300 .(3.6712 s).
MAX_CLOCK_DRIFT = WAKEUP_ADVANCE_TIME = 327 (0.0033 s).
PERIODIC_BCAST_CYCLES_SENSOR = 196611.
PERIODIC_BCAST_CYCLES_SINK = 196611.
MAX_CYCLE_COUNTER = 27904.
MAX_COUNT_NO_RTS_CTS = 65535.
MAX_CHILD_NUM = 10.
MAX_TRY_TO_FIND_PARENT = 3.

**********Below is Related Settings**********
PRIMAC_CONF_COMPOWER = 1.
PRIMAC_CONF_COMPOWER_SUPPORT = 1.
SF = 18.
PRI_SYNC_SUPPORT = 1.
RANDOM_DRIFT_IN_COOJA_SUPPORT = 0.
ADCSC_SUPPORT = 0.
DATA_TX_SUPPORT = 1.
CYCLES_PER_PACKET = 2.
DATA_INTERVAL = 7.
RETX_LIMIT = 6.
TOTAL_DATA_NUM = 0.
MAX_DATA_QUEUE_BUFS = 10.
PROC_GRADE_BASED_ON_ADDR_SUPPORT = 1.
NODES_NUM_PER_GRADE = 2.
ADDRESS_FREE_SUPPORT = 0.
IS_COOJA_SIM = 0.
CROSS_PLATFORM_SUPPORT = 1.
************************************************

My address is 5.0.
nullmac PRIMAC, channel check rate 8 Hz, radio channel 26
Starting
Hello, world
 P 0 0 0 3035575
 P 0 0 3390 3155875
 P 0 0 6841 3276597
 P 0 0 10231 3396475
 P 0 0 13621 3516775
 P 0 0 17011 3637075
 P 0 0 20401 3757375
EMPTY QUEUE
 P 422 0 23800 3879684
PT [3 0 1 -10 1]
 P 422 0 27190 3997975
PT [3 0 2 -10 1]
 P 422 0 30580 4118275
PT [3 0 3 -10 1]
 P 3143 0 31249 4238575
PT [3 0 4 -10 1]
 P 5523 0 32259 4358875
PT [3 0 5 -10 1]
EMPTY QUEUE
 P 6107 0 35658 4480736
PT [3 0 6 -13 1]
 P 6107 0 39048 4599475
PT [3 0 7 -13 1]
 P 6107 0 42438 4719775
PT [3 0 8 -13 1]
 P 7016 0 42442 4840075
PT [3 0 9 -13 1]
rcv bro rts
 P 8282 0 42482 4960375
PT [3 0 10 -13 1]
EMPTY QUEUE
 P 8835 0 45881 5083166
PT [3 0 11 -15 1]
 P 8835 0 49271 5200975
PT [3 0 12 -15 1]
 P 8835 0 52661 5321275
PT [3 0 13 -15 1]
 P 10208 0 52665 5441575
PT [3 0 14 -15 1]
 P 11711 0 52673 5561875
PT [3 0 15 -15 1]
 P 12442 0 52676 5682175
PT [3 0 16 -15 1]
EMPTY QUEUE
 P 14232 0 52692 5805124
PT [3 0 17 -20 1]
 P 14232 0 56082 5922775
PT [3 0 18 -20 1]
 P 14232 0 59472 6043075
PT [3 0 19 -20 1]
 P 14232 0 62862 6163375
PT [3 0 20 -20 1]
 P 15828 0 62865 6283675
PT [3 0 21 -20 1]
 P 17053 0 62868 6403975
PT [3 0 22 -20 1]
EMPTY QUEUE
 P 18810 0 62884 6525932
PT [3 0 23 -24 1]
 P 20113 0 62893 6644575
PT [3 0 24 -24 1]
 P 20113 0 66283 6764875
PT [3 0 25 -24 1]
 P 20113 0 69673 6885175
PT [3 0 26 -24 1]
 P 22791 0 69676 7005475
PT [3 0 27 -24 1]
EMPTY QUEUE
 P 23310 0 73075 7127912
PT [3 0 28 -28 1]
 P 24654 0 73083 7246075
PT [3 0 29 -28 1]
 P 26583 0 73091 7366375
PT [3 0 30 -28 1]
 P 26583 0 76481 7486675
PT [3 0 31 -28 1]
 P 27892 0 76485 7606975
PT [3 0 32 -28 1]
EMPTY QUEUE
 P 28412 0 79883 7729381
PT [3 0 33 -31 1]
 P 28412 0 83273 7847575
PT [3 0 34 -31 1]
 P 30786 0 83281 7967875
PT [3 0 35 -31 1]
 P 32112 0 83289 8088175
PT [3 0 36 -31 1]
 P 33065 0 83292 8208475
PT [3 0 37 -31 1]
 P 34413 0 83295 8328775
PT [3 0 38 -31 1]
EMPTY QUEUE
 P 34933 0 86694 8450285
PT [3 0 39 -35 1]
 P 34933 0 90084 8569375
PT [3 0 40 -35 1]
 P 36278 0 90092 8689675
PT [3 0 41 -35 1]
 P 38208 0 90100 8809975
PT [3 0 42 -35 1]
 P 40369 0 90103 8930275
PT [3 0 43 -35 1]
 P 41682 0 90106 9050575
PT [3 0 44 -35 1]
EMPTY QUEUE
 P 42203 0 93504 9172949
PT [3 0 45 -39 1]
 P 42203 0 96894 9291175
PT [3 0 46 -39 1]
 P 44631 0 96903 9411475
PT [3 0 47 -39 1]
 P 44631 0 100293 9531775
PT [3 0 48 -39 1]
 P 45936 0 100301 9652075
PT [3 0 49 -39 1]
 P 46675 0 100304 9772375
PT [3 0 50 -39 1]
EMPTY QUEUE
 P 47290 0 103702 9895580
PT [3 0 51 -43 1]
 P 47290 0 107092 10012975
PT [3 0 52 -43 1]
 P 47290 0 110482 10133275
PT [3 0 53 -43 1]
 P 48634 0 110490 10253575
PT [3 0 54 -43 1]
 P 50218 0 110493 10373875
PT [3 0 55 -43 1]
 P 51433 0 110496 10494175
PT [3 0 56 -43 1]
EMPTY QUEUE
 P 53300 0 110512 10615396
PT [3 0 57 -47 1]
 P 53300 0 113902 10734775
PT [3 0 58 -47 1]
 P 53300 0 117292 10855075
PT [3 0 59 -47 1]
 P 53300 0 120682 10975375
PT [3 0 60 -47 1]
 P 55965 0 120685 11095675
PT [3 0 61 -47 1]
EMPTY QUEUE
 P 57892 0 120702 11218880
PT [3 0 62 -51 1]
 P 58608 0 120705 11336275
PT [3 0 63 -51 1]
 P 59913 0 120713 11456575
PT [3 0 64 -51 1]
 P 59913 0 124103 11576875
PT [3 0 65 -51 1]
 P 59913 0 127493 11697175
PT [3 0 66 -51 1]
EMPTY QUEUE
 P 60464 0 130892 11819772
PT [3 0 67 -54 1]
 P 62044 0 130896 11937775
PT [3 0 68 -54 1]
 P 63255 0 130899 12058075
PT [3 0 69 -54 1]
 P 64579 0 130907 12178375
PT [3 0 70 -54 1]
 P 64579 0 134297 12298675
PT [3 0 71 -54 1]
EMPTY QUEUE
 P 64590 0 137689 12419636
PT [3 0 72 -54 1]
EMPTY QUEUE
 P 65174 0 141087 12541028
PT [3 0 73 -58 1]
 P 67837 0 141090 12659575
PT [3 0 74 -58 1]
 P 69182 0 141098 12779875
PT [3 0 75 -58 1]
 P 69894 0 141101 12900175
PT [3 0 76 -58 1]
 P 71199 0 141109 13020475
PT [3 0 77 -58 1]
EMPTY QUEUE
 P 71815 0 144507 13141759
PT [3 0 78 -62 1]
 P 71815 0 147897 13261075
PT [3 0 79 -62 1]
 P 71815 0 151287 13381375
PT [3 0 80 -62 1]
 P 73392 0 151290 13501675
PT [3 0 81 -62 1]
 P 74599 0 151293 13621975
PT [3 0 82 -62 1]
EMPTY QUEUE
 P 76506 0 151310 13744444
PT [3 0 83 -65 1]
 P 76506 0 154700 13862575
PT [3 0 84 -65 1]
 P 76506 0 158090 13982875
PT [3 0 85 -65 1]
 P 76506 0 161480 14103175
PT [3 0 86 -65 1]
 P 79165 0 161483 14223475
PT [3 0 87 -65 1]
EMPTY QUEUE
 P 81125 0 161499 14346680
PT [3 0 88 -68 1]
 P 81833 0 161502 14464075
PT [3 0 89 -68 1]
 P 83138 0 161510 14584375
PT [3 0 90 -68 1]
 P 83138 0 164900 14704675
PT [3 0 91 -68 1]
 P 83138 0 168290 14824975
PT [3 0 92 -68 1]
EMPTY QUEUE
 P 83203 0 174252 14948338
PT [3 0 93 -68 1]
 P 84776 0 174255 15065575
PT [3 0 94 -68 1]
EMPTY QUEUE
 P 86608 0 174273 15187052
PT [3 0 95 -73 1]
 P 88537 0 174282 15306175
PT [3 0 96 -73 1]
 P 88537 0 177672 15426475
PT [3 0 97 -73 1]
 P 88537 0 181062 15546775
PT [3 0 98 -73 1]
 P 89664 0 181065 15667075
PT [3 0 99 -73 1]
EMPTY QUEUE
 P 90216 0 184463 15788296
PT [3 0 100 -76 1]
 P 92644 0 184471 15907675
PT [3 0 101 -76 1]
 P 93905 0 184480 16027975
PT [3 0 102 -76 1]
 P 93905 0 187870 16148275
PT [3 0 103 -76 1]
 P 96557 0 187873 16268575
PT [3 0 104 -76 1]
 P 97916 0 187876 16388875
PT [3 0 105 -76 1]
EMPTY QUEUE
 P 98500 0 191275 16510737
PT [3 0 106 -80 1]
 P 99844 0 191283 16629475
PT [3 0 107 -80 1]
 P 101327 0 191291 16749775
PT [3 0 108 -80 1]
 P 101327 0 194681 16870075
PT [3 0 109 -80 1]
 P 102258 0 194684 16990375
PT [3 0 110 -80 1]
EMPTY QUEUE
 P 102810 0 198083 17111660
PT [3 0 111 -84 1]
 P 102810 0 201473 17230975
PT [3 0 112 -84 1]
 P 105078 0 201481 17351275
PT [3 0 113 -84 1]
 P 105988 0 201489 17471575
PT [3 0 114 -84 1]
 P 107238 0 201492 17591875
PT [3 0 115 -84 1]
EMPTY QUEUE
 P 107726 0 204890 17714984
PT [3 0 116 -87 1]
 P 107726 0 208280 17832475
PT [3 0 117 -87 1]
 P 107726 0 211670 17952775
PT [3 0 118 -87 1]
 P 109295 0 211678 18073075
PT [3 0 119 -87 1]
 P 110429 0 211686 18193375
PT [3 0 120 -87 1]
 P 111147 0 211689 18313675
PT [3 0 121 -87 1]
EMPTY QUEUE
 P 111635 0 215087 18436497
PT [3 0 122 -91 1]
 P 111635 0 218477 18554275
PT [3 0 123 -91 1]
 P 111635 0 221867 18674575
PT [3 0 124 -91 1]
 P 112660 0 221875 18794875
PT [3 0 125 -91 1]
 P 114222 0 221878 18915175
PT [3 0 126 -91 1]
 P 115414 0 221881 19035475
PT [3 0 127 -91 1]
EMPTY QUEUE
 P 117312 0 221898 19157496
PT [3 0 128 -95 1]
 P 117312 0 225288 19276075
PT [3 0 129 -95 1]
 P 117312 0 228678 19396375
PT [3 0 130 -95 1]
 P 117312 0 232068 19516675
PT [3 0 131 -95 1]
 P 119956 0 232071 19636975
PT [3 0 132 -95 1]
EMPTY QUEUE
 P 121852 0 232090 19758870
PT [3 0 133 -99 1]
 P 122547 0 232093 19877575
PT [3 0 134 -99 1]
 P 123851 0 232101 19997875
PT [3 0 135 -99 1]
 P 123851 0 235491 20118175
PT [3 0 136 -99 1]
 P 123851 0 238881 20238475
PT [3 0 137 -99 1]
EMPTY QUEUE
 P 124370 0 242280 20359760
PT [3 0 138 -102 1]
 P 125929 0 242283 20479075
PT [3 0 139 -102 1]
 P 127274 0 242291 20599375
PT [3 0 140 -102 1]
 P 129204 0 242299 20719675
PT [3 0 141 -102 1]
 P 129204 0 245689 20839975
PT [3 0 142 -102 1]
EMPTY QUEUE
 P 129692 0 249087 20962732
PT [3 0 143 -105 1]
 P 130805 0 249090 21080575
PT [3 0 144 -105 1]
 P 131421 0 249093 21200875
PT [3 0 145 -105 1]
 P 133848 0 249102 21321175
PT [3 0 146 -105 1]
 P 135109 0 249110 21441475
PT [3 0 147 -105 1]
EMPTY QUEUE
 P 135120 0 252502 21563588
PT [3 0 148 -105 1]
EMPTY QUEUE
 P 135671 0 255900 21683795
PT [3 0 1 0 1]
 P 137336 0 255903 21802265
PT [3 0 2 0 1]
 P 138631 0 255906 21922565
PT [3 0 3 0 1]
 P 140030 0 255915 22042865
PT [3 0 4 0 1]
 P 141464 0 255924 22163165
PT [3 0 5 0 1]
EMPTY QUEUE
 P 141951 0 259323 22284642
PT [3 0 6 -3 1]
 P 141951 0 262713 22403765
PT [3 0 7 -3 1]
 P 144697 0 262716 22524065
PT [3 0 8 -3 1]
 P 146149 0 262720 22644365
PT [3 0 9 -3 1]
 P 147483 0 262728 22764665
PT [3 0 10 -3 1]
EMPTY QUEUE
 P 147970 0 266126 22885822
PT [3 0 11 -6 1]
 P 147970 0 269516 23005265
PT [3 0 12 -6 1]
 P 147970 0 272906 23125565
PT [3 0 13 -6 1]
 P 148994 0 272909 23245865
PT [3 0 14 -6 1]
 P 150413 0 272912 23366165
PT [3 0 15 -6 1]
EMPTY QUEUE
 P 152321 0 272930 23488634
PT [3 0 16 -10 1]
 P 152321 0 276320 23606765
PT [3 0 17 -10 1]
 P 152321 0 279710 23727065
PT [3 0 18 -10 1]
 P 152321 0 283100 23847365
PT [3 0 19 -10 1]
 P 154554 0 283103 23967665
PT [3 0 20 -10 1]
EMPTY QUEUE
 P 154619 0 289065 24091572
PT [3 0 21 -10 1]
EMPTY QUEUE
 P 156558 0 289083 24209570
PT [3 0 22 -14 1]
 P 156558 0 292473 24328565
PT [3 0 23 -14 1]
 P 156558 0 295863 24448865
PT [3 0 24 -14 1]
 P 157867 0 295866 24569165
PT [3 0 25 -14 1]
 P 157867 0 299256 24689465
PT [3 0 26 -14 1]
EMPTY QUEUE
 P 159796 0 299274 24810718
PT [3 0 27 -17 1]
 P 161727 0 299282 24930065
PT [3 0 28 -17 1]
 P 161727 0 302672 25050365
PT [3 0 29 -17 1]
 P 164402 0 302676 25170665
PT [3 0 30 -17 1]
 P 166995 0 302679 25290965
PT [3 0 31 -17 1]
EMPTY QUEUE
 P 167578 0 306077 25413433
PT [3 0 32 -21 1]
 P 170005 0 306085 25531565
PT [3 0 33 -21 1]
 P 171265 0 306094 25651865
PT [3 0 34 -21 1]
 P 171265 0 309484 25772165
PT [3 0 35 -21 1]
 P 174035 0 309487 25892465
PT [3 0 36 -21 1]
EMPTY QUEUE
 P 174554 0 312886 26015222
PT [3 0 37 -24 1]
 P 174554 0 316276 26133065
PT [3 0 38 -24 1]
 P 175898 0 316284 26253365
PT [3 0 39 -24 1]
 P 177381 0 316293 26373665
PT [3 0 40 -24 1]
 P 178144 0 316297 26493965
PT [3 0 41 -24 1]
EMPTY QUEUE
 P 178632 0 319695 26616915
PT [3 0 42 -27 1]
 P 178632 0 323085 26734565
PT [3 0 43 -27 1]
 P 178632 0 326475 26854865
PT [3 0 44 -27 1]
 P 180900 0 326483 26975165
PT [3 0 45 -27 1]
 P 181810 0 326491 27095465
PT [3 0 46 -27 1]
 P 182613 0 326495 27215765
PT [3 0 47 -27 1]
EMPTY QUEUE
 P 183100 0 329893 27338298
PT [3 0 48 -31 1]
 P 183100 0 333283 27456365
PT [3 0 49 -31 1]
 P 183100 0 336673 27576665
PT [3 0 50 -31 1]
 P 184667 0 336681 27696965
PT [3 0 51 -31 1]
 P 185800 0 336689 27817265
PT [3 0 52 -31 1]
 P 186601 0 336692 27937565
PT [3 0 53 -31 1]
EMPTY QUEUE
 P 188404 0 336709 28059074
PT [3 0 54 -35 1]
 P 188404 0 340099 28178165
PT [3 0 55 -35 1]
 P 188404 0 343489 28298465
PT [3 0 56 -35 1]
 P 188404 0 346879 28418765
PT [3 0 57 -35 1]
 P 190051 0 346882 28539065
PT [3 0 58 -35 1]
EMPTY QUEUE
 P 190570 0 350281 28661502
PT [3 0 59 -39 1]
 P 191350 0 350284 28779665
PT [3 0 60 -39 1]
 P 192111 0 350287 28899965
PT [3 0 61 -39 1]
 P 193395 0 350295 29020265
PT [3 0 62 -39 1]
 P 193395 0 353685 29140565
PT [3 0 63 -39 1]
EMPTY QUEUE
 P 193915 0 357084 29262938
PT [3 0 64 -42 1]
 P 193915 0 360474 29381165
PT [3 0 65 -42 1]
 P 195560 0 360477 29501465
PT [3 0 66 -42 1]
 P 195560 0 363867 29621765
PT [3 0 67 -42 1]
 P 196339 0 363870 29742065
PT [3 0 68 -42 1]
EMPTY QUEUE
 P 197654 0 363880 29863346
PT [3 0 69 -42 1]
EMPTY QUEUE
 P 197926 0 367275 29984103
PT [3 0 70 -42 1]
EMPTY QUEUE
 P 198445 0 370674 30104654
PT [3 0 71 -47 1]
 P 198445 0 374064 30223265
PT [3 0 72 -47 1]
 P 200087 0 374067 30343565
PT [3 0 73 -47 1]
 P 200087 0 377457 30463865
PT [3 0 74 -47 1]
 P 200863 0 377460 30584165
PT [3 0 75 -47 1]
 P 201620 0 377463 30704465
PT [3 0 76 -47 1]
 P 202357 0 377466 30824765
PT [3 0 77 -47 1]
EMPTY QUEUE
 P 204238 0 377482 30947297
PT [3 0 78 -52 1]
 P 204238 0 380872 31065365
PT [3 0 79 -52 1]
 P 204238 0 384262 31185665
PT [3 0 80 -52 1]
 P 204238 0 387652 31305965
PT [3 0 81 -52 1]
 P 205877 0 387656 31426265
PT [3 0 82 -52 1]
 P 207147 0 387659 31546565
PT [3 0 83 -52 1]
EMPTY QUEUE
 P 209056 0 387676 31668618
PT [3 0 84 -56 1]
 P 210361 0 387684 31787165
PT [3 0 85 -56 1]
 P 210361 0 391074 31907465
PT [3 0 86 -56 1]
 P 210361 0 394464 32027765
PT [3 0 87 -56 1]
 P 213081 0 394467 32148065
PT [3 0 88 -56 1]
 P 214508 0 394470 32268365
PT [3 0 89 -56 1]
EMPTY QUEUE
 P 216437 0 394488 32389618
PT [3 0 90 -60 1]
 P 218367 0 394497 32508965
PT [3 0 91 -60 1]
 P 218367 0 397887 32629265
PT [3 0 92 -60 1]
 P 218367 0 401277 32749565
PT [3 0 93 -60 1]
 P 219366 0 401282 32869865
PT [3 0 94 -60 1]
 P 220760 0 401285 32990165
PT [3 0 95 -60 1]
EMPTY QUEUE
 P 223706 0 401302 33111962
PT [3 0 96 -64 1]
 P 223706 0 404692 33230765
PT [3 0 97 -64 1]
 P 225010 0 404700 33351065
PT [3 0 98 -64 1]
 P 225010 0 408090 33471365
PT [3 0 99 -64 1]
 P 227218 0 408093 33591665
PT [3 0 100 -64 1]
 P 228578 0 408097 33711965
PT [3 0 101 -64 1]
EMPTY QUEUE
 P 228645 0 414059 33836833
PT [3 0 102 -64 1]
EMPTY QUEUE
 P 230572 0 414076 33953837
PT [3 0 103 -69 1]
 P 232501 0 414085 34072865
PT [3 0 104 -69 1]
 P 232501 0 417475 34193165
PT [3 0 105 -69 1]
 P 235153 0 417478 34313465
PT [3 0 106 -69 1]
 P 237722 0 417481 34433765
PT [3 0 107 -69 1]
EMPTY QUEUE
 P 238306 0 420880 34555019
PT [3 0 108 -72 1]
 P 240734 0 420889 34674365
PT [3 0 109 -72 1]
 P 241996 0 420897 34794665
PT [3 0 110 -72 1]
 P 241996 0 424287 34914965
PT [3 0 111 -72 1]
 P 244741 0 424290 35035265
PT [3 0 112 -72 1]
 P 245556 0 424293 35155565
PT [3 0 113 -72 1]
EMPTY QUEUE
 P 245621 0 430255 35279472
PT [3 0 114 -72 1]
EMPTY QUEUE
 P 247581 0 430272 35397469
PT [3 0 115 -77 1]
 P 249065 0 430281 35516465
PT [3 0 116 -77 1]
 P 249065 0 433671 35636765
PT [3 0 117 -77 1]
 P 250790 0 433674 35757065
PT [3 0 118 -77 1]
 P 250790 0 437064 35877365
PT [3 0 119 -77 1]
EMPTY QUEUE
 P 251373 0 440463 35998618
PT [3 0 120 -80 1]
 P 253642 0 440471 36117965
PT [3 0 121 -80 1]
 P 254553 0 440479 36238265
PT [3 0 122 -80 1]
 P 256693 0 440482 36358565
PT [3 0 123 -80 1]
 P 256693 0 443872 36478865
PT [3 0 124 -80 1]
EMPTY QUEUE
 P 257276 0 447270 36600726
PT [3 0 125 -83 1]
 P 257276 0 450660 36719465
PT [3 0 126 -83 1]
 P 258843 0 450668 36839765
PT [3 0 127 -83 1]
 P 261488 0 450671 36960065
PT [3 0 128 -83 1]
 P 262792 0 450679 37080365
PT [3 0 129 -83 1]
 P 263552 0 450682 37200665
PT [3 0 130 -83 1]
EMPTY QUEUE
 P 264072 0 454080 37321917
PT [3 0 131 -88 1]
 P 264072 0 457470 37441265
PT [3 0 132 -88 1]
 P 264072 0 460860 37561565
PT [3 0 133 -88 1]
 P 265416 0 460868 37681865
PT [3 0 134 -88 1]
 P 267039 0 460871 37802165
PT [3 0 135 -88 1]
EMPTY QUEUE
 P 268894 0 460888 37925338
PT [3 0 136 -91 1]
 P 269651 0 460891 38042765
PT [3 0 137 -91 1]
 P 269651 0 464281 38163065
PT [3 0 138 -91 1]
 P 269651 0 467671 38283365
PT [3 0 139 -91 1]
 P 269651 0 471061 38403665
PT [3 0 140 -91 1]
EMPTY QUEUE
 P 271546 0 471078 38526262
PT [3 0 141 -94 1]
 P 273167 0 471081 38644265
PT [3 0 142 -94 1]
 P 274471 0 471090 38764565
PT [3 0 143 -94 1]
 P 274471 0 474480 38884865
PT [3 0 144 -94 1]
 P 274471 0 477870 39005165
PT [3 0 145 -94 1]
EMPTY QUEUE
 P 275086 0 481268 39126737
PT [3 0 146 -98 1]
 P 276261 0 481271 39245765
PT [3 0 147 -98 1]
 P 277605 0 481279 39366065
PT [3 0 148 -98 1]
 P 279534 0 481287 39486365
PT [3 0 149 -98 1]
 P 279534 0 484677 39606665
PT [3 0 150 -98 1]
EMPTY QUEUE
 P 280054 0 488076 39729390
PT [3 0 151 -101 1]
 P 282755 0 488079 39847265
PT [3 0 152 -101 1]
 P 284162 0 488083 39967565
PT [3 0 153 -101 1]
 P 286590 0 488091 40087865
PT [3 0 154 -101 1]
 P 287851 0 488100 40208165
PT [3 0 155 -101 1]
EMPTY QUEUE
 P 288370 0 491498 40329450
PT [3 0 156 -104 1]
 P 288370 0 494888 40448765
PT [3 0 157 -104 1]
 P 289349 0 494891 40569065
PT [3 0 158 -104 1]
 P 290722 0 494895 40689365
PT [3 0 159 -104 1]
 P 292066 0 494904 40809665
PT [3 0 160 -104 1]
EMPTY QUEUE
 P 294037 0 494921 40932422
PT [3 0 161 -108 1]
 P 294037 0 498311 41050265
PT [3 0 162 -108 1]
 P 294037 0 501701 41170565
PT [3 0 163 -108 1]
 P 296225 0 501704 41290865
PT [3 0 164 -108 1]
 P 296225 0 505094 41411165
PT [3 0 165 -108 1]
EMPTY QUEUE
 P 299045 0 505111 41533666
PT [3 0 1 0 1]
 P 300066 0 505119 41651654
PT [3 0 2 0 1]
 P 300066 0 508509 41771954
PT [3 0 3 0 1]
 P 301441 0 508512 41892254
PT [3 0 4 0 1]
 P 301441 0 511902 42012554
PT [3 0 5 0 1]
EMPTY QUEUE
 P 301928 0 515300 42134158
PT [3 0 6 -4 1]
 P 303486 0 515308 42253154
PT [3 0 7 -4 1]
 P 303486 0 518698 42373454
PT [3 0 8 -4 1]
 P 306227 0 518702 42493754
PT [3 0 9 -4 1]
 P 308886 0 518705 42614054
PT [3 0 10 -4 1]
 P 309742 0 518708 42734354
PT [3 0 11 -4 1]
EMPTY QUEUE
 P 311478 0 518725 42857430
PT [3 0 12 -8 1]
 P 312484 0 518733 42974954
PT [3 0 13 -8 1]
 P 312484 0 522123 43095254
PT [3 0 14 -8 1]
 P 312484 0 525513 43215554
PT [3 0 15 -8 1]
 P 314204 0 525516 43335854
PT [3 0 16 -8 1]
EMPTY QUEUE
 P 314755 0 528916 43457300
PT [3 0 17 -11 1]
 P 316896 0 528924 43576454
PT [3 0 18 -11 1]
 P 317679 0 528932 43696754
PT [3 0 19 -11 1]
 P 317679 0 532322 43817054
PT [3 0 20 -11 1]
 P 318953 0 532326 43937354
PT [3 0 21 -11 1]
EMPTY QUEUE
 P 319537 0 535724 44058799
PT [3 0 22 -14 1]
 P 319537 0 539114 44177954
PT [3 0 23 -14 1]
 P 320372 0 539122 44298254
PT [3 0 24 -14 1]
 P 322301 0 539131 44418554
PT [3 0 25 -14 1]
 P 325103 0 539134 44538854
PT [3 0 26 -14 1]
EMPTY QUEUE
 P 325687 0 542533 44660651
PT [3 0 27 -18 1]
 P 325687 0 545923 44779454
PT [3 0 28 -18 1]
 P 325687 0 549313 44899754
PT [3 0 29 -18 1]
 P 327351 0 549321 45020054
PT [3 0 30 -18 1]
 P 328781 0 549324 45140354
PT [3 0 31 -18 1]
EMPTY QUEUE
 P 330668 0 549341 45262375
PT [3 0 32 -21 1]
 P 330668 0 552731 45380954
PT [3 0 33 -21 1]
 P 330668 0 556121 45501254
PT [3 0 34 -21 1]
 P 330668 0 559511 45621554
PT [3 0 35 -21 1]
 P 331744 0 559515 45741854
PT [3 0 36 -21 1]
EMPTY QUEUE
 P 333672 0 559532 45865090
PT [3 0 37 -25 1]
 P 335601 0 559541 45982454
PT [3 0 38 -25 1]
 P 335601 0 562931 46102754
PT [3 0 39 -25 1]
 P 335601 0 566321 46223054
PT [3 0 40 -25 1]
 P 336996 0 566324 46343354
PT [3 0 41 -25 1]
EMPTY QUEUE
 P 337612 0 569723 46465279
PT [3 0 42 -28 1]
 P 340039 0 569733 46583954
PT [3 0 43 -28 1]
 P 341299 0 569742 46704254
PT [3 0 44 -28 1]
 P 341299 0 573132 46824554
PT [3 0 45 -28 1]
 P 343583 0 573136 46944854
PT [3 0 46 -28 1]
EMPTY QUEUE
 P 344167 0 576534 47067867
PT [3 0 47 -31 1]
 P 344167 0 579924 47185454
PT [3 0 48 -31 1]
 P 345511 0 579932 47305754
PT [3 0 49 -31 1]
 P 346994 0 579941 47426054
PT [3 0 50 -31 1]
 P 348355 0 579944 47546354
PT [3 0 51 -31 1]
EMPTY QUEUE
 P 348366 0 583336 47668755
PT [3 0 52 -31 1]
EMPTY QUEUE
 P 348917 0 586734 47788675
PT [3 0 53 -35 1]
 P 348917 0 590124 47907254
PT [3 0 54 -35 1]
 P 351185 0 590132 48027554
PT [3 0 55 -35 1]
 P 352096 0 590140 48147854
PT [3 0 56 -35 1]
 P 352958 0 590143 48268154
PT [3 0 57 -35 1]
EMPTY QUEUE
 P 353509 0 593542 48389375
PT [3 0 58 -39 1]
 P 353509 0 596932 48508754
PT [3 0 59 -39 1]
 P 353509 0 600322 48629054
PT [3 0 60 -39 1]
 P 355076 0 600330 48749354
PT [3 0 61 -39 1]
 P 356400 0 600338 48869654
PT [3 0 62 -39 1]
 P 357258 0 600341 48989954
PT [3 0 63 -39 1]
EMPTY QUEUE
 P 357810 0 603740 49111495
PT [3 0 64 -43 1]
 P 357810 0 607130 49230554
PT [3 0 65 -43 1]
 P 357810 0 610520 49350854
PT [3 0 66 -43 1]
 P 359154 0 610528 49471154
PT [3 0 67 -43 1]
 P 360858 0 610531 49591454
PT [3 0 68 -43 1]
EMPTY QUEUE
 P 362777 0 610549 49713923
PT [3 0 69 -46 1]
 P 363614 0 610552 49832054
PT [3 0 70 -46 1]
 P 363614 0 613942 49952354
PT [3 0 71 -46 1]
 P 363614 0 617332 50072654
PT [3 0 72 -46 1]
 P 363614 0 620722 50192954
PT [3 0 73 -46 1]
EMPTY QUEUE
 P 365512 0 620738 50314786
PT [3 0 74 -48 1]
 P 367214 0 620741 50433554
PT [3 0 75 -48 1]
 P 368519 0 620749 50553854
PT [3 0 76 -48 1]
 P 369354 0 620752 50674154
PT [3 0 77 -48 1]
 P 369354 0 624142 50794454
PT [3 0 78 -48 1]
EMPTY QUEUE
 P 369841 0 627541 50917179
PT [3 0 79 -53 1]
 P 369841 0 630931 51035054
PT [3 0 80 -53 1]
 P 371185 0 630939 51155354
PT [3 0 81 -53 1]
 P 372884 0 630942 51275654
PT [3 0 82 -53 1]
 P 374188 0 630950 51395954
PT [3 0 83 -53 1]
 P 375020 0 630953 51516254
PT [3 0 84 -53 1]
EMPTY QUEUE
 P 375636 0 634352 51639332
PT [3 0 85 -56 1]
 P 375636 0 637742 51756854
PT [3 0 86 -56 1]
 P 375636 0 641132 51877154
PT [3 0 87 -56 1]
 P 376980 0 641141 51997454
PT [3 0 88 -56 1]
 P 378677 0 641144 52117754
PT [3 0 89 -56 1]
EMPTY QUEUE
 P 380533 0 641160 52240351
PT [3 0 90 -60 1]
 P 380533 0 644550 52358354
PT [3 0 91 -60 1]
 P 380533 0 647940 52478654
PT [3 0 92 -60 1]
 P 380533 0 651330 52598954
PT [3 0 93 -60 1]
 P 381784 0 651333 52719254
PT [3 0 94 -60 1]
EMPTY QUEUE
 P 383713 0 651350 52840795
PT [3 0 95 -64 1]
 P 385643 0 651358 52959854
PT [3 0 96 -64 1]
 P 385643 0 654748 53080154
PT [3 0 97 -64 1]
 P 385643 0 658138 53200454
PT [3 0 98 -64 1]
 P 388420 0 658141 53320754
PT [3 0 99 -64 1]
EMPTY QUEUE
 P 389003 0 661540 53442743
PT [3 0 100 -67 1]
 P 391430 0 661549 53561354
PT [3 0 101 -67 1]
 P 392691 0 661557 53681654
PT [3 0 102 -67 1]
 P 392691 0 664947 53801954
PT [3 0 103 -67 1]
 P 394099 0 664950 53922254
PT [3 0 104 -67 1]
EMPTY QUEUE
 P 394651 0 668349 54044180
PT [3 0 105 -70 1]
 P 394651 0 671739 54162854
PT [3 0 106 -70 1]
 P 395996 0 671748 54283154
PT [3 0 107 -70 1]
 P 397480 0 671757 54403454
PT [3 0 108 -70 1]
 P 398534 0 671760 54523754
PT [3 0 109 -70 1]
 P 399983 0 671763 54644054
PT [3 0 110 -70 1]
EMPTY QUEUE
 P 400504 0 675161 54766300
PT [3 0 111 -75 1]
 P 400504 0 678551 54884654
PT [3 0 112 -75 1]
 P 402772 0 678559 55004954
PT [3 0 113 -75 1]
 P 403682 0 678567 55125254
PT [3 0 114 -75 1]
 P 405944 0 678570 55245554
PT [3 0 115 -75 1]
 P 407359 0 678573 55365854
PT [3 0 116 -75 1]
EMPTY QUEUE
 P 407879 0 681971 55488322
PT [3 0 117 -79 1]
 P 407879 0 685361 55606454
PT [3 0 118 -79 1]
 P 409447 0 685369 55726754
PT [3 0 119 -79 1]
 P 410581 0 685377 55847054
PT [3 0 120 -79 1]
 P 411886 0 685385 55967354
PT [3 0 121 -79 1]
 P 412725 0 685388 56087654
PT [3 0 122 -79 1]
EMPTY QUEUE
 P 413276 0 688786 56209194
PT [3 0 123 -83 1]
 P 413276 0 692176 56328254
PT [3 0 124 -83 1]
 P 413276 0 695566 56448554
PT [3 0 125 -83 1]
 P 413276 0 698956 56568854
PT [3 0 126 -83 1]
 P 414600 0 698964 56689154
PT [3 0 127 -83 1]
 P 415438 0 698967 56809454
PT [3 0 128 -83 1]
EMPTY QUEUE
 P 416053 0 702366 56930739
PT [3 0 129 -87 1]
 P 416053 0 705756 57050054
PT [3 0 130 -87 1]
 P 416053 0 709146 57170354
PT [3 0 131 -87 1]
 P 417397 0 709154 57290654
PT [3 0 132 -87 1]
 P 419080 0 709158 57410954
PT [3 0 133 -87 1]
EMPTY QUEUE
 P 421000 0 709175 57532847
PT [3 0 134 -90 1]
 P 421817 0 709178 57651554
PT [3 0 135 -90 1]
 P 421817 0 712568 57771854
PT [3 0 136 -90 1]
 P 421817 0 715958 57892154
PT [3 0 137 -90 1]
 P 421817 0 719348 58012454
PT [3 0 138 -90 1]
EMPTY QUEUE
 P 423680 0 719364 58135211
PT [3 0 139 -94 1]
 P 425360 0 719368 58253054
PT [3 0 140 -94 1]
 P 426664 0 719376 58373354
PT [3 0 141 -94 1]
 P 427478 0 719379 58493654
PT [3 0 142 -94 1]
 P 427478 0 722769 58613954
PT [3 0 143 -94 1]
EMPTY QUEUE
 P 427489 0 726161 58734595
PT [3 0 144 -94 1]
EMPTY QUEUE
 P 427976 0 729560 58856212
PT [3 0 145 -98 1]
