using saved target 'z1'
../../../../contiki/tools/sky/serialdump-linux -b115200 /dev/ttyUSB3
connecting to /dev/ttyUSB3 (115200) [OK]
Rime started with address 4.0
MAC 04:00:00:00:00:00:00:00 Ref ID: 4841
Contiki-3.x-2125-g5d67a61 started. Node id is set to 4.

************************************************
RTIMER_SECOND = 32768. F_CPU=8000000.
CLOCK_SECOND=128.
DURSLOT = 6015.(0.1835 s).
DURSLEEP = 66165.
DURCYCLE = 72180 .(2.2027 s).
MAX_CLOCK_DRIFT = WAKEUP_ADVANCE_TIME = 327 (0.0033 s).
PERIODIC_BCAST_CYCLES_SENSOR = 196611.
PERIODIC_BCAST_CYCLES_SINK = 196611.
MAX_CYCLE_COUNTER = 27904.
MAX_COUNT_NO_RTS_CTS = 65535.
MAX_CHILD_NUM = 10.
MAX_TRY_TO_FIND_PARENT = 3.

**********Below is Related Settings**********
PRIMAC_CONF_COMPOWER = 1.
PRIMAC_CONF_COMPOWER_SUPPORT = 1.
SF = 10.
PRI_SYNC_SUPPORT = 1.
RANDOM_DRIFT_IN_COOJA_SUPPORT = 0.
ADCSC_SUPPORT = 1.
DATA_TX_SUPPORT = 1.
CYCLES_PER_PACKET = 5.
DATA_INTERVAL = 5.
RETX_LIMIT = 6.
TOTAL_DATA_NUM = -1.
MAX_DATA_QUEUE_BUFS = 10.
PROC_GRADE_BASED_ON_ADDR_SUPPORT = 1.
NODES_NUM_PER_GRADE = 2.
ADDRESS_FREE_SUPPORT = 0.
IS_COOJA_SIM = 0.
CROSS_PLATFORM_SUPPORT = 1.
************************************************

My address is 4.0.
nullmac PRIMAC, channel check rate 8 Hz, radio channel 26
Starting
Hello, world
 P 0 0 0 2147640
 P 0 0 3452 2221747
 P 0 0 6842 2292000
 P 0 0 10232 2364180
 P 0 0 13622 2436360
 P 0 0 17012 2508540
EMPTY QUEUE
 P 428 0 20411 2582957
PT [2 0 1 -2 1]
 P 428 0 23801 2652900
PT [2 0 2 -2 1]
 P 428 0 27191 2725080
PT [2 0 3 -2 1]
 P 428 0 30581 2797260
PT [2 0 4 -2 1]
 P 3179 0 31220 2869440
PT [2 0 5 -2 1]
EMPTY QUEUE
 P 6154 0 32200 2942993
PT [2 0 6 -2 1]
 P 6154 0 35590 3013800
PT [2 0 7 -2 1]
 P 6154 0 38980 3085980
PT [2 0 8 -2 1]
 P 6154 0 42370 3158160
PT [2 0 9 -2 1]
rcv bro rts
 P 7202 0 42410 3230340
PT [2 0 10 -2 1]
 P 8486 0 42413 3302520
PT [2 0 11 -2 1]
EMPTY QUEUE
 P 8986 0 47944 3378854
PT [2 0 12 -2 1]
EMPTY QUEUE
 P 9055 0 53906 3451290
PT [2 0 13 -2 1]
EMPTY QUEUE
 P 9676 0 57305 3521458
PT [2 0 14 -2 1]
 P 11082 0 57313 3591240
PT [2 0 15 -2 1]
 P 12467 0 57316 3663420
PT [2 0 16 -2 1]
 P 12467 0 60706 3735600
PT [2 0 17 -2 1]
 P 12467 0 64096 3807780
PT [2 0 18 -2 1]
EMPTY QUEUE
 P 13088 0 67495 3882550
PT [2 0 19 -1 1]
 P 15375 0 67503 3952140
PT [2 0 20 -1 1]
 P 15375 0 70893 4024320
PT [2 0 21 -1 1]
 P 15375 0 74283 4096500
PT [2 0 22 -1 1]
 P 16680 0 74286 4168680
PT [2 0 23 -1 1]
EMPTY QUEUE
 P 17173 0 77685 4243002
PT [2 0 24 -2 1]
 P 18576 0 77694 4313040
PT [2 0 25 -2 1]
 P 18576 0 81084 4385220
PT [2 0 26 -2 1]
 P 18576 0 84474 4457400
PT [2 0 27 -2 1]
 P 19823 0 84477 4529580
PT [2 0 28 -2 1]
EMPTY QUEUE
 P 20443 0 87876 4603197
PT [2 0 29 -2 1]
 P 23174 0 87885 4673940
PT [2 0 30 -2 1]
 P 23174 0 91275 4746120
PT [2 0 31 -2 1]
 P 23174 0 94665 4818300
PT [2 0 32 -2 1]
 P 25111 0 94668 4890480
PT [2 0 33 -2 1]
EMPTY QUEUE
 P 25668 0 98067 4964738
PT [2 0 34 -2 1]
 P 28280 0 98076 5034840
PT [2 0 35 -2 1]
 P 28280 0 101466 5107020
PT [2 0 36 -2 1]
 P 28280 0 104856 5179200
PT [2 0 37 -2 1]
 P 30637 0 104859 5251380
PT [2 0 38 -2 1]
EMPTY QUEUE
 P 31193 0 108258 5325829
PT [2 0 39 -2 1]
 P 34022 0 108267 5395740
PT [2 0 40 -2 1]
 P 34022 0 111657 5467920
PT [2 0 41 -2 1]
 P 34022 0 115047 5540100
PT [2 0 42 -2 1]
 P 35293 0 115050 5612280
PT [2 0 43 -2 1]
EMPTY QUEUE
 P 35849 0 118449 5686409
PT [2 0 44 -2 1]
 P 36711 0 118457 5756640
PT [2 0 45 -2 1]
 P 36711 0 121847 5828820
PT [2 0 46 -2 1]
 P 36711 0 125237 5901000
PT [2 0 47 -2 1]
 P 37987 0 125240 5973180
PT [2 0 48 -2 1]
EMPTY QUEUE
 P 38543 0 128639 6046477
PT [2 0 49 -2 1]
 P 40352 0 128647 6117540
PT [2 0 50 -2 1]
 P 40352 0 132037 6189720
PT [2 0 51 -2 1]
 P 40352 0 135427 6261900
PT [2 0 52 -2 1]
 P 41846 0 135430 6334080
PT [2 0 53 -2 1]
EMPTY QUEUE
 P 42370 0 138829 6408049
PT [2 0 54 -2 1]
 P 44633 0 138837 6478440
PT [2 0 55 -2 1]
 P 44633 0 142227 6550620
PT [2 0 56 -2 1]
 P 44633 0 145617 6622800
PT [2 0 57 -2 1]
 P 46833 0 145620 6694980
PT [2 0 58 -2 1]
EMPTY QUEUE
 P 47325 0 149019 6769109
PT [2 0 59 -2 1]
 P 50056 0 149027 6839340
PT [2 0 60 -2 1]
 P 50056 0 152417 6911520
PT [2 0 61 -2 1]
 P 50056 0 155807 6983700
PT [2 0 62 -2 1]
 P 50980 0 155810 7055880
PT [2 0 63 -2 1]
EMPTY QUEUE
 P 51536 0 159209 7129753
PT [2 0 64 -2 1]
 P 53670 0 159218 7200240
PT [2 0 65 -2 1]
 P 53670 0 162608 7272420
PT [2 0 66 -2 1]
 P 53670 0 165998 7344600
PT [2 0 67 -2 1]
 P 55172 0 166002 7416780
PT [2 0 68 -2 1]
EMPTY QUEUE
 P 55760 0 169401 7491901
PT [2 0 69 -2 1]
 P 57027 0 169409 7561140
PT [2 0 70 -2 1]
 P 57027 0 172799 7633320
PT [2 0 71 -2 1]
 P 57027 0 176189 7705500
PT [2 0 72 -2 1]
 P 58175 0 176193 7777680
PT [2 0 73 -2 1]
EMPTY QUEUE
 P 58699 0 179592 7851393
PT [2 0 74 -2 1]
 P 61312 0 179601 7922040
PT [2 0 75 -2 1]
 P 61312 0 182991 7994220
PT [2 0 76 -2 1]
 P 61312 0 186381 8066400
PT [2 0 77 -2 1]
 P 62275 0 186384 8138580
PT [2 0 78 -2 1]
EMPTY QUEUE
 P 62767 0 189783 8212453
PT [2 0 79 -2 1]
 P 64575 0 189792 8282940
PT [2 0 80 -2 1]
 P 64575 0 193182 8355120
PT [2 0 81 -2 1]
 P 64575 0 196572 8427300
PT [2 0 82 -2 1]
 P 66713 0 196575 8499480
PT [2 0 83 -2 1]
EMPTY QUEUE
 P 67301 0 199974 8573129
PT [2 0 84 -2 1]
 P 69054 0 199982 8643840
PT [2 0 85 -2 1]
 P 69871 0 199992 8716020
PT [2 0 86 -2 1]
 P 69871 0 203382 8788200
PT [2 0 87 -2 1]
 P 70613 0 203385 8860380
PT [2 0 88 -2 1]
EMPTY QUEUE
 P 71137 0 206784 8934509
PT [2 0 89 -2 1]
 P 71137 0 210174 9004740
PT [2 0 90 -2 1]
 P 72849 0 210182 9076920
PT [2 0 91 -2 1]
 P 72849 0 213572 9149100
PT [2 0 92 -2 1]
 P 73684 0 213576 9221280
PT [2 0 93 -2 1]
EMPTY QUEUE
 P 74273 0 216975 9295922
PT [2 0 94 -1 1]
 P 74273 0 220365 9365640
PT [2 0 95 -1 1]
 P 75579 0 220374 9437820
PT [2 0 96 -1 1]
 P 75579 0 223764 9510000
PT [2 0 97 -1 1]
 P 77470 0 223768 9582180
PT [2 0 98 -1 1]
EMPTY QUEUE
 P 77994 0 227167 9656693
PT [2 0 99 -2 1]
 P 77994 0 230557 9726540
PT [2 0 100 -2 1]
 P 80791 0 230565 9798720
PT [2 0 101 -2 1]
 P 80791 0 233955 9870900
PT [2 0 102 -2 1]
 P 82455 0 233958 9943080
PT [2 0 103 -2 1]
EMPTY QUEUE
 P 83043 0 237357 10017081
PT [2 0 104 -2 1]
 P 83043 0 240747 10087440
PT [2 0 105 -2 1]
 P 84510 0 240755 10159620
PT [2 0 106 -2 1]
 P 84510 0 244145 10231800
PT [2 0 107 -2 1]
 P 87230 0 244149 10303980
PT [2 0 108 -2 1]
EMPTY QUEUE
 P 87818 0 247548 10378941
PT [2 0 109 -2 1]
 P 87818 0 250938 10448340
PT [2 0 110 -2 1]
 P 88895 0 250946 10520520
PT [2 0 111 -2 1]
 P 88895 0 254336 10592700
PT [2 0 112 -2 1]
 P 90051 0 254339 10664880
PT [2 0 113 -2 1]
EMPTY QUEUE
 P 90607 0 257739 10738210
PT [2 0 114 -2 1]
 P 90607 0 261129 10809240
PT [2 0 115 -2 1]
 P 92044 0 261137 10881420
PT [2 0 116 -2 1]
 P 92044 0 264527 10953600
PT [2 0 117 -2 1]
 P 93843 0 264530 11025780
PT [2 0 118 -2 1]
EMPTY QUEUE
 P 94335 0 267929 11098981
PT [2 0 119 -2 1]
 P 94335 0 271319 11170140
PT [2 0 120 -2 1]
 P 96621 0 271327 11242320
PT [2 0 121 -2 1]
 P 96621 0 274717 11314500
PT [2 0 122 -2 1]
 P 97492 0 274721 11386680
PT [2 0 123 -2 1]
EMPTY QUEUE
 P 98049 0 278120 11461418
PT [2 0 124 -2 1]
 P 98049 0 281510 11531040
PT [2 0 125 -2 1]
 P 99452 0 281518 11603220
PT [2 0 126 -2 1]
 P 99452 0 284908 11675400
PT [2 0 127 -2 1]
 P 101507 0 284912 11747580
PT [2 0 128 -2 1]
EMPTY QUEUE
 P 102095 0 288311 11821261
PT [2 0 129 -2 1]
 P 102095 0 291701 11891940
PT [2 0 130 -2 1]
 P 105447 72 291720 11966343
PT [2 0 131 -2 1]
 P 105447 72 295110 12036300
PT [2 0 132 -2 1]
 P 107340 72 295113 12108480
PT [2 0 133 -2 1]
 P 107832 144 298514 12182531
PT [2 0 134 -2 1]
 P 107832 144 301904 12252840
PT [2 0 135 -2 1]
 P 111065 216 301923 12328235
PT [2 0 136 -2 1]
 P 111065 216 305313 12397200
PT [2 0 137 -2 1]
 P 113090 216 305317 12469380
PT [2 0 138 -2 1]
 P 113679 288 308718 12543112
PT [2 0 139 -2 1]
 P 113679 288 312108 12613740
PT [2 0 140 -2 1]
 P 117030 360 312128 12688367
PT [2 0 141 -2 1]
 P 117030 360 315518 12758100
PT [2 0 142 -2 1]
 P 118480 360 315521 12830280
PT [2 0 143 -2 1]
 P 118972 432 318922 12904395
PT [2 0 144 -2 1]
 P 119528 504 322323 12977567
PT [2 0 145 -2 1]
 P 120389 504 322331 13046820
PT [2 0 146 -2 1]
 P 120458 504 328293 13123698
PT [2 0 147 -2 1]
 P 121466 504 328296 13191180
PT [2 0 148 -2 1]
 P 121958 576 331697 13265871
PT [2 0 149 -2 1]
 P 122027 576 337659 13339598
PT [2 0 150 -2 1]
 P 123596 576 337662 13407720
PT [2 0 151 -2 1]
 P 125056 932 337683 13482155
PT [2 0 152 -2 1]
 P 126136 1076 341095 13552080
PT [2 0 153 -2 1]
 P 128434 1430 341115 13626931
PT [2 0 154 -2 1]
 P 130289 1502 341129 13696440
PT [2 0 155 -2 1]
 P 132181 1856 341150 13770971
PT [2 0 156 -2 1]
 P 134010 1928 341164 13840800
PT [2 0 157 -2 1]
 P 134010 1928 344554 13912980
PT [2 0 158 -2 1]
 P 135401 1928 344557 13985160
PT [2 0 159 -2 1]
 P 136883 2282 344577 14058763
PT [2 0 160 -2 1]
 P 137931 2426 347989 14130783
PT [2 0 161 -2 1]
 P 140218 2781 348010 14204531
PT [2 0 162 -2 1]
 P 141561 2781 348013 14273880
PT [2 0 163 -2 1]
 P 143507 3136 348032 14347835
PT [2 0 164 -2 1]
 P 145381 3208 348047 14418240
PT [2 0 165 -2 1]
 P 145650 3208 351442 14492047
PT [2 0 166 -2 1]
 P 146944 3208 351445 14562600
PT [2 0 167 -2 1]
 P 148303 3564 351464 14637003
PT [2 0 168 -2 1]
 P 151631 4062 351507 14709599
PT [2 0 169 -2 1]
 P 153011 4062 351511 14779140
PT [2 0 170 -2 1]
 P 153503 4134 354912 14852871
PT [2 0 171 -2 1]
 P 155431 4488 354933 14925819
PT [2 0 172 -2 1]
 P 157363 4560 354947 14995680
PT [2 0 173 -2 1]
 P 158694 4560 354951 15067860
PT [2 0 174 -2 1]
 P 160110 4916 354972 15141431
PT [2 0 175 -2 1]
 P 160666 4988 358373 15212220
PT [2 0 176 -2 1]
 P 162922 5342 358393 15285792
PT [2 0 177 -1 1]
 P 164813 5414 358412 15356580
PT [2 0 178 -2 1]
 P 166084 5414 358415 15428760
PT [2 0 179 -2 1]
 P 167619 5770 358434 15503259
PT [2 0 180 -2 1]
 P 170137 5842 358448 15573120
PT [2 0 181 -2 1]
 P 172479 6196 358468 15647459
PT [2 0 182 -2 1]
 P 174463 6268 358482 15717480
PT [2 0 183 -2 1]
 P 174955 6340 361883 15791115
PT [2 0 184 -2 1]
 P 176815 6696 361903 15864287
PT [2 0 185 -2 1]
 P 178143 6696 361906 15934020
PT [2 0 186 -2 1]
 P 179458 6696 361909 16006200
PT [2 0 187 -2 1]
 P 180838 7051 361928 16081307
PT [2 0 188 -2 1]
 P 182046 7195 365340 16150560
PT [2 0 189 -2 1]
 P 184347 7549 365361 16225027
PT [2 0 190 -2 1]
 P 184871 7621 368762 16294920
PT [2 0 191 -2 1]
 P 186126 7621 368766 16367100
PT [2 0 192 -2 1]
 P 187628 7976 368787 16441087
PT [2 0 193 -2 1]
 P 190119 8048 368800 16511460
PT [2 0 194 -2 1]
 P 192427 8403 368819 16585287
PT [2 0 195 -2 1]
 P 194351 8475 368833 16655820
PT [2 0 196 -1 1]
 P 196103 8547 368852 16730511
PT [2 0 197 -2 1]
 P 197571 8783 368871 16802915
PT [2 0 198 -2 1]
 P 198900 8783 368875 16872360
PT [2 0 199 -2 1]
 P 200217 8783 368878 16944540
PT [2 0 200 -2 1]
 P 201741 9138 368897 17019231
PT [2 0 201 -2 1]
 P 205097 9637 368940 17091219
PT [2 0 202 -2 1]
 P 206377 9637 368943 17161080
PT [2 0 203 -2 1]
 P 206446 9637 374905 17238086
PT [2 0 204 -2 1]
 P 208370 9992 374925 17307695
PT [2 0 205 -2 1]
 P 210281 10064 374939 17377620
PT [2 0 206 -2 1]
 P 211656 10064 374942 17449800
PT [2 0 207 -2 1]
 P 213036 10418 374962 17524427
PT [2 0 208 -2 1]
 P 214277 10562 378374 17594160
PT [2 0 209 -2 1]
 P 216546 10917 378394 17668628
PT [2 0 210 -2 1]
 P 217873 10917 378397 17738520
PT [2 0 211 -2 1]
 P 219187 10917 378400 17810700
PT [2 0 212 -2 1]
 P 221265 11047 378420 17885327
PT [2 0 213 -2 1]
 P 223745 11191 378446 17955060
PT [2 0 214 -2 1]
 P 225132 11191 378449 18027240
PT [2 0 215 -2 1]
 P 226602 11546 378468 18100843
PT [2 0 216 -2 1]
 P 227158 11618 381869 18171600
PT [2 0 217 -2 1]
 P 229305 11973 381888 18245428
PT [2 0 218 -2 1]
 P 231200 12045 381902 18315960
PT [2 0 219 -2 1]
 P 233128 12117 381921 18390747
PT [2 0 220 -2 1]
 P 234034 12117 383131 18460320
PT [2 0 221 -2 1]
 P 235622 12397 383150 18535235
PT [2 0 222 -2 1]
 P 237436 12469 383164 18604680
PT [2 0 223 -2 1]
 P 238925 12823 383184 18678539
PT [2 0 224 -2 1]
 P 241230 13178 383205 18751423
PT [2 0 225 -2 1]
 P 243172 13250 383219 18821220
PT [2 0 226 -2 1]
 P 244545 13250 383222 18893400
PT [2 0 227 -2 1]
 P 246571 13322 384211 18966907
PT [2 0 228 -2 1]
 P 247919 13322 384214 19037760
PT [2 0 229 -2 1]
 P 249456 13676 384234 19111332
PT [2 0 230 -2 1]
 P 253303 14102 384268 19182120
PT [2 0 231 -2 1]
 P 253923 14174 387669 19256075
PT [2 0 232 -2 1]
 P 255833 14529 387689 19328639
PT [2 0 233 -2 1]
 P 257119 14529 387692 19398660
PT [2 0 234 -2 1]
 P 257675 14601 391093 19472775
PT [2 0 235 -2 1]
 P 259082 14601 391096 19543020
PT [2 0 236 -2 1]
 P 260533 14956 391115 19618415
PT [2 0 237 -2 1]
 P 263260 15100 392347 19689827
PT [2 0 238 -2 1]
 P 264820 15226 392367 19762456
PT [2 0 239 -2 1]
 P 266176 15226 392371 19831741
PT [2 0 240 -2 1]
 P 267521 15226 392374 19903921
PT [2 0 241 -2 1]
 P 268949 15581 392394 19978932
PT [2 0 242 -3 1]
 P 272464 16080 392436 20049512
PT [2 0 243 -3 1]
 P 273771 16080 392440 20120461
PT [2 0 244 -3 1]
 P 275066 16080 392443 20192641
PT [2 0 245 -3 1]
 P 277110 16217 392464 20266404
PT [2 0 246 -3 1]
 P 279000 16289 392478 20337001
PT [2 0 247 -3 1]
 P 280257 16289 392481 20409181
PT [2 0 248 -3 1]
 P 281572 16643 392501 20483936
PT [2 0 249 -3 1]
 P 282780 16787 395913 20553541
PT [2 0 250 -3 1]
 P 285114 17142 395933 20627241
PT [2 0 251 -2 1]
 P 286324 17142 395937 20697901
PT [2 0 252 -2 1]
 P 288284 17498 395957 20771280
PT [2 0 253 -3 1]
 P 290202 17570 395971 20842261
PT [2 0 254 -3 1]
 P 290758 17642 399372 20916824
PT [2 0 255 -3 1]
 P 292032 17642 399375 20986621
PT [2 0 256 -3 1]
 P 293471 17997 399394 21061921
PT [2 0 257 -2 1]
 P 293995 18069 402795 21130981
PT [2 0 258 -3 1]
 P 296237 18425 402814 21204328
PT [2 0 259 -3 1]
 P 297988 18497 402828 21275341
PT [2 0 260 -3 1]
 P 299202 18497 402831 21347521
PT [2 0 261 -3 1]
 P 300728 18853 402851 21421892
PT [2 0 262 -3 1]
 P 301321 18925 408824 21496547
PT [2 0 263 -3 1]
 P 303524 19280 408845 21566220
PT [2 0 264 -3 1]
 P 305358 19352 408859 21636241
PT [2 0 265 -3 1]
 P 306623 19352 408862 21708421
PT [2 0 266 -3 1]
 P 308028 19707 408882 21783048
PT [2 0 267 -3 1]
 P 309172 19851 412294 21852781
PT [2 0 268 -3 1]
 P 311447 20207 412313 21927345
PT [2 0 269 -3 1]
 P 312664 20207 412316 21997141
PT [2 0 270 -3 1]
 P 313978 20207 412320 22069321
PT [2 0 271 -3 1]
 P 315439 20561 412340 22144012
PT [2 0 272 -3 1]
 P 316551 20705 415752 22213681
PT [2 0 273 -3 1]
 P 318754 21060 415773 22287157
PT [2 0 274 -3 1]
 P 320545 21132 415787 22358041
PT [2 0 275 -3 1]
 P 321799 21132 415790 22430221
PT [2 0 276 -3 1]
 P 323138 21487 415811 22504048
PT [2 0 277 -3 1]
 P 323630 21559 419212 22574581
PT [2 0 278 -3 1]
 P 325775 21915 419231 22648632
PT [2 0 279 -3 1]
 P 327473 21987 419245 22718941
PT [2 0 280 -3 1]
 P 327542 21987 425207 22796107
PT [2 0 281 -3 1]
 P 328847 21987 425210 22863301
PT [2 0 282 -3 1]
 P 330331 22342 425229 22937737
PT [2 0 283 -3 1]
 P 333678 22842 425272 23010204
PT [2 0 284 -3 1]
 P 334946 22842 425276 23079841
PT [2 0 285 -3 1]
 P 335502 22914 428677 23153636
PT [2 0 286 -3 1]
 P 336746 22914 428681 23224201
PT [2 0 287 -3 1]
 P 338171 23268 428702 23298732
PT [2 0 288 -3 1]
 P 340906 23694 428733 23369920
PT [2 0 289 -3 1]
 P 342114 23694 428736 23440741
PT [2 0 290 -3 1]
 P 342735 23766 432137 23515177
PT [2 0 291 -2 1]
 P 344042 23766 432140 23585101
PT [2 0 292 -2 1]
 P 345524 24120 432160 23658672
PT [2 0 293 -3 1]
 P 348282 24547 432190 23731172
PT [2 0 294 -3 1]
 P 349552 24547 432193 23801641
PT [2 0 295 -3 1]
 P 350076 24619 435594 23876044
PT [2 0 296 -3 1]
 P 351324 24619 435597 23946001
PT [2 0 297 -3 1]
 P 352716 24974 435618 24020116
PT [2 0 298 -3 1]
 P 355481 25401 435650 24091945
PT [2 0 299 -2 1]
 P 357183 25473 435664 24162541
PT [2 0 300 -3 1]
 P 357183 25473 439054 24234721
PT [2 0 301 -3 1]
 P 358493 25473 439057 24306901
PT [2 0 302 -3 1]
 P 360008 25828 439076 24381144
PT [2 0 303 -3 1]
 P 360697 25900 445049 24454775
PT [2 0 304 -3 1]
 P 363018 26255 445068 24525729
PT [2 0 305 -3 1]
 P 364867 26327 445082 24595621
PT [2 0 306 -3 1]
 P 366115 26327 445085 24667801
PT [2 0 307 -3 1]
 P 367572 26682 445106 24742492
PT [2 0 308 -3 1]
 P 370337 26826 445137 24812161
PT [2 0 309 -3 1]
 P 371688 26826 445145 24884341
PT [2 0 310 -3 1]
 P 373096 27181 445164 24958680
PT [2 0 311 -3 1]
 P 374904 27253 445178 25028701
PT [2 0 312 -3 1]
 P 376320 27608 445199 25103296
PT [2 0 313 -3 1]
 P 378007 27680 445213 25173061
PT [2 0 314 -3 1]
 P 380263 28035 445232 25247273
PT [2 0 315 -2 1]
 P 383208 28107 445246 25317421
PT [2 0 316 -3 1]
 P 384439 28107 445249 25389601
PT [2 0 317 -3 1]
 P 385862 28461 445269 25464324
PT [2 0 318 -3 1]
 P 388069 28533 445288 25533961
PT [2 0 319 -3 1]
 P 389328 28533 445291 25606141
PT [2 0 320 -3 1]
 P 390769 28888 445309 25679649
PT [2 0 321 -2 1]
 P 392719 28960 445323 25750501
PT [2 0 322 -3 1]
 P 394198 29315 445342 25824424
PT [2 0 323 -3 1]
 P 395310 29459 448754 25897052
PT [2 0 324 -3 1]
 P 397530 29814 448774 25969104
PT [2 0 325 -3 1]
 P 398716 29814 448777 26039221
PT [2 0 326 -3 1]
 P 398785 29814 454739 26116387
PT [2 0 327 -3 1]
 P 400685 30169 454760 26185836
PT [2 0 328 -3 1]
 P 402511 30241 454774 26255761
PT [2 0 329 -3 1]
 P 403989 30484 454795 26330389
PT [2 0 330 -3 1]
 P 405853 30556 454809 26400121
PT [2 0 331 -3 1]
 P 406473 30628 458210 26473980
PT [2 0 332 -3 1]
 P 407725 30628 458213 26544481
PT [2 0 333 -3 1]
 P 409186 30700 458232 26619301
PT [2 0 334 -3 1]
 P 410689 31054 458252 26691672
PT [2 0 335 -3 1]
 P 413281 31336 458264 26761021
PT [2 0 336 -3 1]
 P 413665 31336 461659 26835233
PT [2 0 337 -3 1]
 P 415769 31496 461680 26907636
PT [2 0 338 -3 1]
 P 418114 31640 461705 26977561
PT [2 0 339 -3 1]
 P 419399 31640 461708 27049741
PT [2 0 340 -3 1]
 P 420701 31995 461727 27124464
PT [2 0 341 -3 1]
 P 421813 32139 465139 27194101
PT [2 0 342 -3 1]
 P 424146 32493 465159 27269304
PT [2 0 343 -3 1]
 P 425907 32565 465173 27338461
PT [2 0 344 -3 1]
 P 427131 32565 465176 27410641
PT [2 0 345 -3 1]
 P 428537 32920 465195 27484980
PT [2 0 346 -3 1]
 P 429256 32992 468601 27555786
PT [2 0 347 -3 1]
 P 431467 33348 468622 27629372
PT [2 0 348 -3 1]
 P 433252 33420 468637 27699361
PT [2 0 349 -3 1]
 P 435090 33775 468658 27773956
PT [2 0 350 -3 1]
 P 436946 33847 468672 27843721
PT [2 0 351 -3 1]
 P 438348 33919 468691 27917965
PT [2 0 352 -3 1]
 P 439592 33919 468695 27988081
PT [2 0 353 -3 1]
 P 441000 34275 468714 28063188
PT [2 0 354 -3 1]
 P 442711 34347 468728 28132441
PT [2 0 355 -3 1]
 P 444042 34347 468731 28204621
PT [2 0 356 -3 1]
 P 445543 34702 468751 28279057
PT [2 0 357 -3 1]
 P 448355 35128 468782 28351781
PT [2 0 358 -2 1]
 P 450141 35200 468796 28421161
PT [2 0 359 -3 1]
 P 450141 35200 472186 28493341
PT [2 0 360 -3 1]
 P 452044 35554 472206 28567808
PT [2 0 361 -3 1]
 P 453891 35626 472220 28637701
PT [2 0 362 -3 1]
 P 455153 35698 472239 28712392
PT [2 0 363 -3 1]
 P 456509 36053 472258 28784828
PT [2 0 364 -3 1]
 P 457729 36053 472261 28854241
PT [2 0 365 -3 1]
 P 459062 36053 472264 28926421
PT [2 0 366 -3 1]
 P 460555 36408 472283 29001080
PT [2 0 367 -3 1]
 P 463976 36907 472326 29073132
PT [2 0 368 -3 1]
 P 465272 36907 472329 29142961
PT [2 0 369 -3 1]
 P 465341 36907 478291 29219967
PT [2 0 370 -3 1]
 P 467266 37262 478311 29289576
PT [2 0 371 -3 1]
 P 469115 37334 478325 29359501
PT [2 0 372 -3 1]
 P 470362 37334 478328 29431681
PT [2 0 373 -3 1]
 P 471711 37689 478347 29506276
PT [2 0 374 -3 1]
 P 473981 37833 478372 29576041
PT [2 0 375 -3 1]
 P 475317 37833 478375 29648221
PT [2 0 376 -3 1]
 P 476717 38189 478393 29722658
PT [2 0 377 -2 1]
 P 477242 38261 481793 29792581
PT [2 0 378 -3 1]
 P 479508 38616 481813 29866152
PT [2 0 379 -3 1]
 P 481385 38688 481827 29936941
PT [2 0 380 -3 1]
 P 483343 39044 481847 30010545
PT [2 0 381 -3 1]
 P 485099 39116 481861 30081301
PT [2 0 382 -3 1]
 P 485168 39116 487823 30157379
PT [2 0 383 -3 1]
 P 486408 39116 487826 30225661
PT [2 0 384 -3 1]
 P 487842 39471 487845 30300128
PT [2 0 385 -3 1]
 P 491297 39970 487886 30372692
PT [2 0 386 -3 1]
 P 492610 39970 487889 30442201
PT [2 0 387 -3 1]
 P 492941 39970 491284 30515526
PT [2 0 388 -3 1]
 P 494230 39970 491287 30586561
PT [2 0 389 -3 1]
 P 495702 40325 491307 30660997
PT [2 0 390 -3 1]
Warning: data sending process fails.
 P 498973 40816 491453 30733496
PT [2 0 391 -3 1]
 P 500845 40888 491467 30803101
PT [2 0 392 -3 1]
 P 502084 40888 491471 30875281
PT [2 0 393 -3 1]
 P 504186 40960 492428 30949748
PT [2 0 394 -3 1]
 P 505512 40960 492431 31019641
PT [2 0 395 -3 1]
 P 506880 41314 492451 31094332
PT [2 0 396 -3 1]
 P 510632 41741 492485 31164001
PT [2 0 397 -3 1]
 P 511920 41741 492488 31236181
PT [2 0 398 -3 1]
 P 513344 42096 492508 31311129
PT [2 0 399 -3 1]
 P 514676 42096 495083 31380541
PT [2 0 400 -3 1]
 P 516174 42168 495101 31455009
PT [2 0 401 -1 1]
 P 517974 42240 497687 31524901
PT [2 0 402 -3 1]
 P 519263 42312 497707 31599592
PT [2 0 403 -3 1]
 P 520541 42384 497726 31671772
PT [2 0 404 -3 1]
 P 521314 42384 497735 31741441
PT [2 0 405 -3 1]
 P 522599 42456 497756 31816164
PT [2 0 406 -3 1]
 P 523348 42456 497765 31885801
PT [2 0 407 -3 1]
 P 524641 42528 497785 31960556
PT [2 0 408 -3 1]
 P 525366 42528 497794 32030161
PT [2 0 409 -3 1]
 P 526079 42528 497803 32102341
PT [2 0 410 -3 1]
 P 527336 42600 497823 32177096
PT [2 0 411 -3 1]
 P 528026 42600 497831 32246701
PT [2 0 412 -3 1]
 P 529228 42672 497850 32321424
PT [2 0 413 -3 1]
 P 529894 42672 497858 32391061
PT [2 0 414 -3 1]
 P 531104 42744 497877 32465816
PT [2 0 415 -3 1]
 P 531746 42744 497885 32535421
PT [2 0 416 -3 1]
 P 532964 42816 497904 32610208
PT [2 0 417 -3 1]
 P 533582 42816 497912 32679781
PT [2 0 418 -3 1]
 P 534188 42816 497920 32751961
PT [2 0 419 -3 1]
 P 535338 42888 497939 32826716
PT [2 0 420 -3 1]
 P 535920 42888 497947 32896321
PT [2 0 421 -3 1]
 P 537078 42960 497966 32971108
PT [2 0 422 -3 1]
 P 537636 42960 497974 33040681
PT [2 0 423 -3 1]
 P 538674 43032 497993 33115372
PT [2 0 424 -3 1]
 P 539208 43032 498001 33185041
PT [2 0 425 -3 1]
 P 539730 43032 498010 33257221
PT [2 0 426 -3 1]
 P 540861 43104 498030 33332040
PT [2 0 427 -3 1]
 P 541359 43104 498039 33401581
PT [2 0 428 -3 1]
 P 542465 43176 498059 33476400
PT [2 0 429 -3 1]
 P 542939 43176 498068 33545941
PT [2 0 430 -3 1]
 P 544021 43248 498089 33620761
PT [2 0 431 -3 1]
 P 544471 43248 498098 33690301
PT [2 0 432 -3 1]
 P 545433 43320 498118 33765024
PT [2 0 433 -3 1]
 P 545859 43320 498127 33834661
PT [2 0 434 -3 1]
 P 546273 43320 498136 33906841
PT [2 0 435 -3 1]
 P 547231 43392 498156 33981596
PT [2 0 436 -3 1]
 P 547622 43392 498164 34051201
PT [2 0 437 -3 1]
 P 548558 43464 498183 34125956
PT [2 0 438 -3 1]
 P 548925 43464 498191 34195561
PT [2 0 439 -3 1]
 P 549773 43536 498210 34270253
PT [2 0 440 -3 1]
 P 550116 43536 498218 34339921
PT [2 0 441 -3 1]
 P 551035 43608 498237 34414708
PT [2 0 442 -3 1]
 P 551354 43608 498245 34484281
PT [2 0 443 -3 1]
 P 552240 43962 498265 34558652
PT [2 0 444 -3 1]
 P 554297 44529 498285 34628641
PT [2 0 445 -3 1]
 P 555699 44884 498304 34703364
PT [2 0 446 -3 1]
 P 560596 45594 498345 34773001
PT [2 0 447 -3 1]
 P 562065 45949 498366 34846605
PT [2 0 448 -3 1]
 P 566870 46659 498409 34917361
PT [2 0 449 -3 1]
 P 568309 47014 498428 34991284
PT [2 0 450 -3 1]
 P 572960 47724 498470 35061721
PT [2 0 451 -3 1]
 P 575294 47724 498473 35133901
PT [2 0 452 -3 1]
 P 576798 47724 498476 35206081
PT [2 0 453 -3 1]
 P 578156 48078 498495 35279780
PT [2 0 454 -3 1]
 P 580267 48222 498518 35350441
PT [2 0 455 -3 1]
 P 581742 48577 498536 35425548
PT [2 0 456 -3 1]
 P 582957 48721 504518 35499531
PT [2 0 457 -3 1]
 P 584459 48721 504521 35566981
PT [2 0 458 -3 1]
 P 585962 49075 504540 35641448
PT [2 0 459 -3 1]
 P 588204 49219 504563 35711341
PT [2 0 460 -3 1]
 P 589682 49574 504581 35786192
PT [2 0 461 -3 1]
 P 592090 49718 504604 35855701
PT [2 0 462 -3 1]
 P 593441 49718 504607 35927881
PT [2 0 463 -3 1]
 P 594852 50073 504626 36003084
PT [2 0 464 -3 1]
 P 598312 50499 504663 36073601
PT [2 0 465 -3 1]
 P 600804 50643 504686 36144421
PT [2 0 466 -3 1]
 P 600815 50643 508078 36217871
PT [2 0 467 -3 1]
 P 602105 50643 508081 36288781
PT [2 0 468 -3 1]
 P 603576 50925 508098 36362975
PT [2 0 469 -3 1]
 P 604760 51069 514080 36437423
PT [2 0 470 -3 1]
 P 607068 51424 514099 36507608
PT [2 0 471 -3 1]
 P 609424 51496 514120 36577501
PT [2 0 472 -3 1]
 P 611231 51851 514138 36652224
PT [2 0 473 -3 1]
 P 613654 51923 514159 36721861
PT [2 0 474 -3 1]
 P 615056 51995 514178 36797065
PT [2 0 475 -3 1]
 P 616994 52067 514191 36866221
PT [2 0 476 -3 1]
 P 618403 52422 514210 36940528
PT [2 0 477 -3 1]
 P 621249 52849 514239 37013348
PT [2 0 478 -3 1]
 P 622530 52849 514242 37082761
PT [2 0 479 -3 1]
 P 623022 52921 517643 37156940
PT [2 0 480 -3 1]
 P 624279 52921 517646 37227121
PT [2 0 481 -3 1]
 P 625661 53276 517667 37301525
PT [2 0 482 -3 1]
 P 628447 53703 517699 37373512
PT [2 0 483 -3 1]
 P 630399 53775 517713 37443661
PT [2 0 484 -3 1]
 P 630399 53775 521103 37515841
PT [2 0 485 -3 1]
 P 632310 54129 521123 37589892
PT [2 0 486 -3 1]
 P 634227 54201 521136 37660201
PT [2 0 487 -2 1]
 P 635510 54201 521139 37732381
PT [2 0 488 -2 1]
 P 637003 54555 521160 37807520
PT [2 0 489 -3 1]
 P 637596 54720 524563 37878962
PT [2 0 490 -3 1]
 P 639863 55074 524583 37951144
PT [2 0 491 -3 1]
 P 641654 55146 524597 38021101
PT [2 0 492 -3 1]
 P 643549 55502 524616 38095729
PT [2 0 493 -3 1]
 P 645483 55574 524630 38165461
PT [2 0 494 -3 1]
 P 646039 55646 528032 38239257
PT [2 0 495 -3 1]
 P 647362 55646 528036 38309821
PT [2 0 496 -3 1]
 P 648700 56001 528057 38384288
PT [2 0 497 -3 1]
 P 649194 56073 531457 38454181
PT [2 0 498 -3 1]
 P 651463 56427 531477 38527720
PT [2 0 499 -3 1]
 P 653229 56499 531491 38598541
PT [2 0 500 -3 1]
 P 654491 56499 531494 38670721
PT [2 0 501 -3 1]
 P 655897 56855 531513 38744228
PT [2 0 502 -3 1]
 P 657723 56927 531527 38815081
PT [2 0 503 -3 1]
 P 658947 56927 531530 38887261
PT [2 0 504 -3 1]
 P 660383 56999 531550 38962049
PT [2 0 505 -3 1]
 P 661783 57071 531570 39034260
PT [2 0 506 -3 1]
 P 662551 57071 531579 39103801
PT [2 0 507 -3 1]
 P 663950 57426 531599 39178236
PT [2 0 508 -3 1]
 P 668415 58135 531645 39248161
PT [2 0 509 -3 1]
 P 671729 58207 531665 39322308
PT [2 0 510 -3 1]
 P 674069 58279 532639 39395512
PT [2 0 511 -3 1]
 P 675738 58634 532659 39466125
PT [2 0 512 -3 1]
 P 676845 58634 532662 39536881
PT [2 0 513 -3 1]
 P 678098 58634 532665 39609061
PT [2 0 514 -3 1]
 P 679508 58989 532684 39682568
PT [2 0 515 -3 1]
 P 682845 59488 532725 39755132
PT [2 0 516 -3 1]
 P 684062 59488 532728 39825601
PT [2 0 517 -3 1]
 P 684586 59560 536129 39900004
PT [2 0 518 -3 1]
 P 685779 59560 536132 39969961
PT [2 0 519 -3 1]
 P 687162 59914 536152 40044108
PT [2 0 520 -3 1]
 P 687782 59986 539553 40114321
PT [2 0 521 -3 1]
 P 690020 60341 539572 40187957
PT [2 0 522 -3 1]
 P 691787 60413 539585 40258681
PT [2 0 523 -3 1]
 P 693041 60413 539588 40330861
PT [2 0 524 -3 1]
 P 694543 60768 539608 40405104
PT [2 0 525 -3 1]
 P 695592 60912 543019 40476836
PT [2 0 526 -3 1]
 P 697867 61267 543039 40550328
PT [2 0 527 -3 1]
 P 699073 61267 543042 40619581
PT [2 0 528 -3 1]
 P 700267 61267 543045 40691761
PT [2 0 529 -3 1]
 P 701648 61622 543065 40765492
PT [2 0 530 -3 1]
 P 702760 61766 546477 40837832
PT [2 0 531 -3 1]
 P 705126 62121 546495 40909788
PT [2 0 532 -3 1]
 P 706272 62121 546498 40980481
PT [2 0 533 -3 1]
 P 707529 62121 546501 41052661
PT [2 0 534 -3 1]
 P 708935 62476 546521 41127449
PT [2 0 535 -3 1]
 P 710015 62620 549933 41197021
PT [2 0 536 -3 1]
 P 712322 62975 549953 41270752
PT [2 0 537 -3 1]
 P 713531 62975 549956 41341381
PT [2 0 538 -3 1]
 P 714728 62975 549959 41413561
PT [2 0 539 -3 1]
 P 716108 63329 549980 41486908
PT [2 0 540 -3 1]
 P 717158 63473 553390 41557921
PT [2 0 541 -3 1]
 P 719491 63828 553410 41633220
PT [2 0 542 -3 1]
 P 721260 63900 553424 41702281
PT [2 0 543 -3 1]
 P 721260 63900 556814 41774461
PT [2 0 544 -3 1]
 P 722506 63900 556818 41846641
PT [2 0 545 -3 1]
 P 723997 64254 556839 41920021
PT [2 0 546 -3 1]
 P 726892 64681 556869 41993160
PT [2 0 547 -3 1]
 P 728628 64753 556882 42063181
PT [2 0 548 -1 1]
 P 728697 64753 562844 42140027
PT [2 0 549 -1 1]
 P 729883 64753 562847 42207541
PT [2 0 550 -1 1]
 P 731252 65108 562868 42281944
PT [2 0 551 -3 1]
 P 734126 65535 565470 42354060
PT [2 0 552 -3 1]
 P 735896 65607 565485 42424081
PT [2 0 553 -2 1]
 P 736517 65679 568886 42498997
PT [2 0 554 -3 1]
 P 737765 65679 568890 42568441
PT [2 0 555 -3 1]
 P 739206 66035 568910 42643229
PT [2 0 556 -3 1]
 P 742017 66461 568942 42715120
PT [2 0 557 -3 1]
 P 743229 66461 568945 42784981
PT [2 0 558 -3 1]
 P 743817 66533 572346 42860184
PT [2 0 559 -3 1]
 P 745005 66533 572349 42929341
PT [2 0 560 -3 1]
 P 746389 66887 572368 43002913
PT [2 0 561 -1 1]
 P 749290 67315 572397 43075060
PT [2 0 562 -3 1]
 P 750441 67315 572401 43145881
PT [2 0 563 -3 1]
 P 751061 67387 575802 43220924
PT [2 0 564 -3 1]
 P 752312 67387 575806 43290241
PT [2 0 565 -3 1]
 P 753718 67742 575825 43364100
PT [2 0 566 -3 1]
 P 754690 67814 579231 43436343
PT [2 0 567 -3 1]
 P 756997 68169 579252 43509068
PT [2 0 568 -3 1]
 P 758725 68241 579266 43578961
PT [2 0 569 -3 1]
 P 759917 68241 579269 43651141
PT [2 0 570 -3 1]
 P 761298 68595 579289 43725768
PT [2 0 571 -3 1]
 P 762349 68739 582700 43795501
PT [2 0 572 -3 1]
 P 764682 69093 582720 43870032
PT [2 0 573 -3 1]
 P 765825 69093 582723 43939861
PT [2 0 574 -3 1]
 P 767089 69093 582726 44012041
PT [2 0 575 -3 1]
 P 768527 69447 582746 44086732
PT [2 0 576 -3 1]
 P 769673 69591 586157 44156401
PT [2 0 577 -3 1]
 P 771980 69946 586178 44230004
PT [2 0 578 -3 1]
 P 773196 69946 586181 44300761
PT [2 0 579 -3 1]
 P 774399 69946 586184 44372941
PT [2 0 580 -3 1]
 P 775843 70301 586205 44447249
PT [2 0 581 -3 1]
 P 776861 70445 589616 44517301
PT [2 0 582 -3 1]
 P 779130 70799 589638 44591385
PT [2 0 583 -3 1]
 P 780354 70799 592213 44661661
PT [2 0 584 -3 1]
 P 781621 70799 592216 44733841
PT [2 0 585 -3 1]
 P 783123 71153 592236 44808308
PT [2 0 586 -3 1]
 P 784235 71297 595648 44878201
PT [2 0 587 -3 1]
 P 786446 71652 595667 44952956
PT [2 0 588 -3 1]
 P 788157 71724 595681 45022561
PT [2 0 589 -3 1]
 P 788713 71796 599082 45096772
PT [2 0 590 -3 1]
 P 789908 71796 599085 45166921
PT [2 0 591 -3 1]
 P 791310 72151 599104 45242124
PT [2 0 592 -3 1]
 P 794210 72577 599134 45313504
PT [2 0 593 -3 1]
 P 795368 72577 599137 45383461
PT [2 0 594 -3 1]
 P 796514 72577 599140 45455641
PT [2 0 595 -3 1]
 P 797782 72577 599144 45527821
PT [2 0 596 -3 1]
 P 799188 72932 599163 45601328
PT [2 0 597 -3 1]
 P 802491 73431 599205 45674404
PT [2 0 598 -3 1]
 P 803723 73431 599208 45744361
PT [2 0 599 -3 1]
 P 804247 73503 602609 45818668
PT [2 0 600 -3 1]
 P 805455 73503 602612 45888721
PT [2 0 601 -3 1]
 P 806803 73858 602633 45962964
PT [2 0 602 -3 1]
 P 809639 74284 602664 46034824
PT [2 0 603 -3 1]
 P 810810 74284 602668 46105261
PT [2 0 604 -3 1]
 P 811302 74356 606069 46179857
PT [2 0 605 -3 1]
 P 812561 74356 606072 46249621
PT [2 0 606 -3 1]
 P 813967 74711 606091 46324696
PT [2 0 607 -3 1]
 P 816809 75138 606121 46396844
PT [2 0 608 -3 1]
 P 818653 75210 606135 46466161
PT [2 0 609 -3 1]
 P 818722 75210 612097 46541727
PT [2 0 610 -3 1]
 P 819921 75210 612100 46610521
PT [2 0 611 -3 1]
 P 821237 75565 612120 46684860
PT [2 0 612 -3 1]
 P 822446 75709 615531 46754881
PT [2 0 613 -3 1]
 P 824686 76064 615550 46829606
PT [2 0 614 -1 1]
 P 825837 76064 615553 46899241
PT [2 0 615 -1 1]
 P 826975 76064 615556 46971421
PT [2 0 616 -1 1]
 P 828381 76420 615575 47045600
PT [2 0 617 -3 1]
 P 831290 76564 615600 47115781
PT [2 0 618 -3 1]
 P 833742 76711 615619 47189353
PT [2 0 619 -3 1]
 P 835560 76783 615633 47260141
PT [2 0 620 -3 1]
 P 836777 76783 615637 47332321
PT [2 0 621 -3 1]
 P 838189 77138 615656 47405892
PT [2 0 622 -3 1]
 P 838777 77210 619057 47476681
PT [2 0 623 -3 1]
 P 841046 77565 619078 47550541
PT [2 0 624 -3 1]
 P 842740 77637 619092 47621041
PT [2 0 625 -3 1]
 P 844014 77637 619095 47693221
PT [2 0 626 -3 1]
 P 845515 77991 619116 47767400
PT [2 0 627 -3 1]
 P 846007 78063 622517 47837581
PT [2 0 628 -3 1]
 P 848251 78418 622536 47911281
PT [2 0 629 -3 1]
 P 850065 78490 622550 47981941
PT [2 0 630 -3 1]
 P 851279 78490 622553 48054121
PT [2 0 631 -3 1]
 P 852627 78845 622572 48128268
PT [2 0 632 -3 1]
 P 853771 78989 625984 48200128
PT [2 0 633 -3 1]
 P 856039 79344 626004 48273524
PT [2 0 634 -3 1]
 P 857205 79344 626007 48342841
PT [2 0 635 -3 1]
 P 857763 79416 629407 48417309
PT [2 0 636 -3 1]
 P 859028 79416 629410 48487201
PT [2 0 637 -3 1]
 P 860390 79771 629431 48560516
PT [2 0 638 -3 1]
 P 863125 80198 629461 48632984
PT [2 0 639 -3 1]
 P 864353 80198 629464 48703741
PT [2 0 640 -3 1]
 P 864845 80270 632865 48777440
PT [2 0 641 -3 1]
 P 866049 80270 632868 48848101
PT [2 0 642 -3 1]
 P 867482 80624 632888 48923400
PT [2 0 643 -3 1]
 P 870255 81051 632919 48993916
PT [2 0 644 -3 1]
 P 871434 81051 632924 49064641
PT [2 0 645 -3 1]
 P 872022 81123 636325 49139428
PT [2 0 646 -3 1]
 P 873289 81123 636328 49209001
PT [2 0 647 -3 1]
 P 874793 81477 636348 49284013
PT [2 0 648 -3 1]
 P 877607 81904 636376 49356032
PT [2 0 649 -3 1]
 P 879329 81976 636390 49425541
PT [2 0 650 -3 1]
 P 879398 81976 642352 49501587
PT [2 0 651 -3 1]
 P 880604 81976 642355 49569901
PT [2 0 652 -3 1]
 P 882050 82331 642375 49644368
PT [2 0 653 -3 1]
 P 885346 82830 642418 49716804
PT [2 0 654 -3 1]
 P 886516 82830 642421 49786441
PT [2 0 655 -3 1]
 P 887009 82902 645821 49860172
PT [2 0 656 -3 1]
 P 888277 82902 645825 49930801
PT [2 0 657 -3 1]
 P 889778 83256 645846 50005364
PT [2 0 658 -3 1]
 P 892557 83682 645876 50076520
PT [2 0 659 -3 1]
 P 893789 83682 645879 50147341
PT [2 0 660 -3 1]
 P 894409 83754 649280 50221776
PT [2 0 661 -3 1]
 P 895617 83754 649283 50291701
PT [2 0 662 -3 1]
 P 897029 84109 649304 50365272
PT [2 0 663 -3 1]
 P 897585 84181 652705 50436061
PT [2 0 664 -3 1]
 P 899919 84536 652725 50509984
PT [2 0 665 -3 1]
 P 901636 84608 652738 50580421
PT [2 0 666 -3 1]
 P 902919 84608 652741 50652601
PT [2 0 667 -3 1]
 P 904329 84963 652760 50726685
PT [2 0 668 -3 1]
 P 905019 85035 658733 50801947
PT [2 0 669 -3 1]
 P 907201 85390 658753 50871300
PT [2 0 670 -3 1]
 P 908961 85462 658767 50941321
PT [2 0 671 -3 1]
 P 910183 85462 658771 51013501
PT [2 0 672 -3 1]
 P 911629 85817 658790 51088192
PT [2 0 673 -3 1]
 P 912222 85889 664763 51161311
PT [2 0 674 -3 1]
 P 914588 86244 664784 51232328
PT [2 0 675 -3 1]
 P 916254 86316 664800 51302221
PT [2 0 676 -3 1]
 P 917539 86316 664803 51374401
PT [2 0 677 -3 1]
 P 918977 86671 664824 51449028
PT [2 0 678 -3 1]
 P 920154 86815 668236 51518761
PT [2 0 679 -3 1]
 P 922398 87169 668256 51593260
PT [2 0 680 -3 1]
 P 923636 87169 668259 51663121
PT [2 0 681 -3 1]
 P 924860 87169 668262 51735301
PT [2 0 682 -3 1]
 P 926243 87523 668281 51809992
PT [2 0 683 -3 1]
 P 927327 87667 671691 51879661
PT [2 0 684 -3 1]
 P 929564 88022 671710 51953136
PT [2 0 685 -3 1]
 P 931328 88094 671725 52024021
PT [2 0 686 -3 1]
 P 931328 88094 675115 52096201
PT [2 0 687 -3 1]
 P 932603 88094 675118 52168381
PT [2 0 688 -3 1]
 P 934095 88449 675139 52242337
PT [2 0 689 -3 1]
 P 936990 88875 675171 52314708
PT [2 0 690 -3 1]
 P 938753 88947 675185 52384921
PT [2 0 691 -3 1]
 P 938822 88947 681147 52462087
PT [2 0 692 -3 1]
 P 940037 88947 681150 52529281
PT [2 0 693 -3 1]
 P 941409 89301 681169 52603685
PT [2 0 694 -2 1]
 P 944802 89800 681211 52676216
PT [2 0 695 -3 1]
 P 945980 89800 681214 52745821
PT [2 0 696 -3 1]
 P 946568 89872 684615 52819648
PT [2 0 697 -3 1]
 P 947845 89872 684618 52890181
PT [2 0 698 -3 1]
 P 949252 90227 684639 52964649
PT [2 0 699 -2 1]
 P 951967 90653 684670 53035900
PT [2 0 700 -3 1]
 P 953208 90653 684673 53106721
PT [2 0 701 -3 1]
 P 953700 90725 688074 53181028
PT [2 0 702 -3 1]
 P 954917 90725 688077 53251081
PT [2 0 703 -3 1]
 P 956266 91080 688096 53324588
PT [2 0 704 -3 1]
 P 959197 91507 688126 53397184
PT [2 0 705 -3 1]
 P 960377 91507 688129 53467621
PT [2 0 706 -3 1]
 P 960628 91507 691525 53541507
PT [2 0 707 -3 1]
 P 961907 91507 691528 53611981
PT [2 0 708 -3 1]
 P 963314 91862 691548 53686353
PT [2 0 709 -3 1]
 P 964368 92006 697531 53760623
PT [2 0 710 -3 1]
 P 966578 92362 697552 53830712
PT [2 0 711 -3 1]
 P 968430 92434 697566 53900701
PT [2 0 712 -3 1]
 P 969649 92434 697569 53972881
PT [2 0 713 -3 1]
 P 970997 92788 697589 54047476
PT [2 0 714 -3 1]
 P 972238 92932 701000 54117241
PT [2 0 715 -3 1]
 P 974572 93287 701018 54191772
PT [2 0 716 -3 1]
 P 975743 93287 701021 54261601
PT [2 0 717 -3 1]
 P 977035 93287 701025 54333781
PT [2 0 718 -3 1]
 P 978537 93643 701044 54408536
PT [2 0 719 -3 1]
 P 979683 93787 704454 54478141
PT [2 0 720 -3 1]
 P 981894 94141 704475 54551648
PT [2 0 721 -3 1]
 P 983138 94141 704479 54622501
PT [2 0 722 -3 1]
 P 984371 94141 704482 54694681
PT [2 0 723 -3 1]
 P 985785 94495 704501 54768956
PT [2 0 724 -3 1]
 P 986899 94639 707911 54839041
PT [2 0 725 -3 1]
 P 989264 94995 707930 54913220
PT [2 0 726 -3 1]
 P 990973 95067 707943 54983401
PT [2 0 727 -3 1]
 P 992268 95067 707947 55055581
PT [2 0 728 -3 1]
 P 993770 95422 707966 55129344
PT [2 0 729 -3 1]
 P 994392 95494 711366 55199941
PT [2 0 730 -3 1]
 P 996571 95848 711387 55274056
PT [2 0 731 -3 1]
 P 998341 95920 711401 55344301
PT [2 0 732 -3 1]
 P 998534 95920 714796 55417552
PT [2 0 733 -3 1]
 P 999756 95920 714800 55488661
PT [2 0 734 -3 1]
 P 1001190 96274 714820 55563128
PT [2 0 735 -3 1]
 P 1004583 96773 714861 55635564
PT [2 0 736 -3 1]
 P 1005769 96773 714864 55705201
PT [2 0 737 -3 1]
 P 1006389 96845 718265 55779060
PT [2 0 738 -3 1]
 P 1007674 96845 718268 55849561
PT [2 0 739 -3 1]
 P 1009112 97200 718289 55924060
PT [2 0 740 -3 1]
 P 1011922 97627 718320 55995248
PT [2 0 741 -3 1]
 P 1013170 97627 718323 56066101
PT [2 0 742 -3 1]
 P 1013662 97699 721724 56140408
PT [2 0 743 -3 1]
 P 1014887 97699 721728 56210461
PT [2 0 744 -3 1]
 P 1016207 98054 721746 56283938
PT [2 0 745 -1 1]
 P 1018980 98481 721775 56356468
PT [2 0 746 -3 1]
 P 1020168 98481 721778 56427001
PT [2 0 747 -3 1]
 P 1020692 98553 725179 56501404
PT [2 0 748 -3 1]
 P 1022621 98908 725198 56573297
PT [2 0 749 -3 1]
 P 1024451 98980 725212 56643541
PT [2 0 750 -3 1]
 P 1025713 98980 725215 56715721
PT [2 0 751 -3 1]
 P 1027064 99335 725236 56789356
PT [2 0 752 -3 1]
 P 1027753 99407 731209 56864395
PT [2 0 753 -3 1]
 P 1029911 99761 731230 56934421
PT [2 0 754 -3 1]
 P 1031618 99833 731244 57004441
PT [2 0 755 -3 1]
 P 1032955 99905 731263 57079036
PT [2 0 756 -3 1]
 P 1034143 99905 731267 57148801
PT [2 0 757 -3 1]
 P 1035615 100260 731286 57222596
PT [2 0 758 -3 1]
 P 1037275 100332 731299 57293161
PT [2 0 759 -2 1]
 P 1038659 100687 731318 57368268
PT [2 0 760 -3 1]
 P 1039216 100759 734719 57437521
PT [2 0 761 -2 1]
 P 1041470 101114 734739 57511892
PT [2 0 762 -3 1]
 P 1043144 101186 734753 57581881
PT [2 0 763 -3 1]
 P 1044248 101186 734756 57654061
PT [2 0 764 -3 1]
 P 1045703 101541 734775 57729104
PT [2 0 765 -3 1]
 P 1047402 101613 734789 57798421
PT [2 0 766 -3 1]
 P 1048770 101967 734809 57872856
PT [2 0 767 -3 1]
 P 1050572 102039 734823 57942781
PT [2 0 768 -3 1]
 P 1051741 102039 734826 58014961
PT [2 0 769 -3 1]
 P 1053204 102394 734846 58089237
PT [2 0 770 -3 1]
 P 1053825 102466 738246 58159321
PT [2 0 771 -3 1]
 P 1056158 102822 738264 58233373
PT [2 0 772 -3 1]
 P 1057836 102894 738278 58303681
PT [2 0 773 -3 1]
 P 1058945 102894 738282 58375861
PT [2 0 774 -3 1]
 P 1060317 103249 738302 58450936
PT [2 0 775 -3 1]
 P 1061285 103321 741708 58522631
PT [2 0 776 -3 1]
 P 1063464 103676 741728 58594593
PT [2 0 777 -1 1]
 P 1065049 103748 741743 58664581
PT [2 0 778 -3 1]
 P 1065541 103820 745144 58739368
PT [2 0 779 -3 1]
 P 1066725 103820 745147 58808941
PT [2 0 780 -3 1]
 P 1068176 104175 745167 58883728
PT [2 0 781 -3 1]
 P 1071001 104602 745197 58955621
PT [2 0 782 -3 1]
 P 1072149 104602 745200 59025481
PT [2 0 783 -3 1]
 P 1072705 104674 748601 59100652
PT [2 0 784 -3 1]
 P 1073829 104674 748604 59169841
PT [2 0 785 -3 1]
 P 1075254 105029 748623 59243444
PT [2 0 786 -3 1]
 P 1078020 105456 748655 59315593
PT [2 0 787 -3 1]
 P 1079599 105528 748669 59386381
PT [2 0 788 -3 1]
 P 1079599 105528 752059 59458561
PT [2 0 789 -3 1]
 P 1080785 105528 752062 59530741
PT [2 0 790 -3 1]
 P 1082267 105883 752083 59604664
PT [2 0 791 -3 1]
 P 1085059 106309 752114 59677005
PT [2 0 792 -3 1]
 P 1086798 106381 752128 59747281
PT [2 0 793 -2 1]
 P 1086867 106381 758090 59824447
PT [2 0 794 -2 1]
 P 1087993 106381 758093 59891641
PT [2 0 795 -2 1]
 P 1089450 106735 758113 59966108
PT [2 0 796 -3 1]
 P 1092708 107234 758153 60038673
PT [2 0 797 -3 1]
 P 1093797 107234 758156 60108181
PT [2 0 798 -3 1]
 P 1094385 107306 761557 60182008
PT [2 0 799 -3 1]
 P 1095573 107306 761560 60252541
PT [2 0 800 -3 1]
 P 1097024 107661 761580 60327040
PT [2 0 801 -3 1]
 P 1099848 108088 761610 60398292
PT [2 0 802 -3 1]
 P 1100999 108088 761614 60469081
PT [2 0 803 -3 1]
 P 1101587 108160 765015 60543484
PT [2 0 804 -3 1]
 P 1102715 108160 765018 60613441
PT [2 0 805 -3 1]
 P 1104140 108514 765038 60687012
PT [2 0 806 -3 1]
 P 1106317 108586 765057 60757801
PT [2 0 807 -3 1]
 P 1108246 108941 765077 60832204
PT [2 0 808 -3 1]
 P 1109914 109013 765091 60902161
PT [2 0 809 -3 1]
 P 1111115 109013 765094 60974341
PT [2 0 810 -3 1]
 P 1112565 109367 765114 61048617
PT [2 0 811 -2 1]
 P 1113412 109439 768520 61119775
PT [2 0 812 -3 1]
 P 1115730 109794 768540 61193168
PT [2 0 813 -3 1]
 P 1117407 109866 768554 61263061
PT [2 0 814 -3 1]
 P 1118548 109866 768557 61335241
PT [2 0 815 -3 1]
 P 1119876 110220 768577 61409804
PT [2 0 816 -3 1]
 P 1122608 110364 768608 61481632
PT [2 0 817 -3 1]
 P 1124570 110720 768630 61554772
PT [2 0 818 -3 1]
 P 1125663 110720 768633 61623961
PT [2 0 819 -3 1]
 P 1126866 110720 768636 61696141
PT [2 0 820 -3 1]
 P 1128285 111074 768655 61769680
PT [2 0 821 -3 1]
 P 1129494 111218 772066 61840501
PT [2 0 822 -3 1]
 P 1131686 111572 772087 61915417
PT [2 0 823 -3 1]
 P 1132842 111572 772092 61984861
PT [2 0 824 -3 1]
 P 1133986 111572 772095 62057041
PT [2 0 825 -3 1]
 P 1135314 111927 772116 62130868
PT [2 0 826 -3 1]
 P 1138046 112071 772147 62201401
PT [2 0 827 -3 1]
 P 1140071 112426 772166 62276796
PT [2 0 828 -3 1]
 P 1141788 112498 772179 62345761
PT [2 0 829 -3 1]
 P 1141788 112498 775569 62417941
PT [2 0 830 -3 1]
 P 1142982 112498 775572 62490121
PT [2 0 831 -3 1]
 P 1144485 112853 775590 62564844
PT [2 0 832 -3 1]
 P 1147393 113280 775618 62636192
PT [2 0 833 -3 1]
 P 1149075 113352 775631 62706661
PT [2 0 834 -3 1]
 P 1149144 113352 781593 62783571
PT [2 0 835 -3 1]
 P 1150277 113352 781596 62851021
PT [2 0 836 -3 1]
 P 1151659 113707 781615 62925425
PT [2 0 837 -3 1]
 P 1155053 114206 781656 62997956
PT [2 0 838 -3 1]
 P 1156151 114206 781659 63067561
PT [2 0 839 -3 1]
 P 1156739 114278 785060 63141388
PT [2 0 840 -3 1]
 P 1157934 114278 785064 63211921
PT [2 0 841 -3 1]
 P 1159372 114632 785084 63286420
PT [2 0 842 -3 1]
 P 1162214 115058 785116 63357640
PT [2 0 843 -3 1]
 P 1163373 115058 785119 63428461
PT [2 0 844 -3 1]
 P 1163961 115130 788520 63502865
PT [2 0 845 -3 1]
 P 1165096 115130 788523 63572821
PT [2 0 846 -3 1]
 P 1166540 115485 788542 63646424
PT [2 0 847 -3 1]
 P 1169376 115912 788572 63718892
PT [2 0 848 -3 1]
 P 1170474 115912 788576 63789361
PT [2 0 849 -3 1]
 P 1170966 115984 791977 63863732
PT [2 0 850 -3 1]
 P 1172163 115984 791981 63933721
PT [2 0 851 -3 1]
 P 1173536 116339 792002 64007772
PT [2 0 852 -3 1]
 P 1174129 116411 797976 64083067
PT [2 0 853 -3 1]
 P 1176372 116765 797996 64152484
PT [2 0 854 -3 1]
 P 1178046 116837 798010 64222441
PT [2 0 855 -3 1]
 P 1179183 116837 798013 64294621
PT [2 0 856 -3 1]
 P 1180502 117192 798031 64369186
PT [2 0 857 -1 1]
 P 1181584 117336 801441 64438981
PT [2 0 858 -3 1]
 P 1183949 117691 801462 64513544
PT [2 0 859 -3 1]
 P 1185039 117691 801465 64583341
PT [2 0 860 -3 1]
 P 1186251 117691 801468 64655521
PT [2 0 861 -3 1]
 P 1187658 118046 801488 64730181
PT [2 0 862 -3 1]
 P 1188675 118190 804899 64799881
PT [2 0 863 -2 1]
 P 1190919 118546 804918 64873420
PT [2 0 864 -3 1]
 P 1192083 118546 804921 64944241
PT [2 0 865 -3 1]
 P 1193236 118546 804924 65016421
PT [2 0 866 -3 1]
 P 1194650 118901 804943 65090697
PT [2 0 867 -3 1]
 P 1195829 119045 808353 65160781
PT [2 0 868 -3 1]
 P 1198163 119400 808372 65234928
PT [2 0 869 -3 1]
 P 1199792 119472 808386 65305141
PT [2 0 870 -3 1]
 P 1201007 119472 808389 65377321
PT [2 0 871 -3 1]
 P 1202413 119827 808408 65450988
PT [2 0 872 -3 1]
 P 1203002 119899 811808 65521681
PT [2 0 873 -3 1]
 P 1205213 120255 811828 65595828
PT [2 0 874 -3 1]
 P 1206968 120327 811842 65666041
PT [2 0 875 -3 1]
 P 1207240 120327 815237 65739371
PT [2 0 876 -3 1]
 P 1208382 120327 815240 65810401
PT [2 0 877 -3 1]
 P 1209784 120681 815260 65884836
PT [2 0 878 -3 1]
 P 1213242 121180 815301 65957336
PT [2 0 879 -3 1]
 P 1214347 121180 815304 66026941
PT [2 0 880 -3 1]
 P 1214871 121252 818705 66100704
PT [2 0 881 -3 1]
 P 1216074 121252 818708 66171301
PT [2 0 882 -3 1]
 P 1217512 121606 818729 66245800
PT [2 0 883 -3 1]
 P 1220295 122032 818758 66317085
PT [2 0 884 -3 1]
 P 1221462 122032 818761 66387841
PT [2 0 885 -3 1]
 P 1222019 122104 822161 66462212
PT [2 0 886 -3 1]
 P 1223162 122104 822164 66532201
PT [2 0 887 -3 1]
 P 1224512 122459 822182 66605708
PT [2 0 888 -3 1]
 P 1227444 122886 822212 66678272
PT [2 0 889 -3 1]
 P 1228550 122886 822215 66748741
PT [2 0 890 -3 1]
 P 1229106 122958 825616 66823176
PT [2 0 891 -3 1]
 P 1230312 122958 825620 66893101
PT [2 0 892 -3 1]
 P 1231781 123313 825641 66967248
PT [2 0 893 -3 1]
 P 1234623 123739 825672 67038948
PT [2 0 894 -3 1]
 P 1236414 123811 825685 67109641
PT [2 0 895 -3 1]
 P 1236562 123811 829080 67183648
PT [2 0 896 -3 1]
 P 1237708 123811 829083 67254001
PT [2 0 897 -3 1]
 P 1239152 124167 829102 67328468
PT [2 0 898 -3 1]
 P 1240298 124311 832512 67398361
PT [2 0 899 -3 1]
 P 1242569 124666 832530 67473116
PT [2 0 900 -2 1]
 P 1243667 124666 832533 67542721
PT [2 0 901 -2 1]
 P 1244886 124666 832537 67614901
PT [2 0 902 -2 1]
 P 1246293 125021 832557 67689080
PT [2 0 903 -3 1]
 P 1247343 125165 835967 67759261
PT [2 0 904 -3 1]
 P 1249622 125520 835985 67832865
PT [2 0 905 -1 1]
 P 1251353 125592 835998 67903621
PT [2 0 906 -3 1]
 P 1252513 125592 836001 67975801
PT [2 0 907 -3 1]
 P 1253831 125946 836020 68049276
PT [2 0 908 -3 1]
 P 1254388 126018 839420 68120161
PT [2 0 909 -3 1]
 P 1256725 126373 839439 68194087
PT [2 0 910 0 1]
 P 1258330 126445 839452 68264521
PT [2 0 911 -3 1]
 P 1259551 126445 839455 68336701
PT [2 0 912 -3 1]
 P 1260958 126800 839473 68410784
PT [2 0 913 -3 1]
 P 1261515 126872 842873 68481061
PT [2 0 914 -3 1]
 P 1263694 127227 842894 68554696
PT [2 0 915 -3 1]
 P 1265392 127299 842907 68625421
PT [2 0 916 -3 1]
 P 1266553 127299 842910 68697601
PT [2 0 917 -3 1]
 P 1267936 127654 842928 68771780
PT [2 0 918 -3 1]
 P 1269115 127798 846338 68843640
PT [2 0 919 -3 1]
 P 1271353 128153 846358 68916972
PT [2 0 920 -3 1]
 P 1272466 128153 846361 68986321
PT [2 0 921 -3 1]
 P 1273023 128225 849761 69060788
PT [2 0 922 -3 1]
 P 1274235 128225 849764 69130681
PT [2 0 923 -3 1]
 P 1275664 128580 849782 69204060
PT [2 0 924 -3 1]
 P 1278529 129006 849813 69276464
PT [2 0 925 -3 1]
 P 1279704 129006 849816 69347221
PT [2 0 926 -3 1]
 P 1280229 129078 853216 69420952
PT [2 0 927 -3 1]
 P 1281380 129078 853219 69491581
PT [2 0 928 -3 1]
 P 1282721 129433 853238 69566785
PT [2 0 929 -3 1]
 P 1285494 129859 853268 69637364
PT [2 0 930 -3 1]
 P 1287198 129931 853281 69708121
PT [2 0 931 -3 1]
 P 1287198 129931 856671 69780301
PT [2 0 932 -3 1]
 P 1288412 129931 856674 69852481
PT [2 0 933 -3 1]
 P 1289852 130286 856694 69927013
PT [2 0 934 -3 1]
 P 1292632 130713 856723 69999960
PT [2 0 935 -3 1]
 P 1294302 130785 856736 70069021
PT [2 0 936 -3 1]
 P 1294745 130785 860131 70142074
PT [2 0 937 -3 1]
 P 1295898 130785 860134 70213381
PT [2 0 938 -3 1]
 P 1297216 131139 860154 70287720
PT [2 0 939 -3 1]
 P 1300579 131637 860194 70360284
PT [2 0 940 -2 1]
 P 1301696 131637 860197 70429921
PT [2 0 941 -2 1]
 P 1302317 131709 863597 70503780
PT [2 0 942 -3 1]
 P 1303533 131709 863600 70574281
PT [2 0 943 -3 1]
 P 1304974 132064 863620 70648780
PT [2 0 944 -3 1]
 P 1305564 132136 867020 70718641
PT [2 0 945 -3 1]
 P 1307841 132491 867040 70792244
PT [2 0 946 -3 1]
 P 1309534 132563 867053 70863001
PT [2 0 947 -3 1]
 P 1310689 132563 867056 70935181
PT [2 0 948 -3 1]
 P 1312040 132917 867076 71008688
PT [2 0 949 -3 1]
 P 1312534 132989 870476 71079541
PT [2 0 950 -3 1]
 P 1314868 133343 870495 71153464
PT [2 0 951 -3 1]
 P 1316468 133415 870508 71223901
PT [2 0 952 -3 1]
 P 1317698 133415 870511 71296081
PT [2 0 953 -3 1]
 P 1319073 133770 870529 71370132
PT [2 0 954 -3 1]
 P 1319764 133842 876501 71445427
PT [2 0 955 -3 1]
 P 1321977 134197 876520 71514812
PT [2 0 956 -3 1]
 P 1323780 134269 876533 71584801
PT [2 0 957 -3 1]
 P 1324949 134269 876537 71656981
PT [2 0 958 -3 1]
 P 1326299 134623 876557 71731576
PT [2 0 959 -3 1]
 P 1326989 134695 882529 71804791
PT [2 0 960 -3 1]
 P 1329290 135049 882549 71875744
PT [2 0 961 -3 1]
 P 1330969 135121 882562 71945701
PT [2 0 962 -3 1]
 P 1332201 135121 882565 72017881
PT [2 0 963 -3 1]
 P 1333672 135475 882584 72092540
PT [2 0 964 -3 1]
 P 1334785 135619 885995 72162241
PT [2 0 965 -3 1]
 P 1336538 135902 886005 72236001
PT [2 0 966 -3 1]
 P 1337722 135902 886008 72306601
PT [2 0 967 -3 1]
 P 1338893 135902 886012 72378781
PT [2 0 968 -3 1]
 P 1340210 136257 886030 72453120
PT [2 0 969 -3 1]
 P 1341850 136473 889452 72525589
PT [2 0 970 -3 1]
 P 1344118 136828 889472 72596904
PT [2 0 971 -3 1]
 P 1345736 136900 889486 72667501
PT [2 0 972 -1 1]
 P 1345736 136900 892876 72739681
PT [2 0 973 -1 1]
 P 1346958 136900 892879 72811861
PT [2 0 974 -1 1]
 P 1348450 137255 892898 72887096
PT [2 0 975 -3 1]
 P 1351347 137682 892927 72958444
PT [2 0 976 -3 1]
 P 1353059 137754 892940 73028401
PT [2 0 977 -3 1]
 P 1353223 137754 896335 73101303
PT [2 0 978 -3 1]
 P 1354385 137754 896338 73172761
PT [2 0 979 -3 1]
 P 1355755 138111 896357 73247164
PT [2 0 980 -3 1]
 P 1359151 138609 896396 73319697
PT [2 0 981 -3 1]
 P 1360276 138609 896399 73389301
PT [2 0 982 -3 1]
 P 1360833 138681 899799 73463096
PT [2 0 983 -3 1]
 P 1362057 138681 899802 73533661
PT [2 0 984 -3 1]
 P 1363464 139036 899820 73608128
PT [2 0 985 -3 1]
 P 1366307 139463 899849 73679444
PT [2 0 986 -3 1]
 P 1367495 139463 899852 73750201
PT [2 0 987 -3 1]
 P 1368021 139535 903252 73824541
PT [2 0 988 -3 1]
 P 1369185 139535 903255 73894561
PT [2 0 989 -3 1]
 P 1370020 139818 903267 73967307
PT [2 0 990 -3 1]
 P 1372299 140173 903289 74041113
PT [2 0 991 -3 1]
 P 1374541 140317 903313 74111101
PT [2 0 992 -3 1]
 P 1375131 140389 906713 74185761
PT [2 0 993 -1 1]
 P 1376356 140389 906716 74255461
PT [2 0 994 -1 1]
 P 1377731 140744 906735 74329192
PT [2 0 995 -3 1]
 P 1378843 140816 912157 74403975
PT [2 0 996 -3 1]
 P 1381150 141171 912176 74474288
PT [2 0 997 -3 1]
 P 1382915 141243 912190 74544181
PT [2 0 998 -3 1]
 P 1384079 141243 912194 74616361
PT [2 0 999 -3 1]
 P 1385524 141598 912212 74691052
PT [2 0 1000 -3 1]
 P 1386639 141742 915622 74760721
PT [2 0 1001 -3 1]
 P 1388940 142097 915643 74835221
PT [2 0 1002 -3 1]
 P 1390057 142097 915646 74905081
PT [2 0 1003 -3 1]
 P 1391296 142097 915650 74977261
PT [2 0 1004 -3 1]
 P 1392766 142452 915670 75051984
PT [2 0 1005 -3 1]
 P 1393913 142596 919080 75121621
PT [2 0 1006 -3 1]
 P 1396125 142952 919098 75195128
PT [2 0 1007 -3 1]
 P 1397316 142952 919102 75265981
PT [2 0 1008 -3 1]
 P 1398495 142952 919105 75338161
PT [2 0 1009 -3 1]
 P 1399908 143308 919123 75412436
PT [2 0 1010 -3 1]
 P 1401023 143452 922533 75482521
PT [2 0 1011 -3 1]
 P 1403292 143807 922552 75556604
PT [2 0 1012 -3 1]
 P 1405013 143879 922565 75626881
PT [2 0 1013 -3 1]
 P 1406255 143879 922569 75699061
PT [2 0 1014 -3 1]
 P 1407725 144234 922589 75772792
PT [2 0 1015 -3 1]
 P 1408251 144306 925989 75843421
PT [2 0 1016 -3 1]
 P 1410496 144661 926007 75917601
PT [2 0 1017 -1 1]
 P 1412281 144733 926020 75987781
PT [2 0 1018 -2 1]
 P 1412902 144805 929420 76061704
PT [2 0 1019 -3 1]
 P 1414073 144805 929423 76132141
PT [2 0 1020 -3 1]
 P 1415444 145160 929442 76207217
PT [2 0 1021 -3 1]
 P 1418283 145586 929472 76277732
PT [2 0 1022 -3 1]
 P 1419417 145586 929475 76348681
PT [2 0 1023 -3 1]
 P 1420006 145658 932875 76422636
PT [2 0 1024 -3 1]
 P 1421238 145658 932878 76493041
PT [2 0 1025 -3 1]
 P 1422616 146013 932896 76566581
PT [2 0 1026 -3 1]
 P 1425429 146440 932925 76640488
PT [2 0 1027 -3 1]
 P 1426624 146440 932928 76709581
PT [2 0 1028 -3 1]
 P 1427149 146512 936328 76783024
PT [2 0 1029 -3 1]
 P 1428320 146512 936331 76853941
PT [2 0 1030 -3 1]
 P 1429703 146867 936350 76927608
PT [2 0 1031 -3 1]
 P 1432636 147294 936380 77000684
PT [2 0 1032 -3 1]
 P 1433771 147294 936383 77070481
PT [2 0 1033 -3 1]
 P 1434391 147366 939785 77145109
PT [2 0 1034 -3 1]
 P 1435625 147366 939788 77214841
PT [2 0 1035 -3 1]
 P 1437031 147721 939807 77290076
PT [2 0 1036 -3 1]
 P 1439875 148148 939836 77360401
PT [2 0 1037 -3 1]
 P 1441565 148220 939849 77431381
PT [2 0 1038 -3 1]
 P 1441634 148220 945811 77508515
PT [2 0 1039 -3 1]
 P 1442807 148220 945814 77575741
PT [2 0 1040 -3 1]
 P 1444156 148575 945832 77650112
PT [2 0 1041 -3 1]
 P 1445367 148719 949242 77720101
PT [2 0 1042 -3 1]
 P 1447637 149074 949263 77794857
PT [2 0 1043 -2 1]
 P 1448762 149074 949266 77864461
PT [2 0 1044 -2 1]
 P 1450010 149074 949270 77936641
PT [2 0 1045 -2 1]
 P 1451385 149428 949290 78010788
PT [2 0 1046 -3 1]
 P 1452596 149572 952700 78081001
PT [2 0 1047 -2 1]
 P 1454777 149926 952719 78154508
PT [2 0 1048 -3 1]
 P 1456535 149998 952732 78225361
PT [2 0 1049 -3 1]
 P 1457723 149998 952735 78297541
PT [2 0 1050 -3 1]
 P 1459105 150353 952753 78371080
PT [2 0 1051 -3 1]
 P 1459694 150425 956153 78441901
PT [2 0 1052 -3 1]
 P 1461932 150780 956171 78515729
PT [2 0 1053 -3 1]
 P 1463598 150852 956184 78586261
PT [2 0 1054 -3 1]
