using saved target 'z1'
../../../../contiki/tools/sky/serialdump-linux -b115200 /dev/ttyUSB3
connecting to /dev/ttyUSB3 (115200) [OK]
Rime started with address 4.0
MAC 04:00:00:00:00:00:00:00 Ref ID: 4841
Contiki-3.x-2125-g5d67a61 started. Node id is set to 4.

************************************************
RTIMER_SECOND = 32768. F_CPU=8000000.
CLOCK_SECOND=128.
DURSLOT = 6015.(0.1835 s).
DURSLEEP = 66165.
DURCYCLE = 72180 .(2.2027 s).
MAX_CLOCK_DRIFT = WAKEUP_ADVANCE_TIME = 327 (0.0049 s).
PERIODIC_BCAST_CYCLES_SENSOR = 4194307.
PERIODIC_BCAST_CYCLES_SINK = 4194307.
MAX_CYCLE_COUNTER = 41728.
MAX_COUNT_NO_RTS_CTS = 65535.
MAX_CHILD_NUM = 10.
MAX_TRY_TO_FIND_PARENT = 3.

**********Below is Related Settings**********
PRIMAC_CONF_COMPOWER = 1.
PRIMAC_CONF_COMPOWER_SUPPORT = 1.
SF = 10.
PRI_SYNC_SUPPORT = 1.
RANDOM_DRIFT_IN_COOJA_SUPPORT = 0.
ADCSC_SUPPORT = 1.
DATA_TX_SUPPORT = 1.
CYCLES_PER_PACKET = 5.
DATA_INTERVAL = 5.
RETX_LIMIT = 6.
TOTAL_DATA_NUM = 100.
MAX_DATA_QUEUE_BUFS = 10.
PROC_GRADE_BASED_ON_ADDR_SUPPORT = 1.
NODES_NUM_PER_GRADE = 2.
ADDRESS_FREE_SUPPORT = 0.
IS_COOJA_SIM = 0.
CROSS_PLATFORM_SUPPORT = 0.
************************************************

My address is 4.0.
nullmac PRIMAC, channel check rate 8 Hz, radio channel 26
Starting
Hello, world
 P 0 0 0 1709648
 P 0 0 3390 1781828
 P 0 0 6780 1854008
 P 0 0 10223 1928106
 P 0 0 13613 1998368
 P 0 0 17003 2070548
 P 0 0 20393 2142728
 P 0 0 23783 2214908
EMPTY QUEUE
 P 338 0 27177 2289232
PT [3 0 1 -3 1]
 P 338 0 30567 2359268
PT [3 0 2 -3 1]
 P 338 0 33957 2431448
PT [3 0 3 -3 1]
 P 338 0 37347 2503628
PT [3 0 4 -3 1]
 P 338 0 40737 2575808
PT [3 0 5 -3 1]
EMPTY QUEUE
 P 870 0 44130 2649332
PT [3 0 6 -5 1]
 P 870 0 47520 2720168
PT [3 0 7 -5 1]
 P 870 0 50910 2792348
PT [3 0 8 -5 1]
 P 870 0 54300 2864528
PT [3 0 9 -5 1]
 P 870 0 57690 2936708
PT [3 0 10 -5 1]
EMPTY QUEUE
 P 1530 0 61083 3010777
PT [3 0 11 -6 2]
 P 1530 0 64473 3081068
PT [3 0 12 -6 2]
 P 1530 0 67863 3153248
PT [3 0 13 -6 2]
 P 1530 0 71253 3225428
PT [3 0 14 -6 2]
 P 1530 0 74643 3297608
PT [3 0 15 -6 2]
EMPTY QUEUE
 P 2221 0 78037 3371996
PT [3 0 16 -7 2]
 P 2221 0 81427 3441968
PT [3 0 17 -7 2]
 P 2221 0 84817 3514148
PT [3 0 18 -7 2]
 P 2221 0 88207 3586328
PT [3 0 19 -7 2]
 P 2221 0 91597 3658508
PT [3 0 20 -7 2]
EMPTY QUEUE
 P 2848 0 94991 3733505
PT [3 0 21 -8 2]
 P 2848 0 98381 3802868
PT [3 0 22 -8 2]
 P 2848 0 101771 3875048
PT [3 0 23 -8 2]
 P 2848 0 105161 3947228
PT [3 0 24 -8 2]
 P 2848 0 108551 4019408
PT [3 0 25 -8 2]
EMPTY QUEUE
 P 3602 0 111945 4094051
PT [3 0 26 -9 2]
 P 3602 0 115335 4163768
PT [3 0 27 -9 2]
 P 3602 0 118725 4235948
PT [3 0 28 -9 2]
 P 3602 0 122115 4308128
PT [3 0 29 -9 2]
 P 3602 0 125505 4380308
PT [3 0 30 -9 2]
EMPTY QUEUE
 P 4228 0 128899 4453703
PT [3 0 31 -10 2]
 P 4228 0 132289 4524668
PT [3 0 32 -10 2]
 P 4228 0 135679 4596848
PT [3 0 33 -10 2]
 P 4228 0 139069 4669028
PT [3 0 34 -10 2]
 P 4228 0 142459 4741208
PT [3 0 35 -10 2]
EMPTY QUEUE
 P 4919 0 145853 4815467
PT [3 0 36 -11 2]
 P 4919 0 149243 4885568
PT [3 0 37 -11 2]
 P 4919 0 152633 4957748
PT [3 0 38 -11 2]
 P 4919 0 156023 5029928
PT [3 0 39 -11 2]
 P 4919 0 159413 5102108
PT [3 0 40 -11 2]
EMPTY QUEUE
 P 5643 0 162807 5175536
PT [3 0 41 -12 2]
 P 5643 0 166197 5246468
PT [3 0 42 -12 2]
 P 5643 0 169587 5318648
PT [3 0 43 -12 2]
 P 5643 0 172977 5390828
PT [3 0 44 -12 2]
 P 5643 0 176367 5463008
PT [3 0 45 -12 2]
EMPTY QUEUE
 P 6367 0 179761 5536468
PT [3 0 46 -13 2]
 P 6367 0 183151 5607368
PT [3 0 47 -13 2]
 P 6367 0 186541 5679548
PT [3 0 48 -13 2]
 P 6367 0 189931 5751728
PT [3 0 49 -13 2]
 P 6367 0 193321 5823908
PT [3 0 50 -13 2]
EMPTY QUEUE
 P 7123 0 196715 5898840
PT [3 0 51 -14 2]
 P 7123 0 200105 5968268
PT [3 0 52 -14 2]
 P 7123 0 203495 6040448
PT [3 0 53 -14 2]
 P 7134 0 206887 6113897
PT [3 0 54 -14 2]
 P 7825 72 210283 6187514
PT [3 0 55 -15 2]
 P 8516 144 213679 6259342
PT [3 0 56 -15 2]
 P 8516 144 217069 6329168
PT [3 0 57 -15 2]
 P 8575 144 223031 6405940
PT [3 0 58 -15 2]
 P 9330 216 226427 6476297
PT [3 0 59 -16 2]
 P 9330 216 229817 6545708
PT [3 0 60 -16 2]
 P 10022 288 233213 6620242
PT [3 0 61 -16 2]
 P 10022 288 236603 6690068
PT [3 0 62 -16 2]
 P 10081 288 242565 6766840
PT [3 0 63 -16 2]
 P 10707 360 245961 6837069
PT [3 0 64 -17 2]
 P 11430 432 249357 6908994
PT [3 0 65 -17 2]
 P 11430 432 252747 6978788
PT [3 0 66 -17 2]
 P 11489 432 258709 7055560
PT [3 0 67 -17 2]
 P 12115 504 262105 7125789
PT [3 0 68 -18 2]
 P 12115 504 265495 7195328
PT [3 0 69 -18 2]
 P 12838 576 268891 7269894
PT [3 0 70 -18 2]
 P 12838 576 272281 7339688
PT [3 0 71 -18 2]
 P 13530 648 275676 7414765
PT [3 0 72 -19 2]
 P 13530 648 279066 7484048
PT [3 0 73 -19 2]
 P 13589 648 285028 7560724
PT [3 0 74 -19 2]
 P 14249 720 288424 7631082
PT [3 0 75 -19 2]
 P 14909 792 291819 7702910
PT [3 0 76 -19 2]
 P 14909 792 295209 7772768
PT [3 0 77 -19 2]
 P 14909 792 298599 7844948
PT [3 0 78 -19 2]
 P 14966 792 304562 7921720
PT [3 0 79 -19 2]
 P 15659 864 307958 7992015
PT [3 0 80 -20 2]
 P 16383 936 311353 8063873
PT [3 0 81 -21 2]
 P 16383 936 314743 8133668
PT [3 0 82 -21 2]
 P 16442 936 320705 8210440
PT [3 0 83 -21 2]
 P 17102 1008 324101 8280702
PT [3 0 84 -21 2]
 P 17102 1008 327491 8350208
PT [3 0 85 -21 2]
 P 17730 1080 330886 8424677
PT [3 0 86 -22 2]
 P 17730 1080 334276 8494568
PT [3 0 87 -22 2]
 P 17789 1080 340238 8571340
PT [3 0 88 -22 2]
 P 18416 1152 343634 8641570
PT [3 0 89 -22 2]
 P 19044 1224 347029 8713398
PT [3 0 90 -22 2]
 P 19044 1224 350419 8783288
PT [3 0 91 -22 2]
 P 19103 1224 356381 8860060
PT [3 0 92 -22 2]
 P 19826 1296 359777 8930386
PT [3 0 93 -23 2]
 P 19826 1296 363167 8999828
PT [3 0 94 -23 2]
 P 20486 1368 366562 9074330
PT [3 0 95 -24 2]
 P 20486 1368 369952 9144188
PT [3 0 96 -24 2]
 P 20544 1368 375915 9220960
PT [3 0 97 -24 2]
 P 21237 1440 379311 9291255
PT [3 0 98 -24 2]
 P 21517 1440 385050 9364775
PT [3 0 99 -24 2]
 P 21686 1440 388442 9434849
PT [3 0 100 -24 2]
 P 22409 1512 391839 9507827
PT [3 0 101 -25 2]
 P 23131 1584 395235 9577268
PT [3 0 102 -25 2]
 P 23131 1584 398625 9649448
PT [3 0 103 -25 2]
 P 23428 1584 402018 9723889
PT [3 0 104 -25 2]
 P 24184 1656 405413 9796577
PT [3 0 105 -26 2]
 P 24242 1656 411375 9870036
PT [3 0 106 -26 2]
 P 24869 1728 414771 9940810
PT [3 0 107 -26 2]
 P 25561 1800 418167 10012702
PT [3 0 108 -26 2]
 P 25561 1800 421557 10082528
PT [3 0 109 -26 2]
 P 25561 1800 424947 10154708
PT [3 0 110 -26 2]
 P 25620 1800 430909 10231480
PT [3 0 111 -26 2]
 P 26280 1872 434305 10301742
PT [3 0 112 -27 2]
 P 27004 1944 437701 10373635
PT [3 0 113 -26 2]
 P 27004 1944 441091 10443428
PT [3 0 114 -26 2]
 P 27063 1944 447053 10520200
PT [3 0 115 -26 2]
 P 27785 2016 450449 10590525
PT [3 0 116 -28 2]
 P 28413 2088 453845 10662258
PT [3 0 117 -28 2]
 P 28413 2088 457235 10732148
PT [3 0 118 -28 2]
 P 28413 2088 460625 10804328
PT [3 0 119 -28 2]
 P 28472 2088 466587 10881100
PT [3 0 120 -28 2]
 P 29163 2160 469983 10951393
PT [3 0 121 -29 2]
 P 29855 2232 473379 11023222
PT [3 0 122 -29 2]
 P 29855 2232 476769 11093048
PT [3 0 123 -29 2]
 P 29914 2232 482731 11169820
PT [3 0 124 -29 2]
 P 30636 2304 486127 11240145
PT [3 0 125 -30 2]
 P 31328 2376 489523 11311942
PT [3 0 126 -30 2]
 P 31328 2376 492913 11381768
PT [3 0 127 -30 2]
 P 31328 2376 496303 11453948
PT [3 0 128 -30 2]
 P 31387 2376 502265 11530720
PT [3 0 129 -30 2]
 P 32046 2448 505661 11600981
PT [3 0 130 -31 2]
 P 32706 2520 509057 11672810
PT [3 0 131 -31 2]
 P 32706 2520 512447 11742668
PT [3 0 132 -31 2]
 P 32763 2520 518410 11819440
PT [3 0 133 -31 2]
 P 33390 2592 521806 11889669
PT [3 0 134 -32 2]
 P 33390 2592 525196 11959208
PT [3 0 135 -32 2]
 P 34083 2664 528592 12033743
PT [3 0 136 -32 2]
 P 34083 2664 531982 12103568
PT [3 0 137 -32 2]
 P 34140 2664 537945 12180340
PT [3 0 138 -32 2]
 P 34863 2736 541341 12250665
PT [3 0 139 -33 2]
 P 35619 2808 544737 12322526
PT [3 0 140 -33 2]
 P 35619 2808 548127 12392288
PT [3 0 141 -33 2]
 P 35678 2808 554089 12469060
PT [3 0 142 -33 2]
 P 36305 2880 557485 12539289
PT [3 0 143 -34 2]
 P 36305 2880 560875 12608828
PT [3 0 144 -34 2]
 P 37029 2952 564271 12683394
PT [3 0 145 -34 2]
 P 37029 2952 567661 12753188
PT [3 0 146 -34 2]
 P 37088 2952 573623 12829960
PT [3 0 147 -34 2]
 P 37747 3024 577019 12900221
PT [3 0 148 -35 2]
 P 38405 3096 580415 12972049
PT [3 0 149 -35 2]
 P 38405 3096 583805 13041908
PT [3 0 150 -35 2]
 P 38464 3096 589767 13118680
PT [3 0 151 -35 2]
 P 39092 3168 593162 13188909
PT [3 0 152 -36 2]
 P 39092 3168 596552 13258448
PT [3 0 153 -36 2]
 P 39815 3240 599948 13333013
PT [3 0 154 -36 2]
 P 39815 3240 603338 13402808
PT [3 0 155 -36 2]
 P 39874 3240 609300 13479580
PT [3 0 156 -36 2]
 P 40565 3312 612695 13549873
PT [3 0 157 -37 2]
 P 41194 3384 616091 13621639
PT [3 0 158 -37 2]
 P 41194 3384 619481 13691528
PT [3 0 159 -37 2]
 P 41887 3456 622877 13766607
PT [3 0 160 -37 2]
 P 41887 3456 626267 13835888
PT [3 0 161 -37 2]
 P 41887 3456 629657 13908068
PT [3 0 162 -37 2]
 P 42356 3456 633049 13982584
PT [3 0 163 -37 2]
 P 43016 3528 636445 14055102
PT [3 0 164 -38 2]
 P 43074 3528 642408 14128656
PT [3 0 165 -38 2]
 P 43735 3600 645803 14199462
PT [3 0 166 -39 2]
 P 44490 3672 649199 14271385
PT [3 0 167 -39 2]
 P 44490 3672 652589 14341148
PT [3 0 168 -39 2]
 P 44490 3672 655979 14413328
PT [3 0 169 -39 2]
 P 44549 3672 661941 14490100
PT [3 0 170 -39 2]
 P 45272 3744 665336 14560425
PT [3 0 171 -40 2]
 P 46026 3816 668732 14632285
PT [3 0 172 -40 2]
 P 46026 3816 672122 14702048
PT [3 0 173 -40 2]
 P 46085 3816 678084 14778820
PT [3 0 174 -40 2]
 P 46713 3888 681479 14849050
PT [3 0 175 -40 2]
 P 46772 3888 687441 14922636
PT [3 0 176 -40 2]
 P 46955 3888 690834 14992723
PT [3 0 177 -40 2]
 P 47678 3960 694230 15065686
PT [3 0 178 -41 2]
 P 47689 3960 697622 15136557
PT [3 0 179 -41 2]
 P 48317 4032 701017 15209950
PT [3 0 180 -41 2]
 P 48944 4104 704413 15281777
PT [3 0 181 -42 2]
 P 48944 4104 707803 15351668
PT [3 0 182 -42 2]
 P 49003 4104 713765 15428440
PT [3 0 183 -42 2]
 P 49630 4176 717161 15498670
PT [3 0 184 -42 2]
 P 50322 4248 720556 15570561
PT [3 0 185 -43 2]
 P 50322 4248 723946 15640388
PT [3 0 186 -43 2]
 P 50322 4248 727336 15712568
PT [3 0 187 -43 2]
 P 50379 4248 733299 15789340
PT [3 0 188 -43 2]
 P 51039 4320 736695 15859602
PT [3 0 189 -43 2]
 P 51761 4392 740091 15931493
PT [3 0 190 -44 2]
 P 51761 4392 743481 16001288
PT [3 0 191 -44 2]
 P 51819 4392 749444 16078060
PT [3 0 192 -44 2]
 P 52543 4464 752840 16148386
PT [3 0 193 -44 2]
 P 52543 4464 756230 16217828
PT [3 0 194 -44 2]
 P 53234 4536 759626 16292361
PT [3 0 195 -45 2]
 P 53234 4536 763016 16362188
PT [3 0 196 -45 2]
 P 53291 4536 768979 16438960
PT [3 0 197 -45 2]
 P 53983 4608 772375 16509254
PT [3 0 198 -45 2]
 P 54610 4680 775770 16581017
PT [3 0 199 -46 2]
 P 54610 4680 779160 16650908
PT [3 0 200 -46 2]
 P 54667 4680 785123 16727680
PT [3 0 201 -46 2]
 P 54724 4680 791086 16799668
PT [3 0 202 -46 2]
 P 54783 4680 797048 16871848
PT [3 0 203 -46 2]
 P 55418 4680 800440 16942036
PT [3 0 204 -46 2]
 P 56140 4752 803836 17014545
PT [3 0 205 -47 2]
 P 56889 4824 809804 17088580
PT [3 0 206 -47 2]
 P 57581 4896 813200 17158874
PT [3 0 207 -47 2]
 P 58337 4968 816595 17230766
PT [3 0 208 -47 2]
 P 58337 4968 819985 17300528
PT [3 0 209 -47 2]
 P 58396 4968 825947 17377300
PT [3 0 210 -47 2]
 P 59152 5040 829343 17447658
PT [3 0 211 -48 2]
 P 59152 5040 832733 17517068
PT [3 0 212 -48 2]
 P 59875 5112 836128 17591633
PT [3 0 213 -49 2]
 P 59875 5112 839518 17661428
PT [3 0 214 -49 2]
 P 59932 5112 845481 17738200
PT [3 0 215 -49 2]
 P 60687 5184 848877 17808558
PT [3 0 216 -49 2]
 P 61315 5256 852273 17880258
PT [3 0 217 -49 2]
 P 61315 5256 855663 17950148
PT [3 0 218 -49 2]
 P 61315 5256 859053 18022328
PT [3 0 219 -49 2]
 P 61372 5256 865016 18099100
PT [3 0 220 -49 2]
 P 62064 5328 868412 18169394
PT [3 0 221 -50 2]
 P 62756 5400 871807 18241222
PT [3 0 222 -50 2]
 P 62756 5400 875197 18311048
PT [3 0 223 -50 2]
 P 62815 5400 881159 18387820
PT [3 0 224 -50 2]
 P 63475 5472 884555 18458082
PT [3 0 225 -51 2]
 P 63779 5472 890270 18531635
PT [3 0 226 -51 2]
 P 63974 5472 893663 18601735
PT [3 0 227 -51 2]
 P 64698 5544 897058 18674687
PT [3 0 228 -50 2]
 P 64756 5679 900450 18745740
PT [3 0 229 -50 2]
 P 65480 5751 903846 18819046
PT [3 0 230 -52 2]
 P 66204 5823 907242 18890874
PT [3 0 231 -52 2]
 P 66204 5823 910632 18960668
PT [3 0 232 -52 2]
 P 66263 5823 916594 19037440
PT [3 0 233 -52 2]
 P 67018 5895 919990 19107797
PT [3 0 234 -53 2]
 P 67709 5967 923386 19179562
PT [3 0 235 -53 2]
 P 67709 5967 926776 19249388
PT [3 0 236 -53 2]
 P 67709 5967 930166 19321568
PT [3 0 237 -53 2]
 P 67767 5967 936129 19398340
PT [3 0 238 -53 2]
 P 68491 6039 939525 19468666
PT [3 0 239 -54 2]
 P 69215 6111 942921 19540494
PT [3 0 240 -54 2]
 P 69215 6111 946311 19610288
PT [3 0 241 -54 2]
 P 69272 6111 952273 19687059
PT [3 0 242 -54 2]
 P 69995 6183 955669 19757385
PT [3 0 243 -55 2]
 P 70686 6255 959065 19829182
PT [3 0 244 -55 2]
 P 70686 6255 962455 19899008
PT [3 0 245 -55 2]
 P 70686 6255 965845 19971188
PT [3 0 246 -55 2]
 P 70744 6255 971808 20047960
PT [3 0 247 -55 2]
 P 71467 6327 975204 20118285
PT [3 0 248 -56 2]
 P 72159 6399 978600 20190082
PT [3 0 249 -56 2]
 P 72159 6399 981990 20259908
PT [3 0 250 -56 2]
 P 72217 6399 987953 20336680
PT [3 0 251 -56 2]
 P 72876 6471 991349 20406941
PT [3 0 252 -57 2]
 P 72876 6471 994739 20476448
PT [3 0 253 -57 2]
 P 73536 6543 998135 20550950
PT [3 0 254 -57 2]
 P 73536 6543 1001525 20620808
PT [3 0 255 -57 2]
 P 73595 6543 1007487 20697580
PT [3 0 256 -57 2]
 P 74222 6615 1010883 20767809
PT [3 0 257 -58 2]
 P 74946 6687 1014279 20839734
PT [3 0 258 -58 2]
 P 74946 6687 1017669 20909528
PT [3 0 259 -58 2]
 P 75004 6687 1023632 20986300
PT [3 0 260 -58 2]
 P 75063 6687 1029594 21058288
PT [3 0 261 -58 2]
 P 75690 6753 1032990 21128702
PT [3 0 262 -59 2]
 P 76446 6825 1036386 21200666
PT [3 0 263 -59 2]
 P 77170 6897 1039782 21270428
PT [3 0 264 -59 2]
 P 77181 6897 1043174 21344485
PT [3 0 265 -59 2]
 P 77871 6969 1046570 21417493
PT [3 0 266 -60 2]
 P 78184 6969 1052278 21491016
PT [3 0 267 -60 2]
 P 78384 6969 1055671 21561120
PT [3 0 268 -60 2]
 P 78442 6969 1061633 21635728
PT [3 0 269 -60 2]
 P 79133 7041 1065028 21706213
PT [3 0 270 -61 2]
 P 79760 7113 1068423 21775688
PT [3 0 271 -61 2]
 P 80387 7185 1071819 21850701
PT [3 0 272 -61 2]
 P 80387 7185 1075209 21920048
PT [3 0 273 -61 2]
 P 80446 7185 1081171 21996724
PT [3 0 274 -61 2]
 P 81074 7257 1084566 22067050
PT [3 0 275 -62 2]
 P 81765 7329 1087962 22138941
PT [3 0 276 -62 2]
 P 81765 7329 1091352 22208768
PT [3 0 277 -62 2]
 P 81765 7329 1094742 22280948
PT [3 0 278 -62 2]
 P 81823 7329 1100705 22357720
PT [3 0 279 -62 2]
 P 82482 7401 1104101 22427981
PT [3 0 280 -63 2]
 P 82482 7401 1107491 22497488
PT [3 0 281 -63 2]
 P 82482 7401 1110881 22569668
PT [3 0 282 -63 2]
 P 82482 7401 1114271 22641848
PT [3 0 283 -63 2]
 P 82482 7401 1117661 22714028
PT [3 0 284 -63 2]
EMPTY QUEUE
 P 83237 7401 1121055 22788384
PT [3 0 285 -64 2]
 P 83237 7401 1124445 22858388
PT [3 0 286 -64 2]
 P 83237 7401 1127835 22930568
PT [3 0 287 -64 2]
 P 83237 7401 1131225 23002748
PT [3 0 288 -64 2]
 P 83237 7401 1134615 23074928
PT [3 0 289 -64 2]
EMPTY QUEUE
 P 83927 7401 1138009 23149763
PT [3 0 290 -65 2]
 P 83927 7401 1141399 23219288
PT [3 0 291 -65 2]
 P 83927 7401 1144789 23291468
PT [3 0 292 -65 2]
 P 83927 7401 1148179 23363648
PT [3 0 293 -65 2]
 P 83927 7401 1151569 23435828
PT [3 0 294 -65 2]
EMPTY QUEUE
 P 84649 7401 1154963 23510599
PT [3 0 295 -66 2]
 P 84649 7401 1158353 23580188
PT [3 0 296 -66 2]
 P 84649 7401 1161743 23652368
PT [3 0 297 -66 2]
 P 84649 7401 1165133 23724548
PT [3 0 298 -66 2]
 P 84649 7401 1168523 23796728
PT [3 0 299 -66 2]
EMPTY QUEUE
 P 84714 7401 1171915 23870616
PT [3 0 300 -66 2]
EMPTY QUEUE
 P 84773 7401 1177877 23945488
PT [3 0 301 -66 2]
EMPTY QUEUE
 P 85529 7401 1181271 24015796
PT [3 0 302 -67 2]
 P 85529 7401 1184661 24085448
PT [3 0 303 -67 2]
 P 85529 7401 1188051 24157628
PT [3 0 304 -67 2]
 P 85529 7401 1191441 24229808
PT [3 0 305 -67 2]
 P 85529 7401 1194831 24301988
PT [3 0 306 -67 2]
EMPTY QUEUE
 P 86253 7401 1198225 24376312
PT [3 0 307 -68 2]
 P 86253 7401 1201615 24446348
PT [3 0 308 -68 2]
 P 86253 7401 1205005 24518528
PT [3 0 309 -68 2]
 P 86253 7401 1208395 24590708
PT [3 0 310 -68 2]
 P 86253 7401 1211785 24662888
PT [3 0 311 -68 2]
EMPTY QUEUE
 P 86914 7401 1215178 24737693
PT [3 0 312 -69 2]
 P 86914 7401 1218568 24807248
PT [3 0 313 -69 2]
 P 86914 7401 1221958 24879428
PT [3 0 314 -69 2]
 P 86914 7401 1225348 24951608
PT [3 0 315 -69 2]
 P 86914 7401 1228738 25023788
PT [3 0 316 -69 2]
EMPTY QUEUE
 P 87542 7401 1232131 25098464
PT [3 0 317 -71 2]
 P 87542 7401 1235521 25168148
PT [3 0 318 -71 2]
 P 87542 7401 1238911 25240328
PT [3 0 319 -71 2]
 P 87542 7401 1242301 25312508
PT [3 0 320 -71 2]
 P 87542 7401 1245691 25384688
PT [3 0 321 -71 2]
EMPTY QUEUE
 P 88297 7401 1249084 25459268
PT [3 0 322 -72 2]
 P 88297 7401 1252474 25529048
PT [3 0 323 -72 2]
 P 88297 7401 1255864 25601228
PT [3 0 324 -72 2]
 P 88297 7401 1259254 25673408
PT [3 0 325 -72 2]
 P 88297 7401 1262644 25745588
PT [3 0 326 -72 2]
EMPTY QUEUE
 P 88957 7401 1266037 25820232
PT [3 0 327 -73 2]
 P 88957 7401 1269427 25889948
PT [3 0 328 -73 2]
 P 88957 7401 1272817 25962128
PT [3 0 329 -73 2]
 P 88957 7401 1276207 26034308
PT [3 0 330 -73 2]
 P 88957 7401 1279597 26106488
PT [3 0 331 -73 2]
EMPTY QUEUE
 P 89617 7401 1282990 26180140
PT [3 0 332 -74 2]
 P 89617 7401 1286380 26250848
PT [3 0 333 -74 2]
 P 89617 7401 1289770 26323028
PT [3 0 334 -74 2]
 P 89617 7401 1293160 26395208
PT [3 0 335 -74 2]
 P 89617 7401 1296550 26467388
PT [3 0 336 -74 2]
EMPTY QUEUE
 P 90244 7401 1299944 26541425
PT [3 0 337 -75 2]
 P 90244 7401 1303334 26611748
PT [3 0 338 -75 2]
 P 90244 7401 1306724 26683928
PT [3 0 339 -75 2]
 P 90244 7401 1310114 26756108
PT [3 0 340 -75 2]
 P 90244 7401 1313504 26828288
PT [3 0 341 -75 2]
EMPTY QUEUE
 P 90871 7401 1316898 26902611
PT [3 0 342 -76 2]
 P 90871 7401 1320288 26972648
PT [3 0 343 -76 2]
 P 90871 7401 1323678 27044828
PT [3 0 344 -76 2]
 P 90871 7401 1327068 27117008
PT [3 0 345 -76 2]
 P 90871 7401 1330458 27189188
PT [3 0 346 -76 2]
EMPTY QUEUE
 P 91594 7401 1333852 27264279
PT [3 0 347 -77 2]
 P 91594 7401 1337242 27333548
PT [3 0 348 -77 2]
 P 91594 7401 1340632 27405728
PT [3 0 349 -77 2]
 P 91594 7401 1344022 27477908
PT [3 0 350 -77 2]
 P 91594 7401 1347412 27550088
PT [3 0 351 -77 2]
EMPTY QUEUE
 P 92285 7401 1350806 27624667
PT [3 0 352 -78 2]
 P 92285 7401 1354196 27694448
PT [3 0 353 -78 2]
 P 92285 7401 1357586 27766628
PT [3 0 354 -78 2]
 P 92285 7401 1360976 27838808
PT [3 0 355 -78 2]
 P 92285 7401 1364366 27910988
PT [3 0 356 -78 2]
EMPTY QUEUE
 P 92976 7401 1367760 27984447
PT [3 0 357 -79 2]
 P 92976 7401 1371150 28055348
PT [3 0 358 -79 2]
 P 92976 7401 1374540 28127528
PT [3 0 359 -79 2]
 P 92976 7401 1377930 28199708
PT [3 0 360 -79 2]
 P 92976 7401 1381320 28271888
PT [3 0 361 -79 2]
EMPTY QUEUE
 P 93637 7401 1384714 28346117
PT [3 0 362 -80 2]
 P 93637 7401 1388104 28416248
PT [3 0 363 -80 2]
 P 93637 7401 1391494 28488428
PT [3 0 364 -80 2]
 P 93637 7401 1394884 28560608
PT [3 0 365 -80 2]
 P 93637 7401 1398274 28632788
PT [3 0 366 -80 2]
EMPTY QUEUE
 P 94328 7401 1401668 28706184
PT [3 0 367 -81 2]
 P 94328 7401 1405058 28777148
PT [3 0 368 -81 2]
 P 94328 7401 1408448 28849328
PT [3 0 369 -81 2]
 P 94328 7401 1411838 28921508
PT [3 0 370 -81 2]
 P 94328 7401 1415228 28993688
PT [3 0 371 -81 2]
EMPTY QUEUE
 P 94956 7401 1418622 29067052
PT [3 0 372 -82 2]
 P 94956 7401 1422012 29138048
PT [3 0 373 -82 2]
 P 94956 7401 1425402 29210228
PT [3 0 374 -82 2]
 P 94956 7401 1428792 29282408
PT [3 0 375 -82 2]
 P 94956 7401 1432182 29354588
PT [3 0 376 -82 2]
EMPTY QUEUE
 P 95713 7401 1435576 29429521
PT [3 0 377 -82 2]
 P 95713 7401 1438966 29498948
PT [3 0 378 -82 2]
 P 95713 7401 1442356 29571128
PT [3 0 379 -82 2]
 P 95713 7401 1445746 29643308
PT [3 0 380 -82 2]
 P 95713 7401 1449136 29715488
PT [3 0 381 -82 2]
EMPTY QUEUE
 P 96341 7401 1452530 29789556
PT [3 0 382 -84 2]
 P 96341 7401 1455920 29859848
PT [3 0 383 -84 2]
 P 96341 7401 1459310 29932028
PT [3 0 384 -84 2]
 P 96341 7401 1462700 30004208
PT [3 0 385 -84 2]
 P 96341 7401 1466090 30076388
PT [3 0 386 -84 2]
EMPTY QUEUE
 P 97033 7401 1469484 30150168
PT [3 0 387 -85 2]
 P 97033 7401 1472874 30220748
PT [3 0 388 -85 2]
 P 97033 7401 1476264 30292928
PT [3 0 389 -85 2]
 P 97033 7401 1479654 30365108
PT [3 0 390 -85 2]
 P 97033 7401 1483044 30437288
PT [3 0 391 -85 2]
EMPTY QUEUE
 P 97757 7401 1486438 30511644
PT [3 0 392 -86 2]
 P 97757 7401 1489828 30581648
PT [3 0 393 -86 2]
 P 97757 7401 1493218 30653828
PT [3 0 394 -86 2]
 P 97757 7401 1496608 30726008
PT [3 0 395 -86 2]
 P 97757 7401 1499998 30798188
PT [3 0 396 -86 2]
EMPTY QUEUE
 P 98481 7401 1503392 30872448
PT [3 0 397 -87 2]
 P 98481 7401 1506782 30942548
PT [3 0 398 -87 2]
 P 98481 7401 1510172 31014728
PT [3 0 399 -87 2]
 P 98481 7401 1513562 31086908
PT [3 0 400 -87 2]
 P 98481 7401 1516952 31159088
PT [3 0 401 -87 2]
EMPTY QUEUE
 P 99237 7401 1520345 31233156
PT [3 0 402 -88 2]
 P 99237 7401 1523735 31303448
PT [3 0 403 -88 2]
 P 99237 7401 1527125 31375628
PT [3 0 404 -88 2]
 P 99237 7401 1530515 31447808
PT [3 0 405 -88 2]
 P 99237 7401 1533905 31519988
PT [3 0 406 -88 2]
EMPTY QUEUE
 P 99929 7401 1537298 31594153
PT [3 0 407 -90 2]
 P 99929 7401 1540688 31664348
PT [3 0 408 -90 2]
 P 99929 7401 1544078 31736528
PT [3 0 409 -90 2]
 P 99929 7401 1547468 31808708
PT [3 0 410 -90 2]
 P 99929 7401 1550858 31880888
PT [3 0 411 -90 2]
EMPTY QUEUE
 P 100620 7401 1554251 31956108
PT [3 0 412 -91 2]
 P 100620 7401 1557641 32025248
PT [3 0 413 -91 2]
 P 100620 7401 1561031 32097428
PT [3 0 414 -91 2]
 P 100620 7401 1564421 32169608
PT [3 0 415 -91 2]
 P 100620 7401 1567811 32241788
PT [3 0 416 -91 2]
EMPTY QUEUE
 P 101376 7401 1571204 32315440
PT [3 0 417 -92 2]
 P 101376 7401 1574594 32386148
PT [3 0 418 -92 2]
 P 101376 7401 1577984 32458328
PT [3 0 419 -92 2]
 P 101376 7401 1581374 32530508
PT [3 0 420 -92 2]
 P 101376 7401 1584764 32602688
PT [3 0 421 -92 2]
EMPTY QUEUE
 P 102067 7401 1588158 32676564
PT [3 0 422 -93 2]
 P 102067 7401 1591548 32747048
PT [3 0 423 -93 2]
 P 102067 7401 1594938 32819228
PT [3 0 424 -93 2]
 P 102067 7401 1598328 32891408
PT [3 0 425 -93 2]
 P 102067 7401 1601718 32963588
PT [3 0 426 -93 2]
EMPTY QUEUE
 P 102790 7401 1605112 33038167
PT [3 0 427 -94 2]
 P 102790 7401 1608502 33107948
PT [3 0 428 -94 2]
 P 102790 7401 1611892 33180128
PT [3 0 429 -94 2]
 P 102790 7401 1615282 33252308
PT [3 0 430 -94 2]
 P 102790 7401 1618672 33324488
PT [3 0 431 -94 2]
EMPTY QUEUE
 P 102801 7401 1622064 33397873
PT [3 0 432 -94 2]
EMPTY QUEUE
 P 103493 7401 1625458 33471312
PT [3 0 433 -95 2]
 P 103493 7401 1628848 33541028
PT [3 0 434 -95 2]
 P 103493 7401 1632238 33613208
PT [3 0 435 -95 2]
 P 103493 7401 1635628 33685388
PT [3 0 436 -95 2]
 P 103493 7401 1639018 33757568
PT [3 0 437 -95 2]
EMPTY QUEUE
 P 104184 7401 1642412 33831860
PT [3 0 438 -96 2]
 P 104184 7401 1645802 33901928
PT [3 0 439 -96 2]
 P 104184 7401 1649192 33974108
PT [3 0 440 -96 2]
 P 104184 7401 1652582 34046288
PT [3 0 441 -96 2]
 P 104184 7401 1655972 34118468
PT [3 0 442 -96 2]
EMPTY QUEUE
 P 104813 7401 1659366 34193241
PT [3 0 443 -97 2]
 P 104813 7401 1662756 34262828
PT [3 0 444 -97 2]
 P 104813 7401 1666146 34335008
PT [3 0 445 -97 2]
 P 104813 7401 1669536 34407188
PT [3 0 446 -97 2]
 P 104813 7401 1672926 34479368
PT [3 0 447 -97 2]
EMPTY QUEUE
 P 105536 7401 1676320 34554140
PT [3 0 448 -98 2]
 P 105536 7401 1679710 34623728
PT [3 0 449 -98 2]
 P 105536 7401 1683100 34695908
PT [3 0 450 -98 2]
 P 105536 7401 1686490 34768088
PT [3 0 451 -98 2]
 P 105536 7401 1689880 34840268
PT [3 0 452 -98 2]
EMPTY QUEUE
 P 106228 7401 1693274 34914784
PT [3 0 453 -99 2]
 P 106228 7401 1696664 34984628
PT [3 0 454 -99 2]
 P 106228 7401 1700054 35056808
PT [3 0 455 -99 2]
 P 106228 7401 1703444 35128988
PT [3 0 456 -99 2]
 P 106228 7401 1706834 35201168
PT [3 0 457 -99 2]
EMPTY QUEUE
 P 106920 7401 1710228 35275844
PT [3 0 458 -100 2]
 P 106920 7401 1713618 35345528
PT [3 0 459 -100 2]
 P 106920 7401 1717008 35417708
PT [3 0 460 -100 2]
 P 106920 7401 1720398 35489888
PT [3 0 461 -100 2]
 P 106920 7401 1723788 35562068
PT [3 0 462 -100 2]
EMPTY QUEUE
 P 107581 7401 1727182 35635721
PT [3 0 463 -100 2]
 P 107581 7401 1730572 35706428
PT [3 0 464 -100 2]
 P 107581 7401 1733962 35778608
PT [3 0 465 -100 2]
 P 107581 7401 1737352 35850788
PT [3 0 466 -100 2]
 P 107581 7401 1740742 35922968
PT [3 0 467 -100 2]
EMPTY QUEUE
 P 108274 7401 1744135 35997069
PT [3 0 468 -102 2]
 P 108274 7401 1747525 36067328
PT [3 0 469 -102 2]
 P 108274 7401 1750915 36139508
PT [3 0 470 -102 2]
 P 108274 7401 1754305 36211688
PT [3 0 471 -102 2]
 P 108274 7401 1757695 36283868
PT [3 0 472 -102 2]
EMPTY QUEUE
 P 108902 7401 1761088 36358192
PT [3 0 473 -103 2]
 P 108902 7401 1764478 36428228
PT [3 0 474 -103 2]
 P 108902 7401 1767868 36500408
PT [3 0 475 -103 2]
 P 108902 7401 1771258 36572588
PT [3 0 476 -103 2]
 P 108902 7401 1774648 36644768
PT [3 0 477 -103 2]
EMPTY QUEUE
 P 109658 7401 1778041 36719892
PT [3 0 478 -105 2]
 P 109658 7401 1781431 36789128
PT [3 0 479 -105 2]
 P 109658 7401 1784821 36861308
PT [3 0 480 -105 2]
 P 109658 7401 1788211 36933488
PT [3 0 481 -105 2]
 P 109658 7401 1791601 37005668
PT [3 0 482 -105 2]
EMPTY QUEUE
 P 110286 7401 1794994 37080184
PT [3 0 483 -106 2]
 P 110286 7401 1798384 37150028
PT [3 0 484 -106 2]
 P 110286 7401 1801774 37222208
PT [3 0 485 -106 2]
 P 110286 7401 1805164 37294388
PT [3 0 486 -106 2]
 P 110286 7401 1808554 37366568
PT [3 0 487 -106 2]
EMPTY QUEUE
 P 110976 7401 1811948 37440028
PT [3 0 488 -107 2]
 P 110976 7401 1815338 37510928
PT [3 0 489 -107 2]
 P 110976 7401 1818728 37583108
PT [3 0 490 -107 2]
 P 110976 7401 1822118 37655288
PT [3 0 491 -107 2]
 P 110976 7401 1825508 37727468
PT [3 0 492 -107 2]
EMPTY QUEUE
 P 111666 7401 1828902 37801729
PT [3 0 493 -108 2]
 P 111666 7401 1832292 37871828
PT [3 0 494 -108 2]
 P 111666 7401 1835682 37944008
PT [3 0 495 -108 2]
 P 111666 7401 1839072 38016188
PT [3 0 496 -108 2]
 P 111666 7401 1842462 38088368
PT [3 0 497 -108 2]
EMPTY QUEUE
 P 112357 7401 1845856 38161763
PT [3 0 498 -109 2]
 P 112357 7401 1849246 38232728
PT [3 0 499 -109 2]
 P 112357 7401 1852636 38304908
PT [3 0 500 -109 2]
 P 112357 7401 1856026 38377088
PT [3 0 501 -109 2]
 P 112357 7401 1859416 38449268
PT [3 0 502 -109 2]
EMPTY QUEUE
 P 113080 7401 1862810 38522727
PT [3 0 503 -110 2]
 P 113080 7401 1866200 38593628
PT [3 0 504 -110 2]
 P 113080 7401 1869590 38665808
PT [3 0 505 -110 2]
 P 113080 7401 1872980 38737988
PT [3 0 506 -110 2]
 P 113080 7401 1876370 38810168
PT [3 0 507 -110 2]
EMPTY QUEUE
 P 113707 7401 1879764 38884971
PT [3 0 508 -111 2]
 P 113707 7401 1883154 38954528
PT [3 0 509 -111 2]
 P 113707 7401 1886544 39026708
PT [3 0 510 -111 2]
 P 113707 7401 1889934 39098888
PT [3 0 511 -111 2]
 P 113707 7401 1893324 39171068
PT [3 0 512 -111 2]
EMPTY QUEUE
 P 114399 7401 1896718 39245201
PT [3 0 513 -112 2]
 P 114399 7401 1900108 39315428
PT [3 0 514 -112 2]
 P 114399 7401 1903498 39387608
PT [3 0 515 -112 2]
 P 114399 7401 1906888 39459788
PT [3 0 516 -112 2]
 P 114399 7401 1910278 39531968
PT [3 0 517 -112 2]
EMPTY QUEUE
 P 115058 7401 1913672 39605716
PT [3 0 518 -113 2]
 P 115058 7401 1917062 39676328
PT [3 0 519 -113 2]
 P 115058 7401 1920452 39748508
PT [3 0 520 -113 2]
 P 115058 7401 1923842 39820688
PT [3 0 521 -113 2]
 P 115058 7401 1927232 39892868
PT [3 0 522 -113 2]
EMPTY QUEUE
 P 115718 7401 1930626 39967160
PT [3 0 523 -114 2]
 P 115718 7401 1934016 40037228
PT [3 0 524 -114 2]
 P 115718 7401 1937406 40109408
PT [3 0 525 -114 2]
 P 115718 7401 1940796 40181588
PT [3 0 526 -114 2]
 P 115718 7401 1944186 40253768
PT [3 0 527 -114 2]
EMPTY QUEUE
 P 116473 7401 1947580 40328060
PT [3 0 528 -115 2]
 P 116473 7401 1950970 40398128
PT [3 0 529 -115 2]
 P 116473 7401 1954360 40470308
PT [3 0 530 -115 2]
 P 116473 7401 1957750 40542488
PT [3 0 531 -115 2]
 P 116473 7401 1961140 40614668
PT [3 0 532 -115 2]
EMPTY QUEUE
 P 117197 7401 1964534 40688704
PT [3 0 533 -116 2]
 P 117197 7401 1967924 40759028
PT [3 0 534 -116 2]
 P 117197 7401 1971314 40831208
PT [3 0 535 -116 2]
 P 117197 7401 1974704 40903388
PT [3 0 536 -116 2]
 P 117197 7401 1978094 40975568
PT [3 0 537 -116 2]
EMPTY QUEUE
 P 117858 7401 1981488 41049701
PT [3 0 538 -117 2]
 P 117858 7401 1984878 41119928
PT [3 0 539 -117 2]
 P 117858 7401 1988268 41192108
PT [3 0 540 -117 2]
 P 117858 7401 1991658 41264288
PT [3 0 541 -117 2]
 P 117858 7401 1995048 41336468
PT [3 0 542 -117 2]
EMPTY QUEUE
 P 118614 7401 1998442 41411752
PT [3 0 543 -118 2]
 P 118614 7401 2001832 41480828
PT [3 0 544 -118 2]
 P 118614 7401 2005222 41553008
PT [3 0 545 -118 2]
 P 118614 7401 2008612 41625188
PT [3 0 546 -118 2]
 P 118614 7401 2012002 41697368
PT [3 0 547 -118 2]
EMPTY QUEUE
 P 119337 7401 2015396 41770988
PT [3 0 548 -119 2]
 P 119337 7401 2018786 41841728
PT [3 0 549 -119 2]
 P 119337 7401 2022176 41913908
PT [3 0 550 -119 2]
 P 119337 7401 2025566 41986088
PT [3 0 551 -119 2]
 P 119337 7401 2028956 42058268
PT [3 0 552 -119 2]
EMPTY QUEUE
 P 119996 7401 2032349 42132112
PT [3 0 553 -120 2]
 P 119996 7401 2035739 42202628
PT [3 0 554 -120 2]
 P 119996 7401 2039129 42274808
PT [3 0 555 -120 2]
 P 119996 7401 2042519 42346988
PT [3 0 556 -120 2]
 P 119996 7401 2045909 42419168
PT [3 0 557 -120 2]
EMPTY QUEUE
 P 120624 7401 2049302 42493652
PT [3 0 558 -122 2]
 P 120624 7401 2052692 42563528
PT [3 0 559 -122 2]
 P 120624 7401 2056082 42635708
PT [3 0 560 -122 2]
 P 120624 7401 2059472 42707888
PT [3 0 561 -122 2]
 P 120624 7401 2062862 42780068
PT [3 0 562 -122 2]
EMPTY QUEUE
 P 121380 7401 2066255 42854200
PT [3 0 563 -123 2]
 P 121380 7401 2069645 42924428
PT [3 0 564 -123 2]
 P 121380 7401 2073035 42996608
PT [3 0 565 -123 2]
 P 121380 7401 2076425 43068788
PT [3 0 566 -123 2]
 P 121380 7401 2079815 43140968
PT [3 0 567 -123 2]
EMPTY QUEUE
 P 122039 7401 2083208 43215932
PT [3 0 568 -124 2]
 P 122039 7401 2086598 43285328
PT [3 0 569 -124 2]
 P 122039 7401 2089988 43357508
PT [3 0 570 -124 2]
 P 122039 7401 2093378 43429688
PT [3 0 571 -124 2]
 P 122039 7401 2096768 43501868
PT [3 0 572 -124 2]
EMPTY QUEUE
 P 122698 7401 2100162 43575584
PT [3 0 573 -125 2]
 P 122698 7401 2103552 43646228
PT [3 0 574 -125 2]
 P 122698 7401 2106942 43718408
PT [3 0 575 -125 2]
 P 122698 7401 2110332 43790588
PT [3 0 576 -125 2]
 P 122698 7401 2113722 43862768
PT [3 0 577 -125 2]
EMPTY QUEUE
 P 123324 7401 2117116 43937636
PT [3 0 578 -126 2]
 P 123324 7401 2120506 44007128
PT [3 0 579 -126 2]
 P 123324 7401 2123896 44079308
PT [3 0 580 -126 2]
 P 123324 7401 2127286 44151488
PT [3 0 581 -126 2]
 P 123324 7401 2130676 44223668
PT [3 0 582 -126 2]
EMPTY QUEUE
 P 124047 7401 2134070 44298663
PT [3 0 583 -127 2]
 P 124047 7401 2137460 44368028
PT [3 0 584 -127 2]
 P 124047 7401 2140850 44440208
PT [3 0 585 -127 2]
 P 124047 7401 2144240 44512388
PT [3 0 586 -127 2]
 P 124047 7401 2147630 44584568
PT [3 0 587 -127 2]
EMPTY QUEUE
 P 124705 7401 2151024 44658891
PT [3 0 588 -128 2]
 P 124705 7401 2154414 44728928
PT [3 0 589 -128 2]
 P 124705 7401 2157804 44801108
PT [3 0 590 -128 2]
 P 124705 7401 2161194 44873288
PT [3 0 591 -128 2]
 P 124705 7401 2164584 44945468
PT [3 0 592 -128 2]
EMPTY QUEUE
 P 125461 7401 2167978 45019153
PT [3 0 593 -128 2]
 P 125461 7401 2171368 45089828
PT [3 0 594 -128 2]
 P 125461 7401 2174758 45162008
PT [3 0 595 -128 2]
 P 125461 7401 2178148 45234188
PT [3 0 596 -128 2]
 P 125461 7401 2181538 45306368
PT [3 0 597 -128 2]
EMPTY QUEUE
 P 126183 7401 2184932 45379667
PT [3 0 598 -130 2]
 P 126183 7401 2188322 45450728
PT [3 0 599 -130 2]
 P 126183 7401 2191712 45522908
PT [3 0 600 -130 2]
 P 126183 7401 2195102 45595088
PT [3 0 601 -130 2]
 P 126183 7401 2198492 45667268
PT [3 0 602 -130 2]
EMPTY QUEUE
 P 126843 7401 2201886 45741048
PT [3 0 603 -131 2]
 P 126843 7401 2205276 45811628
PT [3 0 604 -131 2]
 P 126843 7401 2208666 45883808
PT [3 0 605 -131 2]
 P 126843 7401 2212056 45955988
PT [3 0 606 -131 2]
 P 126843 7401 2215446 46028168
PT [3 0 607 -131 2]
EMPTY QUEUE
 P 127472 7401 2218840 46101821
PT [3 0 608 -132 2]
 P 127472 7401 2222230 46172528
PT [3 0 609 -132 2]
 P 127472 7401 2225620 46244708
PT [3 0 610 -132 2]
 P 127472 7401 2229010 46316888
PT [3 0 611 -132 2]
 P 127472 7401 2232400 46389068
PT [3 0 612 -132 2]
EMPTY QUEUE
 P 128100 7401 2235794 46462496
PT [3 0 613 -133 2]
 P 128100 7401 2239184 46533428
PT [3 0 614 -133 2]
 P 128100 7401 2242574 46605608
PT [3 0 615 -133 2]
 P 128100 7401 2245964 46677788
PT [3 0 616 -133 2]
 P 128100 7401 2249354 46749968
PT [3 0 617 -133 2]
EMPTY QUEUE
 P 128856 7401 2252748 46823685
PT [3 0 618 -134 2]
 P 128856 7401 2256138 46894328
PT [3 0 619 -134 2]
 P 128856 7401 2259528 46966508
PT [3 0 620 -134 2]
 P 128856 7401 2262918 47038688
PT [3 0 621 -134 2]
 P 128856 7401 2266308 47110868
PT [3 0 622 -134 2]
EMPTY QUEUE
 P 129484 7401 2269702 47185512
PT [3 0 623 -135 2]
 P 129484 7401 2273092 47255228
PT [3 0 624 -135 2]
 P 129484 7401 2276482 47327408
PT [3 0 625 -135 2]
 P 129484 7401 2279872 47399588
PT [3 0 626 -135 2]
 P 129484 7401 2283262 47471768
PT [3 0 627 -135 2]
EMPTY QUEUE
 P 130240 7401 2286656 47546956
PT [3 0 628 -136 2]
 P 130240 7401 2290046 47616128
PT [3 0 629 -136 2]
 P 130240 7401 2293436 47688308
PT [3 0 630 -136 2]
 P 130240 7401 2296826 47760488
PT [3 0 631 -136 2]
 P 130240 7401 2300216 47832668
PT [3 0 632 -136 2]
EMPTY QUEUE
 P 130932 7401 2303610 47906032
PT [3 0 633 -137 2]
 P 130932 7401 2307000 47977028
PT [3 0 634 -137 2]
 P 130932 7401 2310390 48049208
PT [3 0 635 -137 2]
 P 130932 7401 2313780 48121388
PT [3 0 636 -137 2]
 P 130932 7401 2317170 48193568
PT [3 0 637 -137 2]
EMPTY QUEUE
 P 131656 7401 2320563 48267636
PT [3 0 638 -138 2]
 P 131656 7401 2323953 48337928
PT [3 0 639 -138 2]
 P 131656 7401 2327343 48410108
PT [3 0 640 -138 2]
 P 131656 7401 2330733 48482288
PT [3 0 641 -138 2]
 P 131656 7401 2334123 48554468
PT [3 0 642 -138 2]
EMPTY QUEUE
 P 131715 7401 2340085 48629960
PT [3 0 643 -138 2]
EMPTY QUEUE
 P 132343 7401 2343479 48701228
PT [3 0 644 -140 2]
 P 132343 7401 2346869 48771008
PT [3 0 645 -140 2]
 P 132343 7401 2350259 48843188
PT [3 0 646 -140 2]
 P 132343 7401 2353649 48915368
PT [3 0 647 -140 2]
 P 132343 7401 2357039 48987548
PT [3 0 648 -140 2]
EMPTY QUEUE
 P 133066 7401 2360433 49061871
PT [3 0 649 -141 2]
 P 133066 7401 2363823 49131908
PT [3 0 650 -141 2]
 P 133066 7401 2367213 49204088
PT [3 0 651 -141 2]
 P 133066 7401 2370603 49276268
PT [3 0 652 -141 2]
 P 133066 7401 2373993 49348448
PT [3 0 653 -141 2]
EMPTY QUEUE
 P 133756 7401 2377387 49423283
PT [3 0 654 -142 2]
 P 133756 7401 2380777 49492808
PT [3 0 655 -142 2]
 P 133756 7401 2384167 49564988
PT [3 0 656 -142 2]
 P 133756 7401 2387557 49637168
PT [3 0 657 -142 2]
 P 133756 7401 2390947 49709348
PT [3 0 658 -142 2]
EMPTY QUEUE
 P 134447 7401 2394341 49784087
PT [3 0 659 -143 2]
 P 134447 7401 2397731 49853708
PT [3 0 660 -143 2]
 P 134447 7401 2401121 49925888
PT [3 0 661 -143 2]
 P 134447 7401 2404511 49998068
PT [3 0 662 -143 2]
 P 134447 7401 2407901 50070248
PT [3 0 663 -143 2]
EMPTY QUEUE
 P 135106 7401 2411295 50144731
PT [3 0 664 -144 2]
 P 135106 7401 2414685 50214608
PT [3 0 665 -144 2]
 P 135106 7401 2418075 50286788
PT [3 0 666 -144 2]
 P 135106 7401 2421465 50358968
PT [3 0 667 -144 2]
 P 135106 7401 2424855 50431148
PT [3 0 668 -144 2]
EMPTY QUEUE
 P 135799 7401 2428249 50505825
PT [3 0 669 -145 2]
 P 135799 7401 2431639 50575508
PT [3 0 670 -145 2]
 P 135799 7401 2435029 50647688
PT [3 0 671 -145 2]
 P 135799 7401 2438419 50719868
PT [3 0 672 -145 2]
 P 135799 7401 2441809 50792048
PT [3 0 673 -145 2]
EMPTY QUEUE
 P 136428 7401 2445203 50865669
PT [3 0 674 -146 2]
 P 136428 7401 2448593 50936408
PT [3 0 675 -146 2]
 P 136428 7401 2451983 51008588
PT [3 0 676 -146 2]
 P 136428 7401 2455373 51080768
PT [3 0 677 -146 2]
 P 136428 7401 2458763 51152948
PT [3 0 678 -146 2]
EMPTY QUEUE
 P 137184 7401 2462157 51227112
PT [3 0 679 -147 2]
 P 137184 7401 2465547 51297308
PT [3 0 680 -147 2]
 P 137184 7401 2468937 51369488
PT [3 0 681 -147 2]
 P 137184 7401 2472327 51441668
PT [3 0 682 -147 2]
 P 137184 7401 2475717 51513848
PT [3 0 683 -147 2]
EMPTY QUEUE
 P 137876 7401 2479111 51588236
PT [3 0 684 -148 2]
 P 137876 7401 2482501 51658208
PT [3 0 685 -148 2]
 P 137876 7401 2485891 51730388
PT [3 0 686 -148 2]
 P 137876 7401 2489281 51802568
PT [3 0 687 -148 2]
 P 137876 7401 2492671 51874748
PT [3 0 688 -148 2]
EMPTY QUEUE
 P 138601 7401 2496065 51949841
PT [3 0 689 -148 2]
 P 138601 7401 2499455 52019108
PT [3 0 690 -148 2]
 P 138601 7401 2502845 52091288
PT [3 0 691 -148 2]
 P 138601 7401 2506235 52163468
PT [3 0 692 -148 2]
 P 138601 7401 2509625 52235648
PT [3 0 693 -148 2]
EMPTY QUEUE
 P 139228 7401 2513019 52310164
PT [3 0 694 -150 2]
 P 139228 7401 2516409 52380008
PT [3 0 695 -150 2]
 P 139228 7401 2519799 52452188
PT [3 0 696 -150 2]
 P 139228 7401 2523189 52524368
PT [3 0 697 -150 2]
 P 139228 7401 2526579 52596548
PT [3 0 698 -150 2]
EMPTY QUEUE
 P 139920 7401 2529973 52670008
PT [3 0 699 -151 2]
 P 139920 7401 2533363 52740908
PT [3 0 700 -151 2]
 P 139920 7401 2536753 52813088
PT [3 0 701 -151 2]
 P 139920 7401 2540143 52885268
PT [3 0 702 -151 2]
 P 139920 7401 2543533 52957448
PT [3 0 703 -151 2]
EMPTY QUEUE
 P 140580 7401 2546927 53031676
PT [3 0 704 -152 2]
 P 140580 7401 2550317 53101808
PT [3 0 705 -152 2]
 P 140580 7401 2553707 53173988
PT [3 0 706 -152 2]
 P 140580 7401 2557097 53246168
PT [3 0 707 -152 2]
 P 140580 7401 2560487 53318348
PT [3 0 708 -152 2]
EMPTY QUEUE
 P 141239 7401 2563880 53391712
PT [3 0 709 -153 2]
 P 141239 7401 2567270 53462708
PT [3 0 710 -153 2]
 P 141239 7401 2570660 53534888
PT [3 0 711 -153 2]
 P 141239 7401 2574050 53607068
PT [3 0 712 -153 2]
 P 141239 7401 2577440 53679248
PT [3 0 713 -153 2]
EMPTY QUEUE
 P 141932 7401 2580833 53752677
PT [3 0 714 -154 2]
 P 141932 7401 2584223 53823608
PT [3 0 715 -154 2]
 P 141932 7401 2587613 53895788
PT [3 0 716 -154 2]
 P 141932 7401 2591003 53967968
PT [3 0 717 -154 2]
 P 141932 7401 2594393 54040148
PT [3 0 718 -154 2]
EMPTY QUEUE
 P 142689 7401 2597787 54115081
PT [3 0 719 -156 2]
 P 142689 7401 2601177 54184508
PT [3 0 720 -156 2]
 P 142689 7401 2604567 54256688
PT [3 0 721 -156 2]
 P 142689 7401 2607957 54328868
PT [3 0 722 -156 2]
 P 142689 7401 2611347 54401048
PT [3 0 723 -156 2]
EMPTY QUEUE
 P 143413 7401 2614740 54475212
PT [3 0 724 -157 2]
 P 143413 7401 2618130 54545408
PT [3 0 725 -157 2]
 P 143413 7401 2621520 54617588
PT [3 0 726 -157 2]
 P 143413 7401 2624910 54689768
PT [3 0 727 -157 2]
 P 143413 7401 2628300 54761948
PT [3 0 728 -157 2]
EMPTY QUEUE
 P 144071 7401 2631694 54835696
PT [3 0 729 -158 2]
 P 144071 7401 2635084 54906308
PT [3 0 730 -158 2]
 P 144071 7401 2638474 54978488
PT [3 0 731 -158 2]
 P 144071 7401 2641864 55050668
PT [3 0 732 -158 2]
 P 144071 7401 2645254 55122848
PT [3 0 733 -158 2]
EMPTY QUEUE
 P 144697 7401 2648648 55197108
PT [3 0 734 -159 2]
 P 144697 7401 2652038 55267208
PT [3 0 735 -159 2]
 P 144697 7401 2655428 55339388
PT [3 0 736 -159 2]
 P 144697 7401 2658818 55411568
PT [3 0 737 -159 2]
 P 144697 7401 2662208 55483748
PT [3 0 738 -159 2]
EMPTY QUEUE
 P 145454 7401 2665602 55558041
PT [3 0 739 -160 2]
 P 145454 7401 2668992 55628108
PT [3 0 740 -160 2]
 P 145454 7401 2672382 55700288
PT [3 0 741 -160 2]
 P 145454 7401 2675772 55772468
PT [3 0 742 -160 2]
 P 145454 7401 2679162 55844648
PT [3 0 743 -160 2]
EMPTY QUEUE
 P 146113 7401 2682556 55918619
PT [3 0 744 -161 2]
 P 146113 7401 2685946 55989008
PT [3 0 745 -161 2]
 P 146113 7401 2689336 56061188
PT [3 0 746 -161 2]
 P 146113 7401 2692726 56133368
PT [3 0 747 -161 2]
 P 146113 7401 2696116 56205548
PT [3 0 748 -161 2]
EMPTY QUEUE
 P 146772 7401 2699510 56279679
PT [3 0 749 -162 2]
 P 146772 7401 2702900 56349908
PT [3 0 750 -162 2]
 P 146772 7401 2706290 56422088
PT [3 0 751 -162 2]
 P 146772 7401 2709680 56494268
PT [3 0 752 -162 2]
 P 146772 7401 2713070 56566448
PT [3 0 753 -162 2]
EMPTY QUEUE
 P 147399 7401 2716464 56641603
PT [3 0 1 0 2]
 P 147399 7401 2719854 56710645
PT [3 0 2 0 2]
 P 147399 7401 2723244 56782825
PT [3 0 3 0 2]
 P 147399 7401 2726634 56855005
PT [3 0 4 0 2]
 P 147399 7401 2730024 56927185
PT [3 0 5 0 2]
EMPTY QUEUE
 P 148123 7401 2733418 57000805
PT [3 0 6 -1 2]
 P 148123 7401 2736808 57071545
PT [3 0 7 -1 2]
 P 148123 7401 2740198 57143725
PT [3 0 8 -1 2]
 P 148123 7401 2743588 57215905
PT [3 0 9 -1 2]
 P 148123 7401 2746978 57288085
PT [3 0 10 -1 2]
EMPTY QUEUE
 P 148784 7401 2750372 57361930
PT [3 0 11 -1 2]
 P 148784 7401 2753762 57432445
PT [3 0 12 -1 2]
 P 148784 7401 2757152 57504625
PT [3 0 13 -1 2]
 P 148784 7401 2760542 57576805
PT [3 0 14 -1 2]
 P 148784 7401 2763932 57648985
PT [3 0 15 -1 2]
EMPTY QUEUE
 P 148843 7401 2769894 57725469
PT [3 0 16 -1 2]
EMPTY QUEUE
 P 149599 7401 2773288 57795873
PT [3 0 17 160 2]
 P 149599 7401 2776678 57865525
PT [3 0 18 160 2]
 P 149599 7401 2780068 57937705
PT [3 0 19 160 2]
 P 149599 7401 2783458 58009885
PT [3 0 20 160 2]
 P 149599 7401 2786848 58082065
PT [3 0 21 160 2]
EMPTY QUEUE
 P 150323 7401 2790242 58156389
PT [3 0 22 159 2]
 P 150323 7401 2793632 58226425
PT [3 0 23 159 2]
 P 150323 7401 2797022 58298605
PT [3 0 24 159 2]
 P 150323 7401 2800412 58370785
PT [3 0 25 159 2]
 P 150323 7401 2803802 58442965
PT [3 0 26 159 2]
EMPTY QUEUE
 P 150984 7401 2807196 58517770
PT [3 0 27 159 2]
 P 150984 7401 2810586 58587325
PT [3 0 28 159 2]
 P 150984 7401 2813976 58659505
PT [3 0 29 159 2]
 P 150984 7401 2817366 58731685
PT [3 0 30 159 2]
 P 150984 7401 2820756 58803865
PT [3 0 31 159 2]
EMPTY QUEUE
 P 151612 7401 2824149 58878541
PT [3 0 32 156 2]
 P 151612 7401 2827539 58948225
PT [3 0 33 156 2]
 P 151612 7401 2830929 59020405
PT [3 0 34 156 2]
 P 151612 7401 2834319 59092585
PT [3 0 35 156 2]
 P 151612 7401 2837709 59164765
PT [3 0 36 156 2]
EMPTY QUEUE
 P 152368 7401 2841102 59239345
PT [3 0 37 155 2]
 P 152368 7401 2844492 59309125
PT [3 0 38 155 2]
 P 152368 7401 2847882 59381305
PT [3 0 39 155 2]
 P 152368 7401 2851272 59453485
PT [3 0 40 155 2]
 P 152368 7401 2854662 59525665
PT [3 0 41 155 2]
EMPTY QUEUE
 P 153028 7401 2858055 59600309
PT [3 0 42 154 2]
 P 153028 7401 2861445 59670025
PT [3 0 43 154 2]
 P 153028 7401 2864835 59742205
PT [3 0 44 154 2]
 P 153028 7401 2868225 59814385
PT [3 0 45 154 2]
 P 153028 7401 2871615 59886565
PT [3 0 46 154 2]
EMPTY QUEUE
 P 153688 7401 2875008 59960217
PT [3 0 47 153 2]
 P 153688 7401 2878398 60030925
PT [3 0 48 153 2]
 P 153688 7401 2881788 60103105
PT [3 0 49 153 2]
 P 153688 7401 2885178 60175285
PT [3 0 50 153 2]
 P 153688 7401 2888568 60247465
PT [3 0 51 153 2]
EMPTY QUEUE
 P 154315 7401 2891962 60321501
PT [3 0 52 152 2]
 P 154315 7401 2895352 60391825
PT [3 0 53 152 2]
 P 154315 7401 2898742 60464005
PT [3 0 54 152 2]
 P 154315 7401 2902132 60536185
PT [3 0 55 152 2]
 P 154315 7401 2905522 60608365
PT [3 0 56 152 2]
EMPTY QUEUE
 P 155070 7401 2908916 60682816
PT [3 0 57 151 2]
 P 155070 7401 2912306 60752725
PT [3 0 58 151 2]
 P 155070 7401 2915696 60824905
PT [3 0 59 151 2]
 P 155070 7401 2919086 60897085
PT [3 0 60 151 2]
 P 155070 7401 2922476 60969265
PT [3 0 61 151 2]
EMPTY QUEUE
 P 155792 7401 2925870 61044356
PT [3 0 62 150 2]
 P 155792 7401 2929260 61113625
PT [3 0 63 150 2]
 P 155792 7401 2932650 61185805
PT [3 0 64 150 2]
 P 155792 7401 2936040 61257985
PT [3 0 65 150 2]
 P 155792 7401 2939430 61330165
PT [3 0 66 150 2]
EMPTY QUEUE
 P 156484 7401 2942824 61404746
PT [3 0 67 149 2]
 P 156484 7401 2946214 61474525
PT [3 0 68 149 2]
 P 156484 7401 2949604 61546705
PT [3 0 69 149 2]
 P 156484 7401 2952994 61618885
PT [3 0 70 149 2]
 P 156484 7401 2956384 61691065
PT [3 0 71 149 2]
EMPTY QUEUE
 P 157207 7401 2959778 61764556
PT [3 0 72 148 2]
 P 157207 7401 2963168 61835425
PT [3 0 73 148 2]
 P 157207 7401 2966558 61907605
PT [3 0 74 148 2]
 P 157207 7401 2969948 61979785
PT [3 0 75 148 2]
 P 157207 7401 2973338 62051965
PT [3 0 76 148 2]
EMPTY QUEUE
 P 157835 7401 2976732 62126161
PT [3 0 77 147 2]
 P 157835 7401 2980122 62196325
PT [3 0 78 147 2]
 P 157835 7401 2983512 62268505
PT [3 0 79 147 2]
 P 157835 7401 2986902 62340685
PT [3 0 80 147 2]
 P 157835 7401 2990292 62412865
PT [3 0 81 147 2]
EMPTY QUEUE
 P 158527 7401 2993686 62486261
PT [3 0 82 146 2]
 P 158527 7401 2997076 62557225
PT [3 0 83 146 2]
 P 158527 7401 3000466 62629405
PT [3 0 84 146 2]
 P 158527 7401 3003856 62701585
PT [3 0 85 146 2]
 P 158527 7401 3007246 62773765
PT [3 0 86 146 2]
EMPTY QUEUE
 P 159187 7401 3010640 62847161
PT [3 0 87 145 2]
 P 159187 7401 3014030 62918125
PT [3 0 88 145 2]
 P 159187 7401 3017420 62990305
PT [3 0 89 145 2]
 P 159187 7401 3020810 63062485
PT [3 0 90 145 2]
 P 159187 7401 3024200 63134665
PT [3 0 91 145 2]
EMPTY QUEUE
 P 159848 7401 3027594 63209502
PT [3 0 92 144 2]
 P 159848 7401 3030984 63279025
PT [3 0 93 144 2]
 P 159848 7401 3034374 63351205
PT [3 0 94 144 2]
 P 159848 7401 3037764 63423385
PT [3 0 95 144 2]
 P 159848 7401 3041154 63495565
PT [3 0 96 144 2]
EMPTY QUEUE
 P 160539 7401 3044548 63569697
PT [3 0 97 143 2]
 P 160539 7401 3047938 63639925
PT [3 0 98 143 2]
 P 160539 7401 3051328 63712105
PT [3 0 99 143 2]
 P 160539 7401 3054718 63784285
PT [3 0 100 143 2]
 P 160539 7401 3058108 63856465
PT [3 0 101 143 2]
EMPTY QUEUE
 P 161263 7401 3061502 63930277
PT [3 0 102 142 2]
 P 161263 7401 3064892 64000825
PT [3 0 103 142 2]
 P 161263 7401 3068282 64073005
PT [3 0 104 142 2]
 P 161263 7401 3071672 64145185
PT [3 0 105 142 2]
 P 161263 7401 3075062 64217365
PT [3 0 106 142 2]
EMPTY QUEUE
 P 161986 7401 3078456 64291721
PT [3 0 107 141 2]
 P 161986 7401 3081846 64361725
PT [3 0 108 141 2]
 P 161986 7401 3085236 64433905
PT [3 0 109 141 2]
 P 161986 7401 3088626 64506085
PT [3 0 110 141 2]
 P 161986 7401 3092016 64578265
PT [3 0 111 141 2]
EMPTY QUEUE
 P 162710 7401 3095410 64652525
PT [3 0 112 140 2]
 P 162710 7401 3098800 64722625
PT [3 0 113 140 2]
 P 162710 7401 3102190 64794805
PT [3 0 114 140 2]
 P 162710 7401 3105580 64866985
PT [3 0 115 140 2]
 P 162710 7401 3108970 64939165
PT [3 0 116 140 2]
EMPTY QUEUE
 P 163433 7401 3112363 65013201
PT [3 0 117 139 2]
 P 163433 7401 3115753 65083525
PT [3 0 118 139 2]
 P 163433 7401 3119143 65155705
PT [3 0 119 139 2]
 P 163433 7401 3122533 65227885
PT [3 0 120 139 2]
 P 163433 7401 3125923 65300065
PT [3 0 121 139 2]
EMPTY QUEUE
 P 164188 7401 3129316 65374293
PT [3 0 122 138 2]
 P 164188 7401 3132706 65444425
PT [3 0 123 138 2]
 P 164188 7401 3136096 65516605
PT [3 0 124 138 2]
 P 164188 7401 3139486 65588785
PT [3 0 125 138 2]
 P 164188 7401 3142876 65660965
PT [3 0 126 138 2]
EMPTY QUEUE
 P 164912 7401 3146269 65736217
PT [3 0 127 136 2]
 P 164912 7401 3149659 65805325
PT [3 0 128 136 2]
 P 164912 7401 3153049 65877505
PT [3 0 129 136 2]
 P 164912 7401 3156439 65949685
PT [3 0 130 136 2]
 P 164912 7401 3159829 66021865
PT [3 0 131 136 2]
EMPTY QUEUE
 P 165603 7401 3163222 66095453
PT [3 0 132 135 2]
 P 165603 7401 3166612 66166225
PT [3 0 133 135 2]
 P 165603 7401 3170002 66238405
PT [3 0 134 135 2]
 P 165603 7401 3173392 66310585
PT [3 0 135 135 2]
 P 165603 7401 3176782 66382765
PT [3 0 136 135 2]
EMPTY QUEUE
 P 166294 7401 3180176 66456642
PT [3 0 137 134 2]
 P 166294 7401 3183566 66527125
PT [3 0 138 134 2]
 P 166294 7401 3186956 66599305
PT [3 0 139 134 2]
 P 166294 7401 3190346 66671485
PT [3 0 140 134 2]
 P 166294 7401 3193736 66743665
PT [3 0 141 134 2]
EMPTY QUEUE
 P 166920 7401 3197130 66818149
PT [3 0 142 133 2]
 P 166920 7401 3200520 66888025
PT [3 0 143 133 2]
 P 166920 7401 3203910 66960205
PT [3 0 144 133 2]
 P 166920 7401 3207300 67032385
PT [3 0 145 133 2]
 P 166920 7401 3210690 67104565
PT [3 0 146 133 2]
EMPTY QUEUE
 P 167547 7401 3214084 67178568
PT [3 0 147 132 2]
 P 167547 7401 3217474 67248925
PT [3 0 148 132 2]
 P 167547 7401 3220864 67321105
PT [3 0 149 132 2]
 P 167547 7401 3224254 67393285
PT [3 0 150 132 2]
 P 167547 7401 3227644 67465465
PT [3 0 151 132 2]
EMPTY QUEUE
 P 168174 7401 3231038 67540396
PT [3 0 152 131 2]
 P 168174 7401 3234428 67609825
PT [3 0 153 131 2]
 P 168174 7401 3237818 67682005
PT [3 0 154 131 2]
 P 168174 7401 3241208 67754185
PT [3 0 155 131 2]
 P 168174 7401 3244598 67826365
PT [3 0 156 131 2]
EMPTY QUEUE
 P 168897 7401 3247992 67900144
PT [3 0 157 130 2]
 P 168897 7401 3251382 67970725
PT [3 0 158 130 2]
 P 168897 7401 3254772 68042905
PT [3 0 159 130 2]
 P 168897 7401 3258162 68115085
PT [3 0 160 130 2]
 P 168897 7401 3261552 68187265
PT [3 0 161 130 2]
EMPTY QUEUE
 P 168908 7401 3264944 68261514
PT [3 0 162 130 2]
EMPTY QUEUE
 P 169568 7401 3268338 68334057
PT [3 0 163 129 2]
 P 169568 7401 3271728 68403805
PT [3 0 164 129 2]
 P 169568 7401 3275118 68475985
PT [3 0 165 129 2]
 P 169568 7401 3278508 68548165
PT [3 0 166 129 2]
 P 169568 7401 3281898 68620345
PT [3 0 167 129 2]
EMPTY QUEUE
 P 170260 7401 3285292 68694637
PT [3 0 168 128 2]
 P 170260 7401 3288682 68764705
PT [3 0 169 128 2]
