using saved target 'z1'
../../../../contiki/tools/sky/serialdump-linux -b115200 /dev/ttyUSB1
connecting to /dev/ttyUSB1 (115200) [OK]
Rime started with address 2.0
MAC 02:00:00:00:00:00:00:00 Ref ID: 4841
Contiki-3.x-2125-g5d67a61 started. Node id is set to 2.

************************************************
RTIMER_SECOND = 32768. F_CPU=8000000.
CLOCK_SECOND=128.
DURSLOT = 6015.(0.1835 s).
DURSLEEP = 66165.
DURCYCLE = 72180 .(2.2027 s).
MAX_CLOCK_DRIFT = WAKEUP_ADVANCE_TIME = 327 (0.0049 s).
PERIODIC_BCAST_CYCLES_SENSOR = 822083587.
PERIODIC_BCAST_CYCLES_SINK = 822083587.
MAX_CYCLE_COUNTER = 41728.
MAX_COUNT_NO_RTS_CTS = 65535.
MAX_CHILD_NUM = 10.
MAX_TRY_TO_FIND_PARENT = 3.

**********Below is Related Settings**********
PRIMAC_CONF_COMPOWER = 1.
PRIMAC_CONF_COMPOWER_SUPPORT = 1.
SF = 10.
PRI_SYNC_SUPPORT = 1.
RANDOM_DRIFT_IN_COOJA_SUPPORT = 0.
ADCSC_SUPPORT = 0.
DATA_TX_SUPPORT = 1.
START_GRADE = 0.
CYCLES_PER_PACKET = 4.
DATA_INTERVAL = 1.
RETX_LIMIT = 6.
TOTAL_DATA_NUM = -1.
MAX_DATA_QUEUE_BUFS = 10.
PROC_GRADE_BASED_ON_ADDR_SUPPORT = 1.
NODES_NUM_PER_GRADE = 2.
ADDRESS_FREE_SUPPORT = 0.
IS_COOJA_SIM = 0.
CROSS_PLATFORM_SUPPORT = 1.
************************************************

My address is 2.0.
nullmac PRIMAC, channel check rate 8 Hz, radio channel 26
Starting
Hello, world
 P 0 0 0 1481202
 P 0 0 3390 1553382
 P 0 0 6780 1625562
 P 0 0 10231 1698580
 P 0 0 13621 1769922
 P 0 0 17011 1842102
 P 0 0 20401 1914282
 P 0 0 23791 1986462
 P 67 0 29753 2063530
 P 134 0 35715 2134398
 P 2790 0 36788 2204277
 P 3613 0 39355 2275182
 P 3613 0 42745 2347362
 P 3613 0 46135 2419542
 P 3613 0 49525 2491722
 P 6277 0 49543 2564856
 P 8323 0 49546 2636082
 P 8323 0 52936 2708262
 P 8323 0 56326 2780442
 P 8323 0 59716 2852622
 P 9995 0 59734 2926973
 P 11433 0 59738 2996982
 P 11433 0 63128 3069162
 P 11433 0 66518 3141342
 P 11433 0 69908 3213522
 P 13810 0 69926 3286528
 P 16209 0 69930 3357882
 P 16209 0 73320 3430062
 P 16209 0 76710 3502242
 P 16209 0 80100 3574422
 P 18778 0 80118 3647621
 P 19578 0 80122 3718782
 P 19578 0 83512 3790962
 P 19578 0 86902 3863142
 P 19578 0 90292 3935322
 P 21826 0 90310 4008200
 P 24611 0 90314 4079682
 P 24611 0 93704 4151862
 P 24611 0 97094 4224042
 P 24611 0 100484 4296222
 P 26028 0 100502 4370317
 P 28238 0 100505 4440582
 P 29872 0 100509 4512762
 P 29872 0 103899 4584942
 P 29872 0 107289 4657122
 P 31674 0 107300 4731595
 P 32004 0 110699 4802757
 P 34087 0 110702 4873662
 P 34087 0 114092 4945842
 P 34087 0 117482 5018022
 P 36070 0 117491 5090202
 P 36399 0 120891 5163337
 P 38419 0 120894 5234562
 P 38419 0 124284 5306742
 P 38419 0 127674 5378922
 P 40082 0 127683 5451102
 P 40412 0 131082 5525453
 P 41857 0 131085 5595462
 P 41857 0 134475 5667642
 P 41857 0 137865 5739822
 P 44736 0 137874 5812002
 P 45066 0 141273 5885009
 P 47471 0 141277 5956362
 P 47471 0 144667 6028542
 P 47471 0 148057 6100722
 P 49006 0 148066 6172902
 P 49335 0 151465 6246100
 P 50141 0 151469 6317262
 P 50141 0 154859 6389442
 P 50141 0 158249 6461622
 P 51868 0 158258 6533802
 P 52198 0 161657 6606681
 P 54989 0 161662 6678162
 P 54989 0 165052 6750342
 P 54989 0 168442 6822522
 P 56396 0 168451 6894702
 P 56407 0 171843 6968471
 P 58952 0 171856 7040336
 P 58952 0 175246 7111242
 P 58952 0 178636 7183422
 P 61575 0 178644 7255602
 P 61575 0 182034 7327782
 P 63035 0 182047 7400917
 P 63035 0 185437 7472142
 P 63035 0 188827 7544322
 P 64314 0 188835 7616502
 P 64314 0 192225 7688682
 P 66221 0 192237 7763032
 P 66221 0 195627 7833042
 P 66221 0 199017 7905222
 P 67692 0 199025 7977402
 P 67692 0 202415 8049582
 P 69537 0 202427 8122589
 P 69537 0 205817 8193942
 P 69537 0 209207 8266122
 P 70688 0 209215 8338302
 P 70688 0 212605 8410482
 P 71956 0 212618 8483680
 P 71956 0 216008 8554842
 P 71956 0 219398 8627022
 P 74323 0 219406 8699202
 P 74323 0 222796 8771382
 P 76553 0 222809 8844261
 P 76553 0 226199 8915742
 P 76553 0 229589 8987922
 P 77576 0 229597 9060102
 P 77576 0 232987 9132282
 P 80254 0 233000 9206377
 P 80254 0 236390 9276642
 P 80254 0 239780 9348822
 P 81474 0 239788 9421002
 P 81474 0 243178 9493182
 P 84107 0 243195 9566541
 P 85753 0 243199 9637542
 P 85753 0 246589 9709722
 P 85753 0 249979 9781902
 P 85753 0 253369 9854082
 P 88577 0 253386 9927376
 P 90672 0 253390 9998442
 P 90672 0 256780 10070622
 P 90672 0 260170 10142802
 P 90672 0 263560 10214982
 P 93177 0 263578 10289749
 P 95209 0 263582 10359342
 P 95209 0 266972 10431522
 P 95209 0 270362 10503702
 P 95209 0 273752 10575882
 P 96623 0 273762 10649296
 P 98409 0 273775 10721516
 P 98409 0 277165 10792422
 P 98409 0 280555 10864602
 P 98409 0 283945 10936782
 P 98409 0 287335 11008962
 P 101041 0 287353 11082097
 P 102691 0 287357 11153322
 P 102691 0 290747 11225502
 P 102691 0 294137 11297682
 P 102691 0 297527 11369862
 P 105514 0 297545 11444213
 P 106685 0 297548 11514222
 P 106685 0 300938 11586402
 P 106685 0 304328 11658582
 P 106685 0 307718 11730762
 P 109196 0 307735 11804217
 P 110116 0 310310 11878602
 P 112482 73 310324 11948819
 P 114272 146 310341 12020905
 P 116903 491 310361 12093018
 P 118884 564 310377 12166254
 P 120255 564 310386 12238475
 P 122534 637 310406 12309622
 P 124516 710 310421 12381578
 P 126946 782 310436 12453916
 P 128129 855 310451 12527155
 P 129979 855 310461 12599374
 P 131484 928 310475 12670620
 P 132668 1001 310489 12742703
 P 134685 1001 313070 12816878
 P 136188 1074 313085 12887158
 P 138205 1271 313096 12958705
 P 139708 1344 313111 13031518
 P 142140 1417 313125 13103602
 P 143324 1490 313139 13175558
 P 145693 1563 313154 13247899
 P 148094 1636 313170 13321136
 P 149624 1636 315746 13395790
 P 151937 1636 315757 13463935
 P 153922 1709 315772 13536779
 P 155428 1782 315787 13608864
 P 157445 1782 318368 13683038
 P 159430 1855 318383 13753318
 P 160936 1928 318398 13825402
 P 162921 2001 318413 13897358
 P 164427 2074 318427 13969698
 P 166413 2147 318441 14042934
 P 167783 2147 318450 14115149
 P 169771 2220 318465 14186400
 P 171278 2293 318480 14258483
 P 173265 2366 318495 14330439
 P 174772 2439 318509 14402779
 P 175641 2439 318515 14475447
 P 177920 2512 318535 14547202
 P 179427 2585 318550 14619158
 P 181444 2585 321131 14694614
 P 182952 2658 321145 14763838
 P 184969 2849 321156 14835380
 P 186478 2922 321171 14908199
 P 188495 3113 321182 14979739
 P 190004 3186 321197 15052559
 P 191966 3186 323778 15126798
 P 193475 3259 323792 15196918
 P 195492 3448 323803 15268458
 P 197001 3521 323818 15341278
 P 199018 3711 323829 15412818
 P 200527 3784 323845 15485638
 P 202544 3972 323857 15557177
 P 204055 4045 323872 15630000
 P 206494 4118 323886 15702083
 P 208869 4191 323901 15774039
 P 211276 4264 323916 15846379
 P 213074 4337 323931 15919614
 P 214442 4337 323940 15991823
 P 216881 4410 323954 16063078
 P 219256 4483 323969 16135162
 P 221273 4483 326550 16209338
 P 223264 4556 326565 16279618
 P 224776 4629 326580 16351703
 P 225969 4702 326594 16423659
 P 227986 4702 329175 16499114
 P 229499 4775 329190 16568339
 P 231516 4960 329202 16639873
 P 233028 5033 329217 16712698
 P 235045 5218 329228 16784233
 P 236300 5218 329233 16856552
 P 238261 5218 329244 16928575
 P 239775 5291 329259 17001418
 P 241791 5475 329271 17072952
 P 243306 5548 329286 17145780
 P 245323 5731 329297 17217311
 P 247319 5804 329311 17290140
 P 248834 5877 329325 17362223
 P 250028 5950 329340 17434179
 P 252045 5950 331921 17509634
 P 253559 6023 331936 17578858
 P 255576 6205 331947 17650390
 P 257091 6278 331961 17723218
 P 259108 6460 331972 17794751
 P 260365 6460 331978 17867072
 P 262810 6533 331993 17939759
 P 264006 6606 332008 18011843
 P 266419 6679 332022 18083799
 P 267905 6679 332027 18155571
 P 269163 6679 332033 18227972
 P 271124 6679 332044 18299995
 P 272640 6752 332059 18372838
 P 274602 6752 334640 18447078
 P 276120 6825 334654 18517198
 P 278143 6825 337234 18591438
 P 279342 6825 337240 18660991
 P 281567 6898 337261 18733740
 P 283085 6971 337276 18805823
 P 285102 6971 339857 18879998
 P 286620 7044 339871 18950279
 P 288581 7044 339882 19021571
 P 290099 7117 339897 19094638
 P 292116 7294 339908 19166165
 P 293634 7367 339923 19238998
 P 295596 7367 342504 19313238
 P 297115 7440 342518 19383358
 P 299132 7617 342529 19454885
 P 300652 7690 342544 19527719
 P 302669 7865 342556 19599244
 P 304188 7938 342572 19672079
 P 306209 7938 342583 19743432
 P 307729 8011 342597 19816438
 P 309746 8186 342608 19887963
 P 311266 8259 342623 19960798
 P 313283 8434 342634 20032323
 P 314805 8507 342648 20105158
 P 316826 8507 342659 20176512
 P 318348 8580 342674 20249520
 P 320365 8753 342685 20321041
 P 321888 8826 342700 20393880
 P 323905 9000 342711 20465402
 P 325164 9000 345287 20540298
 P 327166 9073 345301 20610418
 P 328688 9146 345315 20682502
 P 330705 9146 347896 20756678
 P 332227 9219 347911 20826958
 P 334244 9390 347922 20898479
 P 335767 9463 347937 20971319
 P 337784 9635 347948 21042840
 P 339308 9708 347962 21115679
 P 341326 9878 347973 21187198
 P 342849 9951 347988 21260039
 P 344866 10121 347998 21331558
 P 346390 10194 348012 21404398
 P 348411 10194 348022 21475752
 P 349935 10267 348036 21548758
 P 351952 10267 350616 21622678
 P 353478 10340 350631 21693120
 P 355495 10508 350642 21764637
 P 357021 10581 350656 21837480
 P 359038 10749 350666 21908996
 P 360564 10822 350682 21981840
 P 362581 10990 350692 22053356
 P 364106 11063 350707 22126198
 P 366123 11230 350717 22197715
 P 367649 11303 350731 22270558
 P 369666 11471 350741 22342076
 P 371192 11544 350756 22414918
 P 373209 11711 350766 22486435
 P 374736 11784 350781 22559279
 P 376753 11950 350791 22630794
 P 378281 12023 350805 22703639
 P 380299 12188 350815 22775153
 P 381826 12261 350830 22847998
 P 383843 12426 350840 22919513
 P 385108 12426 353416 22994418
 P 387117 12498 353430 23064536
 P 389311 12498 356005 23138682
 P 391061 12498 356010 23208392
 P 393519 12571 356025 23281080
 P 394728 12644 356040 23353163
 P 397153 12717 356055 23425119
 P 398712 12717 356060 23496952
 P 400242 12790 356074 23569800
 P 402265 12790 358653 23644038
 P 404274 12863 358668 23714158
 P 405803 12936 358683 23786242
 P 407012 13009 358698 23858198
 P 409029 13009 361278 23933654
 P 410560 13082 361292 24002879
 P 412582 13082 363872 24077118
 P 414113 13155 363887 24147239
 P 416130 13316 363897 24218749
 P 417660 13389 363912 24291599
 P 419677 13549 363922 24363108
 P 421208 13622 363936 24435958
 P 423231 13622 366515 24510198
 P 424762 13695 366530 24580318
 P 426778 13855 366541 24651828
 P 428310 13928 366556 24724679
 P 430326 14087 366567 24796187
 P 431859 14160 366582 24869040
 P 433881 14160 369162 24943278
 P 435414 14233 369178 25013400
 P 437430 14391 369189 25084906
 P 438962 14464 369204 25157758
 P 440978 14621 369215 25229265
 P 442511 14694 369229 25302118
 P 444533 14694 371809 25376358
 P 446066 14767 371824 25446478
 P 448082 14924 371835 25517985
 P 449616 14997 371850 25590839
 P 451631 15153 371861 25662344
 P 453166 15226 371875 25735199
 P 455183 15381 371886 25806704
 P 456717 15454 371901 25879558
 P 459179 15527 371916 25951642
 P 460394 15600 371932 26023599
 P 462762 15600 374513 26099054
 P 464778 15673 374528 26168278
 P 466313 15746 374543 26240362
 P 468273 15746 374554 26311911
 P 469812 15819 374568 26384820
 P 471834 15819 377148 26459058
 P 473371 15892 377162 26529179
 P 475387 16045 377173 26600681
 P 476924 16118 377188 26673539
 P 478940 16270 377199 26745041
 P 481762 16343 377219 26817802
 P 483461 16343 377224 26889191
 P 485926 16416 377238 26962258
 P 487143 16489 377253 27034342
 P 489259 16489 377259 27105731
 P 491085 16562 377274 27178799
 P 493107 16562 379854 27253038
 P 495125 16635 379869 27323159
 P 497591 16708 379887 27395244
 P 498810 16781 379902 27467200
 P 501244 16854 379917 27539538
 P 502808 16854 382493 27614834
 P 504346 16927 382508 27684058
 P 506306 16927 382519 27755351
 P 507846 17000 382533 27828419
 P 509862 17149 382544 27899917
 P 511402 17222 382561 27972780
 P 513418 17370 382572 28044276
 P 514696 17370 385147 28119198
 P 516717 17443 385161 28189319
 P 519185 17516 385176 28261402
 P 520405 17589 385191 28333358
 P 522841 17662 385206 28405698
 P 524407 17662 387782 28480994
 P 526428 17735 387796 28550218
 P 527970 17808 387810 28622303
 P 529192 17881 387825 28694259
 P 531208 17881 390406 28769714
 P 532749 17954 390422 28838939
 P 535028 18027 390442 28910799
 P 536312 18027 390447 28982632
 P 539722 18027 391634 29057442
 P 541264 18100 391649 29127658
 P 543280 18246 391660 29199155
 P 544822 18319 391675 29272018
 P 546838 18463 391686 29343512
 P 548383 18536 391700 29416380
 P 550343 18536 391711 29487671
 P 552921 18536 392990 29562798
 P 554937 18536 395571 29634882
 P 556481 18609 395586 29705099
 P 558497 18752 395597 29776591
 P 560041 18825 395611 29849458
 P 562061 18825 395622 29920812
 P 563605 18898 395637 29993818
 P 565621 19040 395648 30065310
 P 567646 19113 395663 30138179
 P 569192 19185 395677 30210261
 P 571152 19185 395688 30281811
 P 572698 19258 395703 30354719
 P 574715 19398 395715 30426209
 P 576260 19471 395730 30499078
 P 578221 19471 398311 30573318
 P 579767 19544 398325 30643438
 P 581783 19685 398336 30714929
 P 583166 19758 398351 30787798
 P 585182 19897 398362 30859287
 P 587046 19970 398377 30932160
 P 588430 20043 398392 31004243
 P 589495 20115 398406 31076197
 P 591511 20115 400987 31151654
 P 592896 20188 401002 31220880
 P 595208 20261 401017 31292962
 P 596272 20334 401032 31364918
 P 598202 20334 401038 31436691
 P 600067 20407 401052 31509598
 P 601453 20480 401067 31581682
 P 603767 20553 401082 31653639
 P 604833 20626 401097 31725979
 P 607053 20626 403440 31801274
 P 609335 20699 403455 31870499
 P 611011 20772 403469 31942584
 P 613323 20772 403480 32014131
 P 615189 20845 403495 32087038
 P 617503 20918 403510 32159122
 P 618569 20991 403525 32231079
 P 620820 21064 403539 32303418
 P 623073 21064 405883 32378714
 P 624749 21137 405898 32447939
 P 626710 21137 408479 32522178
 P 628098 21210 408495 32592300
 P 630413 21283 408511 32664383
 P 631481 21355 408525 32736337
 P 633733 21428 408539 32808678
 P 635985 21428 410885 32883974
 P 637661 21501 410900 32953198
 P 640297 21574 410916 33025282
 P 641429 21647 410931 33097238
 P 642467 21720 410946 33169580
 P 644780 21720 413526 33243978
 P 646650 21793 413541 33314099
 P 648040 21866 413556 33386183
 P 650357 21939 413572 33458139
 P 651426 22012 413587 33530479
 P 653645 22012 415935 33605774
 P 655931 22085 415949 33674998
 P 657610 22158 415964 33747083
 P 659570 22158 415974 33818631
 P 660960 22231 415989 33891538
 P 662976 22360 415999 33963017
 P 664849 22433 416013 34035900
 P 665978 22433 418588 34110042
 P 667369 22506 418604 34180259
 P 669330 22506 421184 34254498
 P 670722 22579 421199 34324619
 P 673042 22652 421213 34396702
 P 674980 22652 421218 34468091
 P 677258 22725 421237 34541062
 P 678650 22798 421252 34613018
 P 680666 22798 423832 34688474
 P 682060 22871 423847 34757699
 P 684382 22944 423861 34829783
 P 686640 23017 423875 34901739
 P 688656 23017 426455 34977194
 P 690049 23090 426470 35046419
 P 692010 23090 429051 35120658
 P 693403 23163 429066 35190778
 P 695419 23288 429076 35262253
 P 696813 23361 429091 35335138
 P 698829 23486 429101 35406613
 P 700224 23559 429116 35479499
 P 702185 23559 431696 35553738
 P 704061 23632 431711 35623860
 P 706887 23632 433073 35698002
 P 708020 23632 435648 35770278
 P 709415 23705 435663 35840399
 P 711431 23829 435673 35911872
 P 712827 23902 435688 35984759
 P 714843 24025 435698 36056231
 P 716239 24098 435712 36129118
 P 718200 24098 438292 36203358
 P 720077 24171 438307 36273479
 P 722402 24244 438322 36345563
 P 723479 24317 438337 36417519
 P 725773 24390 438352 36489860
 P 727414 24390 440709 36565154
 P 729781 24390 443290 36636342
 P 731658 24463 443305 36706558
 P 733983 24536 443320 36778642
 P 735060 24609 443335 36850599
 P 736938 24682 443349 36922938
 P 738291 24682 445707 36998234
 P 740219 24682 447171 37069518
 P 742234 24682 449752 37141602
 P 743633 24754 449768 37211818
 P 745648 24872 449779 37283286
 P 746729 24872 449784 37355612
 P 749006 24945 449804 37428262
 P 750405 25018 449819 37500218
 P 752420 25018 452400 37575674
 P 753819 25091 452415 37644898
 P 755834 25209 452426 37716366
 P 757235 25282 452440 37789259
 P 759564 25355 452454 37861343
 P 761829 25428 452469 37933299
 P 763844 25428 455050 38008754
 P 765724 25501 455065 38077979
 P 767124 25574 455081 38150064
 P 768205 25647 455095 38222018
 P 770470 25719 455108 38294356
 P 772109 25719 457472 38369654
 P 774124 25719 460053 38440842
 P 775526 25792 460068 38511059
 P 777541 25906 460079 38582522
 P 778685 25906 460084 38654912
 P 780963 25979 460104 38727503
 P 782365 26052 460120 38799459
 P 784380 26052 462701 38874914
 P 785782 26125 462716 38944138
 P 787797 26238 462727 39015601
 P 788938 26238 465302 39090558
 P 790821 26311 465317 39160678
 P 793152 26384 465332 39232762
 P 794236 26457 465347 39304719
 P 797122 26457 466658 39379118
 P 798528 26530 466672 39449399
 P 799613 26603 466686 39521483
 P 801628 26603 469267 39595658
 P 804450 26676 469287 39665844
 P 806334 26749 469302 39737798
 P 808218 26822 469317 39810138
 P 809568 26822 471685 39885434
 P 810653 26895 471699 39954658
 P 812931 26968 471719 40026519
 P 814337 27041 471734 40098859
 P 816352 27041 474315 40174570
 P 817759 27114 474330 40243380
 P 819774 27223 474341 40314837
 P 821180 27296 474355 40387738
 P 823195 27405 474366 40459197
 P 824602 27478 474381 40532099
 P 826623 27478 476961 40606338
 P 828029 27551 476976 40676458
 P 830044 27659 476987 40747916
 P 831452 27732 477001 40820819
 P 833467 27839 477012 40892275
 P 834876 27912 477027 40965179
 P 836891 28018 477038 41036634
 P 838299 28091 477052 41109539
 P 840315 28197 477063 41180994
 P 841723 28270 477078 41253898
 P 843738 28375 477089 41325353
 P 845146 28448 477104 41398258
 P 847161 28554 477115 41469714
 P 848571 28627 477129 41542619
 P 850849 28700 477149 41614479
 P 852259 28773 477164 41686819
 P 854274 28773 479745 41762530
 P 855684 28846 479761 41831340
 P 858021 28919 479776 41903423
 P 860295 28992 479790 41975378
 P 862572 29065 479810 42048774
 P 863982 29138 479825 42121370
 P 865997 29138 482406 42194522
 P 867407 29211 482421 42264418
 P 869422 29314 482432 42335871
 P 871314 29387 482447 42408779
 P 872726 29460 482461 42480863
 P 873818 29533 482476 42552819
 P 875833 29533 485057 42628274
 P 877244 29606 485072 42697498
 P 879583 29679 485088 42769584
 P 880675 29752 485102 42841538
 P 882689 29752 487677 42915938
 P 884581 29825 487692 42986218
 P 886475 29898 487707 43058304
 P 887888 29971 487722 43130259
 P 890230 30044 487736 43202599
 P 891324 30117 487750 43275835
 P 893372 30117 490326 43350490
 P 895073 30190 490341 43419299
 P 897440 30289 490352 43490747
 P 899333 30362 490367 43563658
 P 900747 30435 490381 43635742
 P 902762 30435 492962 43709918
 P 904656 30508 492977 43780198
 P 906071 30581 492992 43852283
 P 908086 30581 495573 43926458
 P 909242 30581 495579 43996232
 P 911520 30654 495599 44068823
 P 912936 30727 495615 44140779
 P 915280 30799 495630 44213117
 P 917653 30799 498210 44287518
 P 919548 30872 498225 44357638
 P 920963 30945 498240 44429722
 P 923240 31018 498260 44501838
 P 924398 31018 498266 44574568
 P 926736 31018 500586 44648418
 P 927833 31091 500601 44718539
 P 930114 31164 500616 44790623
 P 932482 31164 503197 44864798
 P 934379 31237 503211 44935080
 P 935796 31310 503225 45007162
 P 938142 31383 503240 45079118
 P 939239 31456 503255 45151458
 P 941262 31456 503261 45224188
 P 943567 31456 505583 45298038
 P 945274 31529 505597 45368159
 P 947641 31621 505607 45439600
 P 949541 31694 505622 45512519
 P 950960 31767 505637 45584603
 P 953307 31840 505652 45656559
 P 954406 31913 505666 45728898
 P 956689 31986 505680 45802134
 P 958648 31986 505692 45872403
 P 960067 32059 505707 45945598
 P 962414 32132 505722 46017682
 P 963513 32205 505737 46089639
 P 965798 32278 505751 46161979
 P 968115 32351 505765 46235215
 P 969561 32351 508341 46309870
 P 971929 32351 510921 46380642
 P 973829 32424 510938 46450860
 P 975249 32497 510953 46522942
 P 977878 32570 510972 46595058
 P 979779 32643 510986 46668294
 P 980938 32643 513562 46742950
 P 983288 32716 513577 46811759
 P 984391 32788 513592 46883843
 P 986677 32861 513607 46955799
 P 988996 32934 513622 47028140
 P 990707 33007 513636 47101376
 P 993019 33007 516216 47174718
 P 994921 33080 516231 47244838
 P 996344 33153 516246 47316923
 P 998694 33226 516261 47388878
 P 999535 33226 518836 47463278
 P 1001438 33299 518850 47533558
 P 1002861 33372 518865 47605642
 P 1005213 33445 518880 47677599
 P 1006317 33518 518895 47749939
 P 1008332 33518 521475 47825650
 P 1009758 33591 521489 47894460
 P 1012110 33664 521504 47966543
 P 1013215 33737 521519 48038499
 P 1015229 33737 524100 48113954
 P 1016653 33810 524115 48183178
 P 1019007 33883 524129 48255262
 P 1019794 33883 524134 48326651
 P 1022065 33883 526466 48401778
 P 1024387 33956 526481 48471899
 P 1026101 34029 526496 48543983
 P 1028412 34029 529077 48618318
 P 1030318 34102 529092 48688439
 P 1031745 34175 529107 48760523
 P 1034099 34248 529122 48832478
 P 1035206 34321 529137 48904819
 P 1037572 34321 531718 48980530
 P 1039216 34321 534294 49051398
 P 1041123 34394 534308 49121518
 P 1042551 34467 534323 49193603
 P 1043659 34540 534338 49265559
 P 1045673 34540 536919 49341014
 P 1047581 34613 536934 49410240
 P 1049170 34613 536940 49481755
 P 1050576 34613 539275 49556658
 P 1052590 34613 541856 49628742
 P 1054498 34686 541871 49698958
 P 1056148 34686 541877 49770536
 P 1057553 34686 544214 49845378
 P 1059647 34686 546790 49917558
 P 1062524 34686 548135 49989738
 P 1063954 34759 548149 50059859
 P 1066312 34832 548164 50131943
 P 1067421 34905 548180 50203899
 P 1069746 34978 548195 50276239
 P 1071464 35051 548209 50349474
 P 1073479 35255 548220 50420004
 P 1075389 35328 548235 50492938
 P 1077299 35401 548250 50565022
 P 1078730 35474 548265 50636979
 P 1080688 35474 548276 50709807
 P 1082600 35547 548290 50781659
 P 1084033 35619 548304 50853742
 P 1085145 35692 548319 50925699
 P 1087159 35692 550900 51001154
 P 1089070 35765 550917 51070380
 P 1091429 35838 550932 51142462
 P 1092541 35911 550946 51214418
 P 1094575 35911 553521 51288818
 P 1096487 35984 553536 51359098
 P 1098853 36057 553548 51430522
 P 1100767 36130 553563 51503460
 P 1102200 36203 553578 51575543
 P 1104562 36276 553592 51647499
 P 1105675 36349 553607 51719839
 P 1107974 36422 553622 51793076
 P 1109988 36621 553633 51863599
 P 1111901 36694 553648 51936538
 P 1113334 36767 553664 52008623
 P 1115248 36840 553678 52080578
 P 1116682 36913 553692 52152918
 P 1118598 36986 553707 52226156
 P 1119729 36986 553713 52298199
 P 1121644 37059 553728 52369619
 P 1123080 37132 553743 52441704
 P 1124995 37205 553758 52513659
 P 1126430 37278 553772 52585998
 P 1128345 37351 553787 52659234
 P 1129476 37351 553793 52731277
 P 1130329 37351 556369 52804758
 P 1132245 37424 556383 52874878
 P 1135504 37424 557802 52949022
 P 1136622 37497 557817 53019240
 P 1138692 37497 560393 53093382
 P 1140609 37570 560408 53163599
 P 1142975 37643 560422 53235683
 P 1144893 37716 560436 53307639
 P 1146810 37789 560450 53379978
 P 1148248 37862 560465 53453214
 P 1149059 37862 560471 53525256
 P 1151023 37862 560482 53596111
 P 1152460 37935 560497 53668858
 P 1154474 38000 560508 53740273
 P 1155913 38073 560523 53813219
 P 1158280 38146 560538 53885303
 P 1160583 38219 560553 53957259
 P 1162597 38219 563134 54032714
 P 1164517 38292 563149 54101940
 P 1166883 38292 565731 54175858
 P 1168802 38365 565745 54246298
 P 1171169 38438 565760 54318382
 P 1173183 38438 568341 54392558
 P 1174622 38511 568356 54462838
 P 1176581 38511 570937 54537078
 P 1178023 38584 570951 54607200
 P 1179982 38584 573532 54681438
 P 1181423 38656 573547 54751557
 P 1183437 38656 576128 54825478
 P 1184877 38729 576143 54895919
 P 1186891 38729 578724 54969838
 P 1188812 38802 578738 55040278
 P 1190253 38875 578753 55112363
 P 1191375 38948 578768 55184319
 P 1193389 38948 581349 55259774
 P 1194831 39021 581364 55328999
 P 1196845 39021 583945 55402918
 P 1197175 39094 587346 55473359
 P 1199098 39167 587362 55545444
 P 1201468 39240 587377 55617399
 P 1202590 39313 587392 55689738
 P 1204928 39386 587407 55762974
 P 1206341 39386 587412 55835003
 P 1208221 39386 589768 55908498
 P 1209664 39459 589783 55978618
 P 1210787 39532 589798 56050702
 P 1212801 39532 592379 56124878
 P 1214245 39605 592394 56195159
 P 1216259 39605 594975 56269078
 P 1217703 39678 594989 56339519
 P 1220075 39751 595004 56411602
 P 1221199 39824 595019 56483558
 P 1223507 39897 595034 56555898
 P 1225847 39970 595049 56629134
 P 1227262 39970 595054 56701163
 P 1229835 40043 595073 56772598
 P 1231761 40116 595088 56844683
 P 1233207 40189 595103 56916639
 P 1235581 40262 595118 56988979
 P 1236706 40335 595134 57062215
 P 1238698 40335 595139 57134243
 P 1240993 40335 597499 57207738
 P 1242727 40408 597514 57277858
 P 1245093 40408 600094 57351778
 P 1247019 40481 600109 57422218
 P 1248465 40554 600124 57494302
 P 1250842 40627 600138 57566259
 P 1251970 40700 600152 57638599
 P 1254282 40773 600167 57711835
 P 1256307 40773 600173 57783863
 P 1258234 40846 600188 57855299
 P 1259681 40919 600203 57927382
 P 1262057 40992 600217 57999338
 P 1263185 41065 600231 58071678
 P 1265497 41138 600246 58144914
 P 1267523 41138 600252 58216943
 P 1269452 41211 600267 58288379
 P 1270902 41284 600281 58360463
 P 1272032 41357 600295 58432419
 P 1274046 41357 602875 58507874
 P 1276867 41430 602895 58577004
 P 1278796 41503 602910 58648959
 P 1281173 41575 602925 58721296
 P 1282303 41648 602939 58794534
 P 1284331 41648 602944 58866563
 P 1285807 41648 605520 58940058
 P 1287257 41721 605535 59010178
 P 1289270 41721 608116 59084098
 P 1290722 41794 608131 59154540
 P 1292735 41794 610712 59228458
 P 1294187 41867 610726 59298899
 P 1296200 41867 613307 59372818
 P 1297651 41940 613322 59443258
 P 1299664 41940 615903 59517178
 P 1301115 42013 615918 59587618
 P 1303130 42013 618498 59661538
 P 1304583 42086 618513 59731978
 P 1306596 42086 621094 59805898
 P 1307886 42159 621109 59876339
 P 1309899 42159 623690 59950258
 P 1311669 42232 623705 60020699
 P 1313887 42305 623720 60092783
 P 1314857 42378 623734 60164739
 P 1316627 42451 623749 60237078
 P 1317918 42524 623764 60310314
 P 1318570 42524 623770 60382343
 P 1320666 42524 626142 60455838
 P 1322246 42597 626156 60525958
 P 1324259 42597 628737 60599878
 P 1325551 42670 628752 60670319
 P 1327564 42670 631333 60744238
 P 1328856 42743 631349 60814680
 P 1330869 42743 633930 60888598
 P 1332161 42816 633944 60959038
 P 1334174 42816 636525 61032958
 P 1335466 42889 636540 61103398
 P 1337480 42889 639121 61177318
 P 1338772 42962 639136 61247758
 P 1340785 42962 641717 61321678
 P 1342079 43035 641731 61392119
 P 1344092 43035 644312 61466038
 P 1345386 43108 644327 61536479
 P 1347399 43108 646908 61610398
 P 1348692 43181 646923 61680839
 P 1350705 43181 649504 61754758
 P 1351738 43181 652080 61827258
 P 1353512 43254 652095 61897378
 P 1354806 43327 652110 61969462
 P 1355780 43400 652125 62041418
 P 1357939 43473 652140 62113759
 P 1359523 43546 652154 62186995
 P 1361799 43619 652174 62257832
 P 1363575 43692 652189 62330683
 P 1365894 43692 653479 62404442
 P 1367669 43765 653494 62474819
 P 1368964 43838 653509 62546902
 P 1370740 43911 653523 62618858
 P 1372036 43984 653537 62691198
 P 1373812 44057 653552 62764434
 P 1374790 44057 653558 62836463
 P 1375767 44130 653573 62907899
 P 1377928 44203 653588 62979983
 P 1379514 44276 653602 63051939
 P 1381790 44349 653622 63125336
 P 1383250 44349 653628 63197363
 P 1385526 44421 653648 63268701
 P 1387303 44494 653663 63340658
 P 1388602 44567 653677 63412998
 P 1390380 44640 653691 63486234
 P 1391360 44640 653696 63558263
 P 1392339 44713 653711 63629699
 P 1394239 44713 656287 63703842
 P 1395538 44786 656302 63774059
 P 1397551 44786 658883 63847978
 P 1399331 44859 658897 63918420
 P 1400630 44932 658912 63990502
 P 1402409 45005 658927 64062458
 P 1403708 45078 658942 64134798
 P 1405487 45151 658957 64208034
 P 1406469 45151 658962 64280063
 P 1407450 45224 658976 64351499
 P 1409615 45297 658991 64423583
 P 1411205 45370 659006 64495540
 P 1413218 45370 661587 64570994
 P 1414998 45443 661602 64640219
 P 1416299 45516 661616 64712302
 P 1418081 45589 661631 64784258
 P 1419382 45662 661646 64856598
 P 1421163 45735 661661 64929834
 P 1422147 45735 661667 65001863
 P 1423128 45808 661682 65073298
 P 1425295 45881 661696 65145383
 P 1426887 45954 661711 65217339
 P 1428900 45954 664292 65292794
 P 1430203 46027 664308 65362020
 P 1432216 46027 666889 65435938
 P 1433518 46100 666904 65506378
 P 1435531 46100 669485 65580298
 P 1437314 46173 669499 65650738
 P 1438617 46246 669514 65722822
 P 1439600 46319 669529 65794778
 P 1441768 46392 669544 65867119
 P 1443360 46465 669559 65940355
 P 1445373 46618 669570 66010833
 P 1446678 46691 669584 66083819
 P 1448691 46691 672165 66157738
 P 1449995 46764 672180 66228178
 P 1452008 46764 674761 66302098
 P 1453314 46837 674775 66372539
 P 1455333 46837 677355 66446778
 P 1456639 46910 677370 66516898
 P 1458652 46910 679950 66590818
 P 1459958 46983 679965 66661259
 P 1461971 46983 682545 66735178
 P 1463278 47056 682559 66805619
 P 1465512 47128 682574 66877701
 P 1466498 47201 682589 66949658
 P 1468022 47201 685165 67024058
 P 1469808 47274 685180 67094338
 P 1472042 47346 685195 67166420
 P 1474407 47346 687775 67240598
 P 1476194 47419 687789 67310878
 P 1477503 47492 687804 67382964
 P 1479739 47565 687819 67454919
 P 1480728 47638 687834 67527260
 P 1483093 47638 690414 67602970
 P 1484881 47711 690428 67671779
 P 1486189 47784 690442 67743863
 P 1488202 47784 693022 67818038
 P 1489511 47857 693037 67888319
 P 1491524 47857 695617 67962238
 P 1492832 47930 695632 68032679
 P 1494845 47930 698212 68106598
 P 1496155 48003 698226 68177039
 P 1498168 48003 700806 68250958
 P 1499478 48076 700821 68321399
 P 1501491 48076 703401 68395318
 P 1503282 48149 703415 68465760
 P 1505520 48222 703429 68537843
 P 1506510 48295 703443 68609798
 P 1508423 48295 706019 68684198
 P 1510213 48368 706034 68754478
 P 1511523 48441 706049 68826562
 P 1513763 48514 706063 68898519
 P 1514755 48587 706077 68970859
 P 1516668 48587 708653 69046154
 P 1518460 48660 708668 69115379
 P 1520699 48733 708684 69187463
 P 1521692 48806 708698 69259418
 P 1523484 48879 708712 69331758
 P 1524796 48952 708726 69404994
 P 1525526 49159 708732 69477287
 P 1527702 49232 708748 69548459
 P 1529910 49305 708763 69620542
 P 1532275 49305 711343 69694718
 P 1534069 49378 711357 69764999
 P 1536311 49451 711371 69837083
 P 1537305 49524 711386 69909039
 P 1539220 49524 713962 69983438
 P 1541014 49597 713977 70053719
 P 1542327 49670 713992 70125802
 P 1544569 49743 714006 70197758
 P 1545563 49816 714020 70270098
 P 1547479 49816 716596 70345394
 P 1549274 49889 716611 70414619
 P 1550589 49962 716627 70486704
 P 1552833 50035 716641 70558659
 P 1553830 50108 716655 70631000
 P 1556009 50181 716670 70704235
 P 1557542 50383 716676 70776522
 P 1558539 50383 716682 70847131
 P 1560334 50456 716697 70919878
 P 1561651 50529 716711 70991963
 P 1563895 50602 716725 71063918
 P 1564891 50675 716740 71136258
 P 1566809 50675 719316 71211554
 P 1568606 50748 719331 71280779
 P 1569923 50821 719346 71352863
 P 1572169 50894 719360 71424819
 P 1573166 50967 719374 71497159
 P 1574963 51040 719389 71570395
 P 1576018 51239 719395 71642679
 P 1578263 51312 719410 71713858
 P 1579260 51385 719425 71785942
 P 1581138 51385 719430 71857344
 P 1582936 51458 719444 71930398
 P 1584256 51531 719459 72002484
 P 1586503 51604 719474 72074439
 P 1587502 51677 719489 72146779
 P 1589422 51677 722065 72222074
 P 1591221 51750 722079 72291299
 P 1592540 51823 722093 72363382
 P 1594787 51896 722108 72435338
 P 1595786 51969 722123 72507678
 P 1597707 51969 724699 72582974
 P 1599506 52042 724715 72652199
 P 1600827 52115 724729 72724283
 P 1602769 52115 724734 72795684
 P 1604570 52188 724749 72868739
 P 1605891 52261 724764 72940823
 P 1608139 52334 724779 73012779
 P 1609141 52407 724793 73085120
 P 1611358 52480 724807 73158354
 P 1612705 52674 724812 73230634
 P 1615073 52674 724823 73301216
 P 1616874 52747 724838 73373998
 P 1619124 52820 724853 73446083
 P 1620127 52893 724867 73518039
 P 1621667 52893 727442 73592438
 P 1623470 52966 727457 73662719
 P 1625459 52966 730033 73736862
 P 1627261 53039 730048 73807079
 P 1629511 53112 730063 73879162
 P 1630515 53185 730077 73951118
 P 1632318 53258 730091 74023458
 P 1633641 53331 730106 74096694
 P 1635653 53458 730117 74167147
 P 1636977 53531 730132 74240159
 P 1638993 53531 730143 74311512
 P 1640056 53531 732718 74386578
 P 1641861 53604 732732 74456699
 P 1644113 53677 732748 74528783
 P 1645117 53750 732763 74600738
 P 1646922 53823 732778 74673080
 P 1648246 53896 732793 74746314
 P 1650258 54021 732804 74816765
 P 1651583 54094 732818 74889778
 P 1653539 54094 732829 74961071
 P 1654865 54167 732844 75034139
 P 1656821 54167 732856 75105431
 P 1658147 54239 732871 75178499
 P 1660103 54239 732882 75249791
 P 1661909 54312 732897 75322859
 P 1664163 54385 732913 75394943
 P 1665169 54458 732928 75466898
 P 1666975 54531 732943 75539238
 P 1668302 54604 732957 75612474
 P 1669848 54790 732962 75684746
 P 1671176 54863 732976 75755939
 P 1672984 54936 732991 75828023
 P 1674314 55009 733006 75899980
 P 1675859 55009 735582 75974378
 P 1677667 55082 735597 76044659
 P 1679923 55155 735611 76116742
 P 1680613 55155 735617 76188131
 P 1681942 55228 735632 76261199
 P 1683954 55228 738213 76335118
 P 1685020 55228 740789 76407618
 P 1686830 55301 740803 76477739
 P 1689090 55374 740817 76549825
 P 1690100 55447 740832 76621779
 P 1691910 55520 740847 76694119
 P 1693239 55593 740863 76767355
 P 1693986 55776 740869 76839623
 P 1696180 55849 740883 76910818
 P 1697798 55922 740897 76982902
 P 1699755 55922 743478 77057238
 P 1701566 55995 743493 77127359
 P 1703712 55995 744991 77201502
 P 1704723 56068 745006 77271720
 P 1706919 56141 745020 77343803
 P 1708540 56214 745034 77415760
 P 1711209 56214 747610 77490158
 P 1712540 56287 747625 77560439
 P 1714496 56287 747635 77631731
 P 1715827 56360 747650 77704798
 P 1717783 56360 747660 77776091
 P 1718857 56360 747665 77848652
 P 1721113 56360 750001 77923302
 P 1722445 56433 750016 77993518
 P 1724401 56433 750026 78064811
 P 1725734 56505 750041 78137877
 P 1727690 56505 750053 78209171
 P 1729023 56578 750068 78282239
 P 1731284 56651 750083 78354323
 P 1731979 56651 750089 78425711
 P 1733312 56724 750104 78498778
 P 1735268 56724 750114 78570071
