using saved target 'z1'
../../../../contiki/tools/sky/serialdump-linux -b115200 /dev/ttyUSB4
connecting to /dev/ttyUSB4 (115200) [OK]
Rime started with address 5.0
MAC 05:00:00:00:00:00:00:00 Ref ID: 4841
Contiki-3.x-2125-g5d67a61 started. Node id is set to 5.

************************************************
RTIMER_SECOND = 32768. F_CPU=8000000.
CLOCK_SECOND=128.
DURSLOT = 6015.(0.1835 s).
DURSLEEP = 66165.
DURCYCLE = 72180 .(2.2027 s).
MAX_CLOCK_DRIFT = WAKEUP_ADVANCE_TIME = 327 (0.0049 s).
PERIODIC_BCAST_CYCLES_SENSOR = 822083587.
PERIODIC_BCAST_CYCLES_SINK = 822083587.
MAX_CYCLE_COUNTER = 41728.
MAX_COUNT_NO_RTS_CTS = 65535.
MAX_CHILD_NUM = 10.
MAX_TRY_TO_FIND_PARENT = 3.

**********Below is Related Settings**********
PRIMAC_CONF_COMPOWER = 1.
PRIMAC_CONF_COMPOWER_SUPPORT = 1.
SF = 10.
PRI_SYNC_SUPPORT = 1.
RANDOM_DRIFT_IN_COOJA_SUPPORT = 0.
ADCSC_SUPPORT = 0.
DATA_TX_SUPPORT = 1.
START_GRADE = 0.
CYCLES_PER_PACKET = 2.
DATA_INTERVAL = 1.
RETX_LIMIT = 6.
TOTAL_DATA_NUM = -1.
MAX_DATA_QUEUE_BUFS = 10.
PROC_GRADE_BASED_ON_ADDR_SUPPORT = 1.
NODES_NUM_PER_GRADE = 2.
ADDRESS_FREE_SUPPORT = 0.
IS_COOJA_SIM = 0.
CROSS_PLATFORM_SUPPORT = 1.
************************************************

My address is 5.0.
nullmac PRIMAC, channel check rate 8 Hz, radio channel 26
Starting
Hello, world
 P 0 0 0 2090064
 P 0 0 3390 2162244
 P 0 0 6841 2234846
 P 0 0 10231 2306604
 P 0 0 13621 2378784
 P 0 0 17011 2450964
 P 0 0 20401 2523144
 P 393 0 23800 2597303
 P 393 0 27190 2667504
 P 393 0 30580 2739684
 P 3139 0 31224 2811864
 P 5552 0 32201 2884044
 P 6137 0 35600 2957787
 P 6137 0 38990 3028404
 P 6137 0 42380 3100584
 P 7110 0 42384 3172764
 P 8452 0 42392 3244944
 P 9005 0 45791 3319615
 P 9005 0 49181 3389304
 P 9005 0 52571 3461484
 P 10337 0 52575 3533664
 P 11778 0 52584 3605844
 P 12267 0 55983 3678851
 P 12267 0 59373 3750204
 P 12267 0 62763 3822384
 P 14480 0 62767 3894564
 P 16790 0 62776 3966744
 P 17279 0 66175 4041735
 P 17279 0 69565 4111104
 P 17279 0 72955 4183284
 P 18608 0 72959 4255464
 P 19521 0 72968 4327644
 P 19588 0 78930 4404200
 P 20078 0 82329 4473663
 P 20078 0 85719 4544184
 P 22734 0 85723 4616364
 P 24344 0 85731 4688544
 P 24344 0 89121 4760724
 P 24898 0 92520 4835075
 P 24898 0 95910 4905084
 P 27434 0 95914 4977264
 P 28572 0 95922 5049444
 P 28572 0 99312 5121624
 P 29158 0 102711 5195943
 P 29158 0 106101 5265984
 P 31908 0 106105 5338164
 P 32975 0 106114 5410344
 P 32975 0 109504 5482524
 P 33529 0 112903 5556235
 P 33529 0 116293 5626884
 P 34312 0 116297 5699064
 P 36435 0 116305 5771244
 P 36435 0 119695 5843424
 P 36925 0 123094 5918031
 P 36925 0 126484 5987784
 P 38654 0 126488 6059964
 P 39499 0 126497 6132144
 P 39499 0 129887 6204324
 P 39990 0 133286 6277332
 P 39990 0 136676 6348684
 P 42173 0 136679 6420864
 P 42991 0 136688 6493044
 P 42991 0 140078 6565224
 P 43513 0 143477 6640247
 P 43513 0 146867 6709584
 P 46165 0 146871 6781764
 P 48157 0 146880 6853944
 P 48157 0 150270 6926124
 P 48679 0 153669 7000571
 P 48679 0 157059 7070484
 P 50734 0 157062 7142664
 P 52380 0 157071 7214844
 P 52380 0 160461 7287024
 P 52998 0 163860 7360479
 P 52998 0 167250 7431384
 P 54182 0 167254 7503564
 P 57002 0 167264 7575744
 P 57002 0 170654 7647924
 P 57588 0 174053 7721795
 P 57588 0 177443 7792284
 P 60117 0 177447 7864464
 P 61254 0 177455 7936644
 P 61254 0 180845 8008824
 P 61840 0 184245 8082632
 P 61840 0 187635 8153184
 P 63564 0 187638 8225364
 P 65461 0 187646 8297544
 P 65461 0 191036 8369724
 P 65983 0 194435 8442891
 P 65983 0 197825 8514084
 P 67651 0 197828 8586264
 P 68501 0 197837 8658444
 P 68501 0 201227 8730624
 P 69054 0 204627 8804783
 P 69054 0 208017 8874984
 P 70585 0 208021 8947164
 P 72735 0 208030 9019344
 P 72735 0 211420 9091524
 P 73288 0 214819 9166131
 P 73288 0 218209 9235884
 P 74667 0 218213 9308064
 P 76535 0 218222 9380244
 P 76535 0 221612 9452424
 P 76546 0 225004 9526417
 P 77163 0 228403 9598570
 P 78278 0 228407 9668964
 P 80399 0 228415 9741144
 P 80399 0 231805 9813324
 P 80399 0 235195 9885504
 P 80952 0 238594 9959854
 P 83062 0 238598 10029864
 P 84487 0 238606 10102044
 P 84487 0 241996 10174224
 P 84487 0 245386 10246404
 P 85010 0 248785 10320660
 P 87748 0 248788 10390764
 P 88847 0 248797 10462944
 P 88847 0 252187 10535124
 P 88847 0 255577 10607304
 P 89369 0 258976 10680983
 P 90171 0 258980 10751664
 P 91689 0 258989 10823844
 P 91689 0 262379 10896024
 P 91689 0 265769 10968204
 P 91999 0 269165 11042628
 P 95226 0 269177 11114352
 P 97923 0 269186 11184744
 P 99296 0 269195 11256924
 P 99296 0 272585 11329104
 P 99296 0 275975 11401284
 P 101478 0 275988 11474739
 P 101478 0 279378 11545644
 P 102792 0 279387 11617824
 P 102792 0 282777 11690004
 P 102792 0 286167 11762184
 P 104583 73 286182 11835560
 P 105074 146 289583 11908829
 P 107555 219 289603 11980432
 P 107566 219 292995 12053197
 P 108056 219 296394 12124743
 P 110302 219 296406 12196443
 P 111952 219 296416 12269460
 P 113583 219 296429 12341283
 P 115388 219 296447 12413912
 P 116677 219 296460 12484844
 P 118592 219 296478 12557823
 P 119920 219 296491 12629588
 P 121805 219 296510 12701384
 P 123019 219 296519 12774719
 P 125008 219 296536 12846193
 P 126005 219 296545 12918950
 P 127967 219 296563 12990552
 P 129276 219 296576 13063531
 P 130572 219 296589 13134463
 P 131857 219 296602 13207827
 P 133130 219 296615 13280039
 P 134390 219 296628 13351611
 P 135216 219 299203 13427244
 P 136580 219 299215 13496291
 P 137805 219 299227 13567863
 P 138926 219 299236 13640877
 P 140706 219 299253 13712833
 P 142014 219 299265 13784403
 P 143639 219 299283 13857063
 P 144922 219 299296 13928763
 P 146523 219 299314 14001423
 P 147783 219 299327 14073123
 P 149422 219 299345 14145848
 P 150656 219 299358 14217483
 P 152207 219 299376 14290144
 P 153419 219 299388 14361844
 P 154997 219 299407 14433703
 P 156273 219 299417 14507035
 P 158183 219 299435 14578384
 P 159371 219 299443 14651394
 P 161382 219 299461 14722871
 P 162416 219 299471 14795626
 P 164403 219 299489 14867231
 P 165413 219 299498 14939985
 P 167375 219 299515 15011592
 P 168161 219 302091 15086712
 P 170097 219 302109 15155951
 P 171177 219 302119 15228705
 P 173216 219 302137 15300312
 P 174272 219 302146 15373064
 P 176285 219 302163 15444671
 P 177316 219 302172 15517424
 P 179304 219 302190 15589031
 P 180535 219 302203 15662012
 P 182370 219 302220 15734127
 P 183576 219 302233 15806339
 P 185296 219 304808 15880052
 P 187094 219 304825 15949804
 P 188448 219 304838 16022977
 P 190358 219 304857 16095027
 P 191558 219 304867 16167171
 P 193768 219 304880 16239131
 P 195488 219 304892 16310704
 P 197347 219 304910 16382563
 P 198531 219 304919 16455891
 P 200491 219 304937 16527371
 P 201458 219 304946 16600122
 P 203394 219 304963 16671731
 P 204468 219 304972 16744482
 P 206507 219 304990 16816091
 P 207684 219 304999 16888969
 P 209698 219 305017 16960452
 P 210723 219 305026 17033201
 P 212711 219 305044 17104811
 P 213710 219 305054 17177561
 P 215882 219 305067 17249651
 P 217564 219 305079 17321223
 P 219372 219 305097 17393083
 P 220634 219 305106 17466407
 P 222673 219 305124 17537891
 P 223718 219 305134 17610640
 P 225732 219 305151 17682252
 P 226753 219 305160 17754999
 P 228740 219 305178 17826611
 P 230062 219 305191 17899687
 P 231276 219 305204 17970524
 P 233097 219 305222 18043920
 P 234284 219 307378 18117632
 P 236258 219 307396 18187447
 P 237452 219 307404 18260385
 P 239465 219 307422 18331872
 P 240314 219 309998 18406992
 P 242300 219 310017 18476232
 P 243125 219 312593 18551352
 P 245088 219 312611 18620591
 P 245889 219 315187 18695712
 P 247697 219 315205 18764823
 P 248792 219 315214 18837824
 P 250830 219 315232 18909312
 P 251646 219 315238 18981805
 P 253531 219 315256 19053543
 P 254569 219 315264 19126415
 P 256557 219 315282 19198033
 P 257380 219 317858 19273152
 P 259342 219 317876 19342392
 P 260330 219 317886 19415135
 P 262267 219 317903 19486751
 P 263231 219 317912 19559494
 P 265269 219 317930 19631111
 P 266328 219 317940 19703855
 P 268341 219 317958 19775472
 P 269375 219 317968 19848214
 P 271363 219 317985 19919832
 P 272373 219 317993 19992573
 P 274334 219 318011 20064191
 P 275318 219 318021 20136933
 P 277255 219 318038 20208552
 P 278216 219 318048 20281294
 P 280255 219 318065 20352911
 P 281311 219 318074 20425652
 P 284021 219 319408 20499284
 P 285417 219 319421 20569932
 P 287500 219 319434 20641504
 P 289112 219 319443 20714500
 P 291074 219 319461 20785992
 P 292056 219 319469 20858731
 P 293993 219 319486 20930351
 P 294949 219 319496 21003091
 P 296988 219 319513 21074712
 P 298041 219 319522 21147452
 P 300054 219 319540 21219071
 P 301081 219 319549 21291810
 P 303069 219 319566 21363432
 P 304071 219 319576 21436170
 P 306033 219 319594 21507792
 P 307011 219 319603 21580530
 P 308820 219 319622 21652023
 P 309774 219 319630 21724889
 P 311813 219 319647 21796511
 P 312861 219 319656 21869250
 P 314874 219 319674 21940872
 P 315898 219 319683 22013609
 P 317886 219 319701 22085231
 P 318885 219 319710 22157968
 P 320846 219 319728 22229591
 P 321820 219 319738 22302328
 P 323757 219 319756 22373952
 P 324706 219 319764 22446686
 P 326745 219 319781 22518311
 P 327790 219 319790 22591047
 P 329803 219 319808 22662671
 P 330824 219 319817 22735408
 P 332812 219 319835 22807032
 P 333808 219 319843 22879766
 P 336460 219 321183 22953404
 P 337802 219 321196 23024051
 P 339309 219 323657 23098692
 P 340626 219 323670 23168411
 P 342538 219 323688 23240913
 P 343822 219 323701 23311844
 P 345707 219 323719 23385239
 P 346952 219 325888 23458952
 P 348940 219 325906 23528831
 P 349754 219 328482 23603952
 P 351661 219 328500 23673672
 P 352874 219 328512 23745243
 P 354682 219 328530 23817103
 P 355816 219 328540 23890411
 P 357856 219 328558 23961912
 P 358715 219 331134 24037032
 P 360729 219 331151 24106272
 P 361741 219 331160 24179002
 P 363729 219 331178 24250631
 P 364718 219 331188 24323364
 P 366681 219 331205 24394991
 P 367468 219 333780 24470112
 P 369276 219 333798 24539223
 P 370215 219 333806 24612081
 P 372253 219 333824 24683711
 P 373286 219 333833 24756441
 P 375298 219 333851 24828071
 P 376131 219 336427 24903192
 P 378119 219 336445 24972432
 P 379103 219 336454 25045160
 P 381065 219 336471 25116791
 P 382024 219 336481 25189520
 P 383959 219 336499 25261151
 P 384720 219 339074 25336272
 P 386758 219 339092 25405511
 P 387788 219 339101 25478239
 P 389803 219 339118 25549872
 P 390808 219 339127 25622599
 P 392796 219 339145 25694231
 P 393777 219 339155 25766960
 P 395740 219 339173 25838592
 P 396946 219 339186 25911571
 P 398141 219 339199 25982504
 P 399519 219 339209 26055473
 P 400816 219 339221 26127791
 P 402934 219 339233 26199363
 P 404567 219 339242 26272346
 P 406579 219 339260 26343851
 P 407409 219 341836 26418972
 P 409396 219 341854 26488211
 P 410146 219 341860 26560705
 P 412107 219 341878 26632571
 P 413060 219 341886 26705297
 P 414389 219 341897 26776317
 P 415569 219 341909 26849463
 P 417544 219 341927 26922155
 P 418819 219 341939 26993023
 P 420705 219 341956 27066419
 P 422019 219 341969 27138056
 P 423662 219 344545 27213624
 P 425494 219 344558 27282671
 P 427328 219 344575 27355171
 P 428530 219 344588 27426103
 P 430339 219 344606 27499499
 P 431491 219 346784 27573212
 P 433530 219 346802 27643092
 P 434549 219 346812 27715814
 P 436562 219 346829 27787451
 P 437394 219 346835 27860005
 P 439381 219 346853 27931812
 P 440351 219 346862 28004534
 P 442990 219 348214 28078184
 P 444319 219 348227 28148831
 P 446128 219 348245 28221332
 P 447305 219 348258 28292264
 P 449216 219 348276 28365659
 P 450460 219 350456 28439372
 P 452676 219 350469 28509732
 P 454401 219 350481 28581303
 P 456260 219 350499 28653164
 P 457418 219 350507 28726459
 P 459380 219 350525 28797972
 P 460322 219 350534 28870693
 P 462130 219 350552 28942203
 P 463174 219 350562 29015179
 P 465084 219 350580 29086563
 P 466096 219 350589 29159410
 P 468109 219 350608 29231052
 P 469097 219 350617 29303771
 P 471084 219 350635 29375411
 P 472047 219 350645 29448131
 P 474008 219 350663 29519771
 P 475075 219 350671 29592617
 P 477011 219 350689 29664131
 P 477924 219 350699 29736850
 P 479962 219 350717 29808491
 P 480970 219 350726 29881209
 P 482983 219 350744 29952851
 P 483966 219 350753 30025568
 P 485899 219 350771 30097692
 P 487118 219 350784 30169264
 P 488192 219 350794 30242236
 P 490142 219 350812 30313752
 P 491065 219 350821 30386469
 P 493103 219 350838 30458111
 P 493948 219 353413 30533232
 P 495959 219 353431 30602471
 P 497266 219 353441 30675187
 P 499415 219 353458 30746668
 P 500698 219 353467 30819547
 P 503024 219 353480 30891508
 P 504861 219 353492 30963082
 P 506832 219 353509 31034941
 P 507687 219 353514 31107818
 P 509760 219 353532 31179748
 P 511189 219 353544 31252728
 P 512606 219 353556 31323661
 P 513915 219 355804 31399165
 P 515435 219 355816 31468948
 P 516815 219 355829 31540520
 P 518183 219 355842 31613628
 P 519540 219 355855 31684562
 P 520884 219 355868 31757924
 P 522215 219 355881 31830136
 P 523536 219 355893 31901709
 P 524550 219 355902 31974904
 P 525974 219 355914 32046389
 P 527754 219 355931 32118888
 P 529181 219 355944 32189822
 P 530595 219 355957 32263184
 P 531996 219 355969 32335397
 P 533386 219 355981 32406968
 P 534340 219 358557 32482601
 P 536328 219 358575 32551170
 P 537681 219 358588 32624148
 P 539021 219 358601 32695080
 P 540351 219 358614 32768445
 P 541669 219 358627 32840657
 P 542973 219 358639 32912228
 P 544756 219 358656 32985368
 P 546178 219 358668 33056044
 P 547589 219 358680 33128129
 P 548564 219 361256 33204273
 P 550077 219 361269 33273448
 P 551451 219 361282 33345020
 P 552812 219 361295 33418128
 P 554162 219 361308 33489060
 P 555501 219 361321 33562424
 P 556826 219 361333 33634636
 P 558140 219 361345 33706208
 P 559019 219 363920 33781841
 P 560929 219 363938 33850408
 P 562245 219 363946 33923280
 P 564105 219 363964 33995249
 P 565910 219 365708 34068961
 P 567769 219 365726 34139129
 P 568718 219 368302 34214249
 P 570552 219 368319 34283488
 P 571900 219 368332 34356468
 P 573581 219 368349 34428584
 P 574957 219 368358 34500846
 P 576868 219 368376 34572080
 P 578308 219 368384 34645206
 P 580322 219 368401 34716568
 P 581717 219 368413 34789548
 P 583576 219 368431 34861664
 P 584997 219 368441 34933925
 P 586959 219 368458 35005288
 P 587882 219 371034 35080409
 P 589819 219 371052 35149648
 P 591031 219 371061 35222516
 P 593069 219 371079 35294008
 P 594376 219 371089 35366875
 P 596389 219 371106 35438368
 P 597360 219 373682 35513489
 P 599699 219 373695 35583210
 P 601490 219 373713 35655260
 P 603253 219 375460 35729101
 P 605203 219 375478 35799270
 P 606424 219 375487 35872133
 P 608463 219 375505 35943630
 P 609659 219 375515 36016493
 P 611671 219 375533 36087988
 P 612664 219 378108 36163109
 P 615024 219 378120 36232829
 P 616871 219 378137 36305328
 P 618250 219 378151 36376261
 P 620071 219 378169 36449657
 P 621426 219 378182 36521228
 P 623383 219 378196 36594412
 P 624842 219 378208 36665909
 P 626727 219 378226 36738409
 P 628033 219 378238 36809340
 P 629837 219 378255 36882320
 P 631252 219 378268 36954020
 P 633085 219 378286 37025880
 P 633997 219 378292 37098759
 P 635932 219 378309 37170688
 P 637184 219 378318 37243550
 P 639224 219 378335 37315049
 P 640579 219 378344 37388038
 P 642464 219 378362 37459280
 P 643794 219 378371 37532398
 P 645782 219 378388 37603768
 P 647079 219 378396 37676629
 P 649041 219 378415 37748128
 P 650429 219 378428 37821108
 P 652239 219 378446 37893226
 P 653646 219 378455 37965477
 P 655953 219 378468 38037328
 P 657771 219 378480 38108900
 P 659655 219 378498 38180760
 P 660970 219 378510 38254124
 P 662829 219 378527 38325728
 P 663816 219 381102 38401361
 P 665777 219 381120 38469928
 P 667043 219 381130 38542788
 P 668979 219 381148 38614289
 P 670349 219 381158 38687275
 P 672259 219 381176 38758520
 P 673605 219 381185 38831635
 P 675619 219 381203 38903009
 P 676812 219 381212 38975866
 P 679613 219 382429 39049381
 P 681148 219 382441 39120028
 P 682985 219 382458 39192529
 P 684369 219 382470 39263460
 P 686123 219 382488 39336441
 P 687482 219 382501 39408140
 P 689265 219 382518 39480001
 P 690121 219 382524 39552878
 P 691553 219 382534 39624194
 P 692864 219 382546 39697341
 P 694733 219 382564 39769520
 P 696138 219 382578 39841221
 P 697998 219 382595 39913080
 P 698902 219 382601 39985958
 P 700736 219 382619 40057760
 P 701972 219 382627 40130744
 P 703908 219 382644 40202248
 P 704762 219 382650 40274742
 P 706800 219 382667 40346608
 P 707986 219 382677 40419463
 P 710001 219 382695 40490970
 P 710982 219 385271 40566089
 P 712970 219 385288 40635329
 P 714226 219 385298 40708182
 P 716189 219 385316 40779688
 P 717421 219 385325 40852542
 P 719358 219 385342 40924049
 P 720566 219 385350 40996902
 P 722604 219 385367 41068408
 P 723787 219 385377 41141262
 P 725800 219 385395 41212768
 P 727077 219 385405 41285621
 P 729065 219 385422 41357128
 P 730318 219 385431 41429981
 P 732280 219 385449 41501488
 P 733508 219 385460 41574341
 P 735317 219 385478 41645720
 P 736521 219 385486 41718699
 P 738559 219 385503 41790208
 P 739864 219 385516 41863189
 P 741749 219 385535 41935305
 P 743183 219 385544 42007547
 P 745044 219 385562 42078801
 P 746421 219 385571 42151906
 P 748383 219 385589 42223288
 P 749608 219 385598 42296139
 P 751550 219 385616 42368128
 P 752878 219 385629 42439700
 P 754660 219 385648 42511561
 P 756029 219 385656 42584985
 P 758066 219 385674 42656368
 P 759465 219 385687 42729349
 P 760852 219 385699 42800280
 P 762102 219 387976 42875785
 P 763594 219 387988 42945568
 P 765445 219 388006 43017620
 P 766783 219 388019 43089320
 P 768110 219 388032 43162429
 P 769425 219 388045 43233362
 P 771221 219 388063 43306756
 P 772619 219 388076 43378328
 P 774292 219 388090 43451367
 P 775796 219 388102 43523010
 P 777158 219 388114 43594580
 P 778506 219 388123 43667683
 P 779971 219 388136 43739548
 P 782125 219 388149 43811120
 P 783914 219 388158 43884222
 P 785890 219 388176 43955608
 P 787177 219 388186 44028583
 P 788998 219 388204 44099840
 P 790394 219 388217 44172948
 P 791359 219 388223 44243454
 P 792859 219 388236 44316988
 P 794220 219 388249 44388561
 P 795563 219 388260 44461662
 P 797422 219 388278 44532920
 P 798810 219 388290 44606092
 P 800122 219 388302 44676960
 P 801421 219 388315 44750324
 P 802289 219 388321 44822110
 P 803692 219 388334 44894429
 P 804955 219 388347 44966000
 P 806206 219 388360 45039108
 P 807445 219 388372 45110040
 P 808672 219 388385 45183404
 P 809951 219 388397 45255680
 P 811153 219 388409 45327188
 P 811864 219 388415 45400194
 P 813170 219 388428 45471868
 P 814335 219 388441 45543440
 P 815489 219 388454 45616548
 P 816630 219 388467 45687480
 P 817760 219 388479 45760845
 P 818871 219 388488 45833047
 P 820616 219 388506 45904469
 P 822007 219 388519 45977448
 P 823385 219 388532 46048380
 P 824752 219 388545 46121744
 P 826107 219 388558 46193957
 P 827450 219 388571 46265529
 P 828453 219 388579 46338689
 P 829899 219 388591 46410208
 P 831206 219 388603 46481780
 P 832021 219 388609 46554402
 P 833304 219 388622 46626622
 P 834574 219 388635 46698320
 P 835831 219 388648 46771428
 P 837078 219 388661 46842360
 P 838312 219 388674 46915724
 P 839534 219 388686 46987936
 P 840745 219 388698 47059510
 P 841520 219 391273 47135141
 P 842833 219 391286 47204188
 P 844006 219 391299 47275760
 P 845167 219 391312 47348868
 P 847364 219 392417 47421941
 P 848628 219 392430 47492908
 P 849753 219 392442 47564481
 P 850866 219 392454 47637588
 P 851967 219 392466 47708520
 P 852977 219 392476 47781804
 P 854696 219 392494 47853328
 P 856084 219 392507 47926310
 P 857458 219 392520 47997240
 P 858871 219 392529 48070651
 P 860884 219 392546 48142048
 P 862222 219 392558 48215028
 P 863549 219 392570 48285960
 P 864928 219 392582 48359388
 P 866230 219 392595 48431536
 P 867520 219 392608 48503108
 P 868376 219 395184 48578741
 P 869770 219 395197 48647788
 P 871023 219 395210 48719360
 P 872265 219 395222 48792469
 P 873495 219 395234 48863400
 P 874294 219 395239 48936338
 P 875743 219 397148 49010701
 P 877063 219 397161 49080868
 P 878244 219 397174 49152440
 P 879938 219 397193 49224301
 P 881369 219 397203 49297708
 P 882869 219 397216 49369588
 P 884711 219 397234 49441640
 P 886123 219 397247 49513404
 P 887441 219 397257 49586428
 P 888893 219 397270 49658310
 P 890685 219 397288 49730360
 P 892049 219 397300 49802125
 P 893130 219 399659 49877309
 P 894533 219 399672 49947028
 P 895798 219 399685 50018601
 P 897049 219 399698 50091709
 P 898288 219 399711 50162641
 P 900046 219 399729 50236036
 P 901427 219 399741 50307609
 P 902373 219 402316 50383241
 P 903858 219 402328 50452288
 P 905688 219 402345 50524340
 P 907020 219 402359 50596041
 P 908320 219 402368 50669125
 P 909756 219 402381 50741008
 P 911880 219 402394 50812580
 P 913701 219 402412 50884440
 P 915016 219 402421 50957845
 P 917363 219 402433 51029728
 P 919261 219 402451 51102229
 P 920628 219 402464 51173160
 P 921838 219 404762 51248665
 P 923309 219 404775 51318448
 P 924161 219 404781 51389535
 P 925609 219 404793 51462809
 P 926916 219 404805 51534380
 P 928211 219 404817 51607490
 P 929496 219 404829 51678421
 P 930765 219 404842 51751784
 P 932000 219 404851 51823971
 P 933890 219 404869 51895888
 P 935266 219 404882 51967460
 P 937003 219 404900 52040120
 P 938355 219 404914 52111821
 P 940019 219 404932 52184480
 P 941347 219 404944 52256180
 P 943050 219 404963 52328906
 P 944353 219 404976 52400540
 P 945967 219 404993 52473200
 P 947246 219 405006 52544900
 P 948881 219 405024 52617560
 P 950255 219 405037 52689261
 P 952895 219 406159 52763261
 P 954372 219 406172 52834228
 P 956282 219 406190 52906728
 P 957607 219 406202 52977660
 P 959310 219 408541 53053197
 P 960741 219 408553 53122950
 P 962387 219 410925 53197589
 P 963664 219 410939 53267180
 P 965498 219 410957 53339360
 P 966871 219 410969 53411060
 P 968679 219 410987 53482920
 P 969604 219 413563 53558425
 P 971610 219 413581 53627696
 P 972778 219 413592 53700551
 P 974791 219 413610 53772088
 P 976091 219 413623 53845068
 P 977951 219 413641 53917186
 P 979231 219 413649 53989398
 P 981770 219 415474 54063301
 P 983057 219 415485 54132854
 P 984545 219 415497 54205649
 P 986342 219 415514 54278149
 P 987197 219 415520 54348594
 P 989235 219 415539 54421710
 P 990122 219 418115 54496829
 P 992136 219 418133 54566068
 P 992999 219 420709 54641189
 P 994987 219 420727 54710428
 P 996091 219 420735 54783247
 P 998055 219 420753 54854790
 P 999265 219 420763 54927607
 P 1001147 219 420781 54999628
 P 1002492 219 420794 55071200
 P 1004275 219 420812 55143060
 P 1005629 219 420821 55216454
 P 1007667 219 420839 55287869
 P 1008804 219 420848 55360686
 P 1010271 219 420858 55431674
 P 1011542 219 420871 55504760
 P 1013402 219 420889 55577388
 P 1014769 219 420901 55648320
 P 1016605 219 420918 55721718
 P 1017948 219 420931 55793288
 P 1019765 219 420949 55865724
 P 1021084 219 420962 55937360
 P 1022868 219 420979 56009221
 P 1024194 219 420988 56082612
 P 1026234 219 421005 56154029
 P 1027344 219 421014 56226844
 P 1029358 219 421032 56298388
 P 1030723 219 421044 56371368
 P 1032077 219 421056 56442300
 P 1033419 219 421068 56515664
 P 1034750 219 421080 56587877
 P 1036068 219 421093 56659449
 P 1036950 219 423669 56735081
 P 1038243 219 423682 56804000
 P 1039524 219 423695 56875700
 P 1040793 219 423707 56948808
 P 1042050 219 423719 57019741
 P 1043296 219 423731 57093106
 P 1044592 219 423744 57165380
 P 1045812 219 423757 57236888
 P 1046597 219 426333 57312521
 P 1047922 219 426346 57381569
 P 1049105 219 426359 57453140
 P 1050277 219 426372 57526248
 P 1051438 219 426384 57597181
 P 1052586 219 426396 57670544
 P 1053529 219 428741 57744897
 P 1054781 219 428754 57814650
 P 1055892 219 428767 57886221
 P 1056990 219 428780 57959328
 P 1058077 219 428793 58030260
 P 1059152 219 428806 58103624
 P 1060021 219 431152 58177977
 P 1061200 219 431164 58247728
 P 1062238 219 431178 58319302
 P 1063755 219 431196 58391160
 P 1065141 219 431206 58464546
 P 1066573 219 431217 58535354
 P 1067911 219 431230 58608500
 P 1069796 219 431248 58681128
 P 1071110 219 431261 58752061
 P 1072972 219 431278 58825457
 P 1073839 219 433853 58899169
 P 1075803 219 433871 58969049
 P 1076899 219 433880 59041856
 P 1078838 219 433897 59113410
 P 1080029 219 433906 59186217
 P 1082067 219 433924 59257769
 P 1083233 219 433934 59330576
 P 1085245 219 433952 59402128
 P 1086387 219 433961 59474935
 P 1088374 219 433979 59546488
 P 1089492 219 433988 59619297
 P 1091455 219 434006 59690849
 P 1092419 219 434011 59763196
 P 1094519 219 434028 59835045
 P 1095576 219 434034 59907555
 P 1098041 219 434046 59979886
 P 1099974 219 434064 60052386
 P 1101456 219 434077 60123317
 P 1103309 219 434096 60196298
 P 1104769 219 434108 60267998
 P 1106651 219 434126 60339857
 P 1108150 219 434138 60413285
 P 1110007 219 434156 60484826
 P 1110994 219 436732 60560458
 P 1112952 219 436750 60629025
 P 1114005 219 436756 60701533
 P 1115939 219 436774 60773385
 P 1116968 219 436778 60845893
 P 1119007 219 436796 60917746
 P 1120011 219 436801 60990253
 P 1122026 219 436819 61062107
 P 1123005 219 436825 61134612
 P 1124992 219 436843 61206466
 P 1125946 219 436849 61278972
 P 1127909 219 436867 61350825
 P 1128958 219 436874 61423332
 P 1130768 219 436891 61495057
 P 1131793 219 436897 61567692
 P 1133832 219 436914 61639545
 P 1134833 219 436919 61712052
 P 1137766 219 438029 61785918
 P 1139338 219 438041 61856565
 P 1141598 219 438054 61928139
 P 1143445 219 438071 61999997
 P 1144851 219 438084 62073361
 P 1146672 219 438103 62144966
 P 1147764 219 440679 62220598
 P 1149620 219 440696 62289517
 P 1151111 219 440708 62361217
 P 1152940 219 440726 62433877
 P 1154406 219 440739 62505577
 P 1156211 219 440756 62578237
 P 1157653 219 440769 62649938
 P 1159432 219 440787 62722597
 P 1160849 219 440800 62794297
 P 1162722 219 440818 62866221
 P 1164233 219 440832 62939521
 P 1166144 219 440849 63011125
 P 1167209 219 443424 63086758
 P 1169041 219 443442 63155679
 P 1170086 219 443447 63226951
 P 1171890 219 443467 63300038
 P 1173330 219 443480 63371739
 P 1175109 219 443498 63444397
 P 1176523 219 443511 63516098
 P 1178396 219 443529 63588021
 P 1179483 219 446105 63663462
 P 1181522 219 446123 63732765
 P 1182589 219 446129 63805319
 P 1184547 219 446147 63877606
 P 1186009 219 446159 63949178
 P 1187813 219 446177 64021837
 P 1189250 219 446190 64093537
 P 1191029 219 446208 64166197
 P 1192442 219 446221 64237897
 P 1194252 219 446239 64309757
 P 1195761 219 446251 64383121
 P 1197671 219 446269 64454725
 P 1198732 219 448845 64530358
 P 1200689 219 448863 64599405
 P 1202149 219 448876 64670977
 P 1203954 219 448894 64743639
 P 1205390 219 448906 64815338
 P 1207168 219 448924 64887997
 P 1208581 219 448937 64959700
 P 1210453 219 448956 65031622
 P 1211960 219 448968 65104921
 P 1213873 219 448986 65176527
 P 1214934 219 451561 65252158
 P 1216948 219 451578 65320725
 P 1217928 219 451584 65393219
 P 1219915 219 451602 65465085
 P 1220872 219 451608 65537579
 P 1222779 219 451627 65609926
 P 1224190 219 451639 65681498
 P 1225999 219 451657 65753357
 P 1227503 219 451670 65826721
 P 1229413 219 451688 65898325
 P 1230471 219 454263 65973958
 P 1232484 219 454280 66042525
 P 1233461 219 454286 66115020
 P 1235447 219 454305 66186885
 P 1236400 219 454311 66259379
 P 1238361 219 454328 66331245
 P 1239290 219 454334 66403739
 P 1241226 219 454352 66475605
 P 1242251 219 454358 66548100
 P 1244290 219 454376 66619966
 P 1245291 219 454382 66692459
 P 1247304 219 454399 66764325
 P 1248760 219 454411 66837305
 P 1250204 219 454423 66908238
 P 1252359 219 456217 66983358
 P 1253906 219 456230 67053526
 P 1255727 219 456248 67126025
 P 1256643 219 456254 67196471
 P 1258154 219 456267 67270065
 P 1259525 219 456279 67341637
 P 1260884 219 456291 67414746
 P 1262231 219 456303 67485677
 P 1263086 219 456309 67558555
 P 1264536 219 456322 67630965
 P 1265846 219 456335 67702537
 P 1266666 219 456341 67775159
 P 1268603 219 456358 67847026
 P 1269624 219 456364 67919519
 P 1271665 219 456381 67991385
 P 1272662 219 456387 68063879
 P 1274677 219 456405 68135747
 P 1275650 219 456410 68208239
 P 1277638 219 456427 68280106
 P 1278587 219 456432 68352599
 P 1280959 219 456444 68424945
 P 1282781 219 456461 68497445
 P 1284172 219 456474 68568377
 P 1285527 219 458651 68643882
 P 1287022 219 458664 68713667
 P 1288377 219 458676 68785237
 P 1289720 219 458688 68858346
 P 1291051 219 458700 68929277
 P 1292343 219 460879 69004782
 P 1293777 219 460892 69074565
 P 1295600 219 460909 69147066
 P 1297098 219 460922 69217999
 P 1298953 219 460940 69290977
 P 1300425 219 460952 69362677
 P 1302311 219 460969 69434538
 P 1303824 219 460981 69507965
 P 1305260 219 460994 69580114
 P 1306882 219 461008 69652770
 P 1308421 219 461021 69724185
 P 1310242 219 461039 69796685
 P 1311631 219 461052 69867617
 P 1312980 219 463231 69943122
 P 1314472 219 463243 70012906
 P 1315823 219 463255 70084477
 P 1317162 219 463268 70157585
 P 1318489 219 463280 70228517
 P 1319775 219 465462 70304022
 P 1321206 219 465475 70373805
 P 1322496 219 465488 70445377
 P 1323776 219 465500 70518486
 P 1325042 219 465512 70589417
 P 1326267 219 467694 70664922
 P 1327509 219 467707 70734577
 P 1329572 219 469027 70808418
 P 1330791 219 469040 70878939
 P 1331996 219 469053 70950637
 P 1333190 219 469066 71023745
 P 1334372 219 469079 71094677
 P 1335511 219 471262 71170182
 P 1336798 219 471274 71239966
 P 1337943 219 471287 71311538
 P 1339077 219 471300 71384645
 P 1341351 219 472300 71457718
 P 1342459 219 472313 71528557
 P 1343556 219 472326 71600257
 P 1344704 219 472338 71673429
 P 1345777 219 472350 71744298
 P 1346805 219 474535 71819802
 P 1347981 219 474548 71889586
 P 1349017 219 474561 71961157
 P 1350041 219 474574 72034266
 P 1351053 219 474587 72105197
 P 1352019 219 476775 72180703
 P 1353135 219 476788 72250485
 P 1354111 219 476800 72322057
 P 1355076 219 476812 72395167
 P 1356028 219 476824 72466097
 P 1356932 219 479012 72541602
 P 1357987 219 479025 72611386
 P 1358904 219 479038 72682959
 P 1359708 219 481290 72758206
 P 1360728 219 481303 72827926
 P 1361609 219 481316 72899498
 P 1362476 219 481328 72972605
 P 1363331 219 481340 73043538
 P 1364680 219 481358 73116933
 P 1366168 219 481370 73188506
 P 1367612 219 481382 73261174
 P 1369172 219 481394 73333153
 P 1371056 219 481412 73405685
 P 1372493 219 481425 73476617
 P 1374644 219 483235 73551738
 P 1376185 219 483248 73621905
 P 1377917 219 485508 73696546
 P 1379435 219 485520 73766265
 P 1381243 219 485537 73838766
 P 1382728 219 485550 73909699
 P 1384583 219 485567 73982678
 P 1386044 219 485579 74054377
 P 1387842 219 485584 74126999
 P 1389841 219 485602 74198865
 P 1390786 219 485608 74271359
 P 1393649 219 486749 74345238
 P 1395178 219 486762 74415886
 P 1396999 219 486779 74488385
 P 1398484 219 486792 74559317
 P 1400340 219 486810 74632297
 P 1401800 219 486822 74703997
 P 1403598 219 486827 74776620
 P 1405599 219 486845 74848485
 P 1406544 219 486851 74920979
 P 1408520 219 486869 74992846
 P 1409441 219 486875 75065339
 P 1411392 219 486893 75137205
 P 1412289 219 486899 75209700
 P 1413781 219 486911 75282045
 P 1415679 219 486928 75354545
 P 1417160 219 486941 75425478
 P 1419038 219 486960 75498458
 P 1420494 219 486973 75570157
 P 1422286 219 486990 75642819
 P 1423783 219 487003 75714581
 P 1425548 219 487021 75787177
 P 1426957 219 487034 75858877
 P 1429039 219 488851 75933678
 P 1430554 219 488864 76003846
 P 1432324 219 488882 76076346
 P 1433381 219 491458 76149418
 P 1435421 219 491476 76219906
 P 1436398 219 491481 76292399
 P 1439295 219 492627 76366278
 P 1440854 219 492640 76436925
 P 1442714 219 492658 76509426
 P 1444121 219 492671 76580357
 P 1445900 219 492688 76653337
 P 1447283 219 492701 76725037
 P 1449092 219 492719 76796897
 P 1450634 219 492732 76870326
 P 1452544 219 492750 76941866
 P 1453575 219 495326 77017498
 P 1455532 219 495345 77086545
 P 1456962 219 495357 77158117
 P 1458821 219 495375 77229978
 P 1460226 219 495388 77303341
 P 1462059 219 495405 77374945
 P 1463018 219 497980 77450578
 P 1464954 219 497998 77519145
 P 1465951 219 498004 77591639
 P 1467990 219 498022 77663505
 P 1468963 219 498028 77735999
 P 1470978 219 498046 77807867
 P 1471927 219 498052 77880359
 P 1473787 219 498070 77952097
 P 1474712 219 498075 78024719
 P 1476674 219 498094 78096586
 P 1477574 219 498100 78169079
 P 1479510 219 498118 78240945
 P 1480985 219 498131 78313927
 P 1483231 219 499500 78386998
 P 1485256 219 499517 78457485
 P 1486215 219 499523 78529979
