using saved target 'z1'
../../../../contiki/tools/sky/serialdump-linux -b115200 /dev/ttyUSB1
connecting to /dev/ttyUSB1 (115200) [OK]
Rime started with address 2.0
MAC 02:00:00:00:00:00:00:00 Ref ID: 4841
Contiki-3.x-2125-g5d67a61 started. Node id is set to 2.

************************************************
RTIMER_SECOND = 32768. F_CPU=8000000.
CLOCK_SECOND=128.
DURSLOT = 6015.(0.1835 s).
DURSLEEP = 114285.
DURCYCLE = 120300 .(3.6712 s).
MAX_CLOCK_DRIFT = WAKEUP_ADVANCE_TIME = 327 (0.0049 s).
PERIODIC_BCAST_CYCLES_SENSOR = 822083587.
PERIODIC_BCAST_CYCLES_SINK = 822083587.
MAX_CYCLE_COUNTER = 41728.
MAX_COUNT_NO_RTS_CTS = 65535.
MAX_CHILD_NUM = 10.
MAX_TRY_TO_FIND_PARENT = 3.

**********Below is Related Settings**********
PRIMAC_CONF_COMPOWER = 1.
PRIMAC_CONF_COMPOWER_SUPPORT = 1.
SF = 18.
PRI_SYNC_SUPPORT = 1.
RANDOM_DRIFT_IN_COOJA_SUPPORT = 0.
ADCSC_SUPPORT = 1.
DATA_TX_SUPPORT = 1.
START_GRADE = 60.
CYCLES_PER_PACKET = 4.
DATA_INTERVAL = 7.
RETX_LIMIT = 6.
TOTAL_DATA_NUM = 50.
MAX_DATA_QUEUE_BUFS = 10.
PROC_GRADE_BASED_ON_ADDR_SUPPORT = 1.
NODES_NUM_PER_GRADE = 2.
ADDRESS_FREE_SUPPORT = 1.
IS_COOJA_SIM = 0.
CROSS_PLATFORM_SUPPORT = 1.
************************************************

My address is 143.0.
nullmac PRIMAC, channel check rate 8 Hz, radio channel 26
Starting
Hello, world
 P 0 0 0 771689
 P 0 0 3390 891989
 P 0 0 6780 1012289
 P 0 0 10232 1134484
 P 0 0 13622 1252889
 P 0 0 17012 1373189
 P 0 0 20402 1493489
 P 0 0 23792 1613789
EMPTY QUEUE
 P 335 0 27192 1734923
PT [1 0 1 -1 1]
 P 335 0 30582 1854389
PT [1 0 2 -1 1]
 P 335 0 33972 1974689
PT [1 0 3 -1 1]
 P 335 0 37362 2094989
PT [1 0 4 -1 1]
 P 335 0 40752 2215289
PT [1 0 5 -1 1]
EMPTY QUEUE
 P 671 0 44151 2337094
PT [1 0 6 -1 2]
 P 671 0 47541 2455889
PT [1 0 7 -1 2]
 P 671 0 50931 2576189
PT [1 0 8 -1 2]
 P 671 0 54321 2696489
PT [1 0 9 -1 2]
 P 671 0 57711 2816789
PT [1 0 10 -1 2]
EMPTY QUEUE
 P 739 0 63673 2940411
PT [1 0 11 -1 2]
EMPTY QUEUE
 P 807 0 69635 3061255
PT [1 0 12 -1 2]
EMPTY QUEUE
 P 1143 0 73034 3179259
PT [1 0 13 -2 2]
 P 1143 0 76424 3297989
PT [1 0 14 -2 2]
 P 1143 0 79814 3418289
PT [1 0 15 -2 2]
 P 1143 0 83204 3538589
PT [1 0 16 -2 2]
 P 1143 0 86594 3658889
PT [1 0 17 -2 2]
EMPTY QUEUE
 P 1478 0 89993 3781046
PT [1 0 18 -3 2]
 P 1478 0 93383 3899489
PT [1 0 19 -3 2]
 P 1478 0 96773 4019789
PT [1 0 20 -3 2]
 P 1478 0 100163 4140089
PT [1 0 21 -3 2]
 P 1478 0 103553 4260389
PT [1 0 22 -3 2]
EMPTY QUEUE
 P 1813 0 106952 4383219
PT [1 0 23 -4 2]
 P 1813 0 110342 4500989
PT [1 0 24 -4 2]
 P 1813 0 113732 4621289
PT [1 0 25 -4 2]
 P 1813 0 117122 4741589
PT [1 0 26 -4 2]
 P 1813 0 120512 4861889
PT [1 0 27 -4 2]
EMPTY QUEUE
 P 2152 0 123911 4984241
PT [1 0 28 -3 2]
 P 2152 0 127301 5102489
PT [1 0 29 -3 2]
 P 2152 0 130691 5222789
PT [1 0 30 -3 2]
 P 2152 0 134081 5343089
PT [1 0 31 -3 2]
 P 2152 0 137471 5463389
PT [1 0 32 -3 2]
EMPTY QUEUE
 P 2487 0 140871 5584619
PT [1 0 33 -6 2]
 P 2487 0 144261 5703989
PT [1 0 34 -6 2]
 P 2487 0 147651 5824289
PT [1 0 35 -6 2]
 P 2487 0 151041 5944589
PT [1 0 36 -6 2]
 P 2487 0 154431 6064889
PT [1 0 37 -6 2]
EMPTY QUEUE
 P 2823 0 157830 6186919
PT [1 0 38 -5 2]
 P 2823 0 161220 6305489
PT [1 0 39 -5 2]
 P 2823 0 164610 6425789
PT [1 0 40 -5 2]
 P 2823 0 168000 6546089
PT [1 0 41 -5 2]
 P 2823 0 171390 6666389
PT [1 0 42 -5 2]
EMPTY QUEUE
 P 3158 0 174789 6787554
PT [1 0 43 -7 2]
 P 3158 0 178179 6906989
PT [1 0 44 -7 2]
 P 3158 0 181569 7027289
PT [1 0 45 -7 2]
 P 3158 0 184959 7147589
PT [1 0 46 -7 2]
 P 3158 0 188349 7267889
PT [1 0 47 -7 2]
EMPTY QUEUE
 P 3493 0 191749 7389088
PT [1 0 48 -8 2]
 P 3493 0 195139 7508489
PT [1 0 49 -8 2]
 P 3493 0 198529 7628789
PT [1 0 50 -8 2]
 P 3493 0 201919 7749089
PT [1 0 51 -8 2]
 P 3493 0 205309 7869389
PT [1 0 52 -8 2]
EMPTY QUEUE
 P 3829 0 208709 7992027
PT [1 0 53 -9 2]
 P 3829 0 212099 8109989
PT [1 0 54 -9 2]
 P 3829 0 215489 8230289
PT [1 0 55 -9 2]
 P 3829 0 218879 8350589
PT [1 0 56 -9 2]
 P 3829 0 222269 8470889
PT [1 0 57 -9 2]
EMPTY QUEUE
 P 4164 0 225669 8592792
PT [1 0 58 -10 2]
 P 4164 0 229059 8711489
PT [1 0 59 -10 2]
 P 4164 0 232449 8831789
PT [1 0 60 -10 2]
 P 4164 0 235839 8952089
PT [1 0 61 -10 2]
 P 4164 0 239229 9072389
PT [1 0 62 -10 2]
EMPTY QUEUE
 P 4499 0 242628 9193938
PT [1 0 63 -10 2]
 P 4499 0 246018 9312989
PT [1 0 64 -10 2]
 P 4499 0 249408 9433289
PT [1 0 65 -10 2]
 P 4499 0 252798 9553589
PT [1 0 66 -10 2]
 P 4499 0 256188 9673889
PT [1 0 67 -10 2]
EMPTY QUEUE
 P 4834 0 259587 9795983
PT [1 0 68 -11 2]
 P 4834 0 262977 9914489
PT [1 0 69 -11 2]
 P 4834 0 266367 10034789
PT [1 0 70 -11 2]
 P 4834 0 269757 10155089
PT [1 0 71 -11 2]
 P 4834 0 273147 10275389
PT [1 0 72 -11 2]
EMPTY QUEUE
 P 5170 0 276546 10397387
PT [1 0 73 -12 2]
 P 5170 0 279936 10515989
PT [1 0 74 -12 2]
 P 5170 0 283326 10636289
PT [1 0 75 -12 2]
 P 5170 0 286716 10756589
PT [1 0 76 -12 2]
 P 5170 0 290106 10876889
PT [1 0 77 -12 2]
EMPTY QUEUE
 P 5505 0 293506 10998663
PT [1 0 78 -13 2]
 P 5505 0 296896 11117489
PT [1 0 79 -13 2]
 P 5505 0 300286 11237789
PT [1 0 80 -13 2]
 P 5505 0 303676 11358089
PT [1 0 81 -13 2]
 P 5505 0 307066 11478389
PT [1 0 82 -13 2]
EMPTY QUEUE
 P 5841 0 310465 11600323
PT [1 0 83 -14 2]
 P 5841 0 313855 11718989
PT [1 0 84 -14 2]
 P 5841 0 317245 11839289
PT [1 0 85 -14 2]
 P 5841 0 320635 11959589
PT [1 0 86 -14 2]
 P 5909 0 326597 12084875
PT [1 0 87 -14 2]
 P 6245 72 329998 12202001
PT [1 0 88 -14 2]
 P 6256 72 333390 12322015
PT [1 0 89 -14 2]
 P 6591 144 336792 12442601
PT [1 0 90 -15 2]
 P 6659 216 340185 12562746
PT [1 0 91 -15 2]
 P 6994 288 343586 12683200
PT [1 0 92 -15 2]
 P 7329 360 346987 12803788
PT [1 0 93 -15 2]
 P 7329 360 350377 12921989
PT [1 0 94 -15 2]
 P 7397 360 356339 13047115
PT [1 0 95 -15 2]
 P 7733 432 359740 13164401
PT [1 0 96 -16 2]
 P 7802 432 365702 13287043
PT [1 0 97 -16 2]
 P 8353 432 365707 13403189
PT [1 0 98 -16 2]
 P 8689 504 369108 13525300
PT [1 0 99 -16 2]
 P 9093 576 375081 13648615
PT [1 0 100 -16 2]
 P 9323 576 378477 13765551
PT [1 0 101 -16 2]
 P 9391 576 384439 13888255
PT [1 0 102 -16 2]
 P 9727 648 387841 14006501
PT [1 0 103 -17 2]
 P 10130 720 393815 14129815
PT [1 0 104 -17 2]
 P 10198 720 399777 14249155
PT [1 0 105 -17 2]
 P 10266 720 405739 14369455
PT [1 0 106 -17 2]
 P 10334 720 411701 14489755
PT [1 0 107 -17 2]
 P 10670 792 415102 14608001
PT [1 0 108 -17 2]
 P 11344 936 418514 14726489
PT [1 0 109 -17 2]
 P 11413 936 424476 14851135
PT [1 0 110 -17 2]
 P 11482 936 430438 14970955
PT [1 0 111 -17 2]
 P 11551 936 436400 15091255
PT [1 0 112 -17 2]
 P 11620 936 442362 15211555
PT [1 0 113 -17 2]
 P 11845 936 445758 15329446
PT [1 0 114 -17 2]
 P 12182 1008 449159 15450101
PT [1 0 115 -19 2]
 P 12925 1152 455143 15572935
PT [1 0 116 -19 2]
 P 13261 1224 458544 15690701
PT [1 0 117 -19 2]
 P 13330 1224 464506 15813343
PT [1 0 118 -19 2]
 P 13399 1224 470468 15933355
PT [1 0 119 -19 2]
 P 13622 1224 473864 16051243
PT [1 0 120 -19 2]
 P 13690 1224 479826 16173955
PT [1 0 121 -19 2]
 P 13759 1224 485788 16294255
PT [1 0 122 -19 2]
 P 14095 1296 489190 16412501
PT [1 0 123 -20 2]
 P 14907 1440 495178 16534855
PT [1 0 124 -20 2]
 P 14975 1440 501140 16655155
PT [1 0 125 -20 2]
 P 15312 1512 504541 16773401
PT [1 0 126 -20 2]
 P 15717 1584 510514 16896715
PT [1 0 127 -20 2]
 P 16054 1656 513915 17014001
PT [1 0 128 -21 2]
 P 16123 1656 519877 17136643
PT [1 0 129 -21 2]
 P 16191 1656 525839 17256655
PT [1 0 130 -21 2]
 P 16409 1656 529235 17374538
PT [1 0 131 -21 2]
 P 16478 1656 535197 17497255
PT [1 0 132 -21 2]
 P 16547 1656 541159 17617555
PT [1 0 133 -21 2]
 P 16616 1656 547121 17737855
PT [1 0 134 -21 2]
 P 16951 1728 550523 17856101
PT [1 0 135 -22 2]
 P 17622 1872 553937 17974589
PT [1 0 136 -22 2]
 P 17633 1872 557329 18096607
PT [1 0 137 -22 2]
 P 17968 1944 560730 18217000
PT [1 0 138 -22 2]
 P 18037 1944 566692 18339643
PT [1 0 139 -22 2]
 P 18374 2016 570093 18457601
PT [1 0 140 -22 2]
 P 18712 2088 573494 18576089
PT [1 0 141 -21 2]
 P 18781 2088 579456 18701215
PT [1 0 142 -21 2]
 P 18852 2088 582848 18817987
PT [1 0 143 -21 2]
 P 18920 2088 588810 18940855
PT [1 0 144 -21 2]
 P 18988 2088 594772 19061155
PT [1 0 145 -21 2]
 P 19200 2088 598168 19179033
PT [1 0 146 -21 2]
 P 19537 2160 601569 19299701
PT [1 0 147 -24 2]
 P 20279 2304 607555 19422535
PT [1 0 148 -24 2]
 P 20615 2376 610956 19540301
PT [1 0 149 -24 2]
 P 20950 2448 614357 19660888
PT [1 0 150 -24 2]
 P 20950 2448 617747 19779089
PT [1 0 151 -24 2]
 P 21018 2448 623709 19904215
PT [1 0 152 -24 2]
 P 21086 2448 629671 20023555
PT [1 0 153 -24 2]
 P 21155 2448 635633 20143855
PT [1 0 154 -24 2]
 P 21601 2448 635639 20260289
PT [1 0 155 -24 2]
 P 21937 2520 639040 20382400
PT [1 0 156 -25 2]
 P 22074 2520 647574 20504755
PT [1 0 157 -25 2]
 P 22282 2520 650970 20622628
PT [1 0 158 -25 2]
 P 22618 2592 654371 20743300
PT [1 0 159 -25 2]
 P 23627 2808 657794 20861789
PT [1 0 160 -25 2]
 P 23963 2880 661196 20983261
PT [1 0 161 -26 2]
 P 23963 2880 664586 21102389
PT [1 0 162 -26 2]
 P 24031 2880 670548 21226715
PT [1 0 163 -26 2]
 P 24367 2952 673949 21344800
PT [1 0 164 -26 2]
 P 24378 2952 677341 21464815
PT [1 0 165 -26 2]
 P 24715 3024 680742 21585401
PT [1 0 166 -27 2]
 P 24783 3024 686704 21708043
PT [1 0 167 -27 2]
 P 24851 3024 692666 21828055
PT [1 0 168 -27 2]
 P 25053 3024 696062 21945923
PT [1 0 169 -27 2]
 P 25389 3096 699463 22066600
PT [1 0 170 -27 2]
 P 25793 3168 705436 22189915
PT [1 0 171 -27 2]
 P 26128 3240 708837 22307200
PT [1 0 172 -27 2]
 P 26196 3240 714799 22429843
PT [1 0 173 -27 2]
 P 26531 3312 718201 22547801
PT [1 0 174 -28 2]
 P 26542 3312 721593 22667815
PT [1 0 175 -28 2]
 P 26877 3384 724994 22788400
PT [1 0 176 -28 2]
 P 26904 3384 728385 22908430
PT [1 0 177 -28 2]
 P 27240 3456 731786 23029001
PT [1 0 178 -28 2]
 P 27308 3456 737748 23151643
PT [1 0 179 -28 2]
 P 27643 3528 741150 23269601
PT [1 0 180 -29 2]
 P 28047 3600 747123 23389901
PT [1 0 181 -29 2]
 P 28047 3600 750513 23508389
PT [1 0 182 -29 2]
 P 28047 3600 753903 23628689
PT [1 0 183 -29 2]
 P 28047 3600 757293 23748989
PT [1 0 184 -29 2]
 P 28047 3600 760683 23869289
PT [1 0 185 -29 2]
EMPTY QUEUE
 P 28382 3600 764083 23991448
PT [1 0 186 -30 2]
 P 28382 3600 767473 24109889
PT [1 0 187 -30 2]
 P 28382 3600 770863 24230189
PT [1 0 188 -30 2]
 P 28382 3600 774253 24350489
PT [1 0 189 -30 2]
 P 28382 3600 777643 24470789
PT [1 0 190 -30 2]
EMPTY QUEUE
 P 28717 3600 781042 24593618
PT [1 0 191 -30 2]
 P 28717 3600 784432 24711389
PT [1 0 192 -30 2]
 P 28717 3600 787822 24831689
PT [1 0 193 -30 2]
 P 28717 3600 791212 24951989
PT [1 0 194 -30 2]
 P 28717 3600 794602 25072289
PT [1 0 195 -30 2]
EMPTY QUEUE
 P 29053 3600 798001 25194638
PT [1 0 196 -31 2]
 P 29053 3600 801391 25312889
PT [1 0 197 -31 2]
 P 29053 3600 804781 25433189
PT [1 0 198 -31 2]
 P 29053 3600 808171 25553489
PT [1 0 199 -31 2]
 P 29053 3600 811561 25673789
PT [1 0 200 -31 2]
EMPTY QUEUE
 P 29388 3600 814960 25795019
PT [1 0 201 -32 2]
 P 29388 3600 818350 25914389
PT [1 0 202 -32 2]
 P 29388 3600 821740 26034689
PT [1 0 203 -32 2]
 P 29388 3600 825130 26154989
PT [1 0 204 -32 2]
 P 29388 3600 828520 26275289
PT [1 0 205 -32 2]
EMPTY QUEUE
 P 29723 3600 831920 26397319
PT [1 0 206 -33 2]
 P 29723 3600 835310 26515889
PT [1 0 207 -33 2]
 P 29723 3600 838700 26636189
PT [1 0 208 -33 2]
 P 29723 3600 842090 26756489
PT [1 0 209 -33 2]
 P 29723 3600 845480 26876789
PT [1 0 210 -33 2]
EMPTY QUEUE
 P 30059 3600 848879 26997955
PT [1 0 211 -34 2]
 P 30059 3600 852269 27117389
PT [1 0 212 -34 2]
 P 30059 3600 855659 27237689
PT [1 0 213 -34 2]
 P 30059 3600 859049 27357989
PT [1 0 214 -34 2]
 P 30059 3600 862439 27478289
PT [1 0 215 -34 2]
EMPTY QUEUE
 P 30394 3600 865838 27599486
PT [1 0 216 -34 2]
 P 30394 3600 869228 27718889
PT [1 0 217 -34 2]
 P 30394 3600 872618 27839189
PT [1 0 218 -34 2]
 P 30394 3600 876008 27959489
PT [1 0 219 -34 2]
 P 30394 3600 879398 28079789
PT [1 0 220 -34 2]
EMPTY QUEUE
 P 30729 3600 882797 28202427
PT [1 0 221 -35 2]
 P 30729 3600 886187 28320389
PT [1 0 222 -35 2]
 P 30729 3600 889577 28440689
PT [1 0 223 -35 2]
 P 30729 3600 892967 28560989
PT [1 0 224 -35 2]
 P 34104 3600 892970 28681289
PT [1 0 225 -35 2]
EMPTY QUEUE
 P 34439 3600 896369 28803191
PT [1 0 226 -36 2]
 P 37752 3600 896372 28921889
PT [1 0 227 -36 2]
 P 37752 3600 899762 29042189
PT [1 0 228 -36 2]
 P 37752 3600 903152 29162489
PT [1 0 229 -36 2]
 P 40973 3600 903155 29282789
PT [1 0 230 -36 2]
EMPTY QUEUE
 P 41308 3600 906555 29404339
PT [1 0 231 -37 2]
 P 44467 3600 906559 29523389
PT [1 0 232 -37 2]
 P 44467 3600 909949 29643689
PT [1 0 233 -37 2]
 P 44467 3600 913339 29763989
PT [1 0 234 -37 2]
 P 44467 3600 916729 29884289
PT [1 0 235 -37 2]
EMPTY QUEUE
 P 44802 3600 920128 30006382
PT [1 0 236 -37 2]
 P 47808 3600 920131 30124889
PT [1 0 237 -37 2]
 P 47808 3600 923521 30245189
PT [1 0 238 -37 2]
 P 47808 3600 926911 30365489
PT [1 0 239 -37 2]
 P 50722 3600 926914 30485789
PT [1 0 240 -37 2]
EMPTY QUEUE
 P 51058 3600 930313 30607788
PT [1 0 241 -37 2]
 P 51058 3600 933703 30726389
PT [1 0 242 -37 2]
 P 53891 3600 933706 30846689
PT [1 0 243 -37 2]
 P 53891 3600 937096 30966989
PT [1 0 244 -37 2]
 P 56662 3600 937100 31087289
PT [1 0 245 -37 2]
EMPTY QUEUE
 P 56997 3600 940499 31209063
PT [1 0 246 -39 2]
 P 56997 3600 943889 31327889
PT [1 0 247 -39 2]
 P 56997 3600 947279 31448189
PT [1 0 248 -39 2]
 P 59668 3600 947282 31568489
PT [1 0 249 -39 2]
 P 59668 3600 950672 31688789
PT [1 0 250 -39 2]
 P 62277 3600 950676 31809089
PT [1 0 251 -39 2]
EMPTY QUEUE
 P 62612 3600 954075 31931023
PT [1 0 252 -40 2]
 P 62612 3600 957465 32049689
PT [1 0 253 -40 2]
 P 62612 3600 960855 32169989
PT [1 0 254 -40 2]
 P 65109 3600 960858 32290289
PT [1 0 255 -40 2]
 P 65109 3600 964248 32410589
PT [1 0 256 -40 2]
 P 67545 3600 964251 32530889
PT [1 0 257 -40 2]
EMPTY QUEUE
 P 67881 3600 967651 32653879
PT [1 0 258 -41 2]
 P 70256 3600 967654 32771489
PT [1 0 259 -41 2]
 P 70256 3600 971044 32891789
PT [1 0 260 -41 2]
 P 70256 3600 974434 33012089
PT [1 0 261 -41 2]
 P 70256 3600 977824 33132389
PT [1 0 262 -41 2]
 P 72530 3600 977827 33252689
PT [1 0 263 -41 2]
EMPTY QUEUE
 P 72865 3600 981227 33374047
PT [1 0 264 -42 2]
 P 75078 3600 981230 33493289
PT [1 0 265 -42 2]
 P 75078 3600 984620 33613589
PT [1 0 266 -42 2]
 P 75078 3600 988010 33733889
PT [1 0 267 -42 2]
 P 75078 3600 991400 33854189
PT [1 0 268 -42 2]
EMPTY QUEUE
 P 75415 3600 994799 33975835
PT [1 0 269 -43 2]
 P 77496 3600 994802 34094789
PT [1 0 270 -43 2]
 P 79547 3600 994805 34215089
PT [1 0 271 -43 2]
 P 79547 3600 998195 34335389
PT [1 0 272 -43 2]
 P 79547 3600 1001585 34455689
PT [1 0 273 -43 2]
EMPTY QUEUE
 P 79883 3600 1004984 34578006
PT [1 0 274 -43 2]
 P 79883 3600 1008374 34696289
PT [1 0 275 -43 2]
 P 81802 3600 1008377 34816589
PT [1 0 276 -43 2]
 P 81802 3600 1011767 34936889
PT [1 0 277 -43 2]
 P 81802 3600 1015157 35057189
PT [1 0 278 -43 2]
EMPTY QUEUE
 P 82138 3600 1018556 35179028
PT [1 0 279 -44 2]
 P 82138 3600 1021946 35297789
PT [1 0 280 -44 2]
 P 82138 3600 1025336 35418089
PT [1 0 281 -44 2]
 P 82138 3600 1028726 35538389
PT [1 0 282 -44 2]
 P 82138 3600 1032116 35658689
PT [1 0 283 -44 2]
EMPTY QUEUE
 P 82474 3600 1035515 35781455
PT [1 0 284 -45 2]
 P 82474 3600 1038905 35899289
PT [1 0 285 -45 2]
 P 82474 3600 1042295 36019589
PT [1 0 286 -45 2]
 P 82474 3600 1045685 36139889
PT [1 0 287 -45 2]
 P 82474 3600 1049075 36260189
PT [1 0 288 -45 2]
EMPTY QUEUE
 P 82810 3600 1052475 36381708
PT [1 0 289 -46 2]
 P 82810 3600 1055865 36500789
PT [1 0 290 -46 2]
 P 82810 3600 1059255 36621089
PT [1 0 291 -46 2]
 P 82810 3600 1062645 36741389
PT [1 0 292 -46 2]
 P 82810 3600 1066035 36861689
PT [1 0 293 -46 2]
EMPTY QUEUE
 P 83146 3600 1069434 36984390
PT [1 0 294 -46 2]
 P 83146 3600 1072824 37102289
PT [1 0 295 -46 2]
 P 83146 3600 1076214 37222589
PT [1 0 296 -46 2]
 P 83146 3600 1079604 37342889
PT [1 0 297 -46 2]
 P 83146 3600 1082994 37463189
PT [1 0 298 -46 2]
EMPTY QUEUE
 P 83482 3600 1086393 37585923
PT [1 0 299 -47 2]
 P 83482 3600 1089783 37703789
PT [1 0 300 -47 2]
 P 83482 3600 1093173 37824089
PT [1 0 301 -47 2]
 P 83482 3600 1096563 37944389
PT [1 0 302 -47 2]
 P 83482 3600 1099953 38064689
PT [1 0 303 -47 2]
EMPTY QUEUE
 P 83818 3600 1103352 38186815
PT [1 0 304 -48 2]
 P 83818 3600 1106742 38305289
PT [1 0 305 -48 2]
 P 83818 3600 1110132 38425589
PT [1 0 306 -48 2]
 P 83818 3600 1113522 38545889
PT [1 0 307 -48 2]
 P 83818 3600 1116912 38666189
PT [1 0 308 -48 2]
EMPTY QUEUE
 P 84154 3600 1120312 38787580
PT [1 0 309 -49 2]
 P 84154 3600 1123702 38906789
PT [1 0 310 -49 2]
 P 84154 3600 1127092 39027089
PT [1 0 311 -49 2]
 P 84154 3600 1130482 39147389
PT [1 0 312 -49 2]
 P 84154 3600 1133872 39267689
PT [1 0 313 -49 2]
EMPTY QUEUE
 P 84490 3600 1137271 39388727
PT [1 0 314 -50 2]
 P 84490 3600 1140661 39508289
PT [1 0 315 -50 2]
 P 84490 3600 1144051 39628589
PT [1 0 316 -50 2]
 P 84490 3600 1147441 39748889
PT [1 0 317 -50 2]
 P 84490 3600 1150831 39869189
PT [1 0 318 -50 2]
EMPTY QUEUE
 P 84825 3600 1154230 39990770
PT [1 0 319 -50 2]
 P 84825 3600 1157620 40109789
PT [1 0 320 -50 2]
 P 84825 3600 1161010 40230089
PT [1 0 321 -50 2]
 P 84825 3600 1164400 40350389
PT [1 0 322 -50 2]
 P 84825 3600 1167790 40470689
PT [1 0 323 -50 2]
EMPTY QUEUE
 P 85160 3600 1171189 40592175
PT [1 0 324 -51 2]
 P 85160 3600 1174579 40711289
PT [1 0 325 -51 2]
 P 85160 3600 1177969 40831589
PT [1 0 326 -51 2]
 P 85160 3600 1181359 40951889
PT [1 0 327 -51 2]
 P 85160 3600 1184749 41072189
PT [1 0 328 -51 2]
EMPTY QUEUE
 P 85190 3600 1188141 41193138
PT [1 0 329 -51 2]
EMPTY QUEUE
 P 85525 3600 1191540 41314359
PT [1 0 330 -52 2]
 P 85525 3600 1194930 41433089
PT [1 0 331 -52 2]
 P 85525 3600 1198320 41553389
PT [1 0 332 -52 2]
 P 85525 3600 1201710 41673689
PT [1 0 333 -52 2]
 P 85525 3600 1205100 41793989
PT [1 0 334 -52 2]
EMPTY QUEUE
 P 85860 3600 1208500 41916147
PT [1 0 335 -53 2]
 P 85860 3600 1211890 42034589
PT [1 0 336 -53 2]
 P 85860 3600 1215280 42154889
PT [1 0 337 -53 2]
 P 85860 3600 1218670 42275189
PT [1 0 338 -53 2]
 P 85860 3600 1222060 42395489
PT [1 0 339 -53 2]
EMPTY QUEUE
 P 86197 3600 1225459 42518319
PT [1 0 340 -54 2]
 P 86197 3600 1228849 42636089
PT [1 0 341 -54 2]
 P 86197 3600 1232239 42756389
PT [1 0 342 -54 2]
 P 86197 3600 1235629 42876689
PT [1 0 343 -54 2]
 P 86197 3600 1239019 42996989
PT [1 0 344 -54 2]
EMPTY QUEUE
 P 86533 3600 1242418 43119338
PT [1 0 345 -54 2]
 P 86533 3600 1245808 43237589
PT [1 0 346 -54 2]
 P 86533 3600 1249198 43357889
PT [1 0 347 -54 2]
 P 86533 3600 1252588 43478189
PT [1 0 348 -54 2]
 P 86533 3600 1255978 43598489
PT [1 0 349 -54 2]
EMPTY QUEUE
 P 86868 3600 1259377 43719719
PT [1 0 350 -55 2]
 P 86868 3600 1262767 43839089
PT [1 0 351 -55 2]
 P 86868 3600 1266157 43959389
PT [1 0 352 -55 2]
 P 86868 3600 1269547 44079689
PT [1 0 353 -55 2]
 P 86868 3600 1272937 44199989
PT [1 0 354 -55 2]
EMPTY QUEUE
 P 87203 3600 1276336 44322019
PT [1 0 355 -56 2]
 P 87203 3600 1279726 44440589
PT [1 0 356 -56 2]
 P 87203 3600 1283116 44560889
PT [1 0 357 -56 2]
 P 87203 3600 1286506 44681189
PT [1 0 358 -56 2]
 P 87203 3600 1289896 44801489
PT [1 0 359 -56 2]
EMPTY QUEUE
 P 87538 3600 1293296 44922655
PT [1 0 360 -57 2]
 P 87538 3600 1296686 45042089
PT [1 0 361 -57 2]
 P 87538 3600 1300076 45162389
PT [1 0 362 -57 2]
 P 87538 3600 1303466 45282689
PT [1 0 363 -57 2]
 P 87538 3600 1306856 45402989
PT [1 0 364 -57 2]
EMPTY QUEUE
 P 87875 3600 1310255 45524187
PT [1 0 365 -57 2]
 P 87875 3600 1313645 45643589
PT [1 0 366 -57 2]
 P 87875 3600 1317035 45763889
PT [1 0 367 -57 2]
 P 87875 3600 1320425 45884189
PT [1 0 368 -57 2]
 P 87875 3600 1323815 46004489
PT [1 0 369 -57 2]
EMPTY QUEUE
 P 88210 3600 1327214 46127126
PT [1 0 370 -58 2]
 P 88210 3600 1330604 46245089
PT [1 0 371 -58 2]
 P 88210 3600 1333994 46365389
PT [1 0 372 -58 2]
 P 88210 3600 1337384 46485689
PT [1 0 373 -58 2]
 P 88210 3600 1340774 46605989
PT [1 0 374 -58 2]
EMPTY QUEUE
 P 88546 3600 1344173 46727891
PT [1 0 375 -59 2]
 P 88546 3600 1347563 46846589
PT [1 0 376 -59 2]
 P 88546 3600 1350953 46966889
PT [1 0 377 -59 2]
 P 88546 3600 1354343 47087189
PT [1 0 378 -59 2]
 P 88546 3600 1357733 47207489
PT [1 0 379 -59 2]
EMPTY QUEUE
 P 88881 3600 1361132 47329039
PT [1 0 380 -60 2]
 P 88881 3600 1364522 47448089
PT [1 0 381 -60 2]
 P 88881 3600 1367912 47568389
PT [1 0 382 -60 2]
 P 88881 3600 1371302 47688689
PT [1 0 383 -60 2]
 P 88881 3600 1374692 47808989
PT [1 0 384 -60 2]
EMPTY QUEUE
 P 89218 3600 1378091 47931083
PT [1 0 385 -61 2]
 P 89218 3600 1381481 48049589
PT [1 0 386 -61 2]
 P 89218 3600 1384871 48169889
PT [1 0 387 -61 2]
 P 89218 3600 1388261 48290189
PT [1 0 388 -61 2]
 P 89218 3600 1391651 48410489
PT [1 0 389 -61 2]
EMPTY QUEUE
 P 89553 3600 1395050 48532486
PT [1 0 390 -61 2]
 P 89553 3600 1398440 48651089
PT [1 0 391 -61 2]
 P 89553 3600 1401830 48771389
PT [1 0 392 -61 2]
 P 89553 3600 1405220 48891689
PT [1 0 393 -61 2]
 P 89553 3600 1408610 49011989
PT [1 0 394 -61 2]
EMPTY QUEUE
 P 89889 3600 1412009 49133763
PT [1 0 395 -62 2]
 P 89889 3600 1415399 49252589
PT [1 0 396 -62 2]
 P 89889 3600 1418789 49372889
PT [1 0 397 -62 2]
 P 89889 3600 1422179 49493189
PT [1 0 398 -62 2]
 P 89889 3600 1425569 49613489
PT [1 0 399 -62 2]
EMPTY QUEUE
 P 90226 3600 1428968 49735424
PT [1 0 400 -63 2]
 P 90226 3600 1432358 49854089
PT [1 0 401 -63 2]
 P 90226 3600 1435748 49974389
PT [1 0 402 -63 2]
 P 90226 3600 1439138 50094689
PT [1 0 403 -63 2]
 P 90226 3600 1442528 50214989
PT [1 0 404 -63 2]
EMPTY QUEUE
 P 90561 3600 1445928 50337979
PT [1 0 405 -64 2]
 P 90561 3600 1449318 50455589
PT [1 0 406 -64 2]
 P 90561 3600 1452708 50575889
PT [1 0 407 -64 2]
 P 90561 3600 1456098 50696189
PT [1 0 408 -64 2]
 P 90561 3600 1459488 50816489
PT [1 0 409 -64 2]
EMPTY QUEUE
 P 90897 3600 1462887 50937847
PT [1 0 410 -64 2]
 P 90897 3600 1466277 51057089
PT [1 0 411 -64 2]
 P 90897 3600 1469667 51177389
PT [1 0 412 -64 2]
 P 90897 3600 1473057 51297689
PT [1 0 413 -64 2]
 P 90897 3600 1476447 51417989
PT [1 0 414 -64 2]
EMPTY QUEUE
 P 91232 3600 1479846 51539634
PT [1 0 415 -65 2]
 P 91232 3600 1483236 51658589
PT [1 0 416 -65 2]
 P 91232 3600 1486626 51778889
PT [1 0 417 -65 2]
 P 91232 3600 1490016 51899189
PT [1 0 418 -65 2]
 P 91232 3600 1493406 52019489
PT [1 0 419 -65 2]
EMPTY QUEUE
 P 91569 3600 1496805 52141808
PT [1 0 420 -66 2]
 P 91569 3600 1500195 52260089
PT [1 0 421 -66 2]
 P 91569 3600 1503585 52380389
PT [1 0 422 -66 2]
 P 91569 3600 1506975 52500689
PT [1 0 423 -66 2]
 P 91569 3600 1510365 52620989
PT [1 0 424 -66 2]
EMPTY QUEUE
 P 91905 3600 1513765 52742828
PT [1 0 425 -66 2]
 P 91905 3600 1517155 52861589
PT [1 0 426 -66 2]
 P 91905 3600 1520545 52981889
PT [1 0 427 -66 2]
 P 91905 3600 1523935 53102189
PT [1 0 428 -66 2]
 P 91905 3600 1527325 53222489
PT [1 0 429 -66 2]
EMPTY QUEUE
 P 92243 3600 1530724 53345256
PT [1 0 430 -68 2]
 P 92243 3600 1534114 53463089
PT [1 0 431 -68 2]
 P 92243 3600 1537504 53583389
PT [1 0 432 -68 2]
 P 92243 3600 1540894 53703689
PT [1 0 433 -68 2]
 P 92243 3600 1544284 53823989
PT [1 0 434 -68 2]
EMPTY QUEUE
 P 92580 3600 1547683 53945507
PT [1 0 435 -68 2]
 P 92580 3600 1551073 54064589
PT [1 0 436 -68 2]
 P 92580 3600 1554463 54184889
PT [1 0 437 -68 2]
 P 92580 3600 1557853 54305189
PT [1 0 438 -68 2]
 P 92580 3600 1561243 54425489
PT [1 0 439 -68 2]
EMPTY QUEUE
 P 92916 3600 1564642 54548191
PT [1 0 440 -69 2]
 P 92916 3600 1568032 54666089
PT [1 0 441 -69 2]
 P 92916 3600 1571422 54786389
PT [1 0 442 -69 2]
 P 92916 3600 1574812 54906689
PT [1 0 443 -69 2]
 P 92916 3600 1578202 55026989
PT [1 0 444 -69 2]
EMPTY QUEUE
 P 93252 3600 1581603 55149724
PT [1 0 445 -70 2]
 P 93252 3600 1584993 55267589
PT [1 0 446 -70 2]
 P 93252 3600 1588383 55387889
PT [1 0 447 -70 2]
 P 93252 3600 1591773 55508189
PT [1 0 448 -70 2]
 P 93252 3600 1595163 55628489
PT [1 0 449 -70 2]
EMPTY QUEUE
 P 93587 3600 1598563 55750615
PT [1 0 450 -71 2]
 P 93587 3600 1601953 55869089
PT [1 0 451 -71 2]
 P 93587 3600 1605343 55989389
PT [1 0 452 -71 2]
 P 93587 3600 1608733 56109689
PT [1 0 453 -71 2]
 P 93587 3600 1612123 56229989
PT [1 0 454 -71 2]
EMPTY QUEUE
 P 93923 3600 1615522 56351378
PT [1 0 455 -71 2]
 P 93923 3600 1618912 56470589
PT [1 0 456 -71 2]
 P 93923 3600 1622302 56590889
PT [1 0 457 -71 2]
 P 93923 3600 1625692 56711189
PT [1 0 458 -71 2]
 P 93923 3600 1629082 56831489
PT [1 0 459 -71 2]
EMPTY QUEUE
 P 94259 3600 1632481 56952526
PT [1 0 460 -72 2]
 P 94259 3600 1635871 57072089
PT [1 0 461 -72 2]
 P 94259 3600 1639261 57192389
PT [1 0 462 -72 2]
 P 94259 3600 1642651 57312689
PT [1 0 463 -72 2]
 P 94259 3600 1646041 57432989
PT [1 0 464 -72 2]
EMPTY QUEUE
 P 94594 3600 1649440 57554571
PT [1 0 465 -73 2]
 P 94594 3600 1652830 57673589
PT [1 0 466 -73 2]
 P 94594 3600 1656220 57793889
PT [1 0 467 -73 2]
 P 94594 3600 1659610 57914189
PT [1 0 468 -73 2]
 P 94594 3600 1663000 58034489
PT [1 0 469 -73 2]
EMPTY QUEUE
 P 94929 3600 1666400 58155975
PT [1 0 470 -74 2]
 P 94929 3600 1669790 58275089
PT [1 0 471 -74 2]
 P 94929 3600 1673180 58395389
PT [1 0 472 -74 2]
 P 94929 3600 1676570 58515689
PT [1 0 473 -74 2]
 P 94929 3600 1679960 58635989
PT [1 0 474 -74 2]
EMPTY QUEUE
 P 95265 3600 1683359 58757251
PT [1 0 475 -75 2]
 P 95265 3600 1686749 58876589
PT [1 0 476 -75 2]
 P 95265 3600 1690139 58996889
PT [1 0 477 -75 2]
 P 95265 3600 1693529 59117189
PT [1 0 478 -75 2]
 P 95265 3600 1696919 59237489
PT [1 0 479 -75 2]
EMPTY QUEUE
 P 95600 3600 1700318 59358910
PT [1 0 480 -75 2]
 P 95600 3600 1703708 59478089
PT [1 0 481 -75 2]
 P 95600 3600 1707098 59598389
PT [1 0 482 -75 2]
 P 95600 3600 1710488 59718689
PT [1 0 483 -75 2]
 P 95600 3600 1713878 59838989
PT [1 0 484 -75 2]
EMPTY QUEUE
 P 95935 3600 1717277 59961467
PT [1 0 485 -76 2]
 P 95935 3600 1720667 60079589
PT [1 0 486 -76 2]
 P 95935 3600 1724057 60199889
PT [1 0 487 -76 2]
 P 95935 3600 1727447 60320189
PT [1 0 488 -76 2]
 P 95935 3600 1730837 60440489
PT [1 0 489 -76 2]
EMPTY QUEUE
 P 96270 3600 1734236 60563383
PT [1 0 490 -77 2]
 P 96270 3600 1737626 60681089
PT [1 0 491 -77 2]
 P 96270 3600 1741016 60801389
PT [1 0 492 -77 2]
 P 96270 3600 1744406 60921689
PT [1 0 493 -77 2]
 P 96270 3600 1747796 61041989
PT [1 0 494 -77 2]
EMPTY QUEUE
 P 96605 3600 1751196 61163123
PT [1 0 495 -78 2]
 P 96605 3600 1754586 61282589
PT [1 0 496 -78 2]
 P 96605 3600 1757976 61402889
PT [1 0 497 -78 2]
 P 96605 3600 1761366 61523189
PT [1 0 498 -78 2]
 P 96605 3600 1764756 61643489
PT [1 0 499 -78 2]
EMPTY QUEUE
 P 96941 3600 1768155 61765295
PT [1 0 500 -77 2]
 P 96941 3600 1771545 61884089
PT [1 0 501 -77 2]
 P 96941 3600 1774935 62004389
PT [1 0 502 -77 2]
 P 96941 3600 1778325 62124689
PT [1 0 503 -77 2]
 P 96941 3600 1781715 62244989
PT [1 0 504 -77 2]
EMPTY QUEUE
 P 97277 3600 1785114 62366314
PT [1 0 505 -79 2]
 P 97277 3600 1788504 62485589
PT [1 0 506 -79 2]
 P 97277 3600 1791894 62605889
PT [1 0 507 -79 2]
 P 97277 3600 1795284 62726189
PT [1 0 508 -79 2]
 P 97277 3600 1798674 62846489
PT [1 0 509 -79 2]
EMPTY QUEUE
 P 97613 3600 1802073 62968744
PT [1 0 510 -79 2]
 P 97613 3600 1805463 63087089
PT [1 0 511 -79 2]
 P 97613 3600 1808853 63207389
PT [1 0 512 -79 2]
 P 97613 3600 1812243 63327689
PT [1 0 513 -79 2]
 P 97613 3600 1815633 63447989
PT [1 0 514 -79 2]
EMPTY QUEUE
 P 97948 3600 1819033 63568995
PT [1 0 515 -81 2]
 P 97948 3600 1822423 63688589
PT [1 0 516 -81 2]
 P 97948 3600 1825813 63808889
PT [1 0 517 -81 2]
 P 97948 3600 1829203 63929189
PT [1 0 518 -81 2]
 P 97948 3600 1832593 64049489
PT [1 0 519 -81 2]
EMPTY QUEUE
 P 98284 3600 1835993 64171680
PT [1 0 520 -82 2]
 P 98284 3600 1839383 64290089
PT [1 0 521 -82 2]
 P 98284 3600 1842773 64410389
PT [1 0 522 -82 2]
 P 98284 3600 1846163 64530689
PT [1 0 523 -82 2]
 P 98284 3600 1849553 64650989
PT [1 0 524 -82 2]
EMPTY QUEUE
 P 98619 3600 1852952 64773210
PT [1 0 525 -82 2]
 P 98619 3600 1856342 64891589
PT [1 0 526 -82 2]
 P 98619 3600 1859732 65011889
PT [1 0 527 -82 2]
 P 98619 3600 1863122 65132189
PT [1 0 528 -82 2]
 P 98619 3600 1866512 65252489
PT [1 0 529 -82 2]
EMPTY QUEUE
 P 98954 3600 1869911 65374104
PT [1 0 530 -83 2]
 P 98954 3600 1873301 65493089
PT [1 0 531 -83 2]
 P 98954 3600 1876691 65613389
PT [1 0 532 -83 2]
 P 98954 3600 1880081 65733689
PT [1 0 533 -83 2]
 P 98954 3600 1883471 65853989
PT [1 0 534 -83 2]
EMPTY QUEUE
 P 99289 3600 1886870 65976915
PT [1 0 535 -84 2]
 P 99289 3600 1890260 66094589
PT [1 0 536 -84 2]
 P 99289 3600 1893650 66214889
PT [1 0 537 -84 2]
 P 99289 3600 1897040 66335189
PT [1 0 538 -84 2]
 P 99289 3600 1900430 66455489
PT [1 0 539 -84 2]
EMPTY QUEUE
 P 99624 3600 1903830 66578063
PT [1 0 540 -85 2]
 P 99624 3600 1907220 66696089
PT [1 0 541 -85 2]
 P 99624 3600 1910610 66816389
PT [1 0 542 -85 2]
 P 99624 3600 1914000 66936689
PT [1 0 543 -85 2]
 P 99624 3600 1917390 67056989
PT [1 0 544 -85 2]
EMPTY QUEUE
 P 99959 3600 1920789 67178058
PT [1 0 545 -85 2]
 P 99959 3600 1924179 67297589
PT [1 0 546 -85 2]
 P 99959 3600 1927569 67417889
PT [1 0 547 -85 2]
 P 99959 3600 1930959 67538189
PT [1 0 548 -85 2]
 P 99959 3600 1934349 67658489
PT [1 0 549 -85 2]
EMPTY QUEUE
 P 100294 3600 1937748 67779462
PT [1 0 550 -86 2]
 P 100294 3600 1941138 67899089
PT [1 0 551 -86 2]
 P 100294 3600 1944528 68019389
PT [1 0 552 -86 2]
 P 100294 3600 1947918 68139689
PT [1 0 553 -86 2]
 P 100294 3600 1951308 68259989
PT [1 0 554 -86 2]
EMPTY QUEUE
 P 100629 3600 1954707 68382787
PT [1 0 555 -87 2]
 P 100629 3600 1958097 68500589
PT [1 0 556 -87 2]
 P 100629 3600 1961487 68620889
PT [1 0 557 -87 2]
 P 100629 3600 1964877 68741189
PT [1 0 558 -87 2]
 P 100629 3600 1968267 68861489
PT [1 0 559 -87 2]
EMPTY QUEUE
 P 100964 3600 1971667 68984447
PT [1 0 560 -88 2]
 P 100964 3600 1975057 69102089
PT [1 0 561 -88 2]
 P 100964 3600 1978447 69222389
PT [1 0 562 -88 2]
 P 100964 3600 1981837 69342689
PT [1 0 563 -88 2]
 P 100964 3600 1985227 69462989
PT [1 0 564 -88 2]
EMPTY QUEUE
 P 101300 3600 1988626 69584955
PT [1 0 565 -88 2]
 P 101300 3600 1992016 69703589
PT [1 0 566 -88 2]
 P 101300 3600 1995406 69823889
PT [1 0 567 -88 2]
 P 101300 3600 1998796 69944189
PT [1 0 568 -88 2]
 P 101300 3600 2002186 70064489
PT [1 0 569 -88 2]
EMPTY QUEUE
 P 101635 3600 2005585 70186870
PT [1 0 570 -89 2]
 P 101635 3600 2008975 70305089
PT [1 0 571 -89 2]
 P 101635 3600 2012365 70425389
PT [1 0 572 -89 2]
 P 101635 3600 2015755 70545689
PT [1 0 573 -89 2]
 P 101635 3600 2019145 70665989
PT [1 0 574 -89 2]
EMPTY QUEUE
 P 101970 3600 2022544 70788659
PT [1 0 575 -90 2]
 P 101970 3600 2025934 70906589
PT [1 0 576 -90 2]
 P 101970 3600 2029324 71026889
PT [1 0 577 -90 2]
 P 101970 3600 2032714 71147189
PT [1 0 578 -90 2]
 P 101970 3600 2036104 71267489
PT [1 0 579 -90 2]
EMPTY QUEUE
 P 102305 3600 2039503 71388783
PT [1 0 580 -91 2]
 P 102305 3600 2042893 71508089
PT [1 0 581 -91 2]
 P 102305 3600 2046283 71628389
PT [1 0 582 -91 2]
 P 102305 3600 2049673 71748689
PT [1 0 583 -91 2]
 P 102305 3600 2053063 71868989
PT [1 0 584 -91 2]
EMPTY QUEUE
 P 102640 3600 2056463 71991851
PT [1 0 585 -92 2]
 P 102640 3600 2059853 72109589
PT [1 0 586 -92 2]
 P 102640 3600 2063243 72229889
PT [1 0 587 -92 2]
 P 102640 3600 2066633 72350189
PT [1 0 588 -92 2]
 P 102640 3600 2070023 72470489
PT [1 0 589 -92 2]
EMPTY QUEUE
 P 102975 3600 2073422 72592230
PT [1 0 590 -92 2]
 P 102975 3600 2076812 72711089
PT [1 0 591 -92 2]
 P 102975 3600 2080202 72831389
PT [1 0 592 -92 2]
 P 102975 3600 2083592 72951689
PT [1 0 593 -92 2]
 P 102975 3600 2086982 73071989
PT [1 0 594 -92 2]
EMPTY QUEUE
 P 103043 3600 2092944 73196827
PT [1 0 595 -92 2]
EMPTY QUEUE
 P 103378 3600 2096343 73314158
PT [1 0 596 -93 2]
 P 103378 3600 2099733 73432889
PT [1 0 597 -93 2]
 P 103378 3600 2103123 73553189
PT [1 0 598 -93 2]
 P 103378 3600 2106513 73673489
PT [1 0 599 -93 2]
 P 103378 3600 2109903 73793789
PT [1 0 600 -93 2]
EMPTY QUEUE
 P 103714 3600 2113302 73915947
PT [1 0 601 -94 2]
 P 103714 3600 2116692 74034389
PT [1 0 602 -94 2]
 P 103714 3600 2120082 74154689
PT [1 0 603 -94 2]
 P 103714 3600 2123472 74274989
PT [1 0 604 -94 2]
 P 103714 3600 2126862 74395289
PT [1 0 605 -94 2]
EMPTY QUEUE
 P 104049 3600 2130261 74518119
PT [1 0 606 -95 2]
 P 104049 3600 2133651 74635889
PT [1 0 607 -95 2]
 P 104049 3600 2137041 74756189
PT [1 0 608 -95 2]
 P 104049 3600 2140431 74876489
PT [1 0 609 -95 2]
 P 104049 3600 2143821 74996789
PT [1 0 610 -95 2]
EMPTY QUEUE
 P 104384 3600 2147221 75119139
PT [1 0 611 -96 2]
 P 104384 3600 2150611 75237389
PT [1 0 612 -96 2]
 P 104384 3600 2154001 75357689
PT [1 0 613 -96 2]
 P 104384 3600 2157391 75477989
PT [1 0 614 -96 2]
 P 104384 3600 2160781 75598289
PT [1 0 615 -96 2]
EMPTY QUEUE
 P 104719 3600 2164180 75719518
PT [1 0 616 -96 2]
 P 104719 3600 2167570 75838889
PT [1 0 617 -96 2]
 P 104719 3600 2170960 75959189
PT [1 0 618 -96 2]
 P 104719 3600 2174350 76079489
PT [1 0 619 -96 2]
 P 104719 3600 2177740 76199789
PT [1 0 620 -96 2]
EMPTY QUEUE
 P 105054 3600 2181139 76321818
PT [1 0 621 -97 2]
 P 105054 3600 2184529 76440389
PT [1 0 622 -97 2]
 P 105054 3600 2187919 76560689
PT [1 0 623 -97 2]
 P 105054 3600 2191309 76680989
PT [1 0 624 -97 2]
 P 105054 3600 2194699 76801289
PT [1 0 625 -97 2]
EMPTY QUEUE
 P 105389 3600 2198098 76922455
PT [1 0 626 -98 2]
 P 105389 3600 2201488 77041889
PT [1 0 627 -98 2]
 P 105389 3600 2204878 77162189
PT [1 0 628 -98 2]
 P 105389 3600 2208268 77282489
PT [1 0 629 -98 2]
 P 105389 3600 2211658 77402789
PT [1 0 630 -98 2]
EMPTY QUEUE
 P 105724 3600 2215058 77523987
PT [1 0 631 -99 2]
 P 105724 3600 2218448 77643389
PT [1 0 632 -99 2]
 P 105724 3600 2221838 77763689
PT [1 0 633 -99 2]
 P 105724 3600 2225228 77883989
PT [1 0 634 -99 2]
 P 105724 3600 2228618 78004289
PT [1 0 635 -99 2]
EMPTY QUEUE
 P 106060 3600 2232017 78126927
PT [1 0 636 -99 2]
 P 106060 3600 2235407 78244889
PT [1 0 637 -99 2]
 P 106060 3600 2238797 78365189
PT [1 0 638 -99 2]
 P 106060 3600 2242187 78485489
PT [1 0 639 -99 2]
