369949772 1 47217 R 245.0 1 3 77 1
372160558 1 47500 R 142.0 1 1 207 2
372853654 1 47588 R 40.0 1 2 290 3
373057831 1 47614 R 196.0 1 3 435 4
374376984 1 47783 R 191.0 1 1 537 5
374549628 1 47805 R 93.0 1 2 582 6
380964727 1 48626 R 142.0 2 1 182 7
381696913 1 48720 R 40.0 2 2 270 8
381881532 1 48744 R 196.0 2 3 413 9
383128621 1 48903 R 191.0 2 1 505 10
383923340 1 49005 R 93.0 2 2 629 11
384076676 1 49025 R 245.0 2 3 733 12
389796442 1 49757 R 142.0 3 1 160 13
390473940 1 49844 R 40.0 3 2 242 14
390654689 1 49867 R 196.0 3 3 385 15
391991378 1 50038 R 191.0 3 1 488 16
392731398 1 50133 R 93.0 3 2 605 17
392880878 1 50152 R 245.0 3 3 708 18
398608453 1 50885 R 142.0 4 1 136 19
399325084 1 50977 R 40.0 4 2 223 20
399517520 1 51001 R 196.0 4 3 366 21
400772146 1 51162 R 191.0 4 1 460 22
401488795 1 51254 R 93.0 4 2 575 23
401712478 1 51282 R 245.0 4 3 686 24
407408768 1 52011 R 191.0 5 1 157 25
408133110 1 52104 R 93.0 5 2 273 26
408321701 1 52128 R 245.0 5 3 380 27
409619318 1 52294 R 142.0 5 1 393 28
410343691 1 52387 R 40.0 5 2 481 29
410501067 1 52407 R 196.0 5 3 621 30
416173710 1 53133 R 142.0 6 1 80 31
416937319 1 53231 R 40.0 6 2 173 32
417137665 1 53257 R 196.0 6 3 319 33
418400138 1 53418 R 191.0 6 1 412 34
419163510 1 53516 R 93.0 6 2 533 35
419332635 1 53538 R 245.0 6 3 638 36
425020843 1 54266 R 142.0 7 1 61 37
425729803 1 54356 R 40.0 7 2 146 38
425926239 1 54382 R 196.0 7 3 292 39
427215988 1 54547 R 191.0 7 1 389 40
427924757 1 54637 R 93.0 7 2 501 41
428152396 1 54666 R 245.0 7 3 615 42
433809425 1 55391 R 191.0 8 1 81 43
434009734 1 55416 R 93.0 8 2 129 44
436051513 1 55678 R 142.0 8 1 321 45
436736759 1 55765 R 40.0 8 2 403 46
436944854 1 55792 R 196.0 8 3 550 47
438221975 1 55955 R 245.0 8 3 893 48
442664389 1 56524 R 191.0 9 1 62 49
442798273 1 56541 R 93.0 9 2 102 50
444846846 1 56803 R 245.0 9 3 448 51
447015437 1 57081 R 142.0 9 1 572 52
447771063 1 57178 R 40.0 9 2 664 53
447943995 1 57200 R 196.0 9 3 806 54
451468795 1 57651 R 191.0 10 1 37 55
451614196 1 57670 R 93.0 10 2 78 56
453648331 1 57930 R 142.0 10 1 269 57
454380519 1 58024 R 40.0 10 2 358 58
454596457 1 58051 R 196.0 10 3 505 59
455873545 1 58215 R 245.0 10 3 800 60
460245698 1 58774 R 196.0 11 3 76 61
462440805 1 59055 R 191.0 11 1 289 62
463180843 1 59150 R 93.0 11 2 407 63
463361620 1 59173 R 245.0 11 3 513 64
464657310 1 59339 R 142.0 11 1 526 65
464869051 1 59366 R 40.0 11 2 548 66
469088930 1 59906 R 196.0 12 3 56 67
471252816 1 60183 R 191.0 12 1 265 68
472031881 1 60283 R 93.0 12 2 388 69
472161845 1 60300 R 245.0 12 3 488 70
473477072 1 60468 R 142.0 12 1 503 71
473638060 1 60489 R 40.0 12 2 519 72
477857957 1 61029 R 245.0 13 3 66 73
480068747 1 61312 R 142.0 13 1 195 74
480793157 1 61404 R 40.0 13 2 283 75
480981719 1 61429 R 196.0 13 3 427 76
482253951 1 61591 R 191.0 13 1 521 77
482473595 1 61620 R 93.0 13 2 573 78
488919816 1 62445 R 142.0 14 1 176 79
489620790 1 62534 R 40.0 14 2 261 80
489789783 1 62556 R 196.0 14 3 402 81
491083505 1 62722 R 191.0 14 1 500 82
491846944 1 62819 R 93.0 14 2 620 83
491984720 1 62837 R 245.0 14 3 721 84
497727950 1 63572 R 191.0 15 1 198 85
498436670 1 63663 R 93.0 15 2 311 86
498633035 1 63688 R 245.0 15 3 421 87
499876060 1 63847 R 142.0 15 1 426 88
500647249 1 63946 R 40.0 15 2 520 89
500812371 1 63967 R 196.0 15 3 660 90
506532184 1 64699 R 142.0 16 1 126 91
507217433 1 64787 R 40.0 16 2 209 92
507456806 1 64817 R 196.0 16 3 360 93
508695807 1 64976 R 191.0 16 1 450 94
509443622 1 65072 R 93.0 16 2 568 95
509651711 1 65098 R 245.0 16 3 678 96
515324665 1 65824 R 142.0 17 1 100 97
516080226 1 65921 R 40.0 17 2 191 98
516221910 1 65939 R 196.0 17 3 329 99
517519778 1 66105 R 191.0 17 1 427 100
518275438 1 66202 R 93.0 17 2 546 101
518448327 1 66224 R 245.0 17 3 652 102
524152469 1 66954 R 191.0 18 1 124 103
524884688 1 67048 R 93.0 18 2 241 104
525038024 1 67068 R 245.0 18 3 345 105
526331765 1 67233 R 142.0 18 1 356 106
527064003 1 67327 R 40.0 18 2 445 107
527248607 1 67351 R 196.0 18 3 589 108
532960340 1 68082 R 142.0 19 1 53 109
533700556 1 68177 R 40.0 19 2 143 110
533881296 1 68200 R 196.0 19 3 286 111
535155489 1 68363 R 191.0 19 1 381 112
535895555 1 68458 R 93.0 19 2 499 113
536044988 1 68477 R 245.0 19 3 601 114
541772355 1 69210 R 142.0 20 1 29 115
541925886 1 69229 R 196.0 20 3 164 116
543936252 1 69487 R 191.0 20 1 353 117
544715413 1 69586 R 93.0 20 2 475 118
544876527 1 69607 R 245.0 20 3 578 119
546169244 1 69773 R 40.0 20 2 587 120
550572708 1 70336 R 191.0 21 1 50 121
550753167 1 70359 R 93.0 21 2 96 122
552770818 1 70618 R 245.0 21 3 439 123
554986252 1 70901 R 142.0 21 1 568 124
555710562 1 70994 R 40.0 21 2 655 125
555867874 1 71014 R 196.0 21 3 796 126
559400322 1 71466 R 196.0 22 3 95 127
561564216 1 71743 R 191.0 22 1 305 128
562327617 1 71841 R 93.0 22 2 426 129
562496712 1 71862 R 245.0 22 3 530 130
563772807 1 72026 R 142.0 22 1 541 131
563972894 1 72051 R 40.0 22 2 562 132
568184956 1 72591 R 196.0 23 3 69 133
570380195 1 72872 R 191.0 23 1 282 134
571151381 1 72970 R 93.0 23 2 403 135
571316503 1 72991 R 245.0 23 3 507 136
572627790 1 73159 R 142.0 23 1 522 137
572761463 1 73176 R 40.0 23 2 534 138
576973584 1 73716 R 245.0 24 3 81 139
579215621 1 74003 R 142.0 24 1 214 140
579963406 1 74098 R 40.0 24 2 304 141
580108961 1 74117 R 196.0 24 3 443 142
581392947 1 74281 R 191.0 24 1 539 143
581569534 1 74304 R 93.0 24 2 585 144
585828500 1 74849 R 245.0 25 3 60 145
588039291 1 75132 R 142.0 25 1 191 146
588732414 1 75221 R 40.0 25 2 275 147
588905347 1 75243 R 196.0 25 3 417 148
590193214 1 75408 R 191.0 25 1 514 149
590397174 1 75434 R 93.0 25 2 563 150
596835669 1 76258 R 191.0 26 1 212 151
597567856 1 76352 R 93.0 26 2 329 152
597752573 1 76375 R 245.0 26 3 436 153
599014999 1 76537 R 142.0 26 1 444 154
599747252 1 76631 R 40.0 26 2 533 155
599963091 1 76658 R 196.0 26 3 679 156
605612565 1 77381 R 142.0 27 1 136 157
606352595 1 77476 R 40.0 27 2 226 158
606564563 1 77503 R 196.0 27 3 373 159
607869998 1 77670 R 191.0 27 1 472 160
608547470 1 77757 R 93.0 27 2 582 161
608728246 1 77780 R 245.0 27 3 688 162
614455825 1 78513 R 142.0 28 1 116 163
615172351 1 78605 R 40.0 28 2 203 164
615396071 1 78634 R 196.0 28 3 352 165
616682011 1 78798 R 191.0 28 1 448 166
617398542 1 78890 R 93.0 28 2 562 167
617591103 1 78915 R 245.0 28 3 671 168
623232440 1 79637 R 142.0 29 1 88 169
624019557 1 79737 R 40.0 29 2 184 170
624208148 1 79762 R 196.0 29 3 328 171
625490088 1 79926 R 191.0 29 1 424 172
626214457 1 80018 R 93.0 29 2 539 173
626371859 1 80039 R 245.0 29 3 642 174
632083515 1 80770 R 142.0 30 1 69 175
632784687 1 80859 R 40.0 30 2 153 176
633016185 1 80889 R 196.0 30 3 303 177
634247474 1 81047 R 191.0 30 1 393 178
635010847 1 81144 R 93.0 30 2 513 179
635211125 1 81170 R 245.0 30 3 623 180
640899498 1 81898 R 142.0 31 1 45 181
641608498 1 81989 R 196.0 31 3 250 182
641773394 1 82010 R 40.0 31 2 152 183
643094593 1 82179 R 191.0 31 1 373 184
643803322 1 82270 R 93.0 31 2 487 185
643999697 1 82295 R 245.0 31 3 595 186
649696026 1 83024 R 196.0 32 3 134 187
649895983 1 83050 R 142.0 32 1 45 188
651922211 1 83309 R 191.0 32 1 351 189
652607524 1 83397 R 93.0 32 2 462 190
652815613 1 83423 R 245.0 32 3 571 191
654108267 1 83589 R 40.0 32 2 579 192
658488540 1 84149 R 196.0 33 3 108 193
660683449 1 84430 R 191.0 33 1 320 194
661439096 1 84527 R 93.0 33 2 440 195
661612067 1 84549 R 245.0 33 3 544 196
662915540 1 84716 R 142.0 33 1 559 197
663119493 1 84742 R 40.0 33 2 580 198
667315816 1 85279 R 93.0 34 2 40 199
667492653 1 85302 R 191.0 34 1 40 200
669549195 1 85565 R 245.0 34 3 409 201
671698256 1 85840 R 142.0 34 1 531 202
672430411 1 85934 R 40.0 34 2 620 203
672615064 1 85958 R 196.0 34 3 763 204
676124037 1 86407 R 196.0 35 3 61 205
678319186 1 86688 R 191.0 35 1 274 206
679059283 1 86783 R 93.0 35 2 391 207
679271180 1 86810 R 245.0 35 3 501 208
680535662 1 86971 R 142.0 35 1 511 209
680709313 1 86994 R 40.0 35 2 528 210
684959482 1 87538 R 245.0 36 3 79 211
687171277 1 87821 R 142.0 36 1 208 212
687864471 1 87910 R 40.0 36 2 292 213
688068588 1 87936 R 196.0 36 3 438 214
689347664 1 88099 R 191.0 36 1 533 215
689508620 1 88120 R 93.0 36 2 577 216
695939369 1 88943 R 191.0 37 1 225 217
696663709 1 89036 R 93.0 37 2 340 218
696852267 1 89060 R 245.0 37 3 448 219
698178238 1 89230 R 142.0 37 1 465 220
698910460 1 89323 R 40.0 37 2 554 221
699095142 1 89347 R 196.0 37 3 695 222
704744518 1 90070 R 142.0 38 1 153 223
705484517 1 90165 R 40.0 38 2 243 224
705665330 1 90188 R 196.0 38 3 386 225
706993201 1 90358 R 191.0 38 1 488 226
707694104 1 90448 R 93.0 38 2 601 227
707863139 1 90469 R 245.0 38 3 705 228
713556598 1 91198 R 142.0 39 1 129 229
714335594 1 91298 R 40.0 39 2 224 230
714465626 1 91315 R 196.0 39 3 361 231
715746623 1 91478 R 191.0 39 1 456 232
716517905 1 91577 R 93.0 39 2 577 233
716682992 1 91598 R 245.0 39 3 681 234
722364668 1 92326 R 142.0 40 1 105 235
723089045 1 92418 R 40.0 40 2 192 236
723308853 1 92446 R 196.0 40 3 340 237
724605509 1 92612 R 191.0 40 1 438 238
725290822 1 92700 R 93.0 40 2 549 239
725530124 1 92731 R 245.0 40 3 664 240
731184316 1 93455 R 142.0 41 1 82 241
731947932 1 93552 R 40.0 41 2 174 242
732085676 1 93570 R 196.0 41 3 312 243
733397952 1 93738 R 191.0 41 1 412 244
734153614 1 93835 R 93.0 41 2 532 245
734295262 1 93853 R 245.0 41 3 633 246
740031422 1 94587 R 142.0 42 1 62 247
740740378 1 94678 R 40.0 42 2 148 248
740936753 1 94703 R 196.0 42 3 293 249
742202152 1 94865 R 191.0 42 1 387 250
742934437 1 94959 R 93.0 42 2 504 251
743119029 1 94982 R 245.0 42 3 610 252
748790729 1 95708 R 191.0 43 1 78 253
751022846 1 95994 R 93.0 43 2 387 254
753251175 1 96279 R 142.0 43 1 602 255
753952046 1 96369 R 40.0 43 2 687 256
754121112 1 96390 R 196.0 43 3 934 257
755442442 1 96560 R 245.0 43 3 1036 258
757599043 1 96836 R 196.0 44 3 122 259
757818500 1 96864 R 142.0 44 1 35 260
759845772 1 97123 R 191.0 44 1 341 261
760562271 1 97215 R 93.0 44 2 456 262
760754830 1 97240 R 245.0 44 3 564 263
762022970 1 97402 R 40.0 44 2 568 264
766457963 1 97970 R 196.0 45 3 103 265
768619698 1 98246 R 191.0 45 1 312 266
769351820 1 98340 R 93.0 45 2 429 267
769536538 1 98364 R 245.0 45 3 535 268
770814623 1 98527 R 142.0 45 1 546 269
771053707 1 98558 R 40.0 45 2 572 270
775250175 1 99095 R 196.0 46 3 77 271
777451176 1 99377 R 191.0 46 1 291 272
778191177 1 99471 R 93.0 46 2 408 273
778372019 1 99495 R 245.0 46 3 516 274
779677383 1 99662 R 142.0 46 1 529 275
779818840 1 99680 R 40.0 46 2 541 276
784060426 1 100223 R 245.0 47 3 92 277
786257542 1 100504 R 142.0 47 1 219 278
786989767 1 100598 R 40.0 47 2 308 279
787174417 1 100621 R 196.0 47 3 449 280
788448613 1 100784 R 191.0 47 1 546 281
788640814 1 100809 R 93.0 47 2 593 282
792868569 1 101350 R 245.0 48 3 66 283
795089122 1 101634 R 142.0 48 1 197 284
795829122 1 101729 R 40.0 48 2 287 285
796009900 1 101752 R 196.0 48 3 428 286
797264497 1 101913 R 191.0 48 1 523 287
797484080 1 101941 R 93.0 48 2 574 288
803901127 1 102762 R 142.0 49 1 173 289
804617656 1 102854 R 40.0 49 2 260 290
804810187 1 102879 R 196.0 49 3 403 291
806094077 1 103043 R 191.0 49 1 501 292
806811621 1 103135 R 93.0 49 2 616 293
806992364 1 103158 R 245.0 49 3 722 294
812709202 1 103890 R 142.0 50 1 149 295
812858474 1 103909 R 40.0 50 2 163 296
814883600 1 104168 R 191.0 50 1 474 297
815662665 1 104268 R 93.0 50 2 596 298
815792627 1 104284 R 245.0 50 3 696 299
817078586 1 104449 R 196.0 50 3 822 300
