using saved target 'z1'
../../../../contiki/tools/sky/serialdump-linux -b115200 /dev/ttyUSB1
connecting to /dev/ttyUSB1 (115200) [OK]
Rime started with address 2.0
MAC 02:00:00:00:00:00:00:00 Ref ID: 4841
Contiki-3.x-2125-g5d67a61 started. Node id is set to 2.

************************************************
RTIMER_SECOND = 32768. F_CPU=8000000.
CLOCK_SECOND=128.
DURSLOT = 6015.(0.1835 s).
DURSLEEP = 66165.
DURCYCLE = 72180 .(2.2027 s).
MAX_CLOCK_DRIFT = WAKEUP_ADVANCE_TIME = 327 (0.0033 s).
PERIODIC_BCAST_CYCLES_SENSOR = 917507.
PERIODIC_BCAST_CYCLES_SINK = 917507.
MAX_CYCLE_COUNTER = 27904.
MAX_COUNT_NO_RTS_CTS = 65535.
MAX_CHILD_NUM = 10.
MAX_TRY_TO_FIND_PARENT = 3.

**********Below is Related Settings**********
PRIMAC_CONF_COMPOWER = 1.
PRIMAC_CONF_COMPOWER_SUPPORT = 1.
SF = 10.
PRI_SYNC_SUPPORT = 1.
RANDOM_DRIFT_IN_COOJA_SUPPORT = 0.
ADCSC_SUPPORT = 0.
DATA_TX_SUPPORT = 1.
CYCLES_PER_PACKET = 4.
DATA_INTERVAL = 1.
RETX_LIMIT = 6.
TOTAL_DATA_NUM = 50.
MAX_DATA_QUEUE_BUFS = 10.
PROC_GRADE_BASED_ON_ADDR_SUPPORT = 1.
NODES_NUM_PER_GRADE = 2.
ADDRESS_FREE_SUPPORT = 0.
IS_COOJA_SIM = 0.
CROSS_PLATFORM_SUPPORT = 1.
************************************************

My address is 2.0.
nullmac PRIMAC, channel check rate 8 Hz, radio channel 26
Starting
Hello, world
 P 0 0 0 1153650
 P 0 0 3390 1225830
 P 0 0 6780 1298010
 P 0 0 10231 1371027
 P 0 0 13621 1442370
 P 0 0 17011 1514550
 P 0 0 20401 1586730
 P 0 0 23791 1658910
EMPTY QUEUE
 P 359 0 27189 1733707
PT [1 0 1 -3 1]
 P 359 0 30579 1803270
PT [1 0 2 -3 1]
 P 359 0 33969 1875450
PT [1 0 3 -3 1]
 P 359 0 37359 1947630
PT [1 0 4 -3 1]
 P 359 0 40749 2019810
PT [1 0 5 -3 1]
EMPTY QUEUE
 P 685 0 44148 2092814
PT [1 0 6 -3 1]
 P 685 0 47538 2164170
PT [1 0 7 -3 1]
 P 3012 0 48601 2236350
PT [1 0 8 -3 1]
 P 3836 0 51167 2308530
PT [1 0 9 -3 1]
 P 3836 0 54557 2380710
PT [1 0 10 -3 1]
EMPTY QUEUE
 P 4163 0 57956 2454387
PT [1 0 11 -3 2]
 P 4163 0 61346 2525070
PT [1 0 12 -3 2]
rcv bro rts
 P 6495 0 61387 2597250
PT [1 0 13 -3 2]
 P 8540 0 61391 2669430
PT [1 0 14 -3 2]
 P 8540 0 64781 2741610
PT [1 0 15 -3 2]
EMPTY QUEUE
 P 8867 0 68179 2815734
PT [1 0 16 -4 2]
 P 8867 0 71569 2885970
PT [1 0 17 -4 2]
 P 10209 0 71578 2958150
PT [1 0 18 -4 2]
 P 11647 0 71581 3030330
PT [1 0 19 -4 2]
 P 11647 0 74971 3102510
PT [1 0 20 -4 2]
EMPTY QUEUE
 P 11974 0 78370 3176571
PT [1 0 21 -4 2]
 P 11974 0 81760 3246870
PT [1 0 22 -4 2]
 P 11974 0 85150 3319050
PT [1 0 23 -4 2]
 P 13965 0 85159 3391230
PT [1 0 24 -4 2]
 P 15596 0 85162 3463410
PT [1 0 25 -4 2]
EMPTY QUEUE
 P 18226 0 85179 3536767
PT [1 0 26 -5 2]
 P 18226 0 88569 3607770
PT [1 0 27 -5 2]
 P 18226 0 91959 3679950
PT [1 0 28 -5 2]
 P 18226 0 95349 3752130
PT [1 0 29 -5 2]
 P 20306 0 95352 3824310
PT [1 0 30 -5 2]
EMPTY QUEUE
 P 23126 0 95369 3897602
PT [1 0 31 -5 2]
 P 23126 0 98759 3968670
PT [1 0 32 -5 2]
 P 23126 0 102149 4040850
PT [1 0 33 -5 2]
 P 23126 0 105539 4113030
PT [1 0 34 -5 2]
 P 25143 0 105542 4185210
PT [1 0 35 -5 2]
EMPTY QUEUE
 P 27644 0 105558 4259974
PT [1 0 36 -5 2]
 P 27644 0 108948 4329570
PT [1 0 37 -5 2]
 P 27644 0 112338 4401750
PT [1 0 38 -5 2]
 P 27644 0 115728 4473930
PT [1 0 39 -5 2]
 P 29087 0 115731 4546110
PT [1 0 40 -5 2]
EMPTY QUEUE
 P 30755 0 115748 4619786
PT [1 0 41 -6 2]
 P 30755 0 119138 4690470
PT [1 0 42 -6 2]
 P 30755 0 122528 4762650
PT [1 0 43 -6 2]
 P 30755 0 125918 4834830
PT [1 0 44 -6 2]
 P 33158 0 125921 4907010
PT [1 0 45 -6 2]
EMPTY QUEUE
 P 35531 0 125937 4981135
PT [1 0 46 -6 2]
 P 35531 0 129327 5051370
PT [1 0 47 -6 2]
 P 35531 0 132717 5123550
PT [1 0 48 -6 2]
 P 35531 0 136107 5195730
PT [1 0 49 -6 2]
 P 36336 0 136110 5267910
PT [1 0 50 -6 2]
EMPTY QUEUE
 P 38639 0 136120 5341702
PT [1 0 51 -6 2]
EMPTY QUEUE
 P 38966 0 139519 5413542
PT [1 0 52 -7 2]
 P 38966 0 142909 5484450
PT [1 0 53 -7 2]
 P 38966 0 146299 5556630
PT [1 0 54 -7 2]
 P 41755 0 146302 5628810
PT [1 0 55 -7 2]
 P 43673 0 146310 5700990
PT [1 0 56 -7 2]
EMPTY QUEUE
 P 44001 0 149708 5774124
PT [1 0 57 -6 2]
 P 44001 0 153098 5845350
PT [1 0 58 -6 2]
 P 44001 0 156488 5917530
PT [1 0 59 -6 2]
 P 46214 0 156492 5989710
PT [1 0 60 -6 2]
 P 47300 0 156500 6061890
PT [1 0 61 -6 2]
EMPTY QUEUE
 P 47626 0 159899 6136238
PT [1 0 62 -8 2]
 P 47626 0 163289 6206250
PT [1 0 63 -8 2]
 P 47626 0 166679 6278430
PT [1 0 64 -8 2]
 P 48752 0 166682 6350610
PT [1 0 65 -8 2]
 P 50542 0 166690 6422790
PT [1 0 66 -8 2]
EMPTY QUEUE
 P 50869 0 170089 6495795
PT [1 0 67 -8 2]
 P 50869 0 173479 6567150
PT [1 0 68 -8 2]
 P 50869 0 176869 6639330
PT [1 0 69 -8 2]
 P 52444 0 176872 6711510
PT [1 0 70 -8 2]
 P 54426 0 176880 6783690
PT [1 0 71 -8 2]
EMPTY QUEUE
 P 54753 0 180279 6856886
PT [1 0 72 -9 2]
 P 54753 0 183669 6928050
PT [1 0 73 -9 2]
 P 54753 0 187059 7000230
PT [1 0 74 -9 2]
 P 56265 0 187062 7072410
PT [1 0 75 -9 2]
 P 57927 0 187070 7144590
PT [1 0 76 -9 2]
EMPTY QUEUE
 P 58254 0 190468 7217467
PT [1 0 77 -9 2]
 P 58254 0 193858 7288950
PT [1 0 78 -9 2]
 P 58254 0 197248 7361130
PT [1 0 79 -9 2]
 P 59191 0 197251 7433310
PT [1 0 80 -9 2]
 P 62069 0 197259 7505490
PT [1 0 81 -9 2]
EMPTY QUEUE
 P 62396 0 200658 7579582
PT [1 0 82 -10 2]
 P 62396 0 204048 7649850
PT [1 0 83 -10 2]
 P 62396 0 207438 7722030
PT [1 0 84 -10 2]
 P 64294 0 207441 7794210
PT [1 0 85 -10 2]
 P 65828 0 207449 7866390
PT [1 0 86 -10 2]
EMPTY QUEUE
 P 66155 0 210847 7941186
PT [1 0 87 -10 2]
 P 66155 0 214237 8010750
PT [1 0 88 -10 2]
 P 66155 0 217627 8082930
PT [1 0 89 -10 2]
 P 68502 0 217630 8155110
PT [1 0 90 -10 2]
 P 70228 0 217638 8227290
PT [1 0 91 -10 2]
EMPTY QUEUE
 P 70555 0 221036 8300230
PT [1 0 92 -11 2]
 P 70555 0 224426 8371650
PT [1 0 93 -11 2]
 P 70555 0 227816 8443830
PT [1 0 94 -11 2]
 P 72839 0 227819 8516010
PT [1 0 95 -11 2]
 P 74245 0 227828 8588190
PT [1 0 96 -11 2]
EMPTY QUEUE
 P 74572 0 231227 8662858
PT [1 0 97 -11 2]
 P 74572 0 234617 8732550
PT [1 0 98 -11 2]
 P 74572 0 238007 8804730
PT [1 0 99 -11 2]
 P 76281 0 238010 8876910
PT [1 0 100 -11 2]
 P 78903 0 238018 8949090
PT [1 0 101 -11 2]
EMPTY QUEUE
 P 79230 0 241416 9022926
PT [1 0 102 -12 2]
 P 79230 0 244806 9093450
PT [1 0 103 -12 2]
 P 79230 0 248196 9165630
PT [1 0 104 -12 2]
 P 81899 0 248200 9237810
PT [1 0 105 -12 2]
 P 83178 0 248208 9309990
PT [1 0 106 -12 2]
EMPTY QUEUE
 P 83504 0 251607 9384530
PT [1 0 107 -12 2]
 P 83504 0 254997 9454350
PT [1 0 108 -12 2]
 P 83504 0 258387 9526530
PT [1 0 109 -12 2]
 P 84574 0 258390 9598710
PT [1 0 110 -12 2]
 P 86044 0 258398 9670890
PT [1 0 111 -12 2]
EMPTY QUEUE
 P 86371 0 261796 9745623
PT [1 0 112 -12 2]
 P 86371 0 265186 9815250
PT [1 0 113 -12 2]
 P 86371 0 268576 9887430
PT [1 0 114 -12 2]
 P 87378 0 268579 9959610
PT [1 0 115 -12 2]
 P 88529 0 268587 10031790
PT [1 0 116 -12 2]
EMPTY QUEUE
 P 88855 0 271986 10106202
PT [1 0 117 -13 2]
 P 88855 0 275376 10176150
PT [1 0 118 -13 2]
 P 88855 0 278766 10248330
PT [1 0 119 -13 2]
 P 91335 0 278769 10320510
PT [1 0 120 -13 2]
 P 93701 0 278777 10392690
PT [1 0 121 -13 2]
EMPTY QUEUE
 P 94028 0 282175 10466271
PT [1 0 122 -13 2]
 P 94028 0 285565 10537050
PT [1 0 123 -13 2]
 P 94028 0 288955 10609230
PT [1 0 124 -13 2]
 P 95421 0 288958 10681410
PT [1 0 125 -13 2]
 P 96443 0 288966 10753590
PT [1 0 126 -13 2]
EMPTY QUEUE
 P 96769 0 292365 10827874
PT [1 0 127 -14 2]
 P 96769 0 295755 10897950
PT [1 0 128 -14 2]
 P 96769 0 299145 10970130
PT [1 0 129 -14 2]
 P 98611 0 299148 11042310
PT [1 0 130 -14 2]
 P 100561 0 299156 11114490
PT [1 0 131 -14 2]
EMPTY QUEUE
 P 100888 0 302554 11188967
PT [1 0 132 -14 2]
 P 100888 0 305944 11258850
PT [1 0 133 -14 2]
 P 100888 0 309334 11331030
PT [1 0 134 -14 2]
 P 102667 0 309337 11403210
PT [1 0 135 -14 2]
 P 105065 0 309346 11475390
PT [1 0 136 -14 2]
EMPTY QUEUE
 P 105392 0 312745 11549547
PT [1 0 137 -15 2]
 P 105392 0 316135 11619750
PT [1 0 138 -15 2]
 P 105392 0 319525 11691930
PT [1 0 139 -15 2]
 P 106596 0 319528 11764110
PT [1 0 140 -15 2]
 P 108873 72 319548 11837676
PT [1 0 141 -15 2]
 P 110365 72 319551 11908470
PT [1 0 142 -15 2]
 P 112529 72 319556 11980650
PT [1 0 143 -15 2]
 P 114805 415 319574 12054920
PT [1 0 144 -15 2]
 P 117418 415 319577 12125010
PT [1 0 145 -15 2]
 P 118783 415 319580 12197190
PT [1 0 146 -15 2]
 P 121413 487 319599 12271653
PT [1 0 147 -15 2]
 P 123066 487 319602 12341550
PT [1 0 148 -15 2]
 P 125342 559 319621 12415692
PT [1 0 149 -16 2]
 P 127443 559 319625 12485910
PT [1 0 150 -16 2]
 P 128297 559 319628 12558090
PT [1 0 151 -16 2]
 P 130335 559 319631 12630270
PT [1 0 152 -16 2]
 P 132405 559 319634 12702450
PT [1 0 153 -16 2]
 P 134682 631 319652 12775760
PT [1 0 154 -16 2]
 P 137456 631 319655 12846810
PT [1 0 155 -16 2]
 P 140289 631 319661 12918990
PT [1 0 156 -16 2]
 P 141208 631 319664 12991170
PT [1 0 157 -16 2]
 P 142032 631 319667 13063350
PT [1 0 158 -16 2]
 P 144660 703 319686 13137364
PT [1 0 159 -17 2]
 P 147481 775 319705 13209736
PT [1 0 160 -17 2]
 P 149981 847 319724 13281596
PT [1 0 161 -17 2]
 P 151637 847 319727 13352070
PT [1 0 162 -17 2]
 P 153305 919 319746 13427172
PT [1 0 163 -17 2]
 P 155409 919 319749 13496430
PT [1 0 164 -17 2]
 P 158038 991 319767 13570188
PT [1 0 165 -17 2]
 P 160542 1262 319777 13641995
PT [1 0 166 -17 2]
 P 162582 1262 319781 13712970
PT [1 0 167 -17 2]
 P 165027 1334 319800 13786664
PT [1 0 168 -18 2]
 P 166493 1334 319803 13857330
PT [1 0 169 -18 2]
 P 168770 1677 319822 13930704
PT [1 0 170 -18 2]
 P 171195 1677 319825 14001690
PT [1 0 171 -18 2]
 P 173919 2020 319844 14076280
PT [1 0 172 -18 2]
 P 174745 2020 319847 14146050
PT [1 0 173 -18 2]
 P 177406 2092 319866 14219744
PT [1 0 174 -18 2]
 P 180217 2092 319869 14290410
PT [1 0 175 -18 2]
 P 182493 2436 319887 14363784
PT [1 0 176 -18 2]
 P 184727 2436 319890 14434770
PT [1 0 177 -18 2]
 P 187452 2779 319908 14509360
PT [1 0 178 -19 2]
 P 188599 2779 319911 14579130
PT [1 0 179 -19 2]
 P 191257 3122 319931 14652376
PT [1 0 180 -19 2]
 P 192852 3122 319935 14723490
PT [1 0 181 -19 2]
 P 194935 3465 319954 14796928
PT [1 0 182 -19 2]
 P 196466 3465 319957 14867850
PT [1 0 183 -19 2]
 P 199509 3808 319977 14940968
PT [1 0 184 -19 2]
 P 200465 3808 319980 15012210
PT [1 0 185 -19 2]
 P 201593 4079 319990 15085979
PT [1 0 186 -19 2]
 P 203509 4079 319993 15156570
PT [1 0 187 -19 2]
 P 204888 4422 320012 15230168
PT [1 0 188 -19 2]
 P 207252 4422 320016 15300930
PT [1 0 189 -19 2]
 P 210103 4765 320035 15374464
PT [1 0 190 -20 2]
 P 212404 4765 320038 15445290
PT [1 0 191 -20 2]
 P 214167 5108 320058 15520296
PT [1 0 192 -20 2]
 P 215892 5108 320061 15589650
PT [1 0 193 -20 2]
 P 218102 5451 320081 15663568
PT [1 0 194 -20 2]
 P 220787 5451 320085 15734010
PT [1 0 195 -20 2]
 P 222934 5794 320105 15808376
PT [1 0 196 -20 2]
 P 224020 5794 320108 15878370
PT [1 0 197 -20 2]
 P 225593 6137 320127 15952674
PT [1 0 198 -19 2]
 P 226615 6137 320130 16022730
PT [1 0 199 -19 2]
 P 229146 6480 320149 16096456
PT [1 0 200 -21 2]
 P 231641 6480 320152 16167090
PT [1 0 201 -21 2]
 P 234619 6823 320172 16241776
PT [1 0 202 -21 2]
 P 234803 6823 323567 16312065
PT [1 0 203 -21 2]
 P 237719 7166 323587 16385049
PT [1 0 204 -21 2]
 P 238902 7166 323590 16455810
PT [1 0 205 -21 2]
 P 239765 7166 323594 16527990
PT [1 0 206 -21 2]
 P 241813 7166 323597 16600170
PT [1 0 207 -21 2]
 P 243893 7166 323600 16672350
PT [1 0 208 -21 2]
 P 246169 7509 323620 16745884
PT [1 0 209 -21 2]
 P 248893 7851 323640 16819537
PT [1 0 210 -22 2]
 P 251677 7851 323643 16888890
PT [1 0 211 -22 2]
 P 254176 8193 323664 16962808
PT [1 0 212 -22 2]
 P 255841 8193 323667 17033250
PT [1 0 213 -22 2]
 P 257026 8193 323670 17105430
PT [1 0 214 -22 2]
 P 259302 8535 323691 17179796
PT [1 0 215 -22 2]
 P 260167 8535 323694 17249790
PT [1 0 216 -22 2]
 P 262216 8535 323697 17321970
PT [1 0 217 -22 2]
 P 264298 8535 323700 17394150
PT [1 0 218 -22 2]
 P 265772 8535 323703 17466330
PT [1 0 219 -22 2]
 P 268049 8877 323723 17540634
PT [1 0 220 -22 2]
 P 269235 8877 323726 17610690
PT [1 0 221 -22 2]
 P 271349 8877 323729 17682870
PT [1 0 222 -22 2]
 P 273975 9219 323750 17756596
PT [1 0 223 -23 2]
 P 275989 9491 323762 17829226
PT [1 0 224 -23 2]
 P 278713 9563 323782 17900829
PT [1 0 225 -22 2]
 P 279039 9635 327183 17972784
PT [1 0 226 -23 2]
 P 281090 9635 327186 18043770
PT [1 0 227 -23 2]
 P 283716 9977 327207 18118360
PT [1 0 228 -23 2]
 P 285990 10319 327227 18189196
PT [1 0 229 -23 2]
 P 286318 10391 330628 18262050
PT [1 0 230 -22 2]
 P 286383 10507 334020 18333355
PT [1 0 231 -22 2]
 P 287859 10507 334023 18404670
PT [1 0 232 -22 2]
 P 288187 10579 337423 18478365
PT [1 0 233 -22 2]
 P 290910 10651 337443 18550224
PT [1 0 234 -24 2]
 P 290975 10651 343405 18624625
PT [1 0 235 -24 2]
 P 291301 10723 346806 18694904
PT [1 0 236 -24 2]
 P 293738 10723 346809 18765570
PT [1 0 237 -24 2]
 P 294064 10795 350210 18839168
PT [1 0 238 -24 2]
 P 296723 10867 350229 18911284
PT [1 0 239 -24 2]
 P 296788 10867 356191 18986581
PT [1 0 240 -24 2]
 P 297115 10939 359591 19055804
PT [1 0 241 -24 2]
 P 297953 10939 359594 19126470
PT [1 0 242 -24 2]
 P 298280 11011 362994 19200068
PT [1 0 243 -25 2]
 P 300037 11011 363003 19270830
PT [1 0 244 -25 2]
 P 300037 11011 366393 19343010
PT [1 0 245 -25 2]
 P 300037 11011 369783 19415190
PT [1 0 246 -25 2]
 P 302860 11011 369786 19487370
PT [1 0 247 -25 2]
EMPTY QUEUE
 P 303186 11011 373185 19560662
PT [1 0 248 -25 2]
 P 305903 11011 373193 19631730
PT [1 0 249 -25 2]
 P 305903 11011 376583 19703910
PT [1 0 250 -25 2]
 P 305903 11011 379973 19776090
PT [1 0 251 -25 2]
 P 308151 11011 379976 19848270
PT [1 0 252 -25 2]
EMPTY QUEUE
 P 308479 11011 383374 19923036
PT [1 0 253 -25 2]
 P 309596 11011 383382 19992630
PT [1 0 254 -25 2]
 P 309596 11011 386772 20064810
PT [1 0 255 -25 2]
 P 309596 11011 390162 20136990
PT [1 0 256 -25 2]
 P 310756 11011 390166 20209170
PT [1 0 257 -25 2]
EMPTY QUEUE
 P 311082 11011 393565 20282846
PT [1 0 258 -26 2]
 P 312135 11011 393573 20353530
PT [1 0 259 -26 2]
 P 312135 11011 396963 20425710
PT [1 0 260 -26 2]
 P 312135 11011 400353 20497890
PT [1 0 261 -26 2]
 P 313744 11011 400356 20570070
PT [1 0 262 -26 2]
EMPTY QUEUE
 P 314072 11011 403754 20644196
PT [1 0 263 -26 2]
 P 316597 11011 403762 20714430
PT [1 0 264 -26 2]
 P 316597 11011 407152 20786610
PT [1 0 265 -26 2]
 P 316597 11011 410542 20858790
PT [1 0 266 -26 2]
 P 318143 11011 410545 20930970
PT [1 0 267 -26 2]
EMPTY QUEUE
 P 318469 11011 413944 21005030
PT [1 0 268 -27 2]
 P 319906 11011 413954 21075330
PT [1 0 269 -27 2]
 P 319906 11011 417344 21147510
PT [1 0 270 -27 2]
 P 319906 11011 420734 21219690
PT [1 0 271 -27 2]
 P 320767 11011 420737 21291870
PT [1 0 272 -27 2]
EMPTY QUEUE
 P 321095 11011 424135 21365356
PT [1 0 273 -27 2]
 P 322980 11011 424143 21436230
PT [1 0 274 -27 2]
 P 322980 11011 427533 21508410
PT [1 0 275 -27 2]
 P 322980 11011 430923 21580590
PT [1 0 276 -27 2]
 P 324802 11011 430926 21652770
PT [1 0 277 -27 2]
EMPTY QUEUE
 P 325129 11011 434325 21727214
PT [1 0 278 -28 2]
 P 326951 11011 434333 21797130
PT [1 0 279 -28 2]
 P 326951 11011 437723 21869310
PT [1 0 280 -28 2]
 P 326951 11011 441113 21941490
PT [1 0 281 -28 2]
 P 329222 11011 441116 22013670
PT [1 0 282 -28 2]
EMPTY QUEUE
 P 329549 11011 444515 22086514
PT [1 0 283 -28 2]
 P 330794 11011 444523 22158030
PT [1 0 284 -28 2]
 P 330794 11011 447913 22230210
PT [1 0 285 -28 2]
 P 330794 11011 451303 22302390
PT [1 0 286 -28 2]
 P 333002 11011 451306 22374570
PT [1 0 287 -28 2]
EMPTY QUEUE
 P 333013 11011 454698 22449075
PT [1 0 288 -28 2]
EMPTY QUEUE
 P 335546 11011 454716 22520107
PT [1 0 289 -28 2]
 P 335546 11011 458106 22591110
PT [1 0 290 -28 2]
 P 335546 11011 461496 22663290
PT [1 0 291 -28 2]
 P 337179 11011 461499 22735470
PT [1 0 292 -28 2]
 P 337179 11011 464889 22807650
PT [1 0 293 -28 2]
EMPTY QUEUE
 P 340159 11011 464905 22880942
PT [1 0 294 -29 2]
 P 340159 11011 468295 22952010
PT [1 0 295 -29 2]
 P 340159 11011 471685 23024190
PT [1 0 296 -29 2]
 P 342753 11011 471688 23096370
PT [1 0 297 -29 2]
 P 342753 11011 475078 23168550
PT [1 0 298 -29 2]
EMPTY QUEUE
 P 345669 11011 475095 23243315
PT [1 0 299 -29 2]
 P 345669 11011 478485 23312910
PT [1 0 300 -29 2]
 P 345669 11011 481875 23385090
PT [1 0 301 -29 2]
 P 346663 11011 481879 23457270
PT [1 0 302 -29 2]
 P 346663 11011 485269 23529450
PT [1 0 303 -29 2]
EMPTY QUEUE
 P 349002 11011 485286 23603126
PT [1 0 304 -30 2]
 P 349002 11011 488676 23673810
PT [1 0 305 -30 2]
 P 349002 11011 492066 23745990
PT [1 0 306 -30 2]
 P 349933 11011 492070 23818170
PT [1 0 307 -30 2]
 P 349933 11011 495460 23890350
PT [1 0 308 -30 2]
EMPTY QUEUE
 P 351185 11011 495476 23964474
PT [1 0 309 -31 2]
 P 351185 11011 498866 24034710
PT [1 0 310 -31 2]
 P 351185 11011 502256 24106890
PT [1 0 311 -31 2]
 P 353590 11011 502260 24179070
PT [1 0 312 -31 2]
 P 353590 11011 505650 24251250
PT [1 0 313 -31 2]
EMPTY QUEUE
 P 355028 11011 505660 24324434
PT [1 0 314 -31 2]
EMPTY QUEUE
 P 357304 11011 505677 24396786
PT [1 0 315 -31 2]
 P 357304 11011 509067 24467790
PT [1 0 316 -31 2]
 P 358621 11011 509070 24539970
PT [1 0 317 -31 2]
 P 358621 11011 512460 24612150
PT [1 0 318 -31 2]
 P 358621 11011 515850 24684330
PT [1 0 319 -31 2]
EMPTY QUEUE
 P 361346 11011 515866 24757622
PT [1 0 320 -32 2]
 P 361346 11011 519256 24828690
PT [1 0 321 -32 2]
 P 363113 11011 519259 24900870
PT [1 0 322 -32 2]
 P 363113 11011 522649 24973050
PT [1 0 323 -32 2]
 P 363113 11011 526039 25045230
PT [1 0 324 -32 2]
EMPTY QUEUE
 P 365773 11011 526056 25119994
PT [1 0 325 -32 2]
 P 365773 11011 529446 25189590
PT [1 0 326 -32 2]
 P 367476 11011 529449 25261770
PT [1 0 327 -32 2]
 P 367476 11011 532839 25333950
PT [1 0 328 -32 2]
 P 367476 11011 536229 25406130
PT [1 0 329 -32 2]
EMPTY QUEUE
 P 369560 11011 536245 25479807
PT [1 0 330 -33 2]
 P 369560 11011 539635 25550490
PT [1 0 331 -33 2]
 P 370688 11011 539638 25622670
PT [1 0 332 -33 2]
 P 370688 11011 543028 25694850
PT [1 0 333 -33 2]
 P 370688 11011 546418 25767030
PT [1 0 334 -33 2]
EMPTY QUEUE
 P 373731 11011 546435 25841154
PT [1 0 335 -33 2]
 P 373731 11011 549825 25911390
PT [1 0 336 -33 2]
 P 375820 11011 549828 25983570
PT [1 0 337 -33 2]
 P 375820 11011 553218 26055750
PT [1 0 338 -33 2]
 P 375820 11011 556608 26127930
PT [1 0 339 -33 2]
EMPTY QUEUE
 P 377210 11011 556624 26201384
PT [1 0 340 -33 2]
 P 377210 11011 560014 26272290
PT [1 0 341 -33 2]
 P 379511 11011 560022 26344470
PT [1 0 342 -33 2]
 P 381089 11011 560025 26416650
PT [1 0 343 -33 2]
 P 381089 11011 563415 26488830
PT [1 0 344 -33 2]
EMPTY QUEUE
 P 381416 11011 566814 26561962
PT [1 0 345 -34 2]
 P 381416 11011 570204 26633190
PT [1 0 346 -34 2]
 P 383909 11011 570212 26705370
PT [1 0 347 -34 2]
 P 385936 11011 570215 26777550
PT [1 0 348 -34 2]
 P 385936 11011 573605 26849730
PT [1 0 349 -34 2]
EMPTY QUEUE
 P 386264 11011 577004 26924080
PT [1 0 350 -33 2]
 P 386264 11011 580394 26994090
PT [1 0 351 -33 2]
 P 388437 11011 580402 27066270
PT [1 0 352 -33 2]
 P 390401 11011 580405 27138450
PT [1 0 353 -33 2]
 P 390401 11011 583795 27210630
PT [1 0 354 -33 2]
EMPTY QUEUE
 P 390727 11011 587194 27283634
PT [1 0 355 -35 2]
 P 390727 11011 590584 27354990
PT [1 0 356 -35 2]
 P 392068 11011 590592 27427170
PT [1 0 357 -35 2]
 P 393456 11011 590596 27499350
PT [1 0 358 -35 2]
 P 393456 11011 593986 27571530
PT [1 0 359 -35 2]
EMPTY QUEUE
 P 393783 11011 597384 27644726
PT [1 0 360 -35 2]
 P 393783 11011 600774 27715890
PT [1 0 361 -35 2]
 P 395774 11011 600782 27788070
PT [1 0 362 -35 2]
 P 396875 11011 600785 27860250
PT [1 0 363 -35 2]
 P 399176 11011 600793 27932430
PT [1 0 364 -35 2]
EMPTY QUEUE
 P 399502 11011 604192 28005786
PT [1 0 365 -36 2]
 P 399502 11011 607582 28076790
PT [1 0 366 -36 2]
 P 399502 11011 610972 28148970
PT [1 0 367 -36 2]
 P 400285 11011 610976 28221150
PT [1 0 368 -36 2]
 P 402778 11011 610984 28293330
PT [1 0 369 -36 2]
EMPTY QUEUE
 P 403104 11011 614384 28366623
PT [1 0 370 -36 2]
 P 403104 11011 617774 28437690
PT [1 0 371 -36 2]
 P 403104 11011 621164 28509870
PT [1 0 372 -36 2]
 P 405103 11011 621167 28582050
PT [1 0 373 -36 2]
 P 407276 11011 621175 28654230
PT [1 0 374 -36 2]
EMPTY QUEUE
 P 407604 11011 624573 28728994
PT [1 0 375 -37 2]
 P 407604 11011 627963 28798590
PT [1 0 376 -37 2]
 P 407604 11011 631353 28870770
PT [1 0 377 -37 2]
 P 410308 11011 631356 28942950
PT [1 0 378 -37 2]
 P 411649 11011 631364 29015130
PT [1 0 379 -37 2]
EMPTY QUEUE
 P 411976 11011 634763 29088807
PT [1 0 380 -37 2]
 P 411976 11011 638153 29159490
PT [1 0 381 -37 2]
 P 411976 11011 641543 29231670
PT [1 0 382 -37 2]
 P 412825 11011 641546 29303850
PT [1 0 383 -37 2]
 P 414870 11011 641554 29376030
PT [1 0 384 -37 2]
EMPTY QUEUE
 P 415198 11011 644952 29450155
PT [1 0 385 -38 2]
 P 415198 11011 648342 29520390
PT [1 0 386 -38 2]
 P 415198 11011 651732 29592570
PT [1 0 387 -38 2]
 P 417776 11011 651735 29664750
PT [1 0 388 -38 2]
 P 420013 11011 651743 29736930
PT [1 0 389 -38 2]
EMPTY QUEUE
 P 420340 11011 655142 29810991
PT [1 0 390 -37 2]
 P 420340 11011 658532 29881290
PT [1 0 391 -37 2]
 P 420340 11011 661922 29953470
PT [1 0 392 -37 2]
 P 422087 11011 661925 30025650
PT [1 0 393 -37 2]
 P 424005 11011 661933 30097830
PT [1 0 394 -37 2]
EMPTY QUEUE
 P 424333 11011 665331 30171315
PT [1 0 395 -38 2]
 P 424333 11011 668721 30242190
PT [1 0 396 -38 2]
 P 424333 11011 672111 30314370
PT [1 0 397 -38 2]
 P 426785 11011 672114 30386550
PT [1 0 398 -38 2]
 P 427869 11011 672123 30458730
PT [1 0 399 -38 2]
EMPTY QUEUE
 P 428195 11011 675522 30533174
PT [1 0 400 -39 2]
 P 428195 11011 678912 30603090
PT [1 0 401 -39 2]
 P 428195 11011 682302 30675270
PT [1 0 402 -39 2]
 P 430840 11011 682305 30747450
PT [1 0 403 -39 2]
 P 432630 11011 682313 30819630
PT [1 0 404 -39 2]
EMPTY QUEUE
 P 432957 11011 685711 30892475
PT [1 0 405 -39 2]
 P 432957 11011 689101 30963990
PT [1 0 406 -39 2]
 P 432957 11011 692491 31036170
PT [1 0 407 -39 2]
 P 435282 11011 692494 31108350
PT [1 0 408 -39 2]
 P 437262 11011 692503 31180530
PT [1 0 409 -39 2]
EMPTY QUEUE
 P 437588 11011 695902 31255358
PT [1 0 410 -40 2]
 P 437588 11011 699292 31324890
PT [1 0 411 -40 2]
 P 437588 11011 702682 31397070
PT [1 0 412 -40 2]
 P 439082 11011 702685 31469250
PT [1 0 413 -40 2]
 P 440742 11011 702694 31541430
PT [1 0 414 -40 2]
EMPTY QUEUE
 P 441069 11011 706092 31615682
PT [1 0 415 -40 2]
 P 441069 11011 709482 31685790
PT [1 0 416 -40 2]
 P 441069 11011 712872 31757970
PT [1 0 417 -40 2]
 P 443268 11011 712875 31830150
PT [1 0 418 -40 2]
 P 446144 11011 712884 31902330
PT [1 0 419 -40 2]
EMPTY QUEUE
 P 446470 11011 716283 31975494
PT [1 0 420 -41 2]
 P 446470 11011 719673 32046690
PT [1 0 421 -41 2]
 P 446470 11011 723063 32118870
PT [1 0 422 -41 2]
 P 448862 11011 723066 32191050
PT [1 0 423 -41 2]
 P 450394 11011 723075 32263230
PT [1 0 424 -41 2]
EMPTY QUEUE
 P 450720 11011 726474 32336842
PT [1 0 425 -41 2]
 P 450720 11011 729864 32407590
PT [1 0 426 -41 2]
 P 450720 11011 733254 32479770
PT [1 0 427 -41 2]
 P 452793 11011 733257 32551950
PT [1 0 428 -41 2]
 P 454462 11011 733266 32624130
PT [1 0 429 -41 2]
EMPTY QUEUE
 P 456737 11011 733283 32697486
PT [1 0 430 -42 2]
 P 456737 11011 736673 32768490
PT [1 0 431 -42 2]
 P 456737 11011 740063 32840670
PT [1 0 432 -42 2]
 P 457979 11011 740066 32912850
PT [1 0 433 -42 2]
 P 457979 11011 743456 32985030
PT [1 0 434 -42 2]
EMPTY QUEUE
 P 460702 11011 743474 33058322
PT [1 0 435 -42 2]
 P 460702 11011 746864 33129390
PT [1 0 436 -42 2]
 P 460702 11011 750254 33201570
PT [1 0 437 -42 2]
 P 462649 11011 750257 33273750
PT [1 0 438 -42 2]
 P 462649 11011 753647 33345930
PT [1 0 439 -42 2]
EMPTY QUEUE
 P 465308 11011 753664 33420694
PT [1 0 440 -43 2]
 P 465308 11011 757054 33490290
PT [1 0 441 -43 2]
 P 465308 11011 760444 33562470
PT [1 0 442 -43 2]
 P 467448 11011 760447 33634650
PT [1 0 443 -43 2]
 P 467448 11011 763837 33706830
PT [1 0 444 -43 2]
EMPTY QUEUE
 P 469530 11011 763856 33780507
PT [1 0 445 -43 2]
 P 469530 11011 767246 33851190
PT [1 0 446 -43 2]
 P 469530 11011 770636 33923370
PT [1 0 447 -43 2]
 P 471351 11011 770639 33995550
PT [1 0 448 -43 2]
 P 472948 11011 770642 34067730
PT [1 0 449 -43 2]
EMPTY QUEUE
 P 475991 11011 770659 34141855
PT [1 0 450 -43 2]
 P 475991 11011 774049 34212090
PT [1 0 451 -43 2]
 P 475991 11011 777439 34284270
PT [1 0 452 -43 2]
 P 475991 11011 780829 34356450
PT [1 0 453 -43 2]
 P 478037 11011 780832 34428630
PT [1 0 454 -43 2]
EMPTY QUEUE
 P 479480 11011 780851 34502691
PT [1 0 455 -44 2]
 P 479480 11011 784241 34572990
PT [1 0 456 -44 2]
 P 479480 11011 787631 34645170
PT [1 0 457 -44 2]
 P 479480 11011 791021 34717350
PT [1 0 458 -44 2]
 P 481463 11011 791024 34789530
PT [1 0 459 -44 2]
EMPTY QUEUE
 P 482843 11011 791040 34863015
PT [1 0 460 -44 2]
 P 482843 11011 794430 34933890
PT [1 0 461 -44 2]
 P 482843 11011 797820 35006070
PT [1 0 462 -44 2]
 P 482843 11011 801210 35078250
PT [1 0 463 -44 2]
 P 484250 11011 801215 35150430
PT [1 0 464 -44 2]
EMPTY QUEUE
 P 487103 11011 801232 35224875
PT [1 0 465 -44 2]
 P 487103 11011 804622 35294790
PT [1 0 466 -44 2]
 P 487103 11011 808012 35366970
PT [1 0 467 -44 2]
 P 487103 11011 811402 35439150
PT [1 0 468 -44 2]
 P 489471 11011 811405 35511330
PT [1 0 469 -44 2]
EMPTY QUEUE
 P 491235 11011 811421 35584175
PT [1 0 470 -45 2]
 P 491235 11011 814811 35655690
PT [1 0 471 -45 2]
 P 491235 11011 818201 35727870
PT [1 0 472 -45 2]
 P 491235 11011 821591 35800050
PT [1 0 473 -45 2]
 P 492005 11011 821594 35872230
PT [1 0 474 -45 2]
EMPTY QUEUE
 P 494217 11011 821611 35947059
PT [1 0 475 -45 2]
 P 494217 11011 825001 36016590
PT [1 0 476 -45 2]
 P 494217 11011 828391 36088770
PT [1 0 477 -45 2]
 P 494217 11011 831781 36160950
PT [1 0 478 -45 2]
 P 496971 11011 831784 36233130
PT [1 0 479 -45 2]
EMPTY QUEUE
 P 499117 11011 831801 36307382
PT [1 0 480 -46 2]
 P 499117 11011 835191 36377490
PT [1 0 481 -46 2]
 P 499117 11011 838581 36449670
PT [1 0 482 -46 2]
 P 499117 11011 841971 36521850
PT [1 0 483 -46 2]
 P 501296 11011 841974 36594030
PT [1 0 484 -46 2]
EMPTY QUEUE
 P 502866 11011 841991 36667194
PT [1 0 485 -47 2]
 P 502866 11011 845381 36738390
PT [1 0 486 -47 2]
 P 502866 11011 848771 36810570
PT [1 0 487 -47 2]
 P 502866 11011 852161 36882750
PT [1 0 488 -47 2]
 P 503958 11011 852164 36954930
PT [1 0 489 -47 2]
EMPTY QUEUE
 P 506488 11011 852181 37028542
PT [1 0 490 -47 2]
 P 506488 11011 855571 37099290
PT [1 0 491 -47 2]
 P 506488 11011 858961 37171470
PT [1 0 492 -47 2]
 P 506488 11011 862351 37243650
PT [1 0 493 -47 2]
 P 508029 11011 862354 37315830
PT [1 0 494 -47 2]
EMPTY QUEUE
 P 511008 11011 862370 37389378
PT [1 0 495 -48 2]
 P 511008 11011 865760 37460190
PT [1 0 496 -48 2]
 P 511008 11011 869150 37532370
PT [1 0 497 -48 2]
 P 511008 11011 872540 37604550
PT [1 0 498 -48 2]
 P 512486 11011 872543 37676730
PT [1 0 499 -48 2]
EMPTY QUEUE
 P 515400 11011 872560 37749702
PT [1 0 500 -48 2]
 P 515400 11011 875950 37821090
PT [1 0 501 -48 2]
 P 515400 11011 879340 37893270
PT [1 0 502 -48 2]
 P 515400 11011 882730 37965450
PT [1 0 503 -48 2]
 P 516303 11011 882733 38037630
PT [1 0 504 -48 2]
EMPTY QUEUE
 P 516631 11011 886131 38111915
PT [1 0 505 -48 2]
 P 518579 11011 886139 38181990
PT [1 0 506 -48 2]
 P 518579 11011 889529 38254170
PT [1 0 507 -48 2]
 P 518579 11011 892919 38326350
PT [1 0 508 -48 2]
 P 520442 11011 892923 38398530
PT [1 0 509 -48 2]
EMPTY QUEUE
 P 520769 11011 896322 38473007
PT [1 0 510 -48 2]
 P 523165 11011 896330 38542890
PT [1 0 511 -48 2]
 P 523165 11011 899720 38615070
PT [1 0 512 -48 2]
 P 523165 11011 903110 38687250
PT [1 0 513 -48 2]
 P 525477 11011 903113 38759430
PT [1 0 514 -48 2]
EMPTY QUEUE
 P 525804 11011 906511 38833587
PT [1 0 515 -49 2]
 P 528136 11011 906519 38903790
PT [1 0 516 -49 2]
 P 528136 11011 909909 38975970
PT [1 0 517 -49 2]
 P 528136 11011 913299 39048150
PT [1 0 518 -49 2]
 P 530385 11011 913302 39120330
PT [1 0 519 -49 2]
EMPTY QUEUE
 P 530711 11011 916701 39193654
PT [1 0 520 -50 2]
 P 532467 11011 916709 39264690
PT [1 0 521 -50 2]
 P 532467 11011 920099 39336870
PT [1 0 522 -50 2]
 P 532467 11011 923489 39409050
PT [1 0 523 -50 2]
 P 534141 11011 923492 39481230
PT [1 0 524 -50 2]
EMPTY QUEUE
 P 534469 11011 926890 39555259
PT [1 0 525 -50 2]
 P 537185 11011 926898 39625590
PT [1 0 526 -50 2]
 P 537185 11011 930288 39697770
PT [1 0 527 -50 2]
 P 537185 11011 933678 39769950
PT [1 0 528 -50 2]
 P 539820 11011 933681 39842130
PT [1 0 529 -50 2]
EMPTY QUEUE
 P 540147 11011 937080 39916350
PT [1 0 530 -51 2]
 P 541263 11011 937088 39986490
PT [1 0 531 -51 2]
 P 541263 11011 940478 40058670
PT [1 0 532 -51 2]
 P 541263 11011 943868 40130850
PT [1 0 533 -51 2]
 P 542299 11011 943871 40203030
PT [1 0 534 -51 2]
EMPTY QUEUE
 P 542625 11011 947270 40276930
PT [1 0 535 -51 2]
 P 543622 11011 947278 40347390
PT [1 0 536 -51 2]
 P 543622 11011 950668 40419570
PT [1 0 537 -51 2]
 P 545922 11011 950676 40491750
PT [1 0 538 -51 2]
 P 546786 11011 950679 40563930
PT [1 0 539 -51 2]
EMPTY QUEUE
 P 547113 11011 954077 40637286
PT [1 0 540 -52 2]
 P 547113 11011 957467 40708290
PT [1 0 541 -52 2]
 P 547113 11011 960857 40780470
PT [1 0 542 -52 2]
 P 547113 11011 964247 40852650
PT [1 0 543 -52 2]
 P 548714 11011 964251 40924830
PT [1 0 544 -52 2]
EMPTY QUEUE
 P 551341 11011 964268 40998122
PT [1 0 545 -52 2]
 P 551341 11011 967658 41069190
PT [1 0 546 -52 2]
 P 551341 11011 971048 41141370
PT [1 0 547 -52 2]
 P 551341 11011 974438 41213550
PT [1 0 548 -52 2]
 P 553135 11011 974441 41285730
PT [1 0 549 -52 2]
EMPTY QUEUE
 P 555955 11011 974457 41360494
PT [1 0 550 -53 2]
 P 555955 11011 977847 41430090
PT [1 0 551 -53 2]
 P 555955 11011 981237 41502270
PT [1 0 552 -53 2]
 P 555955 11011 984627 41574450
PT [1 0 553 -53 2]
 P 557431 11011 984630 41646630
PT [1 0 554 -53 2]
EMPTY QUEUE
 P 559929 11011 984647 41720306
PT [1 0 555 -53 2]
 P 559929 11011 988037 41790990
PT [1 0 556 -53 2]
 P 559929 11011 991427 41863170
PT [1 0 557 -53 2]
 P 559929 11011 994817 41935350
PT [1 0 558 -53 2]
 P 562620 11011 994820 42007530
PT [1 0 559 -53 2]
EMPTY QUEUE
 P 564287 11011 994836 42081655
PT [1 0 560 -53 2]
 P 564287 11011 998226 42151890
PT [1 0 561 -53 2]
 P 564287 11011 1001616 42224070
PT [1 0 562 -53 2]
 P 564287 11011 1005006 42296250
PT [1 0 563 -53 2]
 P 565635 11011 1005009 42368430
PT [1 0 564 -53 2]
EMPTY QUEUE
 P 568005 11011 1005026 42442490
PT [1 0 565 -54 2]
 P 568005 11011 1008416 42512790
PT [1 0 566 -54 2]
 P 568005 11011 1011806 42584970
PT [1 0 567 -54 2]
 P 568005 11011 1015196 42657150
PT [1 0 568 -54 2]
 P 569546 11011 1015199 42729330
PT [1 0 569 -54 2]
EMPTY QUEUE
 P 572110 11011 1015215 42802815
PT [1 0 570 -54 2]
 P 572110 11011 1018605 42873690
PT [1 0 571 -54 2]
 P 572110 11011 1021995 42945870
PT [1 0 572 -54 2]
 P 572110 11011 1025385 43018050
PT [1 0 573 -54 2]
 P 573332 11011 1025388 43090230
PT [1 0 574 -54 2]
EMPTY QUEUE
 P 575574 11011 1025405 43164674
PT [1 0 575 -55 2]
 P 575574 11011 1028795 43234590
PT [1 0 576 -55 2]
 P 575574 11011 1032185 43306770
PT [1 0 577 -55 2]
 P 575574 11011 1035575 43378950
PT [1 0 578 -55 2]
 P 578013 11011 1035578 43451130
PT [1 0 579 -55 2]
EMPTY QUEUE
 P 579425 11011 1035594 43523975
PT [1 0 580 -55 2]
 P 579425 11011 1038984 43595490
PT [1 0 581 -55 2]
 P 579425 11011 1042374 43667670
PT [1 0 582 -55 2]
 P 579425 11011 1045764 43739850
PT [1 0 583 -55 2]
 P 580521 11011 1045767 43812030
PT [1 0 584 -55 2]
EMPTY QUEUE
 P 582636 11011 1045784 43886858
PT [1 0 585 -56 2]
 P 582636 11011 1049174 43956390
PT [1 0 586 -56 2]
 P 582636 11011 1052564 44028570
PT [1 0 587 -56 2]
 P 582636 11011 1055954 44100750
PT [1 0 588 -56 2]
 P 583925 11011 1055957 44172930
PT [1 0 589 -56 2]
EMPTY QUEUE
 P 586232 11011 1055973 44247182
PT [1 0 590 -56 2]
 P 586232 11011 1059363 44317290
PT [1 0 591 -56 2]
 P 586232 11011 1062753 44389470
PT [1 0 592 -56 2]
 P 586232 11011 1066143 44461650
PT [1 0 593 -56 2]
 P 587202 11011 1066146 44533830
PT [1 0 594 -56 2]
EMPTY QUEUE
 P 589189 11011 1066162 44606994
PT [1 0 595 -57 2]
 P 589189 11011 1069552 44678190
PT [1 0 596 -57 2]
 P 589189 11011 1072942 44750370
PT [1 0 597 -57 2]
 P 589189 11011 1076332 44822550
PT [1 0 598 -57 2]
 P 591376 11011 1076335 44894730
PT [1 0 599 -57 2]
EMPTY QUEUE
 P 594578 11011 1076352 44968342
PT [1 0 600 -57 2]
 P 594578 11011 1079742 45039090
PT [1 0 601 -57 2]
 P 594578 11011 1083132 45111270
PT [1 0 602 -57 2]
 P 594578 11011 1086522 45183450
PT [1 0 603 -57 2]
 P 595421 11011 1086526 45255630
PT [1 0 604 -57 2]
EMPTY QUEUE
 P 597281 11011 1086542 45329180
PT [1 0 605 -58 2]
 P 597281 11011 1089932 45399990
PT [1 0 606 -58 2]
 P 597281 11011 1093322 45472170
PT [1 0 607 -58 2]
 P 597281 11011 1096712 45544350
PT [1 0 608 -58 2]
 P 598317 11011 1096715 45616530
PT [1 0 609 -58 2]
EMPTY QUEUE
 P 600367 11011 1096732 45689502
PT [1 0 610 -58 2]
 P 600367 11011 1100122 45760890
PT [1 0 611 -58 2]
 P 600367 11011 1103512 45833070
PT [1 0 612 -58 2]
 P 600367 11011 1106902 45905250
PT [1 0 613 -58 2]
 P 601084 11011 1106905 45977430
PT [1 0 614 -58 2]
EMPTY QUEUE
 P 602815 11011 1106922 46051364
PT [1 0 615 -58 2]
 P 602815 11011 1110312 46121790
PT [1 0 616 -58 2]
 P 602815 11011 1113702 46193970
PT [1 0 617 -58 2]
 P 602815 11011 1117092 46266150
PT [1 0 618 -58 2]
 P 604749 11011 1117095 46338330
PT [1 0 619 -58 2]
EMPTY QUEUE
 P 607695 11011 1117112 46412710
PT [1 0 620 -59 2]
 P 607695 11011 1120502 46482690
PT [1 0 621 -59 2]
 P 607695 11011 1123892 46554870
PT [1 0 622 -59 2]
 P 607695 11011 1127282 46627050
PT [1 0 623 -59 2]
 P 610334 11011 1127285 46699230
PT [1 0 624 -59 2]
EMPTY QUEUE
 P 611938 11011 1127301 46773548
PT [1 0 625 -58 2]
 P 611938 11011 1130691 46843590
PT [1 0 626 -58 2]
 P 611938 11011 1134081 46915770
PT [1 0 627 -58 2]
 P 611938 11011 1137471 46987950
PT [1 0 628 -58 2]
 P 612722 11011 1137474 47060130
PT [1 0 629 -58 2]
EMPTY QUEUE
 P 614255 11011 1137484 47133602
PT [1 0 630 -58 2]
EMPTY QUEUE
 P 614581 11011 1140883 47205762
PT [1 0 631 -60 2]
 P 614581 11011 1144273 47276670
PT [1 0 632 -60 2]
 P 614581 11011 1147663 47348850
PT [1 0 633 -60 2]
 P 617094 11011 1147666 47421030
PT [1 0 634 -60 2]
 P 618242 11011 1147674 47493210
PT [1 0 635 -60 2]
EMPTY QUEUE
 P 618569 11011 1151072 47566343
PT [1 0 636 -60 2]
 P 618569 11011 1154462 47637570
PT [1 0 637 -60 2]
 P 618569 11011 1157852 47709750
PT [1 0 638 -60 2]
 P 620251 11011 1157855 47781930
PT [1 0 639 -60 2]
 P 622614 11011 1157864 47854110
PT [1 0 640 -60 2]
EMPTY QUEUE
 P 622941 11011 1161263 47928458
PT [1 0 641 -61 2]
 P 622941 11011 1164653 47998470
PT [1 0 642 -61 2]
 P 622941 11011 1168043 48070650
PT [1 0 643 -61 2]
 P 625328 11011 1168046 48142830
PT [1 0 644 -61 2]
 P 626347 11011 1168055 48215010
PT [1 0 645 -61 2]
EMPTY QUEUE
 P 626675 11011 1171453 48288015
PT [1 0 646 -61 2]
 P 626675 11011 1174843 48359370
PT [1 0 647 -61 2]
 P 626675 11011 1178233 48431550
PT [1 0 648 -61 2]
 P 629255 11011 1178236 48503730
PT [1 0 649 -61 2]
 P 630466 11011 1178245 48575910
PT [1 0 650 -61 2]
EMPTY QUEUE
 P 630792 11011 1181644 48649106
PT [1 0 651 -62 2]
 P 630792 11011 1185034 48720270
PT [1 0 652 -62 2]
 P 630792 11011 1188424 48792450
PT [1 0 653 -62 2]
 P 633052 11011 1188428 48864630
PT [1 0 654 -62 2]
 P 633943 11011 1188437 48936810
PT [1 0 655 -62 2]
EMPTY QUEUE
 P 634270 11011 1191836 49009686
PT [1 0 656 -62 2]
 P 634270 11011 1195226 49081170
PT [1 0 657 -62 2]
 P 634270 11011 1198616 49153350
PT [1 0 658 -62 2]
 P 635699 11011 1198619 49225530
PT [1 0 659 -62 2]
 P 637806 11011 1198628 49297710
PT [1 0 660 -62 2]
EMPTY QUEUE
 P 638134 11011 1202026 49371802
PT [1 0 661 -63 2]
 P 638134 11011 1205416 49442070
PT [1 0 662 -63 2]
 P 638134 11011 1208806 49514250
PT [1 0 663 -63 2]
 P 640268 11011 1208809 49586430
PT [1 0 664 -63 2]
 P 643079 11011 1208818 49658610
PT [1 0 665 -63 2]
EMPTY QUEUE
 P 643405 11011 1212218 49733407
PT [1 0 666 -63 2]
 P 643405 11011 1215608 49802970
PT [1 0 667 -63 2]
 P 643405 11011 1218998 49875150
PT [1 0 668 -63 2]
 P 645732 11011 1219001 49947330
PT [1 0 669 -63 2]
 P 646687 11011 1219010 50019510
PT [1 0 670 -63 2]
EMPTY QUEUE
 P 647015 11011 1222408 50092450
PT [1 0 671 -64 2]
 P 647015 11011 1225798 50163870
PT [1 0 672 -64 2]
 P 647015 11011 1229188 50236050
PT [1 0 673 -64 2]
 P 649023 11011 1229191 50308230
PT [1 0 674 -64 2]
 P 651706 11011 1229200 50380410
PT [1 0 675 -64 2]
EMPTY QUEUE
 P 652034 11011 1232599 50455079
PT [1 0 676 -64 2]
 P 652034 11011 1235989 50524770
PT [1 0 677 -64 2]
 P 652034 11011 1239379 50596950
PT [1 0 678 -64 2]
 P 653212 11011 1239382 50669130
PT [1 0 679 -64 2]
 P 655063 11011 1239391 50741310
PT [1 0 680 -64 2]
EMPTY QUEUE
 P 655390 11011 1242789 50815147
PT [1 0 681 -64 2]
 P 655390 11011 1246179 50885670
PT [1 0 682 -64 2]
 P 655390 11011 1249569 50957850
PT [1 0 683 -64 2]
 P 657272 11011 1249572 51030030
PT [1 0 684 -64 2]
 P 659827 11011 1249581 51102210
PT [1 0 685 -64 2]
EMPTY QUEUE
 P 660154 11011 1252980 51176751
PT [1 0 686 -64 2]
 P 660154 11011 1256370 51246570
PT [1 0 687 -64 2]
 P 660154 11011 1259760 51318750
PT [1 0 688 -64 2]
 P 662230 11011 1259763 51390930
PT [1 0 689 -64 2]
 P 664977 11011 1259772 51463110
PT [1 0 690 -64 2]
EMPTY QUEUE
 P 665305 11011 1263170 51537843
PT [1 0 691 -65 2]
 P 665305 11011 1266560 51607470
PT [1 0 692 -65 2]
 P 665305 11011 1269950 51679650
PT [1 0 693 -65 2]
 P 667061 11011 1269953 51751830
PT [1 0 694 -65 2]
 P 669488 11011 1269962 51824010
PT [1 0 695 -65 2]
EMPTY QUEUE
 P 669815 11011 1273361 51898423
PT [1 0 696 -66 2]
 P 669815 11011 1276751 51968370
PT [1 0 697 -66 2]
 P 669815 11011 1280141 52040550
PT [1 0 698 -66 2]
 P 670740 11011 1280144 52112730
PT [1 0 699 -66 2]
 P 672335 11011 1280153 52184910
PT [1 0 700 -66 2]
EMPTY QUEUE
 P 672661 11011 1283551 52258490
PT [1 0 701 -66 2]
 P 672661 11011 1286941 52329270
PT [1 0 702 -66 2]
 P 672661 11011 1290331 52401450
PT [1 0 703 -66 2]
 P 674290 11011 1290335 52473630
PT [1 0 704 -66 2]
 P 676589 11011 1290344 52545810
PT [1 0 705 -66 2]
EMPTY QUEUE
 P 676917 11011 1293743 52620095
PT [1 0 706 -67 2]
 P 676917 11011 1297133 52690170
PT [1 0 707 -67 2]
 P 676917 11011 1300523 52762350
PT [1 0 708 -67 2]
 P 678739 11011 1300526 52834530
PT [1 0 709 -67 2]
 P 681230 11011 1300535 52906710
PT [1 0 710 -67 2]
EMPTY QUEUE
 P 681557 11011 1303934 52981186
PT [1 0 711 -67 2]
 P 681557 11011 1307324 53051070
PT [1 0 712 -67 2]
 P 681557 11011 1310714 53123250
PT [1 0 713 -67 2]
 P 683060 11011 1310717 53195430
PT [1 0 714 -67 2]
 P 685231 11011 1310726 53267610
PT [1 0 715 -67 2]
EMPTY QUEUE
 P 685558 11011 1314124 53341766
PT [1 0 716 -68 2]
 P 685558 11011 1317514 53411970
PT [1 0 717 -68 2]
 P 685558 11011 1320904 53484150
PT [1 0 718 -68 2]
 P 688278 11011 1320907 53556330
PT [1 0 719 -68 2]
 P 689617 11011 1320915 53628510
PT [1 0 720 -68 2]
EMPTY QUEUE
 P 689943 11011 1324314 53701834
PT [1 0 721 -68 2]
 P 689943 11011 1327704 53772870
PT [1 0 722 -68 2]
 P 689943 11011 1331094 53845050
PT [1 0 723 -68 2]
 P 691320 11011 1331097 53917230
PT [1 0 724 -68 2]
 P 693363 11011 1331107 53989410
PT [1 0 725 -68 2]
EMPTY QUEUE
 P 693428 11011 1334499 54063170
PT [1 0 726 -68 2]
EMPTY QUEUE
 P 693756 11011 1337897 54135042
PT [1 0 727 -69 2]
 P 693756 11011 1341287 54205950
PT [1 0 728 -69 2]
 P 695326 11011 1341290 54278130
PT [1 0 729 -69 2]
 P 697561 11011 1341298 54350310
PT [1 0 730 -69 2]
 P 697561 11011 1344688 54422490
PT [1 0 731 -69 2]
EMPTY QUEUE
 P 697887 11011 1348087 54495622
PT [1 0 732 -69 2]
 P 697887 11011 1351477 54566850
PT [1 0 733 -69 2]
 P 699138 11011 1351480 54639030
PT [1 0 734 -69 2]
 P 701054 11011 1351489 54711210
PT [1 0 735 -69 2]
 P 701054 11011 1354879 54783390
PT [1 0 736 -69 2]
EMPTY QUEUE
 P 701381 11011 1358277 54857738
PT [1 0 737 -70 2]
 P 701381 11011 1361667 54927750
PT [1 0 738 -70 2]
 P 703849 11011 1361670 54999930
PT [1 0 739 -70 2]
 P 704932 11011 1361678 55072110
PT [1 0 740 -70 2]
 P 704932 11011 1365068 55144290
PT [1 0 741 -70 2]
EMPTY QUEUE
 P 705258 11011 1368467 55217294
PT [1 0 742 -70 2]
 P 705258 11011 1371857 55288650
PT [1 0 743 -70 2]
 P 706383 11011 1371860 55360830
PT [1 0 744 -70 2]
 P 708171 11011 1371869 55433010
PT [1 0 745 -70 2]
 P 708171 11011 1375259 55505190
PT [1 0 746 -70 2]
EMPTY QUEUE
 P 708499 11011 1378657 55578387
PT [1 0 747 -70 2]
 P 708499 11011 1382047 55649550
PT [1 0 748 -70 2]
 P 709817 11011 1382050 55721730
PT [1 0 749 -70 2]
 P 711796 11011 1382058 55793910
PT [1 0 750 -70 2]
 P 711796 11011 1385448 55866090
PT [1 0 751 -70 2]
EMPTY QUEUE
 P 712123 11011 1388847 55938966
PT [1 0 752 -71 2]
 P 712123 11011 1392237 56010450
PT [1 0 753 -71 2]
 P 713121 11011 1392241 56082630
PT [1 0 754 -71 2]
 P 714780 11011 1392249 56154810
PT [1 0 755 -71 2]
 P 714780 11011 1395639 56226990
PT [1 0 756 -71 2]
EMPTY QUEUE
 P 715107 11011 1399037 56301084
PT [1 0 757 -71 2]
 P 715107 11011 1402427 56371350
PT [1 0 758 -71 2]
 P 717322 11011 1402430 56443530
PT [1 0 759 -71 2]
 P 720197 11011 1402438 56515710
PT [1 0 760 -71 2]
 P 720197 11011 1405828 56587890
PT [1 0 761 -71 2]
EMPTY QUEUE
 P 720523 11011 1409227 56662686
PT [1 0 762 -72 2]
 P 720523 11011 1412617 56732250
PT [1 0 763 -72 2]
 P 721395 11011 1412620 56804430
PT [1 0 764 -72 2]
 P 722926 11011 1412628 56876610
PT [1 0 765 -72 2]
 P 722926 11011 1416018 56948790
PT [1 0 766 -72 2]
EMPTY QUEUE
 P 723252 11011 1419418 57021731
PT [1 0 767 -72 2]
 P 723252 11011 1422808 57093150
PT [1 0 768 -72 2]
 P 724317 11011 1422811 57165330
PT [1 0 769 -72 2]
 P 726040 11011 1422819 57237510
PT [1 0 770 -72 2]
 P 726040 11011 1426209 57309690
PT [1 0 771 -72 2]
EMPTY QUEUE
 P 726366 11011 1429608 57384358
PT [1 0 772 -73 2]
 P 726366 11011 1432998 57454050
PT [1 0 773 -73 2]
 P 727112 11011 1433001 57526230
PT [1 0 774 -73 2]
 P 728515 11011 1433009 57598410
PT [1 0 775 -73 2]
 P 728515 11011 1436399 57670590
PT [1 0 776 -73 2]
EMPTY QUEUE
 P 728843 11011 1439798 57744428
PT [1 0 777 -72 2]
 P 728843 11011 1443188 57814950
PT [1 0 778 -72 2]
 P 730806 11011 1443191 57887130
PT [1 0 779 -72 2]
 P 733425 11011 1443199 57959310
PT [1 0 780 -72 2]
 P 733425 11011 1446589 58031490
PT [1 0 781 -72 2]
EMPTY QUEUE
 P 733490 11011 1449981 58105762
PT [1 0 782 -72 2]
EMPTY QUEUE
 P 733555 11011 1455943 58179425
PT [1 0 783 -72 2]
 P 736223 11011 1455946 58248030
PT [1 0 784 -72 2]
EMPTY QUEUE
 P 737824 11011 1455963 58321386
PT [1 0 785 -74 2]
 P 737824 11011 1459353 58392390
PT [1 0 786 -74 2]
 P 737824 11011 1462743 58464570
PT [1 0 787 -74 2]
 P 737824 11011 1466133 58536750
PT [1 0 788 -74 2]
 P 738637 11011 1466136 58608930
PT [1 0 789 -74 2]
EMPTY QUEUE
 P 740432 11011 1466152 58682223
PT [1 0 790 -74 2]
 P 740432 11011 1469542 58753290
PT [1 0 791 -74 2]
 P 740432 11011 1472932 58825470
PT [1 0 792 -74 2]
 P 740432 11011 1476322 58897650
PT [1 0 793 -74 2]
 P 742974 11011 1476325 58969830
PT [1 0 794 -74 2]
EMPTY QUEUE
 P 744447 11011 1476342 59044594
PT [1 0 795 -75 2]
 P 744447 11011 1479732 59114190
PT [1 0 796 -75 2]
 P 744447 11011 1483122 59186370
PT [1 0 797 -75 2]
 P 744447 11011 1486512 59258550
PT [1 0 798 -75 2]
 P 746158 11011 1486515 59330730
PT [1 0 799 -75 2]
EMPTY QUEUE
 P 748847 11011 1486531 59404406
PT [1 0 800 -75 2]
 P 748847 11011 1489921 59475090
PT [1 0 801 -75 2]
 P 748847 11011 1493311 59547270
PT [1 0 802 -75 2]
 P 748847 11011 1496701 59619450
PT [1 0 803 -75 2]
 P 751262 11011 1496706 59691630
PT [1 0 804 -75 2]
EMPTY QUEUE
 P 752608 11011 1496722 59765754
PT [1 0 805 -76 2]
 P 752608 11011 1500112 59835990
PT [1 0 806 -76 2]
 P 754160 11011 1500115 59908170
PT [1 0 807 -76 2]
 P 754160 11011 1503505 59980350
PT [1 0 808 -76 2]
 P 754160 11011 1506895 60052530
PT [1 0 809 -76 2]
EMPTY QUEUE
 P 755697 11011 1506912 60126590
PT [1 0 810 -76 2]
 P 755697 11011 1510302 60196890
PT [1 0 811 -76 2]
 P 757698 11011 1510306 60269070
PT [1 0 812 -76 2]
 P 757698 11011 1513696 60341250
PT [1 0 813 -76 2]
 P 757698 11011 1517086 60413430
PT [1 0 814 -76 2]
EMPTY QUEUE
 P 758916 11011 1517102 60486914
PT [1 0 815 -77 2]
 P 758916 11011 1520492 60557790
PT [1 0 816 -77 2]
 P 760854 11011 1520495 60629970
PT [1 0 817 -77 2]
 P 760854 11011 1523885 60702150
PT [1 0 818 -77 2]
 P 760854 11011 1527275 60774330
PT [1 0 819 -77 2]
EMPTY QUEUE
 P 761180 11011 1530674 60849126
PT [1 0 820 -77 2]
 P 762679 11011 1530682 60918690
PT [1 0 821 -77 2]
 P 763754 11011 1530685 60990870
PT [1 0 822 -77 2]
 P 763754 11011 1534075 61063050
PT [1 0 823 -77 2]
 P 763754 11011 1537465 61135230
PT [1 0 824 -77 2]
EMPTY QUEUE
 P 763819 11011 1543427 61210473
PT [1 0 825 -77 2]
EMPTY QUEUE
 P 766606 11011 1543443 61280766
PT [1 0 826 -78 2]
 P 767362 11011 1543446 61351770
PT [1 0 827 -78 2]
 P 767362 11011 1546836 61423950
PT [1 0 828 -78 2]
 P 767362 11011 1550226 61496130
PT [1 0 829 -78 2]
 P 767362 11011 1553616 61568310
PT [1 0 830 -78 2]
EMPTY QUEUE
 P 768547 11011 1553633 61641602
PT [1 0 831 -78 2]
 P 770520 11011 1553636 61712670
PT [1 0 832 -78 2]
 P 770520 11011 1557026 61784850
PT [1 0 833 -78 2]
 P 770520 11011 1560416 61857030
PT [1 0 834 -78 2]
 P 770520 11011 1563806 61929210
PT [1 0 835 -78 2]
EMPTY QUEUE
 P 773690 11011 1563822 62003975
PT [1 0 836 -78 2]
 P 776367 11011 1563826 62073570
PT [1 0 837 -78 2]
 P 776367 11011 1567216 62145750
PT [1 0 838 -78 2]
 P 776367 11011 1570606 62217930
PT [1 0 839 -78 2]
 P 776367 11011 1573996 62290110
PT [1 0 840 -78 2]
EMPTY QUEUE
 P 776693 11011 1577395 62363114
PT [1 0 841 -79 2]
 P 778960 11011 1577403 62434470
PT [1 0 842 -79 2]
 P 780039 11011 1577406 62506650
PT [1 0 843 -79 2]
 P 780039 11011 1580796 62578830
PT [1 0 844 -79 2]
 P 780039 11011 1584186 62651010
PT [1 0 845 -79 2]
EMPTY QUEUE
 P 780367 11011 1587584 62724207
PT [1 0 846 -79 2]
 P 781546 11011 1587592 62795370
PT [1 0 847 -79 2]
 P 782305 11011 1587596 62867550
PT [1 0 848 -79 2]
 P 783865 11011 1587599 62939730
PT [1 0 849 -79 2]
 P 783865 11011 1590989 63011910
PT [1 0 850 -79 2]
EMPTY QUEUE
 P 784192 11011 1594388 63084786
PT [1 0 851 -80 2]
 P 786492 11011 1594396 63156270
PT [1 0 852 -80 2]
 P 786492 11011 1597786 63228450
PT [1 0 853 -80 2]
 P 788501 11011 1597789 63300630
PT [1 0 854 -80 2]
 P 788501 11011 1601179 63372810
PT [1 0 855 -80 2]
EMPTY QUEUE
 P 788828 11011 1604577 63446903
PT [1 0 856 -80 2]
 P 791319 11011 1604585 63517170
PT [1 0 857 -80 2]
 P 791319 11011 1607975 63589350
PT [1 0 858 -80 2]
 P 793264 11011 1607979 63661530
PT [1 0 859 -80 2]
 P 793264 11011 1611369 63733710
PT [1 0 860 -80 2]
EMPTY QUEUE
 P 793591 11011 1614768 63808506
PT [1 0 861 -81 2]
 P 795762 11011 1614776 63878070
PT [1 0 862 -81 2]
 P 795762 11011 1618166 63950250
PT [1 0 863 -81 2]
 P 797132 11011 1618169 64022430
PT [1 0 864 -81 2]
 P 797132 11011 1621559 64094610
PT [1 0 865 -81 2]
EMPTY QUEUE
 P 797458 11011 1624958 64167550
PT [1 0 866 -81 2]
 P 798797 11011 1624966 64238970
PT [1 0 867 -81 2]
 P 798797 11011 1628356 64311150
PT [1 0 868 -81 2]
 P 801128 11011 1628359 64383330
PT [1 0 869 -81 2]
 P 801128 11011 1631749 64455510
PT [1 0 870 -81 2]
EMPTY QUEUE
 P 801455 11011 1635147 64530178
PT [1 0 871 -82 2]
 P 803498 11011 1635155 64599870
PT [1 0 872 -82 2]
 P 803498 11011 1638545 64672050
PT [1 0 873 -82 2]
 P 804230 11011 1638548 64744230
PT [1 0 874 -82 2]
 P 804230 11011 1641938 64816410
PT [1 0 875 -82 2]
EMPTY QUEUE
 P 804556 11011 1645337 64890246
PT [1 0 876 -82 2]
 P 806791 11011 1645345 64960770
PT [1 0 877 -82 2]
 P 806791 11011 1648735 65032950
PT [1 0 878 -82 2]
 P 809508 11011 1648738 65105130
PT [1 0 879 -82 2]
 P 809508 11011 1652128 65177310
PT [1 0 880 -82 2]
EMPTY QUEUE
 P 809835 11011 1655526 65251850
PT [1 0 881 -83 2]
 P 811750 11011 1655534 65321670
PT [1 0 882 -83 2]
 P 811750 11011 1658924 65393850
PT [1 0 883 -83 2]
 P 813892 11011 1658927 65466030
PT [1 0 884 -83 2]
 P 813892 11011 1662317 65538210
PT [1 0 885 -83 2]
EMPTY QUEUE
 P 814218 11011 1665716 65612942
PT [1 0 886 -83 2]
 P 815301 11011 1665724 65682570
PT [1 0 887 -83 2]
 P 815301 11011 1669114 65754750
PT [1 0 888 -83 2]
 P 816356 11011 1669117 65826930
PT [1 0 889 -83 2]
 P 816356 11011 1672507 65899110
PT [1 0 890 -83 2]
EMPTY QUEUE
 P 816683 11011 1675905 65973523
PT [1 0 891 -83 2]
 P 818470 11011 1675913 66043470
PT [1 0 892 -83 2]
 P 818470 11011 1679303 66115650
PT [1 0 893 -83 2]
 P 819974 11011 1679306 66187830
PT [1 0 894 -83 2]
 P 819974 11011 1682696 66260010
PT [1 0 895 -83 2]
EMPTY QUEUE
 P 820300 11011 1686095 66333590
PT [1 0 896 -84 2]
 P 822279 11011 1686103 66404370
PT [1 0 897 -84 2]
 P 822279 11011 1689493 66476550
PT [1 0 898 -84 2]
 P 823720 11011 1689496 66548730
PT [1 0 899 -84 2]
 P 823720 11011 1692886 66620910
PT [1 0 900 -84 2]
EMPTY QUEUE
 P 824048 11011 1696284 66695196
PT [1 0 901 -84 2]
 P 825707 11011 1696292 66765270
PT [1 0 902 -84 2]
 P 825707 11011 1699682 66837450
PT [1 0 903 -84 2]
 P 826573 11011 1699685 66909630
PT [1 0 904 -84 2]
 P 826573 11011 1703075 66981810
PT [1 0 905 -84 2]
EMPTY QUEUE
 P 826899 11011 1706474 67056286
PT [1 0 906 -85 2]
 P 829774 11011 1706482 67126170
PT [1 0 907 -85 2]
 P 829774 11011 1709872 67198350
PT [1 0 908 -85 2]
 P 831600 11011 1709876 67270530
PT [1 0 909 -85 2]
 P 831600 11011 1713266 67342710
PT [1 0 910 -85 2]
EMPTY QUEUE
 P 831928 11011 1716666 67416869
PT [1 0 911 -85 2]
 P 833458 11011 1716675 67487070
PT [1 0 912 -85 2]
 P 833458 11011 1720065 67559250
PT [1 0 913 -85 2]
 P 835733 11011 1720068 67631430
PT [1 0 914 -85 2]
 P 835733 11011 1723458 67703610
PT [1 0 915 -85 2]
EMPTY QUEUE
 P 836059 11011 1726857 67776934
PT [1 0 916 -86 2]
 P 837782 11011 1726865 67847970
PT [1 0 917 -86 2]
 P 837782 11011 1730255 67920150
PT [1 0 918 -86 2]
 P 839994 11011 1730258 67992330
PT [1 0 919 -86 2]
 P 839994 11011 1733648 68064510
PT [1 0 920 -86 2]
EMPTY QUEUE
 P 840322 11011 1737047 68138540
PT [1 0 921 -85 2]
 P 841724 11011 1737056 68208870
PT [1 0 922 -85 2]
 P 841724 11011 1740446 68281050
PT [1 0 923 -85 2]
 P 843361 11011 1740449 68353230
PT [1 0 924 -85 2]
 P 843361 11011 1743839 68425410
PT [1 0 925 -85 2]
EMPTY QUEUE
 P 843688 11011 1747237 68499630
PT [1 0 926 -87 2]
 P 846306 11011 1747246 68569770
PT [1 0 927 -87 2]
 P 846306 11011 1750636 68641950
PT [1 0 928 -87 2]
 P 846306 11011 1754026 68714130
PT [1 0 929 -87 2]
 P 847880 11011 1754029 68786310
PT [1 0 930 -87 2]
EMPTY QUEUE
 P 848207 11011 1757428 68860211
PT [1 0 931 -87 2]
 P 849481 11011 1757437 68930670
PT [1 0 932 -87 2]
 P 849481 11011 1760827 69002850
PT [1 0 933 -87 2]
 P 849481 11011 1764217 69075030
PT [1 0 934 -87 2]
 P 851504 11011 1764220 69147210
PT [1 0 935 -87 2]
EMPTY QUEUE
 P 851831 11011 1767618 69220279
PT [1 0 936 -87 2]
 P 853297 11011 1767627 69291570
PT [1 0 937 -87 2]
 P 853297 11011 1771017 69363750
PT [1 0 938 -87 2]
 P 853297 11011 1774407 69435930
PT [1 0 939 -87 2]
 P 855257 11011 1774410 69508110
PT [1 0 940 -87 2]
EMPTY QUEUE
 P 855583 11011 1777809 69581882
PT [1 0 941 -88 2]
 P 856729 11011 1777818 69652470
PT [1 0 942 -88 2]
 P 856729 11011 1781208 69724650
PT [1 0 943 -88 2]
 P 856729 11011 1784598 69796830
PT [1 0 944 -88 2]
 P 858114 11011 1784601 69869010
PT [1 0 945 -88 2]
EMPTY QUEUE
 P 858441 11011 1787999 69942975
PT [1 0 946 -88 2]
 P 858441 11011 1791389 70013370
PT [1 0 947 -88 2]
 P 861219 11011 1791398 70085550
PT [1 0 948 -88 2]
 P 861219 11011 1794788 70157730
PT [1 0 949 -88 2]
 P 862318 11011 1794791 70229910
PT [1 0 950 -88 2]
EMPTY QUEUE
 P 862645 11011 1798190 70303554
PT [1 0 951 -89 2]
 P 862645 11011 1801580 70374270
PT [1 0 952 -89 2]
 P 864335 11011 1801589 70446450
PT [1 0 953 -89 2]
 P 864335 11011 1804979 70518630
PT [1 0 954 -89 2]
 P 865114 11011 1804982 70590810
PT [1 0 955 -89 2]
EMPTY QUEUE
 P 865441 11011 1808380 70665671
PT [1 0 956 -89 2]
 P 865441 11011 1811770 70735170
PT [1 0 957 -89 2]
 P 867579 11011 1811779 70807350
PT [1 0 958 -89 2]
 P 867579 11011 1815169 70879530
PT [1 0 959 -89 2]
 P 869576 11011 1815172 70951710
PT [1 0 960 -89 2]
EMPTY QUEUE
 P 869902 11011 1818571 71025226
PT [1 0 961 -90 2]
 P 869902 11011 1821961 71096070
PT [1 0 962 -90 2]
 P 871976 11011 1821970 71168250
PT [1 0 963 -90 2]
 P 871976 11011 1825360 71240430
PT [1 0 964 -90 2]
 P 874677 11011 1825363 71312610
PT [1 0 965 -90 2]
EMPTY QUEUE
 P 875005 11011 1828761 71386319
PT [1 0 966 -90 2]
 P 875005 11011 1832151 71456970
PT [1 0 967 -90 2]
 P 876503 11011 1832160 71529150
PT [1 0 968 -90 2]
 P 876503 11011 1835550 71601330
PT [1 0 969 -90 2]
 P 877348 11011 1835554 71673510
PT [1 0 970 -90 2]
EMPTY QUEUE
 P 877675 11011 1838953 71746898
PT [1 0 971 -91 2]
 P 877675 11011 1842343 71817870
PT [1 0 972 -91 2]
 P 880133 11011 1842353 71890050
PT [1 0 973 -91 2]
 P 880133 11011 1845743 71962230
PT [1 0 974 -91 2]
 P 882707 11011 1845747 72034410
PT [1 0 975 -91 2]
EMPTY QUEUE
 P 883033 11011 1849146 72109014
PT [1 0 976 -91 2]
 P 883033 11011 1852536 72178770
PT [1 0 977 -91 2]
 P 883891 11011 1852545 72250950
PT [1 0 978 -91 2]
 P 883891 11011 1855935 72323130
PT [1 0 979 -91 2]
 P 885634 11011 1855938 72395310
PT [1 0 980 -91 2]
EMPTY QUEUE
 P 885961 11011 1859336 72468570
PT [1 0 981 -92 2]
 P 885961 11011 1862726 72539670
PT [1 0 982 -92 2]
 P 888805 11011 1862734 72611850
PT [1 0 983 -92 2]
 P 888805 11011 1866124 72684030
PT [1 0 984 -92 2]
 P 891253 11011 1866127 72756210
PT [1 0 985 -92 2]
EMPTY QUEUE
 P 891580 11011 1869526 72829662
PT [1 0 986 -92 2]
 P 891580 11011 1872916 72900570
PT [1 0 987 -92 2]
 P 893846 11011 1872925 72972750
PT [1 0 988 -92 2]
 P 893846 11011 1876315 73044930
PT [1 0 989 -92 2]
 P 896487 11011 1876318 73117110
PT [1 0 990 -92 2]
EMPTY QUEUE
 P 896814 11011 1879716 73190243
PT [1 0 991 -92 2]
 P 896814 11011 1883106 73261470
PT [1 0 992 -92 2]
 P 897993 11011 1883115 73333650
PT [1 0 993 -92 2]
 P 897993 11011 1886505 73405830
PT [1 0 994 -92 2]
 P 900315 11011 1886508 73478010
PT [1 0 995 -92 2]
EMPTY QUEUE
 P 900641 11011 1889907 73552358
PT [1 0 996 -93 2]
 P 900641 11011 1893297 73622370
PT [1 0 997 -93 2]
 P 902267 11011 1893306 73694550
PT [1 0 998 -93 2]
 P 902267 11011 1896696 73766730
PT [1 0 999 -93 2]
 P 903758 11011 1896699 73838910
PT [1 0 1000 -93 2]
EMPTY QUEUE
 P 904085 11011 1900097 73911915
PT [1 0 1001 -93 2]
 P 904085 11011 1903487 73983270
PT [1 0 1002 -93 2]
 P 905647 11011 1903496 74055450
PT [1 0 1003 -93 2]
 P 905647 11011 1906886 74127630
PT [1 0 1004 -93 2]
 P 907843 11011 1906889 74199810
PT [1 0 1005 -93 2]
EMPTY QUEUE
 P 908169 11011 1910288 74273006
PT [1 0 1006 -94 2]
 P 908169 11011 1913678 74344170
PT [1 0 1007 -94 2]
 P 909155 11011 1913686 74416350
PT [1 0 1008 -94 2]
 P 909155 11011 1917076 74488530
PT [1 0 1009 -94 2]
 P 911544 11011 1917079 74560710
PT [1 0 1010 -94 2]
EMPTY QUEUE
 P 911871 11011 1920477 74633587
PT [1 0 1011 -94 2]
 P 911871 11011 1923867 74705070
PT [1 0 1012 -94 2]
 P 913817 11011 1923875 74777250
PT [1 0 1013 -94 2]
 P 913817 11011 1927265 74849430
PT [1 0 1014 -94 2]
 P 915887 11011 1927268 74921610
PT [1 0 1015 -94 2]
EMPTY QUEUE
 P 916214 11011 1930667 74995702
PT [1 0 1016 -95 2]
 P 916214 11011 1934057 75065970
PT [1 0 1017 -95 2]
 P 918608 11011 1934065 75138150
PT [1 0 1018 -95 2]
 P 918608 11011 1937455 75210330
PT [1 0 1019 -95 2]
 P 919847 11011 1937458 75282510
PT [1 0 1020 -95 2]
EMPTY QUEUE
 P 920173 11011 1940857 75357306
PT [1 0 1021 -95 2]
 P 920173 11011 1944247 75426870
PT [1 0 1022 -95 2]
 P 922448 11011 1944255 75499050
PT [1 0 1023 -95 2]
 P 922448 11011 1947645 75571230
PT [1 0 1024 -95 2]
 P 924391 11011 1947649 75643410
PT [1 0 1025 -95 2]
EMPTY QUEUE
 P 927016 11011 1947665 75716766
PT [1 0 1026 -96 2]
 P 927016 11011 1951055 75787770
PT [1 0 1027 -96 2]
 P 927016 11011 1954445 75859950
PT [1 0 1028 -96 2]
 P 927016 11011 1957835 75932130
PT [1 0 1029 -96 2]
 P 929152 11011 1957838 76004310
PT [1 0 1030 -96 2]
EMPTY QUEUE
 P 931970 11011 1957856 76077604
PT [1 0 1031 -96 2]
 P 931970 11011 1961246 76148670
PT [1 0 1032 -96 2]
 P 931970 11011 1964636 76220850
PT [1 0 1033 -96 2]
 P 931970 11011 1968026 76293030
PT [1 0 1034 -96 2]
 P 933787 11011 1968029 76365210
PT [1 0 1035 -96 2]
EMPTY QUEUE
 P 935968 11011 1968039 76439651
PT [1 0 1036 -96 2]
EMPTY QUEUE
 P 936295 11011 1971437 76510842
PT [1 0 1037 -97 2]
 P 936295 11011 1974827 76581750
PT [1 0 1038 -97 2]
 P 936295 11011 1978217 76653930
PT [1 0 1039 -97 2]
 P 937281 11011 1978220 76726110
PT [1 0 1040 -97 2]
 P 938619 11011 1978228 76798290
PT [1 0 1041 -97 2]
EMPTY QUEUE
 P 938946 11011 1981627 76871422
PT [1 0 1042 -97 2]
 P 938946 11011 1985017 76942650
PT [1 0 1043 -97 2]
 P 938946 11011 1988407 77014830
PT [1 0 1044 -97 2]
 P 940637 11011 1988410 77087010
PT [1 0 1045 -97 2]
 P 942679 11011 1988418 77159190
PT [1 0 1046 -97 2]
EMPTY QUEUE
 P 943006 11011 1991816 77233538
PT [1 0 1047 -98 2]
 P 943006 11011 1995206 77303550
PT [1 0 1048 -98 2]
 P 943006 11011 1998596 77375730
PT [1 0 1049 -98 2]
 P 944890 11011 1998599 77447910
PT [1 0 1050 -98 2]
 P 947124 11011 1998607 77520090
PT [1 0 1051 -98 2]
EMPTY QUEUE
 P 947450 11011 2002006 77593094
PT [1 0 1052 -98 2]
 P 947450 11011 2005396 77664450
PT [1 0 1053 -98 2]
 P 947450 11011 2008786 77736630
PT [1 0 1054 -98 2]
 P 949015 11011 2008789 77808810
PT [1 0 1055 -98 2]
 P 950929 11011 2008797 77880990
PT [1 0 1056 -98 2]
EMPTY QUEUE
 P 951256 11011 2012195 77954187
PT [1 0 1057 -98 2]
 P 951256 11011 2015585 78025350
PT [1 0 1058 -98 2]
 P 951256 11011 2018975 78097530
PT [1 0 1059 -98 2]
 P 954038 11011 2018978 78169710
PT [1 0 1060 -98 2]
 P 955120 11011 2018986 78241890
PT [1 0 1061 -98 2]
EMPTY QUEUE
 P 955447 11011 2022385 78314766
PT [1 0 1062 -99 2]
 P 955447 11011 2025775 78386250
PT [1 0 1063 -99 2]
 P 955447 11011 2029165 78458430
PT [1 0 1064 -99 2]
 P 956886 11011 2029168 78530610
PT [1 0 1065 -99 2]
 P 958617 11011 2029177 78602790
PT [1 0 1066 -99 2]
