using saved target 'z1'
../../../../contiki/tools/sky/serialdump-linux -b115200 /dev/ttyUSB4
connecting to /dev/ttyUSB4 (115200) [OK]
Rime started with address 5.0
MAC 05:00:00:00:00:00:00:00 Ref ID: 4841
Contiki-3.x-2125-g5d67a61 started. Node id is set to 5.

************************************************
RTIMER_SECOND = 32768. F_CPU=8000000.
CLOCK_SECOND=128.
DURSLOT = 6015.(0.1835 s).
DURSLEEP = 66165.
DURCYCLE = 72180 .(2.2027 s).
MAX_CLOCK_DRIFT = WAKEUP_ADVANCE_TIME = 327 (0.0033 s).
PERIODIC_BCAST_CYCLES_SENSOR = 196611.
PERIODIC_BCAST_CYCLES_SINK = 196611.
MAX_CYCLE_COUNTER = 27904.
MAX_COUNT_NO_RTS_CTS = 65535.
MAX_CHILD_NUM = 10.
MAX_TRY_TO_FIND_PARENT = 3.

**********Below is Related Settings**********
PRIMAC_CONF_COMPOWER = 1.
PRIMAC_CONF_COMPOWER_SUPPORT = 1.
SF = 10.
PRI_SYNC_SUPPORT = 1.
RANDOM_DRIFT_IN_COOJA_SUPPORT = 0.
ADCSC_SUPPORT = 1.
DATA_TX_SUPPORT = 1.
CYCLES_PER_PACKET = 3.
DATA_INTERVAL = 3.
RETX_LIMIT = 6.
TOTAL_DATA_NUM = -1.
MAX_DATA_QUEUE_BUFS = 10.
PROC_GRADE_BASED_ON_ADDR_SUPPORT = 1.
NODES_NUM_PER_GRADE = 2.
ADDRESS_FREE_SUPPORT = 1.
IS_COOJA_SIM = 0.
CROSS_PLATFORM_SUPPORT = 1.
************************************************

My address is 28.0.
nullmac PRIMAC, channel check rate 8 Hz, radio channel 26
Starting
Hello, world
 P 0 0 0 1783859
 P 0 0 3390 1856039
 P 0 0 6842 1929826
 P 0 0 10232 2000399
 P 0 0 13622 2072579
 P 0 0 17012 2144759
 P 0 0 20402 2216939
EMPTY QUEUE
 P 399 0 23802 2290496
PT [188 0 1 -2 1]
 P 399 0 27192 2361299
PT [188 0 2 -2 1]
 P 399 0 30582 2433479
PT [188 0 3 -2 1]
 P 399 0 33972 2505659
PT [188 0 4 -2 1]
 P 1671 0 36090 2577839
PT [188 0 5 -2 1]
EMPTY QUEUE
 P 2198 0 39490 2652836
PT [188 0 6 -5 1]
 P 2198 0 42880 2722199
PT [188 0 7 -5 1]
 P 3672 0 44796 2794379
PT [188 0 8 -5 1]
 P 3672 0 48186 2866559
PT [188 0 9 -5 1]
rcv bro rts
 P 5183 0 48227 2938739
PT [188 0 10 -5 1]
EMPTY QUEUE
 P 5742 0 51626 3011912
PT [188 0 11 -7 1]
 P 5742 0 55016 3083099
PT [188 0 12 -7 1]
 P 7133 0 55019 3155279
PT [188 0 13 -7 1]
 P 7133 0 58409 3227459
PT [188 0 14 -7 1]
 P 9349 0 58418 3299639
PT [188 0 15 -7 1]
EMPTY QUEUE
 P 9972 0 61817 3374604
PT [188 0 16 -9 1]
 P 9972 0 65207 3443999
PT [188 0 17 -9 1]
 P 12103 0 65210 3516179
PT [188 0 18 -9 1]
 P 12103 0 68600 3588359
PT [188 0 19 -9 1]
 P 12103 0 71990 3660539
PT [188 0 20 -9 1]
EMPTY QUEUE
 P 15162 0 72007 3734609
PT [188 0 21 -11 1]
 P 15162 0 75397 3804899
PT [188 0 22 -11 1]
 P 16551 0 75400 3877079
PT [188 0 23 -11 1]
 P 16551 0 78790 3949259
PT [188 0 24 -11 1]
 P 16551 0 82180 4021439
PT [188 0 25 -11 1]
EMPTY QUEUE
 P 19296 0 82199 4096245
PT [188 0 26 -14 1]
 P 19296 0 85589 4165799
PT [188 0 27 -14 1]
 P 21903 0 85592 4237979
PT [188 0 28 -14 1]
 P 21903 0 88982 4310159
PT [188 0 29 -14 1]
 P 21903 0 92372 4382339
PT [188 0 30 -14 1]
EMPTY QUEUE
 P 24210 0 92389 4457272
PT [188 0 31 -16 1]
 P 24210 0 95779 4526699
PT [188 0 32 -16 1]
 P 26807 0 95782 4598879
PT [188 0 33 -16 1]
 P 26807 0 99172 4671059
PT [188 0 34 -16 1]
 P 26807 0 102562 4743239
PT [188 0 35 -16 1]
EMPTY QUEUE
 P 28862 0 102581 4817884
PT [188 0 36 -18 1]
 P 28862 0 105971 4887599
PT [188 0 37 -18 1]
 P 31562 0 105974 4959779
PT [188 0 38 -18 1]
 P 31562 0 109364 5031959
PT [188 0 39 -18 1]
 P 31562 0 112754 5104139
PT [188 0 40 -18 1]
EMPTY QUEUE
 P 34377 0 112772 5177952
PT [188 0 41 -20 1]
 P 34377 0 116162 5248499
PT [188 0 42 -20 1]
 P 35220 0 116165 5320679
PT [188 0 43 -20 1]
 P 35220 0 119555 5392859
PT [188 0 44 -20 1]
 P 35220 0 122945 5465039
PT [188 0 45 -20 1]
EMPTY QUEUE
 P 36671 0 122964 5539621
PT [188 0 46 -21 1]
 P 36671 0 126354 5609399
PT [188 0 47 -21 1]
 P 38349 0 126357 5681579
PT [188 0 48 -21 1]
 P 38349 0 129747 5753759
PT [188 0 49 -21 1]
 P 38349 0 133137 5825939
PT [188 0 50 -21 1]
EMPTY QUEUE
 P 40210 0 133155 5900586
PT [188 0 51 -23 1]
 P 40210 0 136545 5970299
PT [188 0 52 -23 1]
 P 42453 0 136548 6042479
PT [188 0 53 -23 1]
 P 42453 0 139938 6114659
PT [188 0 54 -23 1]
 P 42453 0 143328 6186839
PT [188 0 55 -23 1]
EMPTY QUEUE
 P 45750 0 143346 6261228
PT [188 0 56 -26 1]
 P 45750 0 146736 6331199
PT [188 0 57 -26 1]
 P 48350 0 146740 6403379
PT [188 0 58 -26 1]
 P 48350 0 150130 6475559
PT [188 0 59 -26 1]
 P 48350 0 153520 6547739
PT [188 0 60 -26 1]
EMPTY QUEUE
 P 50115 0 153538 6621265
PT [188 0 61 -28 1]
 P 50115 0 156928 6692099
PT [188 0 62 -28 1]
 P 52228 0 156931 6764279
PT [188 0 63 -28 1]
 P 52228 0 160321 6836459
PT [188 0 64 -28 1]
 P 52228 0 163711 6908639
PT [188 0 65 -28 1]
EMPTY QUEUE
 P 54539 0 163728 6982964
PT [188 0 66 -30 1]
 P 54539 0 167118 7052999
PT [188 0 67 -30 1]
 P 55672 0 167121 7125179
PT [188 0 68 -30 1]
 P 55672 0 170511 7197359
PT [188 0 69 -30 1]
 P 55672 0 173901 7269539
PT [188 0 70 -30 1]
EMPTY QUEUE
 P 57691 0 173918 7344056
PT [188 0 71 -32 1]
 P 57691 0 177308 7413899
PT [188 0 72 -32 1]
 P 60279 0 177311 7486079
PT [188 0 73 -32 1]
 P 60279 0 180701 7558259
PT [188 0 74 -32 1]
 P 60279 0 184091 7630439
PT [188 0 75 -32 1]
EMPTY QUEUE
 P 62748 0 184108 7704572
PT [188 0 76 -35 1]
 P 62748 0 187498 7774799
PT [188 0 77 -35 1]
 P 64420 0 187501 7846979
PT [188 0 78 -35 1]
 P 64420 0 190891 7919159
PT [188 0 79 -35 1]
 P 64420 0 194281 7991339
PT [188 0 80 -35 1]
EMPTY QUEUE
 P 65929 0 194299 8064576
PT [188 0 81 -37 1]
 P 65929 0 197689 8135699
PT [188 0 82 -37 1]
 P 67656 0 197692 8207879
PT [188 0 83 -37 1]
 P 67656 0 201082 8280059
PT [188 0 84 -37 1]
 P 67656 0 204472 8352239
PT [188 0 85 -37 1]
EMPTY QUEUE
 P 70413 0 204490 8426278
PT [188 0 86 -38 1]
 P 70413 0 207880 8496599
PT [188 0 87 -38 1]
 P 71892 0 207883 8568779
PT [188 0 88 -38 1]
 P 71892 0 211273 8640959
PT [188 0 89 -38 1]
 P 71892 0 214663 8713139
PT [188 0 90 -38 1]
EMPTY QUEUE
 P 74357 0 214681 8787304
PT [188 0 91 -41 1]
 P 74357 0 218071 8857499
PT [188 0 92 -41 1]
 P 75796 0 218074 8929679
PT [188 0 93 -41 1]
 P 75796 0 221464 9001859
PT [188 0 94 -41 1]
 P 75796 0 224854 9074039
PT [188 0 95 -41 1]
EMPTY QUEUE
 P 79094 0 224872 9147980
PT [188 0 96 -43 1]
 P 79094 0 228262 9218399
PT [188 0 97 -43 1]
 P 80158 0 228265 9290579
PT [188 0 98 -43 1]
 P 80158 0 231655 9362759
PT [188 0 99 -43 1]
 P 80158 0 235045 9434939
PT [188 0 100 -43 1]
EMPTY QUEUE
 P 81828 0 235063 9510096
PT [188 0 101 -45 1]
 P 81828 0 238453 9579299
PT [188 0 102 -45 1]
 P 83997 0 238456 9651479
PT [188 0 103 -45 1]
 P 83997 0 241846 9723659
PT [188 0 104 -45 1]
 P 83997 0 245236 9795839
PT [188 0 105 -45 1]
EMPTY QUEUE
 P 86913 0 245254 9869524
PT [188 0 106 -47 1]
 P 86913 0 248644 9940199
PT [188 0 107 -47 1]
 P 89598 0 248648 10012379
PT [188 0 108 -47 1]
 P 89598 0 252038 10084559
PT [188 0 109 -47 1]
 P 89598 0 255428 10156739
PT [188 0 110 -47 1]
EMPTY QUEUE
 P 91618 0 255446 10230744
PT [188 0 111 -49 1]
 P 91618 0 258836 10301099
PT [188 0 112 -49 1]
 P 92480 0 258839 10373279
PT [188 0 113 -49 1]
 P 92480 0 262229 10445459
PT [188 0 114 -49 1]
 P 92480 0 265619 10517639
PT [188 0 115 -49 1]
EMPTY QUEUE
 P 94089 0 265638 10591261
PT [188 0 116 -51 1]
 P 94089 0 269028 10661999
PT [188 0 117 -51 1]
 P 96647 0 269031 10734179
PT [188 0 118 -51 1]
 P 96647 0 272421 10806359
PT [188 0 119 -51 1]
 P 96647 0 275811 10878539
PT [188 0 120 -51 1]
EMPTY QUEUE
 P 98919 0 275829 10953312
PT [188 0 121 -53 1]
 P 98919 0 279219 11022899
PT [188 0 122 -53 1]
 P 100574 0 279222 11095079
PT [188 0 123 -53 1]
 P 100574 0 282612 11167259
PT [188 0 124 -53 1]
 P 100574 0 286002 11239439
PT [188 0 125 -53 1]
EMPTY QUEUE
 P 103648 0 286019 11312900
PT [188 0 126 -56 1]
 P 103648 0 289409 11383799
PT [188 0 127 -56 1]
 P 104801 0 289412 11455979
PT [188 0 128 -56 1]
 P 104801 0 292802 11528159
PT [188 0 129 -56 1]
 P 104801 0 296192 11600339
PT [188 0 130 -56 1]
EMPTY QUEUE
 P 107935 0 296210 11673961
PT [188 0 131 -58 1]
 P 107935 0 299600 11744699
PT [188 0 132 -58 1]
 P 109747 0 299603 11816879
PT [188 0 133 -58 1]
 P 109747 0 302993 11889059
PT [188 0 134 -58 1]
 P 110370 72 306395 11962954
PT [188 0 135 -59 1]
 P 111788 144 306415 12034974
PT [188 0 136 -60 1]
 P 111799 144 309807 12107445
PT [188 0 137 -60 1]
 P 112949 144 309810 12177779
PT [188 0 138 -60 1]
 P 113572 216 313212 12252346
PT [188 0 139 -61 1]
 P 114693 360 316625 12324656
PT [188 0 140 -61 1]
 P 117510 432 316645 12396514
PT [188 0 141 -62 1]
 P 117510 432 320035 12466499
PT [188 0 142 -62 1]
 P 118619 432 320039 12538679
PT [188 0 143 -62 1]
 P 119178 504 323441 12612190
PT [188 0 144 -63 1]
 P 120074 576 326849 12685311
PT [188 0 145 -63 1]
 P 121556 648 326870 12758214
PT [188 0 146 -64 1]
 P 121625 648 332832 12831745
PT [188 0 147 -64 1]
 P 123793 648 332835 12899579
PT [188 0 148 -64 1]
 P 124416 720 336237 12974146
PT [188 0 149 -65 1]
 P 125598 864 339650 13043939
PT [188 0 150 -65 1]
 P 127489 936 339671 13118250
PT [188 0 151 -66 1]
 P 128112 1008 343072 13189693
PT [188 0 152 -66 1]
 P 130239 1008 343075 13260479
PT [188 0 153 -66 1]
 P 131681 1080 344297 13335526
PT [188 0 154 -67 1]
 P 134767 1435 344318 13406618
PT [188 0 155 -68 1]
 P 138017 1862 344350 13478895
PT [188 0 156 -68 1]
 P 140896 2289 344381 13550689
PT [188 0 157 -69 1]
 P 143376 2289 344384 13621379
PT [188 0 158 -69 1]
 P 145577 2644 344405 13696107
PT [188 0 159 -69 1]
 P 149166 2788 344430 13765739
PT [188 0 160 -70 1]
 P 151916 3144 344450 13840722
PT [188 0 161 -70 1]
 P 154369 3644 344495 13911270
PT [188 0 162 -71 1]
 P 156894 3644 344498 13982279
PT [188 0 163 -71 1]
 P 158778 3999 344518 14056110
PT [188 0 164 -71 1]
 P 162462 4143 344544 14126639
PT [188 0 165 -72 1]
 P 165435 4498 344564 14201846
PT [188 0 166 -72 1]
 P 167543 4570 344578 14270999
PT [188 0 167 -72 1]
 P 169455 4570 344581 14343179
PT [188 0 168 -72 1]
 P 172545 4925 344602 14416849
PT [188 0 169 -73 1]
 P 178222 5637 344644 14487539
PT [188 0 170 -74 1]
 P 180391 5992 344664 14562874
PT [188 0 171 -74 1]
 P 184043 6136 344690 14631899
PT [188 0 172 -75 1]
 P 186856 6491 344710 14707074
PT [188 0 173 -75 1]
 P 189406 6991 344753 14779094
PT [188 0 174 -76 1]
 P 192420 7207 344798 14851083
PT [188 0 175 -76 1]
 P 194905 7207 344801 14920619
PT [188 0 176 -76 1]
 P 196703 7207 344804 14992799
PT [188 0 177 -76 1]
 P 198767 7207 344808 15064979
PT [188 0 178 -76 1]
 P 200246 7207 344811 15137159
PT [188 0 179 -76 1]
 P 202471 7207 344815 15209339
PT [188 0 180 -76 1]
 P 205462 7562 344835 15283330
PT [188 0 181 -78 1]
 P 211892 8629 344895 15356118
PT [188 0 182 -79 1]
 P 216353 9341 344946 15428696
PT [188 0 183 -79 1]
 P 220002 9485 344973 15498059
PT [188 0 184 -79 1]
 P 221967 9485 344991 15572384
PT [188 0 185 -80 1]
 P 225751 9912 347598 15646445
PT [188 0 186 -80 1]
 P 227654 9912 347602 15714599
PT [188 0 187 -80 1]
 P 230689 10196 347620 15789500
PT [188 0 188 -81 1]
 P 236207 10624 347653 15858959
PT [188 0 189 -82 1]
 P 238479 10908 347672 15932228
PT [188 0 190 -82 1]
 P 241603 11408 347717 16005578
PT [188 0 191 -83 1]
 P 245446 11552 347759 16078718
PT [188 0 192 -83 1]
 P 248186 11979 347803 16149683
PT [188 0 193 -83 1]
 P 251232 12407 347846 16222487
PT [188 0 194 -84 1]
 P 254910 12551 347873 16292039
PT [188 0 195 -83 1]
 P 256812 12551 347876 16364219
PT [188 0 196 -83 1]
 P 258855 12551 347879 16436399
PT [188 0 197 -83 1]
 P 261910 12834 347896 16510085
PT [188 0 198 -85 1]
 P 268854 13546 347939 16580759
PT [188 0 199 -86 1]
 P 270923 13830 347957 16653997
PT [188 0 200 -86 1]
 P 274646 14046 348001 16727378
PT [188 0 201 -87 1]
 P 278730 14546 348047 16799526
PT [188 0 202 -87 1]
 P 282586 15046 348090 16871482
PT [188 0 203 -88 1]
 P 286102 15190 348119 16941659
PT [188 0 204 -88 1]
 P 288431 15474 348137 17015505
PT [188 0 205 -88 1]
 P 291643 15974 348180 17087798
PT [188 0 206 -89 1]
 P 295339 16046 348207 17158199
PT [188 0 207 -89 1]
 P 297198 16046 348210 17230379
PT [188 0 208 -89 1]
 P 299198 16046 348213 17302559
PT [188 0 209 -89 1]
 P 302293 16329 348232 17376245
PT [188 0 210 -91 1]
 P 307608 17042 348281 17448122
PT [188 0 211 -91 1]
 P 311199 17114 348306 17519099
PT [188 0 212 -91 1]
 P 313320 17398 348325 17592596
PT [188 0 213 -92 1]
 P 317405 17897 348370 17665494
PT [188 0 214 -92 1]
 P 321131 17969 348394 17735639
PT [188 0 215 -92 1]
 P 322511 18253 348412 17809868
PT [188 0 216 -93 1]
 P 325510 18753 348457 17882706
PT [188 0 217 -93 1]
 P 329129 18897 348483 17952179
PT [188 0 218 -94 1]
 P 330942 18897 348486 18024359
PT [188 0 219 -94 1]
 P 332897 18897 348489 18096539
PT [188 0 220 -94 1]
 P 335871 19181 348508 18171568
PT [188 0 221 -95 1]
 P 342288 19609 348567 18242840
PT [188 0 222 -94 1]
 P 346902 20037 348618 18315690
PT [188 0 223 -96 1]
 P 349987 20465 348662 18387502
PT [188 0 224 -96 1]
 P 353573 20609 348688 18457439
PT [188 0 225 -97 1]
 P 355469 20609 348691 18529619
PT [188 0 226 -97 1]
 P 357506 20609 348695 18601799
PT [188 0 227 -97 1]
 P 360503 20892 348714 18676028
PT [188 0 228 -98 1]
 P 366927 21676 348776 18747522
PT [188 0 229 -99 1]
 P 372451 22031 348810 18818339
PT [188 0 230 -99 1]
 P 373895 22031 348828 18892409
PT [188 0 231 -99 1]
 P 376891 22531 348871 18964190
PT [188 0 232 -100 1]
 P 380478 22675 348898 19034879
PT [188 0 233 -100 1]
 P 382372 22675 348901 19107059
PT [188 0 234 -100 1]
 P 384409 22675 348904 19179239
PT [188 0 235 -100 1]
 P 387510 22960 348921 19254173
PT [188 0 236 -101 1]
 P 393985 23388 348980 19324834
PT [188 0 237 -102 1]
 P 399401 23815 349039 19398775
PT [188 0 238 -102 1]
 P 403082 23959 349065 19467959
PT [188 0 239 -103 1]
 P 404891 23959 349069 19540139
PT [188 0 240 -103 1]
 P 406842 23959 349072 19612319
PT [188 0 241 -103 1]
 P 409084 23959 349075 19684499
PT [188 0 242 -103 1]
 P 410225 23959 349079 19756679
PT [188 0 243 -103 1]
 P 412240 23959 349083 19828859
PT [188 0 244 -103 1]
 P 415198 23959 349101 19903152
PT [188 0 245 -105 1]
 P 421507 24388 349159 19975960
PT [188 0 246 -104 1]
 P 426892 25384 349221 20047672
PT [188 0 247 -106 1]
 P 433750 25884 350486 20119390
PT [188 0 248 -107 1]
 P 438711 26508 350539 20192595
PT [188 0 249 -107 1]
 P 442313 26652 350566 20261939
PT [188 0 250 -107 1]
 P 443833 27008 350586 20335706
PT [188 0 251 -108 1]
 P 447548 27224 350633 20408558
PT [188 0 252 -108 1]
 P 451724 27652 350675 20480706
PT [188 0 1 0 1]
 P 455771 28080 350717 20552439
PT [188 0 2 0 1]
 P 459604 28224 350744 20622730
PT [188 0 3 0 1]
 P 461999 28508 350763 20696640
PT [188 0 4 -1 1]
 P 465180 28936 350805 20768837
PT [188 0 5 -1 1]
 P 468813 29080 350830 20839270
PT [188 0 6 -2 1]
 P 470703 29080 350833 20911450
PT [188 0 7 -2 1]
 P 472860 29080 350836 20983630
PT [188 0 8 -2 1]
 P 475190 29080 350839 21055810
PT [188 0 9 -2 1]
 P 476419 29080 350842 21127990
PT [188 0 10 -2 1]
 P 478681 29080 350845 21200170
PT [188 0 11 -2 1]
 P 481643 29364 350863 21273759
PT [188 0 12 -4 1]
 P 488097 30147 350924 21346277
PT [188 0 13 -5 1]
 P 493653 31214 350986 21417945
PT [188 0 14 -5 1]
 P 497268 31358 351014 21488890
PT [188 0 15 -5 1]
 P 499263 31358 351017 21561070
PT [188 0 16 -5 1]
 P 501400 31358 351020 21633250
PT [188 0 17 -5 1]
 P 503711 31358 351023 21705430
PT [188 0 18 -5 1]
 P 506806 31358 351041 21778603
PT [188 0 19 -7 1]
 P 513235 31785 351099 21851057
PT [188 0 20 -8 1]
 P 518736 32780 351162 21924628
PT [188 0 21 -8 1]
 P 522466 32924 351189 21994150
PT [188 0 22 -8 1]
 P 524359 32924 351192 22066330
PT [188 0 23 -8 1]
 P 527369 32924 351210 22140912
PT [188 0 24 -9 1]
 P 533999 33351 351254 22210690
PT [188 0 25 -10 1]
 P 535556 33351 351257 22282870
PT [188 0 26 -10 1]
 P 538649 33351 351275 22357644
PT [188 0 27 -11 1]
 P 545037 33851 351338 22429521
PT [188 0 28 -11 1]
 P 550630 34919 351399 22500806
PT [188 0 29 -11 1]
 P 554368 35063 351425 22571590
PT [188 0 30 -12 1]
 P 556268 35063 351428 22643770
PT [188 0 31 -12 1]
 P 559375 35063 351445 22718001
PT [188 0 32 -13 1]
 P 566226 35562 352475 22789910
PT [188 0 33 -12 1]
 P 571708 36273 352531 22863177
PT [188 0 34 -14 1]
 P 577915 36629 352564 22932490
PT [188 0 35 -14 1]
 P 579616 36629 352581 23006048
PT [188 0 36 -14 1]
 P 582992 37128 352626 23079909
PT [188 0 37 -15 1]
 P 587771 37483 352660 23149030
PT [188 0 38 -15 1]
 P 589668 37483 352663 23221210
PT [188 0 39 -15 1]
 P 591817 37483 352667 23293390
PT [188 0 40 -15 1]
 P 594235 37483 352670 23365570
PT [188 0 41 -15 1]
 P 596545 37483 352674 23437750
PT [188 0 42 -15 1]
 P 599614 37483 352692 23510892
PT [188 0 43 -17 1]
 P 606027 38265 352752 23583281
PT [188 0 44 -18 1]
 P 610566 38764 352806 23656869
PT [188 0 45 -18 1]
 P 615274 39191 352842 23726470
PT [188 0 46 -17 1]
 P 617169 39191 352845 23798650
PT [188 0 47 -17 1]
 P 619317 39191 352849 23870830
PT [188 0 48 -17 1]
 P 620880 39191 352852 23943010
PT [188 0 49 -17 1]
 P 623988 39191 352870 24017721
PT [188 0 50 -20 1]
 P 630417 39902 352926 24089868
PT [188 0 51 -21 1]
 P 634727 40403 352979 24161521
PT [188 0 52 -21 1]
 P 637882 40831 353023 24233157
PT [188 0 53 -22 1]
 P 641554 40903 353048 24303910
PT [188 0 54 -22 1]
 P 643453 40903 353051 24376090
PT [188 0 55 -22 1]
 P 645494 40903 353054 24448270
PT [188 0 56 -22 1]
 P 648530 40903 353072 24522981
PT [188 0 57 -23 1]
 P 655096 41331 353129 24594729
PT [188 0 58 -24 1]
 P 661112 42041 356571 24666603
PT [188 0 59 -24 1]
 P 666360 42541 356623 24739281
PT [188 0 60 -24 1]
 P 671226 42969 356659 24809170
PT [188 0 61 -25 1]
 P 673212 42969 356662 24881350
PT [188 0 62 -25 1]
 P 675339 42969 356665 24953530
PT [188 0 63 -25 1]
 P 677735 42969 356668 25025710
PT [188 0 64 -25 1]
 P 680023 42969 356671 25097890
PT [188 0 65 -25 1]
 P 682426 42969 356674 25170070
PT [188 0 66 -25 1]
 P 685527 42969 356691 25243500
PT [188 0 67 -27 1]
 P 692065 43396 356749 25315985
PT [188 0 68 -28 1]
 P 697416 44109 356809 25389669
PT [188 0 69 -28 1]
 P 704463 44820 356851 25458790
PT [188 0 70 -29 1]
 P 706780 44820 356869 25532859
PT [188 0 71 -29 1]
 P 709758 45248 356909 25606113
PT [188 0 72 -29 1]
 P 715270 45605 356942 25675330
PT [188 0 73 -30 1]
 P 716813 45605 356959 25748536
PT [188 0 74 -30 1]
 P 720737 45821 358204 25822333
PT [188 0 75 -31 1]
 P 724773 46320 358250 25893841
PT [188 0 76 -31 1]
 P 730076 47102 358301 25966213
PT [188 0 77 -32 1]
 P 733725 47246 358328 26036230
PT [188 0 78 -32 1]
 P 735889 47530 358346 26110268
PT [188 0 79 -32 1]
 P 739891 47958 358387 26182593
PT [188 0 80 -33 1]
 P 743530 48102 358414 26252770
PT [188 0 81 -32 1]
 P 744987 48385 358435 26326554
PT [188 0 82 -34 1]
 P 747963 48813 358478 26398750
PT [188 0 83 -33 1]
 P 751645 48885 358502 26469310
PT [188 0 84 -34 1]
 P 753584 48885 358505 26541490
PT [188 0 85 -34 1]
 P 755665 48885 358508 26613670
PT [188 0 86 -34 1]
 P 757919 48885 358511 26685850
PT [188 0 87 -34 1]
 P 760860 48885 359732 26759311
PT [188 0 88 -36 1]
 P 766225 49596 359774 26830210
PT [188 0 89 -37 1]
 P 768052 49596 359777 26902390
PT [188 0 90 -37 1]
 P 770344 49596 359781 26974570
PT [188 0 91 -37 1]
 P 772465 49596 359784 27046750
PT [188 0 92 -37 1]
 P 774192 49596 359787 27118930
PT [188 0 93 -37 1]
 P 775460 49596 359791 27191110
PT [188 0 94 -37 1]
 P 778006 49596 362372 27267764
PT [188 0 95 -37 1]
 P 783363 49596 362407 27336656
PT [188 0 96 -40 1]
 P 788685 50378 362470 27409366
PT [188 0 97 -40 1]
 P 795543 50805 362530 27481355
PT [188 0 98 -40 1]
 P 800881 51517 362589 27554846
PT [188 0 99 -40 1]
 P 807935 52229 362634 27624190
PT [188 0 100 -41 1]
 P 809914 52229 362637 27696370
PT [188 0 101 -41 1]
 P 813008 52229 362655 27770023
PT [188 0 102 -42 1]
 P 819626 52657 362713 27842765
PT [188 0 103 -43 1]
 P 825836 53368 362758 27912910
PT [188 0 104 -43 1]
 P 827726 53368 362775 27986564
PT [188 0 105 -43 1]
 P 831365 53440 362798 28057270
PT [188 0 106 -44 1]
 P 833260 53440 362801 28129450
PT [188 0 107 -44 1]
 P 835296 53440 362804 28201630
PT [188 0 108 -44 1]
 P 838280 53440 362823 28274643
PT [188 0 109 -45 1]
 P 844698 53940 362883 28347385
PT [188 0 110 -45 1]
 P 850072 54651 362942 28419195
PT [188 0 111 -46 1]
 P 853687 54795 362969 28490350
PT [188 0 112 -46 1]
 P 855662 54795 362972 28562530
PT [188 0 113 -46 1]
 P 857778 54795 362976 28634710
PT [188 0 114 -46 1]
 P 859309 54795 362979 28706890
PT [188 0 115 -46 1]
 P 862343 54795 362997 28781471
PT [188 0 116 -48 1]
 P 868748 55222 363056 28854213
PT [188 0 117 -48 1]
 P 874077 55932 363115 28926201
PT [188 0 118 -49 1]
 P 880977 56643 363160 28995610
PT [188 0 119 -49 1]
 P 883243 56643 363179 29069679
PT [188 0 120 -50 1]
 P 886299 57070 363223 29142421
PT [188 0 121 -50 1]
 P 891594 57426 363254 29212150
PT [188 0 122 -50 1]
 P 893120 57426 363272 29286923
PT [188 0 123 -51 1]
 P 896923 57642 363316 29358801
PT [188 0 124 -51 1]
 P 901072 58142 363360 29430885
PT [188 0 125 -52 1]
 P 906510 58927 363415 29502617
PT [188 0 126 -52 1]
 P 910257 59071 363440 29573050
PT [188 0 127 -53 1]
 P 912384 59354 363459 29647151
PT [188 0 128 -53 1]
 P 916238 59781 363499 29719830
PT [188 0 129 -52 1]
 P 919844 59925 363525 29789590
PT [188 0 130 -54 1]
 P 921312 60208 363542 29864396
PT [188 0 131 -54 1]
 P 924461 60635 363583 29935185
PT [188 0 132 -55 1]
 P 928120 60707 363608 30006130
PT [188 0 133 -55 1]
 P 930092 60707 363612 30078310
PT [188 0 134 -55 1]
 P 932206 60707 363615 30150490
PT [188 0 135 -55 1]
 P 934493 60707 363618 30222670
PT [188 0 136 -55 1]
 P 935680 60707 363622 30294850
PT [188 0 137 -55 1]
 P 937740 60707 363625 30367030
PT [188 0 138 -55 1]
 P 938954 60707 363628 30439210
PT [188 0 139 -55 1]
 P 941996 60707 363646 30512799
PT [188 0 140 -58 1]
 P 948353 61206 363705 30585989
PT [188 0 141 -59 1]
 P 953905 62274 363766 30658425
PT [188 0 142 -59 1]
 P 959247 62702 363817 30730094
PT [188 0 143 -59 1]
 P 963854 63130 363869 30802081
PT [188 0 144 -60 1]
 P 967605 63334 363911 30873285
PT [188 0 145 -60 1]
 P 970387 63834 363955 30947177
PT [188 0 146 -61 1]
 P 974236 63978 363997 31018653
PT [188 0 147 -61 1]
 P 978236 64229 364041 31090289
PT [188 0 148 -62 1]
 P 981934 64373 364068 31161010
PT [188 0 149 -62 1]
 P 983794 64373 364071 31233190
PT [188 0 150 -62 1]
 P 985921 64373 364074 31305370
PT [188 0 151 -62 1]
 P 988221 64373 364077 31377550
PT [188 0 152 -62 1]
 P 990636 64373 364080 31449730
PT [188 0 153 -62 1]
 P 992276 64373 364083 31521910
PT [188 0 154 -62 1]
 P 993456 64373 364086 31594090
PT [188 0 155 -62 1]
 P 996471 64373 364105 31668831
PT [188 0 156 -65 1]
 P 1002540 64801 364150 31738450
PT [188 0 157 -65 1]
 P 1004737 64801 364153 31810630
PT [188 0 158 -65 1]
 P 1006761 64801 364157 31882810
PT [188 0 159 -65 1]
 P 1008509 64801 364160 31954990
PT [188 0 160 -65 1]
 P 1009799 64801 364163 32027170
PT [188 0 161 -65 1]
 P 1012847 64801 364180 32101208
PT [188 0 162 -67 1]
 P 1019792 65157 364221 32171530
PT [188 0 163 -68 1]
 P 1022034 65157 364224 32243710
PT [188 0 164 -68 1]
 P 1025038 65157 364241 32318580
PT [188 0 165 -69 1]
 P 1031475 65584 364302 32389273
PT [188 0 166 -69 1]
 P 1037254 66297 364362 32463376
PT [188 0 167 -70 1]
 P 1044026 67291 364422 32534479
PT [188 0 168 -70 1]
 P 1049566 68073 364485 32605814
PT [188 0 169 -70 1]
 P 1056699 68428 364526 32676790
PT [188 0 170 -71 1]
 P 1058663 68428 364530 32748970
PT [188 0 171 -71 1]
 P 1061740 68428 364547 32822432
PT [188 0 172 -72 1]
 P 1068163 69212 364609 32894565
PT [188 0 173 -72 1]
 P 1073747 69994 364674 32968154
PT [188 0 174 -72 1]
 P 1077419 70138 364701 33037690
PT [188 0 175 -73 1]
 P 1079317 70138 364705 33109870
PT [188 0 176 -73 1]
 P 1081356 70138 364708 33182050
PT [188 0 177 -73 1]
 P 1084461 70138 364727 33257047
PT [188 0 178 -74 1]
 P 1090954 70850 364784 33328972
PT [188 0 179 -75 1]
 P 1096401 71634 364846 33400753
PT [188 0 180 -75 1]
 P 1100051 71706 364872 33470770
PT [188 0 181 -75 1]
 P 1102012 71706 364875 33542950
PT [188 0 182 -75 1]
 P 1104114 71706 364879 33615130
PT [188 0 183 -75 1]
 P 1107227 71706 364897 33689585
PT [188 0 184 -77 1]
 P 1113895 72133 364958 33761814
PT [188 0 185 -76 1]
 P 1118381 72560 365008 33833129
PT [188 0 186 -78 1]
 P 1121415 73062 365051 33905085
PT [188 0 187 -78 1]
 P 1127638 73490 365086 33976030
PT [188 0 188 -78 1]
 P 1129363 73774 365105 34050325
PT [188 0 189 -79 1]
 P 1132834 74201 365148 34122919
PT [188 0 190 -79 1]
 P 1136400 74345 365175 34192570
PT [188 0 191 -80 1]
 P 1138393 74548 365195 34267567
PT [188 0 192 -80 1]
 P 1142260 74767 365235 34338357
PT [188 0 193 -80 1]
 P 1145983 74911 365262 34409110
PT [188 0 194 -81 1]
 P 1147575 75195 365280 34482925
PT [188 0 195 -81 1]
 P 1151366 75267 365304 34553470
PT [188 0 196 -82 1]
 P 1153253 75267 365307 34625650
PT [188 0 197 -82 1]
 P 1155282 75267 365310 34697830
PT [188 0 198 -82 1]
 P 1158287 75267 365329 34771996
PT [188 0 199 -83 1]
 P 1164793 75694 365389 34844257
PT [188 0 200 -83 1]
 P 1170476 76405 365449 34915765
PT [188 0 201 -84 1]
 P 1174179 76549 365477 34986550
PT [188 0 202 -84 1]
 P 1176137 76549 365481 35058730
PT [188 0 203 -84 1]
 P 1179160 76832 365499 35132351
PT [188 0 204 -85 1]
 P 1185723 77332 365559 35204615
PT [188 0 205 -86 1]
 P 1189586 77548 365604 35277561
PT [188 0 206 -86 1]
 P 1193621 77976 365646 35349582
PT [188 0 207 -86 1]
 P 1200613 78616 365687 35419630
PT [188 0 208 -87 1]
 P 1202822 78900 365707 35493893
PT [188 0 209 -87 1]
 P 1206679 79399 365752 35567177
PT [188 0 210 -88 1]
 P 1210353 79471 365777 35636170
PT [188 0 211 -88 1]
 P 1211824 79754 365796 35710144
PT [188 0 212 -88 1]
 P 1214877 80182 365838 35783155
PT [188 0 213 -89 1]
 P 1218500 80326 365866 35852710
PT [188 0 214 -89 1]
 P 1220414 80326 365869 35924890
PT [188 0 215 -89 1]
 P 1222470 80326 365872 35997070
PT [188 0 216 -89 1]
 P 1224699 80326 365875 36069250
PT [188 0 217 -89 1]
 P 1225828 80326 365878 36141430
PT [188 0 218 -89 1]
 P 1227941 80326 365882 36213610
PT [188 0 219 -89 1]
 P 1230933 80326 365901 36287327
PT [188 0 220 -92 1]
 P 1237415 81108 365964 36359301
PT [188 0 221 -92 1]
 P 1243034 81892 366024 36432601
PT [188 0 222 -93 1]
 P 1246785 82036 366051 36502330
PT [188 0 223 -93 1]
 P 1248667 82036 366054 36574510
PT [188 0 224 -93 1]
 P 1250690 82036 366057 36646690
PT [188 0 225 -93 1]
 P 1252128 82036 366060 36718870
PT [188 0 226 -93 1]
 P 1255125 82036 366078 36792011
PT [188 0 227 -95 1]
 P 1261481 82747 366138 36865791
PT [188 0 228 -95 1]
 P 1267013 83530 366198 36937349
PT [188 0 229 -96 1]
 P 1270748 83602 366224 37007590
PT [188 0 230 -95 1]
 P 1272646 83602 366227 37079770
PT [188 0 231 -95 1]
 P 1274685 83602 366230 37151950
PT [188 0 232 -95 1]
 P 1276138 83602 366234 37224130
PT [188 0 233 -95 1]
 P 1278439 83602 366237 37296310
PT [188 0 234 -95 1]
 P 1280746 83602 366240 37368490
PT [188 0 235 -95 1]
 P 1283800 83602 366257 37443232
PT [188 0 236 -99 1]
 P 1290434 84386 366321 37515238
PT [188 0 237 -99 1]
 P 1296022 84814 366384 37586459
PT [188 0 238 -98 1]
 P 1302859 85524 366446 37658909
PT [188 0 239 -100 1]
 P 1305925 86024 366491 37731265
PT [188 0 240 -100 1]
 P 1309826 86309 366530 37803286
PT [188 0 241 -100 1]
 P 1313549 86381 366556 37873750
PT [188 0 242 -101 1]
 P 1315015 86666 366573 37947181
PT [188 0 243 -100 1]
 P 1318731 86882 367821 38019505
PT [188 0 244 -102 1]
 P 1322849 87309 367865 38091622
PT [188 0 245 -102 1]
 P 1326862 87737 367906 38163609
PT [188 0 246 -103 1]
 P 1330744 87881 368885 38237563
PT [188 0 247 -103 1]
 P 1334033 88380 368929 38309730
PT [188 0 248 -104 1]
 P 1338134 88807 368972 38381877
PT [188 0 249 -104 1]
 P 1340759 89235 369014 38453929
PT [188 0 250 -104 1]
 P 1344303 89379 369040 38523370
PT [188 0 251 -105 1]
 P 1346134 89662 369059 38597824
PT [188 0 252 -105 1]
 P 1349891 89806 369084 38667730
PT [188 0 253 -106 1]
 P 1351808 89806 369087 38739910
PT [188 0 254 -106 1]
 P 1353867 89806 369090 38812090
PT [188 0 255 -106 1]
 P 1356099 89806 369093 38884270
PT [188 0 256 -106 1]
 P 1357230 89806 369096 38956450
PT [188 0 257 -106 1]
 P 1359235 89806 369099 39028630
PT [188 0 258 -106 1]
 P 1360965 89806 369102 39100810
PT [188 0 259 -106 1]
 P 1363935 90089 369122 39175231
PT [188 0 1 0 1]
 P 1370512 90800 369182 39247641
PT [188 0 2 1 1]
 P 1376426 91795 369241 39319068
PT [188 0 3 -1 1]
 P 1380222 91939 369268 39389421
PT [188 0 4 -1 1]
 P 1382213 91939 369271 39461601
PT [188 0 5 -1 1]
 P 1384345 91939 369274 39533781
PT [188 0 6 -1 1]
 P 1387528 91939 369293 39607690
PT [188 0 7 -2 1]
 P 1394287 92724 369353 39680113
PT [188 0 8 -3 1]
 P 1400029 93151 369389 39750321
PT [188 0 9 -3 1]
 P 1401541 93151 369407 39824584
PT [188 0 10 -3 1]
 P 1404731 93651 369451 39896396
PT [188 0 11 -4 1]
 P 1411031 94007 369485 39966861
PT [188 0 12 -4 1]
 P 1412786 94007 369503 40040068
PT [188 0 13 -5 1]
 P 1416059 94435 369545 40112118
PT [188 0 14 -5 1]
 P 1420770 94934 369597 40186204
PT [188 0 15 -6 1]
 P 1423408 95361 369640 40258737
PT [188 0 16 -6 1]
 P 1427324 95789 369682 40329188
PT [188 0 17 -6 1]
 P 1430998 95933 369708 40399941
PT [188 0 18 -7 1]
 P 1433452 96216 369727 40473658
PT [188 0 19 -7 1]
 P 1438003 96644 369768 40546528
PT [188 0 20 -8 1]
 P 1441754 96716 369794 40616481
PT [188 0 21 -8 1]
 P 1443376 97000 369814 40691063
PT [188 0 22 -9 1]
 P 1447536 97500 369858 40763900
PT [188 0 23 -9 1]
 P 1451309 97644 369885 40833021
PT [188 0 24 -9 1]
 P 1453373 97703 369903 40906226
PT [188 0 25 -10 1]
 P 1456272 98203 369948 40979162
PT [188 0 26 -10 1]
 P 1460100 98275 369973 41049561
PT [188 0 27 -11 1]
 P 1462492 98559 369991 41123630
PT [188 0 28 -11 1]
 P 1466787 98987 370032 41196163
PT [188 0 29 -11 1]
 P 1470112 99059 372618 41266101
PT [188 0 30 -12 1]
 P 1472120 99059 372621 41338281
PT [188 0 31 -12 1]
 P 1474269 99059 372624 41410461
PT [188 0 32 -12 1]
 P 1476591 99059 372628 41482641
PT [188 0 33 -12 1]
 P 1477813 99059 372631 41554821
PT [188 0 34 -12 1]
 P 1480021 99059 372634 41627001
PT [188 0 35 -12 1]
 P 1483013 99059 372652 41701935
PT [188 0 36 -14 1]
 P 1489302 99771 372708 41773860
PT [188 0 37 -15 1]
 P 1495045 100555 372769 41845706
PT [188 0 38 -15 1]
 P 1498892 100627 372793 41915721
PT [188 0 39 -16 1]
 P 1500868 100627 372797 41987901
PT [188 0 40 -16 1]
 P 1502986 100627 372800 42060081
PT [188 0 41 -16 1]
 P 1504518 100627 372803 42132261
PT [188 0 42 -16 1]
 P 1507483 100627 372820 42206619
PT [188 0 43 -17 1]
 P 1513839 101054 372878 42278670
PT [188 0 44 -18 1]
 P 1519270 101836 372941 42350452
PT [188 0 45 -18 1]
 P 1524716 102263 372989 42422472
PT [188 0 46 -19 1]
 P 1530070 102619 373024 42493161
PT [188 0 47 -19 1]
 P 1532084 102619 373042 42566944
PT [188 0 48 -19 1]
 P 1535873 103119 373086 42638724
PT [188 0 49 -20 1]
 P 1540153 103475 373119 42709701
PT [188 0 50 -20 1]
 P 1542095 103475 373122 42781881
PT [188 0 51 -20 1]
 P 1544299 103475 373125 42854061
PT [188 0 52 -20 1]
 P 1547265 103475 373142 42928803
PT [188 0 53 -22 1]
 P 1553688 103902 373202 43000264
PT [188 0 54 -22 1]
 P 1559968 104615 373247 43070601
PT [188 0 55 -22 1]
 P 1561839 104687 373267 43145168
PT [188 0 56 -23 1]
 P 1565630 104831 373297 43214961
PT [188 0 57 -23 1]
 P 1567585 104831 373300 43287141
PT [188 0 58 -23 1]
 P 1570660 104831 373318 43361434
PT [188 0 59 -24 1]
 P 1577189 105615 373380 43432928
PT [188 0 60 -25 1]
 P 1582514 106043 373440 43505685
PT [188 0 61 -25 1]
 P 1589472 106681 373484 43575861
PT [188 0 62 -25 1]
 P 1591742 106681 373504 43649738
PT [188 0 63 -26 1]
 P 1594799 107181 373549 43723088
PT [188 0 64 -26 1]
 P 1598612 107608 373589 43794212
PT [188 0 65 -27 1]
 P 1601326 108036 373633 43867256
PT [188 0 66 -27 1]
 P 1605045 108180 373661 43936761
PT [188 0 67 -27 1]
 P 1607021 108180 373664 44008941
PT [188 0 68 -27 1]
 P 1609138 108180 373668 44081121
PT [188 0 69 -27 1]
 P 1611429 108180 373671 44153301
PT [188 0 70 -27 1]
 P 1614363 108464 373689 44226666
PT [188 0 71 -29 1]
 P 1620731 109248 373747 44300752
PT [188 0 72 -30 1]
 P 1626472 109676 373782 44369841
PT [188 0 73 -30 1]
 P 1627931 109676 373799 44444903
PT [188 0 74 -30 1]
 P 1631068 110176 373843 44515724
PT [188 0 75 -31 1]
 P 1637394 110531 373878 44586381
PT [188 0 76 -31 1]
 P 1639190 110531 373896 44660226
PT [188 0 77 -32 1]
 P 1642506 110959 373941 44733238
PT [188 0 78 -32 1]
 P 1645428 111459 373985 44804540
PT [188 0 79 -33 1]
 P 1649238 111674 374028 44877552
PT [188 0 80 -33 1]
 P 1653066 111746 374054 44947281
PT [188 0 81 -33 1]
 P 1654724 112030 374073 45020646
PT [188 0 82 -34 1]
 P 1658634 112530 374119 45093836
PT [188 0 83 -34 1]
 P 1662437 112602 374143 45163821
PT [188 0 84 -35 1]
 P 1664983 112885 374162 45238979
PT [188 0 85 -35 1]
 P 1669367 113385 374206 45310184
PT [188 0 86 -36 1]
 P 1673095 113529 374232 45380361
PT [188 0 87 -36 1]
 P 1674648 113812 374249 45455199
PT [188 0 88 -36 1]
 P 1678724 114312 374293 45526436
PT [188 0 89 -37 1]
 P 1682505 114456 374322 45596901
PT [188 0 90 -37 1]
 P 1684418 114740 374340 45671419
PT [188 0 91 -38 1]
 P 1687086 115167 374384 45742752
PT [188 0 92 -38 1]
 P 1690823 115311 374411 45813441
PT [188 0 93 -38 1]
 P 1693176 115594 374431 45887798
PT [188 0 94 -39 1]
 P 1697433 116022 374474 45959038
PT [188 0 95 -39 1]
 P 1701288 116094 374497 46029981
PT [188 0 96 -40 1]
 P 1703240 116094 374500 46102161
PT [188 0 97 -40 1]
 P 1705333 116094 374503 46174341
PT [188 0 98 -40 1]
 P 1708356 116094 374522 46248442
PT [188 0 99 -41 1]
 P 1714802 116522 374580 46321409
PT [188 0 100 -41 1]
 P 1721121 117232 374626 46390881
PT [188 0 101 -42 1]
 P 1723119 117232 374644 46465654
PT [188 0 102 -42 1]
 P 1726985 117376 374669 46535241
PT [188 0 103 -43 1]
 P 1728948 117376 374672 46607421
PT [188 0 104 -43 1]
 P 1731053 117376 374675 46679601
PT [188 0 105 -43 1]
 P 1733331 117376 374678 46751781
PT [188 0 106 -43 1]
 P 1734632 117376 374681 46823961
PT [188 0 107 -43 1]
 P 1736807 117376 374684 46896141
PT [188 0 108 -43 1]
 P 1738588 117376 374687 46968321
PT [188 0 109 -43 1]
 P 1741599 117376 374704 47041911
PT [188 0 110 -46 1]
 P 1747955 117805 374764 47114812
PT [188 0 111 -46 1]
 P 1753541 118799 374822 47186943
PT [188 0 112 -46 1]
 P 1760249 119583 374884 47258820
PT [188 0 113 -47 1]
 P 1765691 120295 374944 47332122
PT [188 0 114 -46 1]
 P 1769599 120724 374984 47403116
PT [188 0 115 -48 1]
 P 1773331 120868 375013 47473581
PT [188 0 116 -48 1]
 P 1775841 121152 375030 47548227
PT [188 0 117 -49 1]
 P 1779615 121224 375056 47617941
PT [188 0 118 -49 1]
 P 1781616 121224 375059 47690121
PT [188 0 119 -49 1]
 P 1784707 121224 375078 47763550
PT [188 0 120 -50 1]
 P 1791346 122008 375144 47837540
PT [188 0 121 -50 1]
 P 1797025 122436 375177 47906661
PT [188 0 122 -51 1]
 P 1798379 122436 375196 47981658
PT [188 0 123 -51 1]
 P 1801350 122936 375239 48052448
PT [188 0 124 -52 1]
 P 1807484 123291 375273 48123201
PT [188 0 125 -52 1]
 P 1809275 123291 375290 48197079
PT [188 0 126 -52 1]
 P 1812811 123719 375333 48270090
PT [188 0 127 -53 1]
 P 1815919 124219 375379 48341362
PT [188 0 128 -53 1]
 P 1819641 124435 375420 48414372
PT [188 0 129 -54 1]
 P 1823377 124507 375446 48484101
PT [188 0 130 -54 1]
 P 1824979 124790 375463 48557435
PT [188 0 131 -54 1]
 P 1828774 125006 375508 48630752
PT [188 0 132 -55 1]
 P 1832901 125434 375551 48702773
PT [188 0 133 -55 1]
 P 1836800 125650 375594 48775177
PT [188 0 134 -56 1]
 P 1840871 126149 375639 48847166
PT [188 0 135 -56 1]
 P 1846396 126577 375674 48917181
PT [188 0 136 -56 1]
 P 1848700 126861 375692 48990771
PT [188 0 137 -57 1]
 P 1852015 127361 375735 49063608
PT [188 0 138 -57 1]
 P 1855935 127505 375761 49133721
PT [188 0 139 -58 1]
 P 1857921 127505 375764 49205901
PT [188 0 140 -58 1]
 P 1860048 127505 375767 49278081
PT [188 0 141 -58 1]
 P 1862348 127505 375770 49350261
PT [188 0 142 -58 1]
 P 1863547 127505 375774 49422441
PT [188 0 143 -58 1]
 P 1865733 127505 375777 49494621
PT [188 0 144 -58 1]
 P 1868764 127788 375796 49569075
PT [188 0 145 -60 1]
 P 1875256 128783 375853 49640966
PT [188 0 146 -61 1]
 P 1879677 129283 375906 49712588
PT [188 0 147 -61 1]
 P 1884458 129638 375938 49783341
PT [188 0 148 -62 1]
 P 1886411 129638 375941 49855521
PT [188 0 149 -62 1]
 P 1888506 129638 375944 49927701
PT [188 0 150 -62 1]
 P 1890869 129638 375948 49999881
PT [188 0 151 -62 1]
 P 1893250 129638 375951 50072061
PT [188 0 152 -62 1]
 P 1896261 129638 375969 50145970
PT [188 0 153 -64 1]
 P 1902749 130422 376032 50218136
PT [188 0 154 -64 1]
 P 1907176 130849 376079 50291564
PT [188 0 155 -65 1]
 P 1912032 131204 376115 50360781
PT [188 0 156 -65 1]
 P 1913997 131204 376118 50432961
PT [188 0 157 -65 1]
 P 1916103 131204 376121 50505141
PT [188 0 158 -65 1]
 P 1919143 131204 376139 50578540
PT [188 0 159 -66 1]
 P 1925624 131632 376196 50650832
PT [188 0 160 -67 1]
 P 1931170 132627 376257 50724082
PT [188 0 161 -67 1]
 P 1934761 132771 376285 50793861
PT [188 0 162 -67 1]
 P 1936783 132771 376289 50866041
PT [188 0 163 -67 1]
 P 1938948 132771 376292 50938221
PT [188 0 164 -67 1]
 P 1940526 132771 376295 51010401
PT [188 0 165 -67 1]
 P 1943638 132771 376314 51085398
PT [188 0 166 -69 1]
 P 1950183 133273 376374 51157628
PT [188 0 167 -70 1]
 P 1956347 133984 376420 51226941
PT [188 0 168 -70 1]
 P 1958265 134056 376439 51301284
PT [188 0 169 -71 1]
 P 1962013 134128 376462 51371301
PT [188 0 170 -70 1]
 P 1964033 134128 376465 51443481
PT [188 0 171 -70 1]
 P 1967156 134128 376483 51517934
PT [188 0 172 -72 1]
 P 1973891 134911 376545 51590165
PT [188 0 173 -72 1]
 P 1979426 135623 376603 51661640
PT [188 0 174 -73 1]
 P 1983115 135695 376628 51732201
PT [188 0 175 -73 1]
 P 1985063 135695 376631 51804381
PT [188 0 176 -73 1]
 P 1987153 135695 376635 51876561
PT [188 0 177 -73 1]
 P 1988658 135695 376638 51948741
PT [188 0 178 -73 1]
 P 1991158 135695 379219 52024723
PT [188 0 179 -73 1]
 P 1994233 135695 379225 52093101
PT [188 0 180 -73 1]
 P 1996584 135695 379228 52165281
PT [188 0 181 -73 1]
 P 1999670 135767 379249 52240457
PT [188 0 182 -76 1]
 P 2006356 136551 379308 52312476
PT [188 0 183 -77 1]
 P 2011807 137618 379370 52383920
PT [188 0 184 -77 1]
 P 2017125 138118 379424 52456006
PT [188 0 185 -77 1]
 P 2020593 138618 379469 52529144
PT [188 0 186 -78 1]
 P 2023683 139047 379512 52599898
PT [188 0 187 -78 1]
 P 2027419 139191 379538 52670541
PT [188 0 188 -78 1]
 P 2030035 139474 379557 52745186
PT [188 0 189 -79 1]
 P 2032740 139902 379600 52816394
PT [188 0 190 -79 1]
 P 2036425 140046 379625 52887081
PT [188 0 191 -80 1]
 P 2038400 140046 379628 52959261
PT [188 0 192 -80 1]
 P 2040516 140046 379631 53031441
PT [188 0 193 -80 1]
 P 2043484 140330 379649 53105703
PT [188 0 194 -80 1]
 P 2048765 140758 379684 53175801
PT [188 0 195 -81 1]
 P 2051700 141042 379703 53248814
PT [188 0 196 -82 1]
 P 2055746 141470 379744 53322677
PT [188 0 197 -82 1]
 P 2059207 141969 379788 53394281
PT [188 0 198 -83 1]
 P 2062809 142113 379816 53464521
PT [188 0 199 -83 1]
 P 2064999 142113 381035 53537791
PT [188 0 200 -84 1]
 P 2069216 142612 381082 53611556
PT [188 0 201 -84 1]
 P 2074849 143039 381120 53681061
PT [188 0 202 -84 1]
 P 2077186 143322 381138 53755354
PT [188 0 203 -85 1]
 P 2080438 143749 381181 53827552
PT [188 0 204 -85 1]
 P 2084321 143893 381221 53899988
PT [188 0 205 -86 1]
 P 2088535 144320 381264 53971798
PT [188 0 206 -86 1]
 P 2092549 144819 381310 54044092
PT [188 0 207 -87 1]
 P 2096185 144891 381334 54114141
PT [188 0 208 -87 1]
 P 2098514 145175 381353 54187987
PT [188 0 209 -87 1]
 P 2101726 145603 381395 54260038
PT [188 0 210 -88 1]
 P 2105437 145747 381423 54330681
PT [188 0 211 -88 1]
 P 2107410 145747 381426 54402861
PT [188 0 212 -88 1]
 P 2109522 145747 381429 54475041
PT [188 0 213 -88 1]
 P 2111807 145747 381432 54547221
PT [188 0 214 -88 1]
 P 2112991 145747 381435 54619401
PT [188 0 215 -88 1]
 P 2115321 145747 381438 54691581
PT [188 0 216 -88 1]
 P 2118248 146030 381458 54765138
PT [188 0 217 -91 1]
 P 2124943 146726 381521 54837752
PT [188 0 218 -91 1]
 P 2130591 147154 381579 54909420
PT [188 0 219 -92 1]
 P 2137715 147792 381623 54980301
PT [188 0 220 -92 1]
 P 2140078 147792 381640 55054691
PT [188 0 221 -92 1]
 P 2143067 148291 381685 55125864
PT [188 0 222 -93 1]
 P 2146940 148493 381728 55199005
PT [188 0 223 -92 1]
 P 2149651 148921 381768 55272016
PT [188 0 224 -94 1]
 P 2153621 149065 381811 55342867
PT [188 0 225 -94 1]
 P 2157644 149564 381855 55416089
PT [188 0 226 -93 1]
 P 2161626 149991 381897 55487212
PT [188 0 227 -95 1]
 P 2165241 150063 381923 55557741
PT [188 0 228 -95 1]
 P 2167575 150135 381944 55632276
PT [188 0 229 -96 1]
 P 2171645 150635 381988 55704232
PT [188 0 230 -96 1]
 P 2177320 151062 382022 55774281
PT [188 0 231 -97 1]
 P 2179605 151347 382042 55847902
PT [188 0 232 -97 1]
 P 2182872 151846 382085 55920708
PT [188 0 233 -98 1]
 P 2186634 151918 382109 55990821
PT [188 0 234 -98 1]
 P 2188558 151918 382112 56063001
PT [188 0 235 -98 1]
 P 2190624 151918 382115 56135181
PT [188 0 236 -98 1]
 P 2193121 152218 383172 56209249
PT [188 0 237 -98 1]
 P 2196529 152218 383178 56279541
PT [188 0 238 -98 1]
 P 2198659 152218 383181 56351721
PT [188 0 239 -98 1]
 P 2201609 152502 383198 56426655
PT [188 0 240 -100 1]
 P 2208003 153570 383258 56498884
PT [188 0 241 -101 1]
 P 2212586 154282 383309 56570265
PT [188 0 242 -101 1]
 P 2216323 154354 383332 56640441
PT [188 0 243 -102 1]
 P 2218382 154564 383350 56714255
PT [188 0 244 -103 1]
 P 2221992 154708 383376 56784802
PT [188 0 245 -103 1]
 P 2223995 154708 383379 56856983
PT [188 0 246 -103 1]
 P 2226138 154708 383382 56929164
PT [188 0 247 -103 1]
 P 2229184 154708 383402 57002818
PT [188 0 248 -108 1]
 P 2235986 155208 384420 57075272
PT [188 0 249 -108 1]
 P 2241666 155919 384479 57147068
PT [188 0 1 0 1]
 P 2245430 156063 384506 57217776
PT [188 0 0 -108 1]
 P 2247451 156063 384509 57289956
PT [188 0 1 -108 1]
 P 2250678 156346 384528 57363129
PT [188 0 0 -1 1]
 P 2257567 156775 384586 57435616
PT [188 0 1 -1 1]
 P 2261469 157203 384626 57508321
PT [188 0 2 -2 1]
 P 2265171 157987 384679 57580649
PT [188 0 3 -2 1]
 P 2269011 158059 384702 57650856
PT [188 0 4 -2 1]
 P 2271119 158059 384706 57723036
PT [188 0 5 -2 1]
 P 2273368 158059 384709 57795216
PT [188 0 6 -2 1]
 P 2275790 158059 384713 57867396
PT [188 0 7 -2 1]
 P 2277112 158059 384716 57939576
PT [188 0 8 -2 1]
 P 2279467 158059 384719 58011756
PT [188 0 9 -2 1]
 P 2282524 158059 384737 58084993
PT [188 0 10 -5 1]
 P 2288221 158487 384782 58156116
PT [188 0 11 -5 1]
 P 2291215 158487 384800 58230665
PT [188 0 12 -6 1]
 P 2297508 158914 384859 58301598
PT [188 0 13 -6 1]
 P 2303193 159697 384921 58374435
PT [188 0 14 -7 1]
 P 2310030 160125 384980 58446327
PT [188 0 15 -7 1]
 P 2316583 160765 385024 58517016
PT [188 0 16 -8 1]
 P 2318195 160765 385042 58591885
PT [188 0 17 -8 1]
 P 2322114 161146 385086 58662579
PT [188 0 18 -9 1]
 P 2325776 161573 385128 58735208
PT [188 0 19 -9 1]
 P 2329701 161645 385152 58805736
PT [188 0 20 -9 1]
 P 2331805 161645 385155 58877916
PT [188 0 21 -9 1]
