using saved target 'z1'
../../../../contiki/tools/sky/serialdump-linux -b115200 /dev/ttyUSB0
connecting to /dev/ttyUSB0 (115200) [OK]
Rime started with address 1.0
MAC 01:00:00:00:00:00:00:00 Ref ID: 4841
Contiki-3.x-2125-g5d67a61 started. Node id is set to 1.

************************************************
RTIMER_SECOND = 32768. F_CPU=8000000.
CLOCK_SECOND=128.
DURSLOT = 6015.(0.1835 s).
DURSLEEP = 114285.
DURCYCLE = 120300 .(3.6712 s).
MAX_CLOCK_DRIFT = WAKEUP_ADVANCE_TIME = 327 (0.0049 s).
PERIODIC_BCAST_CYCLES_SENSOR = 4521987.
PERIODIC_BCAST_CYCLES_SINK = 4521987.
MAX_CYCLE_COUNTER = 41728.
MAX_COUNT_NO_RTS_CTS = 65535.
MAX_CHILD_NUM = 10.
MAX_TRY_TO_FIND_PARENT = 3.

**********Below is Related Settings**********
PRIMAC_CONF_COMPOWER = 1.
PRIMAC_CONF_COMPOWER_SUPPORT = 1.
SF = 18.
PRI_SYNC_SUPPORT = 1.
RANDOM_DRIFT_IN_COOJA_SUPPORT = 0.
ADCSC_SUPPORT = 1.
DATA_TX_SUPPORT = 1.
CYCLES_PER_PACKET = 1.
DATA_INTERVAL = 3.
RETX_LIMIT = 6.
TOTAL_DATA_NUM = 100.
MAX_DATA_QUEUE_BUFS = 10.
PROC_GRADE_BASED_ON_ADDR_SUPPORT = 1.
NODES_NUM_PER_GRADE = 2.
ADDRESS_FREE_SUPPORT = 0.
IS_COOJA_SIM = 0.
CROSS_PLATFORM_SUPPORT = 0.
************************************************

My address is 1.0.
nullmac PRIMAC, channel check rate 8 Hz, radio channel 26
Starting
Hello, world
 P 0 0 53 55857
 P 0 0 3443 175135
 P 0 0 6833 295435
 P 0 0 10223 415735
 P 0 0 13613 536035
EMPTY QUEUE
 P 57 0 17005 658324
 P 57 0 20395 776635
 P 57 0 23785 896935
 P 57 0 27175 1017235
 P 57 0 30565 1137535
EMPTY QUEUE
 P 116 0 33957 1258320
 P 1337 0 36126 1378135
 P 1337 0 39516 1498435
 P 1337 0 42906 1618735
 P 1337 0 46296 1739035
EMPTY QUEUE
 P 1394 0 49688 1859724
 P 4150 0 49694 1979635
 P 4150 0 53084 2099935
 P 4150 0 56474 2220235
 P 4150 0 59864 2340535
EMPTY QUEUE
 P 4207 0 63256 2463048
 P 5212 0 63261 2581135
 P 6658 0 63266 2701435
 P 6658 0 66656 2821735
 P 6658 0 70046 2942035
EMPTY QUEUE
 P 6715 0 73438 3063940
 P 6715 0 76828 3182635
 P 7842 0 76833 3302935
 P 7842 0 80223 3423235
 P 7842 0 83613 3543535
EMPTY QUEUE
 P 7899 0 87005 3665472
 P 7899 0 90395 3784135
 P 10242 0 90401 3904435
 P 10242 0 93791 4024735
 P 10242 0 97181 4145035
EMPTY QUEUE
 P 10300 0 100573 4266364
 P 10300 0 103963 4385635
 P 11300 0 103968 4505935
 P 11300 0 107358 4626235
 P 11300 0 110748 4746535
EMPTY QUEUE
 P 11359 0 114140 4869176
 P 11359 0 117530 4987135
 P 12552 0 117535 5107435
 P 12552 0 120925 5227735
 P 12552 0 124315 5348035
EMPTY QUEUE
 P 12611 0 127707 5470324
 P 12611 0 131097 5588635
 P 13484 0 131103 5708935
 P 13484 0 134493 5829235
 P 13484 0 137883 5949535
23807 R 2.0 1 1 258 1
EMPTY QUEUE
 P 15023 267 137890 6070320
23904 R 3.0 1 2 332 2
23922 R 5.0 1 3 321 3
24281 R 2.0 2 1 349 4
 P 20415 1062 137905 6190135
24372 R 3.0 2 2 414 5
24464 R 2.0 3 1 148 6
24487 R 5.0 2 3 501 7
24746 R 2.0 4 1 45 8
 P 25362 2122 137925 6310435
24845 R 3.0 3 2 504 9
24935 R 5.0 3 3 565 10
24957 R 3.0 4 2 231 11
25214 R 2.0 5 1 130 12
 P 30885 3182 137945 6430735
25313 R 3.0 5 2 203 13
25409 R 5.0 4 3 656 14
25432 R 5.0 5 3 294 15
25684 R 2.0 6 1 215 16
 P 38072 4240 137966 6551035
25785 R 3.0 6 2 292 17
EMPTY QUEUE
25877 R 4.0 1 3 2292 18
25967 R 2.0 7 1 115 19
26063 R 4.0 2 3 2093 20
26156 R 4.0 3 3 1803 21
 P 46218 5560 138000 6671335
26248 R 3.0 7 2 371 22
26346 R 4.0 4 3 1608 23
26442 R 4.0 5 3 1319 24
26626 R 2.0 8 1 389 25
 P 53863 6618 138034 6791635
26719 R 5.0 6 3 1789 26
26819 R 3.0 8 2 712 27
26836 R 5.0 7 3 929 28
26862 R 2.0 9 1 241 29
26883 R 5.0 8 3 594 30
26911 R 3.0 9 2 265 31
27098 R 2.0 10 1 94 32
 P 64006 8467 138081 6911935
27190 R 3.0 10 2 161 33
27219 R 5.0 9 3 544 34
27564 R 2.0 11 1 175 35
 P 68569 9262 138096 7032235
27665 R 3.0 11 2 252 36
27689 R 5.0 10 3 631 37
28039 R 2.0 12 1 266 38
28063 R 3.0 12 2 266 39
28511 R 2.0 13 1 354 40
 P 80604 10589 138121 7272835
28603 R 3.0 13 2 423 41
EMPTY QUEUE
28694 R 2.0 14 1 154 42
28791 R 5.0 11 3 1348 43
28886 R 5.0 12 3 1059 44
28978 R 3.0 14 2 413 45
 P 90258 11916 138147 7393135
29070 R 5.0 13 3 859 46
29093 R 2.0 15 1 168 47
29115 R 5.0 14 3 521 48
29449 R 2.0 16 1 141 49
 P 95561 12977 138168 7513435
29725 R 4.0 7 3 4150 50
29824 R 3.0 15 2 875 51
29921 R 4.0 8 3 3647 52
 P 102212 13769 140604 7633735
30007 R 2.0 17 1 315 53
30108 R 3.0 16 2 776 54
30203 R 5.0 15 3 1223 55
30222 R 5.0 16 3 1256 56
30390 R 2.0 18 1 313 57
 P 111711 15091 140639 7754035
30484 R 3.0 17 2 768 58
30855 R 5.0 17 3 1108 59
30877 R 2.0 19 1 417 60
30902 R 3.0 18 2 801 61
30929 R 3.0 19 2 444 62
30954 R 2.0 20 1 110 63
31326 R 2.0 21 1 98 64
 P 123375 16941 144071 7994635
31422 R 3.0 20 2 553 65
EMPTY QUEUE
31516 R 3.0 21 2 262 66
31607 R 5.0 18 3 1477 67
31705 R 5.0 19 3 1191 68
31793 R 2.0 22 1 180 69
31823 R 5.0 20 3 926 70
31847 R 3.0 22 2 211 71
32268 R 2.0 23 1 272 72
 P 138177 19061 144113 8235235
32358 R 3.0 23 2 336 73
32454 R 5.0 21 3 1171 74
32547 R 2.0 24 1 167 75
32639 R 5.0 22 3 974 76
32737 R 3.0 24 2 332 77
32762 R 5.0 23 3 712 78
32786 R 5.0 24 3 350 79
32808 R 2.0 25 1 44 80
33204 R 2.0 26 1 56 81
 P 151452 21447 144159 8475835
33301 R 3.0 25 2 512 82
33396 R 5.0 25 3 578 83
33415 R 3.0 26 2 243 84
33673 R 2.0 27 1 141 85
 P 156855 22503 144184 8596135
33773 R 3.0 27 2 314 86
33863 R 5.0 26 3 660 87
33959 R 2.0 28 1 42 88
34145 R 5.0 27 3 559 89
 P 163410 23559 144213 8716435
34244 R 3.0 28 2 303 90
34615 R 2.0 29 1 314 91
 P 167460 24087 144226 8836735
34710 R 3.0 29 2 384 92
EMPTY QUEUE
34802 R 2.0 30 1 118 93
34901 R 5.0 28 3 932 94
34922 R 5.0 29 3 567 95
 P 173911 25147 147638 8957035
35554 R 3.0 30 2 846 96
 P 175268 25412 147643 9077335
35648 R 5.0 30 3 910 97
35675 R 2.0 31 1 607 98
35701 R 2.0 32 1 248 99
35717 R 3.0 31 2 624 100
35743 R 3.0 32 2 267 101
36027 R 2.0 33 1 191 102
36046 R 3.0 33 2 184 103
36497 R 2.0 34 1 276 104
 P 187490 27534 147684 9317935
36588 R 3.0 34 2 344 105
36968 R 2.0 35 1 364 106
 P 191093 28063 147695 9438235
37056 R 5.0 31 3 1934 107
37158 R 2.0 36 1 169 108
37249 R 5.0 32 3 1744 109
37339 R 3.0 35 2 710 110
37435 R 5.0 33 3 1543 111
 P 198490 29385 147727 9558535
37529 R 5.0 34 3 1253 112
EMPTY QUEUE
37620 R 2.0 37 1 248 113
37718 R 5.0 35 3 1061 114
37814 R 4.0 11 3 10387 115
37907 R 3.0 36 2 895 116
 P 206395 30705 147765 9678835
37999 R 4.0 12 3 10190 117
38097 R 2.0 38 1 341 118
38185 R 4.0 13 3 9990 119
38278 R 4.0 14 3 9701 120
38378 R 4.0 15 3 9417 121
 P 214177 32025 147799 9799135
38468 R 5.0 36 3 1425 122
38564 R 2.0 39 1 423 123
38657 R 3.0 37 2 1260 124
38749 R 3.0 38 2 969 125
38847 R 5.0 37 3 1421 126
 P 221387 33351 147824 9919435
38943 R 5.0 38 3 1133 127
39313 R 2.0 40 1 789 128
 P 227311 33883 147839 10039735
39407 R 3.0 39 2 1242 129
39507 R 4.0 16 3 10162 130
39597 R 4.0 17 3 9867 131
39692 R 4.0 18 3 9579 132
39786 R 2.0 41 1 878 133
 P 235929 35208 147864 10160035
39878 R 3.0 40 2 1329 134
39901 R 4.0 19 3 8250 135
39924 R 4.0 20 3 5586 136
EMPTY QUEUE
40253 R 3.0 41 2 1320 137
 P 241284 36268 147891 10280335
40347 R 5.0 39 3 2154 138
40447 R 3.0 42 2 1130 139
40463 R 5.0 40 3 2669 140
40490 R 5.0 41 3 1527 141
40511 R 5.0 42 3 1165 142
40538 R 2.0 42 1 478 143
40557 R 3.0 43 2 856 144
40726 R 5.0 43 3 996 145
 P 252035 38385 147936 10400635
40823 R 3.0 44 2 738 146
40910 R 2.0 43 1 465 147
41010 R 3.0 45 2 542 148
41101 R 4.0 21 3 4076 149
41198 R 2.0 44 1 369 150
 P 261517 39707 147967 10520935
41293 R 3.0 46 2 439 151
41385 R 4.0 22 3 7341 152
41663 R 4.0 23 3 3870 153
 P 268577 40499 147995 10641235
41757 R 4.0 24 3 3579 154
41857 R 2.0 45 1 644 155
41968 R 4.0 25 3 4084 156
42131 R 3.0 47 2 895 157
42159 R 4.0 26 3 3214 158
42183 R 2.0 46 1 586 159
42204 R 4.0 27 3 2874 160
42233 R 4.0 28 3 2519 161
42255 R 4.0 29 3 2157 162
42272 R 3.0 48 2 651 163
42295 R 2.0 47 1 315 164
42326 R 3.0 49 2 322 165
 P 287820 43674 152664 10881835
43073 R 2.0 48 1 708 166
EMPTY QUEUE
 P 289238 43939 152671 11003740
43167 R 3.0 50 2 778 167
43266 R 5.0 44 3 3248 168
43356 R 2.0 49 1 608 169
43452 R 5.0 45 3 2953 170
43546 R 5.0 46 3 2663 171
 P 297861 45265 152697 11122435
43637 R 3.0 51 2 865 172
43735 R 5.0 47 3 2470 173
43823 R 2.0 50 1 690 174
43924 R 5.0 48 3 2273 175
44016 R 5.0 49 3 1982 176
 P 306421 46590 152722 11242735
44106 R 5.0 50 3 1688 177
44202 R 3.0 52 2 1045 178
44295 R 2.0 51 1 779 179
44319 R 5.0 51 3 1517 180
44486 R 5.0 52 3 1300 181
 P 313316 47914 152748 11363035
44581 R 4.0 30 3 4100 182
44674 R 3.0 53 2 1132 183
44764 R 4.0 31 3 3898 184
44861 R 4.0 32 3 3611 185
44956 R 3.0 54 2 1031 186
 P 322227 49234 152782 11483335
45049 R 5.0 53 3 1479 187
45069 R 5.0 54 3 1115 188
45092 R 3.0 55 2 783 189
45122 R 4.0 33 3 3488 190
45142 R 4.0 34 3 3124 191
45164 R 2.0 52 1 496 192
45190 R 4.0 35 3 2788 193
45213 R 3.0 56 2 520 194
45236 R 4.0 36 3 2449 195
45260 R 4.0 37 3 2090 196
EMPTY QUEUE
45422 R 2.0 53 1 370 197
 P 337260 52138 152860 11603635
45520 R 3.0 57 2 442 198
45615 R 2.0 54 1 179 199
45709 R 5.0 55 3 1372 200
45801 R 3.0 58 2 339 201
45891 R 5.0 56 3 1168 202
 P 346268 53458 152894 11723935
45986 R 5.0 57 3 880 203
46080 R 2.0 55 1 260 204
46180 R 5.0 58 3 690 205
46267 R 3.0 59 2 423 206
46362 R 4.0 38 3 2808 207
 P 352592 54783 152919 11844235
46454 R 4.0 39 3 2517 208
46553 R 2.0 56 1 349 209
46650 R 4.0 40 3 2328 210
46737 R 4.0 41 3 2030 211
46837 R 4.0 42 3 1748 212
 P 360676 56108 152944 11964535
46928 R 2.0 57 1 340 213
47025 R 3.0 60 2 796 214
47043 R 5.0 59 3 1170 215
47073 R 5.0 60 3 815 216
47092 R 3.0 61 2 478 217
47118 R 2.0 58 1 146 218
47138 R 5.0 61 3 496 219
47301 R 3.0 62 2 303 220
 P 373235 58230 152984 12084835
47398 R 2.0 59 1 42 221
EMPTY QUEUE
47772 R 4.0 43 3 2298 222
47796 R 4.0 44 3 1938 223
47818 R 3.0 63 2 437 224
47842 R 2.0 60 1 102 225
48248 R 2.0 61 1 123 226
 P 383949 59821 153024 12325435
48337 R 3.0 64 2 573 227
48433 R 3.0 65 2 284 228
48527 R 5.0 62 3 1501 229
48618 R 5.0 63 3 1208 230
48716 R 2.0 62 1 208 231
 P 392449 61141 153056 12445735
48804 R 5.0 64 3 1010 232
48906 R 5.0 65 3 728 233
48925 R 3.0 66 2 393 234
48950 R 5.0 66 3 387 235
48975 R 2.0 63 1 83 236
49187 R 3.0 67 2 271 237
 P 403870 62725 153098 12566035
49280 R 5.0 67 3 334 238
49653 R 2.0 64 1 376 239
 P 407544 63253 153111 12686335
49749 R 3.0 68 2 448 240
49844 R 2.0 65 1 184 241
49867 R 5.0 68 3 537 242
49890 R 3.0 69 2 204 243
50122 R 2.0 66 1 77 244
 P 416881 64580 153136 12806635
50218 R 3.0 70 2 150 245
EMPTY QUEUE
50313 R 4.0 46 3 3688 246
50406 R 4.0 47 3 3396 247
50497 R 4.0 48 3 3102 248
50596 R 2.0 67 1 168 249
50617 R 4.0 49 3 2839 250
51064 R 2.0 68 1 251 251
 P 428801 66435 153173 13047235
51531 R 3.0 71 2 1671 252
 P 431438 66700 153183 13167535
51625 R 2.0 69 1 429 253
51725 R 4.0 50 3 3563 254
51815 R 3.0 72 2 977 255
51910 R 5.0 69 3 2196 256
52004 R 5.0 70 3 1907 257
 P 440071 68023 153211 13287835
52096 R 2.0 70 1 515 258
52194 R 3.0 73 2 973 259
52471 R 4.0 51 3 3926 260
 P 445191 68817 153235 13408135
52564 R 4.0 52 3 3635 261
52589 R 3.0 74 2 983 262
52616 R 2.0 71 1 652 263
52641 R 4.0 53 3 3327 264
52658 R 4.0 54 3 2960 265
52684 R 4.0 55 3 2603 266
52706 R 5.0 71 3 2222 267
52733 R 2.0 72 1 384 268
52751 R 3.0 75 2 762 269
52780 R 2.0 73 1 47 270
52942 R 5.0 72 3 2075 271
 P 459933 71722 153312 13528435
53039 R 5.0 73 3 1789 272
EMPTY QUEUE
53127 R 5.0 74 3 1493 273
53229 R 2.0 74 1 113 274
53321 R 5.0 75 3 1303 275
 P 467074 72778 156731 13648735
53881 R 3.0 76 2 1509 276
 P 468436 73043 156736 13769035
53975 R 5.0 76 3 1573 277
54075 R 3.0 77 2 1318 278
54164 R 2.0 75 1 664 279
54260 R 5.0 77 3 1474 280
54354 R 3.0 78 2 1212 281
 P 477074 74369 156761 13889335
54445 R 4.0 56 3 3979 282
54545 R 2.0 76 1 660 283
54567 R 4.0 57 3 3715 284
54584 R 3.0 79 2 1059 285
54607 R 4.0 58 3 3374 286
54638 R 2.0 77 1 370 287
54662 R 4.0 59 3 3625 288
54824 R 4.0 60 3 2821 289
 P 491090 76490 156802 14009635
54914 R 2.0 78 1 262 290
55010 R 5.0 78 3 1840 291
55104 R 3.0 80 2 1195 292
55293 R 5.0 79 3 1944 293
 P 497040 77551 158029 14129935
55389 R 2.0 79 1 353 294
55412 R 3.0 81 2 1119 295
55435 R 5.0 80 3 1497 296
55459 R 3.0 82 2 783 297
55479 R 2.0 80 1 58 298
EMPTY QUEUE
55763 R 5.0 81 3 1441 299
 P 508178 79139 158062 14250235
55858 R 2.0 81 1 54 300
55951 R 5.0 82 3 1244 301
56042 R 3.0 83 2 980 302
56138 R 3.0 84 2 694 303
56231 R 5.0 83 3 1928 304
56254 R 2.0 82 1 66 305
56700 R 2.0 83 1 128 306
 P 517645 80989 158109 14490835
56800 R 3.0 85 2 972 307
56890 R 5.0 84 3 1415 308
56986 R 5.0 85 3 1128 309
57079 R 2.0 84 1 123 310
57171 R 4.0 61 3 4785 311
 P 526477 82312 158141 14611135
57269 R 3.0 86 2 1055 312
57356 R 4.0 62 3 4586 313
57458 R 4.0 63 3 4304 314
57550 R 4.0 64 3 4011 315
57640 R 2.0 85 1 299 316
 P 534737 83637 158166 14731435
57735 R 4.0 65 3 3814 317
57829 R 3.0 87 2 1233 318
57921 R 3.0 88 2 940 319
58019 R 4.0 66 3 3711 320
58114 R 2.0 86 1 390 321
 P 541908 84962 158191 14851735
58208 R 4.0 67 3 3519 322
EMPTY QUEUE
58300 R 4.0 68 3 3225 323
58580 R 3.0 89 2 1215 324
 P 549133 85757 158213 14972035
58674 R 4.0 69 3 3215 325
58774 R 2.0 87 1 665 326
58863 R 4.0 70 3 3021 327
58959 R 5.0 86 3 4071 328
 P 557777 86817 159440 15092335
59145 R 3.0 90 2 2079 329
59520 R 5.0 87 3 2895 330
 P 561315 87348 159457 15212635
59614 R 2.0 88 1 1121 331
59714 R 5.0 88 3 2704 332
59801 R 5.0 89 3 2406 333
59827 R 5.0 90 3 2049 334
59993 R 3.0 91 2 1861 335
 P 568902 88670 159489 15332935
60087 R 2.0 89 1 1210 336
60179 R 3.0 92 2 1661 337
60460 R 4.0 71 3 4233 338
 P 573169 89462 162901 15453235
60554 R 2.0 90 1 1293 339
EMPTY QUEUE
60653 R 4.0 72 3 4042 340
60743 R 2.0 91 1 1099 341
60839 R 4.0 73 3 3844 342
60933 R 2.0 92 1 904 343
 P 581874 90783 162935 15573535
61024 R 4.0 74 3 3645 344
61122 R 3.0 93 2 2221 345
61210 R 4.0 75 3 3447 346
61311 R 3.0 94 2 2027 347
61402 R 5.0 91 3 3239 348
 P 589882 92108 162960 15693835
61498 R 3.0 95 2 1830 349
61593 R 4.0 76 3 3447 350
61686 R 2.0 93 1 889 351
61777 R 4.0 77 3 3246 352
61870 R 3.0 96 2 1818 353
61893 R 4.0 78 3 2979 354
62340 R 2.0 94 1 1159 355
 P 602497 93963 163000 15934435
62433 R 4.0 79 3 3135 356
62533 R 4.0 80 3 2851 357
62622 R 3.0 97 2 2186 358
62645 R 2.0 95 1 1081 359
62809 R 5.0 92 3 6135 360
 P 609385 95288 163025 16054735
62909 R 5.0 93 3 3979 361
62999 R 2.0 96 1 1050 362
63095 R 5.0 94 3 3781 363
63188 R 2.0 97 1 856 364
63280 R 5.0 95 3 3583 365
 P 618225 96609 163053 16175035
63378 R 3.0 98 2 2173 366
EMPTY QUEUE
63465 R 2.0 98 1 749 367
63567 R 5.0 96 3 3485 368
63657 R 5.0 97 3 3190 369
63754 R 3.0 99 2 2165 370
 P 627507 97929 163089 16295335
63849 R 5.0 98 3 2999 371
63942 R 2.0 99 1 841 372
64032 R 3.0 100 2 2060 373
64129 R 5.0 99 3 3957 374
64224 R 5.0 100 3 2604 375
 P 637723 99250 163124 16415635
64316 R 4.0 81 3 4250 376
64407 R 2.0 100 1 923 377
64504 R 4.0 82 3 4053 378
64599 R 4.0 83 3 3764 379
64691 R 4.0 84 3 3474 380
65160 R 4.0 85 3 3557 381
65183 R 4.0 86 3 3196 382
65205 R 4.0 87 3 2834 383
65229 R 4.0 88 3 2474 384
65257 R 4.0 89 3 2119 385
65282 R 4.0 90 3 1760 386
65299 R 4.0 91 3 1393 387
65630 R 4.0 92 3 1339 388
 P 658364 102694 166589 16776535
 P 658364 102694 169979 16896835
66568 R 4.0 93 3 1894 389
 P 659505 102959 169984 17017135
66667 R 4.0 94 3 1608 390
EMPTY QUEUE
66756 R 4.0 95 3 1313 391
67039 R 4.0 96 3 1211 392
 P 663645 103755 173393 17137435
67132 R 4.0 97 3 921 393
67156 R 4.0 98 3 562 394
67514 R 4.0 99 3 536 395
 P 668206 104547 173412 17257735
67604 R 4.0 100 3 242 396
 P 669564 104811 176809 17378035
 P 669564 104811 180199 17498335
 P 669564 104811 183589 17618635
EMPTY QUEUE
 P 669621 104811 186981 17740572
 P 669621 104811 190371 17859235
 P 671083 104811 190376 17979535
 P 671083 104811 193766 18099835
 P 671083 104811 197156 18220135
EMPTY QUEUE
 P 671140 104811 200548 18341464
 P 671140 104811 203938 18460735
 P 672283 104811 203943 18581035
 P 672283 104811 207333 18701335
 P 672283 104811 210723 18821635
EMPTY QUEUE
 P 672342 104811 214115 18944276
 P 672342 104811 217505 19062235
 P 673709 104811 217511 19182535
 P 673709 104811 220901 19302835
 P 673709 104811 224291 19423135
EMPTY QUEUE
 P 673768 104811 227683 19545424
 P 673768 104811 231073 19663735
 P 675072 104811 231078 19784035
 P 675072 104811 234468 19904335
 P 675072 104811 237858 20024635
EMPTY QUEUE
 P 675129 104811 241250 20145420
 P 675129 104811 244640 20265235
 P 677906 104811 244645 20385535
 P 677906 104811 248035 20505835
 P 677906 104811 251425 20626135
EMPTY QUEUE
 P 677964 104811 254817 20746824
 P 677964 104811 258207 20866735
 P 679653 104811 258212 20987035
 P 679653 104811 261602 21107335
 P 679653 104811 264992 21227635
EMPTY QUEUE
 P 679712 104811 268384 21350148
 P 679712 104811 271774 21468235
 P 681850 104811 271779 21588535
 P 681850 104811 275169 21708835
 P 681850 104811 278559 21829135
EMPTY QUEUE
 P 681908 104811 281951 21951808
 P 681908 104811 285341 22069735
 P 683982 104811 285347 22190035
 P 683982 104811 288737 22310335
 P 683982 104811 292127 22430635
EMPTY QUEUE
 P 684039 104811 295519 22552316
 P 684039 104811 298909 22671235
 P 685538 104811 298914 22791535
 P 685538 104811 302304 22911835
 P 685538 104811 305694 23032135
EMPTY QUEUE
 P 685595 104811 309086 23154232
 P 685595 104811 312476 23272735
 P 688055 104811 312481 23393035
 P 688055 104811 315871 23513335
 P 688055 104811 319261 23633635
EMPTY QUEUE
 P 688114 104811 322653 23756020
 P 688114 104811 326043 23874235
 P 688975 104811 326049 23994535
 P 688975 104811 329439 24114835
 P 688975 104811 332829 24235135
EMPTY QUEUE
 P 689032 104811 336221 24356144
 P 689032 104811 339611 24475735
 P 691877 104811 339616 24596035
 P 691877 104811 343006 24716335
 P 691877 104811 346396 24836635
EMPTY QUEUE
 P 691936 104811 349788 24959212
 P 691936 104811 353178 25077235
 P 694206 104811 353183 25197535
 P 694206 104811 356573 25317835
 P 694206 104811 359963 25438135
EMPTY QUEUE
 P 694217 104811 363355 25559544
EMPTY QUEUE
 P 694276 104811 366747 25680340
 P 695458 104811 366752 25799035
 P 695458 104811 370142 25919335
 P 695458 104811 373532 26039635
 P 695458 104811 376922 26159935
EMPTY QUEUE
 P 695517 104811 380314 26281872
 P 697148 104811 380319 26400535
 P 697148 104811 383709 26520835
 P 697148 104811 387099 26641135
 P 697148 104811 390489 26761435
EMPTY QUEUE
 P 697205 104811 393881 26882764
 P 698772 104811 393887 27002035
 P 698772 104811 397277 27122335
 P 698772 104811 400667 27242635
 P 698772 104811 404057 27362935
EMPTY QUEUE
 P 698831 104811 407448 27485576
 P 699823 104811 407453 27603535
 P 699823 104811 410843 27723835
 P 699823 104811 414233 27844135
 P 699823 104811 417623 27964435
EMPTY QUEUE
 P 699882 104811 421015 28086724
 P 699882 104811 424405 28205035
 P 701355 104811 424410 28325335
 P 701355 104811 427800 28445635
 P 701355 104811 431190 28565935
EMPTY QUEUE
 P 701412 104811 434582 28686720
 P 701412 104811 437972 28806535
 P 702565 104811 437978 28926835
 P 702565 104811 441368 29047135
 P 702565 104811 444758 29167435
EMPTY QUEUE
 P 702622 104811 448150 29288124
 P 702622 104811 451540 29408035
 P 704992 104811 451545 29528335
 P 704992 104811 454935 29648635
 P 704992 104811 458325 29768935
EMPTY QUEUE
 P 705050 104811 461717 29891448
 P 705050 104811 465107 30009535
 P 706077 104811 465112 30129835
 P 706077 104811 468502 30250135
 P 706077 104811 471892 30370435
EMPTY QUEUE
 P 706136 104811 475284 30493108
 P 706136 104811 478674 30611035
 P 707356 104811 478680 30731335
 P 707356 104811 482070 30851635
 P 707356 104811 485460 30971935
EMPTY QUEUE
 P 707414 104811 488852 31093616
 P 707414 104811 492242 31212535
 P 708314 104811 492247 31332835
 P 708314 104811 495637 31453135
 P 708314 104811 499027 31573435
EMPTY QUEUE
 P 708373 104811 502419 31695532
 P 708373 104811 505809 31814035
 P 710490 104811 505814 31934335
 P 710490 104811 509204 32054635
 P 710490 104811 512594 32174935
EMPTY QUEUE
 P 710549 104811 515986 32297320
 P 710549 104811 519376 32415535
 P 711930 104811 519381 32535835
 P 711930 104811 522771 32656135
 P 711930 104811 526161 32776435
EMPTY QUEUE
 P 711987 104811 529553 32897444
 P 711987 104811 532943 33017035
 P 713465 104811 532948 33137335
 P 713465 104811 536338 33257635
 P 713465 104811 539728 33377935
EMPTY QUEUE
 P 713524 104811 543120 33500512
 P 713524 104811 546510 33618535
 P 714682 104811 546516 33738835
 P 714682 104811 549906 33859135
 P 714682 104811 553296 33979435
EMPTY QUEUE
 P 714741 104811 556688 34100892
 P 714741 104811 560078 34220035
 P 717116 104811 560083 34340335
 P 717116 104811 563473 34460635
 P 717116 104811 566863 34580935
EMPTY QUEUE
 P 717173 104811 570255 34703192
 P 717173 104811 573645 34821535
 P 718205 104811 573650 34941835
 P 718205 104811 577040 35062135
 P 718205 104811 580430 35182435
EMPTY QUEUE
 P 718264 104811 583822 35303828
 P 718264 104811 587212 35423035
 P 719488 104811 587218 35543335
 P 719488 104811 590608 35663635
 P 719488 104811 593998 35783935
EMPTY QUEUE
 P 719546 104811 597390 35905360
 P 719546 104811 600780 36024535
 P 720451 104811 600785 36144835
 P 720451 104811 604175 36265135
 P 720451 104811 607565 36385435
EMPTY QUEUE
 P 720510 104811 610957 36506252
 P 720510 104811 614347 36626035
 P 722632 104811 614352 36746335
 P 722632 104811 617742 36866635
 P 722632 104811 621132 36986935
EMPTY QUEUE
 P 722690 104811 624524 37109064
 P 722690 104811 627914 37227535
 P 725517 104811 627920 37347835
 P 725517 104811 631310 37468135
 P 725517 104811 634700 37588435
EMPTY QUEUE
 P 725576 104811 638092 37710212
 P 725576 104811 641482 37829035
 P 726547 104811 641487 37949335
 P 726547 104811 644877 38069635
 P 726547 104811 648267 38189935
EMPTY QUEUE
 P 726604 104811 651659 38312256
 P 726604 104811 655049 38430535
 P 729303 104811 655055 38550835
 P 729303 104811 658445 38671135
 P 729303 104811 661835 38791435
EMPTY QUEUE
 P 729361 104811 665227 38913660
 P 729361 104811 668617 39032035
 P 731229 104811 668622 39152335
 P 731229 104811 672012 39272635
 P 731229 104811 675402 39392935
EMPTY QUEUE
 P 731286 104811 678794 39514936
 P 731286 104811 682184 39633535
 P 733859 104811 682189 39753835
 P 733859 104811 685579 39874135
 P 733859 104811 688969 39994435
EMPTY QUEUE
 P 733916 104811 692361 40116596
 P 733916 104811 695751 40235035
 P 736681 104811 695757 40355335
 P 736681 104811 699147 40475635
 P 736681 104811 702537 40595935
EMPTY QUEUE
 P 736738 104811 705929 40717104
 P 736738 104811 709319 40836535
 P 739184 104811 709324 40956835
 P 739184 104811 712714 41077135
 P 739184 104811 716104 41197435
EMPTY QUEUE
 P 739243 104811 719496 41319020
 P 739243 104811 722886 41438035
 P 740858 104811 722891 41558335
 P 740858 104811 726281 41678635
 P 740858 104811 729671 41798935
EMPTY QUEUE
 P 740917 104811 733063 41920808
 P 740917 104811 736453 42039535
 P 743236 104811 736458 42159835
 P 743236 104811 739848 42280135
 P 743236 104811 743238 42400435
EMPTY QUEUE
 P 743295 104811 746630 42522980
 P 743295 104811 750020 42641035
 P 745807 104811 750025 42761335
 P 745807 104811 753415 42881635
 P 745807 104811 756805 43001935
EMPTY QUEUE
 P 745866 104811 760197 43124000
 P 745866 104811 763587 43242535
 P 748011 104811 763593 43362835
 P 749500 104811 763598 43483135
 P 749500 104811 766988 43603435
EMPTY QUEUE
 P 749559 104811 770380 43725340
 P 749559 104811 773770 43844035
 P 749559 104811 777160 43964335
 P 750728 104811 777166 44084635
 P 750728 104811 780556 44204935
EMPTY QUEUE
 P 750786 104811 783948 44326872
 P 750786 104811 787338 44445535
 P 750786 104811 790728 44565835
 P 753172 104811 790733 44686135
 P 753172 104811 794123 44806435
EMPTY QUEUE
 P 753231 104811 797515 44927764
 P 753231 104811 800905 45047035
 P 753231 104811 804295 45167335
 P 754273 104811 804301 45287635
 P 754273 104811 807691 45407935
EMPTY QUEUE
 P 754332 104811 811083 45530576
 P 754332 104811 814473 45648535
 P 754332 104811 817863 45768835
 P 755567 104811 817868 45889135
 P 755567 104811 821258 46009435
EMPTY QUEUE
 P 755625 104811 824650 46131724
 P 755625 104811 828040 46250035
 P 755625 104811 831430 46370335
 P 756541 104811 831435 46490635
 P 756541 104811 834825 46610935
EMPTY QUEUE
 P 756598 104811 838217 46731720
 P 756598 104811 841607 46851535
 P 756598 104811 844997 46971835
 P 758730 104811 845003 47092135
 P 758730 104811 848393 47212435
EMPTY QUEUE
 P 758789 104811 851785 47333124
 P 758789 104811 855175 47453035
 P 758789 104811 858565 47573335
 P 761626 104811 858570 47693635
 P 761626 104811 861960 47813935
EMPTY QUEUE
 P 761685 104811 865352 47936448
 P 761685 104811 868742 48054535
 P 761685 104811 872132 48174835
 P 761685 104811 875522 48295135
 P 763179 104811 875527 48415435
EMPTY QUEUE
 P 763237 104811 878919 48538108
 P 763237 104811 882309 48656035
 P 763237 104811 885699 48776335
 P 763237 104811 889089 48896635
 P 764411 104811 889096 49016935
EMPTY QUEUE
 P 764470 104811 892488 49138616
 P 764470 104811 895878 49257535
 P 764470 104811 899268 49377835
 P 764470 104811 902658 49498135
 P 766861 104811 902663 49618435
EMPTY QUEUE
 P 766919 104811 906055 49740532
 P 766919 104811 909445 49859035
 P 766919 104811 912835 49979335
 P 766919 104811 916225 50099635
 P 767967 104811 916230 50219935
EMPTY QUEUE
 P 768026 104811 919622 50342320
 P 768026 104811 923012 50460535
 P 768026 104811 926402 50580835
 P 768026 104811 929792 50701135
 P 769266 104811 929797 50821435
EMPTY QUEUE
 P 769325 104811 933189 50942444
 P 769325 104811 936579 51062035
 P 769325 104811 939969 51182335
 P 769325 104811 943359 51302635
 P 770246 104811 943364 51422935
EMPTY QUEUE
 P 770257 104811 946756 51545464
EMPTY QUEUE
 P 770316 104811 950148 51665140
 P 770316 104811 953538 51783835
 P 770316 104811 956928 51904135
 P 772453 104811 956934 52024435
 P 772453 104811 960324 52144735
EMPTY QUEUE
 P 772512 104811 963716 52266672
 P 772512 104811 967106 52385335
 P 772512 104811 970496 52505635
 P 775354 104811 970501 52625935
 P 775354 104811 973891 52746235
EMPTY QUEUE
 P 775411 104811 977283 52867564
 P 775411 104811 980673 52986835
 P 775411 104811 984063 53107135
 P 775411 104811 987453 53227435
 P 775411 104811 990843 53347735
EMPTY QUEUE
 P 776873 104811 990850 53470376
 P 776873 104811 994240 53588335
 P 776873 104811 997630 53708635
 P 776873 104811 1001020 53828935
 P 776873 104811 1004410 53949235
EMPTY QUEUE
 P 778271 104811 1004417 54071524
 P 778271 104811 1007807 54189835
 P 778271 104811 1011197 54310135
 P 778271 104811 1014587 54430435
 P 778271 104811 1017977 54550735
EMPTY QUEUE
 P 781141 104811 1017984 54671520
 P 781141 104811 1021374 54791335
 P 781141 104811 1024764 54911635
 P 781141 104811 1028154 55031935
 P 781141 104811 1031544 55152235
EMPTY QUEUE
 P 781199 104811 1034936 55272924
 P 782700 104811 1034941 55392835
 P 782700 104811 1038331 55513135
 P 782700 104811 1041721 55633435
 P 782700 104811 1045111 55753735
EMPTY QUEUE
 P 782711 104811 1048503 55876200
EMPTY QUEUE
 P 784176 104811 1048510 55995940
 P 784176 104811 1051900 56114635
 P 784176 104811 1055290 56234935
 P 784176 104811 1058680 56355235
 P 784176 104811 1062070 56475535
EMPTY QUEUE
 P 785529 104811 1062077 56597424
EMPTY QUEUE
 P 785586 104811 1065469 56717740
 P 785586 104811 1068859 56836435
 P 785586 104811 1072249 56956735
 P 785586 104811 1075639 57077035
 P 787985 104811 1075644 57197335
EMPTY QUEUE
 P 788044 104811 1079036 57319272
 P 788044 104811 1082426 57437935
 P 788044 104811 1085816 57558235
 P 788044 104811 1089206 57678535
 P 789099 104811 1089212 57798835
EMPTY QUEUE
 P 789158 104811 1092604 57920164
 P 789158 104811 1095994 58039435
 P 789158 104811 1099384 58159735
 P 789158 104811 1102774 58280035
 P 790406 104811 1102779 58400335
EMPTY QUEUE
 P 790465 104811 1106171 58522976
 P 790465 104811 1109561 58640935
 P 790465 104811 1112951 58761235
 P 790465 104811 1116341 58881535
 P 791394 104811 1116346 59001835
EMPTY QUEUE
 P 791453 104811 1119738 59124124
 P 791453 104811 1123128 59242435
 P 791453 104811 1126518 59362735
 P 791453 104811 1129908 59483035
 P 793598 104811 1129914 59603335
EMPTY QUEUE
 P 793656 104811 1133306 59724120
 P 793656 104811 1136696 59843935
 P 793656 104811 1140086 59964235
 P 793656 104811 1143476 60084535
 P 796506 104811 1143481 60204835
EMPTY QUEUE
 P 796563 104811 1146873 60325524
 P 796563 104811 1150263 60445435
 P 796563 104811 1153653 60565735
 P 796563 104811 1157043 60686035
 P 797558 104811 1157048 60806335
EMPTY QUEUE
 P 797617 104811 1160440 60928848
 P 797617 104811 1163830 61046935
 P 797617 104811 1167220 61167235
 P 797617 104811 1170610 61287535
 P 799028 104811 1170615 61407835
EMPTY QUEUE
 P 799085 104811 1174007 61530508
 P 799085 104811 1177397 61648435
 P 799085 104811 1180787 61768735
 P 799085 104811 1184177 61889035
 P 800433 104811 1184182 62009335
EMPTY QUEUE
 P 800491 104811 1187574 62131016
 P 800491 104811 1190964 62249935
 P 800491 104811 1194354 62370235
 P 800491 104811 1197744 62490535
 P 803311 104811 1197750 62610835
EMPTY QUEUE
 P 803369 104811 1201142 62732932
 P 803369 104811 1204532 62851435
 P 803369 104811 1207922 62971735
 P 803369 104811 1211312 63092035
 P 805102 104811 1211317 63212335
EMPTY QUEUE
 P 805160 104811 1214709 63334720
 P 805160 104811 1218099 63452935
 P 805160 104811 1221489 63573235
 P 805160 104811 1224879 63693535
 P 807342 104811 1224884 63813835
EMPTY QUEUE
 P 807400 104811 1228276 63934844
 P 807400 104811 1231666 64054435
 P 807400 104811 1235056 64174735
 P 807400 104811 1238446 64295035
 P 809518 104811 1238452 64415335
EMPTY QUEUE
 P 809576 104811 1241844 64537912
 P 809576 104811 1245234 64655935
 P 809576 104811 1248624 64776235
 P 809576 104811 1252014 64896535
 P 811120 104811 1252019 65016835
EMPTY QUEUE
 P 811179 104811 1255411 65138292
 P 811179 104811 1258801 65257435
 P 811179 104811 1262191 65377735
 P 811179 104811 1265581 65498035
 P 813683 104811 1265586 65618335
EMPTY QUEUE
 P 813741 104811 1268978 65740592
 P 813741 104811 1272368 65858935
 P 813741 104811 1275758 65979235
 P 813741 104811 1279148 66099535
 P 814645 104811 1279153 66219835
EMPTY QUEUE
 P 814704 104811 1282545 66341228
 P 814704 104811 1285935 66460435
 P 814704 104811 1289325 66580735
 P 814704 104811 1292715 66701035
 P 817593 104811 1292720 66821335
EMPTY QUEUE
 P 817652 104811 1296112 66942760
 P 817652 104811 1299502 67061935
 P 817652 104811 1302892 67182235
 P 817652 104811 1306282 67302535
 P 819965 104811 1306288 67422835
EMPTY QUEUE
 P 820022 104811 1309680 67543652
 P 820022 104811 1313070 67663435
 P 820022 104811 1316460 67783735
 P 820022 104811 1319850 67904035
 P 821248 104811 1319855 68024335
EMPTY QUEUE
 P 821305 104811 1323247 68146464
 P 821305 104811 1326637 68264935
 P 821305 104811 1330027 68385235
 P 821305 104811 1333417 68505535
 P 822980 104811 1333422 68625835
EMPTY QUEUE
 P 823037 104811 1336814 68747612
