using saved target 'z1'
../../../../contiki/tools/sky/serialdump-linux -b115200 /dev/ttyUSB3
connecting to /dev/ttyUSB3 (115200) [OK]
Rime started with address 4.0
MAC 04:00:00:00:00:00:00:00 Ref ID: 4841
Contiki-3.x-2125-g5d67a61 started. Node id is set to 4.

************************************************
RTIMER_SECOND = 32768. F_CPU=8000000.
CLOCK_SECOND=128.
DURSLOT = 6015.(0.1835 s).
DURSLEEP = 66165.
DURCYCLE = 72180 .(2.2027 s).
MAX_CLOCK_DRIFT = WAKEUP_ADVANCE_TIME = 327 (0.0033 s).
PERIODIC_BCAST_CYCLES_SENSOR = 196611.
PERIODIC_BCAST_CYCLES_SINK = 196611.
MAX_CYCLE_COUNTER = 27904.
MAX_COUNT_NO_RTS_CTS = 65535.
MAX_CHILD_NUM = 10.
MAX_TRY_TO_FIND_PARENT = 3.

**********Below is Related Settings**********
PRIMAC_CONF_COMPOWER = 1.
PRIMAC_CONF_COMPOWER_SUPPORT = 1.
SF = 10.
PRI_SYNC_SUPPORT = 1.
RANDOM_DRIFT_IN_COOJA_SUPPORT = 0.
ADCSC_SUPPORT = 1.
DATA_TX_SUPPORT = 1.
CYCLES_PER_PACKET = 5.
DATA_INTERVAL = 5.
RETX_LIMIT = 6.
TOTAL_DATA_NUM = 50.
MAX_DATA_QUEUE_BUFS = 10.
PROC_GRADE_BASED_ON_ADDR_SUPPORT = 1.
NODES_NUM_PER_GRADE = 2.
ADDRESS_FREE_SUPPORT = 1.
IS_COOJA_SIM = 0.
CROSS_PLATFORM_SUPPORT = 1.
************************************************

My address is 233.0.
nullmac PRIMAC, channel check rate 8 Hz, radio channel 26
Starting
Hello, world
 P 0 0 0 1856184
 P 0 0 3451 1930067
 P 0 0 6841 2000544
 P 0 0 10231 2072724
 P 0 0 13621 2144904
 P 0 0 17011 2217084
EMPTY QUEUE
 P 495 0 20411 2290577
PT [143 0 1 1 1]
 P 495 0 23801 2361444
PT [143 0 2 1 1]
 P 495 0 27191 2433624
PT [143 0 3 1 1]
 P 495 0 30581 2505804
PT [143 0 4 1 1]
 P 1973 0 32493 2577984
PT [143 0 5 1 1]
EMPTY QUEUE
 P 3869 0 34620 2652021
PT [143 0 6 0 1]
 P 3869 0 38010 2722344
PT [143 0 7 0 1]
 P 3869 0 41400 2794524
PT [143 0 8 0 1]
 P 3869 0 44790 2866704
PT [143 0 9 0 1]
rcv bro rts
 P 5334 0 44831 2938884
PT [143 0 10 0 1]
 P 6777 0 44835 3011064
PT [143 0 11 0 1]
EMPTY QUEUE
 P 6846 0 50797 3088070
PT [143 0 12 0 1]
EMPTY QUEUE
 P 7407 0 54196 3157795
PT [143 0 13 1 1]
 P 7407 0 57586 3227604
PT [143 0 14 1 1]
 P 9614 0 57594 3299784
PT [143 0 15 1 1]
 P 11764 0 57597 3371964
PT [143 0 16 1 1]
 P 11764 0 60987 3444144
PT [143 0 17 1 1]
EMPTY QUEUE
 P 12387 0 64387 3518181
PT [143 0 18 0 1]
 P 12387 0 67777 3588504
PT [143 0 19 0 1]
 P 13852 0 67785 3660684
PT [143 0 20 0 1]
 P 14769 0 67789 3732864
PT [143 0 21 0 1]
 P 14769 0 71179 3805044
PT [143 0 22 0 1]
EMPTY QUEUE
 P 15360 0 74579 3880009
PT [143 0 23 0 1]
 P 15360 0 77969 3949404
PT [143 0 24 0 1]
 P 18044 0 77977 4021584
PT [143 0 25 0 1]
 P 19540 0 77980 4093764
PT [143 0 26 0 1]
 P 19540 0 81370 4165944
PT [143 0 27 0 1]
EMPTY QUEUE
 P 20035 0 84770 4239213
PT [143 0 28 0 1]
 P 20035 0 88160 4310304
PT [143 0 29 0 1]
 P 22710 0 88168 4382484
PT [143 0 30 0 1]
 P 23852 0 88171 4454664
PT [143 0 31 0 1]
 P 23852 0 91561 4526844
PT [143 0 32 0 1]
EMPTY QUEUE
 P 24475 0 94961 4600177
PT [143 0 33 0 1]
 P 24475 0 98351 4671204
PT [143 0 34 0 1]
 P 27254 0 98359 4743384
PT [143 0 35 0 1]
 P 28211 0 98362 4815564
PT [143 0 36 0 1]
 P 28211 0 101752 4887744
PT [143 0 37 0 1]
EMPTY QUEUE
 P 28706 0 105152 4962421
PT [143 0 38 0 1]
 P 28706 0 108542 5032104
PT [143 0 39 0 1]
 P 29629 0 108550 5104284
PT [143 0 40 0 1]
 P 31759 0 108553 5176464
PT [143 0 41 0 1]
 P 31759 0 111943 5248644
PT [143 0 42 0 1]
EMPTY QUEUE
 P 32288 0 115342 5322267
PT [143 0 43 2 1]
 P 32288 0 118732 5393004
PT [143 0 44 2 1]
 P 34048 0 118740 5465184
PT [143 0 45 2 1]
 P 34782 0 118743 5537364
PT [143 0 46 2 1]
 P 34782 0 122133 5609544
PT [143 0 47 2 1]
EMPTY QUEUE
 P 35278 0 125532 5683582
PT [143 0 48 0 1]
 P 35278 0 128922 5753904
PT [143 0 49 0 1]
 P 37603 0 128930 5826084
PT [143 0 50 0 1]
 P 38430 0 128934 5898264
PT [143 0 51 0 1]
 P 38430 0 132324 5970444
PT [143 0 52 0 1]
EMPTY QUEUE
 P 38926 0 135723 6044418
PT [143 0 53 0 1]
 P 38926 0 139113 6114804
PT [143 0 54 0 1]
 P 41609 0 139122 6186984
PT [143 0 55 0 1]
 P 43493 0 139125 6259164
PT [143 0 56 0 1]
 P 43493 0 142515 6331344
PT [143 0 57 0 1]
EMPTY QUEUE
 P 44053 0 145914 6404806
PT [143 0 58 0 1]
 P 44053 0 149304 6475704
PT [143 0 59 0 1]
 P 46250 0 149312 6547884
PT [143 0 60 0 1]
 P 47907 0 149316 6620064
PT [143 0 61 0 1]
 P 47907 0 152706 6692244
PT [143 0 62 0 1]
EMPTY QUEUE
 P 48402 0 156105 6766602
PT [143 0 63 0 1]
 P 48402 0 159495 6836604
PT [143 0 64 0 1]
 P 49620 0 159504 6908784
PT [143 0 65 0 1]
 P 52334 0 159507 6980964
PT [143 0 66 0 1]
 P 52334 0 162897 7053144
PT [143 0 67 0 1]
EMPTY QUEUE
 P 52957 0 166297 7128078
PT [143 0 68 0 1]
 P 52957 0 169687 7197504
PT [143 0 69 0 1]
 P 55632 0 169695 7269684
PT [143 0 70 0 1]
 P 56782 0 169698 7341864
PT [143 0 71 0 1]
 P 56782 0 173088 7414044
PT [143 0 72 0 1]
EMPTY QUEUE
 P 57373 0 176487 7488881
PT [143 0 73 1 1]
 P 57373 0 179877 7558404
PT [143 0 74 1 1]
 P 59133 0 179885 7630584
PT [143 0 75 1 1]
 P 60925 0 179888 7702764
PT [143 0 76 1 1]
 P 60925 0 183278 7774944
PT [143 0 77 1 1]
EMPTY QUEUE
 P 61420 0 186677 7849109
PT [143 0 78 1 1]
 P 61420 0 190067 7919304
PT [143 0 79 1 1]
 P 63235 0 190075 7991484
PT [143 0 80 1 1]
 P 64100 0 190078 8063664
PT [143 0 81 1 1]
 P 64100 0 193468 8135844
PT [143 0 82 1 1]
EMPTY QUEUE
 P 64723 0 196867 8209049
PT [143 0 83 1 1]
 P 64723 0 200257 8280204
PT [143 0 84 1 1]
 P 66291 0 200266 8352384
PT [143 0 85 1 1]
 P 68340 0 200269 8424564
PT [143 0 86 1 1]
 P 68340 0 203659 8496744
PT [143 0 87 1 1]
EMPTY QUEUE
 P 68835 0 207058 8570269
PT [143 0 88 1 1]
 P 68835 0 210448 8641104
PT [143 0 89 1 1]
 P 70363 0 210456 8713284
PT [143 0 90 1 1]
 P 72248 0 210459 8785464
PT [143 0 91 1 1]
 P 72248 0 213849 8857644
PT [143 0 92 1 1]
EMPTY QUEUE
 P 72775 0 217248 8931137
PT [143 0 93 1 1]
 P 72775 0 220638 9002004
PT [143 0 94 1 1]
 P 73929 0 220647 9074184
PT [143 0 95 1 1]
 P 75947 0 220650 9146364
PT [143 0 96 1 1]
 P 75947 0 224040 9218544
PT [143 0 97 1 1]
EMPTY QUEUE
 P 76016 0 230002 9295614
PT [143 0 98 1 1]
EMPTY QUEUE
 P 76607 0 233401 9365305
PT [143 0 99 1 1]
 P 78867 0 233410 9435084
PT [143 0 100 1 1]
 P 80309 0 233413 9507264
PT [143 0 101 1 1]
 P 80309 0 236803 9579444
PT [143 0 102 1 1]
 P 80309 0 240193 9651624
PT [143 0 103 1 1]
EMPTY QUEUE
 P 80932 0 243592 9725661
PT [143 0 104 1 1]
 P 83711 0 243600 9795984
PT [143 0 105 1 1]
 P 84712 0 243604 9868164
PT [143 0 106 1 1]
 P 84712 0 246994 9940344
PT [143 0 107 1 1]
 P 84712 0 250384 10012524
PT [143 0 108 1 1]
EMPTY QUEUE
 P 85335 0 253784 10087521
PT [143 0 109 1 1]
 P 86289 0 253794 10156884
PT [143 0 110 1 1]
 P 87827 0 253797 10229064
PT [143 0 111 1 1]
 P 87827 0 257187 10301244
PT [143 0 112 1 1]
 P 87827 0 260577 10373424
PT [143 0 113 1 1]
EMPTY QUEUE
 P 88386 0 263976 10446757
PT [143 0 114 1 1]
 P 91037 0 263984 10517784
PT [143 0 115 1 1]
 P 93632 0 263987 10589964
PT [143 0 116 1 1]
 P 93632 0 267377 10662144
PT [143 0 117 1 1]
 P 93632 0 270767 10734324
PT [143 0 118 1 1]
EMPTY QUEUE
 P 94159 0 274166 10807562
PT [143 0 119 1 1]
 P 95910 0 274174 10878684
PT [143 0 120 1 1]
 P 98247 0 274178 10950864
PT [143 0 121 1 1]
 P 98247 0 277568 11023044
PT [143 0 122 1 1]
 P 98247 0 280958 11095224
PT [143 0 123 1 1]
EMPTY QUEUE
 P 98774 0 284358 11169933
PT [143 0 124 1 1]
 P 100024 0 284366 11239584
PT [143 0 125 1 1]
 P 100742 0 284370 11311764
PT [143 0 126 1 1]
 P 100742 0 287760 11383944
PT [143 0 127 1 1]
 P 100742 0 291150 11456124
PT [143 0 128 1 1]
EMPTY QUEUE
 P 101365 0 294550 11529841
PT [143 0 129 1 1]
 P 103275 0 294558 11600484
PT [143 0 130 1 1]
 P 105996 0 294562 11672664
PT [143 0 131 1 1]
 P 105996 0 297952 11744844
PT [143 0 132 1 1]
 P 105996 0 301342 11817024
PT [143 0 133 1 1]
EMPTY QUEUE
 P 106587 0 304742 11891157
PT [143 0 134 1 1]
 P 107905 0 307323 11965314
PT [143 0 135 1 1]
 P 109262 0 307326 12033564
PT [143 0 136 1 1]
 P 109885 72 310728 12108419
PT [143 0 137 1 1]
 P 110407 72 314124 12179261
PT [143 0 138 1 1]
 P 110998 144 317526 12252747
PT [143 0 139 1 1]
 P 112768 216 317547 12324320
PT [143 0 140 1 1]
 P 114345 216 317550 12394464
PT [143 0 141 1 1]
 P 114414 216 323512 12470798
PT [143 0 142 1 1]
 P 114909 288 326914 12541371
PT [143 0 143 1 1]
 P 114909 288 330304 12611004
PT [143 0 144 1 1]
 P 117770 360 330324 12685251
PT [143 0 145 1 1]
 P 118524 360 330327 12755364
PT [143 0 146 1 1]
 P 119115 432 333729 12829899
PT [143 0 147 1 1]
 P 119115 432 337119 12899724
PT [143 0 148 1 1]
 P 119674 504 340521 12974899
PT [143 0 149 1 1]
 P 121902 504 340530 13044084
PT [143 0 150 1 1]
 P 124213 504 340533 13116264
PT [143 0 151 1 1]
 P 124708 576 343935 13189775
PT [143 0 152 1 1]
 P 124708 576 347325 13260624
PT [143 0 153 1 1]
 P 124719 576 350717 13334202
PT [143 0 154 1 1]
 P 125996 576 350720 13404984
PT [143 0 155 1 1]
 P 128407 576 350723 13477164
PT [143 0 156 1 1]
 P 131465 932 350744 13550899
PT [143 0 157 1 1]
 P 134740 1076 350771 13621524
PT [143 0 158 1 1]
 P 137911 1432 350791 13696156
PT [143 0 159 1 1]
 P 141406 1860 350823 13767184
PT [143 0 160 2 1]
 P 143737 1932 350838 13838064
PT [143 0 161 1 1]
 P 145241 1932 350841 13910244
PT [143 0 162 1 1]
 P 147634 2287 350862 13984556
PT [143 0 163 1 1]
 P 150660 2359 350877 14054604
PT [143 0 164 1 1]
 P 151219 2431 354279 14129043
PT [143 0 165 1 1]
 P 153157 2715 354289 14200106
PT [143 0 166 1 1]
 P 154866 2787 354309 14272699
PT [143 0 167 1 1]
 P 157746 2859 354326 14343324
PT [143 0 168 1 1]
 P 161010 3215 354347 14418531
PT [143 0 169 1 1]
 P 162780 3215 354350 14487684
PT [143 0 170 1 1]
 P 165310 3499 356930 14563090
PT [143 0 171 1 1]
 P 167787 3499 356934 14632044
PT [143 0 172 1 1]
 P 170223 3777 356955 14705875
PT [143 0 173 1 1]
 P 173921 3921 356982 14776404
PT [143 0 174 1 1]
 P 174480 3993 360384 14851580
PT [143 0 175 1 1]
 P 177459 4422 360417 14922927
PT [143 0 176 1 1]
 P 179233 4494 360439 14994499
PT [143 0 177 1 1]
 P 181636 4494 360442 15065124
PT [143 0 178 1 1]
 P 184027 4494 360445 15137304
PT [143 0 179 1 1]
 P 187247 4851 360466 15211807
PT [143 0 180 1 1]
 P 189515 4923 360481 15281664
PT [143 0 181 1 1]
 P 191052 4923 360485 15353844
PT [143 0 182 1 1]
 P 193278 4923 360488 15426024
PT [143 0 183 1 1]
 P 196483 5279 360509 15499631
PT [143 0 184 1 1]
 P 199887 5854 363934 15572594
PT [143 0 185 1 1]
 P 200708 5854 363937 15642564
PT [143 0 186 1 1]
 P 203842 6210 363957 15716364
PT [143 0 187 3 1]
 P 204965 6354 369943 15791750
PT [143 0 188 1 1]
 P 206228 6354 369946 15859104
PT [143 0 189 1 1]
 P 209516 6709 369966 15932968
PT [143 0 190 1 1]
 P 213814 7209 370010 16006043
PT [143 0 191 1 1]
 P 216313 7209 370013 16075644
PT [143 0 192 1 1]
 P 216905 7281 373416 16149253
PT [143 0 193 1 1]
 P 219255 7636 373437 16221367
PT [143 0 194 1 1]
 P 221718 7636 373440 16292184
PT [143 0 195 1 1]
 P 224203 7992 373461 16367167
PT [143 0 196 1 1]
 P 226439 8136 373493 16436544
PT [143 0 197 1 1]
 P 228864 8136 373496 16508724
PT [143 0 198 1 1]
 P 231103 8136 373499 16580904
PT [143 0 199 1 1]
 P 234358 8492 373519 16655055
PT [143 0 200 1 1]
 P 236751 8564 373533 16725264
PT [143 0 201 1 1]
 P 239886 8919 373553 16798903
PT [143 0 202 1 1]
 P 240510 8991 376954 16869624
PT [143 0 203 2 1]
 P 242022 8991 376957 16941804
PT [143 0 204 2 1]
 P 245218 9346 376977 17016019
PT [143 0 205 1 1]
 P 248028 9418 376992 17086164
PT [143 0 206 1 1]
 P 250457 9418 376995 17158344
PT [143 0 207 1 1]
 P 253619 9774 377015 17233424
PT [143 0 208 2 1]
 P 256966 9918 377042 17302704
PT [143 0 209 1 1]
 P 260264 10273 377063 17376151
PT [143 0 210 1 1]
 P 260823 10345 380465 17447064
PT [143 0 211 1 1]
 P 262571 10345 380468 17519244
PT [143 0 212 1 1]
 P 265801 10700 380488 17592883
PT [143 0 213 1 1]
 P 267830 10772 380502 17663604
PT [143 0 214 1 1]
 P 270973 11128 380521 17738811
PT [143 0 215 1 1]
 P 271500 11200 383923 17807964
PT [143 0 216 1 1]
 P 273666 11200 383926 17880144
PT [143 0 217 1 1]
 P 276742 11556 383946 17953751
PT [143 0 218 1 1]
 P 278131 11628 383960 18024504
PT [143 0 219 1 1]
 P 281334 11984 383979 18099007
PT [143 0 220 1 1]
 P 281830 12056 387380 18168864
PT [143 0 221 1 1]
 P 283165 12056 387384 18241044
PT [143 0 222 1 1]
 P 286301 12411 387403 18316251
PT [143 0 223 1 1]
 P 289794 12838 387433 18386511
PT [143 0 224 1 1]
 P 292864 12910 387447 18457584
PT [143 0 225 1 1]
 P 295297 12910 387450 18529764
PT [143 0 226 1 1]
 P 297591 13265 387471 18604075
PT [143 0 227 1 1]
 P 300097 13337 387490 18674124
PT [143 0 228 2 1]
 P 302005 13693 387509 18749363
PT [143 0 229 2 1]
 P 305122 13765 387523 18818484
PT [143 0 230 2 1]
 P 305191 13765 393485 18895202
PT [143 0 231 2 1]
 P 306922 13765 393488 18962844
PT [143 0 232 2 1]
 P 310060 14121 393507 19036580
PT [143 0 233 1 1]
 P 311180 14265 396919 19107204
PT [143 0 234 2 1]
 P 312653 14265 396922 19179384
PT [143 0 235 2 1]
 P 315787 14620 396943 19254047
PT [143 0 236 2 1]
 P 318549 14692 396958 19323744
PT [143 0 237 2 1]
 P 321755 15048 396978 19397319
PT [143 0 238 2 1]
 P 322379 15120 400379 19468104
PT [143 0 239 2 1]
 P 323241 15120 400382 19540284
PT [143 0 240 2 1]
 P 326401 15475 400403 19614469
PT [143 0 241 2 1]
 P 327785 15475 402978 19684644
PT [143 0 242 2 1]
 P 331049 15831 402998 19758507
PT [143 0 243 2 1]
 P 332760 16047 406421 19831967
PT [143 0 244 2 1]
 P 335681 16402 406440 19902514
PT [143 0 245 1 1]
 P 338095 16402 406443 19973364
PT [143 0 246 1 1]
 P 340600 16610 406463 20046938
PT [143 0 247 1 1]
 P 343104 16682 406484 20117724
PT [143 0 248 1 1]
 P 345613 16682 406488 20189904
PT [143 0 249 1 1]
 P 347414 17037 406507 20263734
PT [143 0 250 1 1]
 P 349898 17037 406510 20334264
PT [143 0 251 1 1]
 P 352083 17037 406513 20406444
PT [143 0 252 1 1]
 P 355315 17393 406532 20480818
PT [143 0 253 2 1]
 P 355315 17393 409922 20550804
PT [143 0 254 2 1]
 P 357019 17393 409925 20622984
PT [143 0 255 2 1]
 P 358599 17393 409928 20695164
PT [143 0 256 2 1]
 P 361720 17749 409948 20769410
PT [143 0 257 2 1]
 P 363977 17749 409951 20839524
PT [143 0 258 2 1]
 P 367138 18105 409972 20913258
PT [143 0 259 2 1]
 P 368001 18105 409975 20983884
PT [143 0 260 2 1]
 P 371268 18460 409996 21058580
PT [143 0 261 3 1]
 P 371268 18460 413386 21128244
PT [143 0 262 3 1]
 P 372573 18460 413389 21200424
PT [143 0 263 3 1]
 P 375740 18817 413409 21275502
PT [143 0 264 2 1]
 P 378800 19172 413430 21347714
PT [143 0 265 2 1]
 P 381215 19172 413434 21416964
PT [143 0 266 2 1]
 P 383331 19172 413437 21489144
PT [143 0 267 2 1]
 P 384989 19172 413440 21561324
PT [143 0 268 2 1]
 P 387367 19172 413443 21633504
PT [143 0 269 2 1]
 P 389446 19172 413446 21705684
PT [143 0 270 2 1]
 P 392564 19527 413465 21780155
PT [143 0 271 2 1]
 P 394664 19811 416866 21850504
PT [143 0 272 2 1]
 P 396261 19811 416869 21922224
PT [143 0 273 2 1]
 P 399413 20167 416889 21995959
PT [143 0 274 2 1]
 P 401371 20239 416903 22066584
PT [143 0 275 2 1]
 P 404499 20594 416926 22141696
PT [143 0 276 2 1]
 P 404499 20594 420316 22210944
PT [143 0 277 2 1]
 P 406627 20594 420319 22283124
PT [143 0 278 2 1]
 P 409723 20951 420338 22356637
PT [143 0 279 2 1]
 P 409723 20951 423728 22427484
PT [143 0 280 2 1]
 P 410446 20951 423731 22499664
PT [143 0 281 2 1]
 P 413505 21307 423751 22573111
PT [143 0 282 2 1]
 P 413505 21307 427141 22644024
PT [143 0 283 2 1]
 P 413505 21307 430531 22716204
PT [143 0 284 2 1]
 P 413505 21307 433921 22788384
PT [143 0 285 2 1]
 P 414648 21307 433924 22860564
PT [143 0 286 2 1]
EMPTY QUEUE
 P 417627 21307 433941 22935273
PT [143 0 287 2 1]
 P 417627 21307 437331 23004924
PT [143 0 288 2 1]
 P 417627 21307 440721 23077104
PT [143 0 289 2 1]
 P 417627 21307 444111 23149284
PT [143 0 290 2 1]
 P 420300 21307 444114 23221464
PT [143 0 291 2 1]
EMPTY QUEUE
 P 422097 21307 446694 23297190
PT [143 0 292 2 1]
EMPTY QUEUE
 P 422108 21307 450086 23367638
PT [143 0 293 2 1]
EMPTY QUEUE
 P 422732 21307 453485 23440438
PT [143 0 294 2 1]
 P 422732 21307 456875 23510184
PT [143 0 295 2 1]
 P 422732 21307 460265 23582364
PT [143 0 296 2 1]
 P 424706 21307 460273 23654544
PT [143 0 297 2 1]
 P 427009 21307 460276 23726724
PT [143 0 298 2 1]
EMPTY QUEUE
 P 430219 21307 460294 23801017
PT [143 0 299 2 1]
 P 430219 21307 463684 23871084
PT [143 0 300 2 1]
 P 430219 21307 467074 23943264
PT [143 0 301 2 1]
 P 430219 21307 470464 24015444
PT [143 0 302 2 1]
 P 432321 21307 470467 24087624
PT [143 0 303 2 1]
EMPTY QUEUE
 P 435189 21307 470485 24162013
PT [143 0 304 2 1]
 P 435189 21307 473875 24231984
PT [143 0 305 2 1]
 P 435189 21307 477265 24304164
PT [143 0 306 2 1]
 P 435189 21307 480655 24376344
PT [143 0 307 2 1]
 P 436787 21307 480658 24448524
PT [143 0 308 2 1]
EMPTY QUEUE
 P 439192 21307 480676 24522722
PT [143 0 309 1 1]
 P 439192 21307 484066 24592885
PT [143 0 310 1 1]
 P 439192 21307 487456 24665065
PT [143 0 311 1 1]
 P 439192 21307 490846 24737245
PT [143 0 312 1 1]
 P 440626 21307 490849 24809425
PT [143 0 313 1 1]
EMPTY QUEUE
 P 443039 21307 490867 24882662
PT [143 0 314 1 1]
 P 443039 21307 494257 24953785
PT [143 0 315 1 1]
 P 443039 21307 497647 25025965
PT [143 0 316 1 1]
 P 443039 21307 501037 25098145
PT [143 0 317 1 1]
 P 445116 21307 501040 25170325
PT [143 0 318 1 1]
EMPTY QUEUE
 P 446916 21307 501059 25244298
PT [143 0 319 1 1]
 P 446916 21307 504449 25314685
PT [143 0 320 1 1]
 P 446916 21307 507839 25386865
PT [143 0 321 1 1]
 P 446916 21307 511229 25459045
PT [143 0 322 1 1]
 P 447683 21307 511232 25531225
PT [143 0 323 1 1]
EMPTY QUEUE
 P 450925 21307 511250 25605358
PT [143 0 324 1 1]
 P 450925 21307 514640 25675585
PT [143 0 325 1 1]
 P 450925 21307 518030 25747765
PT [143 0 326 1 1]
 P 450925 21307 521420 25819945
PT [143 0 327 1 1]
 P 452112 21307 521423 25892125
PT [143 0 328 1 1]
EMPTY QUEUE
 P 454740 21307 521441 25965938
PT [143 0 329 1 1]
 P 454740 21307 524831 26036485
PT [143 0 330 1 1]
 P 454740 21307 528221 26108665
PT [143 0 331 1 1]
 P 454740 21307 531611 26180845
PT [143 0 332 1 1]
 P 457420 21307 531614 26253025
PT [143 0 333 1 1]
EMPTY QUEUE
 P 459484 21307 531632 26328118
PT [143 0 334 1 1]
 P 459484 21307 535022 26397385
PT [143 0 335 1 1]
 P 459484 21307 538412 26469565
PT [143 0 336 1 1]
 P 459484 21307 541802 26541745
PT [143 0 337 1 1]
 P 460545 21307 541805 26613925
PT [143 0 338 1 1]
EMPTY QUEUE
 P 463030 21307 541815 26687173
PT [143 0 339 1 1]
EMPTY QUEUE
 P 463525 21307 545215 26760590
PT [143 0 340 1 1]
 P 463525 21307 548605 26830465
PT [143 0 341 1 1]
 P 463525 21307 551995 26902645
PT [143 0 342 1 1]
 P 465156 21307 551998 26974825
PT [143 0 343 1 1]
 P 467366 21307 552006 27047005
PT [143 0 344 1 1]
EMPTY QUEUE
 P 470435 21307 552025 27120498
PT [143 0 345 1 1]
 P 470435 21307 555415 27191365
PT [143 0 346 1 1]
 P 470435 21307 558805 27263545
PT [143 0 347 1 1]
 P 471657 21307 558808 27335725
PT [143 0 348 1 1]
 P 471657 21307 562198 27407905
PT [143 0 349 1 1]
EMPTY QUEUE
 P 474604 21307 562216 27482102
PT [143 0 350 1 1]
 P 474604 21307 565606 27552265
PT [143 0 351 1 1]
 P 474604 21307 568996 27624445
PT [143 0 352 1 1]
 P 476460 21307 568999 27696625
PT [143 0 353 1 1]
 P 476460 21307 572389 27768805
PT [143 0 354 1 1]
EMPTY QUEUE
 P 478779 21307 572407 27843290
PT [143 0 355 1 1]
 P 478779 21307 575797 27913165
PT [143 0 356 1 1]
 P 478779 21307 579187 27985345
PT [143 0 357 1 1]
 P 479621 21307 579190 28057525
PT [143 0 358 1 1]
 P 479621 21307 582580 28129705
PT [143 0 359 1 1]
EMPTY QUEUE
 P 482123 21307 582599 28203807
PT [143 0 360 2 1]
 P 482123 21307 585989 28274065
PT [143 0 361 2 1]
 P 482123 21307 589379 28346245
PT [143 0 362 2 1]
 P 484235 21307 589383 28418425
PT [143 0 363 2 1]
 P 484235 21307 592773 28490605
PT [143 0 364 2 1]
EMPTY QUEUE
 P 486045 21307 592791 28563938
PT [143 0 365 1 1]
 P 486045 21307 596181 28634965
PT [143 0 366 1 1]
 P 486045 21307 599571 28707145
PT [143 0 367 1 1]
 P 487812 21307 599575 28779325
PT [143 0 368 1 1]
 P 487812 21307 602965 28851505
PT [143 0 369 1 1]
EMPTY QUEUE
 P 491206 21307 602984 28925542
PT [143 0 370 1 1]
 P 491206 21307 606374 28995865
PT [143 0 371 1 1]
 P 491206 21307 609764 29068045
PT [143 0 372 1 1]
 P 493830 21307 609767 29140225
PT [143 0 373 1 1]
 P 496218 21307 609770 29212405
PT [143 0 374 1 1]
EMPTY QUEUE
 P 498823 21307 609789 29286570
PT [143 0 375 1 1]
 P 498823 21307 613179 29356765
PT [143 0 376 1 1]
 P 498823 21307 616570 29428945
PT [143 0 377 1 1]
 P 498823 21307 619960 29501125
PT [143 0 378 1 1]
 P 500866 21307 619964 29573305
PT [143 0 379 1 1]
EMPTY QUEUE
 P 502437 21307 619974 29646627
PT [143 0 380 1 1]
EMPTY QUEUE
 P 503061 21307 623373 29720099
PT [143 0 381 1 1]
 P 503061 21307 626763 29789845
PT [143 0 382 1 1]
 P 503061 21307 630153 29862025
PT [143 0 383 1 1]
 P 504731 21307 630156 29934205
PT [143 0 384 1 1]
 P 507096 21307 630164 30006385
PT [143 0 385 1 1]
EMPTY QUEUE
 P 507687 21307 633564 30080390
PT [143 0 386 1 1]
 P 507687 21307 636954 30150745
PT [143 0 387 1 1]
 P 507687 21307 640344 30222925
PT [143 0 388 1 1]
 P 509076 21307 640347 30295105
PT [143 0 389 1 1]
 P 511401 21307 640356 30367285
PT [143 0 390 1 1]
EMPTY QUEUE
 P 511898 21307 643755 30442156
PT [143 0 391 1 1]
 P 511898 21307 647145 30511645
PT [143 0 392 1 1]
 P 511898 21307 650535 30583825
PT [143 0 393 1 1]
 P 514048 21307 650538 30656005
PT [143 0 394 1 1]
 P 516446 21307 650546 30728185
PT [143 0 395 1 1]
EMPTY QUEUE
 P 517069 21307 653946 30801582
PT [143 0 396 1 1]
 P 517069 21307 657336 30872545
PT [143 0 397 1 1]
 P 517069 21307 660726 30944725
PT [143 0 398 1 1]
 P 517791 21307 660729 31016905
PT [143 0 399 1 1]
 P 519478 21307 660738 31089085
PT [143 0 400 1 1]
EMPTY QUEUE
 P 519975 21307 664137 31162291
PT [143 0 401 1 1]
 P 519975 21307 667527 31233445
PT [143 0 402 1 1]
 P 519975 21307 670917 31305625
PT [143 0 403 1 1]
 P 521235 21307 670920 31377805
PT [143 0 404 1 1]
 P 522421 21307 670928 31449985
PT [143 0 405 1 1]
EMPTY QUEUE
 P 522949 21307 674327 31524695
PT [143 0 406 1 1]
 P 522949 21307 677717 31594345
PT [143 0 407 1 1]
 P 522949 21307 681107 31666525
PT [143 0 408 1 1]
 P 525584 21307 681110 31738705
PT [143 0 409 1 1]
 P 527399 21307 681118 31810885
PT [143 0 410 1 1]
EMPTY QUEUE
 P 527896 21307 684517 31884476
PT [143 0 411 1 1]
 P 527896 21307 687907 31955245
PT [143 0 412 1 1]
 P 527896 21307 691297 32027425
PT [143 0 413 1 1]
 P 529030 21307 691300 32099605
PT [143 0 414 1 1]
 P 531267 21307 691309 32171785
PT [143 0 415 1 1]
EMPTY QUEUE
 P 531763 21307 694708 32245823
PT [143 0 416 1 1]
 P 531763 21307 698098 32316145
PT [143 0 417 1 1]
 P 531763 21307 701488 32388325
PT [143 0 418 1 1]
 P 533349 21307 701491 32460505
PT [143 0 419 1 1]
 P 535483 21307 701499 32532685
PT [143 0 420 1 1]
EMPTY QUEUE
 P 536043 21307 704898 32606723
PT [143 0 421 1 1]
 P 536043 21307 708288 32677045
PT [143 0 422 1 1]
 P 536043 21307 711678 32749225
PT [143 0 423 1 1]
 P 537338 21307 711681 32821405
PT [143 0 424 1 1]
 P 539034 21307 711689 32893585
PT [143 0 425 1 1]
 P 541420 21307 711692 32965765
PT [143 0 426 1 1]
EMPTY QUEUE
 P 541916 21307 715091 33039163
PT [143 0 427 1 1]
 P 541916 21307 718481 33110125
PT [143 0 428 1 1]
 P 541916 21307 721871 33182305
PT [143 0 429 1 1]
 P 543221 21307 721879 33254485
PT [143 0 430 1 1]
 P 545261 21307 721882 33326665
PT [143 0 431 1 1]
EMPTY QUEUE
 P 545756 21307 725281 33401022
PT [143 0 432 2 1]
 P 545756 21307 728671 33471025
PT [143 0 433 2 1]
 P 545756 21307 732061 33543205
PT [143 0 434 2 1]
 P 548152 21307 732070 33615385
PT [143 0 435 2 1]
 P 549832 21307 732074 33687565
PT [143 0 436 2 1]
EMPTY QUEUE
 P 550327 21307 735473 33762370
PT [143 0 437 2 1]
 P 550327 21307 738863 33831925
PT [143 0 438 2 1]
 P 550327 21307 742253 33904105
PT [143 0 439 2 1]
 P 552619 21307 742261 33976285
PT [143 0 440 2 1]
 P 554018 21307 742264 34048465
PT [143 0 441 2 1]
EMPTY QUEUE
 P 554609 21307 745663 34123302
PT [143 0 442 2 1]
 P 554609 21307 749053 34192825
PT [143 0 443 2 1]
 P 554609 21307 752443 34265005
PT [143 0 444 2 1]
 P 557324 21307 752451 34337185
PT [143 0 445 2 1]
 P 559483 21307 752454 34409365
PT [143 0 446 2 1]
EMPTY QUEUE
 P 560010 21307 755853 34483562
PT [143 0 447 2 1]
 P 560010 21307 759243 34553725
PT [143 0 448 2 1]
 P 560010 21307 762633 34625905
PT [143 0 449 2 1]
 P 561986 21307 762641 34698085
PT [143 0 450 2 1]
 P 562717 21307 762644 34770265
PT [143 0 451 2 1]
EMPTY QUEUE
 P 563308 21307 766043 34843438
PT [143 0 452 2 1]
 P 563308 21307 769433 34914625
PT [143 0 453 2 1]
 P 563308 21307 772823 34986805
PT [143 0 454 2 1]
 P 564240 21307 772831 35058985
PT [143 0 455 2 1]
 P 565509 21307 772834 35131165
PT [143 0 456 2 1]
EMPTY QUEUE
 P 565520 21307 776226 35204199
PT [143 0 457 2 1]
EMPTY QUEUE
 P 565589 21307 782188 35279967
PT [143 0 458 2 1]
EMPTY QUEUE
 P 565803 21307 785584 35349726
PT [143 0 459 2 1]
EMPTY QUEUE
 P 568973 21307 785601 35421294
PT [143 0 460 2 1]
 P 571617 21307 785604 35492065
PT [143 0 461 2 1]
 P 571617 21307 788994 35564245
PT [143 0 462 2 1]
 P 571617 21307 792384 35636425
PT [143 0 463 2 1]
 P 571617 21307 795774 35708605
PT [143 0 464 2 1]
EMPTY QUEUE
 P 572979 21307 795792 35782834
PT [143 0 465 2 1]
 P 574122 21307 795796 35852965
PT [143 0 466 2 1]
 P 574122 21307 799186 35925145
PT [143 0 467 2 1]
 P 574122 21307 802576 35997325
PT [143 0 468 2 1]
 P 574122 21307 805966 36069505
PT [143 0 469 2 1]
EMPTY QUEUE
 P 577451 21307 805983 36144022
PT [143 0 470 2 1]
 P 579046 21307 805986 36213865
PT [143 0 471 2 1]
 P 579046 21307 809376 36286045
PT [143 0 472 2 1]
 P 579046 21307 812766 36358225
PT [143 0 473 2 1]
 P 579046 21307 816156 36430405
PT [143 0 474 2 1]
EMPTY QUEUE
 P 582130 21307 816174 36504538
PT [143 0 475 2 1]
 P 583434 21307 816178 36574765
PT [143 0 476 2 1]
 P 583434 21307 819568 36646945
PT [143 0 477 2 1]
 P 583434 21307 822958 36719125
PT [143 0 478 2 1]
 P 583434 21307 826348 36791305
PT [143 0 479 2 1]
EMPTY QUEUE
 P 586733 21307 826366 36864543
PT [143 0 480 3 1]
 P 588553 21307 826369 36935665
PT [143 0 481 3 1]
 P 588553 21307 829759 37007845
PT [143 0 482 3 1]
 P 588553 21307 833149 37080025
PT [143 0 483 3 1]
 P 588553 21307 836539 37152205
PT [143 0 484 3 1]
EMPTY QUEUE
 P 589948 21307 836557 37226146
PT [143 0 485 2 1]
 P 589948 21307 839947 37296565
PT [143 0 486 2 1]
 P 592358 21307 839950 37368745
PT [143 0 487 2 1]
 P 592358 21307 843340 37440925
PT [143 0 488 2 1]
 P 592358 21307 846730 37513105
PT [143 0 489 2 1]
EMPTY QUEUE
 P 595145 21307 846748 37587238
PT [143 0 490 2 1]
 P 595145 21307 850138 37657465
PT [143 0 491 2 1]
 P 597210 21307 850141 37729645
PT [143 0 492 2 1]
 P 597210 21307 853531 37801825
PT [143 0 493 2 1]
 P 597210 21307 856921 37874005
PT [143 0 494 2 1]
EMPTY QUEUE
 P 599593 21307 856940 37947819
PT [143 0 495 2 1]
 P 599593 21307 860330 38018365
PT [143 0 496 2 1]
 P 601284 21307 860335 38090545
PT [143 0 497 2 1]
 P 601284 21307 863725 38162725
PT [143 0 498 2 1]
 P 601284 21307 867115 38234905
PT [143 0 499 2 1]
EMPTY QUEUE
 P 602765 21307 867133 38309934
PT [143 0 500 2 1]
 P 602765 21307 870523 38379265
PT [143 0 501 2 1]
 P 604175 21307 870526 38451445
PT [143 0 502 2 1]
 P 604175 21307 873916 38523625
PT [143 0 503 2 1]
 P 604175 21307 877306 38595805
PT [143 0 504 2 1]
EMPTY QUEUE
 P 605474 21307 877325 38669523
PT [143 0 505 2 1]
 P 605474 21307 880715 38740165
PT [143 0 506 2 1]
 P 607644 21307 880718 38812345
PT [143 0 507 2 1]
 P 607644 21307 884108 38884525
PT [143 0 508 2 1]
 P 607644 21307 887498 38956705
PT [143 0 509 2 1]
EMPTY QUEUE
 P 610432 21307 887516 39030582
PT [143 0 510 2 1]
 P 610432 21307 890906 39101065
PT [143 0 511 2 1]
 P 611174 21307 890909 39173245
PT [143 0 512 2 1]
 P 611174 21307 894299 39245425
PT [143 0 513 2 1]
 P 611174 21307 897689 39317605
PT [143 0 514 2 1]
EMPTY QUEUE
 P 614131 21307 897707 39391195
PT [143 0 515 2 1]
 P 614131 21307 901097 39461965
PT [143 0 516 2 1]
 P 615411 21307 901100 39534145
PT [143 0 517 2 1]
 P 615411 21307 904490 39606325
PT [143 0 518 2 1]
 P 615411 21307 907880 39678505
PT [143 0 519 2 1]
EMPTY QUEUE
 P 617613 21307 910461 39755415
PT [143 0 520 2 1]
EMPTY QUEUE
 P 618236 21307 913861 39825298
PT [143 0 521 2 1]
 P 620891 21307 913864 39895045
PT [143 0 522 2 1]
 P 620891 21307 917254 39967225
PT [143 0 523 2 1]
 P 620891 21307 920644 40039405
PT [143 0 524 2 1]
 P 621663 21307 920653 40111585
PT [143 0 525 2 1]
EMPTY QUEUE
 P 622254 21307 924053 40185590
PT [143 0 526 2 1]
 P 623408 21307 924057 40255945
PT [143 0 527 2 1]
 P 623408 21307 927447 40328125
PT [143 0 528 2 1]
 P 623408 21307 930837 40400305
PT [143 0 529 2 1]
 P 625574 21307 930846 40472485
PT [143 0 530 2 1]
EMPTY QUEUE
 P 626070 21307 934246 40547355
PT [143 0 531 3 1]
 P 627677 21307 934249 40616845
PT [143 0 532 3 1]
 P 628920 21307 934252 40689025
PT [143 0 533 3 1]
 P 628920 21307 937642 40761205
PT [143 0 534 3 1]
 P 630552 21307 937651 40833385
PT [143 0 535 3 1]
EMPTY QUEUE
 P 631177 21307 941050 40906783
PT [143 0 536 3 1]
 P 631177 21307 944440 40977745
PT [143 0 537 3 1]
 P 632935 21307 944443 41049925
PT [143 0 538 3 1]
 P 632935 21307 947833 41122105
PT [143 0 539 3 1]
 P 633894 21307 947842 41194285
PT [143 0 540 3 1]
EMPTY QUEUE
 P 637019 21307 947860 41267778
PT [143 0 541 2 1]
 P 637019 21307 951250 41338645
PT [143 0 542 2 1]
 P 637763 21307 951253 41410825
PT [143 0 543 2 1]
 P 637763 21307 954643 41483005
PT [143 0 544 2 1]
 P 637763 21307 958033 41555185
PT [143 0 545 2 1]
EMPTY QUEUE
 P 640737 21307 958052 41629478
PT [143 0 546 2 1]
 P 640737 21307 961442 41699545
PT [143 0 547 2 1]
 P 642772 21307 961445 41771725
PT [143 0 548 2 1]
 P 642772 21307 964835 41843905
PT [143 0 549 2 1]
 P 642772 21307 968225 41916085
PT [143 0 550 2 1]
EMPTY QUEUE
 P 645178 21307 968244 41990602
PT [143 0 551 2 1]
 P 645178 21307 971634 42060445
PT [143 0 552 2 1]
 P 646868 21307 971637 42132625
PT [143 0 553 2 1]
 P 646868 21307 975027 42204805
PT [143 0 554 2 1]
 P 646868 21307 978417 42276985
PT [143 0 555 2 1]
EMPTY QUEUE
 P 649410 21307 978436 42351182
PT [143 0 556 2 1]
 P 649410 21307 981826 42421345
PT [143 0 557 2 1]
 P 651958 21307 981829 42493525
PT [143 0 558 2 1]
 P 651958 21307 985219 42565705
PT [143 0 559 2 1]
 P 651958 21307 988609 42637885
PT [143 0 560 2 1]
EMPTY QUEUE
 P 653790 21307 988627 42711186
PT [143 0 561 2 1]
 P 653790 21307 992017 42782245
PT [143 0 562 2 1]
 P 654591 21307 992021 42854425
PT [143 0 563 2 1]
 P 654591 21307 995411 42926605
PT [143 0 564 2 1]
 P 654591 21307 998801 42998785
PT [143 0 565 2 1]
EMPTY QUEUE
 P 657865 21307 998819 43072759
PT [143 0 566 2 1]
 P 657865 21307 1002209 43143145
PT [143 0 567 2 1]
 P 660160 21307 1002212 43215325
PT [143 0 568 2 1]
 P 660160 21307 1005603 43287505
PT [143 0 569 2 1]
 P 660160 21307 1008993 43359685
PT [143 0 570 2 1]
EMPTY QUEUE
 P 662363 21307 1011574 43435955
PT [143 0 571 2 1]
EMPTY QUEUE
 P 662374 21307 1014966 43505859
PT [143 0 572 2 1]
EMPTY QUEUE
 P 662998 21307 1018365 43578659
PT [143 0 573 2 1]
 P 662998 21307 1021755 43648405
PT [143 0 574 2 1]
 P 665240 21307 1021758 43720585
PT [143 0 575 2 1]
 P 666745 21307 1021766 43792765
PT [143 0 576 2 1]
 P 666745 21307 1025156 43864945
PT [143 0 577 2 1]
EMPTY QUEUE
 P 667337 21307 1028555 43938950
PT [143 0 578 2 1]
 P 667337 21307 1031945 44009305
PT [143 0 579 2 1]
 P 667337 21307 1035335 44081485
PT [143 0 580 2 1]
 P 669653 21307 1035338 44153665
PT [143 0 581 2 1]
 P 672284 21307 1035347 44225845
PT [143 0 582 2 1]
EMPTY QUEUE
 P 672353 21307 1041309 44302851
PT [143 0 583 2 1]
EMPTY QUEUE
 P 672977 21307 1044708 44372639
PT [143 0 584 2 1]
 P 672977 21307 1048098 44442385
PT [143 0 585 2 1]
 P 674948 21307 1048101 44514565
PT [143 0 586 2 1]
 P 677333 21307 1048109 44586745
PT [143 0 587 2 1]
 P 677333 21307 1051499 44658925
PT [143 0 588 2 1]
EMPTY QUEUE
 P 677957 21307 1054898 44732963
PT [143 0 589 2 1]
 P 677957 21307 1058288 44803285
PT [143 0 590 2 1]
 P 679556 21307 1058291 44875465
PT [143 0 591 2 1]
 P 681339 21307 1058299 44947645
PT [143 0 592 2 1]
 P 681339 21307 1061689 45019825
PT [143 0 593 2 1]
EMPTY QUEUE
 P 681899 21307 1065088 45094759
PT [143 0 594 2 1]
 P 681899 21307 1068478 45164185
PT [143 0 595 2 1]
 P 683217 21307 1068481 45236365
PT [143 0 596 2 1]
 P 685135 21307 1068490 45308545
PT [143 0 597 2 1]
 P 685135 21307 1071880 45380725
PT [143 0 598 2 1]
EMPTY QUEUE
 P 685664 21307 1075279 45454028
PT [143 0 599 2 1]
 P 685664 21307 1078669 45525085
PT [143 0 600 2 1]
 P 687741 21307 1078672 45597265
PT [143 0 601 2 1]
 P 689014 21307 1078680 45669445
PT [143 0 602 2 1]
 P 689014 21307 1082070 45741625
PT [143 0 603 2 1]
EMPTY QUEUE
 P 689541 21307 1085469 45814862
PT [143 0 604 3 1]
 P 689541 21307 1088859 45885985
PT [143 0 605 3 1]
 P 690190 21307 1088863 45958165
PT [143 0 606 3 1]
 P 692936 21307 1088872 46030345
PT [143 0 607 3 1]
 P 692936 21307 1092262 46102525
PT [143 0 608 3 1]
EMPTY QUEUE
 P 693561 21307 1095661 46177332
PT [143 0 609 3 1]
 P 693561 21307 1099051 46246885
PT [143 0 610 3 1]
 P 694748 21307 1099054 46319065
PT [143 0 611 3 1]
 P 696882 21307 1099062 46391245
PT [143 0 612 3 1]
 P 696882 21307 1102452 46463425
PT [143 0 613 3 1]
EMPTY QUEUE
 P 697505 21307 1105851 46537142
PT [143 0 614 3 1]
 P 697505 21307 1109241 46607785
PT [143 0 615 3 1]
 P 700067 21307 1109245 46679965
PT [143 0 616 3 1]
 P 701572 21307 1109254 46752145
PT [143 0 617 3 1]
 P 701572 21307 1112644 46824325
PT [143 0 618 3 1]
EMPTY QUEUE
 P 702166 21307 1116044 46898461
PT [143 0 619 4 1]
 P 702166 21307 1119434 46968685
PT [143 0 620 4 1]
 P 703228 21307 1119437 47040865
PT [143 0 621 4 1]
 P 705647 21307 1119446 47113045
PT [143 0 622 4 1]
 P 705647 21307 1122836 47185225
PT [143 0 623 4 1]
EMPTY QUEUE
 P 706142 21307 1126235 47259198
PT [143 0 624 3 1]
 P 706142 21307 1129625 47329585
PT [143 0 625 3 1]
 P 707655 21307 1129628 47401765
PT [143 0 626 3 1]
 P 709924 21307 1129636 47473945
PT [143 0 627 3 1]
 P 709924 21307 1133026 47546125
PT [143 0 628 3 1]
EMPTY QUEUE
 P 710547 21307 1136425 47619650
PT [143 0 629 3 1]
 P 710547 21307 1139815 47690485
PT [143 0 630 3 1]
 P 711770 21307 1139818 47762665
PT [143 0 631 3 1]
 P 714221 21307 1139826 47834845
PT [143 0 632 3 1]
 P 714221 21307 1143217 47907025
PT [143 0 633 3 1]
EMPTY QUEUE
 P 714716 21307 1146616 47981382
PT [143 0 634 3 1]
 P 714716 21307 1150006 48051385
PT [143 0 635 3 1]
 P 716454 21307 1150009 48123565
PT [143 0 636 3 1]
 P 718085 21307 1150018 48195745
PT [143 0 637 3 1]
 P 718085 21307 1153408 48267925
PT [143 0 638 3 1]
EMPTY QUEUE
 P 718612 21307 1156807 48342762
PT [143 0 639 3 1]
 P 718612 21307 1160197 48412285
PT [143 0 640 3 1]
 P 719455 21307 1160200 48484465
PT [143 0 641 3 1]
 P 720697 21307 1160208 48556645
PT [143 0 642 3 1]
 P 720697 21307 1163598 48628825
PT [143 0 643 3 1]
EMPTY QUEUE
 P 721192 21307 1166997 48703566
PT [143 0 644 3 1]
 P 721192 21307 1170387 48773185
PT [143 0 645 3 1]
 P 723187 21307 1170390 48845365
PT [143 0 646 3 1]
 P 724947 21307 1170398 48917545
PT [143 0 647 3 1]
 P 724947 21307 1173788 48989725
PT [143 0 648 3 1]
EMPTY QUEUE
 P 725016 21307 1179750 49066027
PT [143 0 649 3 1]
EMPTY QUEUE
 P 725251 21307 1183146 49136127
PT [143 0 650 3 1]
 P 727019 21307 1183149 49206265
PT [143 0 651 3 1]
EMPTY QUEUE
 P 729934 21307 1183167 49279886
PT [143 0 652 3 1]
 P 729934 21307 1186557 49350625
PT [143 0 653 3 1]
 P 729934 21307 1189947 49422805
PT [143 0 654 3 1]
 P 729934 21307 1193337 49494985
PT [143 0 655 3 1]
 P 729934 21307 1196727 49567165
PT [143 0 656 3 1]
EMPTY QUEUE
 P 732634 21307 1196747 49641491
PT [143 0 657 3 1]
 P 734892 21307 1196750 49711525
PT [143 0 658 3 1]
 P 734892 21307 1200140 49783705
PT [143 0 659 3 1]
 P 734892 21307 1203530 49855885
PT [143 0 660 3 1]
 P 734892 21307 1206920 49928065
PT [143 0 661 3 1]
EMPTY QUEUE
 P 737233 21307 1206938 50002550
PT [143 0 662 3 1]
 P 739290 21307 1206941 50072425
PT [143 0 663 3 1]
 P 739290 21307 1210331 50144605
PT [143 0 664 3 1]
 P 739290 21307 1213721 50216785
PT [143 0 665 3 1]
 P 739290 21307 1217111 50288965
PT [143 0 666 3 1]
EMPTY QUEUE
 P 741131 21307 1217130 50363130
PT [143 0 667 3 1]
 P 742683 21307 1217134 50433325
PT [143 0 668 3 1]
 P 742683 21307 1220524 50505505
PT [143 0 669 3 1]
 P 742683 21307 1223914 50577685
PT [143 0 670 3 1]
 P 742683 21307 1227304 50649865
PT [143 0 671 3 1]
EMPTY QUEUE
 P 745661 21307 1227322 50723134
PT [143 0 672 3 1]
 P 747052 21307 1227325 50794225
PT [143 0 673 3 1]
 P 747052 21307 1230715 50866405
PT [143 0 674 3 1]
 P 747052 21307 1234105 50938585
PT [143 0 675 3 1]
 P 747052 21307 1237495 51010765
PT [143 0 676 3 1]
EMPTY QUEUE
 P 749912 21307 1237513 51084835
PT [143 0 677 3 1]
 P 751945 21307 1237516 51155125
PT [143 0 678 3 1]
 P 751945 21307 1240906 51227305
PT [143 0 679 3 1]
 P 751945 21307 1244296 51299485
PT [143 0 680 3 1]
 P 751945 21307 1247686 51371665
PT [143 0 681 3 1]
EMPTY QUEUE
 P 755274 21307 1247705 51445862
PT [143 0 682 3 1]
 P 755996 21307 1247709 51516025
PT [143 0 683 3 1]
 P 755996 21307 1251099 51588205
PT [143 0 684 3 1]
 P 755996 21307 1254489 51660385
PT [143 0 685 3 1]
 P 755996 21307 1257879 51732565
PT [143 0 686 3 1]
EMPTY QUEUE
 P 758475 21307 1257897 51806443
PT [143 0 687 3 1]
 P 759617 21307 1257900 51876925
PT [143 0 688 3 1]
 P 759617 21307 1261290 51949105
PT [143 0 689 3 1]
 P 759617 21307 1264680 52021285
PT [143 0 690 3 1]
 P 759617 21307 1268070 52093465
PT [143 0 691 3 1]
EMPTY QUEUE
 P 761195 21307 1268088 52168590
PT [143 0 692 3 1]
 P 763832 21307 1268091 52237825
PT [143 0 693 3 1]
 P 763832 21307 1271481 52310005
PT [143 0 694 3 1]
 P 763832 21307 1274871 52382185
PT [143 0 695 3 1]
 P 763832 21307 1278261 52454365
PT [143 0 696 3 1]
EMPTY QUEUE
 P 766948 21307 1278280 52528148
PT [143 0 697 3 1]
 P 767966 21307 1278283 52598725
PT [143 0 698 3 1]
 P 767966 21307 1281673 52670905
PT [143 0 699 3 1]
 P 767966 21307 1285063 52743085
PT [143 0 700 3 1]
 P 767966 21307 1288453 52815265
PT [143 0 701 3 1]
EMPTY QUEUE
 P 769481 21307 1288473 52889270
PT [143 0 702 3 1]
 P 771067 21307 1288476 52959625
PT [143 0 703 3 1]
 P 771067 21307 1291866 53031805
PT [143 0 704 3 1]
 P 771067 21307 1295256 53103985
PT [143 0 705 3 1]
 P 771067 21307 1298646 53176165
PT [143 0 706 3 1]
EMPTY QUEUE
 P 774343 21307 1298665 53249851
PT [143 0 707 3 1]
 P 775521 21307 1298668 53320525
PT [143 0 708 3 1]
 P 775521 21307 1302058 53392705
PT [143 0 709 3 1]
 P 775521 21307 1305448 53464885
PT [143 0 710 3 1]
 P 775521 21307 1308838 53537065
PT [143 0 711 3 1]
EMPTY QUEUE
 P 778659 21307 1308856 53611902
PT [143 0 712 3 1]
 P 778659 21307 1312246 53681425
PT [143 0 713 3 1]
 P 780999 21307 1312249 53753605
PT [143 0 714 3 1]
 P 780999 21307 1315639 53825785
PT [143 0 715 3 1]
 P 780999 21307 1319029 53897965
PT [143 0 716 3 1]
EMPTY QUEUE
 P 784273 21307 1319047 53971426
PT [143 0 717 3 1]
 P 784273 21307 1322437 54042325
PT [143 0 718 3 1]
 P 786268 21307 1322440 54114505
PT [143 0 719 3 1]
 P 786268 21307 1325830 54186685
PT [143 0 720 3 1]
 P 786268 21307 1329220 54258865
PT [143 0 721 3 1]
EMPTY QUEUE
 P 787750 21307 1329238 54332518
PT [143 0 722 3 1]
 P 787750 21307 1332628 54403225
PT [143 0 723 3 1]
 P 789372 21307 1332631 54475405
PT [143 0 724 3 1]
 P 789372 21307 1336021 54547585
PT [143 0 725 3 1]
 P 789372 21307 1339411 54619765
PT [143 0 726 3 1]
EMPTY QUEUE
 P 792232 21307 1339430 54693194
PT [143 0 727 3 1]
 P 792232 21307 1342820 54764125
PT [143 0 728 3 1]
 P 793573 21307 1342823 54836305
PT [143 0 729 3 1]
 P 793573 21307 1346213 54908485
PT [143 0 730 3 1]
 P 793573 21307 1349603 54980665
PT [143 0 731 3 1]
EMPTY QUEUE
 P 796106 21307 1349621 55055278
PT [143 0 732 3 1]
 P 796106 21307 1353011 55125025
PT [143 0 733 3 1]
 P 798207 21307 1353014 55197205
PT [143 0 734 3 1]
 P 798207 21307 1356404 55269385
PT [143 0 735 3 1]
 P 798207 21307 1359794 55341565
PT [143 0 736 3 1]
EMPTY QUEUE
 P 799761 21307 1359813 55414866
PT [143 0 737 3 1]
 P 799761 21307 1363203 55485925
PT [143 0 738 3 1]
 P 800434 21307 1363207 55558105
PT [143 0 739 3 1]
 P 800434 21307 1366597 55630285
PT [143 0 740 3 1]
 P 800434 21307 1369987 55702465
PT [143 0 741 3 1]
EMPTY QUEUE
 P 801884 21307 1370005 55775958
PT [143 0 742 3 1]
 P 801884 21307 1373395 55846825
PT [143 0 743 3 1]
 P 803095 21307 1373399 55919005
PT [143 0 744 3 1]
 P 803095 21307 1376789 55991185
PT [143 0 745 3 1]
 P 803095 21307 1380179 56063365
PT [143 0 746 3 1]
EMPTY QUEUE
 P 805924 21307 1380196 56136506
PT [143 0 747 3 1]
 P 805924 21307 1383586 56207725
PT [143 0 748 3 1]
 P 808510 21307 1383590 56279905
PT [143 0 749 3 1]
 P 808510 21307 1386980 56352085
PT [143 0 750 3 1]
 P 808510 21307 1390370 56424265
PT [143 0 751 3 1]
EMPTY QUEUE
 P 811585 21307 1390388 56498622
PT [143 0 752 3 1]
 P 811585 21307 1393778 56568625
PT [143 0 753 3 1]
 P 812672 21307 1393781 56640805
PT [143 0 754 3 1]
 P 812672 21307 1397171 56712985
PT [143 0 755 3 1]
 P 812672 21307 1400561 56785165
PT [143 0 756 3 1]
EMPTY QUEUE
 P 815279 21307 1400578 56860163
PT [143 0 757 3 1]
 P 815279 21307 1403968 56929525
PT [143 0 758 3 1]
 P 816817 21307 1403971 57001705
PT [143 0 759 3 1]
 P 816817 21307 1407361 57073885
PT [143 0 760 3 1]
 P 816817 21307 1410752 57146065
PT [143 0 761 3 1]
EMPTY QUEUE
 P 818269 21307 1410769 57219302
PT [143 0 762 3 1]
 P 818269 21307 1414159 57290425
PT [143 0 763 3 1]
 P 819516 21307 1414162 57362605
PT [143 0 764 3 1]
 P 819516 21307 1417552 57434785
PT [143 0 765 3 1]
 P 819516 21307 1420942 57506965
PT [143 0 766 3 1]
EMPTY QUEUE
 P 822187 21307 1420959 57581867
PT [143 0 767 3 1]
 P 822187 21307 1424349 57651325
PT [143 0 768 3 1]
 P 823949 21307 1424352 57723505
PT [143 0 769 3 1]
 P 823949 21307 1427742 57795685
PT [143 0 770 3 1]
 P 823949 21307 1431132 57867865
PT [143 0 771 3 1]
EMPTY QUEUE
 P 826197 21307 1431149 57941935
PT [143 0 772 3 1]
 P 826197 21307 1434539 58012225
PT [143 0 773 3 1]
 P 827064 21307 1434542 58084405
PT [143 0 774 3 1]
 P 827064 21307 1437932 58156585
PT [143 0 775 3 1]
 P 827064 21307 1441322 58228765
PT [143 0 776 3 1]
EMPTY QUEUE
 P 828620 21307 1441339 58303571
PT [143 0 777 3 1]
 P 828620 21307 1444729 58373125
PT [143 0 778 3 1]
 P 830640 21307 1444732 58445305
PT [143 0 779 3 1]
 P 830640 21307 1448122 58517485
PT [143 0 780 3 1]
 P 830640 21307 1451512 58589665
PT [143 0 781 3 1]
EMPTY QUEUE
 P 832217 21307 1451530 58664566
PT [143 0 782 4 1]
 P 832217 21307 1454920 58734025
PT [143 0 783 4 1]
 P 834009 21307 1454923 58806205
PT [143 0 784 4 1]
 P 834009 21307 1458313 58878385
PT [143 0 785 4 1]
 P 834009 21307 1461703 58950565
PT [143 0 786 4 1]
EMPTY QUEUE
 P 836774 21307 1461721 59025179
PT [143 0 787 5 1]
 P 836774 21307 1465111 59094925
PT [143 0 788 5 1]
 P 839304 21307 1465114 59167105
PT [143 0 789 5 1]
 P 839304 21307 1468504 59239285
PT [143 0 790 5 1]
 P 839304 21307 1471894 59311465
PT [143 0 791 5 1]
EMPTY QUEUE
 P 841837 21307 1471912 59385246
PT [143 0 792 4 1]
 P 841837 21307 1475302 59455825
PT [143 0 793 4 1]
 P 842739 21307 1475307 59528005
PT [143 0 794 4 1]
 P 842739 21307 1478697 59600185
PT [143 0 795 4 1]
 P 842739 21307 1482087 59672365
PT [143 0 796 4 1]
EMPTY QUEUE
 P 844517 21307 1482105 59746851
PT [143 0 797 4 1]
 P 844517 21307 1485495 59816725
PT [143 0 798 4 1]
 P 846794 21307 1485498 59888905
PT [143 0 799 4 1]
 P 846794 21307 1488888 59961085
PT [143 0 800 4 1]
 P 846794 21307 1492278 60033265
PT [143 0 801 4 1]
EMPTY QUEUE
 P 848339 21307 1492295 60107910
PT [143 0 802 4 1]
 P 848339 21307 1495685 60177625
PT [143 0 803 4 1]
 P 849593 21307 1495689 60249805
PT [143 0 804 4 1]
 P 849593 21307 1499079 60321985
PT [143 0 805 4 1]
 P 849593 21307 1502469 60394165
PT [143 0 806 4 1]
EMPTY QUEUE
 P 850923 21307 1502487 60468522
PT [143 0 807 4 1]
 P 850923 21307 1505877 60538525
PT [143 0 808 4 1]
 P 851832 21307 1505881 60610705
PT [143 0 809 4 1]
 P 851832 21307 1509271 60682885
PT [143 0 810 4 1]
 P 851832 21307 1512661 60755065
PT [143 0 811 4 1]
EMPTY QUEUE
 P 853409 21307 1512678 60828590
PT [143 0 812 4 1]
 P 853409 21307 1516068 60899425
PT [143 0 813 4 1]
 P 855047 21307 1516072 60971605
PT [143 0 814 4 1]
 P 855047 21307 1519462 61043785
PT [143 0 815 4 1]
 P 855047 21307 1522852 61115965
PT [143 0 816 4 1]
EMPTY QUEUE
 P 857842 21307 1522872 61190163
PT [143 0 817 4 1]
 P 857842 21307 1526262 61260325
PT [143 0 818 4 1]
 P 860250 21307 1526266 61332505
PT [143 0 819 4 1]
 P 860250 21307 1529656 61404685
PT [143 0 820 4 1]
 P 860250 21307 1533046 61476865
PT [143 0 821 4 1]
EMPTY QUEUE
 P 861828 21307 1533064 61551318
PT [143 0 822 4 1]
 P 861828 21307 1536454 61621225
PT [143 0 823 4 1]
 P 864328 21307 1536457 61693405
PT [143 0 824 4 1]
 P 864328 21307 1539848 61765585
PT [143 0 825 4 1]
 P 864328 21307 1543238 61837765
PT [143 0 826 4 1]
EMPTY QUEUE
 P 867475 21307 1543257 61911930
PT [143 0 827 4 1]
 P 867475 21307 1546647 61982125
PT [143 0 828 4 1]
 P 868229 21307 1546650 62054305
PT [143 0 829 4 1]
 P 868229 21307 1550040 62126485
PT [143 0 830 4 1]
 P 868229 21307 1553430 62198665
PT [143 0 831 4 1]
EMPTY QUEUE
 P 871587 21307 1553449 62273214
PT [143 0 832 4 1]
 P 874218 21307 1553458 62343025
PT [143 0 833 4 1]
 P 876338 21307 1553461 62415205
PT [143 0 834 4 1]
 P 876338 21307 1556851 62487385
PT [143 0 835 4 1]
 P 876338 21307 1560241 62559565
PT [143 0 836 4 1]
EMPTY QUEUE
 P 876866 21307 1563640 62633507
PT [143 0 837 4 1]
 P 879251 21307 1563648 62703925
PT [143 0 838 4 1]
 P 880039 21307 1563651 62776105
PT [143 0 839 4 1]
 P 880039 21307 1567041 62848285
PT [143 0 840 4 1]
 P 880039 21307 1570431 62920465
PT [143 0 841 4 1]
EMPTY QUEUE
 P 880662 21307 1573831 62995462
PT [143 0 842 4 1]
 P 882446 21307 1573839 63064825
PT [143 0 843 4 1]
 P 883709 21307 1573842 63137005
PT [143 0 844 4 1]
 P 883709 21307 1577232 63209185
PT [143 0 845 4 1]
 P 883709 21307 1580622 63281365
PT [143 0 846 4 1]
EMPTY QUEUE
 P 884268 21307 1584022 63354698
PT [143 0 847 4 1]
 P 886188 21307 1584030 63425725
PT [143 0 848 4 1]
 P 886850 21307 1584033 63497905
PT [143 0 849 4 1]
 P 886850 21307 1587423 63570085
PT [143 0 850 4 1]
 P 886850 21307 1590813 63642265
PT [143 0 851 4 1]
EMPTY QUEUE
 P 887473 21307 1594214 63715599
PT [143 0 852 4 1]
 P 888747 21307 1594222 63786625
PT [143 0 853 4 1]
 P 890742 21307 1594225 63858805
PT [143 0 854 4 1]
 P 890742 21307 1597615 63930985
PT [143 0 855 4 1]
 P 890742 21307 1601005 64003165
PT [143 0 856 4 1]
EMPTY QUEUE
 P 891365 21307 1604405 64077970
PT [143 0 857 4 1]
 P 894113 21307 1604413 64147525
PT [143 0 858 4 1]
 P 895668 21307 1604416 64219705
PT [143 0 859 4 1]
 P 895668 21307 1607806 64291885
PT [143 0 860 4 1]
 P 895668 21307 1611196 64364065
PT [143 0 861 4 1]
EMPTY QUEUE
 P 896163 21307 1614596 64437654
PT [143 0 862 4 1]
 P 898297 21307 1614604 64508425
PT [143 0 863 4 1]
 P 900901 21307 1614608 64580605
PT [143 0 864 4 1]
 P 900901 21307 1617998 64652785
PT [143 0 865 4 1]
 P 900901 21307 1621388 64724965
PT [143 0 866 4 1]
EMPTY QUEUE
 P 901524 21307 1624788 64799130
PT [143 0 867 4 1]
 P 903029 21307 1624797 64869325
PT [143 0 868 4 1]
 P 903983 21307 1624800 64941505
PT [143 0 869 4 1]
 P 903983 21307 1628190 65013685
PT [143 0 870 4 1]
 P 903983 21307 1631580 65085865
PT [143 0 871 4 1]
EMPTY QUEUE
 P 904607 21307 1634980 65159967
PT [143 0 872 5 1]
 P 907027 21307 1634989 65230225
PT [143 0 873 5 1]
 P 908071 21307 1634993 65302405
PT [143 0 874 5 1]
 P 908071 21307 1638383 65374585
PT [143 0 875 5 1]
 P 908071 21307 1641773 65446765
PT [143 0 876 5 1]
EMPTY QUEUE
 P 908598 21307 1645173 65520194
PT [143 0 877 4 1]
 P 910868 21307 1645182 65591125
PT [143 0 878 4 1]
 P 912587 21307 1645185 65663305
PT [143 0 879 4 1]
 P 912587 21307 1648575 65735485
PT [143 0 880 4 1]
 P 912587 21307 1651965 65807665
PT [143 0 881 4 1]
EMPTY QUEUE
 P 913114 21307 1655365 65882054
PT [143 0 882 4 1]
 P 915565 21307 1655373 65952025
PT [143 0 883 4 1]
 P 917949 21307 1655376 66024205
PT [143 0 884 4 1]
 P 917949 21307 1658766 66096385
PT [143 0 885 4 1]
 P 917949 21307 1662156 66168565
PT [143 0 886 4 1]
EMPTY QUEUE
 P 918572 21307 1665556 66243498
PT [143 0 887 4 1]
 P 920203 21307 1665565 66312925
PT [143 0 888 4 1]
 P 920936 21307 1665568 66385105
PT [143 0 889 4 1]
 P 920936 21307 1668958 66457285
PT [143 0 890 4 1]
 P 920936 21307 1672348 66529465
PT [143 0 891 4 1]
EMPTY QUEUE
 P 921496 21307 1675748 66604271
PT [143 0 892 4 1]
 P 922738 21307 1675756 66673825
PT [143 0 893 4 1]
 P 924073 21307 1675760 66746005
PT [143 0 894 4 1]
 P 924073 21307 1679150 66818185
PT [143 0 895 4 1]
 P 924073 21307 1682540 66890365
PT [143 0 896 4 1]
EMPTY QUEUE
 P 924600 21307 1685940 66964562
PT [143 0 897 4 1]
 P 926360 21307 1685948 67034725
PT [143 0 898 4 1]
 P 928847 21307 1685951 67106905
PT [143 0 899 4 1]
 P 928847 21307 1689341 67179085
PT [143 0 900 4 1]
 P 928847 21307 1692731 67251265
PT [143 0 901 4 1]
EMPTY QUEUE
 P 929441 21307 1696130 67324441
PT [143 0 902 4 1]
 P 931734 21307 1696138 67395625
PT [143 0 903 4 1]
 P 933771 21307 1696142 67467805
PT [143 0 904 4 1]
 P 933771 21307 1699532 67539985
PT [143 0 905 4 1]
 P 933771 21307 1702922 67612165
PT [143 0 906 4 1]
EMPTY QUEUE
 P 934362 21307 1706322 67685786
PT [143 0 907 4 1]
 P 936439 21307 1706331 67756525
PT [143 0 908 4 1]
 P 938800 21307 1706335 67828705
PT [143 0 909 4 1]
 P 938800 21307 1709725 67900885
PT [143 0 910 4 1]
 P 938800 21307 1713115 67973065
PT [143 0 911 4 1]
EMPTY QUEUE
 P 939394 21307 1716514 68046625
PT [143 0 912 6 1]
 P 941145 21307 1716523 68117425
PT [143 0 913 6 1]
 P 942261 21307 1716526 68189605
PT [143 0 914 6 1]
 P 942261 21307 1719916 68261785
PT [143 0 915 6 1]
 P 942261 21307 1723306 68333965
PT [143 0 916 6 1]
EMPTY QUEUE
 P 942788 21307 1726706 68408930
PT [143 0 917 4 1]
 P 944038 21307 1726715 68478325
PT [143 0 918 4 1]
 P 945159 21307 1726718 68550505
PT [143 0 919 4 1]
 P 945159 21307 1730108 68622685
PT [143 0 920 4 1]
 P 945159 21307 1733498 68694865
PT [143 0 921 4 1]
EMPTY QUEUE
 P 945687 21307 1736897 68768742
PT [143 0 922 4 1]
 P 948138 21307 1736905 68839225
PT [143 0 923 4 1]
 P 950847 21307 1736908 68911405
PT [143 0 924 4 1]
 P 950847 21307 1740298 68983585
PT [143 0 925 4 1]
 P 950847 21307 1743688 69055765
PT [143 0 926 4 1]
EMPTY QUEUE
 P 951407 21307 1747087 69130123
PT [143 0 927 4 1]
 P 953643 21307 1747096 69200125
PT [143 0 928 4 1]
 P 955625 21307 1747099 69272305
PT [143 0 929 4 1]
 P 955625 21307 1750489 69344485
PT [143 0 930 4 1]
 P 955625 21307 1753879 69416665
PT [143 0 931 4 1]
EMPTY QUEUE
 P 956249 21307 1757278 69491023
PT [143 0 932 4 1]
 P 959019 21307 1757287 69561025
PT [143 0 933 4 1]
 P 959915 21307 1757291 69633205
PT [143 0 934 4 1]
 P 959915 21307 1760681 69705385
PT [143 0 935 4 1]
 P 959915 21307 1764071 69777565
PT [143 0 936 4 1]
EMPTY QUEUE
 P 960443 21307 1767470 69851251
PT [143 0 937 4 1]
 P 962362 21307 1767478 69921925
PT [143 0 938 4 1]
 P 964570 21307 1767481 69994105
PT [143 0 939 4 1]
 P 964570 21307 1770871 70066285
PT [143 0 940 4 1]
 P 964570 21307 1774261 70138465
PT [143 0 941 4 1]
EMPTY QUEUE
 P 965130 21307 1777660 70213143
PT [143 0 942 4 1]
 P 966117 21307 1777668 70282825
PT [143 0 943 4 1]
 P 967813 21307 1777671 70355005
PT [143 0 944 4 1]
 P 967813 21307 1781061 70427185
PT [143 0 945 4 1]
 P 967813 21307 1784451 70499365
PT [143 0 946 4 1]
EMPTY QUEUE
 P 968372 21307 1787850 70572442
PT [143 0 947 4 1]
 P 970896 21307 1787858 70643725
PT [143 0 948 4 1]
 P 971959 21307 1787861 70715905
PT [143 0 949 4 1]
 P 971959 21307 1791251 70788085
PT [143 0 950 4 1]
 P 971959 21307 1794641 70860265
PT [143 0 951 4 1]
EMPTY QUEUE
 P 972028 21307 1800603 70937399
PT [143 0 952 4 1]
EMPTY QUEUE
 P 973542 21307 1800620 71006066
PT [143 0 953 5 1]
 P 976130 21307 1800623 71076805
PT [143 0 954 5 1]
 P 976130 21307 1804013 71148985
PT [143 0 955 5 1]
 P 976130 21307 1807403 71221165
PT [143 0 956 5 1]
 P 976130 21307 1810793 71293345
PT [143 0 957 5 1]
EMPTY QUEUE
 P 979372 21307 1810811 71367638
PT [143 0 958 5 1]
 P 981679 21307 1810814 71437705
PT [143 0 959 5 1]
 P 981679 21307 1814204 71509885
PT [143 0 960 5 1]
 P 981679 21307 1817594 71582065
PT [143 0 961 5 1]
 P 981679 21307 1820984 71654245
PT [143 0 962 5 1]
EMPTY QUEUE
 P 984753 21307 1821001 71728634
PT [143 0 963 5 1]
 P 985464 21307 1821004 71798605
PT [143 0 964 5 1]
 P 985464 21307 1824394 71870785
PT [143 0 965 5 1]
 P 985464 21307 1827784 71942965
PT [143 0 966 5 1]
 P 985464 21307 1831174 72015145
PT [143 0 967 5 1]
EMPTY QUEUE
 P 988835 21307 1831191 72089342
PT [143 0 968 5 1]
 P 990507 21307 1831194 72159505
PT [143 0 969 5 1]
 P 990507 21307 1834584 72231685
PT [143 0 970 5 1]
 P 990507 21307 1837974 72303865
PT [143 0 971 5 1]
 P 990507 21307 1841364 72376045
PT [143 0 972 5 1]
EMPTY QUEUE
 P 991957 21307 1841381 72449282
PT [143 0 973 5 1]
 P 994518 21307 1841384 72520405
PT [143 0 974 5 1]
 P 994518 21307 1844774 72592585
PT [143 0 975 5 1]
 P 994518 21307 1848164 72664765
PT [143 0 976 5 1]
 P 994518 21307 1851554 72736945
PT [143 0 977 5 1]
EMPTY QUEUE
 P 997282 21307 1851572 72810918
PT [143 0 978 5 1]
 P 998860 21307 1851575 72881305
PT [143 0 979 5 1]
 P 998860 21307 1854965 72953485
PT [143 0 980 5 1]
 P 998860 21307 1858355 73025665
PT [143 0 981 5 1]
 P 998860 21307 1861745 73097845
PT [143 0 982 5 1]
EMPTY QUEUE
 P 1001297 21307 1861762 73171979
PT [143 0 983 5 1]
 P 1002075 21307 1861765 73242205
PT [143 0 984 5 1]
 P 1002075 21307 1865155 73314385
PT [143 0 985 5 1]
 P 1002075 21307 1868545 73386565
PT [143 0 986 5 1]
 P 1002075 21307 1871935 73458745
PT [143 0 987 5 1]
EMPTY QUEUE
 P 1003501 21307 1871953 73532558
PT [143 0 988 5 1]
 P 1004348 21307 1871957 73603105
PT [143 0 989 5 1]
 P 1004348 21307 1875347 73675285
PT [143 0 990 5 1]
 P 1004348 21307 1878737 73747465
PT [143 0 991 5 1]
 P 1004348 21307 1882127 73819645
PT [143 0 992 5 1]
EMPTY QUEUE
 P 1005734 21307 1882145 73894738
PT [143 0 993 5 1]
 P 1008042 21307 1882148 73964005
PT [143 0 994 5 1]
 P 1008042 21307 1885538 74036185
PT [143 0 995 5 1]
 P 1008042 21307 1888928 74108365
PT [143 0 996 5 1]
 P 1008042 21307 1892318 74180545
PT [143 0 997 5 1]
EMPTY QUEUE
 P 1010774 21307 1892336 74254230
PT [143 0 998 5 1]
 P 1011781 21307 1892340 74324905
PT [143 0 999 5 1]
 P 1011781 21307 1895730 74397085
PT [143 0 1000 5 1]
 P 1011781 21307 1899120 74469265
PT [143 0 1001 5 1]
 P 1011781 21307 1902510 74541445
PT [143 0 1002 5 1]
EMPTY QUEUE
 P 1014760 21307 1902529 74615323
PT [143 0 1003 6 1]
 P 1014760 21307 1905919 74685805
PT [143 0 1004 6 1]
 P 1017154 21307 1905922 74757985
PT [143 0 1005 6 1]
 P 1017154 21307 1909312 74830165
PT [143 0 1006 6 1]
 P 1017154 21307 1912702 74902345
PT [143 0 1007 6 1]
EMPTY QUEUE
 P 1019727 21307 1912720 74975902
PT [143 0 1008 5 1]
 P 1019727 21307 1916110 75046705
PT [143 0 1009 5 1]
 P 1021776 21307 1916113 75118885
PT [143 0 1010 5 1]
 P 1021776 21307 1919503 75191065
PT [143 0 1011 5 1]
 P 1021776 21307 1922893 75263245
PT [143 0 1012 5 1]
EMPTY QUEUE
 P 1023195 21307 1922911 75338114
PT [143 0 1013 5 1]
 P 1023195 21307 1926301 75407605
PT [143 0 1014 5 1]
 P 1024871 21307 1926304 75479785
PT [143 0 1015 5 1]
 P 1024871 21307 1929694 75551965
PT [143 0 1016 5 1]
 P 1024871 21307 1933085 75624145
PT [143 0 1017 5 1]
EMPTY QUEUE
 P 1027509 21307 1933103 75697606
PT [143 0 1018 5 1]
 P 1027509 21307 1936493 75768505
PT [143 0 1019 5 1]
 P 1028903 21307 1936497 75840685
PT [143 0 1020 5 1]
 P 1028903 21307 1939887 75912865
PT [143 0 1021 5 1]
 P 1028903 21307 1943277 75985045
PT [143 0 1022 5 1]
EMPTY QUEUE
 P 1031183 21307 1943296 76058762
PT [143 0 1023 5 1]
 P 1031183 21307 1946686 76129405
PT [143 0 1024 5 1]
 P 1033338 21307 1946690 76201585
PT [143 0 1025 5 1]
 P 1033338 21307 1950080 76273765
PT [143 0 1026 5 1]
 P 1033338 21307 1953470 76345945
PT [143 0 1027 5 1]
EMPTY QUEUE
 P 1034894 21307 1953491 76419344
PT [143 0 1028 5 1]
 P 1034894 21307 1956881 76490305
PT [143 0 1029 5 1]
 P 1035620 21307 1956884 76562485
PT [143 0 1030 5 1]
 P 1035620 21307 1960274 76634665
PT [143 0 1031 5 1]
 P 1035620 21307 1963664 76706845
PT [143 0 1032 5 1]
EMPTY QUEUE
 P 1037229 21307 1963682 76781394
PT [143 0 1033 5 1]
 P 1037229 21307 1967072 76851205
PT [143 0 1034 5 1]
 P 1038493 21307 1967075 76923385
PT [143 0 1035 5 1]
 P 1038493 21307 1970465 76995565
PT [143 0 1036 5 1]
 P 1038493 21307 1973855 77067745
PT [143 0 1037 5 1]
EMPTY QUEUE
 P 1041354 21307 1973873 77141047
PT [143 0 1038 5 1]
 P 1041354 21307 1977263 77212105
PT [143 0 1039 5 1]
 P 1043993 21307 1977266 77284285
PT [143 0 1040 5 1]
 P 1043993 21307 1980656 77356465
PT [143 0 1041 5 1]
 P 1043993 21307 1984046 77428645
PT [143 0 1042 5 1]
EMPTY QUEUE
 P 1046558 21307 1984065 77502074
PT [143 0 1043 5 1]
 P 1046558 21307 1987455 77573005
PT [143 0 1044 5 1]
 P 1047699 21307 1987458 77645185
PT [143 0 1045 5 1]
 P 1047699 21307 1990848 77717365
PT [143 0 1046 5 1]
 P 1047699 21307 1994238 77789545
PT [143 0 1047 5 1]
EMPTY QUEUE
 P 1049445 21307 1994257 77862591
PT [143 0 1048 5 1]
 P 1049445 21307 1997647 77933905
PT [143 0 1049 5 1]
 P 1051037 21307 1997650 78006085
PT [143 0 1050 5 1]
 P 1051037 21307 2001040 78078265
PT [143 0 1051 5 1]
 P 1051037 21307 2004430 78150445
PT [143 0 1052 5 1]
EMPTY QUEUE
 P 1052526 21307 2004447 78224931
PT [143 0 1053 6 1]
 P 1055157 21307 2004456 78294805
PT [143 0 1054 6 1]
 P 1056457 21307 2004459 78366985
PT [143 0 1055 6 1]
 P 1056457 21307 2007849 78439165
PT [143 0 1056 6 1]
 P 1056457 21307 2011239 78511345
PT [143 0 1057 6 1]
EMPTY QUEUE
 P 1056952 21307 2014639 78585254
PT [143 0 1058 5 1]
