using saved target 'z1'
../../../../contiki/tools/sky/serialdump-linux -b115200 /dev/ttyUSB2
connecting to /dev/ttyUSB2 (115200) [OK]
Rime started with address 3.0
MAC 03:00:00:00:00:00:00:00 Ref ID: 4841
Contiki-3.x-2125-g5d67a61 started. Node id is set to 3.

************************************************
RTIMER_SECOND = 32768. F_CPU=8000000.
CLOCK_SECOND=128.
DURSLOT = 6015.(0.1835 s).
DURSLEEP = 66165.
DURCYCLE = 72180 .(2.2027 s).
MAX_CLOCK_DRIFT = WAKEUP_ADVANCE_TIME = 327 (0.0033 s).
PERIODIC_BCAST_CYCLES_SENSOR = 917507.
PERIODIC_BCAST_CYCLES_SINK = 917507.
MAX_CYCLE_COUNTER = 27904.
MAX_COUNT_NO_RTS_CTS = 65535.
MAX_CHILD_NUM = 10.
MAX_TRY_TO_FIND_PARENT = 3.

**********Below is Related Settings**********
PRIMAC_CONF_COMPOWER = 1.
PRIMAC_CONF_COMPOWER_SUPPORT = 1.
SF = 10.
PRI_SYNC_SUPPORT = 1.
RANDOM_DRIFT_IN_COOJA_SUPPORT = 0.
ADCSC_SUPPORT = 0.
DATA_TX_SUPPORT = 1.
CYCLES_PER_PACKET = 1.
DATA_INTERVAL = 3.
RETX_LIMIT = 6.
TOTAL_DATA_NUM = 50.
MAX_DATA_QUEUE_BUFS = 10.
PROC_GRADE_BASED_ON_ADDR_SUPPORT = 1.
NODES_NUM_PER_GRADE = 2.
ADDRESS_FREE_SUPPORT = 0.
IS_COOJA_SIM = 0.
CROSS_PLATFORM_SUPPORT = 1.
************************************************

My address is 3.0.
nullmac PRIMAC, channel check rate 8 Hz, radio channel 26
Starting
Hello, world
 P 0 0 0 1503279
 P 0 0 3390 1575459
 P 0 0 6780 1647639
 P 0 0 10230 1721200
 P 0 0 13620 1791999
 P 0 0 17010 1864179
 P 0 0 20400 1936359
 P 0 0 23790 2008539
EMPTY QUEUE
 P 358 0 27188 2083111
PT [1 0 1 0 2]
 P 358 0 30578 2152899
PT [1 0 2 0 2]
 P 2684 0 31642 2225079
PT [1 0 3 0 2]
 P 3507 0 34209 2297259
PT [1 0 4 0 2]
 P 3507 0 37599 2369439
PT [1 0 5 0 2]
EMPTY QUEUE
 P 3834 0 40997 2442603
PT [1 0 6 0 2]
 P 3834 0 44387 2513799
PT [1 0 7 0 2]
 P 6103 0 44391 2585979
PT [1 0 8 0 2]
rcv bro rts
 P 8161 0 44431 2658159
PT [1 0 9 0 2]
rcv bro rts
 P 9858 0 44471 2730339
PT [1 0 10 0 2]
rcv bro rts
EMPTY QUEUE
 P 11619 0 44513 2804739
PT [1 0 11 0 2]
EMPTY QUEUE
 P 11945 0 47912 2875363
PT [1 0 12 1 2]
 P 13223 0 47916 2946879
PT [1 0 13 1 2]
 P 13223 0 51306 3019059
PT [1 0 14 1 2]
 P 13223 0 54696 3091239
PT [1 0 15 1 2]
 P 14443 0 54704 3163419
PT [1 0 16 1 2]
EMPTY QUEUE
 P 14769 0 58103 3238247
PT [1 0 17 2 2]
 P 14769 0 61493 3307779
PT [1 0 18 2 2]
 P 16753 0 61496 3379959
PT [1 0 19 2 2]
 P 16753 0 64886 3452139
PT [1 0 20 2 2]
 P 17655 0 64894 3524319
PT [1 0 21 2 2]
EMPTY QUEUE
 P 17981 0 68292 3598571
PT [1 0 22 3 2]
 P 17981 0 71682 3668679
PT [1 0 23 3 2]
 P 17981 0 75072 3740859
PT [1 0 24 3 2]
 P 17981 0 78462 3813039
PT [1 0 25 3 2]
 P 20101 0 78470 3885219
PT [1 0 26 3 2]
 P 21992 0 78473 3957399
PT [1 0 27 3 2]
EMPTY QUEUE
 P 22166 0 81868 4030408
PT [1 0 28 3 2]
EMPTY QUEUE
 P 22177 0 85260 4102100
PT [1 0 29 3 2]
EMPTY QUEUE
 P 22503 0 88658 4174603
PT [1 0 30 4 2]
 P 25329 0 88666 4246119
PT [1 0 31 4 2]
 P 27668 0 88669 4318299
PT [1 0 32 4 2]
 P 27668 0 92059 4390479
PT [1 0 33 4 2]
 P 27668 0 95449 4462659
PT [1 0 34 4 2]
EMPTY QUEUE
 P 27995 0 98847 4537487
PT [1 0 35 4 2]
 P 28967 0 98855 4607019
PT [1 0 36 4 2]
 P 31243 0 98858 4679199
PT [1 0 37 4 2]
 P 31243 0 102248 4751379
PT [1 0 38 4 2]
 P 31243 0 105638 4823559
PT [1 0 39 4 2]
EMPTY QUEUE
 P 31254 0 109030 4897488
PT [1 0 40 4 2]
EMPTY QUEUE
 P 34021 0 109040 4970139
PT [1 0 41 4 2]
 P 35722 0 109043 5040099
PT [1 0 42 4 2]
EMPTY QUEUE
 P 36049 0 112441 5112943
PT [1 0 43 6 2]
 P 36049 0 115831 5184459
PT [1 0 44 6 2]
 P 36049 0 119221 5256639
PT [1 0 45 6 2]
 P 37921 0 119229 5328819
PT [1 0 46 6 2]
 P 40583 0 119232 5400999
PT [1 0 47 6 2]
EMPTY QUEUE
 P 40909 0 122631 5475827
PT [1 0 48 6 2]
 P 40909 0 126021 5545359
PT [1 0 49 6 2]
 P 40909 0 129411 5617539
PT [1 0 50 6 2]
 P 43487 0 129420 5689719
PT [1 0 51 6 2]
 P 43487 0 132810 5761899
PT [1 0 52 6 2]
 P 45382 0 132814 5834079
PT [1 0 53 6 2]
EMPTY QUEUE
 P 45708 0 136213 5908331
PT [1 0 54 7 2]
 P 45708 0 139603 5978439
PT [1 0 55 7 2]
 P 48480 0 139612 6050619
PT [1 0 56 7 2]
 P 48480 0 143002 6122799
PT [1 0 57 7 2]
 P 50825 0 143005 6194979
PT [1 0 58 7 2]
EMPTY QUEUE
 P 51152 0 146403 6268143
PT [1 0 59 8 2]
 P 51152 0 149793 6339339
PT [1 0 60 8 2]
 P 53606 0 149802 6411519
PT [1 0 61 8 2]
 P 53606 0 153192 6483699
PT [1 0 62 8 2]
 P 55888 0 153195 6555879
PT [1 0 63 8 2]
EMPTY QUEUE
 P 56215 0 156593 6629491
PT [1 0 64 8 2]
 P 56215 0 159983 6700239
PT [1 0 65 8 2]
 P 57839 0 159992 6772419
PT [1 0 66 8 2]
 P 57839 0 163382 6844599
PT [1 0 67 8 2]
 P 60090 0 163385 6916779
PT [1 0 68 8 2]
EMPTY QUEUE
 P 60416 0 166784 6990327
PT [1 0 69 9 2]
 P 60416 0 170174 7061139
PT [1 0 70 9 2]
 P 62746 0 170183 7133319
PT [1 0 71 9 2]
 P 62746 0 173573 7205499
PT [1 0 72 9 2]
 P 65191 0 173576 7277679
PT [1 0 73 9 2]
EMPTY QUEUE
 P 65519 0 176974 7350652
PT [1 0 74 10 2]
 P 65519 0 180364 7422039
PT [1 0 75 10 2]
 P 68043 0 180373 7494219
PT [1 0 76 10 2]
 P 68043 0 183763 7566399
PT [1 0 77 10 2]
 P 70168 0 183766 7638579
PT [1 0 78 10 2]
EMPTY QUEUE
 P 70495 0 187164 7712511
PT [1 0 79 10 2]
 P 70495 0 190554 7782939
PT [1 0 80 10 2]
 P 72700 0 190563 7855119
PT [1 0 81 10 2]
 P 74427 0 190571 7927299
PT [1 0 82 10 2]
 P 75721 0 190574 7999479
PT [1 0 83 10 2]
EMPTY QUEUE
 P 76047 0 193973 8074147
PT [1 0 84 11 2]
 P 76047 0 197363 8143839
PT [1 0 85 11 2]
 P 76047 0 200753 8216019
PT [1 0 86 11 2]
 P 78224 0 200761 8288199
PT [1 0 87 11 2]
 P 80223 0 200764 8360379
PT [1 0 88 11 2]
EMPTY QUEUE
 P 80549 0 204162 8434215
PT [1 0 89 12 2]
 P 80549 0 207552 8504739
PT [1 0 90 12 2]
 P 80549 0 210942 8576919
PT [1 0 91 12 2]
 P 82664 0 210950 8649099
PT [1 0 92 12 2]
 P 84856 0 210954 8721279
PT [1 0 93 12 2]
EMPTY QUEUE
 P 85183 0 214352 8795819
PT [1 0 94 13 2]
 P 85183 0 217742 8865639
PT [1 0 95 13 2]
 P 85183 0 221132 8937819
PT [1 0 96 13 2]
 P 86724 0 221140 9009999
PT [1 0 97 13 2]
 P 88598 0 221143 9082179
PT [1 0 98 13 2]
EMPTY QUEUE
 P 88924 0 224543 9156912
PT [1 0 99 13 2]
 P 88924 0 227933 9226539
PT [1 0 100 13 2]
 P 88924 0 231323 9298719
PT [1 0 101 13 2]
 P 91427 0 231331 9370899
PT [1 0 102 13 2]
 P 93334 0 231334 9443079
PT [1 0 103 13 2]
EMPTY QUEUE
 P 93660 0 234732 9517491
PT [1 0 104 14 2]
 P 93660 0 238122 9587439
PT [1 0 105 14 2]
 P 93660 0 241512 9659619
PT [1 0 106 14 2]
 P 94565 0 241520 9731799
PT [1 0 107 14 2]
 P 96921 0 241523 9803979
PT [1 0 108 14 2]
EMPTY QUEUE
 P 97249 0 244921 9877561
PT [1 0 109 16 2]
 P 97249 0 248311 9948339
PT [1 0 110 16 2]
 P 97249 0 251701 10020519
PT [1 0 111 16 2]
 P 100140 0 251709 10092699
PT [1 0 112 16 2]
 P 102433 0 251712 10164879
PT [1 0 113 16 2]
EMPTY QUEUE
 P 102760 0 255111 10239163
PT [1 0 114 15 2]
 P 102760 0 258501 10309239
PT [1 0 115 15 2]
 P 102760 0 261891 10381419
PT [1 0 116 15 2]
 P 105077 0 261899 10453599
PT [1 0 117 15 2]
 P 106795 0 261902 10525779
PT [1 0 118 15 2]
EMPTY QUEUE
 P 107122 0 265301 10600256
PT [1 0 119 17 2]
 P 107122 0 268691 10670139
PT [1 0 120 17 2]
 P 107122 0 272081 10742319
PT [1 0 121 17 2]
 P 109729 0 272089 10814499
PT [1 0 122 17 2]
 P 109729 0 275479 10886679
PT [1 0 123 17 2]
 P 112408 0 275483 10958859
PT [1 0 124 17 2]
EMPTY QUEUE
 P 112419 0 278875 11032692
PT [1 0 125 17 2]
EMPTY QUEUE
 P 112746 0 282273 11103884
PT [1 0 126 17 2]
 P 115547 0 282281 11175399
PT [1 0 127 17 2]
 P 115547 0 285671 11247579
PT [1 0 128 17 2]
 P 116627 0 285675 11319759
PT [1 0 129 17 2]
 P 118540 0 285678 11391939
PT [1 0 130 17 2]
EMPTY QUEUE
 P 118867 0 289076 11466767
PT [1 0 131 18 2]
 P 121132 0 289079 11536299
PT [1 0 132 18 2]
 P 122400 0 289087 11608479
PT [1 0 133 18 2]
 P 122400 0 292477 11680659
PT [1 0 134 18 2]
 P 122400 0 295867 11752839
PT [1 0 135 18 2]
EMPTY QUEUE
 P 122727 0 299266 11827092
PT [1 0 136 18 2]
 P 125185 0 299269 11897199
PT [1 0 137 18 2]
 P 127711 343 299287 11970606
PT [1 0 138 20 2]
 P 130172 685 299305 12043233
PT [1 0 139 19 2]
 P 132087 685 299308 12113739
PT [1 0 140 19 2]
 P 134580 1027 299327 12187529
PT [1 0 141 19 2]
 P 136465 1369 299347 12259133
PT [1 0 142 19 2]
 P 138733 1369 299350 12330279
PT [1 0 143 19 2]
 P 140331 1711 299371 12404453
PT [1 0 144 19 2]
 P 142791 1711 299374 12474639
PT [1 0 145 19 2]
 P 145319 2053 299392 12549261
PT [1 0 146 20 2]
 P 146597 2395 299412 12621376
PT [1 0 147 20 2]
 P 149060 2737 299432 12692981
PT [1 0 148 20 2]
 P 151555 3079 299451 12766121
PT [1 0 149 20 2]
 P 154754 3151 299471 12836701
PT [1 0 150 20 2]
 P 156671 3151 299475 12907719
PT [1 0 151 20 2]
 P 159519 3223 299495 12980997
PT [1 0 152 20 2]
 P 160549 3494 299505 13054084
PT [1 0 153 20 2]
 P 161799 3566 299524 13126988
PT [1 0 154 21 2]
 P 164069 3566 299527 13196439
PT [1 0 155 21 2]
 P 165671 3638 299546 13270517
PT [1 0 156 21 2]
 P 168134 3638 299549 13340799
PT [1 0 157 21 2]
 P 169418 3710 299568 13415581
PT [1 0 158 21 2]
 P 171689 3710 299571 13485159
PT [1 0 159 21 2]
 P 173960 3710 299575 13557339
PT [1 0 160 21 2]
 P 176232 3710 299578 13629519
PT [1 0 161 21 2]
 P 178504 3710 299581 13701699
PT [1 0 162 21 2]
 P 180776 3710 299584 13773879
PT [1 0 163 21 2]
 P 183048 3710 299587 13846059
PT [1 0 164 21 2]
 P 185321 3710 299590 13918239
PT [1 0 165 21 2]
 P 187595 3710 299593 13990419
PT [1 0 166 21 2]
 P 189868 3710 299596 14062599
PT [1 0 167 21 2]
 P 192333 3710 299599 14134779
PT [1 0 168 21 2]
 P 194836 3782 299617 14209752
PT [1 0 169 23 2]
 P 196982 3782 299620 14279139
PT [1 0 170 23 2]
 P 200191 3854 299639 14353794
PT [1 0 171 23 2]
 P 201505 3854 299643 14423499
PT [1 0 172 23 2]
 P 202860 3925 299662 14497322
PT [1 0 173 23 2]
 P 204879 3925 299665 14567859
PT [1 0 174 23 2]
 P 207963 3997 299683 14642385
PT [1 0 175 23 2]
 P 208028 3997 305645 14716274
PT [1 0 176 23 2]
 P 210278 4069 305664 14787128
PT [1 0 177 24 2]
 P 212201 4069 305668 14856579
PT [1 0 178 24 2]
 P 215156 4141 305688 14930657
PT [1 0 179 24 2]
 P 217528 4141 305691 15000939
PT [1 0 180 24 2]
 P 220677 4213 305710 15075722
PT [1 0 181 24 2]
 P 222985 4213 305713 15145299
PT [1 0 182 24 2]
 P 223312 4285 309113 15218705
PT [1 0 183 25 2]
 P 225045 4285 309116 15289659
PT [1 0 184 25 2]
 P 226661 4357 309134 15363513
PT [1 0 185 25 2]
 P 229354 4357 309137 15434019
PT [1 0 186 25 2]
 P 230648 4429 309157 15507809
PT [1 0 187 25 2]
 P 231742 4429 309160 15578379
PT [1 0 188 25 2]
 P 234253 4501 309180 15651593
PT [1 0 189 25 2]
 P 235284 4501 309183 15722739
PT [1 0 190 25 2]
 P 238501 4573 309202 15796912
PT [1 0 191 26 2]
 P 241003 4573 309206 15867099
PT [1 0 192 26 2]
 P 242364 4644 309226 15941721
PT [1 0 193 26 2]
 P 243779 4644 309229 16011459
PT [1 0 194 26 2]
 P 245877 4716 309248 16086017
PT [1 0 195 26 2]
 P 247742 4716 309251 16155819
PT [1 0 196 26 2]
 P 249542 4716 309254 16227999
PT [1 0 197 26 2]
 P 250766 4716 309257 16300179
PT [1 0 198 26 2]
 P 253314 4788 309276 16374161
PT [1 0 199 27 2]
 P 255498 4788 309279 16444539
PT [1 0 200 27 2]
 P 257545 4860 309298 16517625
PT [1 0 201 27 2]
 P 260178 4860 309301 16588899
PT [1 0 202 27 2]
 P 261799 4932 309320 16663969
PT [1 0 203 27 2]
 P 264368 4932 309323 16733259
PT [1 0 204 27 2]
 P 264433 4932 315285 16809398
PT [1 0 205 27 2]
 P 266427 4932 315288 16877619
PT [1 0 206 27 2]
 P 268053 5004 315306 16952529
PT [1 0 207 28 2]
 P 270335 5004 315309 17021979
PT [1 0 208 28 2]
 P 272809 5004 315312 17094159
PT [1 0 209 28 2]
 P 274115 5076 315331 17167246
PT [1 0 210 28 2]
 P 276270 5076 315334 17238519
PT [1 0 211 28 2]
 P 277896 5148 315352 17313589
PT [1 0 212 29 2]
 P 279219 5148 315355 17382879
PT [1 0 213 29 2]
 P 280524 5220 315375 17457373
PT [1 0 214 29 2]
 P 282552 5220 315378 17527239
PT [1 0 215 29 2]
 P 285076 5292 315398 17600646
PT [1 0 216 29 2]
 P 287296 5292 315401 17671599
PT [1 0 217 29 2]
 P 290525 5364 315419 17745454
PT [1 0 218 31 2]
 P 292426 5364 315422 17815959
PT [1 0 219 31 2]
 P 293483 5364 315432 17889184
PT [1 0 220 31 2]
 P 294552 5364 315435 17960319
PT [1 0 221 31 2]
 P 297653 5436 315455 18035230
PT [1 0 222 30 2]
 P 299426 5436 315459 18104679
PT [1 0 223 30 2]
 P 301695 5508 315479 18178757
PT [1 0 224 30 2]
 P 303661 5508 315482 18249039
PT [1 0 225 30 2]
 P 306635 5580 315502 18323821
PT [1 0 226 30 2]
 P 308281 5580 315505 18393399
PT [1 0 227 30 2]
 P 311448 5652 315523 18468372
PT [1 0 228 31 2]
 P 314311 5652 315526 18537759
PT [1 0 229 31 2]
 P 317159 5724 315545 18612413
PT [1 0 230 31 2]
 P 318679 5724 315548 18682119
PT [1 0 231 31 2]
 P 318690 5724 318940 18755344
PT [1 0 232 31 2]
 P 320402 5724 318943 18826479
PT [1 0 233 31 2]
 P 320729 5796 322343 18899565
PT [1 0 234 32 2]
 P 322121 5796 322346 18970839
PT [1 0 235 32 2]
 P 323755 5868 322365 19045908
PT [1 0 236 32 2]
 P 323820 5868 328327 19119158
PT [1 0 237 32 2]
 P 325081 5940 328346 19188285
PT [1 0 238 32 2]
 P 327018 5940 328349 19259559
PT [1 0 239 32 2]
 P 328654 6012 328368 19334629
PT [1 0 240 32 2]
 P 331039 6012 328372 19403919
PT [1 0 241 32 2]
 P 332358 6084 328390 19478414
PT [1 0 242 33 2]
 P 334680 6084 328393 19548279
PT [1 0 243 33 2]
 P 337214 6156 328411 19621685
PT [1 0 244 33 2]
 P 338960 6156 328414 19692639
PT [1 0 245 33 2]
 P 342199 6228 328434 19766493
PT [1 0 246 33 2]
 P 344906 6228 328437 19836999
PT [1 0 247 33 2]
 P 346290 6300 328457 19910790
PT [1 0 248 33 2]
 P 347397 6300 328460 19981359
PT [1 0 249 33 2]
 P 350511 6372 328478 20054575
PT [1 0 250 35 2]
 P 351555 6372 328481 20125719
PT [1 0 251 35 2]
 P 353836 6714 328500 20199893
PT [1 0 252 34 2]
 P 356352 6714 328503 20270079
PT [1 0 253 34 2]
 P 359339 7057 328523 20344701
PT [1 0 254 34 2]
 P 360768 7057 328526 20414439
PT [1 0 255 34 2]
 P 363949 7129 328545 20487525
PT [1 0 256 35 2]
 P 365826 7129 328548 20558799
PT [1 0 257 35 2]
 P 367469 7471 328568 20633868
PT [1 0 258 35 2]
 P 369282 7471 328572 20703159
PT [1 0 259 35 2]
 P 370520 7471 328575 20775339
PT [1 0 260 35 2]
Warning: data sending process fails.
 P 371845 7807 328698 20849929
PT [1 0 261 35 2]
 P 374043 7807 328701 20919699
PT [1 0 262 35 2]
 P 376585 8149 328723 20993105
PT [1 0 263 35 2]
 P 379232 8149 328726 21064059
PT [1 0 264 35 2]
 P 382479 8491 328745 21137912
PT [1 0 265 36 2]
 P 382544 8594 332137 21210487
PT [1 0 266 36 2]
 P 382870 8666 335538 21281505
PT [1 0 267 36 2]
 P 384813 8666 335542 21352779
PT [1 0 268 36 2]
 P 386353 9009 335561 21427850
PT [1 0 269 36 2]
 P 388745 9009 335564 21497139
PT [1 0 270 36 2]
 P 389967 9352 335582 21571634
PT [1 0 271 38 2]
 P 392295 9352 335585 21641499
PT [1 0 272 38 2]
 P 394048 9352 335588 21713679
PT [1 0 273 38 2]
 P 396485 9695 335607 21787085
PT [1 0 274 37 2]
 P 399198 9695 335610 21858039
PT [1 0 275 37 2]
 P 402340 10038 335629 21931893
PT [1 0 276 37 2]
 P 403453 10038 335633 22002399
PT [1 0 277 37 2]
 P 405477 10380 335654 22076190
PT [1 0 278 37 2]
 P 405805 10452 339054 22148402
PT [1 0 279 39 2]
 P 408103 10452 339057 22218939
PT [1 0 280 39 2]
 P 410401 10452 339060 22291119
PT [1 0 281 39 2]
 P 412892 10452 339063 22363299
PT [1 0 282 39 2]
 P 415050 10722 339075 22437260
PT [1 0 283 39 2]
 P 417349 10722 339078 22507659
PT [1 0 284 39 2]
 P 419648 10722 339081 22579839
PT [1 0 285 39 2]
 P 421947 10722 339085 22652019
PT [1 0 286 39 2]
 P 424247 10722 339088 22724199
PT [1 0 287 39 2]
 P 426547 10722 339091 22796379
PT [1 0 288 39 2]
 P 428847 10722 339094 22868559
PT [1 0 289 39 2]
 P 431147 10722 339097 22940739
PT [1 0 290 39 2]
 P 433448 10722 339100 23012919
PT [1 0 291 39 2]
 P 435749 10722 339103 23085099
PT [1 0 292 39 2]
 P 438050 10722 339106 23157279
PT [1 0 293 39 2]
 P 440351 10722 339109 23229459
PT [1 0 294 39 2]
 P 440678 10794 342509 23302545
PT [1 0 295 40 2]
 P 442981 10794 342512 23373819
PT [1 0 296 40 2]
 P 445283 10794 342516 23445999
PT [1 0 297 40 2]
 P 447585 10794 342519 23518179
PT [1 0 298 40 2]
 P 449887 10794 342522 23590359
PT [1 0 299 40 2]
 P 449952 10794 348484 23667330
PT [1 0 300 40 2]
 P 450280 10866 351884 23735625
PT [1 0 301 41 2]
 P 450345 10866 355276 23809119
PT [1 0 302 41 2]
 P 450673 10938 358677 23879986
PT [1 0 303 42 2]
 P 452976 10938 358681 23951259
PT [1 0 304 42 2]
 P 453041 10938 362073 24025659
PT [1 0 305 42 2]
 P 453368 11010 365474 24096525
PT [1 0 306 41 2]
 P 453434 11010 371436 24172590
PT [1 0 307 41 2]
 P 453445 11010 374828 24240320
PT [1 0 308 41 2]
 P 455750 11010 374831 24312159
PT [1 0 309 41 2]
 P 456076 11082 378231 24385244
PT [1 0 310 42 2]
 P 456141 11082 381623 24458739
PT [1 0 311 42 2]
 P 456467 11154 385024 24529605
PT [1 0 312 42 2]
Warning: data sending process fails.
 P 456793 11219 388529 24603705
PT [1 0 313 42 2]
 P 459099 11219 388532 24673059
PT [1 0 314 42 2]
 P 459426 11291 391932 24748129
PT [1 0 315 42 2]
 P 459753 11363 395332 24819317
PT [1 0 316 43 2]
 P 459753 11363 398722 24889599
PT [1 0 317 43 2]
 P 459753 11363 402112 24961779
PT [1 0 318 43 2]
 P 462060 11363 402115 25033959
PT [1 0 319 43 2]
 P 462060 11363 405505 25106139
PT [1 0 320 43 2]
EMPTY QUEUE
 P 462386 11363 408904 25180391
PT [1 0 321 43 2]
 P 462386 11363 412294 25250499
PT [1 0 322 43 2]
 P 462386 11363 415684 25322679
PT [1 0 323 43 2]
 P 464694 11363 415687 25394859
PT [1 0 324 43 2]
 P 464694 11363 419077 25467039
PT [1 0 325 43 2]
 P 466650 11363 419080 25539219
PT [1 0 326 43 2]
 P 469077 11705 419101 25612625
PT [1 0 327 44 2]
 P 471482 11705 419104 25683579
PT [1 0 328 44 2]
 P 473526 12047 419124 25757433
PT [1 0 329 44 2]
 P 475867 12047 419127 25827939
PT [1 0 330 44 2]
 P 477597 12317 419137 25901164
PT [1 0 331 44 2]
 P 479363 12317 419140 25972299
PT [1 0 332 44 2]
 P 481409 12659 419159 26047209
PT [1 0 333 45 2]
 P 481735 12731 422560 26119549
PT [1 0 334 45 2]
 P 481735 12731 425950 26188839
PT [1 0 335 45 2]
 P 481735 12731 429340 26261019
PT [1 0 336 45 2]
 P 484046 12731 429343 26333199
PT [1 0 337 45 2]
 P 484046 12731 432733 26405379
PT [1 0 338 45 2]
EMPTY QUEUE
 P 484372 12731 436131 26479215
PT [1 0 339 46 2]
 P 484372 12731 439521 26549739
PT [1 0 340 46 2]
 P 484372 12731 442911 26621919
PT [1 0 341 46 2]
 P 484372 12731 446301 26694099
PT [1 0 342 46 2]
 P 486684 12731 446304 26766279
PT [1 0 343 46 2]
EMPTY QUEUE
 P 487010 12731 449703 26840531
PT [1 0 344 46 2]
 P 487010 12731 453093 26910639
PT [1 0 345 46 2]
 P 487010 12731 456483 26982819
PT [1 0 346 46 2]
 P 487010 12731 459873 27054999
PT [1 0 347 46 2]
 P 489323 12731 459876 27127179
PT [1 0 348 46 2]
EMPTY QUEUE
 P 489649 12731 463275 27201719
PT [1 0 349 47 2]
 P 489649 12731 466665 27271539
PT [1 0 350 47 2]
 P 489649 12731 470055 27343719
PT [1 0 351 47 2]
 P 489649 12731 473445 27415899
PT [1 0 352 47 2]
 P 489649 12731 476835 27488079
PT [1 0 353 47 2]
 P 491964 12731 476838 27560259
PT [1 0 354 47 2]
EMPTY QUEUE
 P 492291 12731 480236 27633423
PT [1 0 355 48 2]
 P 492291 12731 483626 27704619
PT [1 0 356 48 2]
 P 492291 12731 487016 27776799
PT [1 0 357 48 2]
 P 492291 12731 490406 27848979
PT [1 0 358 48 2]
 P 494607 12731 490409 27921159
PT [1 0 359 48 2]
 P 496923 12731 490412 27993339
PT [1 0 360 48 2]
EMPTY QUEUE
 P 497249 12731 493810 28068071
PT [1 0 361 49 2]
 P 497249 12731 497200 28137699
PT [1 0 362 49 2]
 P 499214 12731 497203 28209879
PT [1 0 363 49 2]
 P 501720 13073 497224 28284533
PT [1 0 364 49 2]
 P 504133 13073 497227 28354239
PT [1 0 365 49 2]
 P 506482 13073 497230 28426419
PT [1 0 366 49 2]
 P 506482 13073 500620 28498599
PT [1 0 367 49 2]
 P 508256 13073 500623 28570779
PT [1 0 368 49 2]
 P 510700 13415 500643 28644599
PT [1 0 369 50 2]
 P 510700 13415 504033 28715139
PT [1 0 370 50 2]
 P 510700 13415 507423 28787319
PT [1 0 371 50 2]
 P 510700 13415 510813 28859499
PT [1 0 372 50 2]
 P 513115 13415 510816 28931679
PT [1 0 373 50 2]
 P 514986 13758 510836 29006205
PT [1 0 374 51 2]
 P 517337 13758 510839 29076039
PT [1 0 375 51 2]
 P 520168 14100 510860 29150758
PT [1 0 376 51 2]
 P 521944 14100 510863 29220399
PT [1 0 377 51 2]
 P 523176 14442 510882 29294797
PT [1 0 378 51 2]
 P 523176 14442 514272 29364759
PT [1 0 379 51 2]
 P 523176 14442 517662 29436939
PT [1 0 380 51 2]
 P 523176 14442 521052 29509119
PT [1 0 381 51 2]
 P 525593 14442 521055 29581299
PT [1 0 382 51 2]
 P 527562 14442 521058 29653479
PT [1 0 383 51 2]
 P 530780 14785 521077 29727044
PT [1 0 384 52 2]
 P 533197 14785 521081 29797839
PT [1 0 385 52 2]
 P 535552 14785 521084 29870019
PT [1 0 386 52 2]
 P 536914 14785 521087 29942199
PT [1 0 387 52 2]
 P 538980 14785 521090 30014379
PT [1 0 388 52 2]
 P 541627 15128 521108 30088649
PT [1 0 389 52 2]
 P 541627 15128 524498 30158739
PT [1 0 390 52 2]
 P 541627 15128 527888 30230919
PT [1 0 391 52 2]
 P 541627 15128 531278 30303099
PT [1 0 392 52 2]
 P 544046 15128 531281 30375279
PT [1 0 393 52 2]
 P 545291 15399 531291 30449176
PT [1 0 394 52 2]
 P 547298 15741 531310 30522369
PT [1 0 395 53 2]
 P 550051 15813 531329 30592725
PT [1 0 396 53 2]
 P 551645 16155 531347 30666888
PT [1 0 397 54 2]
 P 553969 16155 531350 30736179
PT [1 0 398 54 2]
 P 553969 16155 534740 30808359
PT [1 0 399 54 2]
 P 553969 16155 538130 30880539
PT [1 0 400 54 2]
 P 555242 16497 538151 30955033
PT [1 0 401 54 2]
 P 557732 16839 538170 31026125
PT [1 0 402 54 2]
 P 560926 17181 538192 31098752
PT [1 0 403 54 2]
 P 562266 17523 538210 31170869
PT [1 0 404 54 2]
 P 565007 17523 539420 31241439
PT [1 0 405 54 2]
 P 567205 17523 539423 31313619
PT [1 0 406 54 2]
 P 570433 17865 539442 31388145
PT [1 0 407 55 2]
 P 573086 18207 539462 31460518
PT [1 0 408 55 2]
 P 574651 18549 539481 31532377
PT [1 0 409 55 2]
 P 576665 18891 539501 31603725
PT [1 0 410 55 2]
 P 576665 18891 542891 31674519
PT [1 0 411 55 2]
 P 578993 18891 542894 31746699
PT [1 0 412 55 2]
 P 578993 18891 546284 31818879
PT [1 0 413 55 2]
 P 578993 18891 549674 31891059
PT [1 0 414 55 2]
EMPTY QUEUE
 P 579319 18891 553073 31964799
PT [1 0 415 56 2]
 P 579319 18891 556463 32035419
PT [1 0 416 56 2]
 P 581296 18891 556466 32107599
PT [1 0 417 56 2]
 P 584112 19233 556487 32182541
PT [1 0 418 56 2]
 P 586066 19575 556505 32253120
PT [1 0 419 57 2]
 P 588052 19917 556524 32325237
PT [1 0 420 57 2]
 P 588052 19917 559914 32396319
PT [1 0 421 57 2]
 P 590478 19917 559917 32468499
PT [1 0 422 57 2]
 P 592245 20187 559929 32542684
PT [1 0 423 57 2]
 P 593587 20457 559939 32615079
PT [1 0 424 57 2]
 P 596119 20800 559959 32687770
PT [1 0 425 57 2]
 P 598588 21143 559977 32759117
PT [1 0 426 57 2]
 P 600951 21143 559980 32829399
PT [1 0 427 57 2]
 P 603451 21485 560000 32904180
PT [1 0 428 58 2]
 P 605345 21827 560019 32976553
PT [1 0 429 58 2]
 P 605671 21899 563420 33047613
PT [1 0 430 58 2]
 P 605736 21899 566812 33120083
PT [1 0 431 58 2]
 P 607524 21899 566815 33190299
PT [1 0 432 58 2]
 P 607852 21971 570215 33263385
PT [1 0 433 58 2]
 P 610381 21971 570223 33334659
PT [1 0 434 58 2]
 P 610381 21971 573613 33406839
PT [1 0 435 58 2]
 P 610381 21971 577003 33479019
PT [1 0 436 58 2]
 P 613130 21971 577006 33551199
PT [1 0 437 58 2]
EMPTY QUEUE
 P 613457 21971 580405 33626028
PT [1 0 438 59 2]
 P 614388 21971 580413 33695559
PT [1 0 439 59 2]
 P 614388 21971 583803 33767739
PT [1 0 440 59 2]
 P 614388 21971 587193 33839919
PT [1 0 441 59 2]
 P 615538 21971 587196 33912099
PT [1 0 442 59 2]
EMPTY QUEUE
 P 615864 21971 590596 33986352
PT [1 0 443 60 2]
 P 618781 21971 590604 34056459
PT [1 0 444 60 2]
 P 618781 21971 593994 34128639
PT [1 0 445 60 2]
 P 618781 21971 597384 34200819
PT [1 0 446 60 2]
 P 618781 21971 600774 34272999
PT [1 0 447 60 2]
 P 619868 21971 600778 34345179
PT [1 0 448 60 2]
EMPTY QUEUE
 P 622538 21971 600794 34419912
PT [1 0 449 61 2]
 P 622538 21971 604184 34489539
PT [1 0 450 61 2]
 P 622538 21971 607574 34561719
PT [1 0 451 61 2]
 P 622538 21971 610964 34633899
PT [1 0 452 61 2]
 P 625099 21971 610967 34706079
PT [1 0 453 61 2]
EMPTY QUEUE
 P 626682 21971 610984 34780491
PT [1 0 454 61 2]
 P 626682 21971 614374 34850439
PT [1 0 455 61 2]
 P 626682 21971 617764 34922619
PT [1 0 456 61 2]
 P 626682 21971 621154 34994799
PT [1 0 457 61 2]
 P 628156 21971 621157 35066979
PT [1 0 458 61 2]
EMPTY QUEUE
 P 630189 21971 621174 35140559
PT [1 0 459 62 2]
 P 630189 21971 624564 35211339
PT [1 0 460 62 2]
 P 630189 21971 627954 35283519
PT [1 0 461 62 2]
 P 630189 21971 631344 35355699
PT [1 0 462 62 2]
 P 632112 21971 631347 35427879
PT [1 0 463 62 2]
EMPTY QUEUE
 P 634084 21971 631363 35502164
PT [1 0 464 63 2]
 P 634084 21971 634753 35572239
PT [1 0 465 63 2]
 P 634084 21971 638143 35644419
PT [1 0 466 63 2]
 P 634084 21971 641533 35716599
PT [1 0 467 63 2]
 P 635944 21971 641536 35788779
PT [1 0 468 63 2]
EMPTY QUEUE
 P 637341 21971 641553 35863255
PT [1 0 469 63 2]
 P 637341 21971 644943 35933139
PT [1 0 470 63 2]
 P 637341 21971 648333 36005319
PT [1 0 471 63 2]
 P 637341 21971 651723 36077499
PT [1 0 472 63 2]
 P 638626 21971 651726 36149679
PT [1 0 473 63 2]
EMPTY QUEUE
 P 640985 21971 651743 36223835
PT [1 0 474 64 2]
 P 640985 21971 655133 36294039
PT [1 0 475 64 2]
 P 640985 21971 658523 36366219
PT [1 0 476 64 2]
 P 640985 21971 661913 36438399
PT [1 0 477 64 2]
 P 643231 21971 661916 36510579
PT [1 0 478 64 2]
EMPTY QUEUE
 P 645725 21971 661926 36583580
PT [1 0 479 64 2]
EMPTY QUEUE
 P 646051 21971 665324 36655603
PT [1 0 480 65 2]
 P 646051 21971 668714 36727119
PT [1 0 481 65 2]
 P 646051 21971 672104 36799299
PT [1 0 482 65 2]
 P 648746 21971 672107 36871479
PT [1 0 483 65 2]
 P 651167 21971 672115 36943659
PT [1 0 484 65 2]
EMPTY QUEUE
 P 651494 21971 675513 37018487
PT [1 0 485 65 2]
 P 651494 21971 678903 37088019
PT [1 0 486 65 2]
 P 651494 21971 682293 37160199
PT [1 0 487 65 2]
 P 654126 21971 682297 37232379
PT [1 0 488 65 2]
 P 655973 21971 682305 37304559
PT [1 0 489 65 2]
EMPTY QUEUE
 P 656299 21971 685704 37378811
PT [1 0 490 66 2]
 P 656299 21971 689094 37448919
PT [1 0 491 66 2]
 P 656299 21971 692484 37521099
PT [1 0 492 66 2]
 P 658357 21971 692487 37593279
PT [1 0 493 66 2]
 P 661166 21971 692495 37665459
PT [1 0 494 66 2]
EMPTY QUEUE
 P 661492 21971 695893 37738623
PT [1 0 495 67 2]
 P 661492 21971 699283 37809819
PT [1 0 496 67 2]
 P 661492 21971 702673 37881999
PT [1 0 497 67 2]
 P 662463 21971 702676 37954179
PT [1 0 498 67 2]
 P 663675 21971 702685 38026359
PT [1 0 499 67 2]
EMPTY QUEUE
 P 664002 21971 706083 38099971
PT [1 0 500 68 2]
 P 664002 21971 709473 38170719
PT [1 0 501 68 2]
 P 664002 21971 712863 38242899
PT [1 0 502 68 2]
 P 664002 21971 716253 38315079
PT [1 0 503 68 2]
 P 665422 21971 716256 38387259
PT [1 0 504 68 2]
EMPTY QUEUE
 P 666583 21971 716266 38460484
PT [1 0 505 68 2]
EMPTY QUEUE
 P 666594 21971 719658 38531960
PT [1 0 506 68 2]
EMPTY QUEUE
 P 666921 21971 723056 38604463
PT [1 0 507 68 2]
 P 666921 21971 726446 38675979
PT [1 0 508 68 2]
 P 666921 21971 729836 38748159
PT [1 0 509 68 2]
 P 669270 21971 729839 38820339
PT [1 0 510 68 2]
 P 671062 21971 729847 38892519
PT [1 0 511 68 2]
EMPTY QUEUE
 P 671388 21971 733247 38967348
PT [1 0 512 69 2]
 P 671388 21971 736637 39036879
PT [1 0 513 69 2]
 P 671388 21971 740027 39109059
PT [1 0 514 69 2]
 P 671388 21971 743417 39181239
PT [1 0 515 69 2]
 P 673630 21971 743425 39253419
PT [1 0 516 69 2]
 P 675981 21971 743428 39325599
PT [1 0 517 69 2]
EMPTY QUEUE
 P 675992 21971 746820 39399528
PT [1 0 518 69 2]
EMPTY QUEUE
 P 676318 21971 750219 39470623
PT [1 0 519 70 2]
 P 676318 21971 753609 39542139
PT [1 0 520 70 2]
 P 678498 21971 753617 39614319
PT [1 0 521 70 2]
 P 681042 21971 753620 39686499
PT [1 0 522 70 2]
 P 681042 21971 757010 39758679
PT [1 0 523 70 2]
EMPTY QUEUE
 P 681368 21971 760408 39833507
PT [1 0 524 71 2]
 P 681368 21971 763798 39903039
PT [1 0 525 71 2]
 P 682974 21971 763806 39975219
PT [1 0 526 71 2]
 P 685199 21971 763809 40047399
PT [1 0 527 71 2]
 P 685199 21971 767199 40119579
PT [1 0 528 71 2]
EMPTY QUEUE
 P 685526 21971 770597 40193831
PT [1 0 529 71 2]
 P 685526 21971 773987 40263939
PT [1 0 530 71 2]
 P 688094 21971 773995 40336119
PT [1 0 531 71 2]
 P 688094 21971 777385 40408299
PT [1 0 532 71 2]
 P 690448 21971 777389 40480479
PT [1 0 533 71 2]
EMPTY QUEUE
 P 690774 21971 780788 40553643
PT [1 0 534 72 2]
 P 690774 21971 784178 40624839
PT [1 0 535 72 2]
 P 691744 21971 784186 40697019
PT [1 0 536 72 2]
 P 691744 21971 787576 40769199
PT [1 0 537 72 2]
 P 694292 21971 787579 40841379
PT [1 0 538 72 2]
EMPTY QUEUE
 P 694618 21971 790979 40914992
PT [1 0 539 73 2]
 P 694618 21971 794369 40985739
PT [1 0 540 73 2]
 P 697464 21971 794377 41057919
PT [1 0 541 73 2]
 P 697464 21971 797767 41130099
PT [1 0 542 73 2]
 P 697464 21971 801157 41202279
PT [1 0 543 73 2]
EMPTY QUEUE
 P 697475 21971 804549 41275504
PT [1 0 544 73 2]
EMPTY QUEUE
 P 697802 21971 807947 41347303
PT [1 0 545 74 2]
 P 699807 21971 807950 41418819
PT [1 0 546 74 2]
 P 702369 21971 807958 41490999
PT [1 0 547 74 2]
 P 702369 21971 811348 41563179
PT [1 0 548 74 2]
 P 702369 21971 814738 41635359
PT [1 0 549 74 2]
EMPTY QUEUE
 P 702695 21971 818137 41710187
PT [1 0 550 74 2]
 P 705149 21971 818141 41779719
PT [1 0 551 74 2]
 P 707904 21971 818149 41851899
PT [1 0 552 74 2]
 P 707904 21971 821539 41924079
PT [1 0 553 74 2]
 P 707904 21971 824929 41996259
PT [1 0 554 74 2]
EMPTY QUEUE
 P 707915 21971 828321 42070188
PT [1 0 555 74 2]
 P 710307 21971 828324 42140619
PT [1 0 556 74 2]
EMPTY QUEUE
 P 713070 21971 828341 42215287
PT [1 0 557 75 2]
 P 713070 21971 831731 42284979
PT [1 0 558 75 2]
 P 713070 21971 835121 42357159
PT [1 0 559 75 2]
 P 713070 21971 838511 42429339
PT [1 0 560 75 2]
 P 714887 21971 838514 42501519
PT [1 0 561 75 2]
EMPTY QUEUE
 P 716820 21971 838531 42575355
PT [1 0 562 76 2]
 P 716820 21971 841921 42645879
PT [1 0 563 76 2]
 P 716820 21971 845311 42718059
PT [1 0 564 76 2]
 P 716820 21971 848701 42790239
PT [1 0 565 76 2]
 P 716820 21971 852091 42862419
PT [1 0 566 76 2]
EMPTY QUEUE
 P 719460 21971 852107 42936959
PT [1 0 567 77 2]
 P 721822 21971 852110 43006779
PT [1 0 568 77 2]
 P 721822 21971 855500 43078959
PT [1 0 569 77 2]
 P 721822 21971 858890 43151139
PT [1 0 570 77 2]
 P 721822 21971 862280 43223319
PT [1 0 571 77 2]
EMPTY QUEUE
 P 724655 21971 862297 43298051
PT [1 0 572 77 2]
 P 727212 21971 862300 43367679
PT [1 0 573 77 2]
 P 727212 21971 865690 43439859
PT [1 0 574 77 2]
 P 727212 21971 869080 43512039
PT [1 0 575 77 2]
 P 727212 21971 872470 43584219
PT [1 0 576 77 2]
EMPTY QUEUE
 P 729727 21971 872487 43658631
PT [1 0 577 78 2]
 P 731964 21971 872490 43728579
PT [1 0 578 78 2]
 P 731964 21971 875880 43800759
PT [1 0 579 78 2]
 P 731964 21971 879270 43872939
PT [1 0 580 78 2]
 P 731964 21971 882660 43945119
PT [1 0 581 78 2]
EMPTY QUEUE
 P 733650 21971 882676 44018700
PT [1 0 582 79 2]
 P 735056 21971 882679 44089479
PT [1 0 583 79 2]
 P 735056 21971 886069 44161659
PT [1 0 584 79 2]
 P 735056 21971 889459 44233839
PT [1 0 585 79 2]
 P 735056 21971 892849 44306019
PT [1 0 586 79 2]
EMPTY QUEUE
 P 737447 21971 892866 44380303
PT [1 0 587 79 2]
 P 737447 21971 896256 44450379
PT [1 0 588 79 2]
 P 739814 21971 896259 44522559
PT [1 0 589 79 2]
 P 739814 21971 899649 44594739
PT [1 0 590 79 2]
 P 739814 21971 903039 44666919
PT [1 0 591 79 2]
EMPTY QUEUE
 P 742399 21971 903056 44741395
PT [1 0 592 80 2]
 P 742399 21971 906446 44811279
PT [1 0 593 80 2]
 P 744959 21971 906449 44883459
PT [1 0 594 80 2]
 P 744959 21971 909839 44955639
PT [1 0 595 80 2]
 P 744959 21971 913229 45027819
PT [1 0 596 80 2]
EMPTY QUEUE
 P 747227 21971 913245 45101976
PT [1 0 597 81 2]
 P 747227 21971 916635 45172179
PT [1 0 598 81 2]
 P 749468 21971 916638 45244359
PT [1 0 599 81 2]
 P 749468 21971 920028 45316539
PT [1 0 600 81 2]
 P 749468 21971 923418 45388719
PT [1 0 601 81 2]
EMPTY QUEUE
 P 750905 21971 923435 45462043
PT [1 0 602 81 2]
 P 750905 21971 926825 45533079
PT [1 0 603 81 2]
 P 750905 21971 930215 45605259
PT [1 0 604 81 2]
 P 753276 21971 930218 45677439
PT [1 0 605 81 2]
 P 753276 21971 933608 45749619
PT [1 0 606 81 2]
EMPTY QUEUE
 P 755419 21971 933625 45823647
PT [1 0 607 82 2]
 P 755419 21971 937015 45893979
PT [1 0 608 82 2]
 P 755419 21971 940405 45966159
PT [1 0 609 82 2]
 P 757983 21971 940408 46038339
PT [1 0 610 82 2]
 P 760003 21971 940411 46110519
PT [1 0 611 82 2]
EMPTY QUEUE
 P 762340 21971 940427 46184739
PT [1 0 612 83 2]
 P 762340 21971 943817 46254879
PT [1 0 613 83 2]
 P 762340 21971 947207 46327059
PT [1 0 614 83 2]
 P 762340 21971 950597 46399239
PT [1 0 615 83 2]
 P 764809 21971 950600 46471419
PT [1 0 616 83 2]
EMPTY QUEUE
 P 766828 21971 950617 46545319
PT [1 0 617 83 2]
 P 766828 21971 954007 46615779
PT [1 0 618 83 2]
 P 769202 21971 954010 46687959
PT [1 0 619 83 2]
 P 769202 21971 957400 46760139
PT [1 0 620 83 2]
 P 769202 21971 960790 46832319
PT [1 0 621 83 2]
EMPTY QUEUE
 P 769528 21971 964189 46905355
PT [1 0 622 84 2]
 P 771256 21971 964197 46976679
PT [1 0 623 84 2]
 P 773823 21971 964200 47048859
PT [1 0 624 84 2]
 P 773823 21971 967590 47121039
PT [1 0 625 84 2]
 P 773823 21971 970980 47193219
PT [1 0 626 84 2]
EMPTY QUEUE
 P 773888 21971 974372 47267459
PT [1 0 627 84 2]
EMPTY QUEUE
 P 776392 21971 974388 47340067
PT [1 0 628 85 2]
 P 778768 21971 974391 47409759
PT [1 0 629 85 2]
 P 778768 21971 977781 47481939
PT [1 0 630 85 2]
 P 778768 21971 981171 47554119
PT [1 0 631 85 2]
 P 778768 21971 984561 47626299
PT [1 0 632 85 2]
EMPTY QUEUE
 P 781211 21971 984577 47700135
PT [1 0 633 86 2]
 P 783780 21971 984580 47770659
PT [1 0 634 86 2]
 P 783780 21971 987970 47842839
PT [1 0 635 86 2]
 P 783780 21971 991360 47915019
PT [1 0 636 86 2]
 P 783780 21971 994750 47987199
PT [1 0 637 86 2]
EMPTY QUEUE
 P 785648 21971 994768 48061740
PT [1 0 638 86 2]
 P 787898 21971 994771 48131559
PT [1 0 639 86 2]
 P 787898 21971 998161 48203739
PT [1 0 640 86 2]
 P 787898 21971 1001551 48275919
PT [1 0 641 86 2]
 P 787898 21971 1004941 48348099
PT [1 0 642 86 2]
EMPTY QUEUE
 P 791080 21971 1004957 48422831
PT [1 0 643 87 2]
 P 791080 21971 1008347 48492459
PT [1 0 644 87 2]
 P 792499 21971 1008351 48564639
PT [1 0 645 87 2]
 P 792499 21971 1011741 48636819
PT [1 0 646 87 2]
 P 792499 21971 1015131 48708999
PT [1 0 647 87 2]
EMPTY QUEUE
 P 793829 21971 1015147 48783413
PT [1 0 648 88 2]
 P 793829 21971 1018537 48853359
PT [1 0 649 88 2]
 P 795954 21971 1018540 48925539
PT [1 0 650 88 2]
 P 795954 21971 1021930 48997719
PT [1 0 651 88 2]
 P 795954 21971 1025320 49069899
PT [1 0 652 88 2]
EMPTY QUEUE
 P 798958 21971 1025337 49142744
PT [1 0 653 88 2]
 P 800218 21971 1025345 49214259
PT [1 0 654 88 2]
 P 802536 21971 1025348 49286439
PT [1 0 655 88 2]
 P 802536 21971 1028738 49358619
PT [1 0 656 88 2]
 P 802536 21971 1032128 49430799
PT [1 0 657 88 2]
EMPTY QUEUE
 P 802862 21971 1035527 49505627
PT [1 0 658 89 2]
 P 803804 21971 1035536 49575159
PT [1 0 659 89 2]
 P 805803 21971 1035539 49647339
PT [1 0 660 89 2]
 P 805803 21971 1038929 49719519
PT [1 0 661 89 2]
 P 805803 21971 1042319 49791699
PT [1 0 662 89 2]
EMPTY QUEUE
 P 806130 21971 1045717 49865952
PT [1 0 663 90 2]
 P 808258 21971 1045726 49936059
PT [1 0 664 90 2]
 P 808258 21971 1049116 50008239
PT [1 0 665 90 2]
 P 808258 21971 1052506 50080419
PT [1 0 666 90 2]
 P 810642 21971 1052509 50152599
PT [1 0 667 90 2]
EMPTY QUEUE
 P 810968 21971 1055908 50225763
PT [1 0 668 90 2]
 P 812522 21971 1055917 50296959
PT [1 0 669 90 2]
 P 812522 21971 1059307 50369139
PT [1 0 670 90 2]
 P 812522 21971 1062697 50441319
PT [1 0 671 90 2]
 P 815099 21971 1062701 50513499
PT [1 0 672 90 2]
EMPTY QUEUE
 P 815425 21971 1066100 50587111
PT [1 0 673 91 2]
 P 817941 21971 1066109 50657859
PT [1 0 674 91 2]
 P 817941 21971 1069499 50730039
PT [1 0 675 91 2]
 P 817941 21971 1072889 50802219
PT [1 0 676 91 2]
 P 820201 21971 1072892 50874399
PT [1 0 677 91 2]
EMPTY QUEUE
 P 820528 21971 1076290 50947948
PT [1 0 678 92 2]
 P 821446 21971 1076299 51018759
PT [1 0 679 92 2]
 P 821446 21971 1079689 51090939
PT [1 0 680 92 2]
 P 821446 21971 1083079 51163119
PT [1 0 681 92 2]
 P 822874 21971 1083082 51235299
PT [1 0 682 92 2]
 P 825262 21971 1083085 51307479
PT [1 0 683 92 2]
EMPTY QUEUE
 P 828439 21971 1083102 51380323
PT [1 0 684 92 2]
 P 829712 21971 1083110 51451839
PT [1 0 685 92 2]
 P 829712 21971 1086500 51524019
PT [1 0 686 92 2]
 P 829712 21971 1089890 51596199
PT [1 0 687 92 2]
 P 832293 21971 1089893 51668379
PT [1 0 688 92 2]
 P 834682 21971 1089896 51740559
PT [1 0 689 92 2]
EMPTY QUEUE
 P 835964 21971 1089913 51814395
PT [1 0 690 93 2]
 P 835964 21971 1093303 51884919
PT [1 0 691 93 2]
 P 835964 21971 1096693 51957099
PT [1 0 692 93 2]
 P 835964 21971 1100083 52029279
PT [1 0 693 93 2]
 P 838546 21971 1100086 52101459
PT [1 0 694 93 2]
EMPTY QUEUE
 P 841045 21971 1100103 52175999
PT [1 0 695 94 2]
 P 841045 21971 1103493 52245819
PT [1 0 696 94 2]
 P 841045 21971 1106883 52317999
PT [1 0 697 94 2]
 P 841045 21971 1110273 52390179
PT [1 0 698 94 2]
 P 843308 21971 1110278 52462359
PT [1 0 699 94 2]
EMPTY QUEUE
 P 843635 21971 1113676 52535524
PT [1 0 700 95 2]
 P 843635 21971 1117066 52606719
PT [1 0 701 95 2]
 P 845395 21971 1117074 52678899
PT [1 0 702 95 2]
 P 845395 21971 1120464 52751079
PT [1 0 703 95 2]
 P 846828 21971 1120467 52823259
PT [1 0 704 95 2]
EMPTY QUEUE
 P 847155 21971 1123866 52896871
PT [1 0 705 95 2]
 P 847155 21971 1127256 52967619
PT [1 0 706 95 2]
 P 849365 21971 1127264 53039799
PT [1 0 707 95 2]
 P 849365 21971 1130654 53111979
PT [1 0 708 95 2]
 P 851504 21971 1130657 53184159
PT [1 0 709 95 2]
EMPTY QUEUE
 P 851830 21971 1134056 53257707
PT [1 0 710 96 2]
 P 851830 21971 1137446 53328519
PT [1 0 711 96 2]
 P 853978 21971 1137454 53400699
PT [1 0 712 96 2]
 P 853978 21971 1140844 53472879
PT [1 0 713 96 2]
 P 856309 21971 1140847 53545059
PT [1 0 714 96 2]
EMPTY QUEUE
 P 856636 21971 1144245 53618032
PT [1 0 715 97 2]
 P 856636 21971 1147635 53689419
PT [1 0 716 97 2]
 P 858210 21971 1147643 53761599
PT [1 0 717 97 2]
 P 858210 21971 1151033 53833779
PT [1 0 718 97 2]
 P 858210 21971 1154423 53905959
PT [1 0 719 97 2]
EMPTY QUEUE
 P 858537 21971 1157821 53979891
PT [1 0 720 97 2]
 P 860581 21971 1157824 54050319
PT [1 0 721 97 2]
 P 863117 21971 1157832 54122499
PT [1 0 722 97 2]
 P 863117 21971 1161222 54194679
PT [1 0 723 97 2]
 P 863117 21971 1164612 54266859
PT [1 0 724 97 2]
EMPTY QUEUE
 P 863443 21971 1168011 54341239
PT [1 0 725 98 2]
 P 865937 21971 1168014 54411219
PT [1 0 726 98 2]
 P 866875 21971 1168022 54483399
PT [1 0 727 98 2]
 P 866875 21971 1171412 54555579
PT [1 0 728 98 2]
 P 866875 21971 1174802 54627759
PT [1 0 729 98 2]
EMPTY QUEUE
 P 867201 21971 1178200 54702075
PT [1 0 730 99 2]
 P 867201 21971 1181590 54772119
PT [1 0 731 99 2]
 P 869632 21971 1181593 54844299
PT [1 0 732 99 2]
 P 872556 21971 1181602 54916479
PT [1 0 733 99 2]
 P 872556 21971 1184992 54988659
PT [1 0 734 99 2]
EMPTY QUEUE
 P 872567 21971 1188384 55062076
PT [1 0 735 99 2]
EMPTY QUEUE
 P 872894 21971 1191782 55133683
PT [1 0 736 100 2]
 P 874750 21971 1191785 55205199
PT [1 0 737 100 2]
 P 877100 21971 1191794 55277379
PT [1 0 738 100 2]
 P 877100 21971 1195184 55349559
PT [1 0 739 100 2]
 P 877100 21971 1198574 55421739
PT [1 0 740 100 2]
EMPTY QUEUE
 P 877426 21971 1201973 55496567
PT [1 0 741 100 2]
 P 880243 21971 1201976 55566099
PT [1 0 742 100 2]
 P 881507 21971 1201985 55638279
PT [1 0 743 100 2]
 P 881507 21971 1205375 55710459
PT [1 0 744 100 2]
 P 881507 21971 1208765 55782639
PT [1 0 745 100 2]
EMPTY QUEUE
 P 881833 21971 1212163 55856891
PT [1 0 746 101 2]
 P 883051 21971 1212166 55926999
PT [1 0 747 101 2]
 P 884765 21971 1212175 55999179
PT [1 0 748 101 2]
 P 884765 21971 1215565 56071359
PT [1 0 749 101 2]
 P 884765 21971 1218955 56143539
PT [1 0 750 101 2]
EMPTY QUEUE
 P 885092 21971 1222353 56216703
PT [1 0 751 102 2]
 P 886247 21971 1222356 56287899
PT [1 0 752 102 2]
 P 887900 21971 1222364 56360079
PT [1 0 753 102 2]
 P 887900 21971 1225754 56432259
PT [1 0 754 102 2]
 P 887900 21971 1229144 56504439
PT [1 0 755 102 2]
EMPTY QUEUE
 P 888226 21971 1232543 56578051
PT [1 0 756 102 2]
 P 890854 21971 1232547 56648799
PT [1 0 757 102 2]
 P 891931 21971 1232556 56720979
PT [1 0 758 102 2]
 P 893715 21971 1232564 56793159
PT [1 0 759 102 2]
 P 893715 21971 1235954 56865339
PT [1 0 760 102 2]
EMPTY QUEUE
 P 894042 21971 1239352 56940008
PT [1 0 761 103 2]
 P 895583 21971 1239356 57009699
PT [1 0 762 103 2]
 P 895583 21971 1242746 57081879
PT [1 0 763 103 2]
 P 897816 21971 1242754 57154059
PT [1 0 764 103 2]
 P 897816 21971 1246144 57226239
PT [1 0 765 103 2]
EMPTY QUEUE
 P 898143 21971 1249542 57300075
PT [1 0 766 104 2]
 P 900134 21971 1249545 57370599
PT [1 0 767 104 2]
 P 900134 21971 1252935 57442779
PT [1 0 768 104 2]
 P 902305 21971 1252943 57514959
PT [1 0 769 104 2]
 P 902305 21971 1256333 57587139
PT [1 0 770 104 2]
EMPTY QUEUE
 P 902631 21971 1259732 57661679
PT [1 0 771 104 2]
 P 904559 21971 1259735 57731499
PT [1 0 772 104 2]
 P 904559 21971 1263125 57803679
PT [1 0 773 104 2]
 P 906156 21971 1263133 57875859
PT [1 0 774 104 2]
 P 906156 21971 1266523 57948039
PT [1 0 775 104 2]
EMPTY QUEUE
 P 906482 21971 1269922 58022771
PT [1 0 776 105 2]
 P 907835 21971 1269925 58092399
PT [1 0 777 105 2]
 P 907835 21971 1273315 58164579
PT [1 0 778 105 2]
 P 910394 21971 1273323 58236759
PT [1 0 779 105 2]
 P 910394 21971 1276713 58308939
PT [1 0 780 105 2]
EMPTY QUEUE
 P 910721 21971 1280111 58383351
PT [1 0 781 106 2]
 P 910721 21971 1283501 58453299
PT [1 0 782 106 2]
 P 913035 21971 1283504 58525479
PT [1 0 783 106 2]
 P 914349 21971 1283513 58597659
PT [1 0 784 106 2]
 P 914349 21971 1286903 58669839
PT [1 0 785 106 2]
EMPTY QUEUE
 P 914675 21971 1290302 58743419
PT [1 0 786 106 2]
 P 914675 21971 1293692 58814199
PT [1 0 787 106 2]
 P 917438 21971 1293695 58886379
PT [1 0 788 106 2]
 P 918433 21971 1293703 58958559
PT [1 0 789 106 2]
 P 918433 21971 1297093 59030739
PT [1 0 790 106 2]
EMPTY QUEUE
 P 918498 21971 1303055 59107326
PT [1 0 791 106 2]
EMPTY QUEUE
 P 918825 21971 1306454 59175763
PT [1 0 792 107 2]
 P 921525 21971 1306458 59247279
PT [1 0 793 107 2]
 P 923738 21971 1306466 59319459
PT [1 0 794 107 2]
 P 923738 21971 1309856 59391639
PT [1 0 795 107 2]
 P 923738 21971 1313246 59463819
PT [1 0 796 107 2]
EMPTY QUEUE
 P 924064 21971 1316644 59538647
PT [1 0 797 108 2]
 P 924064 21971 1320034 59608179
PT [1 0 798 108 2]
 P 926190 21971 1320037 59680359
PT [1 0 799 108 2]
 P 929110 21971 1320045 59752539
PT [1 0 800 108 2]
 P 929110 21971 1323435 59824719
PT [1 0 801 108 2]
EMPTY QUEUE
 P 929437 21971 1326833 59898971
PT [1 0 802 108 2]
 P 929437 21971 1330223 59969079
PT [1 0 803 108 2]
 P 930476 21971 1330226 60041259
PT [1 0 804 108 2]
 P 931542 21971 1330234 60113439
PT [1 0 805 108 2]
 P 931542 21971 1333624 60185619
PT [1 0 806 108 2]
EMPTY QUEUE
 P 931869 21971 1337023 60258784
PT [1 0 1 0 2]
 P 931869 21971 1340413 60330088
PT [1 0 2 0 2]
 P 934176 21971 1340416 60402268
PT [1 0 3 0 2]
 P 934176 21971 1343806 60474448
PT [1 0 4 0 2]
 P 936754 21971 1343814 60546628
PT [1 0 5 0 2]
EMPTY QUEUE
 P 936819 21971 1349776 60622543
PT [1 0 6 0 2]
EMPTY QUEUE
 P 937145 21971 1353175 60691652
PT [1 0 7 1 2]
 P 937145 21971 1356565 60763168
PT [1 0 8 1 2]
 P 939549 21971 1356568 60835348
PT [1 0 9 1 2]
 P 941713 21971 1356576 60907528
PT [1 0 10 1 2]
 P 941713 21971 1359966 60979708
PT [1 0 11 1 2]
EMPTY QUEUE
 P 942040 21971 1363364 61054537
PT [1 0 12 2 2]
 P 942040 21971 1366754 61124068
PT [1 0 13 2 2]
 P 944381 21971 1366758 61196248
PT [1 0 14 2 2]
 P 945459 21971 1366766 61268428
PT [1 0 15 2 2]
 P 945459 21971 1370156 61340608
PT [1 0 16 2 2]
EMPTY QUEUE
 P 945785 21971 1373555 61414860
PT [1 0 17 2 2]
 P 945785 21971 1376945 61484968
PT [1 0 18 2 2]
 P 947552 21971 1376948 61557148
PT [1 0 19 2 2]
 P 949080 21971 1376956 61629328
PT [1 0 20 2 2]
 P 949080 21971 1380346 61701508
PT [1 0 21 2 2]
EMPTY QUEUE
 P 949406 21971 1383745 61774672
PT [1 0 22 3 2]
 P 949406 21971 1387135 61845868
PT [1 0 23 3 2]
 P 952134 21971 1387138 61918048
PT [1 0 24 3 2]
 P 953600 21971 1387146 61990228
PT [1 0 25 3 2]
 P 953600 21971 1390536 62062408
PT [1 0 26 3 2]
EMPTY QUEUE
 P 953928 21971 1393934 62136021
PT [1 0 27 4 2]
 P 953928 21971 1397324 62206768
PT [1 0 28 4 2]
 P 955057 21971 1397327 62278948
PT [1 0 29 4 2]
 P 955057 21971 1400717 62351128
PT [1 0 30 4 2]
 P 956599 21971 1400725 62423308
PT [1 0 31 4 2]
EMPTY QUEUE
 P 958523 21971 1400742 62497976
PT [1 0 32 4 2]
 P 958523 21971 1404132 62567668
PT [1 0 33 4 2]
 P 960838 21971 1404135 62639848
PT [1 0 34 4 2]
 P 960838 21971 1407525 62712028
PT [1 0 35 4 2]
 P 960838 21971 1410915 62784208
PT [1 0 36 4 2]
EMPTY QUEUE
 P 963212 21971 1410932 62858045
PT [1 0 37 6 2]
 P 963212 21971 1414322 62928568
PT [1 0 38 6 2]
 P 965719 21971 1414325 63000748
PT [1 0 39 6 2]
 P 965719 21971 1417715 63072928
PT [1 0 40 6 2]
 P 965719 21971 1421105 63145108
PT [1 0 41 6 2]
EMPTY QUEUE
 P 968030 21971 1421121 63219648
PT [1 0 42 6 2]
 P 968030 21971 1424511 63289468
PT [1 0 43 6 2]
 P 970219 21971 1424514 63361648
PT [1 0 44 6 2]
 P 970219 21971 1427904 63433828
PT [1 0 45 6 2]
 P 970219 21971 1431294 63506008
PT [1 0 46 6 2]
EMPTY QUEUE
 P 971957 21971 1431310 63578853
PT [1 0 47 6 2]
 P 973080 21971 1431319 63650368
PT [1 0 48 6 2]
 P 974437 21971 1431322 63722548
PT [1 0 49 6 2]
 P 974437 21971 1434712 63794728
PT [1 0 50 6 2]
 P 974437 21971 1438102 63866908
PT [1 0 51 6 2]
EMPTY QUEUE
 P 974763 21971 1441501 63941736
PT [1 0 52 7 2]
 P 976817 21971 1441509 64011268
PT [1 0 53 7 2]
 P 976817 21971 1444899 64083448
PT [1 0 54 7 2]
 P 979552 21971 1444902 64155628
PT [1 0 55 7 2]
 P 979552 21971 1448292 64227808
PT [1 0 56 7 2]
EMPTY QUEUE
 P 979879 21971 1451690 64302061
PT [1 0 57 8 2]
 P 981871 21971 1451698 64372168
PT [1 0 58 8 2]
 P 981871 21971 1455088 64444348
PT [1 0 59 8 2]
 P 983007 21971 1455091 64516528
PT [1 0 60 8 2]
 P 983007 21971 1458481 64588708
PT [1 0 61 8 2]
EMPTY QUEUE
 P 983333 21971 1461880 64661872
PT [1 0 62 8 2]
 P 984751 21971 1461888 64733068
PT [1 0 63 8 2]
 P 984751 21971 1465278 64805248
PT [1 0 64 8 2]
 P 985824 21971 1465281 64877428
PT [1 0 65 8 2]
 P 985824 21971 1468671 64949608
PT [1 0 66 8 2]
EMPTY QUEUE
 P 985889 21971 1472063 65022952
PT [1 0 67 8 2]
EMPTY QUEUE
 P 988595 21971 1472080 65096456
PT [1 0 68 9 2]
 P 988595 21971 1475470 65166148
PT [1 0 69 9 2]
 P 991141 21971 1475473 65238328
PT [1 0 70 9 2]
 P 991141 21971 1478863 65310508
PT [1 0 71 9 2]
 P 991141 21971 1482253 65382688
PT [1 0 72 9 2]
EMPTY QUEUE
 P 992249 21971 1482269 65456524
PT [1 0 73 10 2]
 P 992249 21971 1485659 65527048
PT [1 0 74 10 2]
 P 992249 21971 1489049 65599228
PT [1 0 75 10 2]
 P 994572 21971 1489052 65671408
PT [1 0 76 10 2]
 P 994572 21971 1492442 65743588
PT [1 0 77 10 2]
EMPTY QUEUE
 P 997667 21971 1492458 65818129
PT [1 0 78 11 2]
 P 997667 21971 1495848 65887948
PT [1 0 79 11 2]
 P 997667 21971 1499238 65960128
PT [1 0 80 11 2]
 P 1000183 21971 1499242 66032308
PT [1 0 81 11 2]
 P 1002508 21971 1499245 66104488
PT [1 0 82 11 2]
EMPTY QUEUE
 P 1004975 21971 1499262 66177333
PT [1 0 83 11 2]
 P 1006113 21971 1499270 66248848
PT [1 0 84 11 2]
 P 1006113 21971 1502660 66321028
PT [1 0 85 11 2]
 P 1006113 21971 1506050 66393208
PT [1 0 86 11 2]
 P 1008631 21971 1506053 66465388
PT [1 0 87 11 2]
EMPTY QUEUE
 P 1008957 21971 1509452 66540216
PT [1 0 88 12 2]
 P 1009777 21971 1509460 66609748
PT [1 0 89 12 2]
 P 1009777 21971 1512850 66681928
PT [1 0 90 12 2]
 P 1009777 21971 1516240 66754108
PT [1 0 91 12 2]
 P 1011976 21971 1516243 66826288
PT [1 0 92 12 2]
 P 1014303 21971 1516246 66898468
PT [1 0 93 12 2]
EMPTY QUEUE
 P 1016667 21971 1516262 66973008
PT [1 0 94 13 2]
 P 1016667 21971 1519652 67042828
PT [1 0 95 13 2]
 P 1016667 21971 1523042 67115008
PT [1 0 96 13 2]
 P 1016667 21971 1526432 67187188
PT [1 0 97 13 2]
 P 1019187 21971 1526435 67259368
PT [1 0 98 13 2]
EMPTY QUEUE
 P 1022258 21971 1526452 67334100
PT [1 0 99 13 2]
 P 1022258 21971 1529842 67403728
PT [1 0 100 13 2]
 P 1022258 21971 1533232 67475908
PT [1 0 101 13 2]
 P 1022258 21971 1536622 67548088
PT [1 0 102 13 2]
 P 1024459 21971 1536625 67620268
PT [1 0 103 13 2]
EMPTY QUEUE
 P 1024786 21971 1540024 67693881
PT [1 0 104 15 2]
 P 1024786 21971 1543414 67764628
PT [1 0 105 15 2]
 P 1026413 21971 1543422 67836808
PT [1 0 106 15 2]
 P 1026413 21971 1546812 67908988
PT [1 0 107 15 2]
 P 1027783 21971 1546816 67981168
PT [1 0 108 15 2]
EMPTY QUEUE
 P 1028109 21971 1550214 68054716
PT [1 0 109 15 2]
 P 1030088 21971 1550217 68125528
PT [1 0 110 15 2]
 P 1032110 21971 1550225 68197708
PT [1 0 111 15 2]
 P 1033740 21971 1550233 68269888
PT [1 0 112 15 2]
 P 1033740 21971 1553623 68342068
PT [1 0 113 15 2]
EMPTY QUEUE
 P 1034067 21971 1557021 68416736
PT [1 0 114 15 2]
 P 1036495 21971 1557024 68486428
PT [1 0 115 15 2]
 P 1036495 21971 1560414 68558608
PT [1 0 116 15 2]
 P 1038575 21971 1560422 68630788
PT [1 0 117 15 2]
 P 1038575 21971 1563812 68702968
PT [1 0 118 15 2]
EMPTY QUEUE
 P 1038901 21971 1567211 68776804
PT [1 0 119 16 2]
 P 1041266 21971 1567214 68847328
PT [1 0 120 16 2]
 P 1041266 21971 1570604 68919508
PT [1 0 121 16 2]
 P 1043284 21971 1570612 68991688
PT [1 0 122 16 2]
 P 1043284 21971 1574002 69063868
PT [1 0 123 16 2]
EMPTY QUEUE
 P 1043610 21971 1577400 69138408
PT [1 0 124 17 2]
 P 1045400 21971 1577403 69208228
PT [1 0 125 17 2]
 P 1045400 21971 1580793 69280408
PT [1 0 126 17 2]
 P 1046844 21971 1580802 69352588
PT [1 0 127 17 2]
 P 1046844 21971 1584192 69424768
PT [1 0 128 17 2]
EMPTY QUEUE
 P 1047171 21971 1587590 69499501
PT [1 0 129 18 2]
 P 1049922 21971 1587593 69569128
PT [1 0 130 18 2]
 P 1049922 21971 1590983 69641308
PT [1 0 131 18 2]
 P 1052328 21971 1590991 69713488
PT [1 0 132 18 2]
 P 1052328 21971 1594381 69785668
PT [1 0 133 18 2]
EMPTY QUEUE
 P 1052655 21971 1597780 69860081
PT [1 0 134 18 2]
 P 1053807 21971 1597784 69930028
PT [1 0 135 18 2]
 P 1053807 21971 1601174 70002208
PT [1 0 136 18 2]
 P 1054616 21971 1601182 70074388
PT [1 0 137 18 2]
 P 1054616 21971 1604572 70146568
PT [1 0 138 18 2]
EMPTY QUEUE
 P 1054942 21971 1607970 70220148
PT [1 0 139 19 2]
 P 1056032 21971 1607973 70290928
PT [1 0 140 19 2]
 P 1056032 21971 1611363 70363108
PT [1 0 141 19 2]
 P 1058826 21971 1611371 70435288
PT [1 0 142 19 2]
 P 1058826 21971 1614761 70507468
PT [1 0 143 19 2]
EMPTY QUEUE
 P 1059154 21971 1618159 70581754
PT [1 0 144 20 2]
 P 1061717 21971 1618162 70651828
PT [1 0 145 20 2]
 P 1061717 21971 1621552 70724008
PT [1 0 146 20 2]
 P 1063937 21971 1621560 70796188
PT [1 0 147 20 2]
 P 1063937 21971 1624950 70868368
PT [1 0 148 20 2]
EMPTY QUEUE
 P 1064263 21971 1628349 70942844
PT [1 0 149 20 2]
 P 1065739 21971 1628352 71012728
PT [1 0 150 20 2]
 P 1068079 21971 1628355 71084908
PT [1 0 151 20 2]
 P 1069213 21971 1628363 71157088
PT [1 0 152 20 2]
 P 1069213 21971 1631753 71229268
PT [1 0 153 20 2]
EMPTY QUEUE
 P 1069540 21971 1635151 71303425
PT [1 0 154 21 2]
 P 1069540 21971 1638541 71373628
PT [1 0 155 21 2]
 P 1072073 21971 1638544 71445808
PT [1 0 156 21 2]
 P 1073657 21971 1638552 71517988
PT [1 0 157 21 2]
 P 1073657 21971 1641942 71590168
PT [1 0 158 21 2]
EMPTY QUEUE
 P 1073984 21971 1645340 71663492
PT [1 0 159 22 2]
 P 1073984 21971 1648730 71734528
PT [1 0 160 22 2]
 P 1076198 21971 1648733 71806708
PT [1 0 161 22 2]
 P 1077720 21971 1648741 71878888
PT [1 0 162 22 2]
 P 1077720 21971 1652131 71951068
PT [1 0 163 22 2]
EMPTY QUEUE
 P 1078046 21971 1655530 72025096
PT [1 0 164 22 2]
 P 1078046 21971 1658920 72095428
PT [1 0 165 22 2]
 P 1079429 21971 1658923 72167608
PT [1 0 166 22 2]
 P 1080377 21971 1658931 72239788
PT [1 0 167 22 2]
 P 1080377 21971 1662321 72311968
PT [1 0 168 22 2]
EMPTY QUEUE
 P 1080703 21971 1665720 72386188
PT [1 0 169 23 2]
 P 1080703 21971 1669110 72456328
PT [1 0 170 23 2]
 P 1082791 21971 1669114 72528508
PT [1 0 171 23 2]
 P 1084700 21971 1669122 72600688
PT [1 0 172 23 2]
 P 1084700 21971 1672512 72672868
PT [1 0 173 23 2]
EMPTY QUEUE
 P 1085027 21971 1675910 72746768
PT [1 0 174 24 2]
 P 1085027 21971 1679300 72817228
PT [1 0 175 24 2]
 P 1087309 21971 1679303 72889408
PT [1 0 176 24 2]
 P 1089669 21971 1679311 72961588
PT [1 0 177 24 2]
 P 1089669 21971 1682701 73033768
PT [1 0 178 24 2]
EMPTY QUEUE
 P 1089995 21971 1686100 73106836
PT [1 0 179 24 2]
 P 1089995 21971 1689490 73178128
PT [1 0 180 24 2]
 P 1089995 21971 1692880 73250308
PT [1 0 181 24 2]
 P 1092293 21971 1692888 73322488
PT [1 0 182 24 2]
 P 1094640 21971 1692891 73394668
PT [1 0 183 24 2]
EMPTY QUEUE
 P 1094966 21971 1696289 73468440
PT [1 0 184 25 2]
 P 1094966 21971 1699679 73539028
PT [1 0 185 25 2]
 P 1094966 21971 1703069 73611208
PT [1 0 186 25 2]
 P 1096690 21971 1703077 73683388
PT [1 0 187 25 2]
 P 1099230 21971 1703080 73755568
PT [1 0 188 25 2]
EMPTY QUEUE
 P 1099557 21971 1706478 73829533
PT [1 0 189 26 2]
 P 1099557 21971 1709868 73899928
PT [1 0 190 26 2]
 P 1099557 21971 1713258 73972108
PT [1 0 191 26 2]
 P 1102243 21971 1713266 74044288
PT [1 0 192 26 2]
 P 1104464 21971 1713269 74116468
PT [1 0 193 26 2]
EMPTY QUEUE
 P 1104790 21971 1716668 74190112
PT [1 0 194 26 2]
 P 1104790 21971 1720058 74260828
PT [1 0 195 26 2]
 P 1104790 21971 1723448 74333008
PT [1 0 196 26 2]
 P 1105878 21971 1723456 74405188
PT [1 0 197 26 2]
 P 1107268 21971 1723460 74477368
PT [1 0 198 26 2]
EMPTY QUEUE
 P 1107594 21971 1726859 74552228
PT [1 0 199 27 2]
 P 1107594 21971 1730249 74621728
PT [1 0 200 27 2]
 P 1107594 21971 1733639 74693908
PT [1 0 201 27 2]
 P 1108620 21971 1733647 74766088
PT [1 0 202 27 2]
 P 1110716 21971 1733650 74838268
PT [1 0 203 27 2]
EMPTY QUEUE
 P 1111043 21971 1737048 74911786
PT [1 0 204 28 2]
 P 1111043 21971 1740438 74982628
PT [1 0 205 28 2]
 P 1111043 21971 1743828 75054808
PT [1 0 206 28 2]
 P 1113543 21971 1743836 75126988
PT [1 0 207 28 2]
 P 1115832 21971 1743839 75199168
PT [1 0 208 28 2]
EMPTY QUEUE
 P 1116158 21971 1747238 75272876
PT [1 0 209 28 2]
 P 1116158 21971 1750628 75343528
PT [1 0 210 28 2]
 P 1116158 21971 1754018 75415708
PT [1 0 211 28 2]
 P 1117572 21971 1754026 75487888
PT [1 0 212 28 2]
 P 1119542 21971 1754029 75560068
PT [1 0 213 28 2]
EMPTY QUEUE
 P 1119868 21971 1757429 75633457
PT [1 0 214 29 2]
 P 1119868 21971 1760819 75704428
PT [1 0 215 29 2]
 P 1119868 21971 1764209 75776608
PT [1 0 216 29 2]
 P 1121677 21971 1764217 75848788
PT [1 0 217 29 2]
 P 1122816 21971 1764220 75920968
PT [1 0 218 29 2]
EMPTY QUEUE
 P 1124817 21971 1764236 75995637
PT [1 0 219 30 2]
 P 1124817 21971 1767626 76065328
PT [1 0 220 30 2]
 P 1124817 21971 1771016 76137508
PT [1 0 221 30 2]
 P 1126821 21971 1771020 76209688
PT [1 0 222 30 2]
 P 1126821 21971 1774410 76281868
PT [1 0 223 30 2]
EMPTY QUEUE
 P 1128342 21971 1774427 76355704
PT [1 0 224 30 2]
 P 1128342 21971 1777817 76426228
PT [1 0 225 30 2]
 P 1128342 21971 1781207 76498408
PT [1 0 226 30 2]
 P 1130795 21971 1781210 76570588
PT [1 0 227 30 2]
 P 1130795 21971 1784600 76642768
PT [1 0 228 30 2]
EMPTY QUEUE
 P 1132000 21971 1784618 76717309
PT [1 0 229 31 2]
 P 1132000 21971 1788008 76787128
PT [1 0 230 31 2]
 P 1132000 21971 1791398 76859308
PT [1 0 231 31 2]
 P 1134391 21971 1791401 76931488
PT [1 0 232 31 2]
 P 1134391 21971 1794791 77003668
PT [1 0 233 31 2]
EMPTY QUEUE
 P 1136812 21971 1794807 77078400
PT [1 0 234 32 2]
 P 1136812 21971 1798197 77148028
PT [1 0 235 32 2]
 P 1136812 21971 1801587 77220208
PT [1 0 236 32 2]
 P 1138627 21971 1801590 77292388
PT [1 0 237 32 2]
 P 1140986 21971 1801593 77364568
PT [1 0 238 32 2]
EMPTY QUEUE
 P 1144059 21971 1801611 77437412
PT [1 0 239 32 2]
 P 1145741 21971 1801619 77508928
PT [1 0 240 32 2]
 P 1145741 21971 1805009 77581108
PT [1 0 241 32 2]
 P 1145741 21971 1808399 77653288
PT [1 0 242 32 2]
 P 1148294 21971 1808402 77725468
PT [1 0 243 32 2]
EMPTY QUEUE
 P 1148620 21971 1811801 77800296
PT [1 0 244 33 2]
 P 1150752 21971 1811809 77869828
PT [1 0 245 33 2]
 P 1150752 21971 1815199 77942008
PT [1 0 246 33 2]
 P 1150752 21971 1818589 78014188
PT [1 0 247 33 2]
 P 1150752 21971 1821979 78086368
PT [1 0 248 33 2]
 P 1152986 21971 1821982 78158548
PT [1 0 249 33 2]
EMPTY QUEUE
 P 1155383 21971 1821998 78233089
PT [1 0 250 34 2]
 P 1155383 21971 1825388 78302908
PT [1 0 251 34 2]
 P 1155383 21971 1828778 78375088
PT [1 0 252 34 2]
 P 1155383 21971 1832168 78447268
PT [1 0 253 34 2]
 P 1156786 21971 1832171 78519448
PT [1 0 254 34 2]
EMPTY QUEUE
