410797239 1 52529 R 37.0 1 1 70 1
414466760 1 52998 R 49.0 1 2 515 2
418120447 1 53466 R 29.0 1 2 922 3
421788593 1 53936 R 2.0 1 1 1387 4
425461787 1 54406 R 5.0 1 1 1803 5
429138043 1 54876 R 44.0 1 2 2259 6
432794639 1 55344 R 41.0 1 2 2796 7
436478585 1 55816 R 34.0 1 3 3303 8
443845542 1 56759 R 30.0 1 3 4229 9
447496400 1 57226 R 36.0 1 1 4700 10
451165800 1 57696 R 47.0 1 2 5182 11
454835211 1 58165 R 25.0 1 3 5589 12
458555371 1 58642 R 28.0 1 1 6073 13
465893831 1 59581 R 46.0 1 4 7122 14
473220135 1 60519 R 37.0 2 1 1660 15
476859817 1 60985 R 35.0 1 4 8453 16
480521318 1 61453 R 14.0 1 5 8829 17
484207430 1 61925 R 15.0 1 3 11198 18
487895466 1 62397 R 29.0 2 2 3453 19
491541304 1 62864 R 49.0 2 2 3981 20
495223286 1 63335 R 18.0 2 3 4302 21
498885373 1 63804 R 36.0 2 1 4878 22
502582624 1 64277 R 45.0 1 4 11714 23
506230109 1 64744 R 39.0 1 4 12291 24
513580115 1 65685 R 2.0 2 1 6736 25
517241972 1 66153 R 43.0 1 4 13657 26
520943203 1 66627 R 5.0 2 1 7625 27
524583630 1 67093 R 37.0 3 1 1835 28
528257525 1 67564 R 41.0 2 2 8614 29
531976863 1 68040 R 17.0 1 5 15478 30
535631631 1 68507 R 49.0 3 2 3224 31
539278348 1 68974 R 36.0 3 1 3648 32
542947626 1 69444 R 31.0 1 4 16922 33
546604258 1 69912 R 30.0 2 3 10983 34
550288304 1 70383 R 47.0 2 2 11470 35
553982956 1 70856 R 23.0 2 3 11836 36
561307874 1 71794 R 14.0 2 5 12769 37
568641612 1 72733 R 39.0 2 4 13881 38
572317779 1 73203 R 44.0 2 2 14186 39
576010187 1 73676 R 5.0 3 1 8273 40
583324666 1 74612 R 36.0 4 1 2886 41
587002802 1 75083 R 15.0 2 3 16054 42
590666636 1 75552 R 29.0 3 2 10208 43
594335950 1 76022 R 27.0 2 3 17093 44
598014537 1 76492 R 2.0 3 1 11144 45
601714633 1 76966 R 18.0 3 3 11533 46
605351699 1 77432 R 45.0 2 4 18468 47
609019652 1 77901 R 47.0 3 2 12588 48
612692240 1 78371 R 32.0 3 2 13082 49
616368050 1 78842 R 41.0 3 2 13492 50
620029568 1 79310 R 23.0 3 3 13889 51
623737926 1 79785 R 30.0 3 3 14457 52
627386713 1 80252 R 15.0 3 3 14822 53
631056055 1 80722 R 43.0 2 4 21826 54
634724412 1 81191 R 35.0 3 4 15861 55
642113132 1 82137 R 37.0 4 1 10479 56
645742921 1 82602 R 2.0 4 1 10853 57
649406890 1 83071 R 29.0 4 2 11327 58
653076181 1 83540 R 49.0 4 2 11857 59
664094489 1 84951 R 14.0 3 5 19525 60
667755990 1 85419 R 41.0 4 2 13670 61
671464249 1 85894 R 5.0 4 1 14092 62
675113157 1 86361 R 17.0 2 5 29303 63
678825818 1 86836 R 27.0 3 3 21507 64
682453743 1 87301 R 44.0 3 2 21883 65
686169949 1 87776 R 47.0 4 2 16062 66
689790744 1 88240 R 18.0 4 3 16406 67
693460158 1 88709 R 45.0 3 4 23346 68
697135875 1 89180 R 30.0 4 3 17451 69
700807122 1 89650 R 15.0 4 3 17819 70
704468661 1 90119 R 25.0 3 3 24741 71
708176072 1 90593 R 23.0 4 3 18772 72
711848261 1 91063 R 43.0 3 4 25767 73
715500988 1 91531 R 14.0 4 5 20198 74
719168366 1 92000 R 46.0 3 4 26741 75
722866436 1 92473 R 37.0 5 1 14415 76
726495246 1 92938 R 39.0 4 4 21286 77
730208843 1 93413 R 32.0 4 2 21723 78
737524543 1 94350 R 2.0 5 1 16201 79
741190937 1 94819 R 5.0 5 1 16617 80
748530015 1 95758 R 29.0 5 2 31734 81
752209748 1 96229 R 34.0 3 3 30916 82
755894050 1 96701 R 27.0 4 3 24973 83
759547441 1 97169 R 41.0 5 2 19020 84
763245010 1 97642 R 23.0 5 3 19421 85
766898756 1 98110 R 30.0 5 3 19981 86
774267575 1 99053 R 17.0 3 5 33690 87
777901135 1 99518 R 49.0 5 2 21435 88
781569123 1 99987 R 31.0 3 4 34667 89
785242043 1 100457 R 18.0 5 3 22224 90
788931686 1 100930 R 36.0 5 1 22804 91
792620548 1 101402 R 37.0 6 1 16944 92
796265197 1 101868 R 43.0 4 4 30173 93
799931497 1 102338 R 39.0 5 4 24284 94
803607527 1 102808 R 2.0 6 1 18260 95
807274579 1 103278 R 36.0 6 1 18752 96
810935547 1 103746 R 35.0 5 4 25616 97
814621448 1 104218 R 44.0 4 2 32402 98
818287808 1 104687 R 14.0 5 5 26461 99
821949408 1 105156 R 5.0 6 1 20554 100
825635415 1 105628 R 15.0 5 3 27396 101
829304825 1 106097 R 25.0 4 3 34320 102
833004661 1 106571 R 45.0 4 4 34807 103
836638506 1 107036 R 47.0 6 2 22523 104
840311099 1 107506 R 32.0 5 2 29417 105
843991725 1 107977 R 2.0 7 1 17029 106
847658138 1 108447 R 41.0 6 2 23897 107
851332385 1 108917 R 31.0 4 4 37196 108
855010443 1 109388 R 36.0 7 1 18462 109
858703555 1 109861 R 29.0 6 2 25316 110
862348102 1 110327 R 34.0 4 3 38614 111
866004706 1 110795 R 23.0 6 3 26175 112
869713073 1 111270 R 30.0 6 3 26740 113
873388577 1 111740 R 49.0 6 2 27257 114
877028286 1 112206 R 35.0 6 4 27676 115
880721336 1 112679 R 18.0 6 3 28045 116
884367373 1 113145 R 27.0 5 3 35017 117
888039009 1 113615 R 36.0 8 1 16290 118
891718217 1 114086 R 42.0 4 4 42350 119
895387518 1 114556 R 44.0 5 2 36339 120
899103688 1 115032 R 34.0 5 3 36918 121
902755349 1 115499 R 5.0 7 1 24497 122
906424742 1 115969 R 14.0 6 5 31343 123
910101384 1 116439 R 37.0 7 1 25581 124
913749754 1 116906 R 39.0 6 4 32454 125
917434023 1 117378 R 45.0 5 4 39215 126
921083461 1 117845 R 41.0 7 2 26896 127
928425849 1 118785 R 5.0 8 1 21383 128
932087461 1 119254 R 30.0 7 3 35400 129
935794895 1 119728 R 23.0 7 3 28708 130
939444689 1 120195 R 25.0 5 3 42018 131
943113972 1 120665 R 47.0 7 2 29751 132
950458453 1 121605 R 15.0 7 3 30575 133
954127732 1 122075 R 47.0 8 2 24761 134
957790206 1 122544 R 46.0 5 4 44485 135
961498948 1 123018 R 49.0 7 2 32135 136
965160513 1 123487 R 29.0 7 2 32544 137
968806305 1 123954 R 32.0 6 2 39464 138
972481171 1 124424 R 35.0 7 4 33493 139
976157283 1 124895 R 43.0 5 4 46799 140
979813790 1 125363 R 5.0 9 1 21560 141
983499897 1 125834 R 47.0 9 2 22120 142
987169149 1 126304 R 17.0 5 5 48142 143
990837464 1 126774 R 14.0 7 5 35748 144
994498963 1 127242 R 39.0 7 4 36389 145
998211614 1 127718 R 37.0 8 1 30459 146
1001846701 1 128183 R 18.0 7 3 37150 147
1005522619 1 128653 R 5.0 10 1 18451 148
1009198655 1 129124 R 31.0 5 4 51003 149
1012855280 1 129592 R 41.0 8 2 32243 150
1016571453 1 130068 R 44.0 6 2 45450 151
1020201723 1 130532 R 15.0 9 3 26701 152
1023878828 1 131003 R 34.0 6 3 46490 153
1027540327 1 131472 R 25.0 6 3 46894 154
1031218934 1 131942 R 29.0 8 2 34598 155
1034897541 1 132413 R 46.0 6 4 47955 156
1038559352 1 132882 R 37.0 9 1 29224 157
1042235261 1 133353 R 30.0 8 3 36024 158
1045896729 1 133821 R 39.0 8 4 36569 159
1049605038 1 134296 R 23.0 8 3 36875 160
1053295235 1 134768 R 29.0 9 2 31024 161
1056920350 1 135232 R 5.0 11 1 18630 162
1060596247 1 135703 R 2.0 8 1 19154 163
1064260153 1 136172 R 49.0 8 2 38888 164
1067934052 1 136642 R 35.0 8 4 39313 165
1071595517 1 137111 R 14.0 8 5 39685 166
1075303916 1 137585 R 39.0 9 4 33934 167
1078952952 1 138052 R 47.0 10 2 27939 168
1082619075 1 138522 R 41.0 9 2 34773 169
1089993430 1 139466 R 37.0 10 1 29407 170
1093623107 1 139930 R 23.0 9 3 36110 171
1097301544 1 140401 R 27.0 6 3 55873 172
1100970881 1 140871 R 18.0 8 3 43437 173
1104651533 1 141342 R 42.0 6 4 56805 174
1108317966 1 141811 R 35.0 9 4 38080 175
1111979632 1 142280 R 41.0 10 2 32131 176
1115688043 1 142755 R 23.0 10 3 32533 177
1119363580 1 143225 R 29.0 10 2 33081 178
1123001036 1 143691 R 17.0 6 5 59129 179
1126688541 1 144163 R 36.0 9 1 40437 180
1130343125 1 144630 R 37.0 11 1 28172 181
1134021540 1 145101 R 2.0 9 1 22153 182
1137683712 1 145570 R 29.0 11 2 29026 183
1141399712 1 146046 R 49.0 9 2 42362 184
1145030785 1 146510 R 35.0 10 4 36379 185
1148692205 1 146979 R 5.0 12 1 17577 186
1152377974 1 147451 R 34.0 7 3 56537 187
1156045886 1 147920 R 36.0 10 1 37794 188
1159715856 1 148390 R 30.0 10 3 38261 189
1163391764 1 148861 R 44.0 7 2 51443 190
1170732382 1 149800 R 31.0 6 4 65278 191
1174429224 1 150273 R 39.0 10 4 40221 192
1178119799 1 150746 R 44.0 8 2 46928 193
1181769827 1 151213 R 14.0 10 5 40989 194
1189094816 1 152151 R 41.0 11 2 35602 195
1192747275 1 152618 R 25.0 7 3 61641 196
1200127090 1 153563 R 15.0 10 3 43332 197
1203770937 1 154029 R 5.0 13 1 18227 198
1207432517 1 154498 R 23.0 11 3 37876 199
1211118217 1 154970 R 31.0 7 4 64048 200
1214812191 1 155442 R 30.0 11 3 38914 201
1218487456 1 155913 R 32.0 7 2 65024 202
1222127342 1 156379 R 35.0 11 4 39848 203
1225830012 1 156853 R 18.0 9 3 53018 204
1229465357 1 157318 R 37.0 12 1 28060 205
1233146038 1 157789 R 47.0 11 2 41276 206
1236815108 1 158259 R 44.0 9 2 48041 207
1240512016 1 158732 R 39.0 11 4 42281 208
1244181293 1 159202 R 14.0 11 5 42576 209
1247834906 1 159669 R 5.0 14 1 17467 210
1251495374 1 160138 R 2.0 11 1 24389 211
1255168722 1 160608 R 30.0 12 3 37680 212
1258830224 1 161077 R 23.0 12 3 38056 213
1262508688 1 161548 R 49.0 10 2 51464 214
1266177998 1 162017 R 29.0 13 2 32673 215
1269853781 1 162488 R 14.0 12 5 39462 216
1273515316 1 162956 R 39.0 12 4 40103 217
1277210910 1 163429 R 5.0 15 1 14827 218
1280872265 1 163898 R 42.0 8 4 66563 219
1284538902 1 164367 R 41.0 12 2 35018 220
1288200369 1 164836 R 23.0 13 3 35415 221
1291886121 1 165308 R 2.0 12 1 23160 222
1295561453 1 165778 R 39.0 13 4 36525 223
1299226909 1 166247 R 47.0 12 2 43333 224
1306581331 1 167189 R 36.0 11 1 50663 225
1310237578 1 167657 R 5.0 16 1 12654 226
1313913711 1 168127 R 17.0 7 5 77166 227
1317570608 1 168595 R 30.0 14 3 32866 228
1321278861 1 169070 R 39.0 14 4 33418 229
1324920188 1 169536 R 29.0 14 2 33792 230
1328598941 1 170007 R 15.0 12 3 46977 231
1332260558 1 170476 R 27.0 7 3 79548 232
1335933022 1 170946 R 37.0 14 1 28888 233
1339612475 1 171417 R 34.0 9 3 67703 234
1343281851 1 171887 R 25.0 8 3 74509 235
1346998071 1 172362 R 31.0 8 4 75040 236
1350621657 1 172826 R 23.0 14 3 37007 237
1354290901 1 173296 R 47.0 13 2 43981 238
1357990536 1 173769 R 41.0 13 2 31620 239
1361640163 1 174236 R 43.0 8 4 76941 240
1365309934 1 174706 R 36.0 12 1 51780 241
1368980765 1 175176 R 17.0 8 5 77815 242
1372680807 1 175650 R 18.0 10 3 65416 243
1376325357 1 176116 R 44.0 10 2 53099 244
1379994432 1 176586 R 46.0 9 4 72928 245
1383663015 1 177055 R 35.0 14 4 41324 246
1391002717 1 177995 R 45.0 7 4 87032 247
1394672390 1 178465 R 49.0 11 2 61981 248
1398352515 1 178936 R 36.0 13 1 97811 249
1402024037 1 179406 R 43.0 9 4 75710 250
1405690458 1 179875 R 5.0 17 1 18472 251
1409352107 1 180344 R 23.0 15 3 38122 252
1413037890 1 180815 R 2.0 13 1 19467 253
1416704398 1 181285 R 30.0 15 3 39155 254
1420365905 1 181753 R 39.0 15 4 39701 255
1424044763 1 182224 R 31.0 9 4 78502 256
1427726984 1 182695 R 23.0 16 3 34075 257
1431394296 1 183165 R 25.0 10 3 72988 258
1435060695 1 183634 R 35.0 16 4 35105 259
1438722201 1 184103 R 30.0 16 3 35574 260
1442408089 1 184575 R 15.0 13 3 55144 261
1446074369 1 185044 R 5.0 18 1 17242 262
1449748707 1 185514 R 46.0 10 4 75456 263
1453407314 1 185983 R 39.0 16 4 37530 264
1457115656 1 186457 R 39.0 17 4 31605 265
1460757035 1 186923 R 37.0 15 1 38465 266
1464426181 1 187393 R 32.0 8 2 90104 267
1468102107 1 187864 R 14.0 16 5 39237 268
1471778034 1 188334 R 42.0 9 4 84598 269
1475447517 1 188804 R 25.0 11 3 72226 270
1479147545 1 189277 R 37.0 16 1 34419 271
1482801511 1 189745 R 36.0 14 1 54019 272
1486463268 1 190214 R 34.0 10 3 80100 273
1490132560 1 190683 R 2.0 14 1 16535 274
1493800930 1 191153 R 23.0 17 3 36132 275
1497462315 1 191622 R 5.0 19 1 17419 276
1501170827 1 192096 R 41.0 14 2 30747 277
1504819613 1 192563 R 46.0 11 4 76105 278
1508488940 1 193033 R 43.0 11 4 76538 279
1512205087 1 193509 R 17.0 11 5 76948 280
1515828548 1 193972 R 14.0 17 5 38948 281
1519490045 1 194441 R 23.0 18 3 33021 282
1523168573 1 194912 R 29.0 16 2 46369 283
1526837849 1 195382 R 29.0 17 2 40438 284
1530553847 1 195857 R 32.0 9 2 92168 285
1534192023 1 196323 R 36.0 15 1 54197 286
1537852640 1 196792 R 36.0 16 1 48266 287
1541540619 1 197264 R 36.0 17 1 42338 288
1545230341 1 197736 R 45.0 8 4 100374 289
1552572864 1 198676 R 18.0 11 3 82042 290
1556210463 1 199141 R 25.0 12 3 76165 291
1559888532 1 199612 R 36.0 18 1 38286 292
1563559855 1 200082 R 47.0 15 2 57969 293
1567231341 1 200552 R 36.0 19 1 32826 294
1570900398 1 201022 R 42.0 10 4 90885 295
1574568783 1 201491 R 30.0 18 3 40162 296
1578271725 1 201965 R 29.0 18 2 40621 297
1581906195 1 202430 R 36.0 20 1 28305 298
1585587415 1 202902 R 34.0 11 3 86388 299
1589249368 1 203370 R 29.0 19 2 35627 300
1592953459 1 203844 R 35.0 18 4 42514 301
1596601248 1 204311 R 43.0 12 4 81415 302
1600294971 1 204784 R 14.0 18 5 43358 303
1603970541 1 205255 R 37.0 17 1 31196 304
1607613072 1 205721 R 17.0 12 5 82761 305
1611303332 1 206193 R 29.0 20 2 32049 306
1614949207 1 206660 R 49.0 12 2 83776 307
1618621966 1 207130 R 15.0 15 3 64899 308
1622330332 1 207605 R 43.0 13 4 78309 309
1625960613 1 208069 R 47.0 16 2 59556 310
1633309005 1 209010 R 15.0 16 3 60380 311
1640683186 1 209954 R 18.0 12 3 86920 312
1647991559 1 210889 R 27.0 9 3 107161 313
1651655546 1 211358 R 44.0 11 2 43541 314
1655336637 1 211830 R 41.0 15 2 44080 315
1659035167 1 212303 R 31.0 13 4 82982 316
1666355234 1 213240 R 47.0 17 2 58327 317
1670011865 1 213708 R 23.0 19 3 45888 318
1673695846 1 214180 R 25.0 13 3 78402 319
1677395869 1 214653 R 45.0 9 4 110891 320
1681044244 1 215120 R 30.0 19 3 47393 321
1684738366 1 215593 R 18.0 13 3 86160 322
1692047281 1 216528 R 15.0 17 3 61498 323
1695767048 1 217005 R 32.0 10 2 106915 324
1699423455 1 217473 R 49.0 14 2 81789 325
1703098180 1 217943 R 43.0 14 4 82247 326
1706732008 1 218408 R 27.0 10 3 108280 327
1710401083 1 218878 R 18.0 14 3 83045 328
1714076836 1 219348 R 35.0 19 4 51618 329
1717779784 1 219822 R 49.0 15 2 77739 330
1721441454 1 220291 R 45.0 10 4 110129 331
1725087360 1 220758 R 32.0 11 2 104268 332
1728755989 1 221227 R 17.0 14 5 85465 333
1732433113 1 221698 R 44.0 12 2 47481 334
1739775661 1 222638 R 39.0 19 4 54985 335
1743437185 1 223106 R 46.0 16 4 79075 336
1747149869 1 223582 R 49.0 16 2 75098 337
1750779718 1 224046 R 41.0 16 2 49897 338
1765474506 1 225927 R 30.0 20 3 51798 339
1769177690 1 226401 R 32.0 12 2 103512 340
1772822116 1 226868 R 34.0 12 3 103955 341
1776491269 1 227337 R 47.0 18 2 66023 342
1780191250 1 227811 R 18.0 16 3 79178 343
1783835889 1 228277 R 17.0 15 5 86117 344
1787524076 1 228750 R 49.0 17 2 73866 345
1798518814 1 230157 R 43.0 17 4 75261 346
1802201834 1 230628 R 23.0 20 3 56407 347
1805890307 1 231100 R 27.0 11 3 114571 348
1809551871 1 231569 R 32.0 13 2 102280 349
1813197469 1 232036 R 32.0 14 2 96346 350
1816872252 1 232506 R 35.0 20 4 58376 351
1820541039 1 232976 R 18.0 17 3 77941 352
1831589157 1 234390 R 27.0 13 3 105062 353
1835226883 1 234855 R 42.0 12 4 111919 354
1842580126 1 235797 R 14.0 20 5 115655 355
1846274077 1 236270 R 49.0 18 2 74985 356
1849918698 1 236736 R 34.0 13 3 107424 357
1853587781 1 237206 R 25.0 14 3 75828 358
1857287870 1 237679 R 18.0 18 3 76246 359
1860949338 1 238148 R 32.0 15 2 89658 360
1868266479 1 239085 R 49.0 19 2 71401 361
1871959227 1 239557 R 18.0 19 3 71723 362
1875617414 1 240025 R 47.0 19 2 72312 363
1879286671 1 240495 R 43.0 18 4 79199 364
1882986861 1 240969 R 45.0 13 4 111606 365
1890302416 1 241905 R 17.0 18 5 80545 366
1893965359 1 242374 R 18.0 20 3 83673 367
1897658047 1 242847 R 32.0 16 2 81557 368
1901314217 1 243315 R 46.0 18 4 86506 369
1908658704 1 244255 R 15.0 19 3 76424 370
1912328110 1 244724 R 43.0 19 4 77029 371
1916044236 1 245200 R 47.0 20 2 71086 372
1919682268 1 245666 R 15.0 20 3 71434 373
1923336687 1 246134 R 27.0 14 3 110404 374
1927005732 1 246603 R 27.0 16 3 98074 375
1930671706 1 247072 R 46.0 19 4 79413 376
1934393152 1 247549 R 45.0 16 4 98986 377
1941700091 1 248484 R 17.0 19 5 84971 378
1945364551 1 248953 R 43.0 20 4 74858 379
1949037783 1 249423 R 39.0 20 4 75370 380
1952740720 1 249897 R 27.0 17 3 94968 381
1956402215 1 250366 R 27.0 18 3 89038 382
1960048098 1 250833 R 45.0 18 4 89469 383
1963740840 1 251305 R 27.0 19 3 83577 384
1967399179 1 251774 R 34.0 14 3 116060 385
1971063634 1 252243 R 34.0 15 3 110129 386
1978439541 1 253187 R 27.0 20 3 79058 387
1993098033 1 255063 R 34.0 16 3 106550 388
1996762449 1 255532 R 42.0 16 4 106995 389
2018796910 1 258352 R 42.0 17 4 103416 390
2022461164 1 258821 R 34.0 18 3 97508 391
2033479746 1 260232 R 34.0 19 3 92518 392
2037195999 1 260708 R 34.0 20 3 86594 393
2044505294 1 261643 R 42.0 20 4 87507 394
