using saved target 'z1'
../../../../contiki/tools/sky/serialdump-linux -b115200 /dev/ttyUSB4
connecting to /dev/ttyUSB4 (115200) [OK]
Rime started with address 5.0
MAC 05:00:00:00:00:00:00:00 Ref ID: 4841
Contiki-3.x-2125-g5d67a61 started. Node id is set to 5.

************************************************
RTIMER_SECOND = 32768. F_CPU=8000000.
CLOCK_SECOND=128.
DURSLOT = 6015.(0.1835 s).
DURSLEEP = 66165.
DURCYCLE = 72180 .(2.2027 s).
MAX_CLOCK_DRIFT = WAKEUP_ADVANCE_TIME = 327 (0.0033 s).
PERIODIC_BCAST_CYCLES_SENSOR = 196611.
PERIODIC_BCAST_CYCLES_SINK = 196611.
MAX_CYCLE_COUNTER = 27904.
MAX_COUNT_NO_RTS_CTS = 65535.
MAX_CHILD_NUM = 10.
MAX_TRY_TO_FIND_PARENT = 3.

**********Below is Related Settings**********
PRIMAC_CONF_COMPOWER = 1.
PRIMAC_CONF_COMPOWER_SUPPORT = 1.
SF = 10.
PRI_SYNC_SUPPORT = 1.
RANDOM_DRIFT_IN_COOJA_SUPPORT = 0.
ADCSC_SUPPORT = 0.
DATA_TX_SUPPORT = 1.
CYCLES_PER_PACKET = 4.
DATA_INTERVAL = 7.
RETX_LIMIT = 6.
TOTAL_DATA_NUM = -1.
MAX_DATA_QUEUE_BUFS = 10.
PROC_GRADE_BASED_ON_ADDR_SUPPORT = 1.
NODES_NUM_PER_GRADE = 2.
ADDRESS_FREE_SUPPORT = 0.
IS_COOJA_SIM = 0.
CROSS_PLATFORM_SUPPORT = 1.
************************************************

My address is 5.0.
nullmac PRIMAC, channel check rate 8 Hz, radio channel 26
Starting
Hello, world
 P 0 0 0 2140680
 P 0 0 3390 2212860
 P 0 0 6841 2285461
 P 0 0 10231 2357220
 P 0 0 13621 2429400
 P 0 0 17011 2501580
 P 0 0 20401 2573760
EMPTY QUEUE
 P 424 0 23800 2647950
PT [3 0 1 -8 1]
 P 424 0 27190 2718120
PT [3 0 2 -8 1]
 P 424 0 30580 2790300
PT [3 0 3 -8 1]
 P 3169 0 31225 2862480
PT [3 0 4 -8 1]
 P 5584 0 32200 2934660
PT [3 0 5 -8 1]
EMPTY QUEUE
 P 6166 0 35599 3008400
PT [3 0 6 -10 1]
 P 6166 0 38989 3079020
PT [3 0 7 -10 1]
 P 6166 0 42379 3151200
PT [3 0 8 -10 1]
 P 7138 0 42383 3223380
PT [3 0 9 -10 1]
rcv bro rts
 P 8478 0 42423 3295560
PT [3 0 10 -10 1]
EMPTY QUEUE
 P 8543 0 48386 3372308
PT [3 0 11 -10 1]
EMPTY QUEUE
 P 9095 0 51784 3441641
PT [3 0 12 -12 1]
 P 9095 0 55174 3512100
PT [3 0 13 -12 1]
 P 10425 0 55177 3584280
PT [3 0 14 -12 1]
 P 11866 0 55186 3656460
PT [3 0 15 -12 1]
 P 11866 0 58576 3728640
PT [3 0 16 -12 1]
EMPTY QUEUE
 P 12353 0 61975 3802926
PT [3 0 17 -14 1]
 P 12353 0 65365 3873000
PT [3 0 18 -14 1]
 P 14563 0 65368 3945180
PT [3 0 19 -14 1]
 P 14563 0 68758 4017360
PT [3 0 20 -14 1]
 P 15936 0 68766 4089540
PT [3 0 21 -14 1]
EMPTY QUEUE
 P 16423 0 72164 4163761
PT [3 0 22 -16 1]
 P 16423 0 75554 4233900
PT [3 0 23 -16 1]
 P 17748 0 75557 4306080
PT [3 0 24 -16 1]
 P 17748 0 78947 4378260
PT [3 0 25 -16 1]
 P 19061 0 78955 4450440
PT [3 0 26 -16 1]
EMPTY QUEUE
 P 19581 0 82353 4524116
PT [3 0 27 -19 1]
 P 19581 0 85743 4594800
PT [3 0 28 -19 1]
 P 22235 0 85746 4666980
PT [3 0 29 -19 1]
 P 22235 0 89136 4739160
PT [3 0 30 -19 1]
 P 24226 0 89144 4811340
PT [3 0 31 -19 1]
EMPTY QUEUE
 P 24745 0 92543 4885976
PT [3 0 32 -21 1]
 P 24745 0 95933 4955700
PT [3 0 33 -21 1]
 P 27278 0 95937 5027880
PT [3 0 34 -21 1]
 P 27278 0 99327 5100060
PT [3 0 35 -21 1]
 P 27278 0 102717 5172240
PT [3 0 36 -21 1]
EMPTY QUEUE
 P 29111 0 102736 5245277
PT [3 0 37 -23 1]
 P 29111 0 106126 5316600
PT [3 0 38 -23 1]
 P 31859 0 106129 5388780
PT [3 0 39 -23 1]
 P 31859 0 109519 5460960
PT [3 0 40 -23 1]
 P 31859 0 112909 5533140
PT [3 0 41 -23 1]
EMPTY QUEUE
 P 33861 0 112926 5608258
PT [3 0 42 -25 1]
 P 33861 0 116316 5677500
PT [3 0 43 -25 1]
 P 34641 0 116319 5749680
PT [3 0 44 -25 1]
 P 34641 0 119709 5821860
PT [3 0 45 -25 1]
 P 34641 0 123099 5894040
PT [3 0 46 -25 1]
EMPTY QUEUE
 P 37156 0 123117 5968549
PT [3 0 47 -27 1]
 P 37156 0 126507 6038400
PT [3 0 48 -27 1]
 P 38881 0 126511 6110580
PT [3 0 49 -27 1]
 P 38881 0 129901 6182760
PT [3 0 50 -27 1]
 P 38881 0 133291 6254940
PT [3 0 51 -27 1]
EMPTY QUEUE
 P 41965 0 133308 6328394
PT [3 0 52 -29 1]
 P 41965 0 136698 6399300
PT [3 0 53 -29 1]
 P 44143 0 136702 6471480
PT [3 0 54 -29 1]
 P 44143 0 140092 6543660
PT [3 0 55 -29 1]
 P 44143 0 143482 6615840
PT [3 0 56 -29 1]
EMPTY QUEUE
 P 45989 0 143498 6689709
PT [3 0 57 -31 1]
 P 45989 0 146888 6760200
PT [3 0 58 -31 1]
 P 48638 0 146891 6832380
PT [3 0 59 -31 1]
 P 48638 0 150281 6904560
PT [3 0 60 -31 1]
 P 48638 0 153671 6976740
PT [3 0 61 -31 1]
EMPTY QUEUE
 P 50608 0 153687 7050546
PT [3 0 62 -33 1]
 P 50608 0 157077 7121100
PT [3 0 63 -33 1]
 P 52658 0 157081 7193280
PT [3 0 64 -33 1]
 P 52658 0 160471 7265460
PT [3 0 65 -33 1]
 P 52658 0 163861 7337640
PT [3 0 66 -33 1]
EMPTY QUEUE
 P 54662 0 163878 7410805
PT [3 0 67 -35 1]
 P 54662 0 167268 7482000
PT [3 0 68 -35 1]
 P 55844 0 167271 7554180
PT [3 0 69 -35 1]
 P 55844 0 170661 7626360
PT [3 0 70 -35 1]
 P 55844 0 174051 7698540
PT [3 0 71 -35 1]
EMPTY QUEUE
 P 58705 0 174067 7772697
PT [3 0 72 -37 1]
 P 58705 0 177457 7842900
PT [3 0 73 -37 1]
 P 61231 0 177461 7915080
PT [3 0 74 -37 1]
 P 61231 0 180851 7987260
PT [3 0 75 -37 1]
 P 61231 0 184241 8059440
PT [3 0 76 -37 1]
EMPTY QUEUE
 P 62208 0 186823 8136124
PT [3 0 77 -37 1]
EMPTY QUEUE
 P 62696 0 190222 8205457
PT [3 0 78 -40 1]
 P 64416 0 190225 8275980
PT [3 0 79 -40 1]
 P 64416 0 193615 8348160
PT [3 0 80 -40 1]
 P 64416 0 197005 8420340
PT [3 0 81 -40 1]
 P 66025 0 197014 8492520
PT [3 0 82 -40 1]
EMPTY QUEUE
 P 66577 0 200413 8566869
PT [3 0 83 -42 1]
 P 68241 0 200416 8636880
PT [3 0 84 -42 1]
 P 68241 0 203806 8709060
PT [3 0 85 -42 1]
 P 68241 0 207196 8781240
PT [3 0 86 -42 1]
 P 69376 0 207204 8853420
PT [3 0 87 -42 1]
EMPTY QUEUE
 P 69960 0 210602 8927737
PT [3 0 88 -44 1]
 P 71486 0 210605 8997780
PT [3 0 89 -44 1]
 P 71486 0 213995 9069960
PT [3 0 90 -44 1]
 P 71486 0 217385 9142140
PT [3 0 91 -44 1]
 P 72553 0 217393 9214320
PT [3 0 92 -44 1]
EMPTY QUEUE
 P 73105 0 220791 9288029
PT [3 0 93 -46 1]
 P 74479 0 220794 9358680
PT [3 0 94 -46 1]
 P 74479 0 224184 9430860
PT [3 0 95 -46 1]
 P 74479 0 227574 9503040
PT [3 0 96 -46 1]
 P 76601 0 227583 9575220
PT [3 0 97 -46 1]
EMPTY QUEUE
 P 77090 0 230981 9649826
PT [3 0 98 -48 1]
 P 78200 0 230984 9719580
PT [3 0 99 -48 1]
 P 78200 0 234374 9791760
PT [3 0 100 -48 1]
 P 78200 0 237764 9863940
PT [3 0 101 -48 1]
 P 79045 0 237772 9936120
PT [3 0 102 -48 1]
EMPTY QUEUE
 P 79532 0 241170 10009126
PT [3 0 103 -51 1]
 P 81637 0 241173 10080480
PT [3 0 104 -51 1]
 P 81637 0 244563 10152660
PT [3 0 105 -51 1]
 P 81637 0 247953 10224840
PT [3 0 106 -51 1]
 P 82454 0 247961 10297020
PT [3 0 107 -51 1]
EMPTY QUEUE
 P 82974 0 251360 10372042
PT [3 0 108 -53 1]
 P 85707 0 251363 10441380
PT [3 0 109 -53 1]
 P 85707 0 254753 10513560
PT [3 0 110 -53 1]
 P 85707 0 258143 10585740
PT [3 0 111 -53 1]
 P 87697 0 258152 10657920
PT [3 0 112 -53 1]
EMPTY QUEUE
 P 88216 0 261551 10732365
PT [3 0 113 -55 1]
 P 89013 0 261554 10802280
PT [3 0 114 -55 1]
 P 89013 0 264944 10874460
PT [3 0 115 -55 1]
 P 89013 0 268334 10946640
PT [3 0 116 -55 1]
 P 90657 0 268343 11018820
PT [3 0 117 -55 1]
EMPTY QUEUE
 P 91177 0 271742 11092177
PT [3 0 118 -57 1]
 P 93780 0 271745 11163180
PT [3 0 119 -57 1]
 P 93780 0 275135 11235360
PT [3 0 120 -57 1]
 P 93780 0 278525 11307540
PT [3 0 121 -57 1]
 P 96600 0 278533 11379720
PT [3 0 122 -57 1]
EMPTY QUEUE
 P 96666 0 284495 11455635
PT [3 0 123 -57 1]
 P 98256 0 284499 11524080
PT [3 0 124 -57 1]
EMPTY QUEUE
 P 98872 0 287898 11598045
PT [3 0 125 -60 1]
 P 98872 0 291288 11668440
PT [3 0 126 -60 1]
 P 100008 0 291297 11740620
PT [3 0 127 -60 1]
 P 100008 0 294687 11812800
PT [3 0 128 -60 1]
 P 101207 0 294690 11884980
PT [3 0 129 -60 1]
EMPTY QUEUE
 P 101791 0 298089 11959361
PT [3 0 130 -62 1]
 P 102375 72 301489 12030534
PT [3 0 131 -62 1]
 P 104270 72 301497 12101520
PT [3 0 132 -62 1]
 P 104270 72 304887 12173700
PT [3 0 133 -62 1]
 P 106018 72 304890 12245880
PT [3 0 134 -62 1]
 P 106450 72 310487 12322276
PT [3 0 135 -62 1]
 P 107066 144 313887 12392266
PT [3 0 136 -64 1]
 P 107914 144 313895 12462420
PT [3 0 137 -64 1]
 P 108121 144 319716 12538847
PT [3 0 138 -64 1]
 P 109320 144 319719 12606780
PT [3 0 139 -64 1]
 P 110166 144 324900 12682759
PT [3 0 140 -64 1]
 P 110654 216 328300 12753039
PT [3 0 141 -67 1]
 P 112871 216 330880 12827568
PT [3 0 142 -67 1]
 P 113486 288 334280 12897526
PT [3 0 143 -67 1]
 P 114531 288 334283 12967680
PT [3 0 144 -67 1]
 P 115856 288 338985 13043179
PT [3 0 145 -67 1]
 P 116342 360 342386 13113938
PT [3 0 146 -69 1]
 P 118274 360 344968 13188467
PT [3 0 147 -69 1]
 P 118890 432 348368 13258426
PT [3 0 148 -70 1]
 P 121106 432 348371 13328580
PT [3 0 149 -70 1]
 P 121106 432 351761 13400760
PT [3 0 150 -70 1]
 P 123820 786 351781 13475383
PT [3 0 151 -71 1]
 P 124567 786 351784 13545120
PT [3 0 152 -71 1]
 P 126051 786 356329 13620300
PT [3 0 153 -71 1]
 P 126702 786 361706 13693280
PT [3 0 154 -71 1]
 P 128763 1140 361724 13763206
PT [3 0 155 -73 1]
 P 129464 1140 361727 13833840
PT [3 0 156 -73 1]
 P 130048 1212 365127 13908463
PT [3 0 157 -73 1]
 P 131561 1566 365146 13980482
PT [3 0 158 -74 1]
 P 132360 1566 365149 14050380
PT [3 0 159 -74 1]
 P 132787 1566 370751 14126776
PT [3 0 160 -74 1]
 P 133275 1638 374152 14196639
PT [3 0 161 -75 1]
 P 135352 1992 374170 14269266
PT [3 0 162 -75 1]
 P 136105 1992 374173 14339100
PT [3 0 163 -75 1]
 P 136657 2064 377574 14412443
PT [3 0 164 -76 1]
 P 138214 2064 377577 14483460
PT [3 0 165 -76 1]
 P 138931 2064 377580 14555640
PT [3 0 166 -76 1]
 P 140755 2420 377598 14630134
PT [3 0 167 -77 1]
 P 141307 2492 380999 14701772
PT [3 0 168 -78 1]
 P 142792 2775 383581 14776747
PT [3 0 169 -78 1]
 P 143579 2775 383585 14844360
PT [3 0 170 -78 1]
 P 144418 2775 388773 14920339
PT [3 0 171 -78 1]
 P 146010 2775 388778 14988720
PT [3 0 172 -78 1]
 P 146762 2775 388781 15060900
PT [3 0 173 -78 1]
 P 147502 2775 388784 15133080
PT [3 0 174 -78 1]
 P 148913 3058 391364 15208579
PT [3 0 175 -78 1]
 P 150312 3341 393944 15280760
PT [3 0 176 -78 1]
 P 151016 3341 393947 15349620
PT [3 0 177 -78 1]
 P 151708 3341 393950 15421800
PT [3 0 178 -78 1]
 P 152324 3341 397348 15495765
PT [3 0 179 -82 1]
 P 153959 3341 397351 15566160
PT [3 0 180 -82 1]
 P 155232 3341 397354 15638340
PT [3 0 181 -82 1]
Warning: retx limit drop data
 P 157187 3341 397370 15712807
PT [3 0 182 -84 1]
 P 157957 3341 397374 15782700
PT [3 0 183 -84 1]
 P 159888 3696 397392 15857259
PT [3 0 184 -84 1]
 P 160634 3696 397395 15927060
PT [3 0 185 -84 1]
 P 162021 3696 399976 16002848
PT [3 0 186 -84 1]
 P 162743 3696 399979 16071420
PT [3 0 187 -84 1]
 P 164650 3696 399997 16144778
PT [3 0 188 -86 1]
 P 165347 3696 400000 16215780
PT [3 0 189 -86 1]
 P 167293 3768 400019 16289123
PT [3 0 190 -87 1]
 P 168099 3768 400022 16360140
PT [3 0 191 -87 1]
 P 169955 3768 400039 16434393
PT [3 0 192 -88 1]
 P 170735 3768 400042 16504500
PT [3 0 193 -88 1]
 P 172566 3768 400059 16579458
PT [3 0 194 -89 1]
 P 173322 3768 400062 16648860
PT [3 0 195 -89 1]
 P 175191 3768 400078 16722024
PT [3 0 196 -90 1]
 P 175922 3768 400081 16793220
PT [3 0 197 -90 1]
 P 177407 3768 402662 16870192
PT [3 0 198 -90 1]
 P 178114 3768 402665 16937580
PT [3 0 199 -90 1]
 P 180123 3840 402683 17011307
PT [3 0 200 -91 1]
 P 180925 3840 402686 17081940
PT [3 0 201 -91 1]
 P 181714 3840 402689 17154120
PT [3 0 202 -91 1]
 P 183557 3840 402705 17227157
PT [3 0 203 -92 1]
 P 184322 3840 402708 17298480
PT [3 0 204 -92 1]
 P 186203 3840 402724 17372797
PT [3 0 205 -93 1]
 P 186943 3840 402727 17442840
PT [3 0 206 -93 1]
 P 188849 3840 402744 17517797
PT [3 0 207 -94 1]
 P 189565 3840 402747 17587200
PT [3 0 208 -94 1]
 P 191024 3840 405328 17662444
PT [3 0 209 -94 1]
 P 191825 3840 405331 17731560
PT [3 0 210 -94 1]
 P 192615 3840 405334 17803740
PT [3 0 211 -94 1]
 P 193391 3840 405337 17875920
PT [3 0 212 -94 1]
 P 194155 3840 405340 17948100
PT [3 0 213 -94 1]
 P 195971 3840 405358 18021457
PT [3 0 214 -97 1]
 P 196710 3840 405362 18092460
PT [3 0 215 -97 1]
 P 197437 3840 405365 18164640
PT [3 0 216 -97 1]
 P 198152 3840 405368 18236820
PT [3 0 217 -97 1]
Warning: retx limit drop data
 P 199612 3840 407948 18312084
PT [3 0 218 -97 1]
 P 200302 3840 407952 18381180
PT [3 0 219 -97 1]
 P 200980 3840 407955 18453360
PT [3 0 220 -97 1]
 P 202401 3840 410536 18528860
PT [3 0 221 -97 1]
 P 203198 3840 410539 18597720
PT [3 0 222 -97 1]
 P 205143 3840 410556 18671205
PT [3 0 223 -101 1]
 P 205916 3840 410559 18742080
PT [3 0 224 -101 1]
 P 207918 3912 410579 18815455
PT [3 0 225 -102 1]
 P 208666 3912 410582 18886440
PT [3 0 226 -102 1]
 P 210644 3912 410598 18960789
PT [3 0 227 -103 1]
 P 211368 3912 410601 19030800
PT [3 0 228 -103 1]
 P 212800 3912 413181 19107899
PT [3 0 229 -103 1]
 P 213499 3912 413184 19175160
PT [3 0 230 -103 1]
 P 214906 3912 415765 19250659
PT [3 0 231 -103 1]
 P 215701 3912 415768 19319520
PT [3 0 232 -103 1]
 P 217084 3912 418348 19395019
PT [3 0 233 -103 1]
 P 217855 3912 418351 19463880
PT [3 0 234 -103 1]
 P 219889 3984 418370 19537607
PT [3 0 235 -106 1]
 P 220635 3984 418373 19608240
PT [3 0 236 -106 1]
 P 222515 3984 418390 19681277
PT [3 0 237 -107 1]
 P 223238 3984 418393 19752600
PT [3 0 238 -107 1]
 P 225158 3984 418410 19826917
PT [3 0 239 -108 1]
 P 225856 3984 418414 19896960
PT [3 0 240 -108 1]
 P 227782 4056 418432 19972254
PT [3 0 241 -108 1]
 P 228575 4056 418436 20041320
PT [3 0 242 -108 1]
 P 230443 4056 418453 20114486
PT [3 0 243 -108 1]
 P 231212 4056 418456 20185680
PT [3 0 244 -108 1]
 P 231969 4056 418459 20257860
PT [3 0 245 -108 1]
 P 232713 4056 418463 20330040
PT [3 0 246 -108 1]
 P 234593 4056 418481 20404869
PT [3 0 1 0 1]
 P 235425 4056 418484 20474289
PT [3 0 2 0 1]
 P 237455 4056 418501 20548350
PT [3 0 3 -1 1]
 P 238262 4056 418504 20618649
PT [3 0 4 -1 1]
 P 240299 4128 418523 20693689
PT [3 0 5 -2 1]
 P 241202 4128 418526 20763009
PT [3 0 6 -2 1]
 P 242921 4128 418529 20835189
PT [3 0 7 -2 1]
 P 244887 4128 418546 20910146
PT [3 0 8 -3 1]
 P 245753 4128 418549 20979549
PT [3 0 9 -3 1]
 P 246607 4128 418552 21051729
PT [3 0 10 -3 1]
 P 247448 4128 418556 21123909
PT [3 0 11 -3 1]
 P 249298 4128 418573 21198482
PT [3 0 12 -5 1]
 P 250115 4128 418576 21268269
PT [3 0 13 -5 1]
 P 250920 4128 418579 21340449
PT [3 0 14 -5 1]
 P 251712 4128 418583 21412629
PT [3 0 15 -5 1]
 P 252492 4128 418586 21484809
PT [3 0 16 -5 1]
 P 253260 4128 418589 21556989
PT [3 0 17 -5 1]
 P 254016 4128 418592 21629169
PT [3 0 18 -5 1]
 P 254760 4128 418595 21701349
PT [3 0 19 -5 1]
 P 255491 4128 418598 21773529
PT [3 0 20 -5 1]
 P 256210 4128 418601 21845709
PT [3 0 21 -5 1]
 P 256917 4128 418604 21917889
PT [3 0 22 -5 1]
 P 257612 4128 418607 21990069
PT [3 0 23 -5 1]
 P 258294 4128 418610 22062249
PT [3 0 24 -5 1]
 P 258964 4128 418613 22134429
PT [3 0 25 -5 1]
 P 259622 4128 418616 22206609
PT [3 0 26 -5 1]
 P 260268 4128 418619 22278789
PT [3 0 27 -5 1]
 P 260903 4128 418622 22350969
PT [3 0 28 -5 1]
 P 261524 4128 418625 22423149
PT [3 0 29 -5 1]
 P 262133 4128 418628 22495329
PT [3 0 30 -5 1]
 P 262730 4128 418631 22567509
PT [3 0 31 -5 1]
 P 263314 4128 418635 22639689
PT [3 0 32 -5 1]
 P 263886 4128 418638 22711869
PT [3 0 33 -5 1]
 P 264446 4128 418641 22784049
PT [3 0 34 -5 1]
 P 264994 4128 418644 22856229
PT [3 0 35 -5 1]
 P 265530 4128 418647 22928409
PT [3 0 36 -5 1]
 P 267123 4128 418664 23002214
PT [3 0 37 -15 1]
 P 268019 4128 418667 23072769
PT [3 0 38 -15 1]
 P 268902 4128 418670 23144949
PT [3 0 39 -15 1]
 P 269773 4128 418673 23217129
PT [3 0 40 -15 1]
 P 270632 4128 418676 23289309
PT [3 0 41 -15 1]
 P 271479 4128 418679 23361489
PT [3 0 42 -15 1]
 P 272313 4128 418682 23433669
PT [3 0 43 -15 1]
 P 273136 4128 418685 23505849
PT [3 0 44 -15 1]
 P 273946 4128 418688 23578029
PT [3 0 45 -15 1]
 P 274744 4128 418691 23650209
PT [3 0 46 -15 1]
 P 275529 4128 418695 23722389
PT [3 0 47 -15 1]
 P 276302 4128 418698 23794569
PT [3 0 48 -15 1]
 P 277063 4128 418701 23866749
PT [3 0 49 -15 1]
 P 277812 4128 418704 23938929
PT [3 0 50 -15 1]
 P 278549 4128 418707 24011109
PT [3 0 51 -15 1]
 P 279273 4128 418710 24083289
PT [3 0 52 -15 1]
 P 279985 4128 418713 24155469
PT [3 0 53 -15 1]
 P 280685 4128 418716 24227649
PT [3 0 54 -15 1]
 P 281373 4128 418719 24299829
PT [3 0 55 -15 1]
 P 282048 4128 418722 24372009
PT [3 0 56 -15 1]
 P 282711 4128 418725 24444189
PT [3 0 57 -15 1]
 P 283362 4128 418728 24516369
PT [3 0 58 -15 1]
 P 284001 4128 418731 24588549
PT [3 0 59 -15 1]
 P 284627 4128 418734 24660729
PT [3 0 60 -15 1]
 P 285241 4128 418737 24732909
PT [3 0 61 -15 1]
 P 285843 4128 418740 24805089
PT [3 0 62 -15 1]
 P 286433 4128 418743 24877269
PT [3 0 63 -15 1]
 P 287010 4128 418747 24949449
PT [3 0 64 -15 1]
 P 287576 4128 418750 25021629
PT [3 0 65 -15 1]
 P 288129 4128 418753 25093809
PT [3 0 66 -15 1]
 P 288670 4128 418756 25165989
PT [3 0 67 -15 1]
 P 289199 4128 418759 25238169
PT [3 0 68 -15 1]
 P 289715 4128 418762 25310349
PT [3 0 69 -15 1]
 P 290219 4128 418765 25382529
PT [3 0 70 -15 1]
 P 290711 4128 418768 25454709
PT [3 0 71 -15 1]
 P 291191 4128 418771 25526889
PT [3 0 72 -15 1]
 P 291658 4128 418774 25599069
PT [3 0 73 -15 1]
 P 292113 4128 418777 25671249
PT [3 0 74 -15 1]
 P 292556 4128 418780 25743429
PT [3 0 75 -15 1]
 P 292987 4128 418784 25815609
PT [3 0 76 -15 1]
 P 293405 4128 418788 25887789
PT [3 0 77 -15 1]
 P 293811 4128 418791 25959969
PT [3 0 78 -15 1]
 P 294205 4128 418794 26032149
PT [3 0 79 -15 1]
 P 294587 4128 418797 26104329
PT [3 0 80 -15 1]
 P 294957 4128 418800 26176509
PT [3 0 81 -15 1]
 P 295314 4128 418803 26248689
PT [3 0 82 -15 1]
 P 295659 4128 418806 26320869
PT [3 0 83 -15 1]
 P 295992 4128 418809 26393049
PT [3 0 84 -15 1]
 P 296313 4128 418812 26465229
PT [3 0 85 -15 1]
 P 296623 4128 418815 26537409
PT [3 0 86 -15 1]
 P 296919 4128 418818 26609589
PT [3 0 87 -15 1]
 P 297203 4128 418821 26681769
PT [3 0 88 -15 1]
 P 297475 4128 418824 26753949
PT [3 0 89 -15 1]
 P 297734 4128 418828 26826129
PT [3 0 90 -15 1]
 P 297981 4128 418831 26898309
PT [3 0 91 -15 1]
 P 298216 4128 418834 26970489
PT [3 0 92 -15 1]
 P 299940 4128 418837 27042669
PT [3 0 93 -15 1]
 P 301146 4128 418853 27117116
PT [3 0 94 -38 1]
 P 302018 4128 418856 27187029
PT [3 0 95 -38 1]
 P 302877 4128 418860 27259209
PT [3 0 96 -38 1]
 P 304837 4128 418876 27333910
PT [3 0 97 -41 1]
 P 305672 4128 418879 27403569
PT [3 0 98 -41 1]
 P 306495 4128 418882 27475749
PT [3 0 99 -41 1]
Warning: retx limit drop data
 P 308445 4128 418900 27550247
PT [3 0 100 -42 1]
 P 309243 4128 418903 27620109
PT [3 0 101 -42 1]
 P 311137 4128 418920 27693658
PT [3 0 102 -43 1]
 P 311911 4128 418923 27764469
PT [3 0 103 -43 1]
 P 312673 4128 418926 27836649
PT [3 0 104 -43 1]
 P 313422 4128 418930 27908829
PT [3 0 105 -43 1]
 P 315162 4128 418945 27982668
PT [3 0 106 -44 1]
 P 316043 4128 418948 28053189
PT [3 0 107 -44 1]
 P 317796 4128 418965 28127474
PT [3 0 108 -45 1]
 P 318652 4128 418968 28197549
PT [3 0 109 -45 1]
 P 319497 4128 418971 28269729
PT [3 0 110 -45 1]
 P 321424 4128 418987 28343982
PT [3 0 111 -47 1]
 P 322244 4128 418990 28414089
PT [3 0 112 -47 1]
 P 323051 4128 418993 28486269
PT [3 0 113 -47 1]
 P 324938 4128 419010 28559946
PT [3 0 114 -48 1]
 P 325721 4128 419013 28630629
PT [3 0 115 -48 1]
 P 326492 4128 419016 28702809
PT [3 0 116 -48 1]
Warning: retx limit drop data
 P 328340 4128 419034 28777531
PT [3 0 117 -49 1]
 P 329219 4128 419037 28847169
PT [3 0 118 -49 1]
 P 331125 4482 419057 28920416
PT [3 0 119 -50 1]
 P 331980 4482 419060 28991529
PT [3 0 120 -50 1]
 P 332823 4482 419063 29063709
PT [3 0 121 -50 1]
 P 334755 4482 419080 29138762
PT [3 0 122 -51 1]
 P 335573 4482 419083 29208069
PT [3 0 123 -51 1]
 P 337416 4482 419100 29282482
PT [3 0 124 -52 1]
 P 338210 4482 419103 29352429
PT [3 0 125 -52 1]
 P 338993 4482 419106 29424609
PT [3 0 126 -52 1]
 P 340797 4482 419123 29497934
PT [3 0 127 -53 1]
 P 341674 4482 419126 29568969
PT [3 0 128 -53 1]
 P 343676 4554 419145 29643080
PT [3 0 129 -54 1]
 P 344528 4554 419148 29713329
PT [3 0 130 -54 1]
 P 345369 4554 419151 29785509
PT [3 0 131 -54 1]
 P 347269 4554 419167 29859250
PT [3 0 132 -55 1]
 P 348084 4554 419170 29929869
PT [3 0 133 -55 1]
 P 348887 4554 419173 30002049
PT [3 0 134 -55 1]
 P 350812 4554 419191 30075279
PT [3 0 135 -57 1]
 P 351591 4554 419194 30146409
PT [3 0 136 -57 1]
 P 353493 4554 419210 30220600
PT [3 0 137 -56 1]
 P 354368 4554 419213 30290769
PT [3 0 138 -56 1]
 P 355231 4554 419216 30362949
PT [3 0 139 -56 1]
 P 357221 4554 419233 30437586
PT [3 0 140 -59 1]
 P 358059 4554 419236 30507309
PT [3 0 141 -59 1]
 P 358885 4554 419239 30579489
PT [3 0 142 -59 1]
 P 360868 4554 419257 30654094
PT [3 0 143 -60 1]
 P 361669 4554 419261 30723849
PT [3 0 144 -60 1]
 P 363595 4626 419280 30798088
PT [3 0 145 -61 1]
 P 364372 4626 419283 30868209
PT [3 0 146 -61 1]
 P 365137 4626 419286 30940389
PT [3 0 147 -61 1]
 P 366927 4626 419303 31015250
PT [3 0 148 -62 1]
 P 367799 4626 419306 31084749
PT [3 0 149 -62 1]
 P 369575 4626 419323 31158650
PT [3 0 150 -63 1]
 P 370423 4626 419326 31229109
PT [3 0 151 -63 1]
 P 372227 4626 419344 31303458
PT [3 0 152 -64 1]
 P 373050 4626 419348 31373469
PT [3 0 153 -64 1]
 P 375083 4698 419367 31448060
PT [3 0 154 -65 1]
 P 375882 4698 419370 31517829
PT [3 0 155 -65 1]
 P 376669 4698 419373 31590009
PT [3 0 156 -65 1]
 P 377444 4698 419376 31662189
PT [3 0 157 -65 1]
 P 379363 4698 419392 31735898
PT [3 0 158 -66 1]
 P 380234 4698 419395 31806549
PT [3 0 159 -66 1]
 P 381092 4698 419399 31878729
PT [3 0 160 -66 1]
 P 381938 4698 419402 31950909
PT [3 0 161 -66 1]
 P 382772 4698 419405 32023089
PT [3 0 162 -66 1]
 P 383594 4698 419408 32095269
PT [3 0 163 -66 1]
 P 385318 4698 419425 32169106
PT [3 0 164 -69 1]
 P 386115 4698 419428 32239629
PT [3 0 165 -69 1]
 P 386900 4698 419431 32311809
PT [3 0 166 -69 1]
 P 388768 4698 419448 32386223
PT [3 0 167 -70 1]
 P 389529 4698 419451 32456169
PT [3 0 168 -70 1]
 P 390277 4698 419455 32528349
PT [3 0 169 -70 1]
 P 392042 4698 419471 32602633
PT [3 0 170 -72 1]
 P 392909 4698 419474 32672709
PT [3 0 171 -72 1]
 P 394912 4698 419491 32746450
PT [3 0 172 -72 1]
 P 395755 4698 419494 32817069
PT [3 0 173 -72 1]
 P 396586 4698 419497 32889249
PT [3 0 174 -72 1]
Warning: retx limit drop data
 P 398551 4698 419514 32964035
PT [3 0 175 -74 1]
 P 399357 4698 419517 33033609
PT [3 0 176 -74 1]
 P 401265 5052 419536 33106919
PT [3 0 177 -75 1]
 P 402047 5052 419539 33177969
PT [3 0 178 -75 1]
 P 402817 5052 419542 33250149
PT [3 0 179 -75 1]
 P 404686 5052 419559 33325202
PT [3 0 180 -76 1]
 P 405552 5052 419562 33394509
PT [3 0 181 -76 1]
 P 407491 5052 419579 33468954
PT [3 0 182 -77 1]
 P 408332 5052 419582 33538869
PT [3 0 183 -77 1]
 P 409161 5052 419585 33611049
PT [3 0 184 -77 1]
 P 411061 5052 419602 33684406
PT [3 0 185 -78 1]
 P 411866 5052 419605 33755409
PT [3 0 186 -78 1]
 P 413740 5052 419622 33829214
PT [3 0 187 -79 1]
 P 414520 5052 419625 33899769
PT [3 0 188 -79 1]
 P 415289 5052 419628 33971949
PT [3 0 189 -79 1]
 P 417126 5052 419645 34045690
PT [3 0 190 -80 1]
 P 417990 5052 419648 34116309
PT [3 0 191 -80 1]
 P 419929 5124 419667 34189716
PT [3 0 192 -81 1]
 P 420769 5124 419670 34260669
PT [3 0 193 -81 1]
 P 421598 5124 419673 34332849
PT [3 0 194 -81 1]
 P 423499 5124 419690 34406975
PT [3 0 195 -82 1]
 P 424302 5124 419693 34477209
PT [3 0 196 -82 1]
 P 426209 5124 419710 34551814
PT [3 0 197 -83 1]
 P 426988 5124 419713 34621569
PT [3 0 198 -83 1]
 P 427754 5124 419716 34693749
PT [3 0 199 -83 1]
 P 428508 5124 419719 34765929
PT [3 0 200 -83 1]
 P 430374 5124 419737 34839894
PT [3 0 201 -85 1]
 P 431236 5124 419740 34910289
PT [3 0 202 -85 1]
 P 433067 5124 419756 34984638
PT [3 0 203 -86 1]
 P 433904 5124 419759 35054649
PT [3 0 204 -86 1]
 P 434729 5124 419762 35126829
PT [3 0 205 -86 1]
 P 436688 5124 419779 35201115
PT [3 0 206 -87 1]
 P 437489 5124 419782 35271189
PT [3 0 207 -87 1]
 P 439357 5196 419801 35345076
PT [3 0 208 -88 1]
 P 440133 5196 419804 35415549
PT [3 0 209 -88 1]
 P 440898 5196 419807 35487729
PT [3 0 210 -88 1]
 P 442739 5196 419824 35561630
PT [3 0 211 -89 1]
 P 443598 5196 419827 35632089
PT [3 0 212 -89 1]
 P 444445 5196 419830 35704269
PT [3 0 213 -89 1]
 P 446301 5196 419848 35778619
PT [3 0 214 -89 1]
 P 447124 5196 419852 35848629
PT [3 0 215 -89 1]
 P 449064 5196 419869 35922882
PT [3 0 216 -91 1]
 P 449862 5196 419872 35992989
PT [3 0 217 -91 1]
 P 450648 5196 419875 36065169
PT [3 0 218 -91 1]
 P 452580 5196 419891 36138878
PT [3 0 219 -92 1]
 P 453341 5196 419894 36209529
PT [3 0 220 -92 1]
 P 455257 5268 419912 36283736
PT [3 0 221 -93 1]
 P 456114 5268 419916 36353889
PT [3 0 222 -93 1]
 P 457931 5268 419933 36428174
PT [3 0 223 -94 1]
 P 458764 5268 419936 36498249
PT [3 0 224 -94 1]
 P 459585 5268 419939 36570429
PT [3 0 225 -94 1]
 P 460394 5268 419942 36642609
PT [3 0 226 -94 1]
 P 461190 5268 419945 36714789
PT [3 0 227 -94 1]
 P 461974 5268 419948 36786969
PT [3 0 228 -94 1]
 P 463812 5268 419965 36861287
PT [3 0 229 -97 1]
 P 464572 5268 419968 36931329
PT [3 0 230 -97 1]
 P 465319 5268 419972 37003509
PT [3 0 231 -97 1]
 P 467117 5268 419989 37077250
PT [3 0 232 -98 1]
 P 467972 5268 419992 37147869
PT [3 0 233 -98 1]
 P 469975 5340 420011 37222812
PT [3 0 234 -99 1]
 P 470806 5340 420014 37292229
PT [3 0 235 -99 1]
 P 471626 5340 420017 37364409
PT [3 0 236 -99 1]
 P 473260 5340 420020 37436589
PT [3 0 237 -99 1]
 P 474532 5340 420023 37508769
PT [3 0 238 -99 1]
 P 476438 5340 420041 37581838
PT [3 0 239 -101 1]
 P 477207 5340 420045 37653129
PT [3 0 240 -101 1]
 P 478603 5340 422626 37730261
PT [3 0 241 -101 1]
 P 479348 5340 422629 37797489
PT [3 0 242 -101 1]
 P 481384 5412 422647 37871217
PT [3 0 243 -103 1]
 P 482238 5412 422650 37941849
PT [3 0 244 -103 1]
 P 483080 5412 422653 38014029
PT [3 0 245 -103 1]
 P 485045 5412 422670 38087162
PT [3 0 246 -104 1]
 P 485862 5412 422673 38158389
PT [3 0 247 -104 1]
 P 487800 5412 422690 38232738
PT [3 0 248 -105 1]
 P 488593 5412 422693 38302749
PT [3 0 249 -105 1]
 P 489373 5412 422697 38374929
PT [3 0 250 -105 1]
 P 491211 5412 422715 38449918
PT [3 0 251 -106 1]
 P 491968 5412 422718 38519289
PT [3 0 252 -106 1]
 P 493938 5484 422737 38592696
PT [3 0 253 -107 1]
 P 494788 5484 422740 38663649
PT [3 0 254 -107 1]
 P 495626 5484 422743 38735829
PT [3 0 255 -107 1]
 P 497559 5484 422761 38810722
PT [3 0 256 -108 1]
 P 498373 5484 422765 38880189
PT [3 0 257 -108 1]
 P 499174 5484 422768 38952369
PT [3 0 258 -108 1]
 P 501133 5484 422784 39026494
PT [3 0 1 0 1]
 P 502019 5484 422787 39096620
PT [3 0 2 0 1]
 P 503998 5484 422805 39171387
PT [3 0 3 0 1]
 P 504859 5484 422808 39240980
PT [3 0 4 0 1]
 P 505708 5484 422811 39313160
PT [3 0 5 0 1]
 P 507615 5484 422827 39388085
PT [3 0 6 -2 1]
 P 508573 5484 422830 39457520
PT [3 0 7 -2 1]
 P 510456 5556 422848 39532367
PT [3 0 8 -3 1]
 P 511389 5556 422851 39601880
PT [3 0 9 -3 1]
 P 513340 5556 422868 39675749
PT [3 0 10 -4 1]
 P 514249 5556 422871 39746240
PT [3 0 11 -4 1]
 P 515146 5556 422874 39818420
PT [3 0 12 -4 1]
 P 516030 5556 422878 39890600
PT [3 0 13 -4 1]
 P 516902 5556 422881 39962780
PT [3 0 14 -4 1]
 P 517763 5556 422884 40034960
PT [3 0 15 -4 1]
 P 518611 5556 422887 40107140
PT [3 0 16 -4 1]
 P 519447 5556 422890 40179320
PT [3 0 17 -4 1]
 P 520270 5556 422894 40251500
PT [3 0 18 -4 1]
 P 521081 5556 422897 40323680
PT [3 0 19 -4 1]
 P 521880 5556 422900 40395860
PT [3 0 20 -4 1]
 P 522667 5556 422903 40468040
PT [3 0 21 -4 1]
 P 523442 5556 422906 40540220
PT [3 0 22 -4 1]
 P 524204 5556 422909 40612400
PT [3 0 23 -4 1]
 P 524954 5556 422912 40684580
PT [3 0 24 -4 1]
 P 525692 5556 422915 40756760
PT [3 0 25 -4 1]
 P 526418 5556 422918 40828940
PT [3 0 26 -4 1]
 P 527132 5556 422921 40901120
PT [3 0 27 -4 1]
 P 527833 5556 422924 40973300
PT [3 0 28 -4 1]
 P 528522 5556 422927 41045480
PT [3 0 29 -4 1]
 P 529199 5556 422930 41117660
PT [3 0 30 -4 1]
 P 529864 5556 422933 41189840
PT [3 0 31 -4 1]
 P 530517 5556 422936 41262020
PT [3 0 32 -4 1]
 P 531157 5556 422939 41334200
PT [3 0 33 -4 1]
 P 531785 5556 422942 41406380
PT [3 0 34 -4 1]
 P 532401 5556 422945 41478560
PT [3 0 35 -4 1]
 P 533006 5556 422948 41550740
PT [3 0 36 -4 1]
 P 533597 5556 422952 41622920
PT [3 0 37 -4 1]
 P 534176 5556 422955 41695100
PT [3 0 38 -4 1]
 P 534743 5556 422958 41767280
PT [3 0 39 -4 1]
 P 535298 5556 422961 41839460
PT [3 0 40 -4 1]
 P 535841 5556 422964 41911640
PT [3 0 41 -4 1]
 P 536371 5556 422968 41983820
PT [3 0 42 -4 1]
 P 536889 5556 422971 42056000
PT [3 0 43 -4 1]
 P 537395 5556 422974 42128180
PT [3 0 44 -4 1]
 P 537889 5556 422977 42200360
PT [3 0 45 -4 1]
 P 538371 5556 422980 42272540
PT [3 0 46 -4 1]
 P 538840 5556 422984 42344720
PT [3 0 47 -4 1]
 P 539297 5556 422987 42416900
PT [3 0 48 -4 1]
 P 539742 5556 422990 42489080
PT [3 0 49 -4 1]
 P 540175 5556 422993 42561260
PT [3 0 50 -4 1]
 P 540596 5556 422996 42633440
PT [3 0 51 -4 1]
 P 541004 5556 423000 42705620
PT [3 0 52 -4 1]
 P 541400 5556 423003 42777800
PT [3 0 53 -4 1]
 P 541784 5556 423006 42849980
PT [3 0 54 -4 1]
 P 542156 5556 423009 42922160
PT [3 0 55 -4 1]
 P 542516 5556 423012 42994340
PT [3 0 56 -4 1]
 P 542865 5556 423015 43066520
PT [3 0 57 -4 1]
 P 543200 5556 423018 43138700
PT [3 0 58 -4 1]
 P 543523 5556 423021 43210880
PT [3 0 59 -4 1]
 P 543834 5556 423024 43283060
PT [3 0 60 -4 1]
 P 545243 5628 423043 43357875
PT [3 0 61 -26 1]
 P 546189 5628 423046 43427420
PT [3 0 62 -26 1]
 P 548194 5628 423062 43502154
PT [3 0 63 -27 1]
 P 549116 5628 423065 43571780
PT [3 0 64 -27 1]
 P 550026 5628 423068 43643960
PT [3 0 65 -27 1]
 P 550923 5628 423071 43716140
PT [3 0 66 -27 1]
 P 552874 5628 423087 43790553
PT [3 0 67 -28 1]
 P 553747 5628 423090 43860500
PT [3 0 68 -28 1]
 P 554608 5628 423093 43932680
PT [3 0 69 -28 1]
 P 555457 5628 423096 44004860
PT [3 0 70 -28 1]
 P 557293 5628 423114 44078378
PT [3 0 71 -30 1]
 P 558237 5628 423117 44149220
PT [3 0 72 -30 1]
 P 560015 5628 423134 44223409
PT [3 0 73 -31 1]
 P 560934 5628 423137 44293580
PT [3 0 74 -31 1]
 P 561841 5628 423140 44365760
PT [3 0 75 -31 1]
 P 562736 5628 423143 44437940
PT [3 0 76 -31 1]
 P 563619 5628 423146 44510120
PT [3 0 77 -31 1]
 P 564489 5628 423149 44582300
PT [3 0 78 -31 1]
 P 565348 5628 423152 44654480
PT [3 0 79 -31 1]
 P 566194 5628 423155 44726660
PT [3 0 80 -31 1]
 P 567028 5628 423158 44798840
PT [3 0 81 -31 1]
 P 567850 5628 423161 44871020
PT [3 0 82 -31 1]
 P 568659 5628 423164 44943200
PT [3 0 83 -31 1]
 P 569456 5628 423167 45015380
PT [3 0 84 -31 1]
 P 570241 5628 423170 45087560
PT [3 0 85 -31 1]
 P 571014 5628 423173 45159740
PT [3 0 86 -31 1]
 P 571775 5628 423176 45231920
PT [3 0 87 -31 1]
 P 572523 5628 423179 45304100
PT [3 0 88 -31 1]
 P 573259 5628 423182 45376280
PT [3 0 89 -31 1]
 P 573983 5628 423185 45448460
PT [3 0 90 -31 1]
 P 574695 5628 423188 45520640
PT [3 0 91 -31 1]
 P 575395 5628 423191 45592820
PT [3 0 92 -31 1]
 P 576082 5628 423194 45665000
PT [3 0 93 -31 1]
 P 576757 5628 423197 45737180
PT [3 0 94 -31 1]
 P 577420 5628 423200 45809360
PT [3 0 95 -31 1]
 P 578071 5628 423203 45881540
PT [3 0 96 -31 1]
 P 578710 5628 423206 45953720
PT [3 0 97 -31 1]
 P 579336 5628 423209 46025900
PT [3 0 98 -31 1]
 P 579950 5628 423212 46098080
PT [3 0 99 -31 1]
 P 580553 5628 423215 46170260
PT [3 0 100 -31 1]
 P 581143 5628 423218 46242440
PT [3 0 101 -31 1]
 P 581721 5628 423221 46314620
PT [3 0 102 -31 1]
 P 582286 5628 423224 46386800
PT [3 0 103 -31 1]
 P 582839 5628 423227 46458980
PT [3 0 104 -31 1]
 P 583380 5628 423230 46531160
PT [3 0 105 -31 1]
 P 583909 5628 423233 46603340
PT [3 0 106 -31 1]
 P 584426 5628 423236 46675520
PT [3 0 107 -31 1]
 P 584930 5628 423239 46747700
PT [3 0 108 -31 1]
 P 585422 5628 423242 46819880
PT [3 0 109 -31 1]
 P 585902 5628 423245 46892060
PT [3 0 110 -31 1]
 P 586370 5628 423248 46964240
PT [3 0 111 -31 1]
 P 586826 5628 423251 47036420
PT [3 0 112 -31 1]
 P 587269 5628 423254 47108600
PT [3 0 113 -31 1]
 P 587700 5628 423257 47180780
PT [3 0 114 -31 1]
 P 588119 5628 423260 47252960
PT [3 0 115 -31 1]
 P 588526 5628 423263 47325140
PT [3 0 116 -31 1]
 P 588921 5628 423266 47397320
PT [3 0 117 -31 1]
 P 589303 5628 423269 47469500
PT [3 0 118 -31 1]
 P 589673 5628 423272 47541680
PT [3 0 119 -31 1]
 P 590031 5628 423275 47613860
PT [3 0 120 -31 1]
 P 590378 5628 423278 47686040
PT [3 0 121 -31 1]
 P 590712 5628 423281 47758220
PT [3 0 122 -31 1]
 P 591033 5628 423284 47830400
PT [3 0 123 -31 1]
 P 591342 5628 423287 47902580
PT [3 0 124 -31 1]
 P 591639 5628 423290 47974760
PT [3 0 125 -31 1]
 P 591924 5628 423293 48046940
PT [3 0 126 -31 1]
 P 592197 5628 423296 48119120
PT [3 0 127 -31 1]
 P 592457 5628 423299 48191300
PT [3 0 128 -31 1]
 P 593675 5628 423315 48265682
PT [3 0 129 -55 1]
 P 594607 5628 423318 48335660
PT [3 0 130 -55 1]
 P 596524 5700 423336 48409802
PT [3 0 131 -55 1]
 P 597432 5700 423339 48480020
PT [3 0 132 -55 1]
 P 598328 5700 423342 48552200
PT [3 0 133 -55 1]
 P 599211 5700 423345 48624380
PT [3 0 134 -55 1]
 P 600082 5700 423348 48696560
PT [3 0 135 -55 1]
 P 600941 5700 423351 48768740
PT [3 0 136 -55 1]
 P 601788 5700 423354 48840920
PT [3 0 137 -55 1]
 P 602623 5700 423357 48913100
PT [3 0 138 -55 1]
 P 603447 5700 423360 48985280
PT [3 0 139 -55 1]
 P 604257 5700 423363 49057460
PT [3 0 140 -55 1]
 P 605055 5700 423366 49129640
PT [3 0 141 -55 1]
 P 605841 5700 423369 49201820
PT [3 0 142 -55 1]
 P 606615 5700 423372 49274000
PT [3 0 143 -55 1]
 P 607376 5700 423375 49346180
PT [3 0 144 -55 1]
 P 608125 5700 423378 49418360
PT [3 0 145 -55 1]
 P 608862 5700 423381 49490540
PT [3 0 146 -55 1]
 P 609587 5700 423384 49562720
PT [3 0 147 -55 1]
 P 610300 5700 423387 49634900
PT [3 0 148 -55 1]
 P 611000 5700 423390 49707080
PT [3 0 149 -55 1]
 P 611689 5700 423393 49779260
PT [3 0 150 -55 1]
 P 612365 5700 423396 49851440
PT [3 0 151 -55 1]
 P 613029 5700 423399 49923620
PT [3 0 152 -55 1]
 P 613681 5700 423402 49995800
PT [3 0 153 -55 1]
 P 614320 5700 423405 50067980
PT [3 0 154 -55 1]
 P 614947 5700 423408 50140160
PT [3 0 155 -55 1]
 P 615562 5700 423411 50212340
PT [3 0 156 -55 1]
 P 616165 5700 423414 50284520
PT [3 0 157 -55 1]
 P 616756 5700 423417 50356700
PT [3 0 158 -55 1]
 P 617334 5700 423420 50428880
PT [3 0 159 -55 1]
 P 617900 5700 423423 50501060
PT [3 0 160 -55 1]
 P 618454 5700 423426 50573240
PT [3 0 161 -55 1]
 P 618996 5700 423429 50645420
PT [3 0 162 -55 1]
 P 620494 5700 423446 50719705
PT [3 0 163 -69 1]
 P 621419 5700 423449 50789780
PT [3 0 164 -69 1]
 P 622331 5700 423453 50861960
PT [3 0 165 -69 1]
 P 624235 5700 423471 50935862
PT [3 0 166 -69 1]
 P 625123 5700 423475 51006320
PT [3 0 167 -69 1]
 P 625999 5700 423478 51078500
PT [3 0 168 -69 1]
 P 627898 5772 423496 51152676
PT [3 0 169 -72 1]
 P 628749 5772 423500 51222860
PT [3 0 170 -72 1]
 P 630558 5772 423517 51296731
PT [3 0 171 -72 1]
 P 631385 5772 423520 51367220
PT [3 0 172 -72 1]
 P 632200 5772 423523 51439400
PT [3 0 173 -72 1]
 P 634055 5772 423540 51513749
PT [3 0 174 -74 1]
 P 634979 5772 423543 51583760
PT [3 0 175 -74 1]
 P 635890 5772 423546 51655940
PT [3 0 176 -74 1]
 P 637794 5772 423563 51729841
PT [3 0 177 -75 1]
 P 638681 5772 423566 51800300
PT [3 0 178 -75 1]
 P 640623 5844 423585 51874507
PT [3 0 179 -76 1]
 P 641486 5844 423588 51944660
PT [3 0 180 -76 1]
 P 642336 5844 423592 52016840
PT [3 0 181 -76 1]
 P 644176 5844 423609 52090741
PT [3 0 182 -77 1]
 P 645003 5844 423612 52161200
PT [3 0 183 -77 1]
 P 646838 5844 423630 52235517
PT [3 0 184 -78 1]
 P 647759 5844 423633 52305560
PT [3 0 185 -78 1]
 P 649643 5916 423652 52379672
PT [3 0 186 -79 1]
 P 650540 5916 423655 52449920
PT [3 0 187 -79 1]
 P 651424 5916 423660 52522100
PT [3 0 188 -79 1]
 P 653365 5916 423677 52596065
PT [3 0 189 -80 1]
 P 654225 5916 423680 52666460
PT [3 0 190 -80 1]
 P 656108 5916 423699 52740394
PT [3 0 191 -81 1]
 P 656944 5916 423702 52810820
PT [3 0 192 -81 1]
 P 658804 5916 423719 52884754
PT [3 0 193 -82 1]
 P 659615 5916 423722 52955180
PT [3 0 194 -82 1]
 P 661473 5988 423741 53029771
PT [3 0 195 -83 1]
 P 662393 5988 423744 53099540
PT [3 0 196 -83 1]
 P 664342 5988 423760 53173473
PT [3 0 197 -84 1]
 P 665238 5988 423763 53243900
PT [3 0 198 -84 1]
 P 667193 5988 423779 53317865
PT [3 0 199 -84 1]
 P 668064 5988 423782 53388260
PT [3 0 200 -84 1]
 P 668923 5988 423785 53460440
PT [3 0 201 -84 1]
 P 670808 5988 423802 53534373
PT [3 0 202 -86 1]
 P 671643 5988 423805 53604800
PT [3 0 203 -86 1]
 P 673533 6060 423824 53679006
PT [3 0 204 -86 1]
 P 674343 6060 423827 53749160
PT [3 0 205 -86 1]
 P 676166 6060 423843 53823477
PT [3 0 206 -87 1]
 P 677084 6060 423846 53893520
PT [3 0 207 -87 1]
 P 677990 6060 423849 53965700
PT [3 0 208 -87 1]
 P 678885 6060 423852 54037880
PT [3 0 209 -87 1]
 P 679766 6060 423855 54110060
PT [3 0 210 -87 1]
 P 680635 6060 423858 54182240
PT [3 0 211 -87 1]
 P 681492 6060 423861 54254420
PT [3 0 212 -87 1]
 P 682337 6060 423864 54326600
PT [3 0 213 -87 1]
 P 683169 6060 423868 54398780
PT [3 0 214 -87 1]
 P 683989 6060 423871 54470960
PT [3 0 215 -87 1]
 P 684797 6060 423874 54543140
PT [3 0 216 -87 1]
 P 685593 6060 423877 54615320
PT [3 0 217 -87 1]
 P 686377 6060 423880 54687500
PT [3 0 218 -87 1]
 P 687148 6060 423884 54759680
PT [3 0 219 -87 1]
 P 687908 6060 423888 54831860
PT [3 0 220 -87 1]
 P 688655 6060 423891 54904040
PT [3 0 221 -87 1]
 P 689390 6060 423894 54976220
PT [3 0 222 -87 1]
 P 690113 6060 423897 55048400
PT [3 0 223 -87 1]
 P 690824 6060 423900 55120580
PT [3 0 224 -87 1]
 P 692577 6060 423916 55194865
PT [3 0 225 -95 1]
 P 693490 6060 423919 55264940
PT [3 0 226 -95 1]
 P 695408 6132 423937 55339083
PT [3 0 227 -96 1]
 P 696296 6132 423940 55409300
PT [3 0 228 -96 1]
 P 698123 6132 423958 55483137
PT [3 0 229 -97 1]
 P 698987 6132 423961 55553660
PT [3 0 230 -97 1]
 P 700916 6132 423978 55627625
PT [3 0 231 -98 1]
 P 701755 6132 423981 55698020
PT [3 0 232 -98 1]
 P 702582 6132 423984 55770200
PT [3 0 233 -98 1]
 P 703397 6132 423987 55842380
PT [3 0 234 -98 1]
 P 704200 6132 423990 55914560
PT [3 0 235 -98 1]
 P 704991 6132 423993 55986740
PT [3 0 236 -98 1]
 P 705769 6132 423996 56058920
PT [3 0 237 -98 1]
 P 706535 6132 423999 56131100
PT [3 0 238 -98 1]
 P 707289 6132 424002 56203280
PT [3 0 239 -98 1]
 P 708032 6132 424005 56275460
PT [3 0 240 -98 1]
 P 708762 6132 424008 56347640
PT [3 0 241 -98 1]
 P 709479 6132 424012 56419820
PT [3 0 242 -98 1]
 P 710184 6132 424015 56492000
PT [3 0 243 -98 1]
 P 710877 6132 424018 56564180
PT [3 0 244 -98 1]
 P 711558 6132 424021 56636360
PT [3 0 245 -98 1]
 P 712227 6132 424024 56708540
PT [3 0 246 -98 1]
 P 712883 6132 424028 56780720
PT [3 0 247 -98 1]
 P 713527 6132 424031 56852900
PT [3 0 248 -98 1]
 P 714159 6132 424034 56925080
PT [3 0 249 -98 1]
 P 714779 6132 424037 56997260
PT [3 0 250 -98 1]
 P 715387 6132 424040 57069440
PT [3 0 251 -98 1]
 P 715982 6132 424044 57141620
PT [3 0 252 -98 1]
 P 716565 6132 424047 57213800
PT [3 0 253 -98 1]
 P 717136 6132 424050 57285980
PT [3 0 254 -98 1]
 P 717695 6132 424053 57358160
PT [3 0 255 -98 1]
 P 718242 6132 424056 57430340
PT [3 0 256 -98 1]
 P 718777 6132 424059 57502520
PT [3 0 257 -98 1]
 P 719299 6132 424062 57574700
PT [3 0 258 -98 1]
 P 719809 6132 424065 57646880
PT [3 0 259 -98 1]
 P 720307 6132 424068 57719060
PT [3 0 260 -98 1]
 P 720794 6132 424071 57791240
PT [3 0 261 -98 1]
 P 721268 6132 424074 57863420
PT [3 0 262 -98 1]
 P 721729 6132 424077 57935600
PT [3 0 263 -98 1]
 P 722178 6132 424080 58007780
PT [3 0 264 -98 1]
 P 722615 6132 424083 58079960
PT [3 0 265 -98 1]
 P 723040 6132 424086 58152140
PT [3 0 266 -98 1]
 P 723453 6132 424089 58224320
PT [3 0 267 -98 1]
 P 723853 6132 424092 58296500
PT [3 0 268 -98 1]
 P 724241 6132 424095 58368680
PT [3 0 269 -98 1]
 P 724617 6132 424098 58440860
PT [3 0 270 -98 1]
 P 724981 6132 424101 58513040
PT [3 0 271 -98 1]
 P 725333 6132 424104 58585220
PT [3 0 272 -98 1]
 P 725672 6132 424108 58657400
PT [3 0 273 -98 1]
 P 725999 6132 424111 58729580
PT [3 0 274 -98 1]
 P 726314 6132 424114 58801760
PT [3 0 275 -98 1]
 P 726617 6132 424117 58873940
PT [3 0 276 -98 1]
