46933 R 143.0 1 1 96 1
47216 R 188.0 1 1 328 2
47245 R 28.0 1 2 298 3
47497 R 143.0 2 1 20 4
47520 R 233.0 1 2 609 5
47778 R 188.0 2 1 250 6
48064 R 233.0 2 2 513 7
48349 R 188.0 3 1 181 8
48440 R 28.0 2 2 1023 9
48465 R 28.0 3 2 237 10
48626 R 143.0 3 1 509 11
48907 R 188.0 4 1 99 12
48937 R 28.0 4 2 70 13
49192 R 143.0 4 1 435 14
49286 R 233.0 3 2 1094 15
49313 R 233.0 4 2 481 16
49471 R 143.0 5 1 75 17
49755 R 188.0 5 1 307 18
49776 R 28.0 5 2 269 19
50316 R 188.0 6 1 228 20
50344 R 28.0 6 2 196 21
50887 R 143.0 6 1 850 22
50927 R 233.0 5 2 1783 23
50954 R 233.0 6 2 843 24
50974 R 143.0 7 1 298 25
50998 R 233.0 7 2 246 26
51164 R 188.0 7 1 436 27
51192 R 28.0 7 2 405 28
51450 R 188.0 8 1 81 29
51725 R 28.0 8 2 298 30
52011 R 143.0 8 1 694 31
52035 R 143.0 9 1 79 32
52295 R 233.0 8 2 904 33
52572 R 233.0 9 2 540 34
52596 R 31.219 1 3 116 35
52861 R 188.0 9 1 853 36
52953 R 188.0 10 1 304 37
53042 R 28.0 9 2 975 38
53139 R 143.0 10 1 542 39
53161 R 233.0 10 2 490 40
53420 R 28.0 10 2 713 41
53514 R 195.170 1 3 1000 42
53537 R 188.0 11 1 249 43
53703 R 143.0 11 1 466 44
53797 R 233.0 11 2 486 45
53824 R 31.219 2 3 579 46
53984 R 143.0 12 1 107 47
54078 R 31.219 3 3 160 48
54105 R 233.0 12 2 154 49
54268 R 28.0 11 2 920 50
54363 R 195.170 2 3 1146 51
54456 R 188.0 12 1 528 52
54547 R 143.0 13 1 30 53
54834 R 233.0 13 2 243 54
55112 R 28.0 12 2 1383 55
55208 R 195.170 3 3 1258 56
55226 R 188.0 13 1 658 57
55677 R 31.219 4 3 1026 58
55703 R 143.0 14 1 547 59
55725 R 233.0 14 2 493 60
55744 R 31.219 5 3 359 61
55959 R 28.0 13 2 1331 62
56049 R 195.170 4 3 1365 63
56075 R 188.0 14 1 867 64
56237 R 143.0 15 1 441 65
56337 R 233.0 15 2 465 66
56358 R 31.219 6 3 271 67
56523 R 188.0 15 1 675 68
56617 R 28.0 14 2 1349 69
56709 R 188.0 16 1 221 70
56805 R 143.0 16 1 368 71
56828 R 233.0 16 2 317 72
57089 R 28.0 15 2 1182 73
57278 R 195.170 5 3 2440 74
57368 R 143.0 17 1 292 75
57460 R 233.0 17 2 308 76
57485 R 31.219 7 3 632 77
57652 R 195.170 6 3 1530 78
57741 R 188.0 17 1 613 79
57771 R 28.0 16 2 1738 80
57932 R 143.0 18 1 215 81
58024 R 233.0 18 2 234 82
58053 R 31.219 8 3 496 83
58495 R 195.170 7 3 1672 84
58517 R 28.0 17 2 1329 85
58544 R 195.170 8 3 1018 86
58563 R 188.0 18 1 795 87
58591 R 28.0 18 2 764 88
58614 R 188.0 19 1 206 89
58779 R 143.0 19 1 422 90
58868 R 233.0 19 2 437 91
59064 R 195.170 9 3 803 92
59150 R 28.0 19 2 682 93
59251 R 188.0 20 1 203 94
59339 R 31.219 9 3 1097 95
59624 R 143.0 20 1 1068 96
59648 R 233.0 20 2 577 97
59674 R 31.219 10 3 682 98
59696 R 143.0 21 1 59 99
59905 R 195.170 10 3 942 100
60188 R 233.0 21 2 477 101
60469 R 28.0 20 2 2134 102
60565 R 188.0 21 1 877 103
60583 R 28.0 21 2 836 104
60754 R 143.0 22 1 478 105
60845 R 31.219 11 3 1230 106
61033 R 143.0 23 1 117 107
61319 R 233.0 22 2 968 108
61598 R 195.170 11 3 1901 109
61695 R 188.0 22 1 1367 110
61717 R 28.0 22 2 1330 111
61876 R 31.219 12 3 1448 112
61976 R 233.0 23 2 984 113
61997 R 143.0 24 1 440 114
62158 R 195.170 12 3 1758 115
62184 R 188.0 23 1 1216 116
62206 R 28.0 23 2 1179 117
62233 R 188.0 24 1 625 118
62252 R 195.170 13 3 1087 119
62280 R 188.0 25 1 32 120
62444 R 233.0 24 2 813 121
62537 R 31.219 13 3 1341 122
62561 R 143.0 25 1 364 123
62724 R 28.0 24 2 1057 124
63003 R 195.170 14 3 1135 125
63105 R 188.0 26 1 217 126
63125 R 28.0 25 2 818 127
63287 R 233.0 25 2 1016 128
63385 R 31.219 14 3 1487 129
63406 R 143.0 26 1 570 130
63574 R 28.0 26 2 627 131
63592 R 195.170 15 3 1100 132
63622 R 188.0 27 1 94 133
63641 R 195.170 16 3 337 134
63856 R 233.0 26 2 946 135
63875 R 31.219 15 3 1243 136
63903 R 143.0 27 1 426 137
64418 R 143.0 28 1 301 138
64507 R 233.0 27 2 957 139
64603 R 31.219 16 3 1269 140
64696 R 28.0 27 2 1109 141
64789 R 188.0 28 1 621 142
64817 R 195.170 17 3 931 143
64979 R 28.0 28 2 752 144
65077 R 188.0 29 1 269 145
65095 R 28.0 29 2 227 146
65261 R 233.0 28 2 1070 147
65450 R 143.0 29 1 1298 148
65546 R 31.219 17 3 1509 149
65640 R 233.0 29 2 809 150
65663 R 143.0 30 1 267 151
65830 R 195.170 18 3 1089 152
65921 R 188.0 30 1 473 153
65946 R 28.0 30 2 438 154
66107 R 31.219 18 3 1337 155
66136 R 233.0 30 2 665 156
66158 R 31.219 19 3 717 157
66176 R 143.0 31 1 139 158
66672 R 195.170 19 3 1197 159
66768 R 188.0 31 1 680 160
66786 R 28.0 31 2 639 161
66955 R 143.0 32 1 279 162
67050 R 233.0 31 2 940 163
67143 R 31.219 20 3 967 164
67237 R 188.0 32 1 509 165
67334 R 195.170 20 3 1123 166
67356 R 28.0 32 2 569 167
67515 R 195.170 21 3 603 168
67545 R 188.0 33 1 177 169
67569 R 28.0 33 2 142 170
67798 R 233.0 32 2 1047 171
67894 R 143.0 33 1 578 172
67919 R 31.219 21 3 1041 173
68084 R 188.0 34 1 76 174
68109 R 195.170 22 3 462 175
68646 R 28.0 34 2 579 176
68924 R 188.0 35 1 276 177
68953 R 195.170 23 3 605 178
68976 R 28.0 35 2 268 179
69214 R 195.170 24 3 163 180
69493 R 143.0 34 1 1536 181
69588 R 143.0 35 1 991 182
69681 R 143.0 36 1 444 183
69771 R 188.0 36 1 483 184
69794 R 28.0 36 2 446 185
70060 R 188.0 37 1 132 186
70152 R 28.0 37 2 165 187
70176 R 195.170 25 3 390 188
70335 R 233.0 33 2 2943 189
70623 R 188.0 38 1 55 190
70643 R 195.170 26 3 155 191
70905 R 31.219 22 3 3294 192
70993 R 233.0 34 2 2961 193
71087 R 143.0 37 1 1210 194
71187 R 233.0 35 2 2516 195
71276 R 31.219 23 3 2899 196
71372 R 233.0 36 2 2061 197
71465 R 188.0 39 1 257 198
71556 R 28.0 38 2 928 199
71650 R 28.0 39 2 384 200
71748 R 143.0 38 1 1231 201
71775 R 31.219 24 3 2696 202
71793 R 233.0 37 2 1841 203
71817 R 31.219 25 3 2002 204
71843 R 143.0 39 1 687 205
71865 R 233.0 38 2 1274 206
72028 R 31.219 26 3 1511 207
72127 R 233.0 39 2 895 208
72148 R 31.219 27 3 897 209
72309 R 188.0 40 1 461 210
72402 R 195.170 27 3 1180 211
72590 R 143.0 40 1 793 212
72616 R 233.0 40 2 745 213
72639 R 31.219 28 3 715 214
72662 R 143.0 41 1 225 215
72686 R 233.0 41 2 175 216
72879 R 31.219 29 3 223 217
73155 R 188.0 41 1 667 218
73439 R 143.0 42 1 362 219
73535 R 233.0 42 2 384 220
73553 R 31.219 30 3 194 221
73719 R 188.0 42 1 591 222
73812 R 28.0 40 2 1905 223
73910 R 195.170 28 3 1954 224
74007 R 28.0 41 2 1460 225
74029 R 195.170 29 3 1338 226
74047 R 188.0 43 1 279 227
74070 R 28.0 42 2 882 228
74101 R 195.170 30 3 708 229
74125 R 28.0 43 2 298 230
74287 R 143.0 43 1 570 231
74383 R 233.0 43 2 592 232
74569 R 188.0 44 1 161 233
74659 R 28.0 44 2 192 234
74688 R 195.170 31 3 560 235
74850 R 143.0 44 1 493 236
74945 R 31.219 31 3 852 237
74964 R 233.0 44 2 533 238
75133 R 188.0 45 1 85 239
75154 R 195.170 32 3 324 240
75410 R 31.219 32 3 614 241
75434 R 143.0 45 1 437 242
75463 R 233.0 45 2 391 243
75692 R 28.0 45 2 584 244
75789 R 188.0 46 1 101 245
75885 R 195.170 33 3 353 246
75976 R 143.0 46 1 339 247
76071 R 233.0 46 2 361 248
76094 R 31.219 33 3 533 249
76260 R 28.0 46 2 513 250
76539 R 188.0 47 1 211 251
76636 R 28.0 47 2 249 252
76662 R 195.170 34 3 395 253
76827 R 143.0 47 1 550 254
76916 R 233.0 47 2 565 255
76942 R 31.219 34 3 647 256
77102 R 188.0 48 1 134 257
77196 R 28.0 48 2 168 258
77219 R 195.170 35 3 249 259
77386 R 143.0 48 1 470 260
77667 R 143.0 49 1 111 261
77766 R 233.0 48 2 774 262
77855 R 31.219 35 3 825 263
77950 R 188.0 49 1 342 264
78045 R 28.0 49 2 377 265
78068 R 195.170 36 3 366 266
78231 R 233.0 49 2 601 267
78254 R 143.0 50 1 58 268
78277 R 31.219 36 3 545 269
78517 R 233.0 50 2 246 270
78796 R 188.0 50 1 548 271
78888 R 28.0 50 2 581 272
78913 R 195.170 37 3 476 273
79360 R 195.170 38 3 220 274
79639 R 31.219 37 3 1173 275
79923 R 195.170 39 3 81 276
80206 R 31.219 38 3 1038 277
80492 R 31.219 39 3 620 278
80773 R 195.170 40 3 197 279
81050 R 31.219 40 3 443 280
81332 R 195.170 41 3 53 281
81895 R 31.219 41 3 586 282
82178 R 195.170 42 3 167 283
82744 R 31.219 42 3 702 284
83029 R 31.219 43 3 285 285
83587 R 31.219 44 3 138 286
83869 R 195.170 43 3 1029 287
84156 R 195.170 44 3 664 288
84433 R 31.219 45 3 252 289
84714 R 195.170 45 3 500 290
85561 R 195.170 46 3 611 291
86130 R 31.219 46 3 1120 292
86409 R 195.170 47 3 789 293
86430 R 195.170 48 3 107 294
86690 R 31.219 47 3 1029 295
86974 R 31.219 48 3 622 296
87251 R 195.170 49 3 194 297
87820 R 195.170 50 3 61 298
88101 R 31.219 49 3 952 299
88665 R 31.219 50 3 865 300
