using saved target 'z1'
../../../../contiki/tools/sky/serialdump-linux -b115200 /dev/ttyUSB4
connecting to /dev/ttyUSB4 (115200) [OK]
Rime started with address 5.0
MAC 05:00:00:00:00:00:00:00 Ref ID: 4841
Contiki-3.x-2125-g5d67a61 started. Node id is set to 5.

************************************************
RTIMER_SECOND = 32768. F_CPU=8000000.
CLOCK_SECOND=128.
DURSLOT = 6015.(0.1835 s).
DURSLEEP = 114285.
DURCYCLE = 120300 .(3.6712 s).
MAX_CLOCK_DRIFT = WAKEUP_ADVANCE_TIME = 327 (0.0033 s).
PERIODIC_BCAST_CYCLES_SENSOR = 196611.
PERIODIC_BCAST_CYCLES_SINK = 196611.
MAX_CYCLE_COUNTER = 27904.
MAX_COUNT_NO_RTS_CTS = 65535.
MAX_CHILD_NUM = 10.
MAX_TRY_TO_FIND_PARENT = 3.

**********Below is Related Settings**********
PRIMAC_CONF_COMPOWER = 1.
PRIMAC_CONF_COMPOWER_SUPPORT = 1.
SF = 18.
PRI_SYNC_SUPPORT = 1.
RANDOM_DRIFT_IN_COOJA_SUPPORT = 0.
ADCSC_SUPPORT = 1.
DATA_TX_SUPPORT = 1.
CYCLES_PER_PACKET = 1.
DATA_INTERVAL = 1.
RETX_LIMIT = 6.
TOTAL_DATA_NUM = 50.
MAX_DATA_QUEUE_BUFS = 10.
PROC_GRADE_BASED_ON_ADDR_SUPPORT = 1.
NODES_NUM_PER_GRADE = 2.
ADDRESS_FREE_SUPPORT = 1.
IS_COOJA_SIM = 0.
CROSS_PLATFORM_SUPPORT = 1.
************************************************

My address is 28.0.
nullmac PRIMAC, channel check rate 8 Hz, radio channel 26
Starting
Hello, world
 P 0 0 0 3148740
 P 0 0 3390 3269040
 P 0 0 6842 3390947
 P 0 0 10232 3509640
 P 0 0 13622 3629940
 P 0 0 17012 3750240
 P 0 0 20402 3870540
EMPTY QUEUE
 P 367 0 23802 3992185
PT [188 0 1 -8 1]
 P 367 0 27192 4111140
PT [188 0 2 -8 1]
 P 367 0 30582 4231440
PT [188 0 3 -8 1]
 P 1820 0 32519 4351740
PT [188 0 4 -8 1]
 P 3058 0 34671 4472040
PT [188 0 5 -8 1]
EMPTY QUEUE
 P 3555 0 38070 4595127
PT [188 0 6 -13 1]
 P 3555 0 41460 4712640
PT [188 0 7 -13 1]
 P 3555 0 44850 4832940
PT [188 0 8 -13 1]
 P 4887 0 44853 4953240
PT [188 0 9 -13 1]
rcv bro rts
 P 6323 0 44893 5073540
PT [188 0 10 -13 1]
EMPTY QUEUE
 P 6850 0 48293 5194801
PT [188 0 11 -16 1]
 P 6850 0 51683 5314140
PT [188 0 12 -16 1]
 P 6850 0 55073 5434440
PT [188 0 13 -16 1]
 P 9027 0 55076 5554740
PT [188 0 14 -16 1]
 P 10357 0 55079 5675040
PT [188 0 15 -16 1]
EMPTY QUEUE
 P 13366 0 55096 5798061
PT [188 0 16 -19 1]
 P 13366 0 58486 5915640
PT [188 0 17 -19 1]
 P 13366 0 61876 6035940
PT [188 0 18 -19 1]
 P 13366 0 65266 6156240
PT [188 0 19 -19 1]
 P 15987 0 65269 6276540
PT [188 0 20 -19 1]
EMPTY QUEUE
 P 18639 0 65287 6398889
PT [188 0 21 -23 1]
 P 21089 0 65295 6517140
PT [188 0 22 -23 1]
 P 23557 0 65298 6637440
PT [188 0 23 -23 1]
 P 23557 0 68688 6757740
PT [188 0 24 -23 1]
 P 23557 0 72078 6878040
PT [188 0 25 -23 1]
EMPTY QUEUE
 P 24052 0 75478 7000549
PT [188 0 26 -26 1]
 P 26235 0 75486 7118640
PT [188 0 27 -26 1]
 P 27952 0 75494 7238940
PT [188 0 28 -26 1]
 P 30457 0 75497 7359240
PT [188 0 29 -26 1]
 P 30457 0 78887 7479540
PT [188 0 30 -26 1]
EMPTY QUEUE
 P 30953 0 82286 7600866
PT [188 0 31 -29 1]
 P 30953 0 85676 7720140
PT [188 0 32 -29 1]
 P 32467 0 85685 7840440
PT [188 0 33 -29 1]
 P 34662 0 85693 7960740
PT [188 0 34 -29 1]
 P 37165 0 85696 8081040
PT [188 0 35 -29 1]
EMPTY QUEUE
 P 37788 0 89096 8203229
PT [188 0 36 -33 1]
 P 37788 0 92486 8321640
PT [188 0 37 -33 1]
 P 37788 0 95876 8441940
PT [188 0 38 -33 1]
 P 38634 0 95885 8562240
PT [188 0 39 -33 1]
 P 39938 0 95893 8682540
PT [188 0 40 -33 1]
 P 42439 0 95896 8802840
PT [188 0 41 -33 1]
EMPTY QUEUE
 P 42998 0 99296 8925061
PT [188 0 42 -37 1]
 P 42998 0 102686 9043440
PT [188 0 43 -37 1]
 P 42998 0 106076 9163740
PT [188 0 44 -37 1]
 P 45754 0 106085 9284040
PT [188 0 45 -37 1]
 P 46929 0 106094 9404340
PT [188 0 46 -37 1]
 P 49428 0 106097 9524640
PT [188 0 47 -37 1]
EMPTY QUEUE
 P 50019 0 109498 9647886
PT [188 0 48 -41 1]
 P 50019 0 112888 9765240
PT [188 0 49 -41 1]
 P 50019 0 116278 9885540
PT [188 0 50 -41 1]
 P 51724 0 116287 10005840
PT [188 0 51 -41 1]
 P 53059 0 116295 10126140
PT [188 0 52 -41 1]
 P 55556 0 116298 10246440
PT [188 0 53 -41 1]
EMPTY QUEUE
 P 55625 0 122260 10371054
PT [188 0 54 -41 1]
EMPTY QUEUE
 P 56249 0 125659 10489185
PT [188 0 55 -46 1]
 P 56249 0 129049 10607340
PT [188 0 56 -46 1]
 P 58178 0 129058 10727640
PT [188 0 57 -46 1]
 P 59132 0 129066 10847940
PT [188 0 58 -46 1]
 P 61627 0 129069 10968240
PT [188 0 59 -46 1]
EMPTY QUEUE
 P 62154 0 132469 11089661
PT [188 0 60 -49 1]
 P 62154 0 135859 11208840
PT [188 0 61 -49 1]
 P 62154 0 139249 11329140
PT [188 0 62 -49 1]
 P 64337 0 139257 11449440
PT [188 0 63 -49 1]
 P 66213 0 139265 11569740
PT [188 0 64 -49 1]
 P 68706 0 139268 11690040
PT [188 0 65 -49 1]
EMPTY QUEUE
 P 69201 0 142668 11811397
PT [188 0 66 -53 1]
 P 69611 0 146064 11933049
PT [188 0 67 -53 1]
 P 70171 72 149466 12053264
PT [188 0 68 -53 1]
 P 75725 288 149528 12172603
PT [188 0 69 -55 1]
 P 79016 360 152150 12295310
PT [188 0 70 -55 1]
 P 81507 360 152153 12411840
PT [188 0 71 -55 1]
 P 81576 360 158115 12536294
PT [188 0 72 -55 1]
 P 82201 360 161514 12654587
PT [188 0 73 -58 1]
 P 84999 504 164958 12773831
PT [188 0 74 -58 1]
 P 90299 720 165019 12895267
PT [188 0 75 -59 1]
 P 94465 792 165077 13015646
PT [188 0 76 -60 1]
 P 99128 936 165125 13133640
PT [188 0 77 -60 1]
 P 100880 936 165144 13256053
PT [188 0 78 -61 1]
 P 105459 1080 165205 13375522
PT [188 0 79 -62 1]
 P 116160 1935 165306 13496256
PT [188 0 80 -62 1]
 P 125589 3360 165390 13614840
PT [188 0 81 -63 1]
 P 128578 3715 165410 13736599
PT [188 0 82 -64 1]
 P 138403 5494 165511 13858084
PT [188 0 83 -64 1]
 P 148540 7270 165615 13977104
PT [188 0 84 -64 1]
 P 159633 8763 165716 14098523
PT [188 0 85 -66 1]
 P 169645 10542 165823 14218216
PT [188 0 86 -66 1]
 P 177093 11680 165905 14338049
PT [188 0 87 -67 1]
 P 184611 13102 165989 14459999
PT [188 0 88 -68 1]
 P 191309 13746 166069 14579595
PT [188 0 89 -68 1]
 P 195266 13962 166107 14697540
PT [188 0 90 -69 1]
 P 197768 14246 168688 14821002
PT [188 0 91 -69 1]
 P 201423 14603 168711 14941071
PT [188 0 92 -71 1]
 P 209548 16092 171340 15060699
PT [188 0 93 -71 1]
 P 219302 17871 171444 15181895
PT [188 0 94 -72 1]
 P 225225 18581 171493 15299040
PT [188 0 95 -72 1]
 P 227846 18581 171496 15419340
PT [188 0 96 -72 1]
 P 230221 18581 171499 15539640
PT [188 0 97 -72 1]
 P 232247 18581 171502 15659940
PT [188 0 98 -72 1]
 P 232316 18663 174894 15781906
PT [188 0 99 -72 1]
 P 234899 18735 174915 15903504
PT [188 0 100 -75 1]
Warning: data sending process fails.
 P 237697 19089 178467 16022203
PT [188 0 101 -77 1]
 P 237697 19089 181857 16141140
PT [188 0 102 -77 1]
 P 237697 19089 185247 16261440
PT [188 0 103 -77 1]
 P 239756 19089 185251 16381740
PT [188 0 104 -77 1]
 P 241653 19089 185259 16502040
PT [188 0 105 -77 1]
EMPTY QUEUE
 P 244821 19089 185277 16623749
PT [188 0 106 -80 1]
 P 244821 19089 188667 16742640
PT [188 0 107 -80 1]
 P 244821 19089 192057 16862940
PT [188 0 108 -80 1]
 P 247447 19089 192060 16983240
PT [188 0 109 -80 1]
 P 249257 19089 192065 17103540
PT [188 0 110 -80 1]
EMPTY QUEUE
 P 250822 19089 192082 17225762
PT [188 0 111 -83 1]
 P 253240 19089 192091 17344140
PT [188 0 112 -83 1]
 P 253240 19089 195481 17464440
PT [188 0 113 -83 1]
 P 253240 19089 198871 17584740
PT [188 0 114 -83 1]
 P 254080 19089 198874 17705040
PT [188 0 115 -83 1]
 P 256495 19089 198877 17825340
PT [188 0 116 -83 1]
EMPTY QUEUE
 P 258474 19089 198895 17948618
PT [188 0 117 -88 1]
 P 259523 19089 198903 18065940
PT [188 0 118 -88 1]
 P 259523 19089 202293 18186240
PT [188 0 119 -88 1]
 P 259523 19089 205683 18306540
PT [188 0 120 -88 1]
 P 260267 19089 205686 18426840
PT [188 0 121 -88 1]
EMPTY QUEUE
 P 260794 19089 209086 18548677
PT [188 0 122 -91 1]
 P 262532 19089 209094 18667440
PT [188 0 123 -91 1]
 P 265078 19089 209102 18787740
PT [188 0 124 -91 1]
 P 265078 19089 212492 18908040
PT [188 0 125 -91 1]
 P 267542 19089 212495 19028340
PT [188 0 126 -91 1]
EMPTY QUEUE
 P 268133 19089 215894 19151361
PT [188 0 127 -94 1]
 P 268133 19089 219284 19268940
PT [188 0 128 -94 1]
 P 270730 19089 219293 19389240
PT [188 0 129 -94 1]
 P 271619 19089 219302 19509540
PT [188 0 130 -94 1]
 P 274047 19089 219306 19629840
PT [188 0 131 -94 1]
EMPTY QUEUE
 P 274607 19089 222705 19752797
PT [188 0 132 -98 1]
 P 274607 19089 226095 19870440
PT [188 0 133 -98 1]
 P 274607 19089 229485 19990740
PT [188 0 134 -98 1]
 P 276822 19089 229493 20111040
PT [188 0 135 -98 1]
 P 277743 19089 229501 20231340
PT [188 0 136 -98 1]
 P 280121 19089 229504 20351640
PT [188 0 137 -98 1]
EMPTY QUEUE
 P 280744 19089 232904 20472965
PT [188 0 138 -102 1]
 P 280744 19089 236294 20592240
PT [188 0 139 -102 1]
 P 280744 19089 239684 20712540
PT [188 0 140 -102 1]
 P 282099 19089 239692 20832840
PT [188 0 141 -102 1]
 P 282893 19089 239700 20953140
PT [188 0 142 -102 1]
 P 285362 19089 239703 21073440
PT [188 0 143 -102 1]
EMPTY QUEUE
 P 285985 19089 243103 21194989
PT [188 0 144 -106 1]
 P 285985 19089 246493 21314040
PT [188 0 145 -106 1]
 P 285985 19089 249883 21434340
PT [188 0 146 -106 1]
 P 288073 19089 249891 21554640
PT [188 0 147 -106 1]
 P 289758 19089 249900 21674940
PT [188 0 148 -106 1]
 P 292226 19089 249903 21795240
PT [188 0 149 -106 1]
EMPTY QUEUE
 P 292850 19089 253303 21918422
PT [188 0 1 0 1]
 P 292850 19089 256693 22035730
PT [188 0 2 0 1]
 P 292850 19089 260083 22156030
PT [188 0 3 0 1]
 P 295653 19089 260091 22276330
PT [188 0 4 0 1]
 P 296843 19089 260099 22396630
PT [188 0 5 0 1]
 P 299419 19089 260102 22516930
PT [188 0 6 0 1]
EMPTY QUEUE
 P 300043 19089 263502 22638544
PT [188 0 7 -4 1]
 P 300043 19089 266892 22757530
PT [188 0 8 -4 1]
 P 300043 19089 270282 22877830
PT [188 0 9 -4 1]
 P 301164 19089 270291 22998130
PT [188 0 10 -4 1]
 P 303566 19089 270294 23118430
PT [188 0 11 -4 1]
EMPTY QUEUE
 P 304157 19089 273695 23239692
PT [188 0 12 -7 1]
 P 304157 19089 277085 23359030
PT [188 0 13 -7 1]
 P 304157 19089 280475 23479330
PT [188 0 14 -7 1]
 P 306022 19089 280483 23599630
PT [188 0 15 -7 1]
 P 307659 19089 280487 23719930
PT [188 0 16 -7 1]
EMPTY QUEUE
 P 310713 19089 280504 23841831
PT [188 0 17 -11 1]
 P 310713 19089 283894 23960530
PT [188 0 18 -11 1]
 P 310713 19089 287284 24080830
PT [188 0 19 -11 1]
 P 310713 19089 290674 24201130
PT [188 0 20 -11 1]
 P 312634 19089 290677 24321430
PT [188 0 21 -11 1]
EMPTY QUEUE
 P 315312 19089 290695 24444164
PT [188 0 22 -14 1]
 P 317029 19089 290703 24562030
PT [188 0 23 -14 1]
 P 317029 19089 294093 24682330
PT [188 0 24 -14 1]
 P 317029 19089 297483 24802630
PT [188 0 25 -14 1]
 P 318153 19089 297487 24922930
PT [188 0 26 -14 1]
EMPTY QUEUE
 P 318648 19089 300886 25044063
PT [188 0 27 -17 1]
 P 320163 19089 300894 25163530
PT [188 0 28 -17 1]
 P 322358 19089 300903 25283830
PT [188 0 29 -17 1]
 P 322358 19089 304293 25404130
PT [188 0 30 -17 1]
 P 325103 19089 304297 25524430
PT [188 0 31 -17 1]
 P 327160 19089 304301 25644730
PT [188 0 32 -17 1]
EMPTY QUEUE
 P 327783 19089 307700 25766983
PT [188 0 33 -21 1]
 P 328629 19089 307708 25885330
PT [188 0 34 -21 1]
 P 329932 19089 307717 26005630
PT [188 0 35 -21 1]
 P 329932 19089 311107 26125930
PT [188 0 36 -21 1]
 P 331433 19089 311110 26246230
PT [188 0 37 -21 1]
 P 333775 19089 311113 26366530
PT [188 0 38 -21 1]
EMPTY QUEUE
 P 334303 19089 314512 26488016
PT [188 0 39 -25 1]
 P 334303 19089 317902 26607130
PT [188 0 40 -25 1]
 P 336753 19089 317910 26727430
PT [188 0 41 -25 1]
 P 336753 19089 321300 26847730
PT [188 0 42 -25 1]
 P 339018 19089 321303 26968030
PT [188 0 43 -25 1]
 P 341391 19089 321306 27088330
PT [188 0 44 -25 1]
EMPTY QUEUE
 P 341887 19089 324705 27210232
PT [188 0 45 -30 1]
 P 344070 19089 324714 27328930
PT [188 0 46 -30 1]
 P 345788 19089 324723 27449230
PT [188 0 47 -30 1]
 P 345788 19089 328113 27569530
PT [188 0 48 -30 1]
 P 347414 19089 328116 27689830
PT [188 0 49 -30 1]
 P 348575 19089 328119 27810130
PT [188 0 50 -30 1]
EMPTY QUEUE
 P 349199 19089 331518 27932128
PT [188 0 51 -34 1]
 P 350715 19089 331526 28050730
PT [188 0 52 -34 1]
 P 352910 19089 331534 28171030
PT [188 0 53 -34 1]
 P 352910 19089 334924 28291330
PT [188 0 54 -34 1]
 P 354661 19089 334927 28411630
PT [188 0 55 -34 1]
 P 356871 19089 334930 28531930
PT [188 0 56 -34 1]
EMPTY QUEUE
 P 357495 19089 338329 28654279
PT [188 0 57 -38 1]
 P 358340 19089 338338 28772530
PT [188 0 58 -38 1]
 P 359643 19089 338347 28892830
PT [188 0 59 -38 1]
 P 359643 19089 341737 29013130
PT [188 0 60 -38 1]
 P 361711 19089 341740 29133430
PT [188 0 61 -38 1]
 P 363377 19089 341743 29253730
PT [188 0 62 -38 1]
EMPTY QUEUE
 P 363904 19089 345143 29376207
PT [188 0 63 -42 1]
 P 366661 19089 345151 29494330
PT [188 0 64 -42 1]
 P 367837 19089 345159 29614630
PT [188 0 65 -42 1]
 P 367837 19089 348549 29734930
PT [188 0 66 -42 1]
 P 369075 19089 348553 29855230
PT [188 0 67 -42 1]
 P 371440 19089 348556 29975530
PT [188 0 68 -42 1]
EMPTY QUEUE
 P 371935 19089 351956 30097559
PT [188 0 69 -46 1]
 P 373640 19089 351965 30216130
PT [188 0 70 -46 1]
 P 374975 19089 351973 30336430
PT [188 0 71 -46 1]
 P 374975 19089 355363 30456730
PT [188 0 72 -46 1]
 P 377199 19089 355366 30577030
PT [188 0 73 -46 1]
EMPTY QUEUE
 P 377758 19089 358766 30699603
PT [188 0 74 -49 1]
 P 377758 19089 362156 30817630
PT [188 0 75 -49 1]
 P 379686 19089 362165 30937930
PT [188 0 76 -49 1]
 P 380639 19089 362173 31058230
PT [188 0 77 -49 1]
 P 383245 19089 362176 31178530
PT [188 0 78 -49 1]
EMPTY QUEUE
 P 383869 19089 365575 31299984
PT [188 0 79 -52 1]
 P 383869 19089 368965 31419130
PT [188 0 80 -52 1]
 P 383869 19089 372355 31539430
PT [188 0 81 -52 1]
 P 386052 19089 372363 31659730
PT [188 0 82 -52 1]
 P 387929 19089 372372 31780030
PT [188 0 83 -52 1]
 P 390480 19089 372375 31900330
PT [188 0 84 -52 1]
EMPTY QUEUE
 P 391072 19089 375774 32022488
PT [188 0 85 -57 1]
 P 391072 19089 379164 32140930
PT [188 0 86 -57 1]
 P 391072 19089 382554 32261230
PT [188 0 87 -57 1]
 P 393765 19089 382562 32381530
PT [188 0 88 -57 1]
 P 394750 19089 382570 32501830
PT [188 0 89 -57 1]
 P 397300 19089 382573 32622130
PT [188 0 90 -57 1]
EMPTY QUEUE
 P 397860 19089 385972 32744352
PT [188 0 91 -61 1]
 P 397860 19089 389362 32862730
PT [188 0 92 -61 1]
 P 397860 19089 392752 32983030
PT [188 0 93 -61 1]
 P 400298 19089 392760 33103330
PT [188 0 94 -61 1]
 P 401633 19089 392768 33223630
PT [188 0 95 -61 1]
 P 404181 19089 392771 33343930
PT [188 0 96 -61 1]
EMPTY QUEUE
 P 404741 19089 396171 33467145
PT [188 0 97 -65 1]
 P 404741 19089 399561 33584530
PT [188 0 98 -65 1]
 P 404741 19089 402951 33704830
PT [188 0 99 -65 1]
 P 405810 19089 402959 33825130
PT [188 0 100 -65 1]
 P 407528 19089 402968 33945430
PT [188 0 101 -65 1]
 P 410074 19089 402971 34065730
PT [188 0 102 -65 1]
EMPTY QUEUE
 P 410633 19089 406371 34188271
PT [188 0 103 -69 1]
 P 410633 19089 409761 34306330
PT [188 0 104 -69 1]
 P 410633 19089 413151 34426630
PT [188 0 105 -69 1]
 P 413198 19089 413159 34546930
PT [188 0 106 -69 1]
 P 415570 19089 413162 34667230
PT [188 0 107 -69 1]
 P 417254 19089 413165 34787530
PT [188 0 108 -69 1]
EMPTY QUEUE
 P 420190 19089 413183 34909239
PT [188 0 109 -73 1]
 P 420190 19089 416573 35028130
PT [188 0 110 -73 1]
 P 420190 19089 419963 35148430
PT [188 0 111 -73 1]
 P 420190 19089 423353 35268730
PT [188 0 112 -73 1]
 P 422084 19089 423356 35389030
PT [188 0 113 -73 1]
 P 423257 19089 423359 35509330
PT [188 0 114 -73 1]
EMPTY QUEUE
 P 426266 19089 423377 35632287
PT [188 0 115 -77 1]
 P 426266 19089 426767 35749930
PT [188 0 116 -77 1]
 P 426266 19089 430157 35870230
PT [188 0 117 -77 1]
 P 426266 19089 433547 35990530
PT [188 0 118 -77 1]
 P 428984 19089 433550 36110830
PT [188 0 119 -77 1]
 P 431014 19089 433554 36231130
PT [188 0 120 -77 1]
EMPTY QUEUE
 P 434087 19089 433572 36352807
PT [188 0 121 -81 1]
 P 434087 19089 436962 36471730
PT [188 0 122 -81 1]
 P 434087 19089 440352 36592030
PT [188 0 123 -81 1]
 P 434087 19089 443742 36712330
PT [188 0 124 -81 1]
 P 435562 19089 443745 36832630
PT [188 0 125 -81 1]
EMPTY QUEUE
 P 438306 19089 443763 36954436
PT [188 0 126 -84 1]
 P 440024 19089 443772 37073230
PT [188 0 127 -84 1]
 P 440024 19089 447162 37193530
PT [188 0 128 -84 1]
 P 440024 19089 450552 37313830
PT [188 0 129 -84 1]
 P 442264 19089 450556 37434130
PT [188 0 130 -84 1]
EMPTY QUEUE
 P 442856 19089 453955 37555647
PT [188 0 131 -88 1]
 P 444312 19089 453964 37674730
PT [188 0 132 -88 1]
 P 446762 19089 453972 37795030
PT [188 0 133 -88 1]
 P 446762 19089 457362 37915330
PT [188 0 134 -88 1]
 P 448998 19089 457365 38035630
PT [188 0 135 -88 1]
 P 451342 19089 457368 38155930
PT [188 0 136 -88 1]
EMPTY QUEUE
 P 451869 19089 460768 38278951
PT [188 0 137 -92 1]
 P 454053 19089 460777 38396530
PT [188 0 138 -92 1]
 P 455772 19089 460786 38516830
PT [188 0 139 -92 1]
 P 455772 19089 464176 38637130
PT [188 0 140 -92 1]
 P 457370 19089 464179 38757430
PT [188 0 141 -92 1]
EMPTY QUEUE
 P 457929 19089 467579 38879683
PT [188 0 142 -95 1]
 P 457929 19089 470969 38998030
PT [188 0 143 -95 1]
 P 459443 19089 470978 39118330
PT [188 0 144 -95 1]
 P 461638 19089 470986 39238630
PT [188 0 145 -95 1]
 P 462694 19089 470990 39358930
PT [188 0 146 -95 1]
EMPTY QUEUE
 P 463110 19089 474386 39481645
PT [188 0 147 -95 1]
EMPTY QUEUE
 P 463733 19089 477787 39601676
PT [188 0 148 -99 1]
 P 463733 19089 481177 39719830
PT [188 0 149 -99 1]
 P 464579 19089 481186 39840130
PT [188 0 150 -99 1]
 P 465825 19089 481194 39960430
PT [188 0 151 -99 1]
 P 468256 19089 481202 40080730
PT [188 0 152 -99 1]
 P 470768 19089 481205 40201030
PT [188 0 153 -99 1]
EMPTY QUEUE
 P 471263 19089 484605 40324019
PT [188 0 154 -103 1]
 P 471263 19089 487995 40441630
PT [188 0 155 -103 1]
 P 471263 19089 491385 40561930
PT [188 0 156 -103 1]
 P 473446 19089 491394 40682230
PT [188 0 157 -103 1]
 P 475163 19089 491403 40802530
PT [188 0 158 -103 1]
 P 477691 19089 491406 40922830
PT [188 0 159 -103 1]
EMPTY QUEUE
 P 478187 19089 494806 41045020
PT [188 0 160 -106 1]
 P 478187 19089 498196 41163430
PT [188 0 161 -106 1]
 P 478187 19089 501586 41283730
PT [188 0 162 -106 1]
 P 479701 19089 501595 41404030
PT [188 0 163 -106 1]
 P 481896 19089 501603 41524330
PT [188 0 164 -106 1]
 P 484423 19089 501606 41644630
PT [188 0 165 -106 1]
EMPTY QUEUE
 P 484982 19089 505005 41767491
PT [188 0 1 0 1]
 P 484982 19089 508395 41885119
PT [188 0 2 0 1]
 P 484982 19089 511785 42005419
PT [188 0 3 0 1]
 P 485938 19089 511794 42125719
PT [188 0 4 0 1]
 P 487352 19089 511802 42246019
PT [188 0 5 0 1]
 P 489989 19089 511805 42366319
PT [188 0 6 0 1]
EMPTY QUEUE
 P 490548 19089 515204 42488636
PT [188 0 7 -4 1]
 P 490548 19089 518594 42606919
PT [188 0 8 -4 1]
 P 490548 19089 521984 42727219
PT [188 0 9 -4 1]
 P 493295 19089 521992 42847519
PT [188 0 10 -4 1]
 P 495756 19089 521995 42967819
PT [188 0 11 -4 1]
 P 497529 19089 521998 43088119
PT [188 0 12 -4 1]
EMPTY QUEUE
 P 498152 19089 525397 43210180
PT [188 0 13 -8 1]
 P 498152 19089 528787 43328719
PT [188 0 14 -8 1]
 P 499349 19089 528795 43449019
PT [188 0 15 -8 1]
 P 501036 19089 528803 43569319
PT [188 0 16 -8 1]
 P 503018 19089 528806 43689619
PT [188 0 17 -8 1]
EMPTY QUEUE
 P 503577 19089 532206 43811200
PT [188 0 18 -12 1]
 P 503577 19089 535596 43930219
PT [188 0 19 -12 1]
 P 503577 19089 538986 44050519
PT [188 0 20 -12 1]
 P 504931 19089 538994 44170819
PT [188 0 21 -12 1]
 P 506118 19089 538997 44291119
PT [188 0 22 -12 1]
EMPTY QUEUE
 P 509170 19089 539015 44413244
PT [188 0 23 -15 1]
 P 509170 19089 542405 44531719
PT [188 0 24 -15 1]
 P 509170 19089 545795 44652019
PT [188 0 25 -15 1]
 P 509170 19089 549185 44772319
PT [188 0 26 -15 1]
 P 511977 19089 549188 44892619
PT [188 0 27 -15 1]
EMPTY QUEUE
 P 512506 19089 552587 45015578
PT [188 0 28 -17 1]
 P 514956 19089 552595 45133219
PT [188 0 29 -17 1]
 P 517546 19089 552598 45253519
PT [188 0 30 -17 1]
 P 517546 19089 555988 45373819
PT [188 0 31 -17 1]
 P 517546 19089 559378 45494119
PT [188 0 32 -17 1]
EMPTY QUEUE
 P 517615 19089 565340 45619117
PT [188 0 33 -17 1]
EMPTY QUEUE
 P 520359 19089 565358 45737474
PT [188 0 34 -23 1]
 P 522076 19089 565367 45855019
PT [188 0 35 -23 1]
 P 524703 19089 565370 45975319
PT [188 0 36 -23 1]
 P 524703 19089 568760 46095619
PT [188 0 37 -23 1]
 P 524703 19089 572150 46215919
PT [188 0 38 -23 1]
EMPTY QUEUE
 P 525230 19089 575550 46337340
PT [188 0 39 -26 1]
 P 526746 19089 575558 46456519
PT [188 0 40 -26 1]
 P 528942 19089 575567 46576819
PT [188 0 41 -26 1]
 P 531567 19089 575570 46697119
PT [188 0 42 -26 1]
 P 531567 19089 578960 46817419
PT [188 0 43 -26 1]
EMPTY QUEUE
 P 532062 19089 582359 46938776
PT [188 0 44 -29 1]
 P 532062 19089 585749 47058019
PT [188 0 45 -29 1]
 P 532908 19089 585757 47178319
PT [188 0 46 -29 1]
 P 534211 19089 585766 47298619
PT [188 0 47 -29 1]
 P 536834 19089 585769 47418919
PT [188 0 48 -29 1]
EMPTY QUEUE
 P 537393 19089 589169 47540692
PT [188 0 49 -33 1]
 P 537393 19089 592559 47659519
PT [188 0 50 -33 1]
 P 537393 19089 595949 47779819
PT [188 0 51 -33 1]
 P 540150 19089 595957 47900119
PT [188 0 52 -33 1]
 P 541326 19089 595965 48020419
PT [188 0 53 -33 1]
 P 543947 19089 595968 48140719
PT [188 0 54 -33 1]
EMPTY QUEUE
 P 544570 19089 599368 48262780
PT [188 0 55 -37 1]
 P 544570 19089 602758 48381319
PT [188 0 56 -37 1]
 P 544570 19089 606148 48501619
PT [188 0 57 -37 1]
 P 546275 19089 606157 48621919
PT [188 0 58 -37 1]
 P 547610 19089 606165 48742219
PT [188 0 59 -37 1]
 P 550229 19089 606168 48862519
PT [188 0 60 -37 1]
EMPTY QUEUE
 P 550788 19089 609568 48984100
PT [188 0 61 -41 1]
 P 550788 19089 612958 49103119
PT [188 0 62 -41 1]
 P 550788 19089 616348 49223419
PT [188 0 63 -41 1]
 P 552716 19089 616357 49343719
PT [188 0 64 -41 1]
 P 555161 19089 616360 49464019
PT [188 0 65 -41 1]
 P 556918 19089 616363 49584319
PT [188 0 66 -41 1]
EMPTY QUEUE
 P 559952 19089 616381 49706444
PT [188 0 67 -45 1]
 P 559952 19089 619771 49824919
PT [188 0 68 -45 1]
 P 559952 19089 623161 49945219
PT [188 0 69 -45 1]
 P 559952 19089 626551 50065519
PT [188 0 70 -45 1]
 P 561917 19089 626554 50185819
PT [188 0 71 -45 1]
 P 563162 19089 626557 50306119
PT [188 0 72 -45 1]
EMPTY QUEUE
 P 566171 19089 626576 50427860
PT [188 0 73 -49 1]
 P 566171 19089 629966 50546719
PT [188 0 74 -49 1]
 P 566171 19089 633356 50667019
PT [188 0 75 -49 1]
 P 566171 19089 636746 50787319
PT [188 0 76 -49 1]
 P 568963 19089 636749 50907619
PT [188 0 77 -49 1]
 P 571066 19089 636752 51027919
PT [188 0 78 -49 1]
EMPTY QUEUE
 P 574140 19089 636771 51150940
PT [188 0 79 -53 1]
 P 574140 19089 640161 51268519
PT [188 0 80 -53 1]
 P 574140 19089 643551 51388819
PT [188 0 81 -53 1]
 P 574140 19089 646941 51509119
PT [188 0 82 -53 1]
 P 575688 19089 646944 51629419
PT [188 0 83 -53 1]
EMPTY QUEUE
 P 578366 19089 646961 51750968
PT [188 0 84 -56 1]
 P 580083 19089 646969 51870019
PT [188 0 85 -56 1]
 P 580083 19089 650359 51990319
PT [188 0 86 -56 1]
 P 580083 19089 653749 52110619
PT [188 0 87 -56 1]
 P 582395 19089 653753 52230919
PT [188 0 88 -56 1]
EMPTY QUEUE
 P 583020 19089 657152 52352790
PT [188 0 89 -59 1]
 P 584535 19089 657160 52471519
PT [188 0 90 -59 1]
 P 586730 19089 657169 52591819
PT [188 0 91 -59 1]
 P 586730 19089 660559 52712119
PT [188 0 92 -59 1]
 P 589039 19089 660562 52832419
PT [188 0 93 -59 1]
EMPTY QUEUE
 P 589534 19089 663962 52954000
PT [188 0 94 -63 1]
 P 589534 19089 667352 53073019
PT [188 0 95 -63 1]
 P 590380 19089 667360 53193319
PT [188 0 96 -63 1]
 P 591683 19089 667369 53313619
PT [188 0 97 -63 1]
 P 594024 19089 667372 53433919
PT [188 0 98 -63 1]
EMPTY QUEUE
 P 594584 19089 670771 53555277
PT [188 0 99 -66 1]
 P 594584 19089 674161 53674519
PT [188 0 100 -66 1]
 P 594584 19089 677551 53794819
PT [188 0 101 -66 1]
 P 597341 19089 677559 53915119
PT [188 0 102 -66 1]
 P 598517 19089 677567 54035419
PT [188 0 103 -66 1]
 P 601122 19089 677570 54155719
PT [188 0 104 -66 1]
EMPTY QUEUE
 P 601451 19089 680966 54277963
PT [188 0 105 -66 1]
EMPTY QUEUE
 P 601520 19089 686928 54400473
PT [188 0 106 -66 1]
EMPTY QUEUE
 P 602143 19089 690328 54518764
PT [188 0 107 -72 1]
 P 603848 19089 690336 54636919
PT [188 0 108 -72 1]
 P 605182 19089 690344 54757219
PT [188 0 109 -72 1]
 P 607785 19089 690347 54877519
PT [188 0 110 -72 1]
 P 607785 19089 693737 54997819
PT [188 0 111 -72 1]
EMPTY QUEUE
 P 608312 19089 697137 55119240
PT [188 0 112 -75 1]
 P 608312 19089 700527 55238419
PT [188 0 113 -75 1]
 P 610239 19089 700536 55358719
PT [188 0 114 -75 1]
 P 611191 19089 700544 55479019
PT [188 0 115 -75 1]
 P 613793 19089 700547 55599319
PT [188 0 116 -75 1]
EMPTY QUEUE
 P 614321 19089 703946 55720710
PT [188 0 117 -79 1]
 P 614321 19089 707336 55839919
PT [188 0 118 -79 1]
 P 614321 19089 710726 55960219
PT [188 0 119 -79 1]
 P 616503 19089 710736 56080519
PT [188 0 120 -79 1]
 P 618378 19089 710745 56200819
PT [188 0 121 -79 1]
 P 620978 19089 710748 56321119
PT [188 0 122 -79 1]
EMPTY QUEUE
 P 621537 19089 714149 56442894
PT [188 0 123 -83 1]
 P 621537 19089 717539 56561719
PT [188 0 124 -83 1]
 P 621537 19089 720929 56682019
PT [188 0 125 -83 1]
 P 624231 19089 720937 56802319
PT [188 0 126 -83 1]
 P 625217 19089 720945 56922619
PT [188 0 127 -83 1]
 P 627815 19089 720948 57042919
PT [188 0 128 -83 1]
EMPTY QUEUE
 P 628342 19089 724348 57164884
PT [188 0 129 -87 1]
 P 628342 19089 727738 57283519
PT [188 0 130 -87 1]
 P 628342 19089 731128 57403819
PT [188 0 131 -87 1]
 P 630780 19089 731136 57524119
PT [188 0 132 -87 1]
 P 632114 19089 731144 57644419
PT [188 0 133 -87 1]
 P 634710 19089 731147 57764719
PT [188 0 134 -87 1]
EMPTY QUEUE
 P 635207 19089 734546 57886238
PT [188 0 135 -90 1]
 P 635207 19089 737936 58005319
PT [188 0 136 -90 1]
 P 635207 19089 741326 58125619
PT [188 0 137 -90 1]
 P 636275 19089 741335 58245919
PT [188 0 138 -90 1]
 P 637992 19089 741343 58366219
PT [188 0 139 -90 1]
 P 640586 19089 741346 58486519
PT [188 0 140 -90 1]
EMPTY QUEUE
 P 641082 19089 744746 58608517
PT [188 0 141 -95 1]
 P 641082 19089 748136 58727119
PT [188 0 142 -95 1]
 P 641082 19089 751526 58847419
PT [188 0 143 -95 1]
 P 643644 19089 751535 58967719
PT [188 0 144 -95 1]
 P 646094 19089 751543 59088019
PT [188 0 145 -95 1]
 P 648686 19089 751546 59208319
PT [188 0 146 -95 1]
EMPTY QUEUE
 P 648752 19089 754938 59330871
PT [188 0 147 -95 1]
EMPTY QUEUE
 P 649164 19089 758334 59450850
PT [188 0 148 -95 1]
EMPTY QUEUE
 P 649787 19089 761734 59571364
PT [188 0 149 -100 1]
 P 651972 19089 761743 59689519
PT [188 0 150 -100 1]
 P 653691 19089 761752 59809819
PT [188 0 151 -100 1]
 P 656282 19089 761755 59930119
PT [188 0 152 -100 1]
 P 656282 19089 765145 60050419
PT [188 0 153 -100 1]
EMPTY QUEUE
 P 656842 19089 768544 60171872
PT [188 0 154 -104 1]
 P 656842 19089 771934 60291019
PT [188 0 155 -104 1]
 P 658356 19089 771942 60411319
PT [188 0 156 -104 1]
 P 660551 19089 771950 60531619
PT [188 0 157 -104 1]
 P 663140 19089 771953 60651919
PT [188 0 158 -104 1]
EMPTY QUEUE
 P 663764 19089 775353 60773405
PT [188 0 159 -106 1]
 P 663764 19089 778743 60892519
PT [188 0 160 -106 1]
 P 663764 19089 782133 61012819
PT [188 0 161 -106 1]
 P 664609 19089 782141 61133119
PT [188 0 162 -106 1]
 P 665912 19089 782149 61253419
PT [188 0 163 -106 1]
 P 668498 19089 782152 61373719
PT [188 0 164 -106 1]
EMPTY QUEUE
 P 669057 19089 785552 61495492
PT [188 0 0 -2 1]
EMPTY QUEUE
 P 669682 19089 788951 61616402
PT [188 0 1 -3 1]
 P 669682 19089 792341 61734619
PT [188 0 2 -3 1]
 P 672439 19089 792350 61854919
PT [188 0 3 -3 1]
 P 673615 19089 792359 61975219
PT [188 0 4 -3 1]
 P 676200 19089 792362 62095519
PT [188 0 5 -3 1]
EMPTY QUEUE
 P 676695 19089 795762 62217612
PT [188 0 6 -6 1]
 P 676695 19089 799152 62336119
PT [188 0 7 -6 1]
 P 676695 19089 802542 62456419
PT [188 0 8 -6 1]
 P 678401 19089 802550 62576719
PT [188 0 9 -6 1]
 P 679737 19089 802558 62697019
PT [188 0 10 -6 1]
 P 682320 19089 802561 62817319
PT [188 0 11 -6 1]
EMPTY QUEUE
 P 682815 19089 805961 62939124
PT [188 0 12 -10 1]
 P 682815 19089 809351 63057919
PT [188 0 13 -10 1]
 P 682815 19089 812741 63178219
PT [188 0 14 -10 1]
 P 684743 19089 812749 63298519
PT [188 0 15 -10 1]
 P 685637 19089 812758 63418819
PT [188 0 16 -10 1]
EMPTY QUEUE
 P 688626 19089 812775 63541873
PT [188 0 17 -14 1]
 P 691188 19089 812778 63659419
PT [188 0 18 -14 1]
 P 691188 19089 816168 63779719
PT [188 0 19 -14 1]
 P 691188 19089 819558 63900019
PT [188 0 20 -14 1]
 P 691188 19089 822948 64020319
PT [188 0 21 -14 1]
EMPTY QUEUE
 P 693930 19089 822966 64141772
PT [188 0 22 -17 1]
 P 695647 19089 822974 64260919
PT [188 0 23 -17 1]
 P 698226 19089 822977 64381219
PT [188 0 24 -17 1]
 P 698226 19089 826367 64501519
PT [188 0 25 -17 1]
 P 698226 19089 829757 64621819
PT [188 0 26 -17 1]
EMPTY QUEUE
 P 698721 19089 833156 64743144
PT [188 0 27 -20 1]
 P 700232 19089 833164 64862419
PT [188 0 28 -20 1]
 P 702681 19089 833173 64982719
PT [188 0 29 -20 1]
 P 705258 19089 833176 65103019
PT [188 0 30 -20 1]
 P 705258 19089 836566 65223319
PT [188 0 31 -20 1]
EMPTY QUEUE
 P 705818 19089 839965 65346372
PT [188 0 32 -24 1]
 P 705818 19089 843355 65463919
PT [188 0 33 -24 1]
 P 708002 19089 843363 65584219
PT [188 0 34 -24 1]
 P 709720 19089 843371 65704519
PT [188 0 35 -24 1]
 P 712295 19089 843374 65824819
PT [188 0 36 -24 1]
EMPTY QUEUE
 P 712918 19089 846774 65947136
PT [188 0 37 -27 1]
 P 712918 19089 850164 66065419
PT [188 0 38 -27 1]
 P 712918 19089 853554 66185719
PT [188 0 39 -27 1]
 P 714432 19089 853562 66306019
PT [188 0 40 -27 1]
 P 716626 19089 853571 66426319
PT [188 0 41 -27 1]
 P 719200 19089 853575 66546619
PT [188 0 42 -27 1]
EMPTY QUEUE
 P 719759 19089 856975 66669480
PT [188 0 43 -31 1]
 P 719759 19089 860365 66787219
PT [188 0 44 -31 1]
 P 719759 19089 863755 66907519
PT [188 0 45 -31 1]
 P 720605 19089 863763 67027819
PT [188 0 46 -31 1]
 P 721909 19089 863771 67148119
PT [188 0 47 -31 1]
 P 724481 19089 863774 67268419
PT [188 0 48 -31 1]
EMPTY QUEUE
 P 725008 19089 867174 67390704
PT [188 0 49 -35 1]
 P 725008 19089 870564 67509019
PT [188 0 50 -35 1]
 P 725008 19089 873954 67629319
PT [188 0 51 -35 1]
 P 727765 19089 873962 67749619
PT [188 0 52 -35 1]
 P 728941 19089 873971 67869919
PT [188 0 53 -35 1]
 P 731512 19089 873974 67990219
PT [188 0 54 -35 1]
EMPTY QUEUE
 P 732007 19089 877374 68112312
PT [188 0 55 -39 1]
 P 732007 19089 880764 68230819
PT [188 0 56 -39 1]
 P 732007 19089 884154 68351119
PT [188 0 57 -39 1]
 P 733713 19089 884162 68471419
PT [188 0 58 -39 1]
 P 735048 19089 884171 68591719
PT [188 0 59 -39 1]
 P 737616 19089 884174 68712019
PT [188 0 60 -39 1]
EMPTY QUEUE
 P 738111 19089 887574 68833824
PT [188 0 61 -43 1]
 P 738111 19089 890964 68952619
PT [188 0 62 -43 1]
 P 738111 19089 894354 69072919
PT [188 0 63 -43 1]
 P 740039 19089 894362 69193219
PT [188 0 64 -43 1]
 P 742433 19089 894365 69313519
PT [188 0 65 -43 1]
 P 744139 19089 894368 69433819
PT [188 0 66 -43 1]
EMPTY QUEUE
 P 747107 19089 894385 69556808
PT [188 0 67 -47 1]
 P 747107 19089 897775 69674419
PT [188 0 68 -47 1]
 P 747107 19089 901165 69794719
PT [188 0 69 -47 1]
 P 747107 19089 904555 69915019
PT [188 0 70 -47 1]
 P 749021 19089 904558 70035319
PT [188 0 71 -47 1]
 P 750215 19089 904561 70155619
PT [188 0 72 -47 1]
EMPTY QUEUE
 P 753256 19089 904578 70278576
PT [188 0 73 -51 1]
 P 753256 19089 907968 70396219
PT [188 0 74 -51 1]
 P 753256 19089 911358 70516519
PT [188 0 75 -51 1]
 P 753256 19089 914748 70636819
PT [188 0 76 -51 1]
 P 755996 19089 914751 70757119
PT [188 0 77 -51 1]
 P 758048 19089 914754 70877419
PT [188 0 78 -51 1]
EMPTY QUEUE
 P 761026 19089 914771 70999737
PT [188 0 79 -55 1]
 P 761026 19089 918161 71118019
PT [188 0 80 -55 1]
 P 761026 19089 921551 71238319
PT [188 0 81 -55 1]
 P 761026 19089 924941 71358619
PT [188 0 82 -55 1]
 P 762522 19089 924944 71478919
PT [188 0 83 -55 1]
EMPTY QUEUE
 P 765264 19089 924962 71600180
PT [188 0 84 -59 1]
 P 766982 19089 924971 71719519
PT [188 0 85 -59 1]
 P 769503 19089 924974 71839819
PT [188 0 86 -59 1]
 P 769503 19089 928364 71960119
PT [188 0 87 -59 1]
 P 769503 19089 931754 72080419
PT [188 0 88 -59 1]
EMPTY QUEUE
 P 770062 19089 935154 72202128
PT [188 0 89 -62 1]
 P 771576 19089 935162 72321019
PT [188 0 90 -62 1]
 P 773771 19089 935170 72441319
PT [188 0 91 -62 1]
 P 776330 19089 935173 72561619
PT [188 0 92 -62 1]
 P 776330 19089 938563 72681919
PT [188 0 93 -62 1]
EMPTY QUEUE
 P 776954 19089 941962 72804685
PT [188 0 94 -66 1]
 P 776954 19089 945352 72922519
PT [188 0 95 -66 1]
 P 777799 19089 945360 73042819
PT [188 0 96 -66 1]
 P 779102 19089 945368 73163119
PT [188 0 97 -66 1]
 P 781658 19089 945371 73283419
PT [188 0 98 -66 1]
EMPTY QUEUE
 P 781727 19089 951333 73407521
PT [188 0 99 -66 1]
EMPTY QUEUE
 P 782287 19089 954732 73526101
PT [188 0 100 -70 1]
 P 782287 19089 958122 73644319
PT [188 0 101 -70 1]
 P 785043 19089 958130 73764619
PT [188 0 102 -70 1]
 P 786218 19089 958139 73884919
PT [188 0 103 -70 1]
 P 788772 19089 958142 74005219
PT [188 0 104 -70 1]
EMPTY QUEUE
 P 789299 19089 961542 74126640
PT [188 0 105 -73 1]
 P 789299 19089 964932 74245819
PT [188 0 106 -73 1]
 P 789299 19089 968322 74366119
PT [188 0 107 -73 1]
 P 791004 19089 968330 74486419
PT [188 0 108 -73 1]
 P 792280 19089 968339 74606719
PT [188 0 109 -73 1]
EMPTY QUEUE
 P 795236 19089 968359 74729741
PT [188 0 110 -76 1]
 P 797769 19089 968362 74847319
PT [188 0 111 -76 1]
 P 797769 19089 971752 74967619
PT [188 0 112 -76 1]
 P 797769 19089 975142 75087919
PT [188 0 113 -76 1]
 P 797769 19089 978532 75208219
PT [188 0 114 -76 1]
EMPTY QUEUE
 P 799963 19089 978542 75329117
PT [188 0 115 -76 1]
EMPTY QUEUE
 P 802239 19089 978559 75451572
PT [188 0 116 -80 1]
 P 804790 19089 978562 75569119
PT [188 0 117 -80 1]
 P 804790 19089 981952 75689419
PT [188 0 118 -80 1]
 P 804790 19089 985342 75809719
PT [188 0 119 -80 1]
 P 804790 19089 988732 75930019
PT [188 0 120 -80 1]
EMPTY QUEUE
 P 806831 19089 988750 76051440
PT [188 0 121 -84 1]
 P 809026 19089 988759 76170619
PT [188 0 122 -84 1]
 P 811574 19089 988762 76290919
PT [188 0 123 -84 1]
 P 811574 19089 992152 76411219
PT [188 0 124 -84 1]
 P 811574 19089 995542 76531519
PT [188 0 125 -84 1]
EMPTY QUEUE
 P 812069 19089 998942 76652844
PT [188 0 126 -87 1]
 P 812914 19089 998950 76772119
PT [188 0 127 -87 1]
 P 814218 19089 998958 76892419
PT [188 0 128 -87 1]
 P 816764 19089 998961 77012719
PT [188 0 129 -87 1]
 P 816764 19089 1002351 77133019
PT [188 0 130 -87 1]
EMPTY QUEUE
 P 817260 19089 1005750 77255081
PT [188 0 131 -91 1]
 P 817260 19089 1009140 77373619
PT [188 0 132 -91 1]
 P 820017 19089 1009149 77493919
PT [188 0 133 -91 1]
 P 821193 19089 1009158 77614219
PT [188 0 134 -91 1]
 P 823738 19089 1009161 77734519
PT [188 0 135 -91 1]
EMPTY QUEUE
 P 824361 19089 1012561 77856804
PT [188 0 136 -94 1]
 P 824361 19089 1015951 77975119
PT [188 0 137 -94 1]
 P 824361 19089 1019341 78095419
PT [188 0 138 -94 1]
 P 826067 19089 1019349 78215719
PT [188 0 139 -94 1]
 P 827403 19089 1019357 78336019
PT [188 0 140 -94 1]
 P 829946 19089 1019360 78456319
PT [188 0 141 -94 1]
EMPTY QUEUE
 P 830506 19089 1022760 78579533
PT [188 0 142 -98 1]
