using saved target 'z1'
../../../../contiki/tools/sky/serialdump-linux -b115200 /dev/ttyUSB1
connecting to /dev/ttyUSB1 (115200) [OK]
Ò/‘—<º¦•±½Ýis Related Settings**********
PRIMAC_CONF_COMPOWER = 1.
PRIMAC_CONF_COMPOWER_SUPPORT = 1.
SF = 18.
PRI_SYNC_SUPPORT = 1.
RANDOM_DRIFT_IN_COOJA_SUPPORT = 0.
ADCSC_SUPPORT = 1.
DATA_TX_SUPPORT = 1.
START_GRADE = 60.
CYCLES_PER_PACKET = 3.
DATA_INTERVAL = 5.
RETX_LIMIT = 6.
TOTAL_DATA_NUM = 50.
MAX_DATA_QUEUE_BUFS = 10.
PROC_GRADE_BASED_ON_ADDR_SUPPORT = 1.
NODES_NUM_PER_GRADE = 2.
ADDRESS_FREE_SUPPORT = 0.
IS_COOJA_SIM = 0.
CROSS_PLATFORM_SUPPORT = 1.
************************************************

My address is 2.0.
nullmac PRIMAC, channel check rate 8 Hz, radio channel 26
Starting
Hello, world
 P 0 0 0 1387586
 P 0 0 3390 1507886
 P 0 0 6780 1628186
 P 0 0 10232 1749325
 P 0 0 13622 1868786
 P 0 0 17012 1989086
 P 0 0 20402 2109386
 P 0 0 23792 2229686
EMPTY QUEUE
 P 69 0 29754 2354876
EMPTY QUEUE
 P 138 0 35716 2473864
EMPTY QUEUE
 P 2800 0 36788 2591866
PT [1 0 1 -4 2]
 P 3624 0 39354 2710886
PT [1 0 2 -4 2]
 P 3624 0 42744 2831186
PT [1 0 3 -4 2]
 P 3624 0 46134 2951486
PT [1 0 4 -4 2]
 P 3624 0 49524 3071786
PT [1 0 5 -4 2]
EMPTY QUEUE
 P 5972 0 49535 3192716
PT [1 0 6 -4 2]
 P 8021 0 49539 3312386
PT [1 0 7 -4 2]
EMPTY QUEUE
 P 8353 0 52938 3433965
PT [1 0 8 -5 2]
 P 8353 0 56328 3552986
PT [1 0 9 -5 2]
 P 8353 0 59718 3673286
PT [1 0 10 -5 2]
 P 9699 0 59727 3793586
PT [1 0 11 -5 2]
 P 11141 0 59731 3913886
PT [1 0 12 -5 2]
EMPTY QUEUE
 P 11474 0 63130 4035145
PT [1 0 13 -6 2]
 P 11474 0 66520 4154486
PT [1 0 14 -6 2]
 P 11474 0 69910 4274786
PT [1 0 15 -6 2]
 P 11474 0 73300 4395086
PT [1 0 16 -6 2]
 P 12629 0 73304 4515386
PT [1 0 17 -6 2]
EMPTY QUEUE
 P 14916 0 73323 4637862
PT [1 0 18 -6 2]
 P 14916 0 76713 4755986
PT [1 0 19 -6 2]
 P 14916 0 80103 4876286
PT [1 0 20 -6 2]
 P 14916 0 83493 4996586
PT [1 0 21 -6 2]
 P 17001 0 83496 5116886
PT [1 0 22 -6 2]
EMPTY QUEUE
 P 17335 0 86895 5239777
PT [1 0 23 -7 2]
 P 19513 0 86904 5357486
PT [1 0 24 -7 2]
 P 19513 0 90294 5477786
PT [1 0 25 -7 2]
 P 19513 0 93684 5598086
PT [1 0 26 -7 2]
 P 19513 0 97074 5718386
PT [1 0 27 -7 2]
 P 21567 0 97079 5838686
PT [1 0 28 -7 2]
EMPTY QUEUE
 P 21578 0 100471 5960160
PT [1 0 29 -7 2]
EMPTY QUEUE
 P 21911 0 103870 6080565
PT [1 0 30 -8 2]
 P 24217 0 103879 6199586
PT [1 0 31 -8 2]
 P 24217 0 107269 6319886
PT [1 0 32 -8 2]
 P 26977 0 107273 6440186
PT [1 0 33 -8 2]
 P 26977 0 110663 6560486
PT [1 0 34 -8 2]
EMPTY QUEUE
 P 27310 0 114062 6681745
PT [1 0 35 -9 2]
 P 29808 0 114071 6801086
PT [1 0 36 -9 2]
 P 29808 0 117461 6921386
PT [1 0 37 -9 2]
 P 30617 0 117465 7041686
PT [1 0 38 -9 2]
 P 30617 0 120855 7161986
PT [1 0 39 -9 2]
EMPTY QUEUE
 P 30950 0 124254 7284462
PT [1 0 40 -10 2]
 P 30950 0 127644 7402586
PT [1 0 41 -10 2]
 P 33287 0 127653 7522886
PT [1 0 42 -10 2]
 P 33287 0 131043 7643186
PT [1 0 43 -10 2]
 P 34930 0 131047 7763486
PT [1 0 44 -10 2]
EMPTY QUEUE
 P 35262 0 134446 7884617
PT [1 0 45 -11 2]
 P 35262 0 137836 8004086
PT [1 0 46 -11 2]
 P 37023 0 137844 8124386
PT [1 0 47 -11 2]
 P 37023 0 141234 8244686
PT [1 0 48 -11 2]
 P 37867 0 141238 8364986
PT [1 0 49 -11 2]
EMPTY QUEUE
 P 38201 0 144638 8486310
PT [1 0 50 -12 2]
 P 38201 0 148028 8605586
PT [1 0 51 -12 2]
 P 40507 0 148036 8725886
PT [1 0 52 -12 2]
 P 40507 0 151426 8846186
PT [1 0 53 -12 2]
 P 42569 0 151429 8966486
PT [1 0 54 -12 2]
EMPTY QUEUE
 P 42902 0 154828 9087489
PT [1 0 55 -12 2]
 P 42902 0 158218 9207086
PT [1 0 56 -12 2]
 P 45400 0 158226 9327386
PT [1 0 57 -12 2]
 P 45400 0 161616 9447686
PT [1 0 58 -12 2]
 P 48167 0 161620 9567986
PT [1 0 59 -12 2]
EMPTY QUEUE
 P 48501 0 165019 9690206
PT [1 0 60 -13 2]
 P 48501 0 168409 9808586
PT [1 0 61 -13 2]
 P 50678 0 168418 9928886
PT [1 0 62 -13 2]
 P 50678 0 171808 10049186
PT [1 0 63 -13 2]
 P 51590 0 171812 10169486
PT [1 0 64 -13 2]
EMPTY QUEUE
 P 51924 0 175211 10292411
PT [1 0 65 -13 2]
 P 51924 0 178601 10410086
PT [1 0 66 -13 2]
 P 53269 0 178610 10530386
PT [1 0 67 -13 2]
 P 53269 0 182000 10650686
PT [1 0 68 -13 2]
 P 53269 0 185390 10770986
PT [1 0 69 -13 2]
 P 56071 0 185394 10891286
PT [1 0 70 -13 2]
EMPTY QUEUE
 P 56403 0 188793 11012353
PT [1 0 71 -15 2]
 P 56403 0 192183 11131886
PT [1 0 72 -15 2]
 P 59123 0 192192 11252186
PT [1 0 73 -15 2]
 P 59123 0 195582 11372486
PT [1 0 74 -15 2]
 P 61639 0 195585 11492786
PT [1 0 75 -15 2]
EMPTY QUEUE
 P 61973 0 198985 11615582
PT [1 0 76 -16 2]
 P 61973 0 202375 11733386
PT [1 0 77 -16 2]
 P 61973 0 205765 11853686
PT [1 0 78 -16 2]
 P 64227 72 205785 11975891
PT [1 0 79 -16 2]
 P 65720 313 205806 12096893
PT [1 0 80 -16 2]
 P 67341 459 205827 12217387
PT [1 0 81 -16 2]
 P 69663 603 205852 12334886
PT [1 0 82 -16 2]
 P 69731 603 211814 12458860
PT [1 0 83 -16 2]
 P 71801 603 211818 12575486
PT [1 0 84 -16 2]
 P 74088 948 211839 12697211
PT [1 0 85 -17 2]
 P 80070 1852 217877 12820336
PT [1 0 86 -17 2]
 P 81725 1852 217881 12936386
PT [1 0 87 -17 2]
 P 83828 1852 217885 13056686
PT [1 0 88 -17 2]
 P 84683 1852 217889 13176986
PT [1 0 89 -17 2]
 P 85017 1924 221290 13298807
PT [1 0 90 -18 2]
 P 88306 2485 221345 13420419
PT [1 0 91 -18 2]
 P 99209 3862 221433 13537886
PT [1 0 92 -18 2]
 P 101304 4206 221454 13660699
PT [1 0 93 -18 2]
 P 108211 5383 221539 13779719
PT [1 0 94 -18 2]
 P 109722 5455 221554 13898786
PT [1 0 95 -17 2]
 P 109793 5455 224946 14020256
PT [1 0 96 -17 2]
 P 112571 5455 224949 14139386
PT [1 0 97 -17 2]
 P 114858 5799 224971 14261111
PT [1 0 98 -19 2]
 P 125484 7031 230188 14381507
PT [1 0 99 -19 2]
 P 129385 7391 230246 14500286
PT [1 0 100 -19 2]
 P 131671 7735 230267 14622331
PT [1 0 101 -20 2]
 P 141300 9110 233746 14741510
PT [1 0 102 -20 2]
 P 143587 9454 233766 14862611
PT [1 0 103 -20 2]
 P 148442 10071 237190 14982400
PT [1 0 104 -20 2]
 P 152871 10687 239791 15103211
PT [1 0 105 -20 2]
 P 157913 11390 239872 15222086
PT [1 0 106 -20 2]
 P 159592 11735 239892 15343811
PT [1 0 107 -21 2]
 P 163848 12439 239978 15462686
PT [1 0 108 -21 2]
 P 166903 12783 239998 15583930
PT [1 0 109 -21 2]
 P 172507 13887 240073 15703286
PT [1 0 110 -21 2]
 P 175370 14231 240093 15826483
PT [1 0 111 -21 2]
 P 178308 14375 240119 15943886
PT [1 0 112 -21 2]
 P 180083 14719 240139 16065419
PT [1 0 113 -22 2]
 P 185882 15822 246175 16188544
PT [1 0 114 -22 2]
 P 187193 15822 246178 16304786
PT [1 0 115 -22 2]
 P 189064 16167 246198 16426511
PT [1 0 116 -22 2]
 P 198172 17615 246289 16546331
PT [1 0 117 -22 2]
 P 201392 17903 246337 16665686
PT [1 0 118 -22 2]
 P 203152 17903 246341 16785986
PT [1 0 119 -22 2]
 P 204709 17975 246362 16907807
PT [1 0 120 -23 2]
 P 206897 18047 246378 17026586
PT [1 0 121 -23 2]
 P 209184 18391 246399 17148248
PT [1 0 122 -23 2]
 P 221473 19767 246483 17267186
PT [1 0 123 -23 2]
 P 223572 19839 246502 17389007
PT [1 0 124 -23 2]
 P 226525 20329 246544 17510203
PT [1 0 125 -23 2]
 P 237341 21708 246628 17628086
PT [1 0 126 -24 2]
 P 239435 22052 246648 17751251
PT [1 0 127 -24 2]
 P 244054 22540 246699 17870047
PT [1 0 128 -24 2]
 P 255782 23988 246800 17990187
PT [1 0 129 -24 2]
 P 259406 24260 246815 18109286
PT [1 0 130 -24 2]
 P 261917 24604 246835 18231011
PT [1 0 131 -24 2]
 P 267799 25510 246912 18349886
PT [1 0 132 -24 2]
 P 270180 25854 246932 18471131
PT [1 0 133 -25 2]
 P 274690 26614 246985 18592998
PT [1 0 134 -25 2]
 P 278051 27304 247027 18712212
PT [1 0 135 -25 2]
 P 283692 27792 247072 18831086
PT [1 0 136 -25 2]
 P 286225 27792 247076 18951386
PT [1 0 137 -25 2]
 P 288000 28138 247097 19073432
PT [1 0 138 -25 2]
 P 295273 29245 247172 19191986
PT [1 0 139 -26 2]
 P 296855 29590 247192 19313295
PT [1 0 140 -26 2]
 P 301866 30152 247248 19432586
PT [1 0 141 -26 2]
 P 303929 30497 247268 19554120
PT [1 0 142 -26 2]
 P 309208 31189 247313 19673186
PT [1 0 143 -26 2]
 P 312167 31535 247332 19794911
PT [1 0 144 -26 2]
 P 316452 32442 247406 19915051
PT [1 0 145 -27 2]
 P 319359 32860 247447 20035607
PT [1 0 146 -27 2]
 P 321799 32860 247450 20154386
PT [1 0 147 -27 2]
 P 324047 32860 247454 20274686
PT [1 0 148 -27 2]
 P 326071 33133 247464 20395676
PT [1 0 149 -27 2]
 P 333698 33679 255209 20515286
PT [1 0 150 -27 2]
 P 335986 34023 255229 20637012
PT [1 0 151 -28 2]
 P 341996 34928 255305 20757152
PT [1 0 152 -28 2]
 P 343189 34928 255309 20876186
PT [1 0 153 -28 2]
 P 344671 34928 255312 20996486
PT [1 0 154 -28 2]
 P 346351 35273 255331 21117731
PT [1 0 155 -28 2]
 P 349599 35617 255356 21237086
PT [1 0 156 -28 2]
 P 349599 35617 258746 21357386
PT [1 0 157 -28 2]
 P 351619 35891 261327 21482608
PT [1 0 158 -28 2]
 P 354955 36164 263913 21597986
PT [1 0 159 -28 2]
 P 355023 36164 269875 21721864
PT [1 0 160 -28 2]
 P 357818 36164 269879 21838586
PT [1 0 161 -28 2]
 P 359496 36508 269900 21960311
PT [1 0 162 -29 2]
 P 364790 37340 269964 22080930
PT [1 0 163 -28 2]
 P 367458 37340 269968 22199486
PT [1 0 164 -28 2]
 P 369454 37340 269978 22320796
PT [1 0 165 -28 2]
 P 371739 37684 269999 22441511
PT [1 0 166 -30 2]
 P 376853 38028 270026 22560386
PT [1 0 167 -30 2]
 P 377187 38100 273427 22682207
PT [1 0 168 -30 2]
 P 377187 38100 276817 22800986
PT [1 0 169 -30 2]
 P 377187 38100 280207 22921286
PT [1 0 170 -30 2]
 P 377187 38100 283597 23041586
PT [1 0 171 -30 2]
 P 379922 38100 283600 23161886
PT [1 0 172 -30 2]
EMPTY QUEUE
 P 380255 38100 287000 23283371
PT [1 0 173 -31 2]
 P 382558 38100 287009 23402486
PT [1 0 174 -31 2]
 P 382558 38100 290399 23522786
PT [1 0 175 -31 2]
 P 382558 38100 293789 23643086
PT [1 0 176 -31 2]
 P 384974 38100 293793 23763386
PT [1 0 177 -31 2]
EMPTY QUEUE
 P 385307 38100 297192 23884805
PT [1 0 178 -32 2]
 P 387808 38100 297200 24003986
PT [1 0 179 -32 2]
 P 390111 38100 297209 24124286
PT [1 0 180 -32 2]
 P 390111 38100 300599 24244586
PT [1 0 181 -32 2]
 P 391696 38100 300603 24364886
PT [1 0 182 -32 2]
EMPTY QUEUE
 P 392029 38100 304002 24486369
PT [1 0 183 -33 2]
 P 392029 38100 307392 24605486
PT [1 0 184 -33 2]
 P 394524 38100 307401 24725786
PT [1 0 185 -33 2]
 P 394524 38100 310791 24846086
PT [1 0 186 -33 2]
 P 395727 38100 310794 24966386
PT [1 0 187 -33 2]
EMPTY QUEUE
 P 396061 38100 314193 25087805
PT [1 0 188 -33 2]
 P 396061 38100 317583 25206986
PT [1 0 189 -33 2]
 P 398237 38100 317592 25327286
PT [1 0 190 -33 2]
 P 398237 38100 320982 25447586
PT [1 0 191 -33 2]
 P 398237 38100 324372 25567886
PT [1 0 192 -33 2]
 P 399441 38100 324376 25688186
PT [1 0 193 -33 2]
EMPTY QUEUE
 P 399775 38100 327775 25811077
PT [1 0 194 -34 2]
 P 401118 38100 327784 25928786
PT [1 0 195 -34 2]
 P 401118 38100 331174 26049086
PT [1 0 196 -34 2]
 P 401118 38100 334564 26169386
PT [1 0 197 -34 2]
 P 402004 38100 334567 26289686
PT [1 0 198 -34 2]
EMPTY QUEUE
 P 402338 38100 337966 26411489
PT [1 0 199 -35 2]
 P 404386 38100 337975 26530286
PT [1 0 200 -35 2]
 P 404386 38100 341365 26650586
PT [1 0 201 -35 2]
 P 404386 38100 344755 26770886
PT [1 0 202 -35 2]
 P 406489 38100 344759 26891186
PT [1 0 203 -35 2]
 P 407696 38100 344763 27011486
PT [1 0 204 -35 2]
EMPTY QUEUE
 P 408029 38100 348162 27133737
PT [1 0 205 -36 2]
 P 409148 38100 348171 27252086
PT [1 0 206 -36 2]
 P 409148 38100 351561 27372386
PT [1 0 207 -36 2]
 P 409148 38100 354951 27492686
PT [1 0 208 -36 2]
 P 410037 38100 354955 27612986
PT [1 0 209 -36 2]
EMPTY QUEUE
 P 410369 38100 358354 27735173
PT [1 0 210 -37 2]
 P 410369 38100 361744 27853586
PT [1 0 211 -37 2]
 P 411457 38100 361753 27973886
PT [1 0 212 -37 2]
 P 411457 38100 365143 28094186
PT [1 0 213 -37 2]
 P 411457 38100 368533 28214486
PT [1 0 214 -37 2]
EMPTY QUEUE
 P 411790 38100 371933 28336097
PT [1 0 215 -38 2]
 P 413002 38100 371937 28455086
PT [1 0 216 -38 2]
 P 415305 38100 371946 28575386
PT [1 0 217 -38 2]
 P 415305 38100 375336 28695686
PT [1 0 218 -38 2]
 P 415305 38100 378726 28815986
PT [1 0 219 -38 2]
EMPTY QUEUE
 P 415639 38100 382125 28938557
PT [1 0 220 -38 2]
 P 416531 38100 382129 29056586
PT [1 0 221 -38 2]
 P 419026 38100 382137 29176886
PT [1 0 222 -38 2]
 P 419026 38100 385527 29297186
PT [1 0 223 -38 2]
 P 419026 38100 388917 29417486
PT [1 0 224 -38 2]
EMPTY QUEUE
 P 419360 38100 392316 29538457
PT [1 0 225 -39 2]
 P 421470 38100 392319 29658086
PT [1 0 226 -39 2]
 P 423422 38100 392327 29778386
PT [1 0 227 -39 2]
 P 423422 38100 395717 29898686
PT [1 0 228 -39 2]
 P 423422 38100 399107 30018986
PT [1 0 229 -39 2]
EMPTY QUEUE
 P 423493 38100 402499 30141672
PT [1 0 230 -39 2]
EMPTY QUEUE
 P 423827 38100 405898 30260865
PT [1 0 231 -40 2]
 P 426643 38100 405902 30379886
PT [1 0 232 -40 2]
 P 428817 38100 405911 30500186
PT [1 0 233 -40 2]
 P 428817 38100 409301 30620486
PT [1 0 234 -40 2]
 P 428817 38100 412691 30740786
PT [1 0 235 -40 2]
EMPTY QUEUE
 P 429150 38100 416090 30862046
PT [1 0 236 -41 2]
 P 430111 38100 416093 30981386
PT [1 0 237 -41 2]
 P 430111 38100 419483 31101686
PT [1 0 238 -41 2]
 P 431453 38100 419492 31221986
PT [1 0 239 -41 2]
 P 431453 38100 422882 31342286
PT [1 0 240 -41 2]
EMPTY QUEUE
 P 431785 38100 426281 31464761
PT [1 0 241 -42 2]
 P 434312 38100 426285 31582886
PT [1 0 242 -42 2]
 P 434312 38100 429675 31703186
PT [1 0 243 -42 2]
 P 434312 38100 433065 31823486
PT [1 0 244 -42 2]
 P 434312 38100 436455 31943786
PT [1 0 245 -42 2]
EMPTY QUEUE
 P 437099 38100 439036 32067216
PT [1 0 246 -42 2]
EMPTY QUEUE
 P 437170 38100 442428 32185396
PT [1 0 247 -42 2]
 P 438707 38100 442431 32304686
PT [1 0 248 -42 2]
EMPTY QUEUE
 P 439041 38100 445830 32426266
PT [1 0 249 -43 2]
 P 439041 38100 449220 32545286
PT [1 0 250 -43 2]
 P 439041 38100 452610 32665586
PT [1 0 251 -43 2]
 P 440159 38100 452619 32785886
PT [1 0 252 -43 2]
 P 442145 38100 452623 32906186
PT [1 0 253 -43 2]
 P 443683 38100 452627 33026486
PT [1 0 254 -43 2]
EMPTY QUEUE
 P 444016 38100 456026 33147746
PT [1 0 255 -44 2]
 P 444016 38100 459416 33267086
PT [1 0 256 -44 2]
 P 445070 38100 459425 33387386
PT [1 0 257 -44 2]
 P 445070 38100 462815 33507686
PT [1 0 258 -44 2]
 P 445810 38100 462818 33627986
PT [1 0 259 -44 2]
EMPTY QUEUE
 P 446143 38100 466218 33750461
PT [1 0 260 -45 2]
 P 446143 38100 469608 33868586
PT [1 0 261 -45 2]
 P 448674 38100 469617 33988886
PT [1 0 262 -45 2]
 P 448674 38100 473007 34109186
PT [1 0 263 -45 2]
 P 450023 38100 473011 34229486
PT [1 0 264 -45 2]
EMPTY QUEUE
 P 452659 38100 473029 34350969
PT [1 0 265 -45 2]
 P 452659 38100 476419 34470086
PT [1 0 266 -45 2]
 P 452659 38100 479809 34590386
PT [1 0 267 -45 2]
 P 452659 38100 483199 34710686
PT [1 0 268 -45 2]
 P 454970 38100 483202 34830986
PT [1 0 269 -45 2]
EMPTY QUEUE
 P 455303 38100 486601 34952245
PT [1 0 270 -46 2]
 P 457798 38100 486610 35071586
PT [1 0 271 -46 2]
 P 457798 38100 490000 35191886
PT [1 0 272 -46 2]
 P 457798 38100 493390 35312186
PT [1 0 273 -46 2]
 P 458510 38100 493394 35432486
PT [1 0 274 -46 2]
EMPTY QUEUE
 P 458844 38100 496793 35554961
PT [1 0 275 -47 2]
 P 458844 38100 500183 35673086
PT [1 0 276 -47 2]
 P 461179 38100 500192 35793386
PT [1 0 277 -47 2]
 P 461179 38100 503582 35913686
PT [1 0 278 -47 2]
 P 462885 38100 503586 36033986
PT [1 0 279 -47 2]
EMPTY QUEUE
 P 462896 38100 506978 36154788
PT [1 0 280 -47 2]
EMPTY QUEUE
 P 463229 38100 510377 36275865
PT [1 0 281 -48 2]
 P 463229 38100 513767 36394886
PT [1 0 282 -48 2]
 P 464988 38100 513776 36515186
PT [1 0 283 -48 2]
 P 466024 38100 513780 36635486
PT [1 0 284 -48 2]
 P 466024 38100 517170 36755786
PT [1 0 285 -48 2]
EMPTY QUEUE
 P 466357 38100 520569 36877045
PT [1 0 286 -49 2]
 P 466357 38100 523959 36996386
PT [1 0 287 -49 2]
 P 469077 38100 523968 37116686
PT [1 0 288 -49 2]
 P 471361 38100 523972 37236986
PT [1 0 289 -49 2]
 P 471361 38100 527362 37357286
PT [1 0 290 -49 2]
EMPTY QUEUE
 P 471693 38100 530762 37479761
PT [1 0 291 -50 2]
 P 471693 38100 534152 37597886
PT [1 0 292 -50 2]
 P 472812 38100 534161 37718186
PT [1 0 293 -50 2]
 P 474265 38100 534165 37838486
PT [1 0 294 -50 2]
 P 474265 38100 537555 37958786
PT [1 0 295 -50 2]
EMPTY QUEUE
 P 474600 38100 540954 38079920
PT [1 0 296 -50 2]
 P 474600 38100 544344 38199386
PT [1 0 297 -50 2]
 P 475655 38100 544353 38319686
PT [1 0 298 -50 2]
 P 475655 38100 547743 38439986
PT [1 0 299 -50 2]
 P 477462 38100 547747 38560286
PT [1 0 300 -50 2]
EMPTY QUEUE
 P 477795 38100 551146 38681609
PT [1 0 301 -51 2]
 P 477795 38100 554536 38800886
PT [1 0 302 -51 2]
 P 480322 38100 554545 38921186
PT [1 0 303 -51 2]
 P 480322 38100 557935 39041486
PT [1 0 304 -51 2]
 P 482579 38100 557938 39161786
PT [1 0 305 -51 2]
EMPTY QUEUE
 P 482912 38100 561337 39282790
PT [1 0 306 -52 2]
 P 482912 38100 564727 39402386
PT [1 0 307 -52 2]
 P 484351 38100 564735 39522686
PT [1 0 308 -52 2]
 P 484351 38100 568125 39642986
PT [1 0 309 -52 2]
 P 485553 38100 568129 39763286
PT [1 0 310 -52 2]
EMPTY QUEUE
 P 485885 38100 571528 39885505
PT [1 0 311 -53 2]
 P 485885 38100 574918 40003886
PT [1 0 312 -53 2]
 P 485885 38100 578308 40124186
PT [1 0 313 -53 2]
 P 487547 38100 578317 40244486
PT [1 0 314 -53 2]
 P 490126 38100 578321 40364786
PT [1 0 315 -53 2]
EMPTY QUEUE
 P 490459 38100 581720 40487709
PT [1 0 316 -54 2]
 P 490459 38100 585110 40605386
PT [1 0 317 -54 2]
 P 490459 38100 588500 40725686
PT [1 0 318 -54 2]
 P 490459 38100 591890 40845986
PT [1 0 319 -54 2]
 P 493337 38100 591899 40966286
PT [1 0 320 -54 2]
 P 495119 38100 591903 41086586
PT [1 0 321 -54 2]
EMPTY QUEUE
 P 495452 38100 595302 41207653
PT [1 0 322 -54 2]
 P 495452 38100 598692 41327186
PT [1 0 323 -54 2]
 P 495452 38100 602082 41447486
PT [1 0 324 -54 2]
 P 497754 38100 602091 41567786
PT [1 0 325 -54 2]
 P 497754 38100 605481 41688086
PT [1 0 326 -54 2]
 P 498705 38100 605485 41808386
PT [1 0 327 -54 2]
EMPTY QUEUE
 P 499040 38100 608884 41931182
PT [1 0 328 -55 2]
 P 499040 38100 612274 42048986
PT [1 0 329 -55 2]
 P 501533 38100 612283 42169286
PT [1 0 330 -55 2]
 P 501533 38100 615673 42289586
PT [1 0 331 -55 2]
 P 501533 38100 619063 42409886
PT [1 0 332 -55 2]
 P 502837 38100 619067 42530186
PT [1 0 333 -55 2]
EMPTY QUEUE
 P 503170 38100 622466 42652149
PT [1 0 334 -56 2]
 P 505504 38100 622475 42770786
PT [1 0 335 -56 2]
 P 505504 38100 625865 42891086
PT [1 0 336 -56 2]
 P 505504 38100 629255 43011386
PT [1 0 337 -56 2]
 P 505504 38100 632645 43131686
PT [1 0 338 -56 2]
 P 507034 38100 632649 43251986
PT [1 0 339 -56 2]
EMPTY QUEUE
 P 507368 38100 636048 43374654
PT [1 0 340 -57 2]
 P 509414 38100 636057 43492586
PT [1 0 341 -57 2]
 P 509414 38100 639447 43612886
PT [1 0 342 -57 2]
 P 509414 38100 642837 43733186
PT [1 0 343 -57 2]
 P 512163 38100 642840 43853486
PT [1 0 344 -57 2]
EMPTY QUEUE
 P 512234 38100 646232 43976076
PT [1 0 345 -57 2]
EMPTY QUEUE
 P 512567 38100 649631 44095365
PT [1 0 346 -58 2]
 P 514805 38100 649640 44214386
PT [1 0 347 -58 2]
 P 514805 38100 653030 44334686
PT [1 0 348 -58 2]
 P 516882 38100 653035 44454986
PT [1 0 349 -58 2]
 P 516882 38100 656425 44575286
PT [1 0 350 -58 2]
EMPTY QUEUE
 P 517215 38100 659824 44696546
PT [1 0 351 -59 2]
 P 517215 38100 663214 44815886
PT [1 0 352 -59 2]
 P 517215 38100 666604 44936186
PT [1 0 353 -59 2]
 P 518493 38100 666608 45056486
PT [1 0 354 -59 2]
 P 520795 38100 666617 45176786
PT [1 0 355 -59 2]
EMPTY QUEUE
 P 521128 38100 670016 45299262
PT [1 0 356 -60 2]
 P 521128 38100 673406 45417386
PT [1 0 357 -60 2]
 P 521128 38100 676796 45537686
PT [1 0 358 -60 2]
 P 521128 38100 680186 45657986
PT [1 0 359 -60 2]
 P 523016 38100 680190 45778286
PT [1 0 360 -60 2]
 P 524584 38100 680194 45898586
PT [1 0 361 -60 2]
EMPTY QUEUE
 P 527218 38100 680212 46019717
PT [1 0 362 -61 2]
 P 527218 38100 683602 46139186
PT [1 0 363 -61 2]
 P 527218 38100 686992 46259486
PT [1 0 364 -61 2]
 P 527218 38100 690382 46379786
PT [1 0 365 -61 2]
 P 527218 38100 693772 46500086
PT [1 0 366 -61 2]
 P 527988 38100 693776 46620386
PT [1 0 367 -61 2]
EMPTY QUEUE
 P 528320 38100 697177 46742190
PT [1 0 368 -62 2]
 P 530623 38100 697186 46860986
PT [1 0 369 -62 2]
 P 530623 38100 700576 46981286
PT [1 0 370 -62 2]
 P 530623 38100 703966 47101586
PT [1 0 371 -62 2]
 P 532002 38100 703970 47221886
PT [1 0 372 -62 2]
EMPTY QUEUE
 P 532335 38100 707369 47344137
PT [1 0 373 -62 2]
 P 534829 38100 707378 47462486
PT [1 0 374 -62 2]
 P 534829 38100 710768 47582786
PT [1 0 375 -62 2]
 P 534829 38100 714158 47703086
PT [1 0 376 -62 2]
 P 537170 38100 714162 47823386
PT [1 0 377 -62 2]
EMPTY QUEUE
 P 537503 38100 717561 47945573
PT [1 0 378 -63 2]
 P 539677 38100 717570 48063986
PT [1 0 379 -63 2]
 P 539677 38100 720960 48184286
PT [1 0 380 -63 2]
 P 539677 38100 724350 48304586
PT [1 0 381 -63 2]
 P 539677 38100 727740 48424886
PT [1 0 382 -63 2]
 P 542244 38100 727743 48545186
PT [1 0 383 -63 2]
EMPTY QUEUE
 P 542578 38100 731142 48666798
PT [1 0 384 -64 2]
 P 544527 38100 731150 48785786
PT [1 0 385 -64 2]
 P 544527 38100 734540 48906086
PT [1 0 386 -64 2]
 P 544527 38100 737930 49026386
PT [1 0 387 -64 2]
 P 544527 38100 741320 49146686
PT [1 0 388 -64 2]
 P 546679 38100 741324 49266986
PT [1 0 389 -64 2]
EMPTY QUEUE
 P 547012 38100 744723 49389557
PT [1 0 390 -65 2]
 P 549185 38100 744732 49507586
PT [1 0 391 -65 2]
 P 549185 38100 748122 49627886
PT [1 0 392 -65 2]
 P 549185 38100 751512 49748186
PT [1 0 393 -65 2]
 P 550251 38100 751515 49868486
PT [1 0 394 -65 2]
EMPTY QUEUE
 P 550583 38100 754914 49989457
PT [1 0 395 -66 2]
 P 550583 38100 758304 50109086
PT [1 0 396 -66 2]
 P 551923 38100 758313 50229386
PT [1 0 397 -66 2]
 P 551923 38100 761703 50349686
PT [1 0 398 -66 2]
 P 554239 38100 761707 50469986
PT [1 0 399 -66 2]
EMPTY QUEUE
 P 554572 38100 765108 50592942
PT [1 0 400 -67 2]
 P 554572 38100 768498 50710586
PT [1 0 401 -67 2]
 P 554572 38100 771888 50830886
PT [1 0 402 -67 2]
 P 557290 38100 771897 50951186
PT [1 0 403 -67 2]
 P 557290 38100 775287 51071486
PT [1 0 404 -67 2]
 P 558167 38100 775290 51191786
PT [1 0 405 -67 2]
EMPTY QUEUE
 P 558499 38100 778690 51314165
PT [1 0 406 -68 2]
 P 558499 38100 782080 51432386
PT [1 0 407 -68 2]
 P 558499 38100 785470 51552686
PT [1 0 408 -68 2]
 P 558499 38100 788860 51672986
PT [1 0 409 -68 2]
 P 560448 38100 788869 51793286
PT [1 0 410 -68 2]
 P 562830 38100 788873 51913586
PT [1 0 411 -68 2]
EMPTY QUEUE
 P 563162 38100 792273 52034877
PT [1 0 412 -69 2]
 P 563162 38100 795663 52154186
PT [1 0 413 -69 2]
 P 563162 38100 799053 52274486
PT [1 0 414 -69 2]
 P 565559 38100 799062 52394786
PT [1 0 415 -69 2]
 P 565559 38100 802452 52515086
PT [1 0 416 -69 2]
 P 567783 38100 802456 52635386
PT [1 0 417 -69 2]
EMPTY QUEUE
 P 568116 38100 805855 52757125
PT [1 0 418 -69 2]
 P 568116 38100 809245 52875986
PT [1 0 419 -69 2]
 P 568116 38100 812635 52996286
PT [1 0 420 -69 2]
 P 569457 38100 812644 53116586
PT [1 0 421 -69 2]
 P 571394 38100 812648 53236886
PT [1 0 422 -69 2]
EMPTY QUEUE
 P 571727 38100 816047 53358561
PT [1 0 423 -70 2]
 P 571727 38100 819437 53477486
PT [1 0 424 -70 2]
 P 571727 38100 822827 53597786
PT [1 0 425 -70 2]
 P 573772 38100 822836 53718086
PT [1 0 426 -70 2]
 P 574783 38100 822840 53838386
PT [1 0 427 -70 2]
EMPTY QUEUE
 P 575117 38100 826239 53959485
PT [1 0 428 -71 2]
 P 575117 38100 829629 54078986
PT [1 0 429 -71 2]
 P 575117 38100 833019 54199286
PT [1 0 430 -71 2]
 P 577354 38100 833028 54319586
PT [1 0 431 -71 2]
 P 578302 38100 833032 54439886
PT [1 0 432 -71 2]
EMPTY QUEUE
 P 578634 38100 836431 54561945
PT [1 0 433 -72 2]
 P 578634 38100 839821 54680486
PT [1 0 434 -72 2]
 P 578634 38100 843211 54800786
PT [1 0 435 -72 2]
 P 580551 38100 843220 54921086
PT [1 0 436 -72 2]
 P 582973 38100 843223 55041386
PT [1 0 437 -72 2]
EMPTY QUEUE
 P 583305 38100 846623 55163893
PT [1 0 438 -73 2]
 P 583305 38100 850013 55281986
PT [1 0 439 -73 2]
 P 583305 38100 853403 55402286
PT [1 0 440 -73 2]
 P 584389 38100 853412 55522586
PT [1 0 441 -73 2]
 P 584389 38100 856802 55642886
PT [1 0 442 -73 2]
 P 585724 38100 856806 55763186
PT [1 0 443 -73 2]
EMPTY QUEUE
 P 586056 38100 860206 55885629
PT [1 0 444 -74 2]
 P 586056 38100 863596 56003786
PT [1 0 445 -74 2]
 P 587846 38100 863605 56124086
PT [1 0 446 -74 2]
 P 587846 38100 866995 56244386
PT [1 0 447 -74 2]
 P 589407 38100 866998 56364686
PT [1 0 448 -74 2]
EMPTY QUEUE
 P 589740 38100 870397 56486553
PT [1 0 449 -74 2]
 P 589740 38100 873787 56605286
PT [1 0 450 -74 2]
 P 589740 38100 877177 56725586
PT [1 0 451 -74 2]
 P 591625 38100 877186 56845886
PT [1 0 452 -74 2]
 P 592771 38100 877190 56966186
PT [1 0 453 -74 2]
EMPTY QUEUE
 P 593104 38100 880589 57089013
PT [1 0 454 -75 2]
 P 593104 38100 883979 57206786
PT [1 0 455 -75 2]
 P 593104 38100 887369 57327086
PT [1 0 456 -75 2]
 P 593104 38100 890759 57447386
PT [1 0 457 -75 2]
 P 594925 38100 890768 57567686
PT [1 0 458 -75 2]
 P 596553 38100 890772 57687986
PT [1 0 459 -75 2]
EMPTY QUEUE
 P 596764 38100 894167 57809088
PT [1 0 460 -75 2]
EMPTY QUEUE
 P 597097 38100 897566 57929865
PT [1 0 461 -76 2]
 P 597097 38100 900956 58048886
PT [1 0 462 -76 2]
 P 597097 38100 904346 58169186
PT [1 0 463 -76 2]
 P 598342 38100 904355 58289486
PT [1 0 464 -76 2]
 P 600836 38100 904358 58409786
PT [1 0 465 -76 2]
EMPTY QUEUE
 P 601169 38100 907757 58531046
PT [1 0 466 -77 2]
 P 601169 38100 911147 58650386
PT [1 0 467 -77 2]
 P 601169 38100 914537 58770686
PT [1 0 468 -77 2]
 P 601169 38100 917927 58890986
PT [1 0 469 -77 2]
 P 603373 38100 917936 59011286
PT [1 0 470 -77 2]
 P 604556 38100 917940 59131586
PT [1 0 471 -77 2]
EMPTY QUEUE
 P 604891 38100 921339 59254063
PT [1 0 472 -78 2]
 P 604891 38100 924729 59372186
PT [1 0 473 -78 2]
 P 604891 38100 928119 59492486
PT [1 0 474 -78 2]
 P 607544 38100 928127 59612786
PT [1 0 475 -78 2]
 P 608825 38100 928130 59733086
PT [1 0 476 -78 2]
EMPTY QUEUE
 P 609158 38100 931529 59854217
PT [1 0 477 -79 2]
 P 609158 38100 934919 59973686
PT [1 0 478 -79 2]
 P 609158 38100 938309 60093986
PT [1 0 479 -79 2]
 P 611746 38100 938318 60214286
PT [1 0 480 -79 2]
 P 612964 38100 938322 60334586
PT [1 0 481 -79 2]
EMPTY QUEUE
 P 613298 38100 941721 60455909
PT [1 0 482 -79 2]
 P 613298 38100 945111 60575186
PT [1 0 483 -79 2]
 P 613298 38100 948501 60695486
PT [1 0 484 -79 2]
 P 615310 38100 948510 60815786
PT [1 0 485 -79 2]
 P 617839 38100 948513 60936086
PT [1 0 486 -79 2]
EMPTY QUEUE
 P 617850 38100 951905 61056760
PT [1 0 487 -79 2]
EMPTY QUEUE
 P 618183 38100 955304 61177965
PT [1 0 488 -80 2]
 P 618183 38100 958694 61296986
PT [1 0 489 -80 2]
 P 619106 38100 958703 61417286
PT [1 0 490 -80 2]
 P 620067 38100 958707 61537586
PT [1 0 491 -80 2]
 P 620067 38100 962097 61657886
PT [1 0 492 -80 2]
EMPTY QUEUE
 P 620400 38100 965496 61779145
PT [1 0 493 -81 2]
 P 620400 38100 968886 61898486
PT [1 0 494 -81 2]
 P 621772 38100 968895 62018786
PT [1 0 495 -81 2]
 P 622414 38100 968899 62139086
PT [1 0 496 -81 2]
 P 622414 38100 972289 62259386
PT [1 0 497 -81 2]
EMPTY QUEUE
 P 622749 38100 975688 62381862
PT [1 0 498 -82 2]
 P 622749 38100 979078 62499986
PT [1 0 499 -82 2]
 P 624057 38100 979087 62620286
PT [1 0 500 -82 2]
 P 625309 38100 979090 62740586
PT [1 0 501 -82 2]
 P 625309 38100 982480 62860886
PT [1 0 502 -82 2]
EMPTY QUEUE
 P 625641 38100 985879 62982017
PT [1 0 503 -83 2]
 P 625641 38100 989269 63101486
PT [1 0 504 -83 2]
 P 625641 38100 992659 63221786
PT [1 0 505 -83 2]
 P 628421 38100 992668 63342086
PT [1 0 506 -83 2]
 P 629130 38100 992672 63462386
PT [1 0 507 -83 2]
EMPTY QUEUE
 P 629462 38100 996072 63583709
PT [1 0 508 -84 2]
 P 629462 38100 999462 63702986
PT [1 0 509 -84 2]
 P 629462 38100 1002852 63823286
PT [1 0 510 -84 2]
 P 629462 38100 1006242 63943586
PT [1 0 511 -84 2]
 P 631154 38100 1006251 64063886
PT [1 0 512 -84 2]
 P 633753 38100 1006255 64184186
PT [1 0 513 -84 2]
EMPTY QUEUE
 P 634087 38100 1009654 64305190
PT [1 0 514 -85 2]
 P 634087 38100 1013044 64424786
PT [1 0 515 -85 2]
 P 634087 38100 1016434 64545086
PT [1 0 516 -85 2]
 P 634087 38100 1019824 64665386
PT [1 0 517 -85 2]
 P 636227 38100 1019833 64785686
PT [1 0 518 -85 2]
 P 638540 38100 1019837 64905986
PT [1 0 519 -85 2]
EMPTY QUEUE
 P 638873 38100 1023236 65028205
PT [1 0 520 -85 2]
 P 638873 38100 1026626 65146586
PT [1 0 521 -85 2]
 P 638873 38100 1030016 65266886
PT [1 0 522 -85 2]
 P 640949 38100 1030025 65387186
PT [1 0 523 -85 2]
 P 642335 38100 1030029 65507486
PT [1 0 524 -85 2]
EMPTY QUEUE
 P 642668 38100 1033428 65630409
PT [1 0 525 -86 2]
 P 642668 38100 1036818 65748086
PT [1 0 526 -86 2]
 P 642668 38100 1040208 65868386
PT [1 0 527 -86 2]
 P 644168 38100 1040217 65988686
PT [1 0 528 -86 2]
 P 645492 38100 1040221 66108986
PT [1 0 529 -86 2]
EMPTY QUEUE
 P 645826 38100 1043620 66230055
PT [1 0 530 -87 2]
 P 645826 38100 1047010 66349586
PT [1 0 531 -87 2]
 P 645826 38100 1050400 66469886
PT [1 0 532 -87 2]
 P 648286 38100 1050409 66590186
PT [1 0 533 -87 2]
 P 648286 38100 1053799 66710486
PT [1 0 534 -87 2]
 P 649259 38100 1053803 66830786
PT [1 0 535 -87 2]
EMPTY QUEUE
 P 649592 38100 1057202 66953582
PT [1 0 536 -88 2]
 P 649592 38100 1060592 67071386
PT [1 0 537 -88 2]
 P 650451 38100 1060601 67191686
PT [1 0 538 -88 2]
 P 650451 38100 1063991 67311986
PT [1 0 539 -88 2]
 P 652290 38100 1063994 67432286
PT [1 0 540 -88 2]
EMPTY QUEUE
 P 652622 38100 1067394 67554249
PT [1 0 541 -89 2]
 P 652622 38100 1070784 67672886
PT [1 0 542 -89 2]
 P 652622 38100 1074174 67793186
PT [1 0 543 -89 2]
 P 654473 38100 1074183 67913486
PT [1 0 544 -89 2]
 P 657049 38100 1074187 68033786
PT [1 0 545 -89 2]
EMPTY QUEUE
 P 657060 38100 1077579 68156124
PT [1 0 546 -89 2]
EMPTY QUEUE
 P 657392 38100 1080979 68275665
PT [1 0 547 -90 2]
 P 657392 38100 1084369 68394686
PT [1 0 548 -90 2]
 P 657392 38100 1087759 68514986
PT [1 0 549 -90 2]
 P 659948 38100 1087768 68635286
PT [1 0 550 -90 2]
 P 660670 38100 1087772 68755586
PT [1 0 551 -90 2]
EMPTY QUEUE
 P 661003 38100 1091171 68876845
PT [1 0 552 -90 2]
 P 661003 38100 1094561 68996186
PT [1 0 553 -90 2]
 P 661003 38100 1097951 69116486
PT [1 0 554 -90 2]
 P 663695 38100 1097960 69236786
PT [1 0 555 -90 2]
 P 666306 38100 1097964 69357086
PT [1 0 556 -90 2]
EMPTY QUEUE
 P 668883 38100 1097982 69478665
PT [1 0 557 -91 2]
 P 671183 38100 1097991 69597686
PT [1 0 558 -91 2]
 P 671183 38100 1101381 69717986
PT [1 0 559 -91 2]
 P 671183 38100 1104771 69838286
PT [1 0 560 -91 2]
 P 673220 38100 1104774 69958586
PT [1 0 561 -91 2]
EMPTY QUEUE
 P 673553 38100 1108173 70079846
PT [1 0 562 -92 2]
 P 676045 38100 1108182 70199186
PT [1 0 563 -92 2]
 P 676045 38100 1111572 70319486
PT [1 0 564 -92 2]
 P 676045 38100 1114962 70439786
PT [1 0 565 -92 2]
 P 676045 38100 1118352 70560086
PT [1 0 566 -92 2]
 P 676995 38100 1118356 70680386
PT [1 0 567 -92 2]
EMPTY QUEUE
 P 677327 38100 1121757 70802862
PT [1 0 568 -93 2]
 P 679659 38100 1121766 70920986
PT [1 0 569 -93 2]
 P 679659 38100 1125156 71041286
PT [1 0 570 -93 2]
 P 679659 38100 1128546 71161586
PT [1 0 571 -93 2]
 P 681059 38100 1128550 71281886
PT [1 0 572 -93 2]
EMPTY QUEUE
 P 681391 38100 1131950 71403017
PT [1 0 573 -94 2]
 P 681391 38100 1135340 71522486
PT [1 0 574 -94 2]
 P 683146 38100 1135348 71642786
PT [1 0 575 -94 2]
 P 683146 38100 1138738 71763086
PT [1 0 576 -94 2]
 P 684131 38100 1138742 71883386
PT [1 0 577 -94 2]
EMPTY QUEUE
 P 684465 38100 1142141 72004709
PT [1 0 578 -94 2]
 P 684465 38100 1145531 72123986
PT [1 0 579 -94 2]
 P 684465 38100 1148921 72244286
PT [1 0 580 -94 2]
 P 686700 38100 1148929 72364586
PT [1 0 581 -94 2]
 P 688551 38100 1148932 72484886
PT [1 0 582 -94 2]
EMPTY QUEUE
 P 688575 38100 1152324 72605573
PT [1 0 583 -94 2]
EMPTY QUEUE
 P 688908 38100 1155723 72726765
PT [1 0 584 -95 2]
 P 688908 38100 1159113 72845786
PT [1 0 585 -95 2]
 P 688908 38100 1162503 72966086
PT [1 0 586 -95 2]
 P 690823 38100 1162512 73086386
PT [1 0 587 -95 2]
 P 693411 38100 1162516 73206686
PT [1 0 588 -95 2]
EMPTY QUEUE
 P 693482 38100 1165908 73327676
PT [1 0 589 -95 2]
EMPTY QUEUE
 P 693815 38100 1169307 73448565
PT [1 0 590 -96 2]
 P 693815 38100 1172697 73567586
PT [1 0 591 -96 2]
 P 693815 38100 1176087 73687886
PT [1 0 592 -96 2]
 P 694897 38100 1176096 73808186
PT [1 0 593 -96 2]
 P 695887 38100 1176100 73928486
PT [1 0 594 -96 2]
EMPTY QUEUE
 P 696221 38100 1179499 74049746
PT [1 0 595 -97 2]
 P 696221 38100 1182889 74169086
PT [1 0 596 -97 2]
 P 696221 38100 1186279 74289386
PT [1 0 597 -97 2]
 P 698008 38100 1186288 74409686
PT [1 0 598 -97 2]
 P 698680 38100 1186291 74529986
PT [1 0 599 -97 2]
EMPTY QUEUE
 P 699012 38100 1189690 74652461
PT [1 0 600 -98 2]
 P 699012 38100 1193080 74770586
PT [1 0 601 -98 2]
 P 699012 38100 1196470 74890886
PT [1 0 602 -98 2]
 P 700990 38100 1196479 75011186
PT [1 0 603 -98 2]
 P 702879 38100 1196483 75131486
PT [1 0 604 -98 2]
EMPTY QUEUE
 P 703213 38100 1199882 75252617
PT [1 0 605 -99 2]
 P 703213 38100 1203272 75372086
PT [1 0 606 -99 2]
 P 703213 38100 1206662 75492386
PT [1 0 607 -99 2]
 P 704871 38100 1206671 75612686
PT [1 0 608 -99 2]
 P 704871 38100 1210061 75732986
PT [1 0 609 -99 2]
 P 707114 38100 1210064 75853286
PT [1 0 610 -99 2]
EMPTY QUEUE
 P 707447 38100 1213463 75974609
PT [1 0 611 -99 2]
 P 707447 38100 1216853 76093886
PT [1 0 612 -99 2]
 P 710322 38100 1216862 76214186
PT [1 0 613 -99 2]
 P 710322 38100 1220252 76334486
PT [1 0 614 -99 2]
 P 712790 38100 1220256 76454786
PT [1 0 615 -99 2]
EMPTY QUEUE
 P 712858 38100 1226218 76578088
PT [1 0 616 -99 2]
EMPTY QUEUE
 P 713191 38100 1229617 76696665
PT [1 0 617 -100 2]
 P 713191 38100 1233007 76815686
PT [1 0 618 -100 2]
 P 715393 38100 1233016 76935986
PT [1 0 619 -100 2]
 P 717447 38100 1233019 77056286
PT [1 0 620 -100 2]
 P 717447 38100 1236409 77176586
PT [1 0 621 -100 2]
EMPTY QUEUE
 P 717782 38100 1239808 77297846
PT [1 0 622 -100 2]
 P 717782 38100 1243198 77417186
PT [1 0 623 -100 2]
 P 717782 38100 1246588 77537486
PT [1 0 624 -100 2]
 P 720432 38100 1246597 77657786
PT [1 0 625 -100 2]
 P 722967 38100 1246601 77778086
PT [1 0 626 -100 2]
EMPTY QUEUE
 P 723301 38100 1250000 77900563
PT [1 0 627 -102 2]
 P 723301 38100 1253390 78018686
PT [1 0 628 -102 2]
 P 723301 38100 1256780 78138986
PT [1 0 629 -102 2]
 P 725888 38100 1256789 78259286
PT [1 0 630 -102 2]
 P 727241 38100 1256792 78379586
PT [1 0 631 -102 2]
EMPTY QUEUE
 P 727574 38100 1260192 78500717
PT [1 0 632 -103 2]
