using saved target 'z1'
../../../../contiki/tools/sky/serialdump-linux -b115200 /dev/ttyUSB1
connecting to /dev/ttyUSB1 (115200) [OK]
Rime started with address 2.0
MAC 02:00:00:00:00:00:00:00 Ref ID: 4841
Contiki-3.x-2125-g5d67a61 started. Node id is set to 2.

************************************************
RTIMER_SECOND = 32768. F_CPU=8000000.
CLOCK_SECOND=128.
DURSLOT = 6015.(0.1835 s).
DURSLEEP = 66165.
DURCYCLE = 72180 .(2.2027 s).
MAX_CLOCK_DRIFT = WAKEUP_ADVANCE_TIME = 327 (0.0033 s).
PERIODIC_BCAST_CYCLES_SENSOR = 983043.
PERIODIC_BCAST_CYCLES_SINK = 983043.
MAX_CYCLE_COUNTER = 27904.
MAX_COUNT_NO_RTS_CTS = 65535.
MAX_CHILD_NUM = 10.
MAX_TRY_TO_FIND_PARENT = 3.

**********Below is Related Settings**********
PRIMAC_CONF_COMPOWER = 1.
PRIMAC_CONF_COMPOWER_SUPPORT = 1.
SF = 10.
PRI_SYNC_SUPPORT = 1.
RANDOM_DRIFT_IN_COOJA_SUPPORT = 0.
ADCSC_SUPPORT = 0.
DATA_TX_SUPPORT = 1.
CYCLES_PER_PACKET = 5.
DATA_INTERVAL = 3.
RETX_LIMIT = 6.
TOTAL_DATA_NUM = 50.
MAX_DATA_QUEUE_BUFS = 10.
PROC_GRADE_BASED_ON_ADDR_SUPPORT = 1.
NODES_NUM_PER_GRADE = 2.
ADDRESS_FREE_SUPPORT = 0.
IS_COOJA_SIM = 0.
CROSS_PLATFORM_SUPPORT = 1.
************************************************

My address is 2.0.
nullmac PRIMAC, channel check rate 8 Hz, radio channel 26
Starting
Hello, world
 P 0 0 0 1153912
 P 0 0 3390 1226092
 P 0 0 6780 1298272
 P 0 0 10231 1371289
 P 0 0 13621 1442632
 P 0 0 17011 1514812
 P 0 0 20401 1586992
 P 0 0 23791 1659172
EMPTY QUEUE
 P 65 0 29753 1736239
EMPTY QUEUE
 P 130 0 35715 1807107
EMPTY QUEUE
 P 2815 0 36788 1877016
PT [1 0 1 -3 2]
 P 3638 0 39355 1947892
PT [1 0 2 -3 2]
 P 3638 0 42745 2020072
PT [1 0 3 -3 2]
 P 3638 0 46135 2092252
PT [1 0 4 -3 2]
 P 3638 0 49525 2164432
PT [1 0 5 -3 2]
rcv bro rts
EMPTY QUEUE
 P 6300 0 49573 2237566
PT [1 0 6 -3 2]
 P 8345 0 49577 2308792
PT [1 0 7 -3 2]
 P 8345 0 52967 2380972
PT [1 0 8 -3 2]
 P 8345 0 56357 2453152
PT [1 0 9 -3 2]
 P 8345 0 59747 2525332
PT [1 0 10 -3 2]
EMPTY QUEUE
 P 10014 0 59763 2599680
PT [1 0 11 -4 2]
 P 11452 0 59766 2669692
PT [1 0 12 -4 2]
 P 11452 0 63156 2741872
PT [1 0 13 -4 2]
 P 11452 0 66546 2814052
PT [1 0 14 -4 2]
 P 11452 0 69936 2886232
PT [1 0 15 -4 2]
EMPTY QUEUE
 P 11779 0 73335 2960997
PT [1 0 16 -4 2]
 P 13825 0 73343 3030592
PT [1 0 17 -4 2]
 P 15456 0 73346 3102772
PT [1 0 18 -4 2]
 P 15456 0 76736 3174952
PT [1 0 19 -4 2]
 P 15456 0 80126 3247132
PT [1 0 20 -4 2]
EMPTY QUEUE
 P 15783 0 83524 3320808
PT [1 0 21 -5 2]
 P 18021 0 83532 3391492
PT [1 0 22 -5 2]
 P 20101 0 83535 3463672
PT [1 0 23 -5 2]
 P 20101 0 86925 3535852
PT [1 0 24 -5 2]
 P 20101 0 90315 3608032
PT [1 0 25 -5 2]
EMPTY QUEUE
 P 20428 0 93714 3682157
PT [1 0 26 -5 2]
 P 22346 0 93722 3752392
PT [1 0 27 -5 2]
 P 24363 0 93725 3824572
PT [1 0 28 -5 2]
 P 24363 0 97115 3896752
PT [1 0 29 -5 2]
 P 24363 0 100505 3968932
PT [1 0 30 -5 2]
EMPTY QUEUE
 P 24691 0 103903 4042993
PT [1 0 31 -5 2]
 P 25777 0 103911 4113292
PT [1 0 32 -5 2]
 P 27219 0 103914 4185472
PT [1 0 33 -5 2]
 P 29521 0 103922 4257652
PT [1 0 34 -5 2]
 P 29521 0 107312 4329832
PT [1 0 35 -5 2]
EMPTY QUEUE
 P 29532 0 110704 4402865
PT [1 0 36 -5 2]
EMPTY QUEUE
 P 29859 0 114103 4475465
PT [1 0 37 -6 2]
 P 32262 0 114106 4546372
PT [1 0 38 -6 2]
 P 34756 0 114114 4618552
PT [1 0 39 -6 2]
 P 34756 0 117504 4690732
PT [1 0 40 -6 2]
 P 34756 0 120894 4762912
PT [1 0 41 -6 2]
EMPTY QUEUE
 P 35083 0 124292 4836045
PT [1 0 42 -6 2]
 P 35887 0 124295 4907272
PT [1 0 43 -6 2]
 P 38061 0 124303 4979452
PT [1 0 44 -6 2]
 P 38061 0 127693 5051632
PT [1 0 45 -6 2]
 P 38061 0 131083 5123812
PT [1 0 46 -6 2]
EMPTY QUEUE
 P 38387 0 134482 5198160
PT [1 0 47 -7 2]
 P 41176 0 134485 5268172
PT [1 0 48 -7 2]
 P 42518 0 134493 5340352
PT [1 0 49 -7 2]
 P 42518 0 137883 5412532
PT [1 0 50 -7 2]
 P 42518 0 141273 5484712
PT [1 0 51 -7 2]
EMPTY QUEUE
 P 42845 0 144671 5557717
PT [1 0 52 -7 2]
 P 45059 0 144674 5629072
PT [1 0 53 -7 2]
 P 47105 0 144682 5701252
PT [1 0 54 -7 2]
 P 47105 0 148072 5773432
PT [1 0 55 -7 2]
 P 47105 0 151462 5845612
PT [1 0 56 -7 2]
EMPTY QUEUE
 P 47432 0 154861 5918808
PT [1 0 57 -8 2]
 P 47432 0 158251 5989972
PT [1 0 58 -8 2]
 P 49071 0 158254 6062152
PT [1 0 59 -8 2]
 P 51021 0 158262 6134332
PT [1 0 60 -8 2]
 P 51021 0 161652 6206512
PT [1 0 61 -8 2]
EMPTY QUEUE
 P 51349 0 165050 6279389
PT [1 0 62 -8 2]
 P 51349 0 168440 6350872
PT [1 0 63 -8 2]
 P 53436 0 168444 6423052
PT [1 0 64 -8 2]
 P 55834 0 168452 6495232
PT [1 0 65 -8 2]
 P 55834 0 171842 6567412
PT [1 0 66 -8 2]
EMPTY QUEUE
 P 56160 0 175241 6641504
PT [1 0 67 -9 2]
 P 56160 0 178631 6711772
PT [1 0 68 -9 2]
 P 58184 0 178634 6783952
PT [1 0 69 -9 2]
 P 60518 0 178642 6856132
PT [1 0 70 -9 2]
 P 60518 0 182032 6928312
PT [1 0 71 -9 2]
EMPTY QUEUE
 P 60583 0 185424 7002840
PT [1 0 72 -9 2]
EMPTY QUEUE
 P 60910 0 188822 7073945
PT [1 0 73 -9 2]
 P 62359 0 188825 7144852
PT [1 0 74 -9 2]
 P 64062 0 188833 7217032
PT [1 0 75 -9 2]
 P 64062 0 192223 7289212
PT [1 0 76 -9 2]
 P 66364 0 192231 7361392
PT [1 0 77 -9 2]
EMPTY QUEUE
 P 66690 0 195630 7434748
PT [1 0 78 -10 2]
 P 69100 0 195633 7505752
PT [1 0 79 -10 2]
 P 69100 0 199023 7577932
PT [1 0 80 -10 2]
 P 69100 0 202413 7650112
PT [1 0 81 -10 2]
 P 71594 0 202421 7722292
PT [1 0 82 -10 2]
EMPTY QUEUE
 P 71922 0 205819 7795586
PT [1 0 83 -10 2]
 P 72733 0 205822 7866652
PT [1 0 84 -10 2]
 P 72733 0 209212 7938832
PT [1 0 85 -10 2]
 P 72733 0 212602 8011012
PT [1 0 86 -10 2]
 P 74907 0 212610 8083192
PT [1 0 87 -10 2]
EMPTY QUEUE
 P 75233 0 216009 8157956
PT [1 0 88 -11 2]
 P 78029 0 216012 8227552
PT [1 0 89 -11 2]
 P 78029 0 219402 8299732
PT [1 0 90 -11 2]
 P 78029 0 222792 8371912
PT [1 0 91 -11 2]
 P 79371 0 222800 8444092
PT [1 0 92 -11 2]
EMPTY QUEUE
 P 79698 0 226199 8517769
PT [1 0 93 -11 2]
 P 81919 0 226202 8588452
PT [1 0 94 -11 2]
 P 81919 0 229592 8660632
PT [1 0 95 -11 2]
 P 81919 0 232982 8732812
PT [1 0 96 -11 2]
 P 83965 0 232990 8804992
PT [1 0 97 -11 2]
EMPTY QUEUE
 P 84292 0 236388 8879116
PT [1 0 98 -12 2]
 P 85426 0 236391 8949352
PT [1 0 99 -12 2]
 P 85426 0 239781 9021532
PT [1 0 100 -12 2]
 P 85426 0 243171 9093712
PT [1 0 101 -12 2]
 P 87664 0 243179 9165892
PT [1 0 102 -12 2]
EMPTY QUEUE
 P 87990 0 246578 9239952
PT [1 0 103 -12 2]
 P 89573 0 246581 9310252
PT [1 0 104 -12 2]
 P 89573 0 249971 9382432
PT [1 0 105 -12 2]
 P 89573 0 253361 9454612
PT [1 0 106 -12 2]
 P 91490 0 253370 9526792
PT [1 0 107 -12 2]
EMPTY QUEUE
 P 91555 0 259332 9602579
PT [1 0 108 -12 2]
 P 93075 0 259336 9671152
PT [1 0 109 -12 2]
EMPTY QUEUE
 P 93401 0 262735 9744604
PT [1 0 110 -13 2]
 P 93401 0 266125 9815512
PT [1 0 111 -13 2]
 P 94486 0 266134 9887692
PT [1 0 112 -13 2]
 P 94486 0 269524 9959872
PT [1 0 113 -13 2]
 P 95431 0 269527 10032052
PT [1 0 114 -13 2]
EMPTY QUEUE
 P 95758 0 272926 10105185
PT [1 0 115 -13 2]
 P 95758 0 276316 10176412
PT [1 0 116 -13 2]
 P 97547 0 276325 10248592
PT [1 0 117 -13 2]
 P 97547 0 279715 10320772
PT [1 0 118 -13 2]
 P 99454 0 279718 10392952
PT [1 0 119 -13 2]
EMPTY QUEUE
 P 99781 0 283116 10467300
PT [1 0 120 -14 2]
 P 101431 0 283119 10537312
PT [1 0 121 -14 2]
 P 103412 0 283128 10609492
PT [1 0 122 -14 2]
 P 103412 0 286518 10681672
PT [1 0 123 -14 2]
 P 103412 0 289908 10753852
PT [1 0 124 -14 2]
EMPTY QUEUE
 P 103739 0 293307 10826857
PT [1 0 125 -14 2]
 P 105838 0 293310 10898212
PT [1 0 126 -14 2]
 P 107499 0 293319 10970392
PT [1 0 127 -14 2]
 P 107499 0 296709 11042572
PT [1 0 128 -14 2]
 P 107499 0 300099 11114752
PT [1 0 129 -14 2]
EMPTY QUEUE
 P 107826 0 303497 11187949
PT [1 0 130 -14 2]
 P 109862 0 303500 11259112
PT [1 0 131 -14 2]
 P 112739 0 303509 11331292
PT [1 0 132 -14 2]
 P 112739 0 306899 11403472
PT [1 0 133 -14 2]
 P 112739 0 310289 11475652
PT [1 0 134 -14 2]
EMPTY QUEUE
 P 113067 0 313688 11548529
PT [1 0 135 -15 2]
 P 114527 0 313692 11620012
PT [1 0 136 -15 2]
 P 116060 0 313701 11692192
PT [1 0 137 -15 2]
 P 116060 0 317091 11764372
PT [1 0 138 -15 2]
 P 116060 0 320481 11836552
PT [1 0 139 -15 2]
 P 116388 72 323881 11910887
PT [1 0 140 -15 2]
 P 118442 414 323900 11983770
PT [1 0 141 -15 2]
 P 120096 414 323903 12053092
PT [1 0 142 -15 2]
 P 121271 414 323906 12125272
PT [1 0 143 -15 2]
 P 122125 414 323909 12197452
PT [1 0 144 -15 2]
Warning: data sending process fails.
 P 124400 749 324035 12270731
PT [1 0 145 -16 2]
 P 126438 749 324038 12341812
PT [1 0 146 -16 2]
 P 128508 749 324042 12413992
PT [1 0 147 -16 2]
 P 129971 749 324045 12486172
PT [1 0 148 -16 2]
 P 131626 749 324048 12558352
PT [1 0 149 -16 2]
Warning: data sending process fails.
 P 133902 1084 324173 12633360
PT [1 0 150 -16 2]
 P 136005 1084 324176 12702712
PT [1 0 151 -16 2]
 P 136860 1084 324179 12774892
PT [1 0 152 -16 2]
 P 138900 1084 324182 12847072
PT [1 0 153 -16 2]
 P 140973 1084 324185 12919252
PT [1 0 154 -16 2]
 P 143248 1156 324206 12993330
PT [1 0 155 -17 2]
 P 146024 1156 324209 13063612
PT [1 0 156 -17 2]
 P 148448 1156 324212 13135792
PT [1 0 157 -17 2]
 P 149369 1156 324215 13207972
PT [1 0 158 -17 2]
 P 150194 1156 324218 13280152
PT [1 0 159 -17 2]
 P 153003 1156 324221 13352332
PT [1 0 160 -17 2]
 P 155280 1228 324241 13427115
PT [1 0 161 -17 2]
 P 157513 1228 324244 13496692
PT [1 0 162 -17 2]
 P 160237 1300 324263 13571666
PT [1 0 163 -17 2]
 P 161383 1300 324266 13641052
PT [1 0 164 -17 2]
 P 164044 1372 324285 13715706
PT [1 0 165 -18 2]
 P 165638 1372 324288 13785412
PT [1 0 166 -18 2]
 P 167721 1444 324308 13859234
PT [1 0 167 -18 2]
 P 169251 1444 324311 13929772
PT [1 0 168 -18 2]
 P 172294 1516 324331 14004298
PT [1 0 169 -18 2]
 P 173249 1516 324334 14074132
PT [1 0 170 -18 2]
 P 174694 1588 324354 14148851
PT [1 0 171 -18 2]
 P 176609 1588 324357 14218492
PT [1 0 172 -18 2]
 P 177990 1660 324376 14292891
PT [1 0 173 -18 2]
 P 180353 1660 324379 14362852
PT [1 0 174 -18 2]
 P 183205 1732 324399 14436418
PT [1 0 175 -19 2]
 P 185505 1732 324402 14507212
PT [1 0 176 -19 2]
 P 187268 1804 324422 14580906
PT [1 0 177 -19 2]
 P 188992 1804 324425 14651572
PT [1 0 178 -19 2]
 P 191267 1876 324444 14724946
PT [1 0 179 -19 2]
 P 193951 1876 324448 14795932
PT [1 0 180 -19 2]
 P 196675 1948 324469 14870523
PT [1 0 181 -19 2]
 P 197760 1948 324472 14940292
PT [1 0 182 -19 2]
 P 200420 2020 324490 15013539
PT [1 0 183 -19 2]
 P 201441 2020 324493 15084652
PT [1 0 184 -19 2]
 P 203525 2092 324511 15158090
PT [1 0 185 -19 2]
 P 206307 2362 324522 15229440
PT [1 0 186 -19 2]
 P 206634 2434 327922 15302706
PT [1 0 187 -20 2]
 P 209262 2506 327941 15374566
PT [1 0 188 -20 2]
 P 212081 2578 327961 15447962
PT [1 0 189 -20 2]
 P 214579 2920 327981 15518798
PT [1 0 190 -20 2]
 P 217073 2920 327985 15589912
PT [1 0 191 -20 2]
 P 218741 2992 328006 15663351
PT [1 0 192 -20 2]
 P 220148 2992 328009 15734272
PT [1 0 193 -20 2]
 P 222520 3064 328027 15807391
PT [1 0 194 -20 2]
 P 222847 3136 331427 15880754
PT [1 0 195 -20 2]
 P 225411 3208 331445 15952358
PT [1 0 196 -20 2]
 P 226595 3208 331448 16022992
PT [1 0 197 -20 2]
 P 229224 3280 331466 16097678
PT [1 0 198 -21 2]
 P 232043 3352 331485 16168258
PT [1 0 199 -21 2]
 P 232907 3352 331488 16239532
PT [1 0 200 -21 2]
 P 235406 3424 331509 16314602
PT [1 0 201 -21 2]
 P 237486 3424 331513 16383892
PT [1 0 202 -21 2]
 P 240115 3496 331532 16458387
PT [1 0 203 -21 2]
 P 242936 3568 331551 16529479
PT [1 0 204 -21 2]
 P 245721 3568 331554 16600432
PT [1 0 205 -21 2]
 P 248221 3640 331572 16674286
PT [1 0 206 -21 2]
 P 249150 3640 331575 16744792
PT [1 0 207 -21 2]
 P 251779 3712 331593 16818582
PT [1 0 208 -22 2]
 P 254598 4054 331612 16890186
PT [1 0 209 -22 2]
 P 257256 4054 331615 16961332
PT [1 0 210 -22 2]
Warning: data sending process fails.
 P 259754 4389 331740 17035603
PT [1 0 211 -22 2]
 P 261580 4389 331743 17105692
PT [1 0 212 -22 2]
 P 263248 4461 331763 17180314
PT [1 0 213 -22 2]
 P 265304 4461 331773 17251001
PT [1 0 214 -22 2]
 P 267835 4461 331776 17322232
PT [1 0 215 -22 2]
 P 270111 4803 331796 17395831
PT [1 0 216 -22 2]
 P 272834 4803 331799 17466592
PT [1 0 217 -22 2]
 P 275559 5145 331819 17540128
PT [1 0 218 -21 2]
 P 277963 5145 331822 17610952
PT [1 0 219 -21 2]
 P 280622 5487 331841 17685958
PT [1 0 220 -23 2]
 P 282194 5487 331844 17755312
PT [1 0 221 -23 2]
 P 284276 5829 331864 17829230
PT [1 0 222 -23 2]
 P 284602 5901 335265 17900930
PT [1 0 223 -23 2]
 P 287330 6171 335276 17972225
PT [1 0 224 -23 2]
 P 288775 6513 335296 18045451
PT [1 0 225 -23 2]
 P 290156 6855 335316 18117567
PT [1 0 226 -23 2]
 P 291345 6855 335319 18188392
PT [1 0 227 -23 2]
 P 294197 7199 335338 18263399
PT [1 0 228 -23 2]
 P 295066 7199 335341 18332752
PT [1 0 229 -23 2]
 P 296829 7541 335360 18406672
PT [1 0 230 -24 2]
 P 298915 7541 335363 18477112
PT [1 0 231 -24 2]
 P 301126 7883 335382 18551478
PT [1 0 232 -24 2]
 P 303916 7883 335385 18621472
PT [1 0 233 -24 2]
 P 306064 8225 335406 18695775
PT [1 0 234 -24 2]
 P 307634 8567 335427 18767379
PT [1 0 235 -24 2]
 P 308569 8567 335430 18838012
PT [1 0 236 -24 2]
 P 311101 8909 335450 18912699
PT [1 0 237 -24 2]
 P 313764 8909 335453 18982372
PT [1 0 238 -24 2]
 P 316744 9251 335472 19055459
PT [1 0 239 -24 2]
 P 318575 9251 335475 19126732
PT [1 0 240 -24 2]
 P 321174 9521 335486 19201237
PT [1 0 241 -24 2]
 P 323710 9521 335489 19271092
PT [1 0 242 -24 2]
 P 326051 9593 335508 19344690
PT [1 0 243 -25 2]
 P 328779 9593 335511 19415452
PT [1 0 244 -25 2]
 P 330031 9936 335532 19488986
PT [1 0 245 -25 2]
 P 331729 10278 335552 19562638
PT [1 0 246 -25 2]
 P 334139 10278 335555 19631992
PT [1 0 247 -25 2]
 P 335774 10620 335575 19705911
PT [1 0 248 -25 2]
 P 337351 10620 335578 19776352
PT [1 0 249 -25 2]
 P 340459 10962 335599 19850719
PT [1 0 250 -25 2]
 P 342740 10962 335603 19920712
PT [1 0 251 -25 2]
 P 344759 11304 335622 19995014
PT [1 0 252 -25 2]
 P 347233 11304 335625 20065072
PT [1 0 253 -25 2]
 P 349859 11646 335647 20138798
PT [1 0 254 -26 2]
 P 352677 11988 335667 20211938
PT [1 0 255 -26 2]
 P 354831 11988 335670 20281612
PT [1 0 256 -26 2]
 P 357145 11988 335674 20353792
PT [1 0 257 -26 2]
 P 358468 11988 335677 20425972
PT [1 0 258 -26 2]
 P 360207 11988 335680 20498152
PT [1 0 259 -26 2]
 P 362483 12330 335699 20571240
PT [1 0 260 -26 2]
 P 363678 12330 335702 20642512
PT [1 0 261 -26 2]
 P 365691 12330 335706 20714692
PT [1 0 262 -26 2]
 P 366457 12330 335709 20786872
PT [1 0 263 -26 2]
 P 368023 12330 335712 20859052
PT [1 0 264 -26 2]
 P 370298 12674 335731 20934122
PT [1 0 265 -27 2]
 P 372312 12674 335734 21003412
PT [1 0 266 -27 2]
 P 374262 12674 335737 21075592
PT [1 0 267 -27 2]
 P 376245 12674 335740 21147772
PT [1 0 268 -27 2]
 P 377812 12674 335743 21219952
PT [1 0 269 -27 2]
 P 380088 13018 335763 21294447
PT [1 0 270 -27 2]
 P 381175 13018 335766 21364312
PT [1 0 271 -27 2]
 P 381242 13218 339158 21438786
PT [1 0 272 -27 2]
 P 381569 13290 342558 21510186
PT [1 0 273 -27 2]
 P 381634 13290 348520 21584331
PT [1 0 274 -27 2]
 P 384357 13362 348538 21654450
PT [1 0 275 -28 2]
 P 385125 13362 348541 21725212
PT [1 0 276 -28 2]
 P 385451 13434 351942 21798586
PT [1 0 277 -28 2]
 P 385476 13434 355334 21870375
PT [1 0 278 -28 2]
 P 385802 13506 358736 21943266
PT [1 0 279 -28 2]
 P 388461 13578 358755 22015126
PT [1 0 280 -28 2]
 P 390446 13578 358758 22086112
PT [1 0 281 -28 2]
 P 390774 13650 362159 22159648
PT [1 0 282 -27 2]
 P 390839 13650 368121 22234943
PT [1 0 283 -27 2]
 P 391166 13722 371521 22304166
PT [1 0 284 -28 2]
 P 393251 13794 371539 22376027
PT [1 0 285 -28 2]
 P 395941 13794 371542 22447012
PT [1 0 286 -28 2]
 P 396268 13866 374942 22520546
PT [1 0 287 -29 2]
 P 396268 13866 378332 22591372
PT [1 0 288 -29 2]
 P 396268 13866 381722 22663552
PT [1 0 289 -29 2]
 P 398985 13866 381730 22735732
PT [1 0 290 -29 2]
 P 399820 13866 381733 22807912
PT [1 0 291 -29 2]
EMPTY QUEUE
 P 400148 13866 385132 22882677
PT [1 0 292 -29 2]
 P 400148 13866 388522 22952272
PT [1 0 293 -29 2]
 P 400148 13866 391912 23024452
PT [1 0 294 -29 2]
 P 401265 13866 391920 23096632
PT [1 0 295 -29 2]
 P 403829 13866 391923 23168812
PT [1 0 296 -29 2]
EMPTY QUEUE
 P 404157 13866 395321 23242489
PT [1 0 297 -29 2]
 P 404157 13866 398711 23313172
PT [1 0 298 -29 2]
 P 404157 13866 402101 23385352
PT [1 0 299 -29 2]
 P 405210 13866 402109 23457532
PT [1 0 300 -29 2]
 P 406943 13866 402112 23529712
PT [1 0 301 -29 2]
EMPTY QUEUE
 P 407269 13866 405511 23603836
PT [1 0 302 -30 2]
 P 407269 13866 408901 23674072
PT [1 0 303 -30 2]
 P 407269 13866 412291 23746252
PT [1 0 304 -30 2]
 P 409794 13866 412299 23818432
PT [1 0 305 -30 2]
 P 412231 13866 412303 23890612
PT [1 0 306 -30 2]
EMPTY QUEUE
 P 412558 13866 415701 23964673
PT [1 0 307 -30 2]
 P 412558 13866 419091 24034972
PT [1 0 308 -30 2]
 P 412558 13866 422481 24107152
PT [1 0 309 -30 2]
 P 413995 13866 422490 24179332
PT [1 0 310 -30 2]
 P 416625 13866 422493 24251512
PT [1 0 311 -30 2]
EMPTY QUEUE
 P 416951 13866 425892 24324996
PT [1 0 312 -31 2]
 P 416951 13866 429282 24395872
PT [1 0 313 -31 2]
 P 416951 13866 432672 24468052
PT [1 0 314 -31 2]
 P 418836 13866 432680 24540232
PT [1 0 315 -31 2]
 P 421147 13866 432683 24612412
PT [1 0 316 -31 2]
EMPTY QUEUE
 P 421474 13866 436081 24686857
PT [1 0 317 -31 2]
 P 421474 13866 439471 24756772
PT [1 0 318 -31 2]
 P 421474 13866 442861 24828952
PT [1 0 319 -31 2]
 P 423296 13866 442869 24901132
PT [1 0 320 -31 2]
 P 424776 13866 442872 24973312
PT [1 0 321 -31 2]
EMPTY QUEUE
 P 425103 13866 446271 25046156
PT [1 0 322 -32 2]
 P 425103 13866 449661 25117672
PT [1 0 323 -32 2]
 P 425103 13866 453051 25189852
PT [1 0 324 -32 2]
 P 426348 13866 453059 25262032
PT [1 0 325 -32 2]
 P 428533 13866 453062 25334212
PT [1 0 326 -32 2]
EMPTY QUEUE
 P 428860 13866 456461 25409041
PT [1 0 327 -32 2]
 P 428860 13866 459851 25478572
PT [1 0 328 -32 2]
 P 428860 13866 463241 25550752
PT [1 0 329 -32 2]
 P 431065 13866 463250 25622932
PT [1 0 330 -32 2]
 P 433443 13866 463253 25695112
PT [1 0 331 -32 2]
EMPTY QUEUE
 P 433770 13866 466651 25769364
PT [1 0 332 -33 2]
 P 433770 13866 470041 25839472
PT [1 0 333 -33 2]
 P 433770 13866 473431 25911652
PT [1 0 334 -33 2]
 P 436423 13866 473439 25983832
PT [1 0 335 -33 2]
 P 438482 13866 473442 26056012
PT [1 0 336 -33 2]
EMPTY QUEUE
 P 438809 13866 476841 26129177
PT [1 0 337 -33 2]
 P 438809 13866 480231 26200372
PT [1 0 338 -33 2]
 P 438809 13866 483621 26272552
PT [1 0 339 -33 2]
 P 441398 13866 483629 26344732
PT [1 0 340 -33 2]
 P 442626 13866 483632 26416912
PT [1 0 341 -33 2]
EMPTY QUEUE
 P 442954 13866 487030 26490524
PT [1 0 342 -34 2]
 P 442954 13866 490420 26561272
PT [1 0 343 -34 2]
 P 442954 13866 493810 26633452
PT [1 0 344 -34 2]
 P 444967 13866 493818 26705632
PT [1 0 345 -34 2]
 P 446900 13866 493821 26777812
PT [1 0 346 -34 2]
EMPTY QUEUE
 P 446965 13866 497213 26851092
PT [1 0 347 -34 2]
EMPTY QUEUE
 P 447030 13866 503175 26925747
PT [1 0 348 -34 2]
EMPTY QUEUE
 P 447357 13866 506574 26995625
PT [1 0 349 -34 2]
 P 448282 13866 506582 27066532
PT [1 0 350 -34 2]
 P 450409 13866 506585 27138712
PT [1 0 351 -34 2]
 P 450409 13866 509975 27210892
PT [1 0 352 -34 2]
 P 450409 13866 513365 27283072
PT [1 0 353 -34 2]
EMPTY QUEUE
 P 450737 13866 516763 27356206
PT [1 0 354 -33 2]
 P 452110 13866 516771 27427432
PT [1 0 355 -33 2]
 P 453917 13866 516774 27499612
PT [1 0 356 -33 2]
 P 453917 13866 520164 27571792
PT [1 0 357 -33 2]
 P 453917 13866 523554 27643972
PT [1 0 358 -33 2]
EMPTY QUEUE
 P 454244 13866 526953 27718321
PT [1 0 359 -35 2]
 P 455553 13866 526961 27788332
PT [1 0 360 -35 2]
 P 456528 13866 526965 27860512
PT [1 0 361 -35 2]
 P 456528 13866 530355 27932692
PT [1 0 362 -35 2]
 P 456528 13866 533745 28004872
PT [1 0 363 -35 2]
EMPTY QUEUE
 P 456855 13866 537143 28077876
PT [1 0 364 -35 2]
 P 459581 13866 537151 28149232
PT [1 0 365 -35 2]
 P 461261 13866 537155 28221412
PT [1 0 366 -35 2]
 P 461261 13866 540545 28293592
PT [1 0 367 -35 2]
 P 463562 13866 540553 28365772
PT [1 0 368 -35 2]
EMPTY QUEUE
 P 463889 13866 543952 28439129
PT [1 0 369 -36 2]
 P 463889 13866 547342 28510132
PT [1 0 370 -36 2]
 P 465762 13866 547345 28582312
PT [1 0 371 -36 2]
 P 465762 13866 550735 28654492
PT [1 0 372 -36 2]
 P 468255 13866 550743 28726672
PT [1 0 373 -36 2]
EMPTY QUEUE
 P 468582 13866 554141 28799965
PT [1 0 374 -36 2]
 P 468582 13866 557531 28871032
PT [1 0 375 -36 2]
 P 470136 13866 557534 28943212
PT [1 0 376 -36 2]
 P 470136 13866 560924 29015392
PT [1 0 377 -36 2]
 P 472309 13866 560932 29087572
PT [1 0 378 -36 2]
EMPTY QUEUE
 P 472636 13866 564331 29162337
PT [1 0 379 -37 2]
 P 472636 13866 567721 29231932
PT [1 0 380 -37 2]
 P 475407 13866 567724 29304112
PT [1 0 381 -37 2]
 P 475407 13866 571114 29376292
PT [1 0 382 -37 2]
 P 476748 13866 571122 29448472
PT [1 0 383 -37 2]
EMPTY QUEUE
 P 477075 13866 574520 29522149
PT [1 0 384 -37 2]
 P 477075 13866 577910 29592832
PT [1 0 385 -37 2]
 P 478503 13866 577913 29665012
PT [1 0 386 -37 2]
 P 478503 13866 581303 29737192
PT [1 0 387 -37 2]
 P 480548 13866 581311 29809372
PT [1 0 388 -37 2]
EMPTY QUEUE
 P 480875 13866 584710 29883497
PT [1 0 389 -38 2]
 P 480875 13866 588100 29953732
PT [1 0 390 -38 2]
 P 482496 13866 588103 30025912
PT [1 0 391 -38 2]
 P 482496 13866 591493 30098092
PT [1 0 392 -38 2]
 P 484733 13866 591501 30170272
PT [1 0 393 -38 2]
EMPTY QUEUE
 P 485061 13866 594899 30244333
PT [1 0 394 -38 2]
 P 485061 13866 598289 30314632
PT [1 0 395 -38 2]
 P 486363 13866 598292 30386812
PT [1 0 396 -38 2]
 P 486363 13866 601682 30458992
PT [1 0 397 -38 2]
 P 488280 13866 601690 30531172
PT [1 0 398 -38 2]
EMPTY QUEUE
 P 488607 13866 605088 30604656
PT [1 0 399 -39 2]
 P 488607 13866 608478 30675532
PT [1 0 400 -39 2]
 P 491126 13866 608481 30747712
PT [1 0 401 -39 2]
 P 491126 13866 611871 30819892
PT [1 0 402 -39 2]
 P 492211 13866 611879 30892072
PT [1 0 403 -39 2]
EMPTY QUEUE
 P 492538 13866 615278 30966517
PT [1 0 404 -39 2]
 P 492538 13866 618668 31036432
PT [1 0 405 -39 2]
 P 493714 13866 618671 31108612
PT [1 0 406 -39 2]
 P 494826 13866 618674 31180792
PT [1 0 407 -39 2]
 P 496560 13866 618682 31252972
PT [1 0 408 -39 2]
EMPTY QUEUE
 P 499188 13866 618698 31326329
PT [1 0 409 -39 2]
 P 499188 13866 622088 31397332
PT [1 0 410 -39 2]
 P 499188 13866 625478 31469512
PT [1 0 411 -39 2]
 P 499981 13866 625481 31541692
PT [1 0 412 -39 2]
 P 499981 13866 628871 31613872
PT [1 0 413 -39 2]
EMPTY QUEUE
 P 502800 13866 628888 31687164
PT [1 0 414 -40 2]
 P 502800 13866 632278 31758232
PT [1 0 415 -40 2]
 P 502800 13866 635668 31830412
PT [1 0 416 -40 2]
 P 502800 13866 639058 31902592
PT [1 0 417 -40 2]
 P 504394 13866 639061 31974772
PT [1 0 418 -40 2]
EMPTY QUEUE
 P 506894 13866 639077 32049537
PT [1 0 419 -40 2]
 P 506894 13866 642467 32119132
PT [1 0 420 -40 2]
 P 506894 13866 645857 32191312
PT [1 0 421 -40 2]
 P 506894 13866 649247 32263492
PT [1 0 422 -40 2]
 P 508937 13866 649250 32335672
PT [1 0 423 -40 2]
EMPTY QUEUE
 P 510605 13866 649267 32409348
PT [1 0 424 -41 2]
 P 510605 13866 652657 32480032
PT [1 0 425 -41 2]
 P 510605 13866 656047 32552212
PT [1 0 426 -41 2]
 P 510605 13866 659437 32624392
PT [1 0 427 -41 2]
 P 512585 13866 659440 32696572
PT [1 0 428 -41 2]
EMPTY QUEUE
 P 514957 13866 659456 32770697
PT [1 0 429 -41 2]
 P 514957 13866 662846 32840932
PT [1 0 430 -41 2]
 P 514957 13866 666236 32913112
PT [1 0 431 -41 2]
 P 514957 13866 669626 32985292
PT [1 0 432 -41 2]
 P 516362 13866 669629 33057472
PT [1 0 433 -41 2]
EMPTY QUEUE
 P 518925 13866 669646 33131532
PT [1 0 434 -42 2]
 P 518925 13866 673036 33201832
PT [1 0 435 -42 2]
 P 518925 13866 676426 33274012
PT [1 0 436 -42 2]
 P 518925 13866 679816 33346192
PT [1 0 437 -42 2]
 P 521291 13866 679819 33418372
PT [1 0 438 -42 2]
EMPTY QUEUE
 P 523535 13866 679835 33491857
PT [1 0 439 -42 2]
 P 523535 13866 683225 33562732
PT [1 0 440 -42 2]
 P 523535 13866 686615 33634912
PT [1 0 441 -42 2]
 P 523535 13866 690005 33707092
PT [1 0 442 -42 2]
 P 524301 13866 690009 33779272
PT [1 0 443 -42 2]
EMPTY QUEUE
 P 525712 13866 690026 33853716
PT [1 0 444 -43 2]
 P 525712 13866 693416 33923632
PT [1 0 445 -43 2]
 P 525712 13866 696806 33995812
PT [1 0 446 -43 2]
 P 525712 13866 700196 34067992
PT [1 0 447 -43 2]
 P 528463 13866 700199 34140172
PT [1 0 448 -43 2]
EMPTY QUEUE
 P 530579 13866 700216 34213017
PT [1 0 449 -43 2]
 P 530579 13866 703606 34284532
PT [1 0 450 -43 2]
 P 530579 13866 706996 34356712
PT [1 0 451 -43 2]
 P 530579 13866 710386 34428892
PT [1 0 452 -43 2]
 P 532755 13866 710389 34501072
PT [1 0 453 -43 2]
EMPTY QUEUE
 P 535063 13866 710405 34575902
PT [1 0 454 -44 2]
 P 535063 13866 713795 34645432
PT [1 0 455 -44 2]
 P 535063 13866 717185 34717612
PT [1 0 456 -44 2]
 P 535063 13866 720575 34789792
PT [1 0 457 -44 2]
 P 536152 13866 720578 34861972
PT [1 0 458 -44 2]
EMPTY QUEUE
 P 538139 13866 720595 34936224
PT [1 0 459 -44 2]
 P 538139 13866 723985 35006332
PT [1 0 460 -44 2]
 P 538139 13866 727375 35078512
PT [1 0 461 -44 2]
 P 538139 13866 730765 35150692
PT [1 0 462 -44 2]
 P 539677 13866 730768 35222872
PT [1 0 463 -44 2]
EMPTY QUEUE
 P 542881 13866 730785 35296038
PT [1 0 464 -44 2]
 P 542881 13866 734175 35367232
PT [1 0 465 -44 2]
 P 542881 13866 737565 35439412
PT [1 0 466 -44 2]
 P 542881 13866 740955 35511592
PT [1 0 467 -44 2]
 P 544356 13866 740959 35583772
PT [1 0 468 -44 2]
EMPTY QUEUE
 P 546216 13866 740976 35657384
PT [1 0 469 -45 2]
 P 546216 13866 744366 35728132
PT [1 0 470 -45 2]
 P 546216 13866 747756 35800312
PT [1 0 471 -45 2]
 P 546216 13866 751146 35872492
PT [1 0 472 -45 2]
 P 547116 13866 751149 35944672
PT [1 0 473 -45 2]
EMPTY QUEUE
 P 549170 13866 751166 36018222
PT [1 0 474 -44 2]
 P 549170 13866 754556 36089032
PT [1 0 475 -44 2]
 P 549170 13866 757946 36161212
PT [1 0 476 -44 2]
 P 549170 13866 761336 36233392
PT [1 0 477 -44 2]
 P 551032 13866 761339 36305572
PT [1 0 478 -44 2]
EMPTY QUEUE
 P 552763 13866 761357 36378544
PT [1 0 479 -46 2]
 P 552763 13866 764747 36449932
PT [1 0 480 -46 2]
 P 552763 13866 768137 36522112
PT [1 0 481 -46 2]
 P 552763 13866 771527 36594292
PT [1 0 482 -46 2]
 P 555073 13866 771530 36666472
PT [1 0 483 -46 2]
EMPTY QUEUE
 P 558020 13866 771548 36740405
PT [1 0 484 -46 2]
 P 558020 13866 774938 36810832
PT [1 0 485 -46 2]
 P 558020 13866 778328 36883012
PT [1 0 486 -46 2]
 P 558020 13866 781718 36955192
PT [1 0 487 -46 2]
 P 560267 13866 781721 37027372
PT [1 0 488 -46 2]
EMPTY QUEUE
 P 561870 13866 781739 37101752
PT [1 0 489 -47 2]
 P 561870 13866 785129 37171732
PT [1 0 490 -47 2]
 P 561870 13866 788519 37243912
PT [1 0 491 -47 2]
 P 561870 13866 791909 37316092
PT [1 0 492 -47 2]
 P 563542 13866 791912 37388272
PT [1 0 493 -47 2]
EMPTY QUEUE
 P 565338 13866 791929 37462589
PT [1 0 494 -47 2]
 P 565338 13866 795319 37532632
PT [1 0 495 -47 2]
 P 565338 13866 798709 37604812
PT [1 0 496 -47 2]
 P 565338 13866 802099 37676992
PT [1 0 497 -47 2]
 P 567971 13866 802102 37749172
PT [1 0 498 -47 2]
EMPTY QUEUE
 P 569449 13866 802118 37822912
PT [1 0 499 -48 2]
 P 569449 13866 805508 37893532
PT [1 0 500 -48 2]
 P 569449 13866 808898 37965712
PT [1 0 501 -48 2]
 P 569449 13866 812288 38037892
PT [1 0 502 -48 2]
 P 570482 13866 812292 38110072
PT [1 0 503 -48 2]
EMPTY QUEUE
 P 573172 13866 812310 38184772
PT [1 0 504 -48 2]
 P 573172 13866 815700 38254432
PT [1 0 505 -48 2]
 P 573172 13866 819090 38326612
PT [1 0 506 -48 2]
 P 573172 13866 822480 38398792
PT [1 0 507 -48 2]
 P 574142 13866 822484 38470972
PT [1 0 508 -48 2]
EMPTY QUEUE
 P 575491 13866 822500 38544073
PT [1 0 509 -48 2]
 P 575491 13866 825890 38615332
PT [1 0 510 -48 2]
 P 575491 13866 829280 38687512
PT [1 0 511 -48 2]
 P 575491 13866 832670 38759692
PT [1 0 512 -48 2]
 P 577934 13866 832673 38831872
PT [1 0 513 -48 2]
EMPTY QUEUE
 P 579473 13866 832691 38904909
PT [1 0 514 -49 2]
 P 579473 13866 836081 38976232
PT [1 0 515 -49 2]
 P 579473 13866 839471 39048412
PT [1 0 516 -49 2]
 P 579473 13866 842861 39120592
PT [1 0 517 -49 2]
 P 580829 13866 842864 39192772
PT [1 0 518 -49 2]
EMPTY QUEUE
 P 582048 13866 842881 39267281
PT [1 0 519 -49 2]
 P 582048 13866 846271 39337132
PT [1 0 520 -49 2]
 P 582048 13866 849661 39409312
PT [1 0 521 -49 2]
 P 582048 13866 853051 39481492
PT [1 0 522 -49 2]
 P 583853 13866 853054 39553672
PT [1 0 523 -49 2]
EMPTY QUEUE
 P 586289 13866 853072 39627093
PT [1 0 524 -50 2]
 P 586289 13866 856462 39698032
PT [1 0 525 -50 2]
 P 586289 13866 859852 39770212
PT [1 0 526 -50 2]
 P 586289 13866 863242 39842392
PT [1 0 527 -50 2]
 P 588031 13866 863245 39914572
PT [1 0 528 -50 2]
EMPTY QUEUE
 P 591170 13866 863262 39988441
PT [1 0 529 -50 2]
 P 591170 13866 866652 40058932
PT [1 0 530 -50 2]
 P 591170 13866 870042 40131112
PT [1 0 531 -50 2]
 P 591170 13866 873432 40203292
PT [1 0 532 -50 2]
 P 592337 13866 873435 40275472
PT [1 0 533 -50 2]
EMPTY QUEUE
 P 593620 13866 873453 40349277
PT [1 0 534 -51 2]
 P 593620 13866 876843 40419832
PT [1 0 535 -51 2]
 P 593620 13866 880233 40492012
PT [1 0 536 -51 2]
 P 593620 13866 883623 40564192
PT [1 0 537 -51 2]
 P 595158 13866 883626 40636372
PT [1 0 538 -51 2]
EMPTY QUEUE
 P 598170 13866 883644 40709601
PT [1 0 539 -51 2]
 P 598170 13866 887034 40780732
PT [1 0 540 -51 2]
 P 598170 13866 890424 40852912
PT [1 0 541 -51 2]
 P 598170 13866 893814 40925092
PT [1 0 542 -51 2]
 P 599389 13866 893817 40997272
PT [1 0 543 -51 2]
EMPTY QUEUE
 P 601568 13866 893834 41071460
PT [1 0 544 -52 2]
 P 601568 13866 897224 41141632
PT [1 0 545 -52 2]
 P 601568 13866 900614 41213812
PT [1 0 546 -52 2]
 P 601568 13866 904004 41285992
PT [1 0 547 -52 2]
 P 604004 13866 904008 41358172
PT [1 0 548 -52 2]
EMPTY QUEUE
 P 606887 13866 904026 41432809
PT [1 0 549 -52 2]
 P 606887 13866 907416 41502532
PT [1 0 550 -52 2]
 P 606887 13866 910806 41574712
PT [1 0 551 -52 2]
 P 606887 13866 914196 41646892
PT [1 0 552 -52 2]
 P 607980 13866 914199 41719072
PT [1 0 553 -52 2]
EMPTY QUEUE
 P 611055 13866 914216 41793644
PT [1 0 554 -53 2]
 P 611055 13866 917606 41863432
PT [1 0 555 -53 2]
 P 611055 13866 920996 41935612
PT [1 0 556 -53 2]
 P 611055 13866 924386 42007792
PT [1 0 557 -53 2]
 P 612342 13866 924389 42079972
PT [1 0 558 -53 2]
EMPTY QUEUE
 P 615096 13866 924407 42153968
PT [1 0 559 -53 2]
 P 615096 13866 927797 42224332
PT [1 0 560 -53 2]
 P 615096 13866 931187 42296512
PT [1 0 561 -53 2]
 P 615096 13866 934577 42368692
PT [1 0 562 -53 2]
 P 616062 13866 934581 42440872
PT [1 0 563 -53 2]
EMPTY QUEUE
 P 617985 13866 934598 42513781
PT [1 0 564 -53 2]
 P 617985 13866 937988 42585232
PT [1 0 565 -53 2]
 P 617985 13866 941378 42657412
PT [1 0 566 -53 2]
 P 617985 13866 944768 42729592
PT [1 0 567 -53 2]
 P 620168 13866 944771 42801772
PT [1 0 568 -53 2]
EMPTY QUEUE
 P 622794 13866 944789 42875128
PT [1 0 569 -54 2]
 P 622794 13866 948179 42946132
PT [1 0 570 -54 2]
 P 622794 13866 951569 43018312
PT [1 0 571 -54 2]
 P 622794 13866 954959 43090492
PT [1 0 572 -54 2]
 P 623634 13866 954962 43162672
PT [1 0 573 -54 2]
EMPTY QUEUE
 P 626399 13866 954979 43236126
PT [1 0 574 -54 2]
 P 628347 13866 954988 43307032
PT [1 0 575 -54 2]
 P 628347 13866 958378 43379212
PT [1 0 576 -54 2]
 P 628347 13866 961768 43451392
PT [1 0 577 -54 2]
 P 629380 13866 961771 43523572
PT [1 0 578 -54 2]
EMPTY QUEUE
 P 629707 13866 965170 43596704
PT [1 0 579 -55 2]
 P 632103 13866 965179 43667932
PT [1 0 580 -55 2]
 P 632103 13866 968569 43740112
PT [1 0 581 -55 2]
 P 632103 13866 971959 43812292
PT [1 0 582 -55 2]
 P 632817 13866 971962 43884472
PT [1 0 583 -55 2]
EMPTY QUEUE
 P 633145 13866 975362 43958822
PT [1 0 584 -55 2]
 P 635477 13866 975370 44028832
PT [1 0 585 -55 2]
 P 635477 13866 978760 44101012
PT [1 0 586 -55 2]
 P 635477 13866 982150 44173192
PT [1 0 587 -55 2]
 P 637408 13866 982153 44245372
PT [1 0 588 -55 2]
EMPTY QUEUE
 P 637734 13866 985552 44318376
PT [1 0 589 -56 2]
 P 639490 13866 985560 44389732
PT [1 0 590 -56 2]
 P 639490 13866 988950 44461912
PT [1 0 591 -56 2]
 P 639490 13866 992340 44534092
PT [1 0 592 -56 2]
 P 642126 13866 992343 44606272
PT [1 0 593 -56 2]
EMPTY QUEUE
 P 642455 13866 995742 44679470
PT [1 0 594 -55 2]
 P 645171 13866 995751 44750632
PT [1 0 595 -55 2]
 P 645171 13866 999141 44822812
PT [1 0 596 -55 2]
 P 645171 13866 1002531 44894992
PT [1 0 597 -55 2]
 P 645952 13866 1002534 44967172
PT [1 0 598 -55 2]
EMPTY QUEUE
 P 646279 13866 1005932 45040048
PT [1 0 599 -57 2]
 P 647395 13866 1005940 45111532
PT [1 0 600 -57 2]
 P 647395 13866 1009330 45183712
PT [1 0 601 -57 2]
 P 647395 13866 1012720 45255892
PT [1 0 602 -57 2]
 P 649905 13866 1012723 45328072
PT [1 0 603 -57 2]
EMPTY QUEUE
 P 650231 13866 1016122 45402164
PT [1 0 604 -57 2]
 P 651283 13866 1016130 45472432
PT [1 0 605 -57 2]
 P 651283 13866 1019520 45544612
PT [1 0 606 -57 2]
 P 651283 13866 1022910 45616792
PT [1 0 607 -57 2]
 P 652962 13866 1022913 45688972
PT [1 0 608 -57 2]
EMPTY QUEUE
 P 653289 13866 1026311 45763769
PT [1 0 609 -57 2]
 P 655813 13866 1026319 45833332
PT [1 0 610 -57 2]
 P 655813 13866 1029709 45905512
PT [1 0 611 -57 2]
 P 655813 13866 1033099 45977692
PT [1 0 612 -57 2]
 P 658197 13866 1033102 46049872
PT [1 0 613 -57 2]
EMPTY QUEUE
 P 658523 13866 1036501 46122812
PT [1 0 614 -58 2]
 P 659959 13866 1036509 46194232
PT [1 0 615 -58 2]
 P 659959 13866 1039899 46266412
PT [1 0 616 -58 2]
 P 659959 13866 1043289 46338592
PT [1 0 617 -58 2]
 P 662535 13866 1043293 46410772
PT [1 0 618 -58 2]
EMPTY QUEUE
 P 662862 13866 1046691 46485441
PT [1 0 619 -58 2]
 P 664746 13866 1046699 46555132
PT [1 0 620 -58 2]
 P 664746 13866 1050089 46627312
PT [1 0 621 -58 2]
 P 664746 13866 1053479 46699492
PT [1 0 622 -58 2]
 P 666203 13866 1053482 46771672
PT [1 0 623 -58 2]
EMPTY QUEUE
 P 666530 13866 1056881 46845509
PT [1 0 624 -59 2]
 P 668350 13866 1056889 46916032
PT [1 0 625 -59 2]
 P 668350 13866 1060279 46988212
PT [1 0 626 -59 2]
 P 668350 13866 1063669 47060392
PT [1 0 627 -59 2]
 P 669744 13866 1063672 47132572
PT [1 0 628 -59 2]
EMPTY QUEUE
 P 670072 13866 1067070 47207113
PT [1 0 629 -59 2]
 P 671316 13866 1067078 47276932
PT [1 0 630 -59 2]
 P 671316 13866 1070468 47349112
PT [1 0 631 -59 2]
 P 671316 13866 1073858 47421292
PT [1 0 632 -59 2]
 P 672135 13866 1073861 47493472
PT [1 0 633 -59 2]
EMPTY QUEUE
 P 672462 13866 1077260 47568205
PT [1 0 634 -60 2]
 P 674666 13866 1077268 47637832
PT [1 0 635 -60 2]
 P 674666 13866 1080658 47710012
PT [1 0 636 -60 2]
 P 674666 13866 1084048 47782192
PT [1 0 637 -60 2]
 P 676446 13866 1084051 47854372
PT [1 0 638 -60 2]
EMPTY QUEUE
 P 676774 13866 1087450 47928785
PT [1 0 639 -60 2]
 P 679426 13866 1087458 47998732
PT [1 0 640 -60 2]
 P 679426 13866 1090848 48070912
PT [1 0 641 -60 2]
 P 679426 13866 1094238 48143092
PT [1 0 642 -60 2]
 P 681655 13866 1094241 48215272
PT [1 0 643 -60 2]
EMPTY QUEUE
 P 681982 13866 1097639 48288852
PT [1 0 644 -61 2]
 P 684570 13866 1097647 48359632
PT [1 0 645 -61 2]
 P 684570 13866 1101037 48431812
PT [1 0 646 -61 2]
 P 684570 13866 1104427 48503992
PT [1 0 647 -61 2]
 P 686736 13866 1104430 48576172
PT [1 0 648 -61 2]
EMPTY QUEUE
 P 687063 13866 1107829 48650457
PT [1 0 649 -61 2]
 P 689075 13866 1107837 48720532
PT [1 0 650 -61 2]
 P 689075 13866 1111227 48792712
PT [1 0 651 -61 2]
 P 689075 13866 1114617 48864892
PT [1 0 652 -61 2]
 P 690666 13866 1114620 48937072
PT [1 0 653 -61 2]
EMPTY QUEUE
 P 690993 13866 1118018 49011549
PT [1 0 654 -61 2]
 P 691917 13866 1118026 49081432
PT [1 0 655 -61 2]
 P 691917 13866 1121416 49153612
PT [1 0 656 -61 2]
 P 691917 13866 1124806 49225792
PT [1 0 657 -61 2]
 P 694469 13866 1124809 49297972
PT [1 0 658 -61 2]
EMPTY QUEUE
 P 694795 13866 1128208 49372128
PT [1 0 659 -62 2]
 P 696167 13866 1128216 49442332
PT [1 0 660 -62 2]
 P 696167 13866 1131606 49514512
PT [1 0 661 -62 2]
 P 696167 13866 1134996 49586692
PT [1 0 662 -62 2]
 P 697120 13866 1134999 49658872
PT [1 0 663 -62 2]
EMPTY QUEUE
 P 697447 13866 1138397 49732197
PT [1 0 664 -62 2]
 P 698755 13866 1138405 49803232
PT [1 0 665 -62 2]
 P 698755 13866 1141795 49875412
PT [1 0 666 -62 2]
 P 698755 13866 1145185 49947592
PT [1 0 667 -62 2]
 P 699645 13866 1145188 50019772
PT [1 0 668 -62 2]
EMPTY QUEUE
 P 699972 13866 1148587 50093800
PT [1 0 669 -63 2]
 P 702752 13866 1148595 50164132
PT [1 0 670 -63 2]
 P 702752 13866 1151985 50236312
PT [1 0 671 -63 2]
 P 702752 13866 1155375 50308492
PT [1 0 672 -63 2]
 P 705114 13866 1155379 50380672
PT [1 0 673 -63 2]
EMPTY QUEUE
 P 705441 13866 1158777 50454893
PT [1 0 674 -63 2]
 P 707133 13866 1158785 50525032
PT [1 0 675 -63 2]
 P 707133 13866 1162175 50597212
PT [1 0 676 -63 2]
 P 707133 13866 1165565 50669392
PT [1 0 677 -63 2]
 P 708408 13866 1165568 50741572
PT [1 0 678 -63 2]
EMPTY QUEUE
 P 708734 13866 1168967 50815472
PT [1 0 679 -64 2]
 P 710874 13866 1168975 50885932
PT [1 0 680 -64 2]
 P 710874 13866 1172365 50958112
PT [1 0 681 -64 2]
 P 710874 13866 1175755 51030292
PT [1 0 682 -64 2]
 P 712598 13866 1175758 51102472
PT [1 0 683 -64 2]
EMPTY QUEUE
 P 712926 13866 1179157 51175541
PT [1 0 684 -64 2]
 P 715002 13866 1179165 51246832
PT [1 0 685 -64 2]
 P 715002 13866 1182555 51319012
PT [1 0 686 -64 2]
 P 715002 13866 1185945 51391192
PT [1 0 687 -64 2]
 P 716663 13866 1185948 51463372
PT [1 0 688 -64 2]
EMPTY QUEUE
 P 716989 13866 1189347 51537144
PT [1 0 689 -65 2]
 P 718489 13866 1189355 51607732
PT [1 0 690 -65 2]
 P 718489 13866 1192745 51679912
PT [1 0 691 -65 2]
 P 718489 13866 1196135 51752092
PT [1 0 692 -65 2]
 P 719575 13866 1196138 51824272
PT [1 0 693 -65 2]
EMPTY QUEUE
 P 719902 13866 1199537 51898237
PT [1 0 694 -65 2]
 P 722362 13866 1199545 51968632
PT [1 0 695 -65 2]
 P 722362 13866 1202935 52040812
PT [1 0 696 -65 2]
 P 722362 13866 1206325 52112992
PT [1 0 697 -65 2]
 P 724409 13866 1206328 52185172
PT [1 0 698 -65 2]
EMPTY QUEUE
 P 724736 13866 1209726 52258817
PT [1 0 699 -66 2]
 P 725596 13866 1209734 52329532
PT [1 0 700 -66 2]
 P 725596 13866 1213124 52401712
PT [1 0 701 -66 2]
 P 725596 13866 1216514 52473892
PT [1 0 702 -66 2]
 P 728092 13866 1216517 52546072
PT [1 0 703 -66 2]
EMPTY QUEUE
 P 728418 13866 1219916 52620932
PT [1 0 704 -66 2]
 P 731262 13866 1219924 52690432
PT [1 0 705 -66 2]
 P 731262 13866 1223314 52762612
PT [1 0 706 -66 2]
 P 731262 13866 1226704 52834792
PT [1 0 707 -66 2]
 P 733695 13866 1226707 52906972
PT [1 0 708 -66 2]
EMPTY QUEUE
 P 733706 13866 1230099 52980165
PT [1 0 709 -66 2]
EMPTY QUEUE
 P 736301 13866 1230115 53052509
PT [1 0 710 -66 2]
 P 736301 13866 1233505 53123512
PT [1 0 711 -66 2]
 P 736301 13866 1236895 53195692
PT [1 0 712 -66 2]
 P 738160 13866 1236898 53267872
PT [1 0 713 -66 2]
 P 738160 13866 1240288 53340052
PT [1 0 714 -66 2]
EMPTY QUEUE
 P 739668 13866 1240305 53413345
PT [1 0 715 -67 2]
 P 739668 13866 1243695 53484412
PT [1 0 716 -67 2]
 P 739668 13866 1247085 53556592
PT [1 0 717 -67 2]
 P 740439 13866 1247088 53628772
PT [1 0 718 -67 2]
 P 740439 13866 1250478 53700952
PT [1 0 719 -67 2]
EMPTY QUEUE
 P 742395 13866 1250494 53775717
PT [1 0 720 -67 2]
 P 742395 13866 1253884 53845312
PT [1 0 721 -67 2]
 P 742395 13866 1257274 53917492
PT [1 0 722 -67 2]
 P 743616 13866 1257277 53989672
PT [1 0 723 -67 2]
 P 743616 13866 1260667 54061852
PT [1 0 724 -67 2]
EMPTY QUEUE
 P 745507 13866 1260684 54135528
PT [1 0 725 -68 2]
 P 745507 13866 1264074 54206212
PT [1 0 726 -68 2]
 P 745507 13866 1267464 54278392
PT [1 0 727 -68 2]
 P 746663 13866 1267468 54350572
PT [1 0 728 -68 2]
 P 746663 13866 1270858 54422752
PT [1 0 729 -68 2]
EMPTY QUEUE
 P 747978 13866 1270874 54496877
PT [1 0 730 -68 2]
 P 747978 13866 1274264 54567112
PT [1 0 731 -68 2]
 P 747978 13866 1277654 54639292
PT [1 0 732 -68 2]
 P 750608 13866 1277657 54711472
PT [1 0 733 -68 2]
 P 750608 13866 1281047 54783652
PT [1 0 734 -68 2]
EMPTY QUEUE
 P 752883 13866 1281064 54857712
PT [1 0 735 -69 2]
 P 752883 13866 1284454 54928012
PT [1 0 736 -69 2]
 P 752883 13866 1287844 55000192
PT [1 0 737 -69 2]
 P 754425 13866 1287847 55072372
PT [1 0 738 -69 2]
 P 754425 13866 1291237 55144552
PT [1 0 739 -69 2]
EMPTY QUEUE
 P 757148 13866 1291253 55218037
PT [1 0 740 -69 2]
 P 757148 13866 1294643 55288912
PT [1 0 741 -69 2]
 P 757148 13866 1298033 55361092
PT [1 0 742 -69 2]
 P 759139 13866 1298036 55433272
PT [1 0 743 -69 2]
 P 759139 13866 1301426 55505452
PT [1 0 744 -69 2]
EMPTY QUEUE
 P 761797 13866 1301443 55579896
PT [1 0 745 -70 2]
 P 761797 13866 1304833 55649812
PT [1 0 746 -70 2]
 P 761797 13866 1308223 55721992
PT [1 0 747 -70 2]
 P 763725 13866 1308226 55794172
PT [1 0 748 -70 2]
 P 763725 13866 1311616 55866352
PT [1 0 749 -70 2]
EMPTY QUEUE
 P 765808 13866 1311633 55939197
PT [1 0 750 -70 2]
 P 765808 13866 1315023 56010712
PT [1 0 751 -70 2]
 P 765808 13866 1318413 56082892
PT [1 0 752 -70 2]
 P 767161 13866 1318416 56155072
PT [1 0 753 -70 2]
 P 767161 13866 1321806 56227252
PT [1 0 754 -70 2]
EMPTY QUEUE
 P 770205 13866 1321822 56302080
PT [1 0 755 -71 2]
 P 770205 13866 1325212 56371612
PT [1 0 756 -71 2]
 P 770205 13866 1328602 56443792
PT [1 0 757 -71 2]
 P 772519 13866 1328605 56515972
PT [1 0 758 -71 2]
 P 772519 13866 1331995 56588152
PT [1 0 759 -71 2]
EMPTY QUEUE
 P 773962 13866 1332012 56662405
PT [1 0 760 -71 2]
 P 773962 13866 1335402 56732512
PT [1 0 761 -71 2]
 P 773962 13866 1338792 56804692
PT [1 0 762 -71 2]
 P 774677 13866 1338795 56876872
PT [1 0 763 -71 2]
 P 774677 13866 1342185 56949052
PT [1 0 764 -71 2]
EMPTY QUEUE
 P 776057 13866 1342201 57022217
PT [1 0 765 -71 2]
 P 776057 13866 1345591 57093412
PT [1 0 766 -71 2]
 P 776057 13866 1348981 57165592
PT [1 0 767 -71 2]
 P 778757 13866 1348984 57237772
PT [1 0 768 -71 2]
 P 778757 13866 1352374 57309952
PT [1 0 769 -71 2]
EMPTY QUEUE
 P 781552 13866 1352391 57383404
PT [1 0 770 -72 2]
 P 783445 13866 1352399 57454312
PT [1 0 771 -72 2]
 P 785745 13866 1352407 57526492
PT [1 0 772 -72 2]
 P 787870 13866 1352410 57598672
PT [1 0 773 -72 2]
 P 787870 13866 1355800 57670852
PT [1 0 774 -72 2]
EMPTY QUEUE
 P 787935 13866 1361762 57746511
PT [1 0 775 -72 2]
EMPTY QUEUE
 P 788262 13866 1365160 57816485
PT [1 0 776 -72 2]
 P 790754 13866 1365168 57887392
PT [1 0 777 -72 2]
 P 791792 13866 1365171 57959572
PT [1 0 778 -72 2]
 P 791792 13866 1368561 58031752
PT [1 0 779 -72 2]
 P 791792 13866 1371951 58103932
PT [1 0 780 -72 2]
EMPTY QUEUE
 P 792119 13866 1375350 58177065
PT [1 0 781 -73 2]
 P 794291 13866 1375358 58248292
PT [1 0 782 -73 2]
 P 795777 13866 1375362 58320472
PT [1 0 783 -73 2]
 P 795777 13866 1378752 58392652
PT [1 0 784 -73 2]
 P 795777 13866 1382142 58464832
PT [1 0 785 -73 2]
EMPTY QUEUE
 P 796104 13866 1385540 58539181
PT [1 0 786 -73 2]
 P 797444 13866 1385548 58609192
PT [1 0 787 -73 2]
 P 798515 13866 1385551 58681372
PT [1 0 788 -73 2]
 P 798515 13866 1388941 58753552
PT [1 0 789 -73 2]
 P 798515 13866 1392331 58825732
PT [1 0 790 -73 2]
EMPTY QUEUE
 P 798844 13866 1395729 58898738
PT [1 0 791 -73 2]
 P 800888 13866 1395737 58970092
PT [1 0 792 -73 2]
 P 801640 13866 1395740 59042272
PT [1 0 793 -73 2]
 P 801640 13866 1399130 59114452
PT [1 0 794 -73 2]
 P 801640 13866 1402520 59186632
PT [1 0 795 -73 2]
EMPTY QUEUE
 P 801968 13866 1405918 59259829
PT [1 0 796 -74 2]
 P 804204 13866 1405926 59330992
PT [1 0 797 -74 2]
 P 806173 13866 1405929 59403172
PT [1 0 798 -74 2]
 P 806173 13866 1409319 59475352
PT [1 0 799 -74 2]
 P 806173 13866 1412709 59547532
PT [1 0 800 -74 2]
EMPTY QUEUE
 P 806500 13866 1416108 59620409
PT [1 0 801 -75 2]
 P 808416 13866 1416116 59691892
PT [1 0 802 -75 2]
 P 811090 13866 1416119 59764072
PT [1 0 803 -75 2]
 P 811090 13866 1419509 59836252
PT [1 0 804 -75 2]
 P 811090 13866 1422899 59908432
PT [1 0 805 -75 2]
EMPTY QUEUE
 P 811417 13866 1426298 59982525
PT [1 0 806 -75 2]
 P 812446 13866 1426306 60052792
PT [1 0 807 -75 2]
 P 813155 13866 1426309 60124972
PT [1 0 808 -75 2]
 P 815455 13866 1426317 60197152
PT [1 0 809 -75 2]
 P 815455 13866 1429707 60269332
PT [1 0 810 -75 2]
EMPTY QUEUE
 P 815782 13866 1433105 60342688
PT [1 0 811 -76 2]
 P 815782 13866 1436495 60413692
PT [1 0 812 -76 2]
 P 818380 13866 1436498 60485872
PT [1 0 813 -76 2]
 P 820872 13866 1436506 60558052
PT [1 0 814 -76 2]
 P 820872 13866 1439896 60630232
PT [1 0 815 -76 2]
EMPTY QUEUE
 P 821199 13866 1443296 60703526
PT [1 0 816 -76 2]
 P 821199 13866 1446686 60774592
PT [1 0 817 -76 2]
 P 823222 13866 1446689 60846772
PT [1 0 818 -76 2]
 P 825395 13866 1446697 60918952
PT [1 0 819 -76 2]
 P 825395 13866 1450087 60991132
PT [1 0 820 -76 2]
EMPTY QUEUE
 P 825722 13866 1453485 61065897
PT [1 0 821 -76 2]
 P 825722 13866 1456875 61135492
PT [1 0 822 -76 2]
 P 826658 13866 1456878 61207672
PT [1 0 823 -76 2]
 P 827998 13866 1456886 61279852
PT [1 0 824 -76 2]
 P 827998 13866 1460276 61352032
PT [1 0 825 -76 2]
EMPTY QUEUE
 P 828327 13866 1463675 61425711
PT [1 0 826 -76 2]
 P 828327 13866 1467065 61496392
PT [1 0 827 -76 2]
 P 829712 13866 1467068 61568572
PT [1 0 828 -76 2]
 P 831757 13866 1467076 61640752
PT [1 0 829 -76 2]
 P 831757 13866 1470466 61712932
PT [1 0 830 -76 2]
EMPTY QUEUE
 P 832084 13866 1473864 61787057
PT [1 0 831 -77 2]
 P 832084 13866 1477254 61857292
PT [1 0 832 -77 2]
 P 833406 13866 1477257 61929472
PT [1 0 833 -77 2]
 P 835641 13866 1477266 62001652
PT [1 0 834 -77 2]
 P 835641 13866 1480656 62073832
PT [1 0 835 -77 2]
EMPTY QUEUE
 P 835969 13866 1484055 62147893
PT [1 0 836 -78 2]
 P 835969 13866 1487445 62218192
PT [1 0 837 -78 2]
 P 836715 13866 1487449 62290372
PT [1 0 838 -78 2]
 P 838631 13866 1487457 62362552
PT [1 0 839 -78 2]
 P 838631 13866 1490847 62434732
PT [1 0 840 -78 2]
EMPTY QUEUE
 P 838958 13866 1494245 62508217
PT [1 0 841 -78 2]
 P 838958 13866 1497635 62579092
PT [1 0 842 -78 2]
 P 840665 13866 1497638 62651272
PT [1 0 843 -78 2]
 P 841748 13866 1497647 62723452
PT [1 0 844 -78 2]
 P 841748 13866 1501037 62795632
PT [1 0 845 -78 2]
EMPTY QUEUE
 P 842076 13866 1504436 62870077
PT [1 0 846 -79 2]
 P 842076 13866 1507826 62939992
PT [1 0 847 -79 2]
 P 844232 13866 1507829 63012172
PT [1 0 848 -79 2]
 P 846019 13866 1507838 63084352
PT [1 0 849 -79 2]
 P 846019 13866 1511228 63156532
PT [1 0 850 -79 2]
EMPTY QUEUE
 P 846346 13866 1514626 63229377
PT [1 0 851 -79 2]
 P 846346 13866 1518016 63300892
PT [1 0 852 -79 2]
 P 848439 13866 1518019 63373072
PT [1 0 853 -79 2]
 P 850418 13866 1518028 63445252
PT [1 0 854 -79 2]
 P 850418 13866 1521418 63517432
PT [1 0 855 -79 2]
EMPTY QUEUE
 P 850744 13866 1524817 63592260
PT [1 0 856 -80 2]
 P 850744 13866 1528207 63661792
PT [1 0 857 -80 2]
 P 852262 13866 1528210 63733972
PT [1 0 858 -80 2]
 P 853921 13866 1528219 63806152
PT [1 0 859 -80 2]
 P 853921 13866 1531609 63878332
PT [1 0 860 -80 2]
EMPTY QUEUE
 P 854248 13866 1535008 63952585
PT [1 0 861 -80 2]
 P 854248 13866 1538398 64022692
PT [1 0 862 -80 2]
 P 856727 13866 1538401 64094872
PT [1 0 863 -80 2]
 P 859602 13866 1538410 64167052
PT [1 0 864 -80 2]
 P 859602 13866 1541800 64239232
PT [1 0 865 -80 2]
EMPTY QUEUE
 P 859929 13866 1545198 64312396
PT [1 0 866 -81 2]
 P 859929 13866 1548588 64383592
PT [1 0 867 -81 2]
 P 860809 13866 1548591 64455772
PT [1 0 868 -81 2]
 P 862340 13866 1548600 64527952
PT [1 0 869 -81 2]
 P 862340 13866 1551990 64600132
PT [1 0 870 -81 2]
EMPTY QUEUE
 P 862666 13866 1555389 64673744
PT [1 0 871 -81 2]
 P 862666 13866 1558779 64744492
PT [1 0 872 -81 2]
 P 863483 13866 1558782 64816672
PT [1 0 873 -81 2]
 P 865206 13866 1558791 64888852
PT [1 0 874 -81 2]
 P 865206 13866 1562181 64961032
PT [1 0 875 -81 2]
EMPTY QUEUE
 P 865534 13866 1565579 65034581
PT [1 0 876 -81 2]
 P 865534 13866 1568969 65105392
PT [1 0 877 -81 2]
 P 867824 13866 1568972 65177572
PT [1 0 878 -81 2]
 P 869227 13866 1568981 65249752
PT [1 0 879 -81 2]
 P 869227 13866 1572371 65321932
PT [1 0 880 -81 2]
EMPTY QUEUE
 P 869553 13866 1575770 65394904
PT [1 0 881 -82 2]
 P 869553 13866 1579160 65466292
PT [1 0 882 -82 2]
 P 870756 13866 1579163 65538472
PT [1 0 883 -82 2]
 P 873375 13866 1579172 65610652
PT [1 0 884 -82 2]
 P 873375 13866 1582562 65682832
PT [1 0 885 -82 2]
EMPTY QUEUE
 P 873702 13866 1585960 65756765
PT [1 0 886 -82 2]
 P 873702 13866 1589350 65827192
PT [1 0 887 -82 2]
 P 875353 13866 1589355 65899372
PT [1 0 888 -82 2]
 P 876628 13866 1589364 65971552
PT [1 0 889 -82 2]
 P 876628 13866 1592754 66043732
PT [1 0 890 -82 2]
EMPTY QUEUE
 P 876954 13866 1596153 66118112
PT [1 0 891 -83 2]
 P 876954 13866 1599543 66188092
PT [1 0 892 -83 2]
 P 878542 13866 1599547 66260272
PT [1 0 893 -83 2]
 P 880009 13866 1599556 66332452
PT [1 0 894 -83 2]
 P 882308 13866 1599565 66404632
PT [1 0 895 -83 2]
EMPTY QUEUE
 P 882373 13866 1605527 66480291
PT [1 0 896 -83 2]
EMPTY QUEUE
 P 882439 13866 1611490 66552568
PT [1 0 897 -83 2]
 P 883453 13866 1611494 66621172
PT [1 0 898 -83 2]
EMPTY QUEUE
 P 883780 13866 1614892 66694624
PT [1 0 899 -84 2]
 P 886271 13866 1614901 66765532
PT [1 0 900 -84 2]
 P 886271 13866 1618291 66837712
PT [1 0 901 -84 2]
 P 886271 13866 1621681 66909892
PT [1 0 902 -84 2]
 P 888245 13866 1621684 66982072
PT [1 0 903 -84 2]
EMPTY QUEUE
 P 888571 13866 1625083 67055204
PT [1 0 904 -84 2]
 P 890742 13866 1625092 67126432
PT [1 0 905 -84 2]
 P 890742 13866 1628482 67198612
PT [1 0 906 -84 2]
 P 890742 13866 1631872 67270792
PT [1 0 907 -84 2]
 P 893165 13866 1631875 67342972
PT [1 0 908 -84 2]
EMPTY QUEUE
 P 893493 13866 1635273 67417320
PT [1 0 909 -84 2]
 P 894832 13866 1635282 67487332
PT [1 0 910 -84 2]
 P 894832 13866 1638672 67559512
PT [1 0 911 -84 2]
 P 894832 13866 1642062 67631692
PT [1 0 912 -84 2]
 P 897192 13866 1642065 67703872
PT [1 0 913 -84 2]
EMPTY QUEUE
 P 897519 13866 1645464 67776876
PT [1 0 914 -85 2]
 P 899563 13866 1645473 67848232
PT [1 0 915 -85 2]
 P 899563 13866 1648863 67920412
PT [1 0 916 -85 2]
 P 899563 13866 1652253 67992592
PT [1 0 917 -85 2]
 P 901348 13866 1652256 68064772
PT [1 0 918 -85 2]
EMPTY QUEUE
 P 901675 13866 1655654 68137969
PT [1 0 919 -85 2]
 P 903910 13866 1655663 68209132
PT [1 0 920 -85 2]
 P 903910 13866 1659053 68281312
PT [1 0 921 -85 2]
 P 903910 13866 1662443 68353492
PT [1 0 922 -85 2]
 P 904608 13866 1662446 68425672
PT [1 0 923 -85 2]
EMPTY QUEUE
 P 904934 13866 1665845 68498548
PT [1 0 924 -86 2]
 P 906850 13866 1665854 68570032
PT [1 0 925 -86 2]
 P 906850 13866 1669244 68642212
PT [1 0 926 -86 2]
 P 906850 13866 1672634 68714392
PT [1 0 927 -86 2]
 P 907997 13866 1672637 68786572
PT [1 0 928 -86 2]
EMPTY QUEUE
 P 908324 13866 1676035 68860665
PT [1 0 929 -86 2]
 P 909407 13866 1676044 68930932
PT [1 0 930 -86 2]
 P 909407 13866 1679434 69003112
PT [1 0 931 -86 2]
 P 909407 13866 1682824 69075292
PT [1 0 932 -86 2]
 P 910491 13866 1682827 69147472
PT [1 0 933 -86 2]
EMPTY QUEUE
 P 910818 13866 1686226 69222268
PT [1 0 934 -87 2]
 P 912605 13866 1686234 69291832
PT [1 0 935 -87 2]
 P 912605 13866 1689624 69364012
PT [1 0 936 -87 2]
 P 912605 13866 1693014 69436192
PT [1 0 937 -87 2]
 P 915162 13866 1693017 69508372
PT [1 0 938 -87 2]
EMPTY QUEUE
 P 915489 13866 1696415 69581313
PT [1 0 939 -87 2]
 P 917468 13866 1696423 69652732
PT [1 0 940 -87 2]
 P 917468 13866 1699813 69724912
PT [1 0 941 -87 2]
 P 917468 13866 1703203 69797092
PT [1 0 942 -87 2]
 P 917468 13866 1706593 69869272
PT [1 0 943 -87 2]
 P 918938 13866 1706596 69941452
PT [1 0 944 -87 2]
EMPTY QUEUE
 P 920923 13866 1706613 70016280
PT [1 0 945 -88 2]
 P 920923 13866 1710003 70085812
PT [1 0 946 -88 2]
 P 920923 13866 1713393 70157992
PT [1 0 947 -88 2]
 P 920923 13866 1716783 70230172
PT [1 0 948 -88 2]
 P 922842 13866 1716786 70302352
PT [1 0 949 -88 2]
EMPTY QUEUE
 P 926045 13866 1716802 70376605
PT [1 0 950 -88 2]
 P 926045 13866 1720192 70446712
PT [1 0 951 -88 2]
 P 926045 13866 1723582 70518892
PT [1 0 952 -88 2]
 P 926045 13866 1726972 70591072
PT [1 0 953 -88 2]
 P 927900 13866 1726976 70663252
PT [1 0 954 -88 2]
EMPTY QUEUE
 P 929703 13866 1726992 70736704
PT [1 0 955 -89 2]
 P 929703 13866 1730382 70807612
PT [1 0 956 -89 2]
 P 931650 13866 1730390 70879792
PT [1 0 957 -89 2]
 P 931650 13866 1733780 70951972
PT [1 0 958 -89 2]
 P 932930 13866 1733783 71024152
PT [1 0 959 -89 2]
EMPTY QUEUE
 P 933257 13866 1737182 71097285
PT [1 0 960 -89 2]
 P 933257 13866 1740572 71168512
PT [1 0 961 -89 2]
 P 935652 13866 1740580 71240692
PT [1 0 962 -89 2]
 P 935652 13866 1743970 71312872
PT [1 0 963 -89 2]
 P 937893 13866 1743973 71385052
PT [1 0 964 -89 2]
EMPTY QUEUE
 P 938220 13866 1747371 71459401
PT [1 0 965 -89 2]
 P 938220 13866 1750761 71529412
PT [1 0 966 -89 2]
 P 940551 13866 1750769 71601592
PT [1 0 967 -89 2]
 P 940551 13866 1754159 71673772
PT [1 0 968 -89 2]
 P 941193 13866 1754162 71745952
PT [1 0 969 -89 2]
EMPTY QUEUE
 P 941519 13866 1757561 71818956
PT [1 0 970 -90 2]
 P 941519 13866 1760951 71890312
PT [1 0 971 -90 2]
 P 941519 13866 1764341 71962492
PT [1 0 972 -90 2]
 P 943274 13866 1764349 72034672
PT [1 0 973 -90 2]
 P 945901 13866 1764352 72106852
PT [1 0 974 -90 2]
EMPTY QUEUE
 P 946228 13866 1767750 72180049
PT [1 0 975 -90 2]
 P 946228 13866 1771140 72251212
PT [1 0 976 -90 2]
 P 946228 13866 1774530 72323392
PT [1 0 977 -90 2]
 P 948943 13866 1774538 72395572
PT [1 0 978 -90 2]
 P 950995 13866 1774541 72467752
PT [1 0 979 -90 2]
EMPTY QUEUE
 P 951321 13866 1777940 72540628
PT [1 0 980 -91 2]
 P 951321 13866 1781330 72612112
PT [1 0 981 -91 2]
 P 951321 13866 1784720 72684292
PT [1 0 982 -91 2]
 P 952436 13866 1784728 72756472
PT [1 0 983 -91 2]
 P 953401 13866 1784731 72828652
PT [1 0 984 -91 2]
EMPTY QUEUE
 P 953728 13866 1788129 72902745
PT [1 0 985 -91 2]
 P 953728 13866 1791519 72973012
PT [1 0 986 -91 2]
 P 953728 13866 1794909 73045192
PT [1 0 987 -91 2]
 P 954779 13866 1794917 73117372
PT [1 0 988 -91 2]
 P 956193 13866 1794920 73189552
PT [1 0 989 -91 2]
EMPTY QUEUE
 P 956519 13866 1798319 73264348
PT [1 0 990 -92 2]
 P 956519 13866 1801709 73333912
PT [1 0 991 -92 2]
 P 956519 13866 1805099 73406092
PT [1 0 992 -92 2]
 P 959042 13866 1805107 73478272
PT [1 0 993 -92 2]
 P 960393 13866 1805110 73550452
PT [1 0 994 -92 2]
EMPTY QUEUE
 P 960721 13866 1808508 73623393
PT [1 0 995 -92 2]
 P 960721 13866 1811898 73694812
PT [1 0 996 -92 2]
 P 960721 13866 1815288 73766992
PT [1 0 997 -92 2]
 P 962156 13866 1815296 73839172
PT [1 0 998 -92 2]
 P 962932 13866 1815299 73911352
PT [1 0 999 -92 2]
EMPTY QUEUE
 P 963258 13866 1818698 73986020
PT [1 0 1000 -93 2]
 P 963258 13866 1822088 74055712
PT [1 0 1001 -93 2]
 P 963258 13866 1825478 74127892
PT [1 0 1002 -93 2]
 P 965141 13866 1825486 74200072
PT [1 0 1003 -93 2]
 P 966878 13866 1825489 74272252
PT [1 0 1004 -93 2]
EMPTY QUEUE
 P 967205 13866 1828888 74346089
PT [1 0 1005 -93 2]
 P 967205 13866 1832278 74416612
PT [1 0 1006 -93 2]
 P 967205 13866 1835668 74488792
PT [1 0 1007 -93 2]
 P 969024 13866 1835676 74560972
PT [1 0 1008 -93 2]
 P 971209 13866 1835680 74633152
PT [1 0 1009 -93 2]
EMPTY QUEUE
 P 971536 13866 1839078 74707692
PT [1 0 1010 -94 2]
 P 971536 13866 1842468 74777512
PT [1 0 1011 -94 2]
 P 971536 13866 1845858 74849692
PT [1 0 1012 -94 2]
 P 972779 13866 1845866 74921872
PT [1 0 1013 -94 2]
 P 974901 13866 1845869 74994052
PT [1 0 1014 -94 2]
EMPTY QUEUE
 P 975228 13866 1849268 75068785
PT [1 0 1015 -94 2]
 P 975228 13866 1852658 75138412
PT [1 0 1016 -94 2]
 P 975228 13866 1856048 75210592
PT [1 0 1017 -94 2]
 P 977431 13866 1856056 75282772
PT [1 0 1018 -94 2]
 P 978978 13866 1856059 75354952
PT [1 0 1019 -94 2]
EMPTY QUEUE
 P 979305 13866 1859457 75429365
PT [1 0 1020 -94 2]
 P 979305 13866 1862847 75499312
PT [1 0 1021 -94 2]
 P 979305 13866 1866237 75571492
PT [1 0 1022 -94 2]
 P 979305 13866 1869627 75643672
PT [1 0 1023 -94 2]
 P 981956 13866 1869635 75715852
PT [1 0 1024 -94 2]
 P 984464 13866 1869638 75788032
PT [1 0 1025 -94 2]
EMPTY QUEUE
 P 984791 13866 1873037 75861613
PT [1 0 1026 -95 2]
 P 984791 13866 1876427 75932392
PT [1 0 1027 -95 2]
 P 984791 13866 1879817 76004572
PT [1 0 1028 -95 2]
 P 987378 13866 1879825 76076752
PT [1 0 1029 -95 2]
 P 988287 13866 1879828 76148932
PT [1 0 1030 -95 2]
EMPTY QUEUE
 P 988614 13866 1883226 76223217
PT [1 0 1031 -95 2]
 P 988614 13866 1886616 76293292
PT [1 0 1032 -95 2]
 P 988614 13866 1890006 76365472
PT [1 0 1033 -95 2]
 P 990625 13866 1890014 76437652
PT [1 0 1034 -95 2]
 P 991471 13866 1890017 76509832
PT [1 0 1035 -95 2]
EMPTY QUEUE
 P 991797 13866 1893416 76584308
PT [1 0 1036 -96 2]
 P 991797 13866 1896806 76654192
PT [1 0 1037 -96 2]
 P 991797 13866 1900196 76726372
PT [1 0 1038 -96 2]
 P 992720 13866 1900204 76798552
PT [1 0 1039 -96 2]
 P 995039 13866 1900207 76870732
PT [1 0 1040 -96 2]
EMPTY QUEUE
 P 995367 13866 1903605 76944889
PT [1 0 1041 -96 2]
 P 995367 13866 1906995 77015092
PT [1 0 1042 -96 2]
 P 995367 13866 1910385 77087272
PT [1 0 1043 -96 2]
 P 996738 13866 1910393 77159452
PT [1 0 1044 -96 2]
 P 997970 13866 1910397 77231632
PT [1 0 1045 -96 2]
EMPTY QUEUE
 P 998296 13866 1913796 77304956
PT [1 0 1046 -97 2]
 P 998296 13866 1917186 77375992
PT [1 0 1047 -97 2]
 P 998296 13866 1920576 77448172
PT [1 0 1048 -97 2]
 P 999603 13866 1920584 77520352
PT [1 0 1049 -97 2]
 P 1001284 13866 1920587 77592532
PT [1 0 1050 -97 2]
EMPTY QUEUE
 P 1001611 13866 1923985 77666561
PT [1 0 1051 -97 2]
 P 1001611 13866 1927375 77736892
PT [1 0 1052 -97 2]
 P 1001611 13866 1930765 77809072
PT [1 0 1053 -97 2]
 P 1004390 13866 1930773 77881252
PT [1 0 1054 -97 2]
 P 1006009 13866 1930776 77953432
PT [1 0 1055 -97 2]
EMPTY QUEUE
 P 1006335 13866 1934175 78027652
PT [1 0 1056 -98 2]
 P 1006335 13866 1937565 78097792
PT [1 0 1057 -98 2]
 P 1006335 13866 1940955 78169972
PT [1 0 1058 -98 2]
 P 1008026 13866 1940963 78242152
PT [1 0 1059 -98 2]
 P 1008026 13866 1944353 78314332
PT [1 0 1060 -98 2]
 P 1009517 13866 1944356 78386512
PT [1 0 1061 -98 2]
EMPTY QUEUE
 P 1009845 13866 1947754 78460413
PT [1 0 1062 -98 2]
 P 1009845 13866 1951144 78530872
PT [1 0 1063 -98 2]
