using saved target 'z1'
../../../../contiki/tools/sky/serialdump-linux -b115200 /dev/ttyUSB3
connecting to /dev/ttyUSB3 (115200) [OK]
Rime started with address 4.0
MAC 04:00:00:00:00:00:00:00 Ref ID: 4841
Contiki-3.x-2125-g5d67a61 started. Node id is set to 4.

************************************************
RTIMER_SECOND = 32768. F_CPU=8000000.
CLOCK_SECOND=128.
DURSLOT = 6015.(0.1835 s).
DURSLEEP = 66165.
DURCYCLE = 72180 .(2.2027 s).
MAX_CLOCK_DRIFT = WAKEUP_ADVANCE_TIME = 327 (0.0033 s).
PERIODIC_BCAST_CYCLES_SENSOR = 196611.
PERIODIC_BCAST_CYCLES_SINK = 196611.
MAX_CYCLE_COUNTER = 27904.
MAX_COUNT_NO_RTS_CTS = 65535.
MAX_CHILD_NUM = 10.
MAX_TRY_TO_FIND_PARENT = 3.

**********Below is Related Settings**********
PRIMAC_CONF_COMPOWER = 1.
PRIMAC_CONF_COMPOWER_SUPPORT = 1.
SF = 10.
PRI_SYNC_SUPPORT = 1.
RANDOM_DRIFT_IN_COOJA_SUPPORT = 0.
ADCSC_SUPPORT = 0.
DATA_TX_SUPPORT = 1.
CYCLES_PER_PACKET = 4.
DATA_INTERVAL = 3.
RETX_LIMIT = 6.
TOTAL_DATA_NUM = 50.
MAX_DATA_QUEUE_BUFS = 10.
PROC_GRADE_BASED_ON_ADDR_SUPPORT = 1.
NODES_NUM_PER_GRADE = 2.
ADDRESS_FREE_SUPPORT = 0.
IS_COOJA_SIM = 0.
CROSS_PLATFORM_SUPPORT = 1.
************************************************

My address is 4.0.
nullmac PRIMAC, channel check rate 8 Hz, radio channel 26
Starting
Hello, world
 P 0 0 0 1788691
 P 0 0 3451 1862797
 P 0 0 6841 1933051
 P 0 0 10231 2005231
 P 0 0 13621 2077411
 P 0 0 17011 2149591
EMPTY QUEUE
 P 359 0 20410 2223940
PT [2 0 1 -2 1]
 P 359 0 23800 2293951
PT [2 0 2 -2 1]
 P 359 0 27190 2366131
PT [2 0 3 -2 1]
 P 359 0 30580 2438311
PT [2 0 4 -2 1]
 P 3106 0 31223 2510491
PT [2 0 5 -2 1]
EMPTY QUEUE
 P 6138 0 32206 2584105
PT [2 0 6 0 1]
 P 6138 0 35596 2654851
PT [2 0 7 0 1]
 P 6138 0 38986 2727031
PT [2 0 8 0 1]
 P 6138 0 42376 2799211
PT [2 0 9 0 1]
rcv bro rts
 P 7178 0 42416 2871391
PT [2 0 10 0 1]
 P 8457 0 42419 2943571
PT [2 0 11 0 1]
EMPTY QUEUE
 P 9072 0 45817 3017888
PT [2 0 12 -1 1]
 P 9072 0 49207 3087931
PT [2 0 13 -1 1]
 P 9072 0 52597 3160111
PT [2 0 14 -1 1]
 P 10473 0 52605 3232291
PT [2 0 15 -1 1]
 P 11854 0 52608 3304471
PT [2 0 16 -1 1]
EMPTY QUEUE
 P 12406 0 56006 3378916
PT [2 0 17 -1 1]
 P 12406 0 59396 3448831
PT [2 0 18 -1 1]
 P 12406 0 62786 3521011
PT [2 0 19 -1 1]
 P 14688 0 62794 3593191
PT [2 0 20 -1 1]
 P 16936 0 62798 3665371
PT [2 0 21 -1 1]
EMPTY QUEUE
 P 17487 0 66196 3739496
PT [2 0 22 -1 1]
 P 17487 0 69586 3809731
PT [2 0 23 -1 1]
 P 17487 0 72976 3881911
PT [2 0 24 -1 1]
 P 18886 0 72985 3954091
PT [2 0 25 -1 1]
 P 19738 0 72989 4026271
PT [2 0 26 -1 1]
EMPTY QUEUE
 P 19803 0 78951 4101642
PT [2 0 27 -1 1]
EMPTY QUEUE
 P 19868 0 84913 4175038
PT [2 0 28 -1 1]
EMPTY QUEUE
 P 20483 0 88311 4245204
PT [2 0 29 -1 1]
 P 23210 0 88321 4314991
PT [2 0 30 -1 1]
 P 24759 0 88325 4387171
PT [2 0 31 -1 1]
 P 24759 0 91715 4459351
PT [2 0 32 -1 1]
 P 24759 0 95105 4531531
PT [2 0 33 -1 1]
EMPTY QUEUE
 P 25246 0 98503 4606168
PT [2 0 34 -1 1]
 P 27854 0 98512 4675891
PT [2 0 35 -1 1]
 P 28931 0 98515 4748071
PT [2 0 36 -1 1]
 P 28931 0 101905 4820251
PT [2 0 37 -1 1]
 P 28931 0 105295 4892431
PT [2 0 38 -1 1]
EMPTY QUEUE
 P 29546 0 108693 4966876
PT [2 0 39 -1 1]
 P 32369 0 108701 5036791
PT [2 0 40 -1 1]
 P 33380 0 108704 5108971
PT [2 0 41 -1 1]
 P 33380 0 112094 5181151
PT [2 0 42 -1 1]
 P 33380 0 115484 5253331
PT [2 0 43 -1 1]
EMPTY QUEUE
 P 33964 0 118883 5326912
PT [2 0 44 -1 1]
 P 34820 0 118893 5397691
PT [2 0 45 -1 1]
 P 36886 0 118896 5469871
PT [2 0 46 -1 1]
 P 36886 0 122286 5542051
PT [2 0 47 -1 1]
 P 36886 0 125676 5614231
PT [2 0 48 -1 1]
EMPTY QUEUE
 P 37405 0 129075 5688452
PT [2 0 49 -1 1]
 P 39208 0 129083 5758591
PT [2 0 50 -1 1]
 P 39997 0 129086 5830771
PT [2 0 51 -1 1]
 P 39997 0 132476 5902951
PT [2 0 52 -1 1]
 P 39997 0 135866 5975131
PT [2 0 53 -1 1]
EMPTY QUEUE
 P 40062 0 141828 6051654
PT [2 0 54 -1 1]
EMPTY QUEUE
 P 42839 0 141846 6121436
PT [2 0 55 -1 1]
 P 43601 0 141849 6191671
PT [2 0 56 -1 1]
 P 43601 0 145239 6263851
PT [2 0 57 -1 1]
 P 43601 0 148629 6336031
PT [2 0 58 -1 1]
 P 43601 0 152019 6408211
PT [2 0 59 -1 1]
EMPTY QUEUE
 P 46818 0 152036 6482752
PT [2 0 60 -1 1]
 P 48755 0 152039 6552571
PT [2 0 61 -1 1]
 P 48755 0 155429 6624751
PT [2 0 62 -1 1]
 P 48755 0 158819 6696931
PT [2 0 63 -1 1]
 P 48755 0 162209 6769111
PT [2 0 64 -1 1]
EMPTY QUEUE
 P 51439 0 162227 6843652
PT [2 0 65 -1 1]
 P 53031 0 162230 6913471
PT [2 0 66 -1 1]
 P 53031 0 165620 6985651
PT [2 0 67 -1 1]
 P 53031 0 169010 7057831
PT [2 0 68 -1 1]
 P 53031 0 172400 7130011
PT [2 0 69 -1 1]
EMPTY QUEUE
 P 54359 0 174982 7206055
PT [2 0 70 -1 1]
 P 57127 0 174985 7274371
PT [2 0 71 -1 1]
EMPTY QUEUE
 P 57743 0 178384 7348944
PT [2 0 72 -1 1]
 P 57743 0 181774 7418731
PT [2 0 73 -1 1]
 P 57743 0 185164 7490911
PT [2 0 74 -1 1]
 P 60352 0 185172 7563091
PT [2 0 75 -1 1]
 P 61437 0 185175 7635271
PT [2 0 76 -1 1]
EMPTY QUEUE
 P 62052 0 188574 7710036
PT [2 0 77 -1 1]
 P 62052 0 191964 7779631
PT [2 0 78 -1 1]
 P 62052 0 195354 7851811
PT [2 0 79 -1 1]
 P 63857 0 195362 7923991
PT [2 0 80 -1 1]
 P 65703 0 195365 7996171
PT [2 0 81 -1 1]
EMPTY QUEUE
 P 66190 0 198764 8070488
PT [2 0 82 -1 1]
 P 66190 0 202154 8140531
PT [2 0 83 -1 1]
 P 66190 0 205544 8212711
PT [2 0 84 -1 1]
 P 67938 0 205553 8284891
PT [2 0 85 -1 1]
 P 68738 0 205556 8357071
PT [2 0 86 -1 1]
EMPTY QUEUE
 P 69353 0 208955 8430684
PT [2 0 87 -1 1]
 P 69353 0 212345 8501431
PT [2 0 88 -1 1]
 P 69353 0 215735 8573611
PT [2 0 89 -1 1]
 P 70966 0 215744 8645791
PT [2 0 90 -1 1]
 P 73067 0 215748 8717971
PT [2 0 91 -1 1]
EMPTY QUEUE
 P 73618 0 219147 8792224
PT [2 0 92 -1 1]
 P 73618 0 222537 8862331
PT [2 0 93 -1 1]
 P 73618 0 225927 8934511
PT [2 0 94 -1 1]
 P 75082 0 225935 9006691
PT [2 0 95 -1 1]
 P 76902 0 225938 9078871
PT [2 0 96 -1 1]
EMPTY QUEUE
 P 77455 0 229337 9153317
PT [2 0 97 0 1]
 P 77455 0 232727 9223231
PT [2 0 98 0 1]
 P 77455 0 236117 9295411
PT [2 0 99 0 1]
 P 78654 0 236125 9367591
PT [2 0 100 0 1]
 P 78654 0 239515 9439771
PT [2 0 101 0 1]
EMPTY QUEUE
 P 79205 0 242914 9513896
PT [2 0 102 -1 1]
 P 80520 0 242917 9584131
PT [2 0 103 -1 1]
 P 80520 0 246307 9656311
PT [2 0 104 -1 1]
 P 82715 0 246315 9728491
PT [2 0 105 -1 1]
 P 82715 0 249705 9800671
PT [2 0 106 -1 1]
EMPTY QUEUE
 P 83202 0 253104 9873900
PT [2 0 107 -1 1]
 P 84458 0 253108 9945031
PT [2 0 108 -1 1]
 P 84458 0 256498 10017211
PT [2 0 109 -1 1]
 P 87281 0 256507 10089391
PT [2 0 110 -1 1]
 P 87281 0 259897 10161571
PT [2 0 111 -1 1]
EMPTY QUEUE
 P 87897 0 263296 10235632
PT [2 0 112 -1 1]
 P 89844 0 263299 10305931
PT [2 0 113 -1 1]
 P 89844 0 266689 10378111
PT [2 0 114 -1 1]
 P 90733 0 266697 10450291
PT [2 0 115 -1 1]
 P 90733 0 270087 10522471
PT [2 0 116 -1 1]
EMPTY QUEUE
 P 91317 0 273486 10596692
PT [2 0 117 -1 1]
 P 91317 0 276876 10666831
PT [2 0 118 -1 1]
 P 92588 0 276879 10739011
PT [2 0 119 -1 1]
 P 95284 0 276887 10811191
PT [2 0 120 -1 1]
 P 95284 0 280277 10883371
PT [2 0 121 -1 1]
EMPTY QUEUE
 P 95804 0 283676 10957208
PT [2 0 122 -1 1]
 P 95804 0 287066 11027731
PT [2 0 123 -1 1]
 P 97148 0 287070 11099911
PT [2 0 124 -1 1]
 P 98833 0 287078 11172091
PT [2 0 125 -1 1]
 P 98833 0 290468 11244271
PT [2 0 126 -1 1]
EMPTY QUEUE
 P 99355 0 293866 11319326
PT [2 0 127 -1 1]
 P 99355 0 297256 11388631
PT [2 0 128 -1 1]
 P 101246 0 297259 11460811
PT [2 0 129 -1 1]
 P 102541 0 297267 11532991
PT [2 0 130 -1 1]
 P 102541 0 300657 11605171
PT [2 0 131 -1 1]
EMPTY QUEUE
 P 103029 0 304056 11678848
PT [2 0 132 -1 1]
 P 103029 0 307446 11749531
PT [2 0 133 -1 1]
 P 105458 0 307449 11821711
PT [2 0 134 -1 1]
 P 107303 0 307457 11893891
PT [2 0 135 -1 1]
 P 107855 72 310858 11968067
PT [2 0 136 -1 1]
 P 107922 72 316820 12043011
PT [2 0 137 -1 1]
 P 107988 72 322783 12114839
PT [2 0 138 -1 1]
 P 109212 72 322786 12182611
PT [2 0 139 -1 1]
 P 111057 144 322805 12257010
PT [2 0 140 -1 1]
 P 111219 144 326200 12329100
PT [2 0 141 -1 1]
 P 111542 144 329595 12401248
PT [2 0 142 -1 1]
 P 111607 144 335557 12475738
PT [2 0 143 -1 1]
 P 112955 144 335560 12543511
PT [2 0 144 -1 1]
 P 114682 216 335578 12617942
PT [2 0 145 -1 1]
 P 116005 216 335581 12687871
PT [2 0 146 -1 1]
 P 116070 216 341543 12764650
PT [2 0 147 -1 1]
 P 116362 216 344938 12834298
PT [2 0 148 -1 1]
 P 116749 216 348333 12906574
PT [2 0 149 -1 1]
 P 119615 216 348349 12978569
PT [2 0 150 -1 1]
 P 120879 216 348353 13048771
PT [2 0 151 -1 1]
 P 121364 216 351748 13123402
PT [2 0 152 -1 1]
Warning: retx limit drop data
 P 121429 216 357710 13197623
PT [2 0 153 -1 1]
 P 121494 216 363672 13269718
PT [2 0 154 -1 1]
 P 123460 216 363675 13337491
PT [2 0 155 -1 1]
 P 124859 216 363692 13411682
PT [2 0 156 -1 1]
 P 126195 216 363695 13481851
PT [2 0 157 -1 1]
 P 127627 216 363711 13556425
PT [2 0 158 -1 1]
 P 128938 216 363714 13626211
PT [2 0 159 -1 1]
 P 130378 216 363731 13700753
PT [2 0 160 0 1]
 P 131664 216 363734 13770571
PT [2 0 161 0 1]
 P 133144 216 363751 13844601
PT [2 0 162 0 1]
 P 134528 216 363755 13914931
PT [2 0 163 0 1]
Warning: retx limit drop data
 P 135888 216 363772 13989909
PT [2 0 164 -1 1]
 P 137247 216 363775 14059291
PT [2 0 165 -1 1]
 P 138551 216 363792 14132553
PT [2 0 166 0 1]
 P 139885 216 363795 14203651
PT [2 0 167 0 1]
 P 141381 216 363811 14276945
PT [2 0 168 -1 1]
 P 142690 216 363814 14348011
PT [2 0 169 -1 1]
 P 144194 216 363831 14422810
PT [2 0 170 0 1]
 P 145478 216 363835 14492371
PT [2 0 171 0 1]
 P 146408 216 366416 14568094
PT [2 0 172 0 1]
 P 147795 216 366419 14636731
PT [2 0 173 0 1]
 P 149124 216 366436 14710826
PT [2 0 174 1 1]
 P 150486 216 366439 14781091
PT [2 0 175 1 1]
Warning: retx limit drop data
 P 151918 216 366455 14855846
PT [2 0 176 0 1]
 P 153255 216 366458 14925451
PT [2 0 177 0 1]
 P 154751 216 366474 15000025
PT [2 0 178 0 1]
 P 156063 216 366477 15069811
PT [2 0 179 0 1]
 P 157472 216 366493 15143745
PT [2 0 180 0 1]
 P 159696 288 366511 15217126
PT [2 0 181 0 1]
 P 160970 288 366514 15286351
PT [2 0 182 0 1]
 P 162256 288 366530 15360798
PT [2 0 183 0 1]
 P 163712 288 366546 15433297
PT [2 0 184 0 1]
 P 165124 360 366564 15505366
PT [2 0 185 -1 1]
 P 166348 360 366567 15575071
PT [2 0 186 -1 1]
 P 167672 360 366583 15648589
PT [2 0 187 0 1]
 P 169061 360 366586 15719431
PT [2 0 188 0 1]
 P 170492 360 366602 15793653
PT [2 0 189 0 1]
 P 171856 360 366605 15863791
PT [2 0 190 0 1]
 P 173296 360 366621 15938237
PT [2 0 191 0 1]
 P 174634 360 366625 16008151
PT [2 0 192 0 1]
 P 176008 360 366641 16082661
PT [2 0 193 0 1]
 P 177380 360 366657 16155001
PT [2 0 194 0 1]
 P 178681 360 366660 16224691
PT [2 0 195 0 1]
Warning: retx limit drop data
 P 179997 360 366676 16299095
PT [2 0 196 0 1]
 P 181387 360 366680 16369051
PT [2 0 197 0 1]
 P 182812 360 366697 16443561
PT [2 0 198 0 1]
 P 184296 360 366714 16515965
PT [2 0 199 0 1]
 P 185649 360 366717 16585591
PT [2 0 200 0 1]
 P 187045 360 366734 16659941
PT [2 0 201 0 1]
 P 188373 360 366737 16729951
PT [2 0 202 0 1]
 P 189671 360 366754 16804397
PT [2 0 203 0 1]
 P 191096 432 366773 16877106
PT [2 0 204 0 1]
 P 192386 432 366776 16946491
PT [2 0 205 0 1]
 P 193946 564 366796 17021082
PT [2 0 206 0 1]
 P 195339 564 366799 17090851
PT [2 0 207 0 1]
 P 196835 564 368017 17164433
PT [2 0 208 0 1]
 P 197904 744 370598 17239363
PT [2 0 209 0 1]
 P 199260 744 370601 17307391
PT [2 0 210 0 1]
 P 200752 816 370620 17381854
PT [2 0 211 0 1]
 P 202082 816 370624 17451751
PT [2 0 212 0 1]
 P 203683 1038 370643 17526662
PT [2 0 213 0 1]
 P 204988 1038 370646 17596111
PT [2 0 214 0 1]
 P 206518 1178 370665 17670830
PT [2 0 215 0 1]
 P 207913 1178 370668 17740471
PT [2 0 216 0 1]
 P 209578 1250 371644 17814742
PT [2 0 217 0 1]
 P 210948 1250 371647 17884831
PT [2 0 218 0 1]
 P 212383 1322 372868 17959967
PT [2 0 219 0 1]
 P 213898 1394 374088 18030642
PT [2 0 220 0 1]
 P 215480 1670 374108 18102758
PT [2 0 221 0 1]
 P 216800 1670 374111 18173551
PT [2 0 222 0 1]
 P 218262 1916 374131 18248464
PT [2 0 223 0 1]
 P 219557 1916 374134 18317911
PT [2 0 224 0 1]
 P 221216 2067 374154 18391862
PT [2 0 225 0 1]
 P 222613 2067 374157 18462271
PT [2 0 226 0 1]
 P 224214 2139 375144 18536606
PT [2 0 227 0 1]
 P 225586 2139 375147 18606631
PT [2 0 228 0 1]
 P 227048 2211 376367 18680902
PT [2 0 229 0 1]
 P 228581 2483 376385 18752505
PT [2 0 230 0 1]
 P 229915 2483 376388 18823171
PT [2 0 231 0 1]
 P 231454 2724 376406 18897825
PT [2 0 232 0 1]
 P 232763 2724 376409 18967531
PT [2 0 233 0 1]
 P 234360 2850 376427 19042601
PT [2 0 234 0 1]
 P 235760 2850 376430 19111891
PT [2 0 235 0 1]
 P 237300 2977 376448 19186865
PT [2 0 236 0 1]
 P 238675 2977 376451 19256251
PT [2 0 237 0 1]
 P 240285 3175 376468 19330536
PT [2 0 238 0 1]
 P 241634 3175 376472 19400611
PT [2 0 239 0 1]
 P 243138 3247 377693 19474052
PT [2 0 240 0 1]
 P 244615 3488 377712 19546549
PT [2 0 241 0 1]
 P 245927 3488 377715 19617151
PT [2 0 242 0 1]
 P 247621 3617 377734 19690974
PT [2 0 243 0 1]
 P 249021 3617 377738 19761511
PT [2 0 244 0 1]
 P 250529 3842 377758 19836742
PT [2 0 245 0 1]
 P 251903 3842 377761 19905871
PT [2 0 246 0 1]
 P 253385 4068 377781 19980013
PT [2 0 247 0 1]
 P 254734 4068 377784 20050231
PT [2 0 248 0 1]
 P 256199 4140 377803 20124983
PT [2 0 249 0 1]
 P 257649 4494 377823 20197353
PT [2 0 250 0 1]
 P 258960 4494 377826 20266771
PT [2 0 251 0 1]
 P 259025 4494 381218 20340883
PT [2 0 252 0 1]
 P 259090 4494 387180 20415538
PT [2 0 253 0 1]
 P 259157 4494 393142 20487719
PT [2 0 254 0 1]
 P 261348 4566 393161 20557677
PT [2 0 255 0 1]
 P 262716 4566 393164 20627671
PT [2 0 256 0 1]
 P 262888 4566 396559 20701989
PT [2 0 257 0 1]
 P 262954 4566 402522 20776439
PT [2 0 258 0 1]
 P 263020 4706 405915 20846189
PT [2 0 259 0 1]
 P 264775 4778 405934 20918547
PT [2 0 260 0 1]
 P 266690 4778 405937 20988571
PT [2 0 261 0 1]
 P 269071 4778 405940 21060751
PT [2 0 262 0 1]
 P 269137 4778 411903 21137531
PT [2 0 263 0 1]
 P 269202 4855 415296 21207026
PT [2 0 264 0 1]
 P 272545 4927 415316 21279511
PT [2 0 265 1 1]
 P 272545 4927 418706 21349471
PT [2 0 266 1 1]
 P 273720 4927 418709 21421651
PT [2 0 267 1 1]
 P 273720 4927 422099 21493831
PT [2 0 268 1 1]
 P 273720 4927 425489 21566011
PT [2 0 269 1 1]
EMPTY QUEUE
 P 275798 4927 425505 21640680
PT [2 0 270 0 1]
 P 275798 4927 428895 21710371
PT [2 0 271 0 1]
 P 276978 4927 428899 21782551
PT [2 0 272 0 1]
 P 276978 4927 432289 21854731
PT [2 0 273 0 1]
 P 276978 4927 435679 21926911
PT [2 0 274 0 1]
EMPTY QUEUE
 P 278539 4927 435696 22001388
PT [2 0 275 0 1]
 P 278539 4927 439086 22071271
PT [2 0 276 0 1]
 P 279960 4927 439089 22143451
PT [2 0 277 0 1]
 P 279960 4927 442479 22215631
PT [2 0 278 0 1]
 P 279960 4927 445869 22287811
PT [2 0 279 0 1]
EMPTY QUEUE
 P 281878 4927 445885 22361712
PT [2 0 280 0 1]
 P 281878 4927 449275 22432171
PT [2 0 281 0 1]
 P 284005 4927 449279 22504351
PT [2 0 282 0 1]
 P 284005 4927 452669 22576531
PT [2 0 283 0 1]
 P 284005 4927 456059 22648711
PT [2 0 284 0 1]
EMPTY QUEUE
 P 286775 4927 456075 22723572
PT [2 0 285 0 1]
 P 286775 4927 459465 22793071
PT [2 0 286 0 1]
 P 287625 4927 459468 22865251
PT [2 0 287 0 1]
 P 287625 4927 462858 22937431
PT [2 0 288 0 1]
 P 287625 4927 466248 23009611
PT [2 0 289 0 1]
EMPTY QUEUE
 P 289639 4927 466264 23083000
PT [2 0 290 0 1]
 P 289639 4927 469654 23153971
PT [2 0 291 0 1]
 P 291067 4927 469657 23226151
PT [2 0 292 0 1]
 P 291067 4927 473047 23298331
PT [2 0 293 0 1]
 P 291067 4927 476437 23370511
PT [2 0 294 0 1]
EMPTY QUEUE
 P 294347 4927 476453 23443772
PT [2 0 295 0 1]
 P 294347 4927 479843 23514871
PT [2 0 296 0 1]
 P 295421 4927 479846 23587051
PT [2 0 297 0 1]
 P 295421 4927 483236 23659231
PT [2 0 298 0 1]
 P 295421 4927 486626 23731411
PT [2 0 299 0 1]
EMPTY QUEUE
 P 298582 4927 486642 23806144
PT [2 0 300 0 1]
 P 298582 4927 490032 23875771
PT [2 0 301 0 1]
 P 299471 4927 490035 23947951
PT [2 0 302 0 1]
 P 299471 4927 493425 24020131
PT [2 0 303 0 1]
 P 299471 4927 496815 24092311
PT [2 0 304 0 1]
EMPTY QUEUE
 P 302849 4927 496831 24165958
PT [2 0 305 0 1]
 P 302849 4927 500221 24236671
PT [2 0 306 0 1]
 P 304914 4927 500224 24308851
PT [2 0 307 0 1]
 P 304914 4927 503614 24381031
PT [2 0 308 0 1]
 P 304914 4927 507004 24453211
PT [2 0 309 0 1]
EMPTY QUEUE
 P 306324 4927 507020 24527304
PT [2 0 310 0 1]
 P 306324 4927 510410 24597571
PT [2 0 311 0 1]
 P 306993 4927 510413 24669751
PT [2 0 312 0 1]
 P 306993 4927 513803 24741931
PT [2 0 313 0 1]
 P 306993 4927 517193 24814111
PT [2 0 314 0 1]
EMPTY QUEUE
 P 309319 4927 517209 24888110
PT [2 0 315 0 1]
 P 309319 4927 520599 24958471
PT [2 0 316 0 1]
 P 310078 4927 520602 25030651
PT [2 0 317 0 1]
 P 310078 4927 523992 25102831
PT [2 0 318 0 1]
 P 310078 4927 527382 25175011
PT [2 0 319 0 1]
EMPTY QUEUE
 P 312824 4927 527398 25248400
PT [2 0 320 0 1]
 P 312824 4927 530788 25319371
PT [2 0 321 0 1]
 P 314642 4927 530791 25391551
PT [2 0 322 0 1]
 P 314642 4927 534181 25463731
PT [2 0 323 0 1]
 P 314642 4927 537571 25535911
PT [2 0 324 0 1]
EMPTY QUEUE
 P 317922 4927 537587 25610325
PT [2 0 325 0 1]
 P 317922 4927 540977 25680271
PT [2 0 326 0 1]
 P 319512 4927 540980 25752451
PT [2 0 327 0 1]
 P 319512 4927 544370 25824631
PT [2 0 328 0 1]
 P 319512 4927 547760 25896811
PT [2 0 329 0 1]
EMPTY QUEUE
 P 322226 4927 547777 25971704
PT [2 0 330 0 1]
 P 322226 4927 551167 26041171
PT [2 0 331 0 1]
 P 324873 4927 551170 26113351
PT [2 0 332 0 1]
 P 324873 4927 554560 26185531
PT [2 0 333 0 1]
 P 324873 4927 557950 26257711
PT [2 0 334 0 1]
EMPTY QUEUE
 P 326657 4927 557966 26332476
PT [2 0 335 0 1]
 P 326657 4927 561356 26402071
PT [2 0 336 0 1]
 P 327739 4927 561359 26474251
PT [2 0 337 0 1]
 P 327739 4927 564749 26546431
PT [2 0 338 0 1]
 P 327739 4927 568139 26618611
PT [2 0 339 0 1]
EMPTY QUEUE
 P 330837 4927 568156 26692768
PT [2 0 340 0 1]
 P 330837 4927 571546 26762971
PT [2 0 341 0 1]
 P 332562 4927 571549 26835151
PT [2 0 342 0 1]
 P 332562 4927 574939 26907331
PT [2 0 343 0 1]
 P 332562 4927 578329 26979511
PT [2 0 344 0 1]
EMPTY QUEUE
 P 334855 4927 578346 27052581
PT [2 0 345 1 1]
 P 334855 4927 581736 27123871
PT [2 0 346 1 1]
 P 335652 4927 581739 27196051
PT [2 0 347 1 1]
 P 335652 4927 585129 27268231
PT [2 0 348 1 1]
 P 335652 4927 588519 27340411
PT [2 0 349 1 1]
EMPTY QUEUE
 P 338018 4927 588536 27414057
PT [2 0 350 1 1]
 P 338018 4927 591926 27484771
PT [2 0 351 1 1]
 P 339999 4927 591929 27556951
PT [2 0 352 1 1]
 P 339999 4927 595319 27629131
PT [2 0 353 1 1]
 P 339999 4927 598709 27701311
PT [2 0 354 1 1]
EMPTY QUEUE
 P 342194 4927 598726 27774860
PT [2 0 355 0 1]
 P 342194 4927 602116 27845671
PT [2 0 356 0 1]
 P 344012 4927 602119 27917851
PT [2 0 357 0 1]
 P 344012 4927 605509 27990031
PT [2 0 358 0 1]
 P 344012 4927 608899 28062211
PT [2 0 359 0 1]
EMPTY QUEUE
 P 345539 4927 611481 28139279
PT [2 0 360 0 1]
EMPTY QUEUE
 P 345550 4927 614873 28208352
PT [2 0 361 0 1]
 P 347501 4927 614876 28278751
PT [2 0 362 0 1]
EMPTY QUEUE
 P 348117 4927 618274 28353324
PT [2 0 363 0 1]
 P 348117 4927 621664 28423111
PT [2 0 364 0 1]
 P 349315 4927 621672 28495291
PT [2 0 365 0 1]
 P 349315 4927 625062 28567471
PT [2 0 366 0 1]
 P 350689 4927 625065 28639651
PT [2 0 367 0 1]
EMPTY QUEUE
 P 351305 4927 628463 28714416
PT [2 0 368 0 1]
 P 351305 4927 631853 28784011
PT [2 0 369 0 1]
 P 353499 4927 631861 28856191
PT [2 0 370 0 1]
 P 353499 4927 635251 28928371
PT [2 0 371 0 1]
 P 354433 4927 635254 29000551
PT [2 0 372 0 1]
EMPTY QUEUE
 P 354921 4927 638652 29074868
PT [2 0 373 0 1]
 P 354921 4927 642042 29144911
PT [2 0 374 0 1]
 P 357744 4927 642051 29217091
PT [2 0 375 0 1]
 P 357744 4927 645441 29289271
PT [2 0 376 0 1]
 P 359217 4927 645444 29361451
PT [2 0 377 0 1]
EMPTY QUEUE
 P 359833 4927 648842 29435064
PT [2 0 378 0 1]
 P 359833 4927 652232 29505811
PT [2 0 379 0 1]
 P 360722 4927 652240 29577991
PT [2 0 380 0 1]
 P 360722 4927 655630 29650171
PT [2 0 381 0 1]
 P 363251 4927 655633 29722351
PT [2 0 382 0 1]
EMPTY QUEUE
 P 363802 4927 659031 29796604
PT [2 0 383 0 1]
 P 363802 4927 662421 29866711
PT [2 0 384 0 1]
 P 366498 4927 662429 29938891
PT [2 0 385 0 1]
 P 366498 4927 665819 30011071
PT [2 0 386 0 1]
 P 368767 4927 665823 30083251
PT [2 0 387 0 1]
EMPTY QUEUE
 P 369318 4927 669221 30157696
PT [2 0 388 0 1]
 P 369318 4927 672611 30227611
PT [2 0 389 0 1]
 P 371004 4927 672619 30299791
PT [2 0 390 0 1]
 P 371004 4927 676009 30371971
PT [2 0 391 0 1]
 P 371654 4927 676013 30444151
PT [2 0 392 0 1]
EMPTY QUEUE
 P 372206 4927 679411 30518276
PT [2 0 393 0 1]
 P 372206 4927 682801 30588511
PT [2 0 394 0 1]
 P 373500 4927 682809 30660691
PT [2 0 395 0 1]
 P 373500 4927 686199 30732871
PT [2 0 396 0 1]
 P 376154 4927 686203 30805051
PT [2 0 397 0 1]
EMPTY QUEUE
 P 376705 4927 689601 30878344
PT [2 0 398 0 1]
 P 376705 4927 692991 30949411
PT [2 0 399 0 1]
 P 378549 4927 692999 31021591
PT [2 0 400 0 1]
 P 378549 4927 696389 31093771
PT [2 0 401 0 1]
 P 379839 4927 696392 31165951
PT [2 0 402 0 1]
EMPTY QUEUE
 P 379905 4927 702355 31242027
PT [2 0 403 0 1]
EMPTY QUEUE
 P 380521 4927 705754 31312704
PT [2 0 404 0 1]
 P 381816 4927 705762 31382491
PT [2 0 405 0 1]
 P 381816 4927 709152 31454671
PT [2 0 406 0 1]
 P 383326 4927 709155 31526851
PT [2 0 407 0 1]
 P 383326 4927 712545 31599031
PT [2 0 408 0 1]
EMPTY QUEUE
 P 383941 4927 715944 31673796
PT [2 0 409 0 1]
 P 385085 4927 715953 31743391
PT [2 0 410 0 1]
 P 385085 4927 719343 31815571
PT [2 0 411 0 1]
 P 385772 4927 719346 31887751
PT [2 0 412 0 1]
 P 385772 4927 722736 31959931
PT [2 0 413 0 1]
EMPTY QUEUE
 P 386259 4927 726135 32034248
PT [2 0 414 0 1]
 P 388573 4927 726143 32104291
PT [2 0 415 0 1]
 P 388573 4927 729533 32176471
PT [2 0 416 0 1]
 P 390816 4927 729536 32248651
PT [2 0 417 0 1]
 P 390816 4927 732926 32320831
PT [2 0 418 0 1]
EMPTY QUEUE
 P 391432 4927 736325 32394444
PT [2 0 419 0 1]
 P 393595 4927 736333 32465191
PT [2 0 420 0 1]
 P 393595 4927 739723 32537371
PT [2 0 421 0 1]
 P 394792 4927 739726 32609551
PT [2 0 422 0 1]
 P 394792 4927 743116 32681731
PT [2 0 423 0 1]
EMPTY QUEUE
 P 395343 4927 746515 32755984
PT [2 0 424 0 1]
 P 396733 4927 746523 32826091
PT [2 0 425 0 1]
 P 396733 4927 749913 32898271
PT [2 0 426 0 1]
 P 398373 4927 749917 32970451
PT [2 0 427 0 1]
 P 398373 4927 753307 33042631
PT [2 0 428 0 1]
EMPTY QUEUE
 P 398924 4927 756706 33117076
PT [2 0 429 0 1]
 P 401182 4927 756714 33186991
PT [2 0 430 0 1]
 P 401182 4927 760104 33259171
PT [2 0 431 0 1]
 P 403783 4927 760107 33331351
PT [2 0 432 0 1]
 P 403783 4927 763497 33403531
PT [2 0 433 0 1]
EMPTY QUEUE
 P 404335 4927 766897 33477657
PT [2 0 434 0 1]
 P 406458 4927 766905 33547891
PT [2 0 435 0 1]
 P 406458 4927 770295 33620071
PT [2 0 436 0 1]
 P 408898 4927 770298 33692251
PT [2 0 437 0 1]
 P 408898 4927 773688 33764431
PT [2 0 438 0 1]
EMPTY QUEUE
 P 409449 4927 777087 33837724
PT [2 0 439 0 1]
 P 411963 4927 777095 33908791
PT [2 0 440 0 1]
 P 411963 4927 780485 33980971
PT [2 0 441 0 1]
 P 413101 4927 780488 34053151
PT [2 0 442 0 1]
 P 413101 4927 783878 34125331
PT [2 0 443 0 1]
EMPTY QUEUE
 P 413620 4927 787277 34199296
PT [2 0 444 0 1]
 P 414883 4927 787285 34269691
PT [2 0 445 0 1]
 P 414883 4927 790675 34341871
PT [2 0 446 0 1]
 P 415890 4927 790678 34414051
PT [2 0 447 0 1]
 P 415890 4927 794068 34486231
PT [2 0 448 0 1]
EMPTY QUEUE
 P 416377 4927 797467 34560356
PT [2 0 449 0 1]
 P 418572 4927 797475 34630591
PT [2 0 450 0 1]
 P 418572 4927 800865 34702771
PT [2 0 451 0 1]
 P 421113 4927 800868 34774951
PT [2 0 452 0 1]
 P 421113 4927 804258 34847131
PT [2 0 453 0 1]
EMPTY QUEUE
 P 421665 4927 807657 34921001
PT [2 0 454 1 1]
 P 422864 4927 807665 34991491
PT [2 0 455 1 1]
 P 422864 4927 811055 35063671
PT [2 0 456 1 1]
 P 425115 4927 811058 35135851
PT [2 0 457 1 1]
 P 425115 4927 814448 35208031
PT [2 0 458 1 1]
EMPTY QUEUE
 P 425698 4927 817847 35283148
PT [2 0 459 0 1]
 P 427383 4927 817855 35352391
PT [2 0 460 0 1]
 P 427383 4927 821245 35424571
PT [2 0 461 0 1]
 P 429289 4927 821248 35496751
PT [2 0 462 0 1]
 P 429289 4927 824638 35568931
PT [2 0 463 0 1]
EMPTY QUEUE
 P 429808 4927 828037 35642640
PT [2 0 464 0 1]
 P 430688 4927 828045 35713291
PT [2 0 465 0 1]
 P 430688 4927 831435 35785471
PT [2 0 466 0 1]
 P 432814 4927 831438 35857651
PT [2 0 467 0 1]
 P 432814 4927 834828 35929831
PT [2 0 468 0 1]
EMPTY QUEUE
 P 433302 4927 838227 36003700
PT [2 0 469 0 1]
 P 434987 4927 838235 36074191
PT [2 0 470 0 1]
 P 434987 4927 841625 36146371
PT [2 0 471 0 1]
 P 436959 4927 841628 36218551
PT [2 0 472 0 1]
 P 436959 4927 845018 36290731
PT [2 0 473 0 1]
EMPTY QUEUE
 P 437542 4927 848417 36364376
PT [2 0 474 0 1]
 P 440047 4927 848426 36435091
PT [2 0 475 0 1]
 P 440047 4927 851816 36507271
PT [2 0 476 0 1]
 P 441124 4927 851819 36579451
PT [2 0 477 0 1]
 P 441124 4927 855209 36651631
PT [2 0 478 0 1]
EMPTY QUEUE
 P 441644 4927 858608 36726428
PT [2 0 479 0 1]
 P 443839 4927 858617 36795991
PT [2 0 480 0 1]
 P 443839 4927 862007 36868171
PT [2 0 481 0 1]
 P 445176 4927 862010 36940351
PT [2 0 482 0 1]
 P 445176 4927 865400 37012531
PT [2 0 483 0 1]
EMPTY QUEUE
 P 445760 4927 868799 37086049
PT [2 0 484 0 1]
 P 447437 4927 868807 37156891
PT [2 0 485 0 1]
 P 447437 4927 872197 37229071
PT [2 0 486 0 1]
 P 449407 4927 872200 37301251
PT [2 0 487 0 1]
 P 449407 4927 875590 37373431
PT [2 0 488 0 1]
EMPTY QUEUE
 P 449927 4927 878989 37447076
PT [2 0 489 0 1]
 P 452504 4927 878997 37517791
PT [2 0 490 0 1]
 P 452504 4927 882387 37589971
PT [2 0 491 0 1]
 P 455021 4927 882390 37662151
PT [2 0 492 0 1]
 P 455021 4927 885780 37734331
PT [2 0 493 0 1]
EMPTY QUEUE
 P 455605 4927 889179 37807721
PT [2 0 494 0 1]
 P 458142 4927 889187 37878691
PT [2 0 495 0 1]
 P 458142 4927 892577 37950871
PT [2 0 496 0 1]
 P 460114 4927 892580 38023051
PT [2 0 497 0 1]
 P 460114 4927 895970 38095231
PT [2 0 498 0 1]
EMPTY QUEUE
 P 460697 4927 899369 38169836
PT [2 0 499 0 1]
 P 462032 4927 899377 38239591
PT [2 0 500 0 1]
 P 462032 4927 902767 38311771
PT [2 0 501 0 1]
 P 464009 4927 902771 38383951
PT [2 0 502 0 1]
 P 464009 4927 906161 38456131
PT [2 0 503 0 1]
EMPTY QUEUE
 P 464561 4927 909560 38529361
PT [2 0 504 0 1]
 P 466460 4927 909569 38600491
PT [2 0 505 0 1]
 P 466460 4927 912959 38672671
PT [2 0 506 0 1]
 P 468115 4927 912962 38744851
PT [2 0 507 0 1]
 P 468115 4927 916352 38817031
PT [2 0 508 0 1]
EMPTY QUEUE
 P 468602 4927 919751 38890388
PT [2 0 509 0 1]
 P 469937 4927 919760 38961391
PT [2 0 510 0 1]
 P 469937 4927 923150 39033571
PT [2 0 511 0 1]
 P 472489 4927 923154 39105751
PT [2 0 512 0 1]
 P 472489 4927 926544 39177931
PT [2 0 513 0 1]
EMPTY QUEUE
 P 473040 4927 929943 39251032
PT [2 0 514 0 1]
 P 475321 4927 929951 39322291
PT [2 0 515 0 1]
 P 475321 4927 933341 39394471
PT [2 0 516 0 1]
 P 476564 4927 933344 39466651
PT [2 0 517 0 1]
 P 476564 4927 936734 39538831
PT [2 0 518 0 1]
EMPTY QUEUE
 P 477147 4927 940133 39613180
PT [2 0 519 0 1]
 P 479914 4927 940142 39683191
PT [2 0 520 0 1]
 P 479914 4927 943532 39755371
PT [2 0 521 0 1]
 P 481290 4927 943535 39827551
PT [2 0 522 0 1]
 P 481290 4927 946925 39899731
PT [2 0 523 0 1]
EMPTY QUEUE
 P 481906 4927 950324 39974816
PT [2 0 524 0 1]
 P 484189 4927 950333 40044091
PT [2 0 525 0 1]
 P 484189 4927 953723 40116271
PT [2 0 526 0 1]
 P 485561 4927 953726 40188451
PT [2 0 527 0 1]
 P 485561 4927 957116 40260631
PT [2 0 528 0 1]
EMPTY QUEUE
 P 486112 4927 960515 40333796
PT [2 0 529 0 1]
 P 488817 4927 960523 40404991
PT [2 0 530 0 1]
 P 488817 4927 963913 40477171
PT [2 0 531 0 1]
 P 490672 4927 963916 40549351
PT [2 0 532 0 1]
 P 492196 4927 963919 40621531
PT [2 0 533 0 1]
EMPTY QUEUE
 P 492716 4927 967318 40696392
PT [2 0 534 0 1]
 P 495380 4927 967326 40765891
PT [2 0 535 0 1]
 P 495380 4927 970716 40838071
PT [2 0 536 0 1]
 P 495380 4927 974106 40910251
PT [2 0 537 0 1]
 P 496846 4927 974109 40982431
PT [2 0 538 0 1]
EMPTY QUEUE
 P 497462 4927 977508 41056556
PT [2 0 539 0 1]
 P 498733 4927 977516 41126791
PT [2 0 540 0 1]
 P 498733 4927 980906 41198971
PT [2 0 541 0 1]
 P 498733 4927 984296 41271151
PT [2 0 542 0 1]
 P 501128 4927 984299 41343331
PT [2 0 543 0 1]
EMPTY QUEUE
 P 501744 4927 987698 41418160
PT [2 0 544 0 1]
 P 502815 4927 987706 41487691
PT [2 0 545 0 1]
 P 502815 4927 991096 41559871
PT [2 0 546 0 1]
 P 502815 4927 994486 41632051
PT [2 0 547 0 1]
 P 505323 4927 994490 41704231
PT [2 0 548 0 1]
EMPTY QUEUE
 P 505906 4927 997890 41779222
PT [2 0 549 0 1]
 P 508164 4927 997898 41848591
PT [2 0 550 0 1]
 P 508164 4927 1001288 41920771
PT [2 0 551 0 1]
 P 508164 4927 1004678 41992951
PT [2 0 552 0 1]
 P 509977 4927 1004681 42065131
PT [2 0 553 0 1]
EMPTY QUEUE
 P 510561 4927 1008080 42139800
PT [2 0 554 0 1]
 P 511474 4927 1008088 42209491
PT [2 0 555 0 1]
 P 511474 4927 1011478 42281671
PT [2 0 556 0 1]
 P 511474 4927 1014868 42353851
PT [2 0 557 0 1]
 P 513188 4927 1014871 42426031
PT [2 0 558 0 1]
EMPTY QUEUE
 P 513804 4927 1018270 42499900
PT [2 0 559 0 1]
 P 515521 4927 1018279 42570391
PT [2 0 560 0 1]
 P 515521 4927 1021669 42642571
PT [2 0 561 0 1]
 P 515521 4927 1025059 42714751
PT [2 0 562 0 1]
 P 517400 4927 1025062 42786931
PT [2 0 563 0 1]
EMPTY QUEUE
 P 518015 4927 1028461 42861504
PT [2 0 564 0 1]
 P 519436 4927 1028469 42931291
PT [2 0 565 0 1]
 P 519436 4927 1031859 43003471
PT [2 0 566 0 1]
 P 519436 4927 1035249 43075651
PT [2 0 567 0 1]
 P 521216 4927 1035253 43147831
PT [2 0 568 0 1]
EMPTY QUEUE
 P 521282 4927 1041216 43224611
PT [2 0 569 0 1]
EMPTY QUEUE
 P 522848 4927 1041233 43294104
PT [2 0 570 0 1]
 P 522848 4927 1044623 43364371
PT [2 0 571 0 1]
 P 522848 4927 1048013 43436551
PT [2 0 572 0 1]
 P 524698 4927 1048016 43508731
PT [2 0 573 0 1]
 P 524698 4927 1051406 43580911
PT [2 0 574 0 1]
EMPTY QUEUE
 P 527023 4927 1051423 43655580
PT [2 0 575 0 1]
 P 527023 4927 1054813 43725271
PT [2 0 576 0 1]
 P 527023 4927 1058203 43797451
PT [2 0 577 0 1]
 P 529123 4927 1058206 43869631
PT [2 0 578 0 1]
 P 529123 4927 1061596 43941811
PT [2 0 579 0 1]
EMPTY QUEUE
 P 531837 4927 1061613 44016384
PT [2 0 580 0 1]
 P 531837 4927 1065003 44086171
PT [2 0 581 0 1]
 P 531837 4927 1068393 44158351
PT [2 0 582 0 1]
 P 532827 4927 1068396 44230531
PT [2 0 583 0 1]
 P 532827 4927 1071786 44302711
PT [2 0 584 0 1]
EMPTY QUEUE
 P 535468 4927 1071804 44376644
PT [2 0 585 0 1]
 P 535468 4927 1075194 44447071
PT [2 0 586 0 1]
 P 535468 4927 1078584 44519251
PT [2 0 587 0 1]
 P 536137 4927 1078587 44591431
PT [2 0 588 0 1]
 P 536137 4927 1081977 44663611
PT [2 0 589 0 1]
EMPTY QUEUE
 P 538439 4927 1081994 44738504
PT [2 0 590 0 1]
 P 538439 4927 1085384 44807971
PT [2 0 591 0 1]
 P 538439 4927 1088774 44880151
PT [2 0 592 0 1]
 P 540896 4927 1088777 44952331
PT [2 0 593 0 1]
 P 540896 4927 1092167 45024511
PT [2 0 594 0 1]
EMPTY QUEUE
 P 542645 4927 1092184 45097772
PT [2 0 595 0 1]
 P 542645 4927 1095574 45168871
PT [2 0 596 0 1]
 P 542645 4927 1098964 45241051
PT [2 0 597 0 1]
 P 543856 4927 1098967 45313231
PT [2 0 598 0 1]
 P 543856 4927 1102357 45385411
PT [2 0 599 0 1]
EMPTY QUEUE
 P 545263 4927 1102375 45458672
PT [2 0 600 0 1]
 P 545263 4927 1105765 45529771
PT [2 0 601 0 1]
 P 545263 4927 1109155 45601951
PT [2 0 602 0 1]
 P 546511 4927 1109159 45674131
PT [2 0 603 0 1]
 P 546511 4927 1112549 45746311
PT [2 0 604 0 1]
EMPTY QUEUE
 P 548388 4927 1112566 45821044
PT [2 0 605 0 1]
 P 548388 4927 1115956 45890671
PT [2 0 606 0 1]
 P 548388 4927 1119346 45962851
PT [2 0 607 0 1]
 P 549729 4927 1119350 46035031
PT [2 0 608 0 1]
 P 549729 4927 1122740 46107211
PT [2 0 609 0 1]
EMPTY QUEUE
 P 552857 4927 1122758 46180890
PT [2 0 610 0 1]
 P 552857 4927 1126148 46251571
PT [2 0 611 0 1]
 P 552857 4927 1129538 46323751
PT [2 0 612 0 1]
 P 553471 4927 1129541 46395931
PT [2 0 613 0 1]
 P 553471 4927 1132931 46468111
PT [2 0 614 0 1]
EMPTY QUEUE
 P 556686 4927 1132949 46542204
PT [2 0 615 0 1]
 P 556686 4927 1136339 46612471
PT [2 0 616 0 1]
 P 556686 4927 1139729 46684651
PT [2 0 617 0 1]
 P 556686 4927 1143119 46756831
PT [2 0 618 0 1]
 P 557888 4927 1143122 46829011
PT [2 0 619 0 1]
EMPTY QUEUE
 P 561018 4927 1143139 46903074
PT [2 0 620 0 1]
 P 561018 4927 1146529 46973371
PT [2 0 621 0 1]
 P 561018 4927 1149919 47045551
PT [2 0 622 0 1]
 P 561018 4927 1153309 47117731
PT [2 0 623 0 1]
 P 562162 4927 1153312 47189911
PT [2 0 624 0 1]
EMPTY QUEUE
 P 564741 4927 1153328 47263332
PT [2 0 625 0 1]
 P 564741 4927 1156718 47334271
PT [2 0 626 0 1]
 P 564741 4927 1160108 47406451
PT [2 0 627 0 1]
 P 564741 4927 1163498 47478631
PT [2 0 628 0 1]
 P 566564 4927 1163501 47550811
PT [2 0 629 0 1]
EMPTY QUEUE
 P 568164 4927 1163517 47625224
PT [2 0 630 0 1]
 P 568164 4927 1166907 47695171
PT [2 0 631 0 1]
 P 568164 4927 1170297 47767351
PT [2 0 632 0 1]
 P 568164 4927 1173687 47839531
PT [2 0 633 0 1]
 P 570407 4927 1173691 47911711
PT [2 0 634 0 1]
EMPTY QUEUE
 P 573527 4927 1173707 47986635
PT [2 0 635 0 1]
 P 573527 4927 1177097 48056071
PT [2 0 636 0 1]
 P 573527 4927 1180487 48128251
PT [2 0 637 0 1]
 P 573527 4927 1183877 48200431
PT [2 0 638 0 1]
 P 574683 4927 1183880 48272611
PT [2 0 639 0 1]
EMPTY QUEUE
 P 575997 4927 1183896 48347376
PT [2 0 640 0 1]
 P 575997 4927 1187286 48416971
PT [2 0 641 0 1]
 P 575997 4927 1190676 48489151
PT [2 0 642 0 1]
 P 575997 4927 1194066 48561331
PT [2 0 643 0 1]
 P 577158 4927 1194069 48633511
PT [2 0 644 0 1]
EMPTY QUEUE
 P 580309 4927 1194085 48707668
PT [2 0 645 0 1]
 P 580309 4927 1197475 48777871
PT [2 0 646 0 1]
 P 580309 4927 1200865 48850051
PT [2 0 647 0 1]
 P 580309 4927 1204255 48922231
PT [2 0 648 0 1]
 P 581689 4927 1204258 48994411
PT [2 0 649 0 1]
EMPTY QUEUE
 P 583192 4927 1204275 49067575
PT [2 0 650 0 1]
 P 583192 4927 1207665 49138771
PT [2 0 651 0 1]
 P 583192 4927 1211055 49210951
PT [2 0 652 0 1]
 P 583192 4927 1214445 49283131
PT [2 0 653 0 1]
 P 585278 4927 1214449 49355311
PT [2 0 654 0 1]
EMPTY QUEUE
 P 588271 4927 1214465 49428956
PT [2 0 655 1 1]
 P 588271 4927 1217855 49499671
PT [2 0 656 1 1]
 P 588271 4927 1221245 49571851
PT [2 0 657 1 1]
 P 588271 4927 1224635 49644031
PT [2 0 658 1 1]
 P 589080 4927 1224638 49716211
PT [2 0 659 1 1]
EMPTY QUEUE
 P 591094 4927 1224655 49789696
PT [2 0 660 1 1]
 P 591094 4927 1228045 49860571
PT [2 0 661 1 1]
 P 591094 4927 1231435 49932751
PT [2 0 662 1 1]
 P 591094 4927 1234825 50004931
PT [2 0 663 1 1]
 P 592481 4927 1234829 50077111
PT [2 0 664 1 1]
EMPTY QUEUE
 P 595442 4927 1234845 50152132
PT [2 0 665 1 1]
 P 595442 4927 1238235 50221471
PT [2 0 666 1 1]
 P 595442 4927 1241625 50293651
PT [2 0 667 1 1]
 P 595442 4927 1245015 50365831
PT [2 0 668 1 1]
 P 596475 4927 1245019 50438011
PT [2 0 669 1 1]
EMPTY QUEUE
 P 598936 4927 1245036 50511880
PT [2 0 670 1 1]
 P 598936 4927 1248426 50582371
PT [2 0 671 1 1]
 P 598936 4927 1251816 50654551
PT [2 0 672 1 1]
 P 598936 4927 1255206 50726731
PT [2 0 673 1 1]
 P 599784 4927 1255209 50798911
PT [2 0 674 1 1]
EMPTY QUEUE
 P 602585 4927 1255225 50873196
PT [2 0 675 1 1]
 P 602585 4927 1258615 50943271
PT [2 0 676 1 1]
 P 602585 4927 1262005 51015451
PT [2 0 677 1 1]
 P 602585 4927 1265395 51087631
PT [2 0 678 1 1]
 P 604608 4927 1265398 51159811
PT [2 0 679 1 1]
EMPTY QUEUE
 P 606303 4927 1265415 51234032
PT [2 0 680 1 1]
 P 606303 4927 1268805 51304171
PT [2 0 681 1 1]
 P 606303 4927 1272195 51376351
PT [2 0 682 1 1]
 P 606303 4927 1275585 51448531
PT [2 0 683 1 1]
 P 606930 4927 1275588 51520711
PT [2 0 684 1 1]
EMPTY QUEUE
 P 608490 4927 1275604 51594388
PT [2 0 685 1 1]
 P 608490 4927 1278994 51665071
PT [2 0 686 1 1]
 P 608490 4927 1282384 51737251
PT [2 0 687 1 1]
 P 608490 4927 1285774 51809431
PT [2 0 688 1 1]
 P 609208 4927 1285778 51881611
PT [2 0 689 1 1]
EMPTY QUEUE
 P 610808 4927 1285795 51956344
PT [2 0 690 1 1]
 P 610808 4927 1289185 52025971
PT [2 0 691 1 1]
 P 610808 4927 1292575 52098151
PT [2 0 692 1 1]
 P 610808 4927 1295965 52170331
PT [2 0 693 1 1]
 P 612583 4927 1295968 52242511
PT [2 0 694 1 1]
EMPTY QUEUE
 P 614300 4927 1295985 52315516
PT [2 0 695 1 1]
 P 614300 4927 1299375 52386871
PT [2 0 696 1 1]
 P 614300 4927 1302765 52459051
PT [2 0 697 1 1]
 P 614300 4927 1306155 52531231
PT [2 0 698 1 1]
 P 615848 4927 1306158 52603411
PT [2 0 699 1 1]
EMPTY QUEUE
 P 617196 4927 1306174 52678466
PT [2 0 700 1 1]
 P 617196 4927 1309564 52747771
PT [2 0 701 1 1]
 P 617196 4927 1312954 52819951
PT [2 0 702 1 1]
 P 617196 4927 1316344 52892131
PT [2 0 703 1 1]
 P 619801 4927 1316347 52964311
PT [2 0 704 1 1]
EMPTY QUEUE
 P 622603 4927 1316363 53038852
PT [2 0 705 1 1]
 P 622603 4927 1319753 53108671
PT [2 0 706 1 1]
 P 622603 4927 1323143 53180851
PT [2 0 707 1 1]
 P 622603 4927 1326533 53253031
PT [2 0 708 1 1]
 P 623645 4927 1326536 53325211
PT [2 0 709 1 1]
EMPTY QUEUE
 P 626681 4927 1326553 53398666
PT [2 0 710 1 1]
 P 626681 4927 1329943 53469571
PT [2 0 711 1 1]
 P 626681 4927 1333333 53541751
PT [2 0 712 1 1]
 P 626681 4927 1336723 53613931
PT [2 0 713 1 1]
 P 628365 4927 1336726 53686111
PT [2 0 714 1 1]
EMPTY QUEUE
 P 630306 4927 1336742 53759884
PT [2 0 715 1 1]
 P 630306 4927 1340132 53830471
PT [2 0 716 1 1]
 P 630306 4927 1343522 53902651
PT [2 0 717 1 1]
 P 630306 4927 1346912 53974831
PT [2 0 718 1 1]
 P 631062 4927 1346915 54047011
PT [2 0 719 1 1]
EMPTY QUEUE
 P 632472 4927 1346931 54120849
PT [2 0 720 1 1]
 P 632472 4927 1350321 54191371
PT [2 0 721 1 1]
 P 632472 4927 1353711 54263551
PT [2 0 722 1 1]
 P 632472 4927 1357101 54335731
PT [2 0 723 1 1]
 P 634412 4927 1357104 54407911
PT [2 0 724 1 1]
EMPTY QUEUE
 P 636833 4927 1357120 54481108
PT [2 0 725 1 1]
 P 636833 4927 1360510 54552271
PT [2 0 726 1 1]
 P 636833 4927 1363900 54624451
PT [2 0 727 1 1]
 P 636833 4927 1367290 54696631
PT [2 0 728 1 1]
 P 638611 4927 1367293 54768811
PT [2 0 729 1 1]
EMPTY QUEUE
 P 640593 4927 1367310 54842968
PT [2 0 730 1 1]
 P 640593 4927 1370700 54913171
PT [2 0 731 1 1]
 P 640593 4927 1374090 54985351
PT [2 0 732 1 1]
 P 640593 4927 1377480 55057531
PT [2 0 733 1 1]
 P 642504 4927 1377483 55129711
PT [2 0 734 1 1]
EMPTY QUEUE
 P 644189 4927 1377499 55204316
PT [2 0 735 1 1]
 P 644189 4927 1380889 55274071
PT [2 0 736 1 1]
 P 644189 4927 1384279 55346251
PT [2 0 737 1 1]
 P 644189 4927 1387669 55418431
PT [2 0 738 1 1]
 P 645524 4927 1387672 55490611
PT [2 0 739 1 1]
EMPTY QUEUE
 P 648396 4927 1387688 55565152
PT [2 0 740 1 1]
 P 648396 4927 1391078 55634971
PT [2 0 741 1 1]
 P 648396 4927 1394468 55707151
PT [2 0 742 1 1]
 P 648396 4927 1397858 55779331
PT [2 0 743 1 1]
 P 649290 4927 1397861 55851511
PT [2 0 744 1 1]
EMPTY QUEUE
 P 652570 4927 1397877 55925444
PT [2 0 745 1 1]
 P 652570 4927 1401267 55995871
PT [2 0 746 1 1]
 P 652570 4927 1404657 56068051
PT [2 0 747 1 1]
 P 652570 4927 1408047 56140231
PT [2 0 748 1 1]
 P 654000 4927 1408050 56212411
PT [2 0 749 1 1]
EMPTY QUEUE
 P 655793 4927 1408067 56287273
PT [2 0 750 2 1]
 P 657596 4927 1408075 56356771
PT [2 0 751 2 1]
 P 657596 4927 1411465 56428951
PT [2 0 752 2 1]
 P 657596 4927 1414855 56501131
PT [2 0 753 2 1]
 P 660082 4927 1414858 56573311
PT [2 0 754 2 1]
EMPTY QUEUE
 P 660634 4927 1418256 56646636
PT [2 0 755 1 1]
 P 663010 4927 1418265 56717671
PT [2 0 756 1 1]
 P 663010 4927 1421655 56789851
PT [2 0 757 1 1]
 P 663010 4927 1425045 56862031
PT [2 0 758 1 1]
 P 665239 4927 1425048 56934211
PT [2 0 759 1 1]
EMPTY QUEUE
 P 665822 4927 1428446 57007504
PT [2 0 760 1 1]
 P 667952 4927 1428454 57078571
PT [2 0 761 1 1]
 P 667952 4927 1431844 57150751
PT [2 0 762 1 1]
 P 667952 4927 1435234 57222931
PT [2 0 763 1 1]
 P 668562 4927 1435237 57295111
PT [2 0 764 1 1]
EMPTY QUEUE
 P 668627 4927 1441199 57371922
PT [2 0 765 1 1]
EMPTY QUEUE
 P 671483 4927 1443780 57443526
PT [2 0 766 1 1]
EMPTY QUEUE
 P 672098 4927 1447178 57514044
PT [2 0 767 1 1]
 P 672098 4927 1450568 57583831
PT [2 0 768 1 1]
 P 674710 4927 1450571 57656011
PT [2 0 769 1 1]
 P 674710 4927 1453961 57728191
PT [2 0 770 1 1]
 P 676554 4927 1453970 57800371
PT [2 0 771 1 1]
EMPTY QUEUE
 P 677042 4927 1457369 57875008
PT [2 0 772 1 1]
 P 677042 4927 1460759 57944731
PT [2 0 773 1 1]
 P 678290 4927 1460762 58016911
PT [2 0 774 1 1]
 P 678290 4927 1464152 58089091
PT [2 0 775 1 1]
 P 679807 4927 1464160 58161271
PT [2 0 776 1 1]
EMPTY QUEUE
 P 680423 4927 1467559 58235716
PT [2 0 777 1 1]
 P 680423 4927 1470949 58305631
PT [2 0 778 1 1]
 P 681891 4927 1470952 58377811
PT [2 0 779 1 1]
 P 683124 4927 1470955 58449991
PT [2 0 780 1 1]
 P 685701 4927 1470963 58522171
PT [2 0 781 1 1]
EMPTY QUEUE
 P 686285 4927 1474362 58595752
PT [2 0 782 1 1]
 P 686285 4927 1477752 58666531
PT [2 0 783 1 1]
 P 686285 4927 1481142 58738711
PT [2 0 784 1 1]
 P 687459 4927 1481145 58810891
PT [2 0 785 1 1]
 P 689740 4927 1481154 58883071
PT [2 0 786 1 1]
EMPTY QUEUE
 P 690260 4927 1484553 58957292
PT [2 0 787 1 1]
 P 690260 4927 1487943 59027431
PT [2 0 788 1 1]
 P 690260 4927 1491333 59099611
PT [2 0 789 1 1]
 P 692113 4927 1491336 59171791
PT [2 0 790 1 1]
 P 693575 4927 1491344 59243971
PT [2 0 791 1 1]
EMPTY QUEUE
 P 694094 4927 1494743 59318384
PT [2 0 792 1 1]
 P 694094 4927 1498133 59388331
PT [2 0 793 1 1]
 P 694094 4927 1501523 59460511
PT [2 0 794 1 1]
 P 696367 4927 1501526 59532691
PT [2 0 795 1 1]
 P 697406 4927 1501534 59604871
PT [2 0 796 1 1]
EMPTY QUEUE
 P 697893 4927 1504933 59678932
PT [2 0 797 1 1]
 P 697893 4927 1508323 59749231
PT [2 0 798 1 1]
 P 697893 4927 1511713 59821411
PT [2 0 799 1 1]
 P 699078 4927 1511716 59893591
PT [2 0 800 1 1]
 P 701495 4927 1511724 59965771
PT [2 0 801 1 1]
EMPTY QUEUE
 P 701560 4927 1517686 60041142
PT [2 0 802 1 1]
EMPTY QUEUE
 P 701625 4927 1523648 60114538
PT [2 0 803 1 1]
EMPTY QUEUE
 P 702241 4927 1527047 60184705
PT [2 0 804 1 1]
 P 703431 4927 1527050 60254491
PT [2 0 805 1 1]
 P 704768 4927 1527053 60326671
PT [2 0 806 1 1]
 P 705637 4927 1527061 60398851
PT [2 0 807 1 1]
 P 705637 4927 1530451 60471031
PT [2 0 808 1 1]
EMPTY QUEUE
 P 706252 4927 1533850 60545796
PT [2 0 809 1 1]
 P 706252 4927 1537240 60615391
PT [2 0 810 1 1]
 P 708295 4927 1537243 60687571
PT [2 0 811 1 1]
 P 709937 4927 1537251 60759751
PT [2 0 812 1 1]
 P 709937 4927 1540641 60831931
PT [2 0 813 1 1]
EMPTY QUEUE
 P 710425 4927 1544040 60906249
PT [2 0 814 1 1]
 P 710425 4927 1547430 60976291
PT [2 0 815 1 1]
 P 711072 4927 1547433 61048471
PT [2 0 816 1 1]
 P 712430 4927 1547441 61120651
PT [2 0 817 1 1]
 P 712430 4927 1550831 61192831
PT [2 0 818 1 1]
EMPTY QUEUE
 P 713045 4927 1554230 61266444
PT [2 0 819 1 1]
 P 713045 4927 1557620 61337191
PT [2 0 820 1 1]
 P 714410 4927 1557623 61409371
PT [2 0 821 1 1]
 P 717146 4927 1557631 61481551
PT [2 0 822 1 1]
 P 717146 4927 1561021 61553731
PT [2 0 823 1 1]
EMPTY QUEUE
 P 717698 4927 1564420 61627985
PT [2 0 824 1 1]
 P 717698 4927 1567810 61698091
PT [2 0 825 1 1]
 P 718590 4927 1567814 61770271
PT [2 0 826 1 1]
 P 720108 4927 1567822 61842451
PT [2 0 827 1 1]
 P 720108 4927 1571212 61914631
PT [2 0 828 1 1]
EMPTY QUEUE
 P 720659 4927 1574611 61989076
PT [2 0 829 1 1]
 P 720659 4927 1578001 62058991
PT [2 0 830 1 1]
 P 721485 4927 1578004 62131171
PT [2 0 831 1 1]
 P 722502 4927 1578012 62203351
PT [2 0 832 1 1]
 P 722502 4927 1581402 62275531
PT [2 0 833 1 1]
EMPTY QUEUE
 P 723053 4927 1584801 62349656
PT [2 0 834 1 1]
 P 723053 4927 1588191 62419891
PT [2 0 835 1 1]
 P 724936 4927 1588194 62492071
PT [2 0 836 1 1]
 P 726422 4927 1588202 62564251
PT [2 0 837 1 1]
 P 726422 4927 1591592 62636431
PT [2 0 838 1 1]
EMPTY QUEUE
 P 726973 4927 1594991 62709724
PT [2 0 839 1 1]
 P 726973 4927 1598381 62780791
PT [2 0 840 1 1]
 P 727578 4927 1598384 62852971
PT [2 0 841 1 1]
 P 729805 4927 1598392 62925151
PT [2 0 842 1 1]
 P 729805 4927 1601782 62997331
PT [2 0 843 1 1]
EMPTY QUEUE
 P 730324 4927 1605181 63071296
PT [2 0 844 1 1]
 P 730324 4927 1608571 63141691
PT [2 0 845 1 1]
 P 730903 4927 1608574 63213871
PT [2 0 846 1 1]
 P 732357 4927 1608582 63286051
PT [2 0 847 1 1]
 P 732357 4927 1611972 63358231
PT [2 0 848 1 1]
EMPTY QUEUE
 P 732844 4927 1615371 63432356
PT [2 0 849 1 1]
 P 732844 4927 1618761 63502591
PT [2 0 850 1 1]
 P 734597 4927 1618765 63574771
PT [2 0 851 1 1]
 P 737270 4927 1618773 63646951
PT [2 0 852 1 1]
 P 737270 4927 1622163 63719131
PT [2 0 853 1 1]
EMPTY QUEUE
 P 737822 4927 1625562 63793000
PT [2 0 854 1 1]
 P 737822 4927 1628952 63863491
PT [2 0 855 1 1]
 P 739230 4927 1628956 63935671
PT [2 0 856 1 1]
 P 741894 4927 1628964 64007851
PT [2 0 857 1 1]
 P 741894 4927 1632354 64080031
PT [2 0 858 1 1]
EMPTY QUEUE
 P 742477 4927 1635753 64155148
PT [2 0 859 1 1]
 P 742477 4927 1639143 64224391
PT [2 0 860 1 1]
 P 745060 4927 1639146 64296571
PT [2 0 861 1 1]
 P 747828 4927 1639154 64368751
PT [2 0 862 1 1]
 P 747828 4927 1642544 64440931
PT [2 0 863 1 1]
EMPTY QUEUE
 P 748348 4927 1645943 64514640
PT [2 0 864 1 1]
 P 748348 4927 1649333 64585291
PT [2 0 865 1 1]
 P 749249 4927 1649336 64657471
PT [2 0 866 1 1]
 P 750162 4927 1649344 64729651
PT [2 0 867 1 1]
 P 750162 4927 1652734 64801831
PT [2 0 868 1 1]
EMPTY QUEUE
 P 750649 4927 1656133 64875700
PT [2 0 869 1 1]
 P 750649 4927 1659523 64946191
PT [2 0 870 1 1]
 P 752310 4927 1659527 65018371
PT [2 0 871 1 1]
 P 754060 4927 1659535 65090551
PT [2 0 872 1 1]
 P 754060 4927 1662925 65162731
PT [2 0 873 1 1]
EMPTY QUEUE
 P 754644 4927 1666324 65236376
PT [2 0 874 1 1]
 P 754644 4927 1669714 65307091
PT [2 0 875 1 1]
 P 755260 4927 1669717 65379271
PT [2 0 876 1 1]
 P 757573 4927 1669726 65451451
PT [2 0 877 1 1]
 P 757573 4927 1673116 65523631
PT [2 0 878 1 1]
EMPTY QUEUE
 P 758092 4927 1676515 65598428
PT [2 0 879 1 1]
 P 758092 4927 1679905 65667991
PT [2 0 880 1 1]
 P 760010 4927 1679908 65740171
PT [2 0 881 1 1]
 P 762682 4927 1679916 65812351
PT [2 0 882 1 1]
 P 762682 4927 1683306 65884531
PT [2 0 883 1 1]
EMPTY QUEUE
 P 763266 4927 1686705 65958048
PT [2 0 884 1 1]
 P 763266 4927 1690095 66028891
PT [2 0 885 1 1]
 P 764903 4927 1690098 66101071
PT [2 0 886 1 1]
 P 767090 4927 1690106 66173251
PT [2 0 887 1 1]
 P 767090 4927 1693496 66245431
PT [2 0 888 1 1]
EMPTY QUEUE
 P 767156 4927 1699459 66321187
PT [2 0 889 1 1]
EMPTY QUEUE
 P 767771 4927 1702858 66392184
PT [2 0 890 1 1]
 P 769659 4927 1702861 66461971
PT [2 0 891 1 1]
 P 770867 4927 1702869 66534151
PT [2 0 892 1 1]
 P 770867 4927 1706259 66606331
PT [2 0 893 1 1]
 P 770867 4927 1709649 66678511
PT [2 0 894 1 1]
EMPTY QUEUE
 P 771354 4927 1713048 66753148
PT [2 0 895 1 1]
 P 772547 4927 1713051 66822871
PT [2 0 896 1 1]
 P 775211 4927 1713060 66895051
PT [2 0 897 1 1]
 P 775211 4927 1716450 66967231
PT [2 0 898 1 1]
 P 775211 4927 1719840 67039411
PT [2 0 899 1 1]
EMPTY QUEUE
 P 775827 4927 1723239 67113857
PT [2 0 900 1 1]
 P 776697 4927 1723243 67183771
PT [2 0 901 1 1]
 P 778446 4927 1723251 67255951
PT [2 0 902 1 1]
 P 778446 4927 1726641 67328131
PT [2 0 903 1 1]
 P 778446 4927 1730031 67400311
PT [2 0 904 1 1]
EMPTY QUEUE
 P 779029 4927 1733430 67473892
PT [2 0 905 1 1]
 P 780319 4927 1733433 67544671
PT [2 0 906 1 1]
 P 782123 4927 1733441 67616851
PT [2 0 907 1 1]
 P 782123 4927 1736831 67689031
PT [2 0 908 1 1]
 P 782123 4927 1740221 67761211
PT [2 0 909 1 1]
EMPTY QUEUE
 P 782645 4927 1743619 67835434
PT [2 0 910 2 1]
 P 785110 4927 1743622 67905571
PT [2 0 911 2 1]
 P 786668 4927 1743630 67977751
PT [2 0 912 2 1]
 P 786668 4927 1747020 68049931
PT [2 0 913 2 1]
 P 786668 4927 1750410 68122111
PT [2 0 914 2 1]
EMPTY QUEUE
 P 787188 4927 1753809 68196524
PT [2 0 915 1 1]
 P 789276 4927 1753812 68266471
PT [2 0 916 1 1]
 P 790793 4927 1753821 68338651
PT [2 0 917 1 1]
 P 790793 4927 1757211 68410831
PT [2 0 918 1 1]
 P 790793 4927 1760601 68483011
PT [2 0 919 1 1]
EMPTY QUEUE
 P 791281 4927 1764000 68557074
PT [2 0 920 1 1]
 P 791869 4927 1764004 68627371
PT [2 0 921 1 1]
 P 793013 4927 1764013 68699551
PT [2 0 922 1 1]
 P 793013 4927 1767403 68771731
PT [2 0 923 1 1]
 P 793013 4927 1770793 68843911
PT [2 0 924 1 1]
EMPTY QUEUE
 P 793564 4927 1774192 68917204
PT [2 0 925 1 1]
 P 796037 4927 1774195 68988271
PT [2 0 926 1 1]
 P 798287 4927 1774203 69060451
PT [2 0 927 1 1]
 P 798287 4927 1777593 69132631
PT [2 0 928 1 1]
 P 798287 4927 1780983 69204811
PT [2 0 929 1 1]
EMPTY QUEUE
 P 798838 4927 1784382 69278808
PT [2 0 930 1 1]
 P 800065 4927 1784385 69349171
PT [2 0 931 1 1]
 P 802833 4927 1784393 69421351
PT [2 0 932 1 1]
 P 802833 4927 1787783 69493531
PT [2 0 933 1 1]
 P 802833 4927 1791173 69565711
PT [2 0 934 1 1]
EMPTY QUEUE
 P 803417 4927 1794572 69639932
PT [2 0 935 1 1]
 P 804745 4927 1794575 69710071
PT [2 0 936 1 1]
 P 805689 4927 1794583 69782251
PT [2 0 937 1 1]
 P 805689 4927 1797973 69854431
PT [2 0 938 1 1]
 P 805689 4927 1801363 69926611
PT [2 0 939 1 1]
EMPTY QUEUE
 P 806178 4927 1804761 70000418
PT [2 0 940 1 1]
 P 806801 4927 1804764 70070971
PT [2 0 941 1 1]
 P 809441 4927 1804773 70143151
PT [2 0 942 1 1]
 P 809441 4927 1808163 70215331
PT [2 0 943 1 1]
 P 809441 4927 1811553 70287511
PT [2 0 944 1 1]
EMPTY QUEUE
 P 809993 4927 1814951 70362596
PT [2 0 945 1 1]
 P 812055 4927 1814954 70431871
PT [2 0 946 1 1]
 P 813795 4927 1814962 70504051
PT [2 0 947 1 1]
 P 813795 4927 1818352 70576231
PT [2 0 948 1 1]
 P 813795 4927 1821742 70648411
PT [2 0 949 1 1]
EMPTY QUEUE
 P 813861 4927 1827705 70724231
PT [2 0 950 1 1]
 P 814996 4927 1827708 70792771
PT [2 0 951 1 1]
EMPTY QUEUE
 P 816723 4927 1827724 70866864
PT [2 0 952 1 1]
 P 816723 4927 1831114 70937131
PT [2 0 953 1 1]
 P 816723 4927 1834504 71009311
PT [2 0 954 1 1]
 P 816723 4927 1837894 71081491
PT [2 0 955 1 1]
 P 818182 4927 1837897 71153671
PT [2 0 956 1 1]
EMPTY QUEUE
 P 820698 4927 1837913 71228340
PT [2 0 957 1 1]
 P 820698 4927 1841303 71298031
PT [2 0 958 1 1]
 P 820698 4927 1844693 71370211
PT [2 0 959 1 1]
 P 820698 4927 1848083 71442391
PT [2 0 960 1 1]
 P 823237 4927 1848086 71514571
PT [2 0 961 1 1]
EMPTY QUEUE
 P 825060 4927 1848104 71589146
PT [2 0 962 1 1]
 P 825060 4927 1851494 71658931
PT [2 0 963 1 1]
 P 825060 4927 1854884 71731111
PT [2 0 964 1 1]
 P 825060 4927 1858274 71803291
PT [2 0 965 1 1]
 P 825060 4927 1861664 71875471
PT [2 0 966 1 1]
 P 826159 4927 1861667 71947651
PT [2 0 967 1 1]
EMPTY QUEUE
 P 827546 4927 1861684 72021584
PT [2 0 968 1 1]
 P 827546 4927 1865074 72092011
PT [2 0 969 1 1]
 P 827546 4927 1868464 72164191
PT [2 0 970 1 1]
 P 827546 4927 1871854 72236371
PT [2 0 971 1 1]
 P 828718 4927 1871857 72308551
PT [2 0 972 1 1]
EMPTY QUEUE
 P 830877 4927 1871874 72383443
PT [2 0 973 1 1]
 P 830877 4927 1875264 72452911
PT [2 0 974 1 1]
 P 830877 4927 1878654 72525091
PT [2 0 975 1 1]
 P 830877 4927 1882044 72597271
PT [2 0 976 1 1]
 P 832595 4927 1882047 72669451
PT [2 0 977 1 1]
EMPTY QUEUE
 P 834442 4927 1882063 72742711
PT [2 0 978 1 1]
 P 834442 4927 1885453 72813811
PT [2 0 979 1 1]
 P 834442 4927 1888843 72885991
PT [2 0 980 1 1]
 P 834442 4927 1892233 72958171
PT [2 0 981 1 1]
 P 836697 4927 1892237 73030351
PT [2 0 982 1 1]
EMPTY QUEUE
 P 839986 4927 1892253 73103611
PT [2 0 983 1 1]
 P 839986 4927 1895643 73174711
PT [2 0 984 1 1]
 P 839986 4927 1899033 73246891
PT [2 0 985 1 1]
 P 839986 4927 1902423 73319071
PT [2 0 986 1 1]
 P 841036 4927 1902427 73391251
PT [2 0 987 1 1]
EMPTY QUEUE
 P 843105 4927 1902443 73465984
PT [2 0 988 1 1]
 P 843105 4927 1905833 73535611
PT [2 0 989 1 1]
 P 843105 4927 1909223 73607791
PT [2 0 990 1 1]
 P 843105 4927 1912613 73679971
PT [2 0 991 1 1]
 P 844279 4927 1912616 73752151
PT [2 0 992 1 1]
EMPTY QUEUE
 P 845881 4927 1912632 73825829
PT [2 0 993 3 1]
 P 845881 4927 1916022 73896511
PT [2 0 994 3 1]
 P 845881 4927 1919412 73968691
PT [2 0 995 3 1]
 P 845881 4927 1922802 74040871
PT [2 0 996 3 1]
 P 847156 4927 1922805 74113051
PT [2 0 997 3 1]
EMPTY QUEUE
 P 849193 4927 1922821 74187144
PT [2 0 998 2 1]
 P 849193 4927 1926211 74257411
PT [2 0 999 2 1]
 P 849193 4927 1929601 74329591
PT [2 0 1000 2 1]
 P 849193 4927 1932991 74401771
PT [2 0 1001 2 1]
 P 851293 4927 1932994 74473951
PT [2 0 1002 2 1]
EMPTY QUEUE
 P 854103 4927 1933010 74548012
PT [2 0 1003 2 1]
 P 854103 4927 1936400 74618311
PT [2 0 1004 2 1]
 P 854103 4927 1939790 74690491
PT [2 0 1005 2 1]
 P 854103 4927 1943180 74762671
PT [2 0 1006 2 1]
 P 854807 4927 1943183 74834851
PT [2 0 1007 2 1]
EMPTY QUEUE
 P 856780 4927 1943199 74908272
PT [2 0 1008 2 1]
 P 856780 4927 1946589 74979211
PT [2 0 1009 2 1]
 P 856780 4927 1949979 75051391
PT [2 0 1010 2 1]
 P 856780 4927 1953369 75123571
PT [2 0 1011 2 1]
 P 858182 4927 1953372 75195751
PT [2 0 1012 2 1]
EMPTY QUEUE
 P 861406 4927 1953389 75270165
PT [2 0 1013 2 1]
 P 861406 4927 1956779 75340111
PT [2 0 1014 2 1]
 P 861406 4927 1960169 75412291
PT [2 0 1015 2 1]
 P 861406 4927 1963559 75484471
PT [2 0 1016 2 1]
 P 861406 4927 1966949 75556651
PT [2 0 1017 2 1]
 P 862513 4927 1966952 75628831
PT [2 0 1018 2 1]
EMPTY QUEUE
 P 863997 4927 1966968 75703756
PT [2 0 1019 2 1]
 P 863997 4927 1970358 75773191
PT [2 0 1020 2 1]
 P 863997 4927 1973748 75845371
PT [2 0 1021 2 1]
 P 863997 4927 1977138 75917551
PT [2 0 1022 2 1]
 P 865176 4927 1977142 75989731
PT [2 0 1023 2 1]
EMPTY QUEUE
 P 867336 4927 1977158 76064496
PT [2 0 1024 2 1]
 P 867336 4927 1980548 76134091
PT [2 0 1025 2 1]
 P 867336 4927 1983938 76206271
PT [2 0 1026 2 1]
 P 867336 4927 1987328 76278451
PT [2 0 1027 2 1]
 P 869062 4927 1987332 76350631
PT [2 0 1028 2 1]
EMPTY QUEUE
 P 870906 4927 1987348 76424788
PT [2 0 1029 2 1]
 P 870906 4927 1990738 76494991
PT [2 0 1030 2 1]
 P 870906 4927 1994128 76567171
PT [2 0 1031 2 1]
 P 870906 4927 1997518 76639351
PT [2 0 1032 2 1]
 P 873170 4927 1997521 76711531
PT [2 0 1033 2 1]
EMPTY QUEUE
 P 876488 4927 1997538 76784696
PT [2 0 1034 2 1]
 P 876488 4927 2000928 76855891
PT [2 0 1035 2 1]
 P 876488 4927 2004318 76928071
PT [2 0 1036 2 1]
 P 876488 4927 2007708 77000251
PT [2 0 1037 2 1]
 P 877547 4927 2007711 77072431
PT [2 0 1038 2 1]
EMPTY QUEUE
 P 879682 4927 2007727 77146076
PT [2 0 1039 2 1]
 P 879682 4927 2011117 77216791
PT [2 0 1040 2 1]
 P 879682 4927 2014507 77288971
PT [2 0 1041 2 1]
 P 879682 4927 2017897 77361151
PT [2 0 1042 2 1]
 P 880866 4927 2017900 77433331
PT [2 0 1043 2 1]
EMPTY QUEUE
 P 882402 4927 2017917 77506816
PT [2 0 1044 2 1]
 P 882402 4927 2021307 77577691
PT [2 0 1045 2 1]
 P 882402 4927 2024697 77649871
PT [2 0 1046 2 1]
 P 882402 4927 2028087 77722051
PT [2 0 1047 2 1]
 P 883687 4927 2028090 77794231
PT [2 0 1048 2 1]
EMPTY QUEUE
 P 885755 4927 2028107 77869252
PT [2 0 1049 2 1]
 P 885755 4927 2031497 77938591
PT [2 0 1050 2 1]
 P 885755 4927 2034887 78010771
PT [2 0 1051 2 1]
 P 885755 4927 2038277 78082951
PT [2 0 1052 2 1]
 P 887865 4927 2038280 78155131
PT [2 0 1053 2 1]
EMPTY QUEUE
 P 890613 4927 2038296 78229000
PT [2 0 1054 2 1]
 P 890613 4927 2041686 78299491
PT [2 0 1055 2 1]
 P 890613 4927 2045076 78371671
PT [2 0 1056 2 1]
 P 890613 4927 2048466 78443851
PT [2 0 1057 2 1]
 P 891327 4927 2048469 78516031
PT [2 0 1058 2 1]
EMPTY QUEUE
 P 893268 4927 2048486 78590316
PT [2 0 1059 2 1]
