 P 0 0 62 58125
 P 0 0 3452 177394
 P 0 0 6842 297694
 P 0 0 10232 417994
 P 0 0 13622 538294
 P 69 0 17014 660593
 P 69 0 20404 778894
 P 69 0 23794 899194
 P 69 0 27184 1019494
 P 69 0 30574 1139794
 P 138 0 33966 1260589
 P 138 0 37356 1380394
 P 138 0 40746 1500694
 P 138 0 44136 1620994
 P 138 0 47526 1741294
 P 207 0 50918 1861993
 P 207 0 54308 1981894
 P 207 0 57698 2102194
 P 207 0 61088 2222494
 P 1991 0 62694 2342794
 P 2060 0 66086 2465317
 P 2060 0 69476 2583394
 P 2060 0 72866 2703694
 P 2060 0 76256 2823994
 P 4566 0 76296 2944294
 P 5500 0 76337 3066209
 P 6977 0 76377 3184894
 P 6977 0 79767 3305194
 P 6977 0 83157 3425494
 P 6977 0 86547 3545794
 P 9734 0 86556 3667741
 P 10893 0 86563 3786394
 P 10893 0 89953 3906694
 P 10893 0 93343 4026994
 P 10893 0 96733 4147294
 P 12817 0 96742 4268633
 P 15191 0 96750 4387894
 P 15191 0 100140 4508194
 P 15191 0 103530 4628494
 P 15191 0 106920 4748794
 P 17817 0 106930 4871445
 P 20608 0 106938 4989394
 P 20608 0 110328 5109694
 P 20608 0 113718 5229994
 P 20608 0 117108 5350294
 P 23425 0 117118 5472593
 P 25129 0 117125 5590894
 P 25129 0 120515 5711194
 P 25129 0 123905 5831494
 P 25129 0 127295 5951794
 P 27625 0 127305 6072589
 P 29777 0 127313 6192394
 P 29777 0 130703 6312694
 P 29777 0 134093 6432994
 P 29777 0 137483 6553294
 P 31440 0 137493 6673993
 P 33529 0 137501 6793894
 P 33529 0 140891 6914194
 P 33529 0 144281 7034494
 P 33529 0 147671 7154794
 P 35895 0 147681 7277317
 P 37409 0 147688 7395394
 P 37409 0 151078 7515694
 P 37409 0 154468 7635994
 P 37409 0 157858 7756294
 P 39966 0 157868 7878977
 P 42440 0 157876 7996894
 P 42440 0 161266 8117194
 P 42440 0 164656 8237494
 P 42440 0 168046 8357794
 P 44676 0 168055 8479485
 P 45551 0 168063 8598394
 P 45551 0 171453 8718694
 P 45551 0 174843 8838994
 P 45551 0 178233 8959294
 P 46954 0 178242 9081401
 P 49814 0 178249 9199894
 P 49814 0 181639 9320194
 P 49814 0 185029 9440494
 P 49814 0 188419 9560794
 P 51919 0 188429 9683189
 P 54203 0 188437 9801394
 P 54203 0 191827 9921694
 P 54203 0 195217 10041994
 P 54203 0 198607 10162294
 P 56979 0 198617 10283313
 P 56979 0 202007 10402894
 P 58176 0 202015 10523194
 P 58176 0 205405 10643494
 P 58176 0 208795 10763794
 P 59351 0 208805 10886381
 P 59351 0 212195 11004394
 P 60997 0 212203 11124694
 P 60997 0 215593 11244994
 P 60997 0 218983 11365294
 P 61066 0 222375 11486761
 P 62139 0 222383 11605894
 P 63721 0 222391 11726194
 P 63721 0 225781 11846494
 P 63721 0 229171 11966794
 P 63790 0 232563 12089061
 P 76325 1896 232621 12568294
 P 78517 2167 232628 12688594
 P 90733 4063 232690 13169794
 P 93470 4335 232698 13290094
 P 94675 4606 232708 13411497
 P 100307 5420 232732 13650994
 P 103120 6233 232757 13771294
 P 108763 7317 232793 13891594
 P 110055 7587 232801 14011894
 P 111517 7858 232811 14133329
 P 117341 8671 232835 14252494
 P 122077 9754 232868 14372794
 P 130164 11109 232910 14613394
 P 133867 11652 236317 14733694
 P 136379 11922 236328 14854521
 P 140214 12734 236354 14974294
 P 146967 13546 236377 15094594
 P 156168 14901 236415 15335194
 P 158939 15172 236422 15455494
 P 163403 15986 236449 15577633
 P 169107 16800 236475 15816394
 P 177860 18155 236515 15936694
 P 180055 18426 236523 16056994
 P 188718 19779 236561 16297594
 P 193909 20593 236585 16419381
 P 195005 20863 236594 16538194
 P 202780 22214 236638 16778794
 P 207306 23028 236662 16899094
 P 213035 23841 236686 17019394
 P 222665 24927 237929 17262025
 P 224847 25198 237937 17380294
 P 237365 26822 237988 17620894
 P 240361 27635 238014 17741194
 P 246016 28991 238051 17981794
 P 248842 29262 238061 18104029
 P 255809 30617 238104 18342694
 P 259043 31427 238130 18462994
 P 264384 32240 238154 18583294
 P 265910 32511 238162 18703594
 P 274673 33865 238206 18945905
 P 280020 34679 238228 19064494
 P 285635 35491 238253 19184794
 P 288410 35761 238262 19305094
 P 290013 36031 238271 19425394
 P 298387 37657 238323 19667865
 P 309045 39013 238362 19906594
 P 314339 39824 238389 20026894
 P 322494 40907 238424 20267494
 P 325898 41720 238448 20387794
 P 333254 43075 238491 20629273
 P 335206 43346 238499 20748694
 P 339441 44159 238524 20868994
 P 341354 44429 238533 20989294
 P 346272 45511 238570 21109594
 P 351313 46325 238597 21231189
 P 352688 46596 238605 21350194
 P 361226 47950 238646 21590794
 P 365076 48761 238673 21711094
 P 366874 49303 242081 21831394
 P 368121 49573 242092 21953277
 P 375006 50385 242118 22071994
 P 389739 53364 242206 22673494
 P 395670 54176 242232 22914094
 P 396561 54448 242240 23034394
 P 399505 54719 242250 23156949
 P 400333 54989 242259 23274994
 P 407546 55803 242281 23515594
 P 414470 56615 242308 23756194
 P 414470 56615 245698 23876494
 P 419254 57428 245724 24118869
 P 425475 58240 245747 24357694
 P 425475 58240 249137 24477994
 P 432303 59053 249163 24718594
 P 436283 59865 249188 24959194
 P 436352 59865 252580 25080149
 P 443757 60678 252605 25320094
 P 448059 61489 252631 25560694
 P 449177 61760 252639 25680994
 P 450999 62031 252647 25801294
 P 451891 62302 252657 25923049
 P 458146 63115 252681 26162194
 P 465391 63926 252707 26402794
 P 465391 63926 256097 26523094
 P 470684 64740 256120 26763694
 P 476783 65553 256146 27004885
 P 476783 65553 259536 27124594
 P 479300 65823 259544 27244894
 P 480805 66095 259552 27365194
 P 483513 66367 259560 27485494
 P 493062 67723 259602 27606417
 P 500175 69074 259647 27726094
 P 508503 70424 259690 27846394
 P 515485 71777 259727 27966694
 P 523603 73403 259776 28207294
 P 524857 73674 259786 28329657
 P 535730 75570 259841 28568194
 P 536644 75841 259849 28688494
 P 539286 76111 259858 28808794
 P 544132 76922 259883 29049394
 P 546347 77193 259893 29171021
 P 562356 79631 259967 29289994
 P 565995 80442 259992 29410294
 P 568252 80714 259999 29530594
 P 575187 81526 260022 29650894
 P 577723 81796 260033 29772169
 P 580011 82066 260042 29891494
 P 589348 83962 260098 30252394
 P 591688 84233 260105 30372694
 P 594167 84503 260114 30492994
 P 595627 84773 260123 30614813
 P 601582 85586 260147 30853894
 P 604114 85857 260155 30974194
 P 617161 87753 260213 31214794
 P 627529 89650 260274 31575694
 P 634257 91005 260318 31938017
 P 645563 92900 260375 32297494
 P 650891 93711 260401 32538094
 P 655128 94524 260425 32658394
 P 656894 94796 260433 32778694
 P 663019 95608 260459 32900193
 P 666386 96151 263864 33019294
 P 672265 96964 263889 33259894
 P 676319 97776 263915 33500494
 P 678374 98047 263923 33620794
 P 687647 99942 263986 33862753
 P 694386 100753 264009 34101994
 P 697596 101566 264035 34222294
 P 703829 102920 264077 34583194
 P 716048 104818 264132 34944094
 P 720966 105632 264160 35187109
 P 733754 107527 264219 35545594
 P 735652 107798 264226 35665894
 P 740396 108611 264251 35906494
 P 743700 109422 264277 36147094
 P 746371 109694 264287 36268177
 P 758580 111591 264344 36507994
 P 763680 112404 264370 36748594
 P 771536 113488 264405 36868894
 P 779969 114843 264446 37229794
 P 787792 116197 264488 37471465
 P 790227 116469 264496 37590694
 P 794246 117279 264523 37831294
 P 801763 118360 264553 37951594
 P 806006 119173 264578 38192194
 P 809149 119986 264604 38314237
 P 814768 120800 264630 38553094
 P 827278 122698 264686 38913994
 P 832705 123512 264710 39154594
 P 843229 125409 264768 39515494
 P 850635 126764 264811 39877657
 P 856208 127847 268234 40116994
 P 857037 128119 268242 40237294
 P 864751 129473 268285 40477894
 P 872449 130826 268327 40718494
 P 874306 131097 268337 40840985
 P 877260 131639 271743 40959094
 P 882394 132449 271769 41199694
 P 883946 132719 271778 41319994
 P 897816 134615 271835 41560594
 P 903078 135427 271863 41802137
 P 908292 136240 271888 42041794
 P 914011 137322 271924 42162094
 P 922716 138675 271965 42522994
 P 929436 139761 275386 42763594
 P 930682 140031 275395 42886021
 P 939508 141385 275435 43124494
 P 945737 142199 275459 43244794
 P 947547 142470 275467 43365094
 P 948404 142741 275474 43485394
 P 961238 144637 275531 43848453
 P 962381 144907 275539 43966594
 P 963808 145178 275547 44086894
 P 970265 146263 275579 44207194
 P 976962 147344 275615 44447794
 P 983008 148154 275640 44689945
 P 989788 149236 275675 44808694
 P 1002086 151402 279127 45410194
 P 1004987 151673 279136 45530494
 P 1015185 153027 279177 45891394
 P 1018642 153570 282585 46012509
 P 1034606 156006 282660 46613194
 P 1037060 156277 282668 46733494
 P 1048425 157960 282723 47214694
 P 1052544 158772 282749 47455294
 P 1067717 160943 286203 48057257
 P 1082307 163111 289659 48658294
 P 1092288 165277 293117 49259794
 P 1107478 167717 293192 49861294
 P 1112225 168527 293219 50101894
 P 1123773 169883 293261 50463801
 P 1131207 170694 293288 50703394
 P 1146177 172862 296746 51304894
 P 1157559 175029 300203 51906394
 P 1171503 177194 303659 52507894
 P 1187022 179629 303739 53110305
 P 1191049 180442 303764 53349994
 P 1206267 182606 307223 53951494
 P 1219948 184773 310682 54552994
 P 1232089 186942 314136 55154494
 P 1246442 189378 314213 55756681
 P 1250343 190192 314238 55996594
 P 1259678 191543 314282 56357494
 P 1262046 191814 314290 56477794
 P 1278692 194522 317761 57199594
 P 1292561 196690 321214 57801941
 P 1305847 198857 324668 58402594
