 P 0 0 62 9765
 P 0 0 3452 80914
 P 0 0 6842 153094
 P 0 0 10232 225274
 P 0 0 13622 297454
 P 69 0 17014 371633
 P 69 0 20404 441814
 P 69 0 23794 513994
 P 69 0 27184 586174
 P 69 0 30574 658354
 P 138 0 33966 731029
 P 138 0 37356 802714
 P 138 0 40746 874894
 P 138 0 44136 947074
 P 138 0 47526 1019254
 P 207 0 50918 1091833
 P 207 0 54308 1163614
 P 207 0 57698 1235794
 P 207 0 61088 1307974
 P 2505 0 62180 1380154
 P 2574 0 65572 1454557
 P 2574 0 68962 1524514
 P 2574 0 72352 1596694
 P 2574 0 75742 1668874
 P 3604 0 75781 1741054
 P 3673 0 79173 1815617
 P 3673 0 82563 1885414
 P 3673 0 85953 1957594
 P 3673 0 89343 2029774
 P 4861 0 89383 2101954
 P 6698 0 89393 2175525
 P 6698 0 92783 2246314
 P 6698 0 96173 2318494
 P 6698 0 99563 2390674
 P 9455 0 99570 2462854
 P 11580 0 99580 2536841
 P 11580 0 102970 2607214
 P 11580 0 106360 2679394
 P 11580 0 109750 2751574
 P 14016 0 109758 2823754
 P 16334 0 109768 2898029
 P 16334 0 113158 2968114
 P 16334 0 116548 3040294
 P 16334 0 119938 3112474
 P 17937 0 119946 3184654
 P 19935 0 119956 3257553
 P 19935 0 123346 3329014
 P 19935 0 126736 3401194
 P 19935 0 130126 3473374
 P 22241 0 130134 3545554
 P 23408 0 130144 3620021
 P 23408 0 133534 3689914
 P 23408 0 136924 3762094
 P 23408 0 140314 3834274
 P 25906 0 140321 3906454
 P 27777 0 140331 3979801
 P 27777 0 143721 4050814
 P 27777 0 147111 4122994
 P 27777 0 150501 4195174
 P 29954 0 150509 4267354
 P 32018 0 150518 4341501
 P 32018 0 153908 4411714
 P 32018 0 157298 4483894
 P 32018 0 160688 4556074
 P 33362 0 160696 4628254
 P 35106 0 160706 4701537
 P 35106 0 164096 4772614
 P 35106 0 167486 4844794
 P 35106 0 170876 4916974
 P 37154 0 170883 4989154
 P 40114 0 170893 5062469
 P 40114 0 174283 5133514
 P 40114 0 177673 5205694
 P 40114 0 181063 5277874
 P 42353 0 181071 5350054
 P 43970 0 181081 5422761
 P 43970 0 184471 5494414
 P 43970 0 187861 5566594
 P 43970 0 191251 5638774
 P 45888 0 191259 5710954
 P 47697 0 191270 5784973
 P 47697 0 194660 5855314
 P 47697 0 198050 5927494
 P 47697 0 201440 5999674
 P 48782 0 201448 6071854
 P 50272 0 201458 6145521
 P 50272 0 204848 6216214
 P 50272 0 208238 6288394
 P 50272 0 211628 6360574
 P 52061 0 211636 6432754
 P 54768 0 211646 6506965
 P 54768 0 215036 6577114
 P 54768 0 218426 6649294
 P 54768 0 221816 6721474
 P 56748 0 221824 6793654
 P 58111 0 221833 6867769
 P 58111 0 225223 6938014
 P 58111 0 228613 7010194
 P 58111 0 232003 7082374
 P 59770 0 232011 7154554
 P 61326 0 232021 7228445
 P 61326 0 235411 7298914
 P 61326 0 238801 7371094
 P 61326 0 242191 7443274
 P 64201 0 242199 7515454
 P 65436 0 242209 7589505
 P 65436 0 245599 7659814
 P 65436 0 248989 7731994
 P 65436 0 252379 7804174
 P 66966 0 252387 7876354
 P 69418 0 252397 7949413
 P 69418 0 255787 8020714
 P 69418 0 259177 8092894
 P 69418 0 262567 8165074
 P 71139 0 262575 8237254
 P 72247 0 262585 8310729
 P 72247 0 265975 8381614
 P 72247 0 269365 8453794
 P 72247 0 272755 8525974
 P 73648 0 272763 8598154
 P 74949 0 272773 8671917
 P 74949 0 276163 8742514
 P 74949 0 279553 8814694
 P 74949 0 282943 8886874
 P 77565 0 282951 8959054
 P 78546 0 282961 9033489
 P 78546 0 286351 9103414
 P 78546 0 289741 9175594
 P 78546 0 293131 9247774
 P 79817 0 293139 9319954
 P 82015 0 293148 9393909
 P 82015 0 296538 9464314
 P 82015 0 299928 9536494
 P 82015 0 303318 9608674
 P 83478 0 303325 9680854
 P 86380 0 303335 9753689
 P 86380 0 306725 9825214
 P 86380 0 310115 9897394
 P 86380 0 313505 9969574
 P 87522 0 313513 10041754
 P 88568 0 313523 10115389
 P 88568 0 316913 10186114
 P 88568 0 320303 10258294
 P 88568 0 323693 10330474
 P 90925 0 323701 10402654
 P 93700 0 323711 10475425
 P 93700 0 327101 10547014
 P 93700 0 330491 10619194
 P 93700 0 333881 10691374
 P 94713 0 333888 10763554
 P 96656 0 333898 10836357
 P 96656 0 337288 10907914
 P 96656 0 340678 10980094
 P 96656 0 344068 11052274
 P 97860 0 344076 11124454
 P 100508 0 344086 11198697
 P 100508 0 347476 11268814
 P 100508 0 350866 11340994
 P 100508 0 354256 11413174
 P 101391 0 354264 11485354
 P 104231 0 354274 11558861
 P 104231 0 357664 11629714
 P 104231 0 361054 11701894
 P 104231 0 364444 11774074
 P 104231 0 367834 11846254
 P 106398 0 367844 11919409
 P 107888 272 367852 11990614
 P 114819 1088 367879 12134974
 P 136494 4623 367987 12640234
 P 141982 5439 368013 12784594
 P 166413 8975 368124 13291373
 P 170822 9519 371528 13434214
 P 171925 9791 371536 13506394
 P 174331 10607 371559 13578574
 P 178185 11425 371583 13650754
 P 184244 12241 371613 13724357
 P 191808 13603 371657 13867294
 P 196333 14417 371682 13939474
 P 198043 14689 371690 14011654
 P 203839 15505 371714 14083834
 P 211237 16863 371759 14229393
 P 213115 17136 371768 14300374
 P 218953 17955 371792 14372554
 P 233638 20132 371852 14516914
 P 235316 20406 371860 14589094
 P 239933 21222 371887 14662633
 P 245172 22038 371913 14733454
 P 247265 22310 371922 14805634
 P 257906 24216 371980 15022174
 P 261177 24760 375386 15166534
 P 273947 26659 375449 15313309
 P 278991 27204 375473 15383074
 P 281063 27477 375483 15455254
 P 285493 28293 375508 15527434
 P 294595 29925 375559 15671794
 P 299113 30745 375585 15745589
 P 301123 31017 375593 15816154
 P 302798 31289 375602 15888334
 P 306992 32106 375627 15960514
 P 311265 32922 375650 16032694
 P 317673 33738 375673 16106521
 P 340534 37004 375770 16321414
 P 343738 37820 375797 16393594
 P 345316 38092 375806 16465774
 P 350757 38908 375829 16537954
 P 356187 39725 375855 16611173
 P 359834 40541 375879 16682314
 P 364907 41358 375903 16754494
 P 368778 42175 375928 16826674
 P 372495 42992 375950 16898854
 P 374237 43264 375961 16973385
 P 379453 44080 375987 17043214
 P 381541 44353 375997 17115394
 P 388707 45168 376022 17187574
 P 398928 46798 377286 17331934
 P 405524 47613 377313 17406113
 P 417616 49245 377364 17548474
 P 419404 49517 377372 17620654
 P 425714 50333 377396 17692834
 P 427289 50605 377404 17765014
 P 436272 51967 377446 17909869
 P 441379 52784 377473 17981554
 P 446688 53599 377500 18053734
 P 452531 54414 377525 18125914
 P 459318 55775 377563 18270274
 P 465773 56591 377589 18342853
 P 470738 57409 377614 18414634
 P 474126 58223 377640 18486814
 P 481493 59585 377677 18631174
 P 485616 60402 381092 18775534
 P 490191 61220 381120 18849937
 P 498835 62576 381165 18992074
 P 500977 62848 381173 19064254
 P 511015 64208 381211 19208614
 P 517409 65025 381234 19280794
 P 522552 65842 381260 19355357
 P 523767 66114 381267 19425154
 P 531784 67474 381308 19569514
 P 537916 68290 381335 19641694
 P 552312 70462 381404 19786054
 P 557720 71278 381430 19859625
 P 558748 71552 381438 19930414
 P 560827 71824 381446 20002594
 P 566158 72641 381471 20074774
 P 570437 73457 381497 20146954
 P 582285 75633 381559 20365301
 P 593250 76994 381599 20507854
 P 595330 77265 381608 20580034
 P 599799 78080 381635 20652214
 P 600919 78352 381643 20724394
 P 605296 79168 381668 20798669
 P 611431 79985 381690 20868754
 P 621327 81618 381738 21013114
 P 627173 82436 381762 21085294
 P 639241 84341 381815 21229654
 P 645635 85157 381844 21302553
 P 647875 85429 381852 21374014
 P 652278 86244 381877 21446194
 P 660928 87874 381928 21590554
 P 668347 88691 381954 21734914
 P 677357 90052 381997 21881561
 P 686548 91413 382036 22023634
 P 689923 92229 382060 22095814
 P 691813 92501 382069 22167994
 P 705004 94406 382129 22384534
 P 711237 95223 382155 22457881
 P 713767 95495 382163 22528894
 P 726716 97264 382219 22673254
 P 731408 98080 382244 22745434
 P 745214 100529 382312 22961974
 P 753733 101889 382355 23108301
 P 762798 103248 382399 23250694
 P 764561 103520 382407 23322874
 P 770278 104336 382431 23395054
 P 775765 105153 382453 23467234
 P 783391 106513 382495 23612697
 P 784739 106786 382502 23683774
 P 790169 107601 382527 23755954
 P 793671 108417 382555 23828134
 P 801934 109778 382598 23972494
 P 806305 110594 382622 24045809
 P 811871 111410 382646 24116854
 P 816628 112228 382670 24189034
 P 828731 114132 382726 24333394
 P 830102 114404 382735 24405574
 P 838423 115764 382778 24550461
 P 843853 116581 382805 24622114
 P 850649 117398 382830 24694294
 P 857244 118758 382874 24838654
 P 859318 119030 382883 24910834
 P 861664 119302 382893 24984853
 P 866870 120118 382916 25055194
 P 869793 120935 382938 25127374
 P 879905 122295 382978 25271734
 P 885419 123111 383001 25343914
 P 889223 123927 383027 25417581
 P 890989 124199 383036 25488274
 P 899759 125560 383076 25632634
 P 905591 126375 383101 25704814
 P 908604 127193 383125 25776994
 P 914967 128008 383152 25851205
 P 923496 129366 383196 25993534
 P 936131 131271 383250 26137894
 P 940444 132088 383273 26210074
 P 946330 132905 383297 26354434
 P 947398 133176 383308 26428549
 P 953965 133989 383335 26498794
 P 963387 135619 383385 26643154
 P 966001 135891 383393 26715334
 P 972310 136707 383417 26787514
 P 976369 137525 383443 26861405
 P 980485 138340 383468 26931874
 P 984555 139154 383493 27004054
 P 989443 139970 383516 27076234
 P 993993 140787 383543 27148414
 P 1004632 142420 383593 27294645
 P 1006720 142691 383602 27364954
 P 1011319 143506 383627 27437134
 P 1015419 144322 383653 27509314
 P 1024380 145682 383693 27653674
 P 1028741 146499 383717 27726733
 P 1043188 148676 383780 27942394
 P 1048184 149494 383806 28014574
 P 1050860 149766 383815 28086754
 P 1057500 151397 383869 28231114
 P 1063192 152214 383896 28304589
 P 1067417 153030 383920 28375474
 P 1071729 153847 383944 28447654
 P 1075690 154392 387350 28519834
 P 1081628 155208 387377 28664194
 P 1084244 155480 387386 28737957
 P 1086796 156025 390790 28808554
 P 1089078 156297 390799 28880734
 P 1092942 157113 390825 28952914
 P 1106607 159557 390905 29097274
 P 1110133 160374 390933 29171709
 P 1118106 161734 390972 29313814
 P 1123034 162551 390994 29385994
 P 1130508 163912 391034 29530354
 P 1135083 164730 391058 29602534
 P 1140873 165546 391085 29676489
 P 1142612 165818 391094 29746894
 P 1150882 167177 391135 29891254
 P 1157146 167995 391159 29963434
 P 1161559 168811 391183 30035614
 P 1168116 169627 391209 30108449
 P 1176224 170988 391251 30252154
 P 1177936 171261 391259 30324334
 P 1180608 171533 391266 30396514
 P 1184125 172349 391290 30468694
 P 1189467 173165 391318 30542329
 P 1196302 174524 391359 30685234
 P 1200904 175340 391385 30757414
 P 1217081 177792 391457 30973954
 P 1218661 178064 391465 31046134
 P 1226579 179423 391508 31191085
 P 1231873 180781 391552 31334854
 P 1239195 181598 391578 31407034
 P 1242422 182413 391601 31479214
 P 1243683 182684 391610 31551394
 P 1245397 182956 391620 31624197
 P 1249806 183772 391644 31695754
 P 1255624 184588 391669 31767934
 P 1269729 186494 391731 31912294
 P 1270735 186766 391738 31984474
 P 1276494 187582 391762 32058717
 P 1281638 188398 391787 32128834
 P 1291697 189757 391830 32273194
 P 1294175 190028 391839 32345374
 P 1299641 190842 391866 32417554
 P 1304599 191660 391894 32491061
 P 1317427 193565 391950 32706274
 P 1331607 195741 392014 32850634
 P 1336207 196558 392039 32922814
 P 1337918 196830 392047 32994994
 P 1343327 197646 392074 33068149
 P 1350510 199006 392115 33211534
 P 1352184 199280 392123 33283714
 P 1358125 200095 392148 33355894
 P 1367187 202545 392224 33572434
 P 1372717 203361 392248 33646133
 P 1376040 204177 392270 33716794
 P 1380444 204993 392294 33788974
 P 1388866 206350 392338 33933334
 P 1391731 206622 392347 34005514
 P 1395699 207438 392374 34079117
 P 1401959 208254 392396 34149874
 P 1408737 209071 392420 34222054
 P 1411433 209343 392428 34294234
 P 1417499 210160 392452 34366414
 P 1427981 211789 392504 34511973
 P 1433993 212605 392527 34582954
 P 1436218 212877 392535 34655134
 P 1440054 213694 392562 34727314
 P 1450754 215053 392607 34871674
 P 1455700 215869 392634 35017393
 P 1456763 216141 392643 35088214
 P 1460963 216958 392667 35160394
 P 1470522 218592 392711 35304754
 P 1474711 219408 392733 35376934
 P 1480268 220224 392758 35451529
 P 1488045 221583 392802 35593474
 P 1492413 222398 392829 35665654
 P 1496793 223212 392854 35737834
 P 1498219 223484 392862 35810014
 P 1504719 224848 392905 35955157
 P 1508637 225664 392929 36026554
 P 1513573 226481 392953 36098734
 P 1519744 227298 392978 36170914
 P 1527218 228658 393018 36315274
 P 1539583 230292 393072 36460705
 P 1545677 231108 393097 36531814
 P 1547217 231380 393105 36603994
 P 1553040 232197 393132 36676174
 P 1554659 232469 393140 36748354
 P 1567123 234376 393196 36966637
 P 1571311 235194 393220 37037074
 P 1573412 235467 393227 37109254
 P 1582716 237100 393279 37253614
 P 1586537 237917 393306 37325794
 P 1591563 238731 393333 37399237
 P 1596758 239547 393358 37470154
 P 1608142 241452 393415 37614514
 P 1614713 242267 393441 37686694
 P 1621001 243357 393473 37831054
 P 1624345 244173 393496 37905425
 P 1628567 244990 393519 37975414
 P 1633345 245807 393544 38047594
 P 1640346 247166 393587 38191954
 P 1641295 247437 393596 38264134
 P 1647185 248251 393625 38337257
 P 1650746 249068 393648 38408494
 P 1660495 250429 393688 38552854
 P 1666006 251245 393712 38625034
 P 1673603 252603 393752 38769394
 P 1678534 253419 393777 38843701
 P 1680966 253691 393784 38913754
 P 1687055 254509 393807 38985934
 P 1693795 255324 393834 39058114
 P 1698752 256138 393860 39130294
 P 1707810 257501 393902 39276813
 P 1711382 258318 393926 39346834
 P 1713228 258590 393934 39419014
 P 1715691 258862 393941 39491194
 P 1724878 260495 393986 39635554
 P 1733188 262128 394037 39781465
 P 1739139 262945 394064 39852094
 P 1742024 263760 394091 39924274
 P 1747430 264574 394116 39996454
 P 1748413 264846 394124 40068634
 P 1754642 266206 394166 40213809
 P 1758581 267022 394190 40285174
 P 1760594 267294 394199 40357354
 P 1766966 268110 394224 40429534
 P 1772400 268926 394248 40501714
 P 1777140 269742 394273 40574357
 P 1787825 271374 394324 40718254
 P 1790029 271646 394332 40790434
 P 1797952 273005 394375 40934794
 P 1802398 273822 394400 41006974
 P 1807781 274638 394427 41080161
 P 1817233 275998 394467 41223514
 P 1827387 277358 394503 41367874
 P 1831740 278174 394530 41440054
 P 1836262 278990 394555 41584414
 P 1838150 279263 394565 41657505
 P 1843237 280079 394589 41728774
 P 1855525 282257 394653 41873134
 P 1860420 283073 394677 41945314
 P 1862942 283345 394686 42017494
 P 1867299 284162 394713 42090361
 P 1874384 285523 394749 42234034
 P 1876458 285795 394758 42306214
 P 1880939 286613 394784 42378394
 P 1891221 288512 398235 42522754
 P 1892115 288784 398246 42595781
 P 1897041 289600 398272 42667114
 P 1909673 291506 398329 42883654
 P 1918066 292866 398368 43028014
 P 1922512 293681 398395 43100194
 P 1924941 293953 398406 43174277
 P 1933875 295381 398456 43316734
 P 1938798 296197 398480 43388914
 P 1948884 298102 398537 43533274
 P 1950319 298374 398545 43605454
 P 1956723 299190 398572 43679953
 P 1968139 301096 398623 43821994
 P 1970817 301368 398631 43894174
 P 1979712 302727 398672 44038534
 P 1985249 303542 398699 44110714
 P 2001105 305718 398766 44327813
 P 2006890 306534 398789 44399434
 P 2008735 306806 398797 44471614
 P 2019542 308439 398848 44615974
 P 2021451 308711 398857 44688154
 P 2028702 309799 398894 44833745
 P 2034463 310615 398919 44904694
 P 2037043 310888 398927 44976874
 P 2042602 311704 398951 45049054
 P 2048875 313063 398994 45193414
 P 2050669 313335 399004 45266345
 P 2055790 314152 399028 45337774
 P 2073889 317148 399108 45554314
 P 2077272 317964 399133 45626494
 P 2083321 318782 399160 45698674
 P 2087764 319597 399189 45772533
 P 2097503 320955 399232 45915214
 P 2104447 321771 399256 45987394
 P 2108596 322589 399281 46059574
 P 2110950 322861 399289 46131754
 P 2115552 323678 399315 46204365
 P 2117426 323950 399324 46276114
 P 2123527 324767 399349 46348294
 P 2128201 325583 399373 46420474
 P 2134654 326399 399396 46492654
 P 2144211 328030 399451 46638629
 P 2153578 329932 399512 46853554
 P 2155689 330204 399520 46925734
 P 2161066 331020 399543 46997914
 P 2164189 331837 399565 47070094
 P 2177542 333742 399622 47288281
 P 2187930 335375 399676 47430994
 P 2191212 336190 399701 47503174
 P 2193900 336462 399709 47575354
 P 2197869 337278 399733 47647534
 P 2201282 338095 399759 47720753
 P 2206499 338911 399784 47791894
 P 2211298 339725 399811 47864074
 P 2213410 339997 399819 47936254
 P 2218629 340814 399840 48008434
 P 2226174 342176 399879 48155145
 P 2227295 342449 399889 48224974
 P 2232289 343264 399915 48297154
 P 2236592 344078 399943 48369334
 P 2251388 346256 400008 48585874
 P 2256285 347074 400032 48660053
 P 2259006 347347 400040 48730234
 P 2266930 348709 400081 48874594
 P 2271425 349526 400108 48946774
 P 2279820 350885 400153 49091134
 P 2284020 351702 400180 49163809
 P 2284982 351974 400188 49235494
 P 2289240 352790 400212 49307674
 P 2294884 353607 400236 49379854
 P 2299238 354423 400262 49452034
 P 2306098 355784 400309 49596793
 P 2308021 356056 400316 49668574
 P 2315096 356873 400338 49740754
 P 2329074 359322 400417 49885114
 P 2331133 359593 400426 49957294
 P 2336973 360407 400455 50031697
 P 2345823 361765 400498 50173834
 P 2352010 362582 400520 50246014
 P 2356941 363398 400544 50318194
 P 2359536 363670 400552 50390374
 P 2368126 365031 400593 50537117
 P 2373218 365847 400617 50606914
 P 2377964 366664 400644 50679094
 P 2383920 367480 400669 50751274
 P 2393050 368837 400711 50895634
 P 2394792 369109 400721 50969205
 P 2399248 369924 400746 51039994
 P 2410049 372101 400812 51256534
 P 2414986 372917 400833 51328714
 P 2428605 374824 400889 51545254
 P 2431302 375639 400918 51619241
 P 2434219 375910 400927 51689614
 P 2443129 377540 400975 51833974
 P 2448800 378357 400998 51906154
 P 2453219 379175 401023 51978334
 P 2456877 379991 401049 52052609
 P 2463279 380808 401073 52122694
 P 2465685 381080 401080 52194874
 P 2467676 381353 401089 52267054
 P 2473282 382169 401113 52339234
 P 2477067 382986 401141 52412133
 P 2487702 384345 401184 52555774
 P 2494112 385435 401217 52700134
 P 2500809 386796 401259 52844494
 P 2508946 388157 401295 52988854
 P 2515005 388974 401319 53063321
 P 2519072 389790 401343 53133214
 P 2531565 391692 401404 53349754
 P 2540281 393322 401456 53494114
 P 2543866 394138 401480 53566294
 P 2545667 394410 401490 53639641
 P 2548900 395226 401514 53710654
 P 2556530 396589 401555 53855014
 P 2558166 396861 401562 53927194
 P 2569058 398224 401604 54071554
 P 2570314 398496 401614 54145701
 P 2583291 400941 401692 54360274
 P 2584547 401213 401700 54432454
 P 2588301 402030 401724 54504634
 P 2594469 402635 401748 54576814
 P 2597260 402907 401758 54650097
 P 2607761 404538 401804 54793354
 P 2611152 405355 401831 54865534
 P 2615741 406171 401858 54937714
 P 2620963 406988 401883 55009894
 P 2626791 407803 401908 55083209
 P 2630988 408617 401934 55154254
 P 2637025 409433 401958 55226434
 P 2639146 409705 401966 55298614
 P 2643088 410521 401991 55370794
 P 2653657 412427 402050 55515681
 P 2659127 413243 402071 55587334
 P 2664413 414059 402093 55659514
 P 2675125 415963 402152 55876054
 P 2676927 416234 402161 55948234
 P 2681482 417050 402188 56022253
 P 2686311 417867 402211 56092594
 P 2693731 419227 402251 56236954
 P 2697053 420043 402275 56309134
 P 2701986 420860 402300 56381314
 P 2703346 421132 402309 56454981
 P 2710877 422492 402353 56597854
 P 2715716 423308 402378 56670034
 P 2725284 424940 402431 56814394
 P 2732222 425757 402455 56886574
 P 2737770 426573 402482 56960785
 P 2742467 427389 402508 57030934
 P 2744142 427661 402516 57103114
 P 2746156 427934 402523 57175294
 P 2752614 428750 402544 57247474
 P 2757523 429568 402569 57321589
 P 2762795 430384 402594 57391834
 P 2775015 432286 402657 57608374
 P 2778158 433102 402682 57680554
 P 2780026 433374 402690 57752734
 P 2791595 435006 402740 57898805
 P 2796449 435822 402764 57969274
 P 2800871 436638 402789 58041454
 P 2804798 437454 402814 58113634
 P 2815193 438816 402853 58257994
 P 2817832 439360 406259 58332045
 P 2819395 439632 406267 58402354
 P 2823672 440447 406292 58474534
 P 2828721 441263 406316 58546714
 P 2833240 442079 406341 58618894
 P 2837490 442895 406369 58691953
 P 2849408 445072 406431 58907614
