367120627 1 46933 R 3.0 1 1 36 1
367884353 1 47031 R 5.0 1 2 156 2
368053301 1 47053 R 7.0 1 3 295 3
369306974 1 47213 R 2.0 1 1 400 4
370031526 1 47306 R 4.0 1 2 478 5
370251162 1 47334 R 6.0 1 3 596 6
371518334 1 47496 R 2.0 2 1 43 7
372282135 1 47594 R 6.0 2 3 215 8
372419804 1 47612 R 4.0 2 2 144 9
373707831 1 47776 R 3.0 2 1 239 10
374486974 1 47876 R 5.0 2 2 362 11
374648137 1 47897 R 7.0 2 3 499 12
378168054 1 48347 R 2.0 3 1 255 13
378884695 1 48439 R 4.0 3 2 331 14
379077047 1 48464 R 6.0 3 3 445 15
380344394 1 48626 R 3.0 3 1 448 16
381068943 1 48719 R 5.0 3 2 565 17
381257358 1 48743 R 7.0 3 3 705 18
382524482 1 48905 R 3.0 4 1 87 19
383288239 1 49003 R 5.0 4 2 208 20
383457158 1 49024 R 7.0 4 3 347 21
384739223 1 49188 R 2.0 4 1 456 22
385471486 1 49282 R 4.0 4 2 534 23
385656026 1 49306 R 6.0 4 3 647 24
386935128 1 49469 R 7.0 5 3 151 25
387706457 1 49568 R 3.0 5 1 111 26
387871490 1 49589 R 5.0 5 2 156 27
389165246 1 49755 R 2.0 5 1 382 28
389905326 1 49850 R 4.0 5 2 462 29
390085963 1 49873 R 6.0 5 3 575 30
391325822 1 50031 R 7.0 6 3 74 31
393571713 1 50319 R 2.0 6 1 306 32
394288384 1 50411 R 4.0 6 2 383 33
394480772 1 50435 R 6.0 6 3 498 34
395745188 1 50597 R 3.0 6 1 500 35
395926795 1 50620 R 5.0 6 2 546 36
397990946 1 50885 R 3.0 7 1 147 37
398691968 1 50974 R 5.0 7 2 260 38
398860879 1 50996 R 7.0 7 3 398 39
400142879 1 51160 R 2.0 7 1 507 40
400875171 1 51254 R 4.0 7 2 586 41
401059710 1 51277 R 6.0 7 3 699 42
402338599 1 51441 R 3.0 8 1 64 43
402558537 1 51469 R 5.0 8 2 115 44
404568933 1 51727 R 2.0 8 1 434 45
405309013 1 51821 R 4.0 8 2 514 46
405489678 1 51844 R 6.0 8 3 626 47
406762876 1 52007 R 7.0 9 3 130 48
408975404 1 52291 R 2.0 9 1 358 49
409692104 1 52382 R 4.0 9 2 435 50
409884421 1 52407 R 6.0 9 3 548 51
411175256 1 52572 R 6.0 10 3 74 52
413400453 1 52857 R 3.0 9 1 839 53
414086115 1 52945 R 3.0 10 1 287 54
414880951 1 53046 R 5.0 9 2 1053 55
415571242 1 53135 R 2.0 10 1 562 56
415790877 1 53163 R 4.0 10 2 575 57
417792529 1 53419 R 2.0 11 1 207 58
418510148 1 53511 R 4.0 11 2 283 59
418690782 1 53534 R 6.0 11 3 395 60
420012076 1 53703 R 5.0 10 2 1069 61
420752184 1 53798 R 7.0 10 3 1281 62
420901398 1 53817 R 3.0 11 1 520 63
422184363 1 53981 R 5.0 11 2 707 64
422941104 1 54078 R 7.0 11 3 921 65
423113887 1 54100 R 3.0 12 1 163 66
424379291 1 54262 R 2.0 12 1 410 67
425158433 1 54362 R 4.0 12 2 494 68
425288287 1 54379 R 6.0 12 3 600 69
426615359 1 54548 R 5.0 12 2 634 70
426792055 1 54571 R 7.0 12 3 773 71
426980468 1 54595 R 7.0 13 3 158 72
427133548 1 54615 R 3.0 13 1 37 73
428781905 1 54826 R 2.0 13 1 333 74
429506399 1 54919 R 4.0 13 2 411 75
429726030 1 54947 R 6.0 13 3 528 76
431010071 1 55111 R 5.0 13 2 556 77
433218716 1 55394 R 3.0 14 1 176 78
433368070 1 55413 R 5.0 14 2 219 79
435398913 1 55673 R 2.0 14 1 540 80
436162528 1 55771 R 4.0 14 2 623 81
436300129 1 55788 R 6.0 14 3 729 82
437637804 1 55959 R 2.0 15 1 187 83
438346697 1 56050 R 4.0 15 2 262 84
438542929 1 56075 R 6.0 15 3 378 85
439790830 1 56235 R 3.0 15 1 377 86
440570032 1 56335 R 5.0 15 2 501 87
441271293 1 56424 R 7.0 14 3 1347 88
442018976 1 56520 R 7.0 15 3 803 89
442751278 1 56614 R 3.0 16 1 116 90
442967131 1 56642 R 7.0 16 3 284 91
444200181 1 56799 R 2.0 16 1 387 92
444948104 1 56895 R 4.0 16 2 467 93
445156083 1 56922 R 6.0 16 3 584 94
446413786 1 57083 R 5.0 16 2 609 95
446617826 1 57109 R 7.0 17 3 111 96
448618455 1 57365 R 2.0 17 1 312 97
449374133 1 57462 R 4.0 17 2 394 98
449546951 1 57484 R 6.0 17 3 505 99
450853657 1 57651 R 3.0 17 1 513 100
450999170 1 57670 R 5.0 17 2 555 101
453055439 1 57933 R 3.0 18 1 155 102
453748742 1 58022 R 5.0 18 2 268 103
453921495 1 58044 R 7.0 18 3 406 104
455251351 1 58214 R 2.0 18 1 521 105
455953319 1 58304 R 4.0 18 2 596 106
456149637 1 58329 R 6.0 18 3 710 107
457422664 1 58492 R 3.0 19 1 74 108
458155235 1 58586 R 5.0 19 2 191 109
458370997 1 58613 R 7.0 19 3 336 110
459666543 1 58779 R 2.0 19 1 446 111
460351970 1 58867 R 4.0 19 2 519 112
460559951 1 58893 R 6.0 19 3 635 113
461819325 1 59055 R 2.0 20 1 82 114
462575269 1 59151 R 4.0 20 2 165 115
462748092 1 59173 R 6.0 20 3 276 116
464020443 1 59336 R 3.0 20 1 279 117
464788840 1 59435 R 5.0 20 2 401 118
464934352 1 59453 R 7.0 20 3 536 119
466249219 1 59622 R 6.0 21 3 83 120
466430892 1 59645 R 2.0 21 1 32 121
468459223 1 59904 R 3.0 21 1 207 122
469214927 1 60001 R 5.0 21 2 327 123
469387715 1 60023 R 7.0 21 3 466 124
470635385 1 60183 R 4.0 21 2 555 125
472826655 1 60464 R 3.0 22 1 126 126
473621423 1 60565 R 5.0 22 2 251 127
473774679 1 60585 R 7.0 22 3 386 128
475070200 1 60751 R 2.0 22 1 498 129
475818158 1 60846 R 4.0 22 2 580 130
475963600 1 60865 R 6.0 22 3 687 131
477283660 1 61034 R 3.0 23 1 56 132
478024037 1 61129 R 5.0 23 2 174 133
478173364 1 61148 R 7.0 23 3 310 134
479488448 1 61316 R 2.0 23 1 424 135
480181652 1 61405 R 4.0 23 2 497 136
480354509 1 61427 R 6.0 23 3 608 137
481659109 1 61594 R 7.0 24 3 117 138
483855874 1 61875 R 2.0 24 1 343 139
484588143 1 61969 R 4.0 24 2 421 140
484803947 1 61997 R 6.0 24 3 538 141
486047715 1 62156 R 6.0 25 3 58 142
488249806 1 62438 R 3.0 24 1 820 143
489013393 1 62535 R 3.0 25 1 278 144
489761525 1 62631 R 5.0 24 2 1038 145
490487592 1 62724 R 2.0 25 1 551 146
490633036 1 62743 R 4.0 25 2 555 147
492696344 1 63007 R 5.0 25 2 772 148
493413080 1 63099 R 7.0 25 3 980 149
493605404 1 63123 R 3.0 26 1 226 150
494892163 1 63288 R 2.0 26 1 475 151
495647840 1 63385 R 4.0 26 2 558 152
495820658 1 63407 R 6.0 26 3 669 153
497056774 1 63565 R 2.0 27 1 112 154
497851575 1 63667 R 4.0 27 2 199 155
498004883 1 63686 R 6.0 27 3 308 156
499301725 1 63852 R 5.0 26 2 978 157
500026433 1 63945 R 7.0 26 3 1187 158
500183410 1 63965 R 3.0 27 1 428 159
501469346 1 64130 R 5.0 27 2 615 160
501696794 1 64159 R 7.0 27 3 760 161
503680726 1 64413 R 2.0 28 1 320 162
504413030 1 64507 R 4.0 28 2 400 163
504628794 1 64534 R 6.0 28 3 517 164
505902181 1 64697 R 3.0 28 1 520 165
506626637 1 64790 R 5.0 28 2 636 166
506815080 1 64814 R 7.0 28 3 775 167
508082445 1 64976 R 3.0 29 1 159 168
508274796 1 65001 R 5.0 29 2 206 169
510278240 1 65257 R 2.0 29 1 525 170
511018334 1 65352 R 4.0 29 2 604 171
511230234 1 65379 R 6.0 29 3 722 172
512502407 1 65542 R 3.0 30 1 84 173
513227158 1 65635 R 5.0 30 2 201 174
513998735 1 65734 R 7.0 29 3 1310 175
514715984 1 65825 R 2.0 30 1 453 176
515432662 1 65917 R 4.0 30 2 529 177
515656225 1 65946 R 6.0 30 3 648 178
516894495 1 66104 R 7.0 30 3 786 179
517634571 1 66199 R 7.0 31 3 241 180
517815209 1 66222 R 3.0 31 1 124 181
519084425 1 66384 R 2.0 31 1 372 182
519879193 1 66486 R 4.0 31 2 459 183
520032510 1 66506 R 6.0 31 3 568 184
521300953 1 66668 R 5.0 31 2 594 185
521516535 1 66696 R 7.0 32 3 98 186
523499642 1 66950 R 2.0 32 1 297 187
524247591 1 67045 R 4.0 32 2 379 188
524455544 1 67072 R 6.0 32 3 493 189
525697680 1 67231 R 3.0 32 1 493 190
525901788 1 67257 R 5.0 32 2 544 191
527917892 1 67515 R 2.0 33 1 223 192
528673593 1 67612 R 4.0 33 2 305 193
528846413 1 67634 R 6.0 33 3 415 194
530137416 1 67799 R 3.0 33 1 422 195
530869681 1 67893 R 5.0 33 2 538 196
531054222 1 67917 R 7.0 33 3 678 197
532347819 1 68082 R 2.0 34 1 150 198
532524576 1 68105 R 4.0 34 2 157 199
534518334 1 68360 R 6.0 34 3 501 200
536742355 1 68645 R 2.0 35 1 72 201
537482740 1 68739 R 4.0 35 2 152 202
537632071 1 68759 R 6.0 35 3 260 203
538958182 1 68928 R 3.0 34 1 911 204
539643642 1 69016 R 3.0 35 1 359 205
540438615 1 69118 R 5.0 34 2 1123 206
541118574 1 69205 R 6.0 36 3 67 207
543357905 1 69492 R 5.0 35 2 858 208
544059132 1 69581 R 7.0 34 3 1703 209
544806816 1 69677 R 3.0 36 1 379 210
545545850 1 69772 R 2.0 36 1 559 211
545718606 1 69794 R 4.0 36 2 567 212
547751537 1 70054 R 2.0 37 1 201 213
548483776 1 70148 R 4.0 37 2 280 214
548699567 1 70175 R 6.0 37 3 397 215
549944843 1 70335 R 7.0 35 3 1817 216
550661514 1 70426 R 5.0 36 2 1152 217
550885114 1 70455 R 7.0 36 3 1297 218
552166772 1 70619 R 2.0 38 1 126 219
552914683 1 70715 R 4.0 38 2 207 220
553060164 1 70733 R 6.0 38 3 315 221
554378470 1 70902 R 3.0 37 1 965 222
555103166 1 70995 R 5.0 37 2 1080 223
555291614 1 71019 R 7.0 37 3 1220 224
556558772 1 71181 R 3.0 38 1 604 225
556751120 1 71206 R 5.0 38 2 651 226
556955194 1 71232 R 7.0 38 3 794 227
557124141 1 71254 R 7.0 39 3 175 228
557273314 1 71273 R 3.0 39 1 55 229
558787797 1 71467 R 2.0 39 1 334 230
559481005 1 71555 R 4.0 39 2 409 231
559653793 1 71577 R 6.0 39 3 519 232
560942835 1 71742 R 5.0 39 2 549 233
563190513 1 72030 R 3.0 40 1 173 234
563891529 1 72120 R 5.0 40 2 285 235
564091730 1 72145 R 7.0 40 3 427 236
565357987 1 72308 R 2.0 40 1 535 237
566090253 1 72401 R 4.0 40 2 614 238
566306069 1 72429 R 6.0 40 3 730 239
567569424 1 72591 R 3.0 41 1 93 240
568340992 1 72689 R 5.0 41 2 215 241
568474817 1 72706 R 7.0 41 3 348 242
569752709 1 72870 R 2.0 41 1 457 243
570492805 1 72965 R 4.0 41 2 537 244
570704719 1 72992 R 6.0 41 3 653 245
571987713 1 73156 R 2.0 42 1 103 246
572704413 1 73248 R 4.0 42 2 180 247
572928023 1 73276 R 6.0 42 3 298 248
574194548 1 73439 R 3.0 42 1 301 249
574942472 1 73534 R 5.0 42 2 421 250
575087917 1 73553 R 7.0 42 3 556 251
576404774 1 73722 R 2.0 43 1 29 252
578614510 1 74004 R 4.0 43 2 297 253
580815515 1 74286 R 3.0 43 1 509 254
581508722 1 74375 R 5.0 43 2 620 255
581681543 1 74397 R 7.0 43 3 759 256
582980188 1 74563 R 3.0 44 1 146 257
583712455 1 74657 R 5.0 44 2 262 258
583928305 1 74685 R 7.0 44 3 406 259
585219091 1 74850 R 6.0 43 3 1231 260
585959032 1 74944 R 2.0 44 1 612 261
586108414 1 74964 R 4.0 44 2 616 262
587374786 1 75126 R 3.0 45 1 68 263
588115076 1 75220 R 5.0 45 2 186 264
588326991 1 75248 R 7.0 45 3 329 265
589594336 1 75410 R 6.0 44 3 1151 266
590310869 1 75501 R 2.0 45 1 529 267
590534438 1 75530 R 4.0 45 2 543 268
591812704 1 75694 R 7.0 46 3 136 269
594028210 1 75977 R 6.0 45 3 1080 270
594752453 1 76070 R 2.0 46 1 457 271
594940900 1 76094 R 4.0 46 2 467 272
596200647 1 76255 R 3.0 46 1 558 273
596964202 1 76353 R 5.0 46 2 680 274
597649590 1 76441 R 7.0 47 3 242 275
598411059 1 76538 R 6.0 46 3 999 276
599174584 1 76636 R 2.0 47 1 383 277
599343490 1 76658 R 4.0 47 2 390 278
600594246 1 76818 R 6.0 47 3 639 279
602845023 1 77106 R 3.0 47 1 768 280
603553921 1 77197 R 5.0 47 2 882 281
603750201 1 77222 R 3.0 48 1 244 282
604997846 1 77381 R 2.0 48 1 489 283
605776986 1 77481 R 4.0 48 2 573 284
605938088 1 77502 R 6.0 48 3 683 285
607204642 1 77664 R 5.0 48 2 709 286
607952567 1 77760 R 7.0 48 3 921 287
608160560 1 77786 R 3.0 49 1 169 288
609428755 1 77949 R 2.0 49 1 416 289
610161056 1 78042 R 4.0 49 2 495 290
610376815 1 78070 R 6.0 49 3 611 291
611620566 1 78229 R 2.0 50 1 56 292
612389238 1 78328 R 6.0 50 3 229 293
612534650 1 78346 R 4.0 50 2 158 294
613825647 1 78511 R 5.0 49 2 917 295
614581587 1 78608 R 7.0 49 3 1131 296
614754210 1 78630 R 3.0 50 1 373 297
616055719 1 78797 R 5.0 50 2 562 298
616236353 1 78820 R 7.0 50 3 701 299
