369333529 1 47216 R 142.0 1 1 63 1
370050300 1 47308 R 40.0 1 2 178 2
370273981 1 47337 R 196.0 1 3 323 3
371537522 1 47499 R 191.0 1 1 430 4
372293119 1 47595 R 93.0 1 2 513 5
372466018 1 47617 R 245.0 1 3 624 6
375907795 1 48058 R 196.0 2 3 148 7
376694814 1 48159 R 142.0 2 1 109 8
376883117 1 48183 R 40.0 2 2 156 9
378107916 1 48340 R 191.0 2 1 375 10
378902574 1 48441 R 93.0 2 2 462 11
379055942 1 48461 R 245.0 2 3 570 12
382556316 1 48909 R 196.0 3 3 103 13
384767887 1 49192 R 191.0 3 1 331 14
385507884 1 49287 R 93.0 3 2 411 15
385657413 1 49306 R 245.0 3 3 519 16
386928700 1 49469 R 142.0 3 1 523 17
387125760 1 49494 R 40.0 3 2 571 18
389142893 1 49752 R 245.0 4 3 69 19
391345901 1 50034 R 142.0 4 1 192 20
392062496 1 50126 R 40.0 4 2 307 21
392286181 1 50154 R 196.0 4 3 452 22
393531074 1 50314 R 191.0 4 1 557 23
393754540 1 50342 R 93.0 4 2 571 24
397982522 1 50883 R 191.0 5 1 231 25
398706901 1 50976 R 93.0 5 2 310 26
398895457 1 51000 R 245.0 5 3 422 27
400185296 1 51165 R 142.0 5 1 428 28
400909663 1 51258 R 40.0 5 2 544 29
401098218 1 51282 R 196.0 5 3 684 30
404568139 1 51726 R 142.0 6 1 93 31
405331785 1 51824 R 40.0 6 2 214 32
405500776 1 51846 R 196.0 6 3 352 33
406771090 1 52008 R 191.0 6 1 460 34
407534505 1 52106 R 93.0 6 2 542 35
407703522 1 52128 R 245.0 6 3 654 36
411181263 1 52573 R 142.0 7 1 43 37
411890251 1 52664 R 40.0 7 2 158 38
412117844 1 52693 R 196.0 7 3 303 39
413384246 1 52855 R 191.0 7 1 410 40
414092967 1 52946 R 93.0 7 2 486 41
414320588 1 52975 R 245.0 7 3 605 42
417775101 1 53417 R 196.0 8 3 132 43
419977878 1 53699 R 191.0 8 1 358 44
420725658 1 53795 R 93.0 8 2 439 45
420902473 1 53817 R 245.0 8 3 551 46
422194327 1 53983 R 142.0 8 1 557 47
422370939 1 54005 R 40.0 8 2 603 48
424427149 1 54268 R 196.0 9 3 86 49
426630075 1 54550 R 191.0 9 1 314 50
427323230 1 54639 R 93.0 9 2 387 51
427527412 1 54665 R 245.0 9 3 502 52
428791843 1 54827 R 142.0 9 1 506 53
428981138 1 54851 R 40.0 9 2 553 54
433193737 1 55390 R 142.0 10 1 173 55
433964958 1 55489 R 40.0 10 2 295 56
434130066 1 55510 R 196.0 10 3 432 57
435434505 1 55677 R 191.0 10 1 545 58
436166665 1 55771 R 93.0 10 2 624 59
436351318 1 55795 R 245.0 10 3 736 60
439787335 1 56234 R 142.0 11 1 121 61
440535116 1 56330 R 40.0 11 2 240 62
440711952 1 56353 R 196.0 11 3 378 63
442000788 1 56518 R 191.0 11 1 489 64
442740825 1 56613 R 93.0 11 2 569 65
442921474 1 56636 R 245.0 11 3 682 66
446439315 1 57086 R 142.0 12 1 76 67
447132677 1 57175 R 40.0 12 2 189 68
447336831 1 57201 R 196.0 12 3 330 69
448610014 1 57364 R 191.0 12 1 439 70
449389142 1 57464 R 93.0 12 2 524 71
449519078 1 57480 R 245.0 12 3 630 72
453002668 1 57926 R 142.0 13 1 21 73
453774156 1 58025 R 40.0 13 2 142 74
453939248 1 58046 R 196.0 13 3 279 75
455215395 1 58209 R 191.0 13 1 389 76
455939736 1 58302 R 93.0 13 2 466 77
456159577 1 58330 R 245.0 13 3 584 78
459659030 1 58778 R 196.0 14 3 118 79
461832458 1 59056 R 191.0 14 1 340 80
462595864 1 59154 R 93.0 14 2 423 81
462733652 1 59172 R 245.0 14 3 529 82
464015727 1 59336 R 142.0 14 1 534 83
464254844 1 59366 R 40.0 14 2 588 84
466248584 1 59622 R 196.0 15 3 64 85
468476835 1 59907 R 191.0 15 1 294 86
469185623 1 59997 R 93.0 15 2 370 87
469382018 1 60023 R 245.0 15 3 484 88
470633734 1 60183 R 142.0 15 1 485 89
470865074 1 60212 R 40.0 15 2 538 90
475077379 1 60752 R 142.0 16 1 158 91
475767534 1 60840 R 40.0 16 2 270 92
475991315 1 60869 R 196.0 16 3 415 93
477241972 1 61029 R 191.0 16 1 520 94
477989786 1 61124 R 93.0 16 2 602 95
478197876 1 61151 R 245.0 16 3 717 96
481687630 1 61598 R 142.0 17 1 108 97
482412007 1 61690 R 40.0 17 2 224 98
482600599 1 61715 R 196.0 17 3 364 99
483863184 1 61876 R 191.0 17 1 471 100
484618807 1 61973 R 93.0 17 2 553 101
484791707 1 61995 R 245.0 17 3 664 102
488273444 1 62441 R 142.0 18 1 55 103
489037093 1 62538 R 40.0 18 2 177 104
489206132 1 62560 R 196.0 18 3 314 105
490495871 1 62725 R 191.0 18 1 424 106
491228057 1 62819 R 93.0 18 2 503 107
491381496 1 62838 R 245.0 18 3 612 108
494886816 1 63287 R 196.0 19 3 145 109
497093378 1 63570 R 191.0 19 1 373 110
497833378 1 63664 R 93.0 19 2 453 111
497982905 1 63683 R 245.0 19 3 561 112
499266912 1 63848 R 142.0 19 1 566 113
499494310 1 63877 R 40.0 19 2 619 114
501480232 1 64131 R 196.0 20 3 94 115
503671374 1 64412 R 191.0 20 1 319 116
504450509 1 64511 R 93.0 20 2 404 117
504611652 1 64532 R 245.0 20 3 513 118
505899596 1 64697 R 142.0 20 1 519 119
506081127 1 64720 R 40.0 20 2 567 120
508105023 1 64979 R 245.0 21 3 64 121
510285648 1 65258 R 142.0 21 1 185 122
511049051 1 65356 R 40.0 21 2 306 123
511218142 1 65378 R 196.0 21 3 443 124
512500998 1 65542 R 191.0 21 1 553 125
512689299 1 65566 R 93.0 21 2 562 126
516898802 1 66105 R 142.0 22 1 135 127
517651502 1 66201 R 40.0 22 2 256 128
517812716 1 66222 R 196.0 22 3 391 129
519096550 1 66386 R 191.0 22 1 501 130
519859985 1 66484 R 93.0 22 2 585 131
520029012 1 66505 R 245.0 22 3 695 132
523508826 1 66951 R 142.0 23 1 85 133
524233470 1 67044 R 40.0 23 2 202 134
524421998 1 67068 R 196.0 23 3 341 135
525709769 1 67233 R 191.0 23 1 452 136
526480991 1 67331 R 93.0 23 2 536 137
526646044 1 67352 R 245.0 23 3 646 138
530157142 1 67802 R 142.0 24 1 40 139
530843637 1 67890 R 40.0 24 2 151 140
531055666 1 67917 R 196.0 24 3 295 141
532303396 1 68076 R 191.0 24 1 400 142
533051144 1 68172 R 93.0 24 2 482 143
533228017 1 68195 R 245.0 24 3 593 144
536744169 1 68645 R 196.0 25 3 126 145
538955556 1 68928 R 191.0 25 1 355 146
539648683 1 69017 R 93.0 25 2 429 147
539852896 1 69043 R 245.0 25 3 544 148
541132177 1 69207 R 142.0 25 1 549 149
541355638 1 69235 R 40.0 25 2 601 150
543318097 1 69486 R 196.0 26 3 74 151
545556998 1 69773 R 191.0 26 1 304 152
546289186 1 69867 R 93.0 26 2 383 153
546473806 1 69890 R 245.0 26 3 496 154
547720861 1 70050 R 142.0 26 1 496 155
549984053 1 70340 R 40.0 26 2 809 156
552185815 1 70621 R 191.0 27 1 257 157
552863317 1 70708 R 93.0 27 2 329 158
553044027 1 70731 R 245.0 27 3 441 159
554380925 1 70902 R 142.0 27 1 453 160
555120928 1 70997 R 40.0 27 2 571 161
555270425 1 71016 R 196.0 27 3 706 162
558756171 1 71462 R 142.0 28 1 117 163
559472736 1 71554 R 40.0 28 2 233 164
559696416 1 71583 R 196.0 28 3 377 165
560997812 1 71749 R 191.0 28 1 489 166
561714354 1 71841 R 93.0 28 2 565 167
561906787 1 71866 R 245.0 28 3 680 168
565392527 1 72312 R 142.0 29 1 70 169
566122020 1 72405 R 40.0 29 2 187 170
566275390 1 72425 R 196.0 29 3 323 171
567603171 1 72595 R 191.0 29 1 438 172
568327514 1 72688 R 93.0 29 2 516 173
568484824 1 72708 R 245.0 29 3 626 174
571987405 1 73156 R 196.0 30 3 159 175
572727511 1 73251 R 142.0 30 1 113 176
572876753 1 73270 R 40.0 30 2 155 177
574157738 1 73434 R 191.0 30 1 381 178
574921180 1 73532 R 93.0 30 2 464 179
575121429 1 73557 R 245.0 30 3 580 180
578565371 1 73998 R 196.0 31 3 104 181
580802147 1 74284 R 191.0 31 1 336 182
581510900 1 74375 R 93.0 31 2 412 183
581707233 1 74400 R 245.0 31 3 527 184
583015840 1 74568 R 142.0 31 1 534 185
583176829 1 74588 R 40.0 31 2 579 186
585201827 1 74848 R 196.0 32 3 57 187
587427029 1 75132 R 191.0 32 1 288 188
588112339 1 75220 R 93.0 32 2 360 189
588320396 1 75247 R 245.0 32 3 476 190
589597755 1 75410 R 142.0 32 1 481 191
589786092 1 75434 R 40.0 32 2 528 192
593990581 1 75972 R 142.0 33 1 147 193
594754016 1 76070 R 40.0 33 2 268 194
594923008 1 76092 R 196.0 33 3 406 195
596188226 1 76254 R 191.0 33 1 513 196
596943918 1 76350 R 93.0 33 2 595 197
597116786 1 76373 R 245.0 33 3 706 198
600603491 1 76819 R 142.0 34 1 97 199
601374948 1 76918 R 40.0 34 2 220 200
601540100 1 76939 R 196.0 34 3 357 201
602820914 1 77103 R 191.0 34 1 466 202
603553137 1 77196 R 93.0 34 2 545 203
603769014 1 77224 R 245.0 34 3 661 204
607197121 1 77663 R 142.0 35 1 45 205
607945141 1 77759 R 40.0 35 2 164 206
608122016 1 77781 R 196.0 35 3 304 207
609418482 1 77947 R 191.0 35 1 415 208
610158447 1 78042 R 93.0 35 2 495 209
610370450 1 78069 R 245.0 35 3 611 210
613849587 1 78514 R 196.0 36 3 140 211
616058953 1 78797 R 191.0 36 1 369 212
616775514 1 78889 R 93.0 36 2 446 213
616936796 1 78910 R 245.0 36 3 555 214
618214091 1 79073 R 142.0 36 1 560 215
618418049 1 79099 R 40.0 36 2 609 216
620450844 1 79359 R 196.0 37 3 90 217
622633053 1 79639 R 191.0 37 1 314 218
623357462 1 79731 R 93.0 37 2 392 219
623546048 1 79756 R 245.0 37 3 505 220
624854594 1 79923 R 142.0 37 1 514 221
625038987 1 79947 R 40.0 37 2 561 222
627078363 1 80208 R 245.0 38 3 61 223
629282532 1 80490 R 142.0 38 1 184 224
629960096 1 80577 R 40.0 38 2 294 225
630140812 1 80600 R 196.0 38 3 433 226
631450981 1 80767 R 191.0 38 1 547 227
631619723 1 80789 R 93.0 38 2 554 228
635891787 1 81336 R 142.0 39 1 134 229
636044999 1 81355 R 40.0 39 2 177 230
638034784 1 81610 R 191.0 39 1 493 231
638806063 1 81709 R 93.0 39 2 577 232
638971152 1 81730 R 245.0 39 3 688 233
642491129 1 82181 R 142.0 40 1 83 234
643231277 1 82275 R 40.0 40 2 201 235
643380802 1 82294 R 196.0 40 3 337 236
644690905 1 82462 R 191.0 40 1 449 237
645376252 1 82550 R 93.0 40 2 522 238
645615559 1 82580 R 245.0 40 3 643 239
649069133 1 83023 R 142.0 41 1 29 240
649785875 1 83114 R 40.0 41 2 144 241
650009554 1 83143 R 196.0 41 3 289 242
651280661 1 83306 R 191.0 41 1 397 243
652036285 1 83402 R 93.0 41 2 479 244
652177969 1 83420 R 245.0 41 3 586 245
655705871 1 83872 R 196.0 42 3 121 246
657882133 1 84151 R 191.0 42 1 346 247
658614255 1 84244 R 93.0 42 2 426 248
658798907 1 84268 R 245.0 42 3 537 249
660101625 1 84435 R 142.0 42 1 545 250
660289990 1 84459 R 40.0 42 2 592 251
662291480 1 84715 R 196.0 43 3 69 252
664510887 1 84999 R 191.0 43 1 298 253
665250885 1 85094 R 93.0 43 2 378 254
665431599 1 85117 R 245.0 43 3 490 255
666726500 1 85283 R 142.0 43 1 497 256
666895340 1 85304 R 40.0 43 2 543 257
671107638 1 85843 R 142.0 44 1 162 258
671816390 1 85934 R 40.0 44 2 276 259
672043977 1 85963 R 196.0 44 3 422 260
673322867 1 86127 R 191.0 44 1 530 261
674039430 1 86219 R 93.0 44 2 608 262
674231905 1 86243 R 245.0 44 3 721 263
677701269 1 86687 R 142.0 45 1 110 264
677901298 1 86713 R 40.0 45 2 159 265
679928247 1 86972 R 191.0 45 1 480 266
680652623 1 87065 R 93.0 45 2 558 267
680809928 1 87085 R 245.0 45 3 668 268
682113823 1 87252 R 196.0 45 3 1022 269
684353250 1 87539 R 142.0 46 1 65 270
685046581 1 87628 R 40.0 46 2 178 271
685250795 1 87654 R 196.0 46 3 320 272
686545314 1 87819 R 191.0 46 1 431 273
687246252 1 87909 R 93.0 46 2 507 274
687446526 1 87935 R 245.0 46 3 620 275
690924220 1 88380 R 191.0 47 1 95 276
691695677 1 88479 R 93.0 47 2 179 277
691829547 1 88496 R 245.0 47 3 285 278
693157656 1 88666 R 142.0 47 1 296 279
693889907 1 88760 R 40.0 47 2 413 280
694074533 1 88783 R 196.0 47 3 554 281
697549099 1 89228 R 191.0 48 1 47 282
698297231 1 89324 R 245.0 48 3 217 283
698442632 1 89342 R 93.0 48 2 147 284
699723976 1 89506 R 142.0 48 1 241 285
700463969 1 89601 R 40.0 48 2 359 286
700644698 1 89624 R 196.0 48 3 498 287
704170075 1 90075 R 245.0 49 3 73 288
706333228 1 90352 R 142.0 49 1 191 289
707112258 1 90452 R 40.0 49 2 314 290
707242219 1 90469 R 196.0 49 3 448 291
708534784 1 90634 R 191.0 49 1 557 292
708707524 1 90656 R 93.0 49 2 565 293
712943232 1 91198 R 191.0 50 1 226 294
713119843 1 91221 R 93.0 50 2 233 295
715141332 1 91480 R 142.0 50 1 422 296
715865742 1 91572 R 40.0 50 2 538 297
716085484 1 91601 R 196.0 50 3 683 298
717379263 1 91766 R 245.0 50 3 1125 299
