using saved target 'z1'
../../../../contiki/tools/sky/serialdump-linux -b115200 /dev/ttyUSB2
connecting to /dev/ttyUSB2 (115200) [OK]
Rime started with address 3.0
MAC 03:00:00:00:00:00:00:00 Ref ID: 4841
Contiki-3.x-2125-g5d67a61 started. Node id is set to 3.

************************************************
RTIMER_SECOND = 32768. F_CPU=8000000.
CLOCK_SECOND=128.
DURSLOT = 6015.(0.1835 s).
DURSLEEP = 66165.
DURCYCLE = 72180 .(2.2027 s).
MAX_CLOCK_DRIFT = WAKEUP_ADVANCE_TIME = 327 (0.0033 s).
PERIODIC_BCAST_CYCLES_SENSOR = 917507.
PERIODIC_BCAST_CYCLES_SINK = 917507.
MAX_CYCLE_COUNTER = 27904.
MAX_COUNT_NO_RTS_CTS = 65535.
MAX_CHILD_NUM = 10.
MAX_TRY_TO_FIND_PARENT = 3.

**********Below is Related Settings**********
PRIMAC_CONF_COMPOWER = 1.
PRIMAC_CONF_COMPOWER_SUPPORT = 1.
SF = 10.
PRI_SYNC_SUPPORT = 1.
RANDOM_DRIFT_IN_COOJA_SUPPORT = 0.
ADCSC_SUPPORT = 0.
DATA_TX_SUPPORT = 1.
CYCLES_PER_PACKET = 1.
DATA_INTERVAL = 3.
RETX_LIMIT = 6.
TOTAL_DATA_NUM = 0.
MAX_DATA_QUEUE_BUFS = 10.
PROC_GRADE_BASED_ON_ADDR_SUPPORT = 1.
NODES_NUM_PER_GRADE = 2.
ADDRESS_FREE_SUPPORT = 0.
IS_COOJA_SIM = 0.
CROSS_PLATFORM_SUPPORT = 1.
************************************************

My address is 3.0.
nullmac PRIMAC, channel check rate 8 Hz, radio channel 26
Starting
Hello, world
 P 0 0 0 1505502
 P 0 0 3390 1577682
 P 0 0 6780 1649862
 P 0 0 10235 1723427
 P 0 0 13625 1794222
 P 0 0 17015 1866402
 P 0 0 20405 1938582
 P 0 0 23795 2010762
EMPTY QUEUE
 P 66 0 29758 2087606
EMPTY QUEUE
 P 426 0 33158 2155820
PT [1 0 1 0 2]
 P 2753 0 34221 2227302
PT [1 0 2 0 2]
 P 3577 0 36787 2299482
PT [1 0 3 0 2]
 P 3577 0 40177 2371662
PT [1 0 4 0 2]
 P 3577 0 43567 2443842
PT [1 0 5 0 2]
EMPTY QUEUE
 P 3903 0 46966 2518510
PT [1 0 6 1 2]
 P 6173 0 46969 2588202
PT [1 0 7 1 2]
rcv bro rts
 P 8286 0 47009 2660382
PT [1 0 8 1 2]
 P 8286 0 50399 2732562
PT [1 0 9 1 2]
 P 8286 0 53789 2804742
PT [1 0 10 1 2]
EMPTY QUEUE
 P 8613 0 57187 2878579
PT [1 0 11 2 2]
 P 9893 0 57190 2949102
PT [1 0 12 2 2]
 P 11401 0 57198 3021282
PT [1 0 13 2 2]
 P 13101 0 57206 3093462
PT [1 0 14 2 2]
 P 13101 0 60596 3165642
PT [1 0 15 2 2]
EMPTY QUEUE
 P 13427 0 63995 3240310
PT [1 0 16 2 2]
 P 13427 0 67385 3310002
PT [1 0 17 2 2]
 P 15411 0 67388 3382182
PT [1 0 18 2 2]
 P 17561 0 67397 3454362
PT [1 0 19 2 2]
 P 17561 0 70787 3526542
PT [1 0 20 2 2]
EMPTY QUEUE
 P 17888 0 74186 3600378
PT [1 0 21 3 2]
 P 17888 0 77576 3670902
PT [1 0 22 3 2]
 P 20065 0 77580 3743082
PT [1 0 23 3 2]
 P 22153 0 77589 3815262
PT [1 0 24 3 2]
 P 22153 0 80979 3887442
PT [1 0 25 3 2]
EMPTY QUEUE
 P 22480 0 84377 3961983
PT [1 0 26 4 2]
 P 22480 0 87767 4031802
PT [1 0 27 4 2]
 P 24338 0 87770 4103982
PT [1 0 28 4 2]
 P 25852 0 87779 4176162
PT [1 0 29 4 2]
 P 25852 0 91169 4248342
PT [1 0 30 4 2]
EMPTY QUEUE
 P 25917 0 94561 4322806
PT [1 0 31 4 2]
EMPTY QUEUE
 P 26245 0 97959 4393366
PT [1 0 32 5 2]
 P 27274 0 97962 4464882
PT [1 0 33 5 2]
 P 29750 0 97971 4537062
PT [1 0 34 5 2]
 P 29750 0 101361 4609242
PT [1 0 35 5 2]
 P 29750 0 104751 4681422
PT [1 0 36 5 2]
EMPTY QUEUE
 P 30077 0 108150 4756250
PT [1 0 37 5 2]
 P 31809 0 108154 4825782
PT [1 0 38 5 2]
 P 32687 0 108163 4897962
PT [1 0 39 5 2]
 P 32687 0 111553 4970142
PT [1 0 40 5 2]
 P 32687 0 114943 5042322
PT [1 0 41 5 2]
EMPTY QUEUE
 P 33015 0 118341 5116575
PT [1 0 42 6 2]
 P 34941 0 118344 5186682
PT [1 0 43 6 2]
 P 37805 0 118353 5258862
PT [1 0 44 6 2]
 P 37805 0 121743 5331042
PT [1 0 45 6 2]
 P 37805 0 125133 5403222
PT [1 0 46 6 2]
EMPTY QUEUE
 P 38133 0 128531 5476388
PT [1 0 47 7 2]
 P 39740 0 128534 5547582
PT [1 0 48 7 2]
 P 42030 0 128543 5619762
PT [1 0 49 7 2]
 P 42030 0 131933 5691942
PT [1 0 50 7 2]
 P 42030 0 135323 5764122
PT [1 0 51 7 2]
EMPTY QUEUE
 P 42357 0 138722 5837734
PT [1 0 52 7 2]
 P 45181 0 138725 5908482
PT [1 0 53 7 2]
 P 46385 0 138734 5980662
PT [1 0 54 7 2]
 P 46385 0 142124 6052842
PT [1 0 55 7 2]
 P 46385 0 145514 6125022
PT [1 0 56 7 2]
EMPTY QUEUE
 P 46714 0 148914 6198573
PT [1 0 57 8 2]
 P 48195 0 148917 6269382
PT [1 0 58 8 2]
 P 49851 0 148925 6341562
PT [1 0 59 8 2]
 P 52100 0 148928 6413742
PT [1 0 60 8 2]
 P 52100 0 152318 6485922
PT [1 0 61 8 2]
EMPTY QUEUE
 P 52428 0 155716 6558894
PT [1 0 62 9 2]
 P 52428 0 159106 6630282
PT [1 0 63 9 2]
 P 54021 0 159114 6702462
PT [1 0 64 9 2]
 P 56463 0 159118 6774642
PT [1 0 65 9 2]
 P 56463 0 162508 6846822
PT [1 0 66 9 2]
EMPTY QUEUE
 P 56792 0 165906 6920756
PT [1 0 67 9 2]
 P 56792 0 169296 6991182
PT [1 0 68 9 2]
 P 57811 0 169304 7063362
PT [1 0 69 9 2]
 P 59935 0 169307 7135542
PT [1 0 70 9 2]
 P 59935 0 172697 7207722
PT [1 0 71 9 2]
EMPTY QUEUE
 P 60263 0 176095 7282103
PT [1 0 72 10 2]
 P 60263 0 179485 7352082
PT [1 0 73 10 2]
 P 62243 0 179493 7424262
PT [1 0 74 10 2]
 P 63536 0 179496 7496442
PT [1 0 75 10 2]
 P 63536 0 182886 7568622
PT [1 0 76 10 2]
EMPTY QUEUE
 P 63866 0 186284 7642941
PT [1 0 77 12 2]
 P 63866 0 189674 7712982
PT [1 0 78 12 2]
 P 66297 0 189682 7785162
PT [1 0 79 12 2]
 P 68295 0 189685 7857342
PT [1 0 80 12 2]
 P 70197 0 189688 7929522
PT [1 0 81 12 2]
EMPTY QUEUE
 P 70524 0 193087 8003262
PT [1 0 82 11 2]
 P 70524 0 196477 8073882
PT [1 0 83 11 2]
 P 72893 0 196485 8146062
PT [1 0 84 11 2]
 P 72893 0 199875 8218242
PT [1 0 85 11 2]
 P 75244 0 199878 8290422
PT [1 0 86 11 2]
EMPTY QUEUE
 P 75571 0 203276 8365123
PT [1 0 87 12 2]
 P 75571 0 206666 8434782
PT [1 0 88 12 2]
 P 77366 0 206674 8506962
PT [1 0 89 12 2]
 P 77366 0 210064 8579142
PT [1 0 90 12 2]
 P 79654 0 210067 8651322
PT [1 0 91 12 2]
EMPTY QUEUE
 P 79982 0 213465 8724423
PT [1 0 92 13 2]
 P 79982 0 216855 8795682
PT [1 0 93 13 2]
 P 82739 0 216863 8867862
PT [1 0 94 13 2]
 P 82739 0 220253 8940042
PT [1 0 95 13 2]
 P 84452 0 220257 9012222
PT [1 0 96 13 2]
EMPTY QUEUE
 P 84779 0 223656 9085258
PT [1 0 97 13 2]
 P 84779 0 227046 9156582
PT [1 0 98 13 2]
 P 85938 0 227054 9228762
PT [1 0 99 13 2]
 P 85938 0 230444 9300942
PT [1 0 100 13 2]
 P 88613 0 230447 9373122
PT [1 0 101 13 2]
EMPTY QUEUE
 P 88941 0 233846 9447631
PT [1 0 102 14 2]
 P 88941 0 237236 9517482
PT [1 0 103 14 2]
 P 90038 0 237244 9589662
PT [1 0 104 14 2]
 P 90038 0 240634 9661842
PT [1 0 105 14 2]
 P 91114 0 240637 9734022
PT [1 0 106 14 2]
EMPTY QUEUE
 P 91442 0 244035 9807443
PT [1 0 107 15 2]
 P 91442 0 247425 9878382
PT [1 0 108 15 2]
 P 94013 0 247433 9950562
PT [1 0 109 15 2]
 P 94013 0 250823 10022742
PT [1 0 110 15 2]
 P 95026 0 250826 10094922
PT [1 0 111 15 2]
EMPTY QUEUE
 P 95353 0 254225 10168790
PT [1 0 112 15 2]
 P 95353 0 257615 10239282
PT [1 0 113 15 2]
 P 96838 0 257623 10311462
PT [1 0 114 15 2]
 P 96838 0 261013 10383642
PT [1 0 115 15 2]
 P 99324 0 261016 10455822
PT [1 0 116 15 2]
EMPTY QUEUE
 P 99652 0 264415 10529627
PT [1 0 117 16 2]
 P 101914 0 264418 10600182
PT [1 0 118 16 2]
 P 103849 0 264426 10672362
PT [1 0 119 16 2]
 P 103849 0 267816 10744542
PT [1 0 120 16 2]
 P 103849 0 271206 10816722
PT [1 0 121 16 2]
EMPTY QUEUE
 P 104177 0 274604 10889951
PT [1 0 122 17 2]
 P 106632 0 274607 10961082
PT [1 0 123 17 2]
 P 108505 0 274615 11033262
PT [1 0 124 17 2]
 P 108505 0 278005 11105442
PT [1 0 125 17 2]
 P 108505 0 281395 11177622
PT [1 0 126 17 2]
EMPTY QUEUE
 P 108832 0 284794 11251810
PT [1 0 127 17 2]
 P 110968 0 284798 11321982
PT [1 0 128 17 2]
 P 112267 0 284806 11394162
PT [1 0 129 17 2]
 P 114532 0 284809 11466342
PT [1 0 130 17 2]
 P 114532 0 288199 11538522
PT [1 0 131 17 2]
EMPTY QUEUE
 P 114859 0 291598 11613158
PT [1 0 132 18 2]
 P 114859 0 294988 11682882
PT [1 0 133 18 2]
 P 117120 0 294996 11755062
PT [1 0 134 18 2]
 P 119578 0 294999 11827242
PT [1 0 135 18 2]
 P 119578 0 298389 11899422
PT [1 0 136 18 2]
EMPTY QUEUE
 P 119906 0 301787 11973995
PT [1 0 137 19 2]
 P 119906 0 305177 12043782
PT [1 0 138 19 2]
 P 122617 0 305185 12115962
PT [1 0 139 19 2]
 P 124756 0 305188 12188142
PT [1 0 140 19 2]
 P 124756 0 308578 12260322
PT [1 0 141 19 2]
EMPTY QUEUE
 P 125083 0 311977 12334318
PT [1 0 142 19 2]
 P 125083 0 315367 12404682
PT [1 0 143 19 2]
 P 125083 0 318757 12476862
PT [1 0 144 19 2]
 P 126391 0 318760 12549042
PT [1 0 145 19 2]
 P 126391 0 322150 12621222
PT [1 0 146 19 2]
EMPTY QUEUE
 P 127991 0 322168 12694130
PT [1 0 147 20 2]
 P 127991 0 325558 12765582
PT [1 0 148 20 2]
 P 127991 0 328948 12837762
PT [1 0 149 20 2]
 P 130004 0 328951 12909942
PT [1 0 150 20 2]
 P 130004 0 332341 12982122
PT [1 0 151 20 2]
EMPTY QUEUE
 P 131288 0 332358 13055479
PT [1 0 152 21 2]
 P 131288 0 335748 13126482
PT [1 0 153 21 2]
 P 131288 0 339138 13198662
PT [1 0 154 21 2]
 P 133494 0 339142 13270842
PT [1 0 155 21 2]
 P 133494 0 342532 13343022
PT [1 0 156 21 2]
EMPTY QUEUE
 P 135996 0 342549 13416314
PT [1 0 157 21 2]
 P 135996 0 345939 13487382
PT [1 0 158 21 2]
 P 135996 0 349329 13559562
PT [1 0 159 21 2]
 P 137884 0 349332 13631742
PT [1 0 160 21 2]
 P 137884 0 352722 13703922
PT [1 0 161 21 2]
EMPTY QUEUE
 P 141091 0 352740 13778686
PT [1 0 162 22 2]
 P 141091 0 356130 13848282
PT [1 0 163 22 2]
 P 141091 0 359520 13920462
PT [1 0 164 22 2]
 P 142148 0 359523 13992642
PT [1 0 165 22 2]
 P 142148 0 362913 14064822
PT [1 0 166 22 2]
EMPTY QUEUE
 P 143502 0 362930 14138499
PT [1 0 167 23 2]
 P 143502 0 366320 14209182
PT [1 0 168 23 2]
 P 143502 0 369710 14281362
PT [1 0 169 23 2]
 P 145264 0 369713 14353542
PT [1 0 170 23 2]
 P 145264 0 373103 14425722
PT [1 0 171 23 2]
EMPTY QUEUE
 P 148349 0 373119 14499846
PT [1 0 172 23 2]
 P 148349 0 376509 14570082
PT [1 0 173 23 2]
 P 148349 0 379899 14642262
PT [1 0 174 23 2]
 P 150305 0 379902 14714442
PT [1 0 175 23 2]
 P 150305 0 383292 14786622
PT [1 0 176 23 2]
EMPTY QUEUE
 P 152398 0 383309 14860682
PT [1 0 177 24 2]
 P 152398 0 386699 14930982
PT [1 0 178 24 2]
 P 152398 0 390089 15003162
PT [1 0 179 24 2]
 P 154034 0 390092 15075342
PT [1 0 180 24 2]
 P 154034 0 393482 15147522
PT [1 0 181 24 2]
EMPTY QUEUE
 P 156579 0 393498 15221007
PT [1 0 182 25 2]
 P 156579 0 396888 15291882
PT [1 0 183 25 2]
 P 156579 0 400278 15364062
PT [1 0 184 25 2]
 P 159433 0 400281 15436242
PT [1 0 185 25 2]
 P 161358 0 400284 15508422
PT [1 0 186 25 2]
EMPTY QUEUE
 P 163840 0 400300 15582866
PT [1 0 187 25 2]
 P 163840 0 403690 15652782
PT [1 0 188 25 2]
 P 163840 0 407080 15724962
PT [1 0 189 25 2]
 P 163840 0 410470 15797142
PT [1 0 190 25 2]
 P 166214 0 410474 15869322
PT [1 0 191 25 2]
EMPTY QUEUE
 P 168122 0 410491 15942166
PT [1 0 192 26 2]
 P 168122 0 413881 16013682
PT [1 0 193 26 2]
 P 168122 0 417271 16085862
PT [1 0 194 26 2]
 P 168122 0 420661 16158042
PT [1 0 195 26 2]
 P 170434 0 420664 16230222
PT [1 0 196 26 2]
EMPTY QUEUE
 P 173306 0 420680 16305051
PT [1 0 197 27 2]
 P 173306 0 424070 16374582
PT [1 0 198 27 2]
 P 173306 0 427460 16446762
PT [1 0 199 27 2]
 P 173306 0 430850 16518942
PT [1 0 200 27 2]
 P 175043 0 430853 16591122
PT [1 0 201 27 2]
EMPTY QUEUE
 P 176316 0 430869 16665374
PT [1 0 202 27 2]
 P 176316 0 434259 16735482
PT [1 0 203 27 2]
 P 178597 0 434262 16807662
PT [1 0 204 27 2]
 P 178597 0 437652 16879842
PT [1 0 205 27 2]
 P 178597 0 441042 16952022
PT [1 0 206 27 2]
EMPTY QUEUE
 P 181855 0 441059 17025186
PT [1 0 207 28 2]
 P 181855 0 444449 17096382
PT [1 0 208 28 2]
 P 184329 0 444453 17168562
PT [1 0 209 28 2]
 P 184329 0 447843 17240742
PT [1 0 210 28 2]
 P 184329 0 451233 17312922
PT [1 0 211 28 2]
EMPTY QUEUE
 P 187014 0 451249 17386536
PT [1 0 212 29 2]
 P 187014 0 454639 17457282
PT [1 0 213 29 2]
 P 189170 0 454642 17529462
PT [1 0 214 29 2]
 P 189170 0 458032 17601642
PT [1 0 215 29 2]
 P 189170 0 461422 17673822
PT [1 0 216 29 2]
EMPTY QUEUE
 P 190769 0 461438 17747370
PT [1 0 217 29 2]
 P 190769 0 464828 17818182
PT [1 0 218 29 2]
 P 192094 0 464831 17890362
PT [1 0 219 29 2]
 P 192094 0 468221 17962542
PT [1 0 220 29 2]
 P 192094 0 471611 18034722
PT [1 0 221 29 2]
EMPTY QUEUE
 P 194141 0 471629 18107695
PT [1 0 222 30 2]
 P 194141 0 475019 18179082
PT [1 0 223 30 2]
 P 196172 0 475022 18251262
PT [1 0 224 30 2]
 P 196172 0 478412 18323442
PT [1 0 225 30 2]
 P 196172 0 481802 18395622
PT [1 0 226 30 2]
EMPTY QUEUE
 P 198159 0 481818 18469555
PT [1 0 227 31 2]
 P 198159 0 485208 18539982
PT [1 0 228 31 2]
 P 200382 0 485211 18612162
PT [1 0 229 31 2]
 P 200382 0 488601 18684342
PT [1 0 230 31 2]
 P 200382 0 491991 18756522
PT [1 0 231 31 2]
EMPTY QUEUE
 P 201796 0 492007 18830904
PT [1 0 232 33 2]
 P 201796 0 495397 18900882
PT [1 0 233 33 2]
 P 203701 0 495400 18973062
PT [1 0 234 33 2]
 P 203701 0 498790 19045242
PT [1 0 235 33 2]
 P 203701 0 502180 19117422
PT [1 0 236 33 2]
EMPTY QUEUE
 P 206074 0 502197 19191738
PT [1 0 237 32 2]
 P 206074 0 505587 19261782
PT [1 0 238 32 2]
 P 207147 0 505590 19333962
PT [1 0 239 32 2]
 P 209436 0 505593 19406142
PT [1 0 240 32 2]
 P 209436 0 508983 19478322
PT [1 0 241 32 2]
EMPTY QUEUE
 P 212262 0 508999 19552064
PT [1 0 242 33 2]
 P 212262 0 512389 19622682
PT [1 0 243 33 2]
 P 212262 0 515779 19694862
PT [1 0 244 33 2]
 P 214744 0 515783 19767042
PT [1 0 245 33 2]
 P 214744 0 519173 19839222
PT [1 0 246 33 2]
EMPTY QUEUE
 P 217507 0 519189 19913922
PT [1 0 247 33 2]
 P 217507 0 522579 19983582
PT [1 0 248 33 2]
 P 217507 0 525969 20055762
PT [1 0 249 33 2]
 P 219671 0 525972 20127942
PT [1 0 250 33 2]
 P 219671 0 529362 20200122
PT [1 0 251 33 2]
EMPTY QUEUE
 P 221860 0 529379 20273223
PT [1 0 252 34 2]
 P 221860 0 532769 20344482
PT [1 0 253 34 2]
 P 221860 0 536159 20416662
PT [1 0 254 34 2]
 P 223193 0 536162 20488842
PT [1 0 255 34 2]
 P 223193 0 539552 20561022
PT [1 0 256 34 2]
EMPTY QUEUE
 P 226344 0 539568 20634059
PT [1 0 257 35 2]
 P 226344 0 542958 20705382
PT [1 0 258 35 2]
 P 226344 0 546348 20777562
PT [1 0 259 35 2]
 P 228382 0 546351 20849742
PT [1 0 260 35 2]
 P 228382 0 549741 20921922
PT [1 0 261 35 2]
EMPTY QUEUE
 P 228710 0 553139 20994990
PT [1 0 262 35 2]
 P 230736 0 553147 21066282
PT [1 0 263 35 2]
 P 230736 0 556537 21138462
PT [1 0 264 35 2]
 P 232679 0 556540 21210642
PT [1 0 265 35 2]
 P 232679 0 559930 21282822
PT [1 0 266 35 2]
EMPTY QUEUE
 P 233007 0 563329 21356595
PT [1 0 267 36 2]
 P 234094 0 563338 21427182
PT [1 0 268 36 2]
 P 234094 0 566728 21499362
PT [1 0 269 36 2]
 P 236486 0 566731 21571542
PT [1 0 270 36 2]
 P 236486 0 570121 21643722
PT [1 0 271 36 2]
EMPTY QUEUE
 P 236814 0 573519 21717687
PT [1 0 272 37 2]
 P 238511 0 573527 21788082
PT [1 0 273 37 2]
 P 238511 0 576917 21860262
PT [1 0 274 37 2]
 P 238511 0 580307 21932442
PT [1 0 275 37 2]
 P 240840 0 580310 22004622
PT [1 0 276 37 2]
EMPTY QUEUE
 P 241169 0 583708 22078268
PT [1 0 277 39 2]
 P 242068 0 583716 22148982
PT [1 0 278 39 2]
 P 242068 0 587106 22221162
PT [1 0 279 39 2]
 P 242068 0 590496 22293342
PT [1 0 280 39 2]
 P 243822 0 590500 22365522
PT [1 0 281 39 2]
EMPTY QUEUE
 P 244149 0 593899 22440382
PT [1 0 282 38 2]
 P 246266 0 593907 22509882
PT [1 0 283 38 2]
 P 246266 0 597297 22582062
PT [1 0 284 38 2]
 P 246266 0 600687 22654242
PT [1 0 285 38 2]
 P 248982 0 600690 22726422
PT [1 0 286 38 2]
EMPTY QUEUE
 P 249311 0 604088 22799940
PT [1 0 287 39 2]
 P 252134 0 604096 22870782
PT [1 0 288 39 2]
 P 252134 0 607486 22942962
PT [1 0 289 39 2]
 P 252134 0 610876 23015142
PT [1 0 290 39 2]
 P 253251 0 610879 23087322
PT [1 0 291 39 2]
EMPTY QUEUE
 P 253578 0 614277 23161030
PT [1 0 292 39 2]
 P 253578 0 617667 23231682
PT [1 0 293 39 2]
 P 255283 0 617675 23303862
PT [1 0 294 39 2]
 P 255283 0 621065 23376042
PT [1 0 295 39 2]
 P 256337 0 621068 23448222
PT [1 0 296 39 2]
EMPTY QUEUE
 P 256665 0 624467 23521611
PT [1 0 297 40 2]
 P 256665 0 627857 23592582
PT [1 0 298 40 2]
 P 258820 0 627866 23664762
PT [1 0 299 40 2]
 P 258820 0 631256 23736942
PT [1 0 300 40 2]
 P 261347 0 631259 23809122
PT [1 0 301 40 2]
 P 263299 0 631262 23881302
PT [1 0 302 40 2]
EMPTY QUEUE
 P 263626 0 634661 23955906
PT [1 0 303 41 2]
 P 265719 0 634670 24025662
PT [1 0 304 41 2]
 P 265719 0 638060 24097842
PT [1 0 305 41 2]
 P 265719 0 641450 24170022
PT [1 0 306 41 2]
 P 268119 0 641453 24242202
PT [1 0 307 41 2]
EMPTY QUEUE
 P 268448 0 644851 24315464
PT [1 0 308 42 2]
 P 269967 0 644860 24386562
PT [1 0 309 42 2]
 P 269967 0 648250 24458742
PT [1 0 310 42 2]
 P 269967 0 651640 24530922
PT [1 0 311 42 2]
 P 272304 0 651643 24603102
PT [1 0 312 42 2]
EMPTY QUEUE
 P 272631 0 655042 24676554
PT [1 0 313 42 2]
 P 275112 0 655051 24747462
PT [1 0 314 42 2]
 P 275112 0 658441 24819642
PT [1 0 315 42 2]
 P 275112 0 661831 24891822
PT [1 0 316 42 2]
 P 277418 0 661834 24964002
PT [1 0 317 42 2]
EMPTY QUEUE
 P 277745 0 665233 25037135
PT [1 0 318 43 2]
 P 278628 0 665242 25108362
PT [1 0 319 43 2]
 P 278628 0 668632 25180542
PT [1 0 320 43 2]
 P 278628 0 672022 25252722
PT [1 0 321 43 2]
 P 281127 0 672026 25324902
PT [1 0 322 43 2]
EMPTY QUEUE
 P 281455 0 675424 25399251
PT [1 0 323 44 2]
 P 284324 0 675433 25469262
PT [1 0 324 44 2]
 P 284324 0 678823 25541442
PT [1 0 325 44 2]
 P 284324 0 682213 25613622
PT [1 0 326 44 2]
 P 286505 0 682216 25685802
PT [1 0 327 44 2]
EMPTY QUEUE
 P 286833 0 685615 25758807
PT [1 0 328 44 2]
 P 289128 0 685624 25830162
PT [1 0 329 44 2]
 P 289128 0 689014 25902342
PT [1 0 330 44 2]
 P 289128 0 692404 25974522
PT [1 0 331 44 2]
 P 290478 0 692407 26046702
PT [1 0 332 44 2]
EMPTY QUEUE
 P 290805 0 695806 26119898
PT [1 0 333 45 2]
 P 292014 0 695815 26191062
PT [1 0 334 45 2]
 P 292014 0 699205 26263242
PT [1 0 335 45 2]
 P 292014 0 702595 26335422
PT [1 0 336 45 2]
 P 294069 0 702598 26407602
PT [1 0 337 45 2]
 P 296028 0 702601 26479782
PT [1 0 338 45 2]
EMPTY QUEUE
 P 298015 0 702617 26553843
PT [1 0 339 46 2]
 P 298015 0 706007 26624142
PT [1 0 340 46 2]
 P 298015 0 709397 26696322
PT [1 0 341 46 2]
 P 298015 0 712787 26768502
PT [1 0 342 46 2]
 P 300423 0 712790 26840682
PT [1 0 343 46 2]
EMPTY QUEUE
 P 302349 0 712806 26914167
PT [1 0 344 47 2]
 P 302349 0 716196 26985042
PT [1 0 345 47 2]
 P 302349 0 719586 27057222
PT [1 0 346 47 2]
 P 302349 0 722976 27129402
PT [1 0 347 47 2]
 P 304694 0 722979 27201582
PT [1 0 348 47 2]
EMPTY QUEUE
 P 306045 0 722996 27276026
PT [1 0 349 47 2]
 P 306045 0 726386 27345942
PT [1 0 350 47 2]
 P 306045 0 729776 27418122
PT [1 0 351 47 2]
 P 306045 0 733166 27490302
PT [1 0 352 47 2]
 P 307815 0 733169 27562482
PT [1 0 353 47 2]
EMPTY QUEUE
 P 310129 0 733185 27635327
PT [1 0 354 48 2]
 P 310129 0 736575 27706842
PT [1 0 355 48 2]
 P 310129 0 739965 27779022
PT [1 0 356 48 2]
 P 310129 0 743355 27851202
PT [1 0 357 48 2]
 P 312860 0 743359 27923382
PT [1 0 358 48 2]
EMPTY QUEUE
 P 315624 0 743375 27998211
PT [1 0 359 49 2]
 P 315624 0 746765 28067742
PT [1 0 360 49 2]
 P 315624 0 750155 28139922
PT [1 0 361 49 2]
 P 315624 0 753545 28212102
PT [1 0 362 49 2]
 P 316757 0 753548 28284282
PT [1 0 363 49 2]
EMPTY QUEUE
 P 319458 0 753565 28358534
PT [1 0 364 49 2]
 P 319458 0 756955 28428642
PT [1 0 365 49 2]
 P 319458 0 760345 28500822
PT [1 0 366 49 2]
 P 319458 0 763735 28573002
PT [1 0 367 49 2]
 P 320528 0 763738 28645182
PT [1 0 368 49 2]
EMPTY QUEUE
 P 322657 0 763755 28718347
PT [1 0 369 50 2]
 P 322657 0 767145 28789542
PT [1 0 370 50 2]
 P 322657 0 770535 28861722
PT [1 0 371 50 2]
 P 322657 0 773925 28933902
PT [1 0 372 50 2]
 P 325201 0 773928 29006082
PT [1 0 373 50 2]
EMPTY QUEUE
 P 328291 0 773944 29079694
PT [1 0 374 51 2]
 P 328291 0 777334 29150442
PT [1 0 375 51 2]
 P 328291 0 780724 29222622
PT [1 0 376 51 2]
 P 328291 0 784114 29294802
PT [1 0 377 51 2]
 P 329747 0 784117 29366982
PT [1 0 378 51 2]
EMPTY QUEUE
 P 331239 0 784134 29439827
PT [1 0 379 51 2]
 P 332979 0 784143 29511342
PT [1 0 380 51 2]
 P 332979 0 787533 29583522
PT [1 0 381 51 2]
 P 332979 0 790923 29655702
PT [1 0 382 51 2]
 P 334884 0 790926 29727882
PT [1 0 383 51 2]
EMPTY QUEUE
 P 335211 0 794324 29802711
PT [1 0 384 52 2]
 P 337401 0 794333 29872242
PT [1 0 385 52 2]
 P 337401 0 797723 29944422
PT [1 0 386 52 2]
 P 337401 0 801113 30016602
PT [1 0 387 52 2]
 P 339243 0 801116 30088782
PT [1 0 388 52 2]
EMPTY QUEUE
 P 339572 0 804514 30163036
PT [1 0 389 53 2]
 P 341700 0 804523 30233142
PT [1 0 390 53 2]
 P 341700 0 807913 30305322
PT [1 0 391 53 2]
 P 341700 0 811303 30377502
PT [1 0 392 53 2]
 P 342967 0 811306 30449682
PT [1 0 393 53 2]
EMPTY QUEUE
 P 343294 0 814705 30522846
PT [1 0 394 53 2]
 P 344848 0 814714 30594042
PT [1 0 395 53 2]
 P 344848 0 818104 30666222
PT [1 0 396 53 2]
 P 344848 0 821494 30738402
PT [1 0 397 53 2]
 P 347076 0 821497 30810582
PT [1 0 398 53 2]
EMPTY QUEUE
 P 347405 0 824896 30884196
PT [1 0 399 54 2]
 P 349866 0 824905 30954942
PT [1 0 400 54 2]
 P 351615 0 824913 31027122
PT [1 0 401 54 2]
 P 351615 0 828303 31099302
PT [1 0 402 54 2]
 P 354292 0 828307 31171482
PT [1 0 403 54 2]
EMPTY QUEUE
 P 354620 0 831705 31246151
PT [1 0 404 55 2]
 P 354620 0 835095 31315842
PT [1 0 405 55 2]
 P 356819 0 835103 31388022
PT [1 0 406 55 2]
 P 356819 0 838493 31460202
PT [1 0 407 55 2]
 P 359434 0 838496 31532382
PT [1 0 408 55 2]
EMPTY QUEUE
 P 359761 0 841895 31606218
PT [1 0 409 55 2]
 P 359761 0 845285 31676742
PT [1 0 410 55 2]
 P 361898 0 845293 31748922
PT [1 0 411 55 2]
 P 361898 0 848683 31821102
PT [1 0 412 55 2]
 P 363938 0 848686 31893282
PT [1 0 413 55 2]
EMPTY QUEUE
 P 364265 0 852085 31967823
PT [1 0 414 56 2]
 P 364265 0 855475 32037642
PT [1 0 415 56 2]
 P 365828 0 855483 32109822
PT [1 0 416 56 2]
 P 365828 0 858873 32182002
PT [1 0 417 56 2]
 P 366781 0 858876 32254182
PT [1 0 418 56 2]
EMPTY QUEUE
 P 367109 0 862274 32328915
PT [1 0 419 57 2]
 P 367109 0 865664 32398542
PT [1 0 420 57 2]
 P 369634 0 865672 32470722
PT [1 0 421 57 2]
 P 369634 0 869062 32542902
PT [1 0 422 57 2]
 P 371036 0 869065 32615082
PT [1 0 423 57 2]
EMPTY QUEUE
 P 371364 0 872464 32689495
PT [1 0 424 57 2]
 P 371364 0 875854 32759442
PT [1 0 425 57 2]
 P 372291 0 875862 32831622
PT [1 0 426 57 2]
 P 372291 0 879252 32903802
PT [1 0 427 57 2]
 P 373630 0 879255 32975982
PT [1 0 428 57 2]
EMPTY QUEUE
 P 373957 0 882654 33049562
PT [1 0 429 58 2]
 P 373957 0 886044 33120342
PT [1 0 430 58 2]
 P 376870 0 886052 33192522
PT [1 0 431 58 2]
 P 376870 0 889442 33264702
PT [1 0 432 58 2]
 P 379682 0 889445 33336882
PT [1 0 433 58 2]
EMPTY QUEUE
 P 380011 0 892843 33411168
PT [1 0 434 59 2]
 P 380011 0 896233 33481242
PT [1 0 435 59 2]
 P 382351 0 896242 33553422
PT [1 0 436 59 2]
 P 382351 0 899632 33625602
PT [1 0 437 59 2]
 P 382351 0 903022 33697782
PT [1 0 438 59 2]
 P 384076 0 903026 33769962
PT [1 0 439 59 2]
EMPTY QUEUE
 P 384141 0 906418 33844170
PT [1 0 440 59 2]
EMPTY QUEUE
 P 385754 0 906434 33916811
PT [1 0 441 60 2]
 P 385754 0 909824 33986502
PT [1 0 442 60 2]
 P 385754 0 913214 34058682
PT [1 0 443 60 2]
 P 388089 0 913217 34130862
PT [1 0 444 60 2]
 P 388089 0 916607 34203042
PT [1 0 445 60 2]
EMPTY QUEUE
 P 389383 0 916624 34276878
PT [1 0 446 60 2]
 P 389383 0 920014 34347402
PT [1 0 447 60 2]
 P 389383 0 923404 34419582
PT [1 0 448 60 2]
 P 389383 0 926794 34491762
PT [1 0 449 60 2]
 P 391367 0 926797 34563942
PT [1 0 450 60 2]
EMPTY QUEUE
 P 393879 0 926814 34638483
PT [1 0 451 61 2]
 P 393879 0 930204 34708302
PT [1 0 452 61 2]
 P 393879 0 933594 34780482
PT [1 0 453 61 2]
 P 393879 0 936984 34852662
PT [1 0 454 61 2]
 P 396312 0 936987 34924842
PT [1 0 455 61 2]
EMPTY QUEUE
 P 399530 0 937004 34999575
PT [1 0 456 62 2]
 P 399530 0 940394 35069202
PT [1 0 457 62 2]
 P 399530 0 943784 35141382
PT [1 0 458 62 2]
 P 399530 0 947174 35213562
PT [1 0 459 62 2]
 P 401900 0 947177 35285742
PT [1 0 460 62 2]
EMPTY QUEUE
 P 403264 0 947195 35360154
PT [1 0 461 62 2]
 P 403264 0 950585 35430102
PT [1 0 462 62 2]
 P 403264 0 953975 35502282
PT [1 0 463 62 2]
 P 403264 0 957365 35574462
PT [1 0 464 62 2]
 P 405059 0 957368 35646642
PT [1 0 465 62 2]
EMPTY QUEUE
 P 408152 0 957386 35720222
PT [1 0 466 63 2]
 P 408152 0 960776 35791002
PT [1 0 467 63 2]
 P 408152 0 964166 35863182
PT [1 0 468 63 2]
 P 408152 0 967556 35935362
PT [1 0 469 63 2]
 P 410908 0 967559 36007542
PT [1 0 470 63 2]
EMPTY QUEUE
 P 413173 0 967576 36081827
PT [1 0 471 64 2]
 P 413173 0 970966 36151902
PT [1 0 472 64 2]
 P 413173 0 974356 36224082
PT [1 0 473 64 2]
 P 413173 0 977746 36296262
PT [1 0 474 64 2]
 P 414330 0 977749 36368442
PT [1 0 475 64 2]
EMPTY QUEUE
 P 417300 0 977767 36442919
PT [1 0 476 64 2]
 P 417300 0 981157 36512802
PT [1 0 477 64 2]
 P 417300 0 984547 36584982
PT [1 0 478 64 2]
 P 417300 0 987937 36657162
PT [1 0 479 64 2]
 P 418395 0 987940 36729342
PT [1 0 480 64 2]
EMPTY QUEUE
 P 421559 0 987958 36803498
PT [1 0 481 65 2]
 P 421559 0 991348 36873702
PT [1 0 482 65 2]
 P 421559 0 994738 36945882
PT [1 0 483 65 2]
 P 421559 0 998128 37018062
PT [1 0 484 65 2]
 P 424127 0 998131 37090242
PT [1 0 485 65 2]
EMPTY QUEUE
 P 426974 0 998150 37163568
PT [1 0 486 66 2]
 P 426974 0 1001540 37234602
PT [1 0 487 66 2]
 P 426974 0 1004930 37306782
PT [1 0 488 66 2]
 P 426974 0 1008320 37378962
PT [1 0 489 66 2]
 P 428455 0 1008323 37451142
PT [1 0 490 66 2]
EMPTY QUEUE
 P 430470 0 1008341 37525170
PT [1 0 491 66 2]
 P 430470 0 1011731 37595502
PT [1 0 492 66 2]
 P 430470 0 1015121 37667682
PT [1 0 493 66 2]
 P 430470 0 1018511 37739862
PT [1 0 494 66 2]
 P 432400 0 1018514 37812042
PT [1 0 495 66 2]
EMPTY QUEUE
 P 435122 0 1018532 37886263
PT [1 0 496 68 2]
 P 435122 0 1021922 37956402
PT [1 0 497 68 2]
 P 435122 0 1025312 38028582
PT [1 0 498 68 2]
 P 435122 0 1028702 38100762
PT [1 0 499 68 2]
 P 436989 0 1028705 38172942
PT [1 0 500 68 2]
EMPTY QUEUE
 P 439906 0 1028721 38246843
PT [1 0 501 68 2]
 P 439906 0 1032111 38317302
PT [1 0 502 68 2]
 P 439906 0 1035501 38389482
PT [1 0 503 68 2]
 P 439906 0 1038891 38461662
PT [1 0 504 68 2]
 P 441198 0 1038894 38533842
PT [1 0 505 68 2]
EMPTY QUEUE
 P 443798 0 1038911 38606911
PT [1 0 506 69 2]
 P 443798 0 1042301 38678202
PT [1 0 507 69 2]
 P 443798 0 1045691 38750382
PT [1 0 508 69 2]
 P 443798 0 1049081 38822562
PT [1 0 509 69 2]
 P 446051 0 1049084 38894742
PT [1 0 510 69 2]
EMPTY QUEUE
 P 447819 0 1049102 38968514
PT [1 0 511 69 2]
 P 447819 0 1052492 39039102
PT [1 0 512 69 2]
 P 447819 0 1055882 39111282
PT [1 0 513 69 2]
 P 447819 0 1059272 39183462
PT [1 0 514 69 2]
 P 450521 0 1059275 39255642
PT [1 0 515 69 2]
EMPTY QUEUE
 P 452996 0 1059291 39329607
PT [1 0 516 70 2]
 P 452996 0 1062681 39400002
PT [1 0 517 70 2]
 P 452996 0 1066071 39472182
PT [1 0 518 70 2]
 P 452996 0 1069461 39544362
PT [1 0 519 70 2]
 P 455635 0 1069464 39616542
PT [1 0 520 70 2]
EMPTY QUEUE
 P 458304 0 1069481 39690186
PT [1 0 521 70 2]
 P 458304 0 1072871 39760902
PT [1 0 522 70 2]
 P 458304 0 1076261 39833082
PT [1 0 523 70 2]
 P 458304 0 1079651 39905262
PT [1 0 524 70 2]
 P 460370 0 1079654 39977442
PT [1 0 525 70 2]
EMPTY QUEUE
 P 462721 0 1079671 40052302
PT [1 0 526 71 2]
 P 462721 0 1083061 40121802
PT [1 0 527 71 2]
 P 462721 0 1086451 40193982
PT [1 0 528 71 2]
 P 462721 0 1089841 40266162
PT [1 0 529 71 2]
 P 463699 0 1089844 40338342
PT [1 0 530 71 2]
EMPTY QUEUE
 P 465221 0 1089860 40411859
PT [1 0 531 72 2]
 P 465221 0 1093250 40482702
PT [1 0 532 72 2]
 P 465221 0 1096640 40554882
PT [1 0 533 72 2]
 P 465221 0 1100030 40627062
PT [1 0 534 72 2]
 P 466648 0 1100033 40699242
PT [1 0 535 72 2]
EMPTY QUEUE
 P 468767 0 1100049 40772950
PT [1 0 536 72 2]
 P 468767 0 1103439 40843602
PT [1 0 537 72 2]
 P 468767 0 1106829 40915782
PT [1 0 538 72 2]
 P 468767 0 1110219 40987962
PT [1 0 539 72 2]
 P 470131 0 1110222 41060142
PT [1 0 540 72 2]
EMPTY QUEUE
 P 472347 0 1110239 41133530
PT [1 0 541 73 2]
 P 472347 0 1113629 41204502
PT [1 0 542 73 2]
 P 472347 0 1117019 41276682
PT [1 0 543 73 2]
 P 472347 0 1120409 41348862
PT [1 0 544 73 2]
 P 475184 0 1120412 41421042
PT [1 0 545 73 2]
EMPTY QUEUE
 P 477339 0 1120428 41495647
PT [1 0 546 74 2]
 P 477339 0 1123818 41565402
PT [1 0 547 74 2]
 P 477339 0 1127208 41637582
PT [1 0 548 74 2]
 P 477339 0 1130598 41709762
PT [1 0 549 74 2]
 P 477339 0 1133988 41781942
PT [1 0 550 74 2]
 P 479089 0 1133991 41854122
PT [1 0 551 74 2]
EMPTY QUEUE
 P 480638 0 1134008 41927382
PT [1 0 552 75 2]
 P 480638 0 1137398 41998482
PT [1 0 553 75 2]
 P 480638 0 1140788 42070662
PT [1 0 554 75 2]
 P 480638 0 1144178 42142842
PT [1 0 555 75 2]
 P 482837 0 1144181 42215022
PT [1 0 556 75 2]
EMPTY QUEUE
 P 484066 0 1144199 42288474
PT [1 0 557 75 2]
 P 484066 0 1147589 42359382
PT [1 0 558 75 2]
 P 484066 0 1150979 42431562
PT [1 0 559 75 2]
 P 484066 0 1154369 42503742
PT [1 0 560 75 2]
 P 486202 0 1154373 42575922
PT [1 0 561 75 2]
EMPTY QUEUE
 P 488651 0 1154391 42649055
PT [1 0 562 76 2]
 P 488651 0 1157781 42720282
PT [1 0 563 76 2]
 P 488651 0 1161171 42792462
PT [1 0 564 76 2]
 P 488651 0 1164561 42864642
PT [1 0 565 76 2]
 P 490213 0 1164564 42936822
PT [1 0 566 76 2]
EMPTY QUEUE
 P 493368 0 1164581 43011171
PT [1 0 567 77 2]
 P 493368 0 1167971 43081182
PT [1 0 568 77 2]
 P 493368 0 1171361 43153362
PT [1 0 569 77 2]
 P 493368 0 1174751 43225542
PT [1 0 570 77 2]
 P 495891 0 1174754 43297722
PT [1 0 571 77 2]
EMPTY QUEUE
 P 497191 0 1174772 43370726
PT [1 0 572 77 2]
 P 497191 0 1178162 43442082
PT [1 0 573 77 2]
 P 497191 0 1181552 43514262
PT [1 0 574 77 2]
 P 497191 0 1184942 43586442
PT [1 0 575 77 2]
 P 498115 0 1184945 43658622
PT [1 0 576 77 2]
EMPTY QUEUE
 P 501147 0 1184962 43731820
PT [1 0 577 78 2]
 P 501147 0 1188352 43802982
PT [1 0 578 78 2]
 P 501147 0 1191742 43875162
PT [1 0 579 78 2]
 P 501147 0 1195132 43947342
PT [1 0 580 78 2]
 P 504056 0 1195135 44019522
PT [1 0 581 78 2]
EMPTY QUEUE
 P 506257 0 1195151 44092399
PT [1 0 582 79 2]
 P 506257 0 1198541 44163882
PT [1 0 583 79 2]
 P 506257 0 1201931 44236062
PT [1 0 584 79 2]
 P 506257 0 1205321 44308242
PT [1 0 585 79 2]
 P 508591 0 1205324 44380422
PT [1 0 586 79 2]
EMPTY QUEUE
 P 511499 0 1205341 44454515
PT [1 0 587 79 2]
 P 511499 0 1208731 44524782
PT [1 0 588 79 2]
 P 511499 0 1212121 44596962
PT [1 0 589 79 2]
 P 511499 0 1215511 44669142
PT [1 0 590 79 2]
 P 512746 0 1215514 44741322
PT [1 0 591 79 2]
EMPTY QUEUE
 P 515846 0 1215531 44816118
PT [1 0 592 80 2]
 P 515846 0 1218921 44885682
PT [1 0 593 80 2]
 P 515846 0 1222311 44957862
PT [1 0 594 80 2]
 P 515846 0 1225701 45030042
PT [1 0 595 80 2]
 P 517542 0 1225704 45102222
PT [1 0 596 80 2]
EMPTY QUEUE
 P 520327 0 1225720 45175164
PT [1 0 597 81 2]
 P 520327 0 1229110 45246582
PT [1 0 598 81 2]
 P 520327 0 1232500 45318762
PT [1 0 599 81 2]
 P 520327 0 1235890 45390942
PT [1 0 600 81 2]
 P 521960 0 1235893 45463122
PT [1 0 601 81 2]
EMPTY QUEUE
 P 523914 0 1235909 45537790
PT [1 0 602 81 2]
 P 523914 0 1239299 45607482
PT [1 0 603 81 2]
 P 523914 0 1242689 45679662
PT [1 0 604 81 2]
 P 523914 0 1246079 45751842
PT [1 0 605 81 2]
 P 524972 0 1246083 45824022
PT [1 0 606 81 2]
EMPTY QUEUE
 P 527631 0 1246100 45897859
PT [1 0 607 82 2]
 P 527631 0 1249490 45968382
PT [1 0 608 82 2]
 P 527631 0 1252880 46040562
PT [1 0 609 82 2]
 P 527631 0 1256270 46112742
PT [1 0 610 82 2]
 P 529651 0 1256273 46184922
PT [1 0 611 82 2]
EMPTY QUEUE
 P 532504 0 1256289 46259463
PT [1 0 612 83 2]
 P 532504 0 1259679 46329282
PT [1 0 613 83 2]
 P 532504 0 1263069 46401462
PT [1 0 614 83 2]
 P 532504 0 1266459 46473642
PT [1 0 615 83 2]
 P 534973 0 1266462 46545822
PT [1 0 616 83 2]
EMPTY QUEUE
 P 537509 0 1266479 46620554
PT [1 0 617 83 2]
 P 537509 0 1269869 46690182
PT [1 0 618 83 2]
 P 537509 0 1273259 46762362
PT [1 0 619 83 2]
 P 537509 0 1276649 46834542
PT [1 0 620 83 2]
 P 539915 0 1276652 46906722
PT [1 0 621 83 2]
EMPTY QUEUE
 P 541620 0 1276669 46981134
PT [1 0 622 84 2]
 P 541620 0 1280059 47051082
PT [1 0 623 84 2]
 P 541620 0 1283449 47123262
PT [1 0 624 84 2]
 P 541620 0 1286839 47195442
PT [1 0 625 84 2]
 P 543451 0 1286842 47267622
PT [1 0 626 84 2]
EMPTY QUEUE
 P 545863 0 1286858 47341203
PT [1 0 627 85 2]
 P 545863 0 1290248 47411982
PT [1 0 628 85 2]
 P 545863 0 1293638 47484162
PT [1 0 629 85 2]
 P 545863 0 1297028 47556342
PT [1 0 630 85 2]
 P 548655 0 1297031 47628522
PT [1 0 631 85 2]
EMPTY QUEUE
 P 551260 0 1297048 47702806
PT [1 0 632 85 2]
 P 551260 0 1300438 47772882
PT [1 0 633 85 2]
 P 551260 0 1303828 47845062
PT [1 0 634 85 2]
 P 551260 0 1307218 47917242
PT [1 0 635 85 2]
 P 552453 0 1307221 47989422
PT [1 0 636 85 2]
EMPTY QUEUE
 P 554740 0 1307238 48063898
PT [1 0 637 86 2]
 P 554740 0 1310628 48133782
PT [1 0 638 86 2]
 P 554740 0 1314018 48205962
PT [1 0 639 86 2]
 P 554740 0 1317408 48278142
PT [1 0 640 86 2]
 P 555870 0 1317411 48350322
PT [1 0 641 86 2]
EMPTY QUEUE
 P 557328 0 1317427 48424479
PT [1 0 642 87 2]
 P 557328 0 1320817 48494682
PT [1 0 643 87 2]
 P 557328 0 1324207 48566862
PT [1 0 644 87 2]
 P 557328 0 1327597 48639042
PT [1 0 645 87 2]
 P 559931 0 1327600 48711222
PT [1 0 646 87 2]
EMPTY QUEUE
 P 562094 0 1327616 48784546
PT [1 0 647 87 2]
 P 564474 0 1327619 48855582
PT [1 0 648 87 2]
 P 564474 0 1331009 48927762
PT [1 0 649 87 2]
 P 564474 0 1334399 48999942
PT [1 0 650 87 2]
 P 564474 0 1337789 49072122
PT [1 0 651 87 2]
EMPTY QUEUE
 P 566830 0 1337806 49146151
PT [1 0 652 88 2]
 P 569404 0 1337809 49216482
PT [1 0 653 88 2]
 P 569404 0 1341199 49288662
PT [1 0 654 88 2]
 P 569404 0 1344589 49360842
PT [1 0 655 88 2]
 P 569404 0 1347979 49433022
PT [1 0 656 88 2]
EMPTY QUEUE
 P 571443 0 1347995 49507243
PT [1 0 657 89 2]
 P 573697 0 1347998 49577382
PT [1 0 658 89 2]
 P 573697 0 1351388 49649562
PT [1 0 659 89 2]
 P 573697 0 1354778 49721742
PT [1 0 660 89 2]
 P 573697 0 1358168 49793922
PT [1 0 661 89 2]
EMPTY QUEUE
 P 576955 0 1358185 49867824
PT [1 0 662 89 2]
 P 578379 0 1358188 49938282
PT [1 0 663 89 2]
 P 578379 0 1361578 50010462
PT [1 0 664 89 2]
 P 578379 0 1364968 50082642
PT [1 0 665 89 2]
 P 578379 0 1368358 50154822
PT [1 0 666 89 2]
EMPTY QUEUE
 P 580294 0 1368376 50227890
PT [1 0 667 90 2]
 P 582422 0 1368379 50299182
PT [1 0 668 90 2]
 P 582422 0 1371769 50371362
PT [1 0 669 90 2]
 P 582422 0 1375159 50443542
PT [1 0 670 90 2]
 P 582422 0 1378549 50515722
PT [1 0 671 90 2]
EMPTY QUEUE
 P 584532 0 1378567 50589496
PT [1 0 672 92 2]
 P 586853 0 1378570 50660082
PT [1 0 673 92 2]
 P 586853 0 1381960 50732262
PT [1 0 674 92 2]
 P 586853 0 1385350 50804442
PT [1 0 675 92 2]
 P 586853 0 1388740 50876622
PT [1 0 676 92 2]
EMPTY QUEUE
 P 588645 0 1388757 50950586
PT [1 0 677 91 2]
 P 590647 0 1388761 51020982
PT [1 0 678 91 2]
 P 590647 0 1392151 51093162
PT [1 0 679 91 2]
 P 590647 0 1395541 51165342
PT [1 0 680 91 2]
 P 590647 0 1398931 51237522
PT [1 0 681 91 2]
EMPTY QUEUE
 P 593657 0 1398949 51311167
PT [1 0 682 93 2]
 P 594829 0 1398952 51381882
PT [1 0 683 93 2]
 P 594829 0 1402342 51454062
PT [1 0 684 93 2]
 P 594829 0 1405732 51526242
PT [1 0 685 93 2]
 P 594829 0 1409122 51598422
PT [1 0 686 93 2]
EMPTY QUEUE
 P 596496 0 1409139 51673283
PT [1 0 687 93 2]
 P 596496 0 1412529 51742782
PT [1 0 688 93 2]
 P 598885 0 1412532 51814962
PT [1 0 689 93 2]
 P 598885 0 1415922 51887142
PT [1 0 690 93 2]
 P 598885 0 1419312 51959322
PT [1 0 691 93 2]
EMPTY QUEUE
 P 600430 0 1419323 52032515
PT [1 0 692 93 2]
EMPTY QUEUE
 P 600757 0 1422721 52104347
PT [1 0 693 94 2]
 P 603339 0 1422724 52175862
PT [1 0 694 94 2]
 P 603339 0 1426114 52248042
PT [1 0 695 94 2]
 P 603339 0 1429504 52320222
PT [1 0 696 94 2]
 P 604555 0 1429513 52392402
PT [1 0 697 94 2]
EMPTY QUEUE
 P 604882 0 1432912 52467230
PT [1 0 698 94 2]
 P 607145 0 1432915 52536762
PT [1 0 699 94 2]
 P 607145 0 1436305 52608942
PT [1 0 700 94 2]
 P 607145 0 1439695 52681122
PT [1 0 701 94 2]
 P 609579 0 1439704 52753302
PT [1 0 702 94 2]
EMPTY QUEUE
 P 609906 0 1443103 52827554
PT [1 0 703 95 2]
 P 611338 0 1443106 52897662
PT [1 0 704 95 2]
 P 611338 0 1446496 52969842
PT [1 0 705 95 2]
 P 611338 0 1449886 53042022
PT [1 0 706 95 2]
 P 612431 0 1449894 53114202
PT [1 0 707 95 2]
EMPTY QUEUE
 P 612759 0 1453292 53187368
PT [1 0 708 96 2]
 P 614896 0 1453295 53258562
PT [1 0 709 96 2]
 P 614896 0 1456685 53330742
PT [1 0 710 96 2]
 P 614896 0 1460075 53402922
PT [1 0 711 96 2]
 P 616183 0 1460083 53475102
PT [1 0 712 96 2]
EMPTY QUEUE
 P 616510 0 1463482 53548714
PT [1 0 713 96 2]
 P 618840 0 1463486 53619462
PT [1 0 714 96 2]
 P 618840 0 1466876 53691642
PT [1 0 715 96 2]
 P 618840 0 1470266 53763822
PT [1 0 716 96 2]
 P 618840 0 1473656 53836002
PT [1 0 717 96 2]
EMPTY QUEUE
 P 620936 0 1473674 53909551
PT [1 0 718 97 2]
 P 622948 0 1473677 53980362
PT [1 0 719 97 2]
 P 622948 0 1477067 54052542
PT [1 0 720 97 2]
 P 622948 0 1480457 54124722
PT [1 0 721 97 2]
 P 622948 0 1483847 54196902
PT [1 0 722 97 2]
EMPTY QUEUE
 P 625495 0 1483863 54269875
PT [1 0 723 98 2]
 P 626676 0 1483866 54341262
PT [1 0 724 98 2]
 P 626676 0 1487256 54413442
PT [1 0 725 98 2]
 P 626676 0 1490646 54485622
PT [1 0 726 98 2]
 P 626676 0 1494036 54557802
PT [1 0 727 98 2]
EMPTY QUEUE
 P 628844 0 1494046 54631411
PT [1 0 728 98 2]
 P 630730 0 1494049 54702162
PT [1 0 729 98 2]
EMPTY QUEUE
 P 631057 0 1497447 54775007
PT [1 0 730 99 2]
 P 631057 0 1500837 54846522
PT [1 0 731 99 2]
 P 631057 0 1504227 54918702
PT [1 0 732 99 2]
 P 632640 0 1504235 54990882
PT [1 0 733 99 2]
 P 634719 0 1504238 55063062
PT [1 0 734 99 2]
EMPTY QUEUE
 P 635047 0 1507636 55137890
PT [1 0 735 99 2]
 P 635047 0 1511026 55207422
PT [1 0 736 99 2]
 P 635047 0 1514416 55279602
PT [1 0 737 99 2]
 P 637592 0 1514424 55351782
PT [1 0 738 99 2]
 P 639352 0 1514427 55423962
PT [1 0 739 99 2]
EMPTY QUEUE
 P 639679 0 1517826 55498214
PT [1 0 740 100 2]
 P 639679 0 1521216 55568322
PT [1 0 741 100 2]
 P 639679 0 1524606 55640502
PT [1 0 742 100 2]
 P 640626 0 1524614 55712682
PT [1 0 743 100 2]
 P 643603 0 1524617 55784862
PT [1 0 744 100 2]
EMPTY QUEUE
 P 643931 0 1528015 55858027
PT [1 0 745 101 2]
 P 643931 0 1531405 55929222
PT [1 0 746 101 2]
 P 643931 0 1534795 56001402
PT [1 0 747 101 2]
 P 646864 0 1534804 56073582
PT [1 0 748 101 2]
 P 648498 0 1534807 56145762
PT [1 0 749 101 2]
EMPTY QUEUE
 P 648825 0 1538206 56219374
PT [1 0 750 101 2]
 P 648825 0 1541596 56290122
PT [1 0 751 101 2]
 P 648825 0 1544986 56362302
PT [1 0 752 101 2]
 P 651184 0 1544995 56434482
PT [1 0 753 101 2]
 P 653011 0 1544998 56506662
PT [1 0 754 101 2]
EMPTY QUEUE
 P 653338 0 1548397 56580210
PT [1 0 755 102 2]
 P 653338 0 1551787 56651022
PT [1 0 756 102 2]
 P 653338 0 1555177 56723202
PT [1 0 757 102 2]
 P 653338 0 1558567 56795382
PT [1 0 758 102 2]
 P 654612 0 1558575 56867562
PT [1 0 759 102 2]
 P 657017 0 1558578 56939742
PT [1 0 760 102 2]
EMPTY QUEUE
 P 657343 0 1561976 57012714
PT [1 0 761 103 2]
 P 657343 0 1565366 57084102
PT [1 0 762 103 2]
 P 657343 0 1568756 57156282
PT [1 0 763 103 2]
 P 659067 0 1568764 57228462
PT [1 0 764 103 2]
 P 661665 0 1568767 57300642
PT [1 0 765 103 2]
EMPTY QUEUE
 P 661993 0 1572165 57374575
PT [1 0 766 104 2]
 P 661993 0 1575555 57445002
PT [1 0 767 104 2]
 P 661993 0 1578945 57517182
PT [1 0 768 104 2]
 P 663655 0 1578953 57589362
PT [1 0 769 104 2]
 P 665934 0 1578956 57661542
PT [1 0 770 104 2]
EMPTY QUEUE
 P 666261 0 1582355 57735922
PT [1 0 771 104 2]
 P 666261 0 1585745 57805902
PT [1 0 772 104 2]
 P 666261 0 1589135 57878082
PT [1 0 773 104 2]
 P 666261 0 1592525 57950262
PT [1 0 774 104 2]
 P 667573 0 1592533 58022442
PT [1 0 775 104 2]
 P 669021 0 1592536 58094622
PT [1 0 776 104 2]
EMPTY QUEUE
 P 669348 0 1595935 58168938
PT [1 0 777 105 2]
 P 669348 0 1599325 58238982
PT [1 0 778 105 2]
 P 669348 0 1602715 58311162
PT [1 0 779 105 2]
 P 670342 0 1602724 58383342
PT [1 0 780 105 2]
 P 672495 0 1602727 58455522
PT [1 0 781 105 2]
EMPTY QUEUE
 P 672823 0 1606125 58529263
PT [1 0 782 106 2]
 P 672823 0 1609515 58599882
PT [1 0 783 106 2]
 P 672823 0 1612905 58672062
PT [1 0 784 106 2]
 P 675035 0 1612914 58744242
PT [1 0 785 106 2]
 P 677382 0 1612917 58816422
PT [1 0 786 106 2]
EMPTY QUEUE
 P 677710 0 1616315 58891122
PT [1 0 787 106 2]
