using saved target 'z1'
../../../../contiki/tools/sky/serialdump-linux -b115200 /dev/ttyUSB3
connecting to /dev/ttyUSB3 (115200) [OK]
Rime started with address 4.0
MAC 04:00:00:00:00:00:00:00 Ref ID: 4841
Contiki-3.x-2125-g5d67a61 started. Node id is set to 4.

************************************************
RTIMER_SECOND = 32768. F_CPU=8000000.
CLOCK_SECOND=128.
DURSLOT = 6015.(0.1835 s).
DURSLEEP = 66165.
DURCYCLE = 72180 .(2.2027 s).
MAX_CLOCK_DRIFT = WAKEUP_ADVANCE_TIME = 327 (0.0033 s).
PERIODIC_BCAST_CYCLES_SENSOR = 196611.
PERIODIC_BCAST_CYCLES_SINK = 196611.
MAX_CYCLE_COUNTER = 27904.
MAX_COUNT_NO_RTS_CTS = 65535.
MAX_CHILD_NUM = 10.
MAX_TRY_TO_FIND_PARENT = 3.

**********Below is Related Settings**********
PRIMAC_CONF_COMPOWER = 1.
PRIMAC_CONF_COMPOWER_SUPPORT = 1.
SF = 10.
PRI_SYNC_SUPPORT = 1.
RANDOM_DRIFT_IN_COOJA_SUPPORT = 0.
ADCSC_SUPPORT = 0.
DATA_TX_SUPPORT = 1.
CYCLES_PER_PACKET = 4.
DATA_INTERVAL = 3.
RETX_LIMIT = 6.
TOTAL_DATA_NUM = 0.
MAX_DATA_QUEUE_BUFS = 10.
PROC_GRADE_BASED_ON_ADDR_SUPPORT = 1.
NODES_NUM_PER_GRADE = 2.
ADDRESS_FREE_SUPPORT = 0.
IS_COOJA_SIM = 0.
CROSS_PLATFORM_SUPPORT = 1.
************************************************

My address is 4.0.
nullmac PRIMAC, channel check rate 8 Hz, radio channel 26
Starting
Hello, world
 P 0 0 0 2142722
 P 0 0 3450 2216827
 P 0 0 6840 2287082
 P 0 0 10230 2359262
 P 0 0 13620 2431442
 P 0 0 17010 2503622
EMPTY QUEUE
 P 424 0 20409 2578036
PT [2 0 1 1 1]
 P 424 0 23799 2647982
PT [2 0 2 1 1]
 P 424 0 27189 2720162
PT [2 0 3 1 1]
 P 424 0 30579 2792342
PT [2 0 4 1 1]
 P 3172 0 31221 2864522
PT [2 0 5 1 1]
EMPTY QUEUE
 P 6141 0 32202 2938070
PT [2 0 6 1 1]
 P 6141 0 35592 3008882
PT [2 0 7 1 1]
 P 6141 0 38982 3081062
PT [2 0 8 1 1]
 P 6141 0 42372 3153242
PT [2 0 9 1 1]
rcv bro rts
 P 7181 0 42413 3225422
PT [2 0 10 1 1]
 P 8460 0 42416 3297602
PT [2 0 11 1 1]
EMPTY QUEUE
 P 9012 0 45814 3371854
PT [2 0 12 2 1]
 P 9012 0 49204 3441962
PT [2 0 13 2 1]
 P 9012 0 52594 3514142
PT [2 0 14 2 1]
 P 10413 0 52603 3586322
PT [2 0 15 2 1]
 P 11793 0 52606 3658502
PT [2 0 16 2 1]
EMPTY QUEUE
 P 12345 0 56004 3732946
PT [2 0 17 2 1]
 P 12345 0 59394 3802862
PT [2 0 18 2 1]
 P 12345 0 62784 3875042
PT [2 0 19 2 1]
 P 14627 0 62793 3947222
PT [2 0 20 2 1]
 P 16876 0 62796 4019402
PT [2 0 21 2 1]
EMPTY QUEUE
 P 17397 0 66194 4093496
PT [2 0 22 3 1]
 P 17397 0 69584 4163762
PT [2 0 23 3 1]
 P 17397 0 72974 4235942
PT [2 0 24 3 1]
 P 18796 0 72982 4308122
PT [2 0 25 3 1]
 P 19649 0 72985 4380302
PT [2 0 26 3 1]
EMPTY QUEUE
 P 20137 0 76383 4453530
PT [2 0 27 2 1]
 P 20137 0 79773 4524662
PT [2 0 28 2 1]
 P 20137 0 83163 4596842
PT [2 0 29 2 1]
 P 22865 0 83171 4669022
PT [2 0 30 2 1]
 P 24415 0 83174 4741202
PT [2 0 31 2 1]
EMPTY QUEUE
 P 24967 0 86572 4815199
PT [2 0 32 2 1]
 P 24967 0 89962 4885562
PT [2 0 33 2 1]
 P 24967 0 93352 4957742
PT [2 0 34 2 1]
 P 27576 0 93360 5029922
PT [2 0 35 2 1]
 P 28653 0 93363 5102102
PT [2 0 36 2 1]
EMPTY QUEUE
 P 29237 0 96761 5176323
PT [2 0 37 2 1]
 P 29237 0 100151 5246462
PT [2 0 38 2 1]
 P 29237 0 103541 5318642
PT [2 0 39 2 1]
 P 32060 0 103550 5390822
PT [2 0 40 2 1]
 P 33070 0 103553 5463002
PT [2 0 41 2 1]
EMPTY QUEUE
 P 33590 0 106951 5536839
PT [2 0 42 2 1]
 P 33590 0 110341 5607362
PT [2 0 43 2 1]
 P 33590 0 113731 5679542
PT [2 0 44 2 1]
 P 34447 0 113739 5751722
PT [2 0 45 2 1]
 P 36513 0 113743 5823902
PT [2 0 46 2 1]
EMPTY QUEUE
 P 37001 0 117141 5898923
PT [2 0 47 2 1]
 P 37001 0 120531 5968262
PT [2 0 48 2 1]
 P 37001 0 123921 6040442
PT [2 0 49 2 1]
 P 38804 0 123929 6112622
PT [2 0 50 2 1]
 P 39594 0 123932 6184802
PT [2 0 51 2 1]
EMPTY QUEUE
 P 39661 0 129894 6260622
PT [2 0 52 2 1]
EMPTY QUEUE
 P 39728 0 135856 6333570
PT [2 0 53 2 1]
EMPTY QUEUE
 P 40343 0 139254 6403735
PT [2 0 54 2 1]
 P 42600 0 139263 6473522
PT [2 0 55 2 1]
 P 43363 0 139267 6545702
PT [2 0 56 2 1]
 P 43363 0 142657 6617882
PT [2 0 57 2 1]
 P 43363 0 146047 6690062
PT [2 0 58 2 1]
EMPTY QUEUE
 P 43978 0 149445 6764827
PT [2 0 59 2 1]
 P 46706 0 149453 6834422
PT [2 0 60 2 1]
 P 48643 0 149456 6906602
PT [2 0 61 2 1]
 P 48643 0 152846 6978782
PT [2 0 62 2 1]
 P 48643 0 156236 7050962
PT [2 0 63 2 1]
EMPTY QUEUE
 P 49131 0 159634 7125279
PT [2 0 64 2 1]
 P 51262 0 159642 7195322
PT [2 0 65 2 1]
 P 52854 0 159647 7267502
PT [2 0 66 2 1]
 P 52854 0 163037 7339682
PT [2 0 67 2 1]
 P 52854 0 166427 7411862
PT [2 0 68 2 1]
EMPTY QUEUE
 P 53470 0 169825 7485476
PT [2 0 69 2 1]
 P 54732 0 169834 7556222
PT [2 0 70 2 1]
 P 57500 0 169837 7628402
PT [2 0 71 2 1]
 P 57500 0 173227 7700582
PT [2 0 72 2 1]
 P 57500 0 176617 7772762
PT [2 0 73 2 1]
EMPTY QUEUE
 P 57567 0 182579 7849094
PT [2 0 74 2 1]
EMPTY QUEUE
 P 60665 0 182595 7919036
PT [2 0 75 2 1]
 P 61751 0 182598 7989302
PT [2 0 76 2 1]
 P 61751 0 185988 8061482
PT [2 0 77 2 1]
 P 61751 0 189378 8133662
PT [2 0 78 2 1]
 P 61751 0 192768 8205842
PT [2 0 79 2 1]
EMPTY QUEUE
 P 64171 0 192784 8280511
PT [2 0 80 2 1]
 P 66017 0 192788 8350202
PT [2 0 81 2 1]
 P 66017 0 196178 8422382
PT [2 0 82 2 1]
 P 66017 0 199568 8494562
PT [2 0 83 2 1]
 P 66017 0 202958 8566742
PT [2 0 84 2 1]
EMPTY QUEUE
 P 68350 0 202975 8641317
PT [2 0 85 2 1]
 P 69151 0 202978 8711102
PT [2 0 86 2 1]
 P 69151 0 206368 8783282
PT [2 0 87 2 1]
 P 69151 0 209758 8855462
PT [2 0 88 2 1]
 P 69151 0 213148 8927642
PT [2 0 89 2 1]
EMPTY QUEUE
 P 71283 0 213165 9001575
PT [2 0 90 2 1]
 P 73385 0 213168 9072002
PT [2 0 91 2 1]
 P 73385 0 216558 9144182
PT [2 0 92 2 1]
 P 73385 0 219948 9216362
PT [2 0 93 2 1]
 P 73385 0 223338 9288542
PT [2 0 94 2 1]
EMPTY QUEUE
 P 75367 0 223354 9363435
PT [2 0 95 2 1]
 P 77188 0 223357 9432902
PT [2 0 96 2 1]
 P 77188 0 226747 9505082
PT [2 0 97 2 1]
 P 77188 0 230137 9577262
PT [2 0 98 2 1]
 P 77188 0 233527 9649442
PT [2 0 99 2 1]
EMPTY QUEUE
 P 78874 0 233543 9722703
PT [2 0 100 2 1]
 P 80947 0 233546 9793802
PT [2 0 101 2 1]
 P 80947 0 236936 9865982
PT [2 0 102 2 1]
 P 80947 0 240326 9938162
PT [2 0 103 2 1]
 P 80947 0 243716 10010342
PT [2 0 104 2 1]
EMPTY QUEUE
 P 83693 0 243732 10083603
PT [2 0 105 2 1]
 P 85071 0 243735 10154702
PT [2 0 106 2 1]
 P 85071 0 247125 10226882
PT [2 0 107 2 1]
 P 85071 0 250515 10299062
PT [2 0 108 2 1]
 P 85071 0 253905 10371242
PT [2 0 109 2 1]
EMPTY QUEUE
 P 87960 0 256486 10448054
PT [2 0 110 2 1]
 P 89016 0 256489 10515602
PT [2 0 111 2 1]
EMPTY QUEUE
 P 89632 0 259888 10590175
PT [2 0 112 2 1]
 P 89632 0 263278 10659962
PT [2 0 113 2 1]
 P 89632 0 266668 10732142
PT [2 0 114 2 1]
 P 90520 0 266676 10804322
PT [2 0 115 2 1]
 P 91995 0 266679 10876502
PT [2 0 116 2 1]
EMPTY QUEUE
 P 92611 0 270078 10951267
PT [2 0 117 2 1]
 P 92611 0 273468 11020862
PT [2 0 118 2 1]
 P 92611 0 276858 11093042
PT [2 0 119 2 1]
 P 95307 0 276866 11165222
PT [2 0 120 2 1]
 P 97957 0 276869 11237402
PT [2 0 121 2 1]
EMPTY QUEUE
 P 98023 0 282832 11313862
PT [2 0 122 2 1]
EMPTY QUEUE
 P 98090 0 288794 11386170
PT [2 0 123 2 1]
EMPTY QUEUE
 P 98705 0 292193 11456335
PT [2 0 124 2 1]
 P 100390 0 292202 11526122
PT [2 0 125 2 1]
 P 102663 0 292205 11598302
PT [2 0 126 2 1]
 P 102663 0 295595 11670482
PT [2 0 127 2 1]
 P 102663 0 298985 11742662
PT [2 0 128 2 1]
EMPTY QUEUE
 P 103279 0 302384 11817427
PT [2 0 129 2 1]
 P 104572 0 302393 11887022
PT [2 0 130 2 1]
 P 105344 0 302397 11959202
PT [2 0 131 2 1]
 P 105344 0 305787 12031382
PT [2 0 132 2 1]
 P 105344 0 309177 12103562
PT [2 0 133 2 1]
EMPTY QUEUE
 P 105831 0 312576 12177879
PT [2 0 134 2 1]
 P 107674 0 312585 12247922
PT [2 0 135 2 1]
 P 110331 0 312588 12320102
PT [2 0 136 2 1]
 P 110331 0 315978 12392282
PT [2 0 137 2 1]
 P 110331 0 319368 12464462
PT [2 0 138 2 1]
EMPTY QUEUE
 P 110947 0 322767 12538075
PT [2 0 139 2 1]
 P 112241 0 322776 12608822
PT [2 0 140 2 1]
 P 113653 0 322780 12681002
PT [2 0 141 2 1]
 P 113653 0 326170 12753182
PT [2 0 142 2 1]
 P 113653 0 329560 12825362
PT [2 0 143 2 1]
EMPTY QUEUE
 P 114205 0 332959 12899615
PT [2 0 144 2 1]
 P 115349 0 332967 12969722
PT [2 0 145 2 1]
 P 116862 0 332971 13041902
PT [2 0 146 2 1]
 P 116862 0 336361 13114082
PT [2 0 147 2 1]
 P 116862 0 339751 13186262
PT [2 0 148 2 1]
EMPTY QUEUE
 P 117414 0 343150 13260707
PT [2 0 149 2 1]
 P 119727 0 343159 13330622
PT [2 0 150 2 1]
 P 120535 0 343162 13402802
PT [2 0 151 2 1]
 P 120535 0 346552 13474982
PT [2 0 152 2 1]
 P 120535 0 349942 13547162
PT [2 0 153 2 1]
EMPTY QUEUE
 P 121087 0 353342 13621288
PT [2 0 154 2 1]
 P 123250 0 353350 13691522
PT [2 0 155 2 1]
 P 125497 0 353353 13763702
PT [2 0 156 2 1]
 P 125497 0 356743 13835882
PT [2 0 157 2 1]
 P 125497 0 360133 13908062
PT [2 0 158 2 1]
EMPTY QUEUE
 P 126048 0 363532 13981355
PT [2 0 159 2 1]
 P 127438 0 363540 14052422
PT [2 0 160 2 1]
 P 128757 0 363543 14124602
PT [2 0 161 2 1]
 P 128757 0 366933 14196782
PT [2 0 162 2 1]
 P 128757 0 370323 14268962
PT [2 0 163 2 1]
EMPTY QUEUE
 P 129277 0 373722 14342927
PT [2 0 164 2 1]
 P 131535 0 373730 14413322
PT [2 0 165 2 1]
 P 133178 0 373733 14485502
PT [2 0 166 2 1]
 P 133178 0 377123 14557682
PT [2 0 167 2 1]
 P 133178 0 380513 14629862
PT [2 0 168 2 1]
EMPTY QUEUE
 P 133666 0 383912 14703987
PT [2 0 169 2 1]
 P 135789 0 383920 14774222
PT [2 0 170 2 1]
 P 138512 0 383923 14846402
PT [2 0 171 2 1]
 P 139854 0 383926 14918582
PT [2 0 172 2 1]
 P 139854 0 387316 14990762
PT [2 0 173 2 1]
EMPTY QUEUE
 P 140407 0 390715 15064632
PT [2 0 174 3 1]
 P 142921 0 390723 15135122
PT [2 0 175 3 1]
 P 142921 0 394113 15207302
PT [2 0 176 3 1]
 P 144203 0 394116 15279482
PT [2 0 177 3 1]
 P 144203 0 397506 15351662
PT [2 0 178 3 1]
EMPTY QUEUE
 P 144268 0 403468 15428825
PT [2 0 179 3 1]
EMPTY QUEUE
 P 146019 0 403485 15497935
PT [2 0 180 2 1]
 P 146019 0 406875 15568202
PT [2 0 181 2 1]
 P 147980 0 406879 15640382
PT [2 0 182 2 1]
 P 147980 0 410269 15712562
PT [2 0 183 2 1]
 P 147980 0 413659 15784742
PT [2 0 184 2 1]
EMPTY QUEUE
 P 150791 0 413676 15859411
PT [2 0 185 2 1]
 P 150791 0 417066 15929102
PT [2 0 186 2 1]
 P 153172 0 417069 16001282
PT [2 0 187 2 1]
 P 153172 0 420459 16073462
PT [2 0 188 2 1]
 P 153172 0 423849 16145642
PT [2 0 189 2 1]
EMPTY QUEUE
 P 154955 0 423865 16220216
PT [2 0 190 3 1]
 P 154955 0 427255 16290002
PT [2 0 191 3 1]
 P 156248 0 427258 16362182
PT [2 0 192 3 1]
 P 156248 0 430648 16434362
PT [2 0 193 3 1]
 P 156248 0 434038 16506542
PT [2 0 194 3 1]
EMPTY QUEUE
 P 157999 0 436620 16582586
PT [2 0 195 3 1]
EMPTY QUEUE
 P 158064 0 442582 16655309
PT [2 0 196 3 1]
 P 159362 0 442585 16723082
PT [2 0 197 3 1]
EMPTY QUEUE
 P 159978 0 445984 16797655
PT [2 0 198 2 1]
 P 159978 0 449374 16867442
PT [2 0 199 2 1]
 P 160859 0 449382 16939622
PT [2 0 200 2 1]
 P 160859 0 452772 17011802
PT [2 0 201 2 1]
 P 162377 0 452775 17083982
PT [2 0 202 2 1]
EMPTY QUEUE
 P 162993 0 456174 17158747
PT [2 0 203 2 1]
 P 162993 0 459564 17228342
PT [2 0 204 2 1]
 P 164677 0 459573 17300522
PT [2 0 205 2 1]
 P 164677 0 462963 17372702
PT [2 0 206 2 1]
 P 166901 0 462966 17444882
PT [2 0 207 2 1]
EMPTY QUEUE
 P 167389 0 466365 17519199
PT [2 0 208 2 1]
 P 167389 0 469755 17589242
PT [2 0 209 2 1]
 P 169894 0 469763 17661422
PT [2 0 210 2 1]
 P 169894 0 473153 17733602
PT [2 0 211 2 1]
 P 170841 0 473156 17805782
PT [2 0 212 2 1]
EMPTY QUEUE
 P 171457 0 476555 17879395
PT [2 0 213 2 1]
 P 171457 0 479945 17950142
PT [2 0 214 2 1]
 P 173652 0 479953 18022322
PT [2 0 215 2 1]
 P 173652 0 483343 18094502
PT [2 0 216 2 1]
 P 175178 0 483346 18166682
PT [2 0 217 2 1]
EMPTY QUEUE
 P 175730 0 486745 18240935
PT [2 0 218 2 1]
 P 175730 0 490135 18311042
PT [2 0 219 2 1]
 P 177406 0 490144 18383222
PT [2 0 220 2 1]
 P 177406 0 493534 18455402
PT [2 0 221 2 1]
 P 178579 0 493537 18527582
PT [2 0 222 2 1]
EMPTY QUEUE
 P 179131 0 496937 18602028
PT [2 0 223 2 1]
 P 179131 0 500327 18671942
PT [2 0 224 2 1]
 P 181708 0 500335 18744122
PT [2 0 225 2 1]
 P 181708 0 503725 18816302
PT [2 0 226 2 1]
 P 182694 0 503728 18888482
PT [2 0 227 2 1]
EMPTY QUEUE
 P 183246 0 507127 18962607
PT [2 0 228 2 1]
 P 183246 0 510517 19032842
PT [2 0 229 2 1]
 P 185782 0 510526 19105022
PT [2 0 230 2 1]
 P 185782 0 513916 19177202
PT [2 0 231 2 1]
 P 187943 0 513919 19249382
PT [2 0 232 2 1]
EMPTY QUEUE
 P 188010 0 519881 19324754
PT [2 0 233 2 1]
EMPTY QUEUE
 P 188627 0 523280 19396137
PT [2 0 234 2 1]
 P 189961 0 523289 19465922
PT [2 0 235 2 1]
 P 189961 0 526679 19538102
PT [2 0 236 2 1]
 P 190726 0 526682 19610282
PT [2 0 237 2 1]
 P 190726 0 530072 19682462
PT [2 0 238 2 1]
EMPTY QUEUE
 P 191342 0 533470 19757227
PT [2 0 239 2 1]
 P 193241 0 533478 19826822
PT [2 0 240 2 1]
 P 193241 0 536868 19899002
PT [2 0 241 2 1]
 P 194097 0 536871 19971182
PT [2 0 242 2 1]
 P 194097 0 540261 20043362
PT [2 0 243 2 1]
EMPTY QUEUE
 P 194586 0 543659 20117680
PT [2 0 244 2 1]
 P 195920 0 543668 20187722
PT [2 0 245 2 1]
 P 195920 0 547058 20259902
PT [2 0 246 2 1]
 P 197832 0 547061 20332082
PT [2 0 247 2 1]
 P 197832 0 550451 20404262
PT [2 0 248 2 1]
EMPTY QUEUE
 P 198449 0 553849 20477875
PT [2 0 249 2 1]
 P 200731 0 553858 20548622
PT [2 0 250 2 1]
 P 200731 0 557248 20620802
PT [2 0 251 2 1]
 P 202418 0 557251 20692982
PT [2 0 252 2 1]
 P 202418 0 560641 20765162
PT [2 0 253 2 1]
EMPTY QUEUE
 P 203004 0 564039 20839448
PT [2 0 254 2 1]
 P 205718 0 564047 20909522
PT [2 0 255 2 1]
 P 206532 0 564055 20981702
PT [2 0 256 2 1]
 P 209275 0 564059 21053882
PT [2 0 257 2 1]
 P 209275 0 567449 21126062
PT [2 0 258 2 1]
EMPTY QUEUE
 P 209796 0 570847 21200188
PT [2 0 259 4 1]
 P 209796 0 574237 21270422
PT [2 0 260 4 1]
 P 211505 0 574246 21342602
PT [2 0 261 4 1]
 P 212684 0 574249 21414782
PT [2 0 262 4 1]
 P 212684 0 577639 21486962
PT [2 0 263 4 1]
EMPTY QUEUE
 P 213204 0 581037 21561534
PT [2 0 264 2 1]
 P 213204 0 584427 21631322
PT [2 0 265 2 1]
 P 214507 0 584435 21703502
PT [2 0 266 2 1]
 P 216329 0 584438 21775682
PT [2 0 267 2 1]
 P 217628 0 584441 21847862
PT [2 0 268 2 1]
 P 218915 0 584444 21920042
PT [2 0 269 2 1]
EMPTY QUEUE
 P 219402 0 587842 21994519
PT [2 0 270 3 1]
 P 222193 0 587850 22064402
PT [2 0 271 3 1]
 P 222193 0 591240 22136582
PT [2 0 272 3 1]
 P 222193 0 594630 22208762
PT [2 0 273 3 1]
 P 224027 0 594633 22280942
PT [2 0 274 3 1]
EMPTY QUEUE
 P 224579 0 598031 22354907
PT [2 0 275 3 1]
 P 226041 0 598039 22425302
PT [2 0 276 3 1]
 P 226041 0 601429 22497482
PT [2 0 277 3 1]
 P 226041 0 604819 22569662
PT [2 0 278 3 1]
 P 228294 0 604822 22641842
PT [2 0 279 3 1]
EMPTY QUEUE
 P 228845 0 608220 22716767
PT [2 0 280 3 1]
 P 229916 0 608228 22786202
PT [2 0 281 3 1]
 P 229916 0 611618 22858382
PT [2 0 282 3 1]
 P 229916 0 615008 22930562
PT [2 0 283 3 1]
 P 231118 0 615011 23002742
PT [2 0 284 3 1]
EMPTY QUEUE
 P 231702 0 618409 23076099
PT [2 0 285 3 1]
 P 233132 0 618417 23147102
PT [2 0 286 3 1]
 P 233132 0 621807 23219282
PT [2 0 287 3 1]
 P 233132 0 625197 23291462
PT [2 0 288 3 1]
 P 234340 0 625201 23363642
PT [2 0 289 3 1]
EMPTY QUEUE
 P 234892 0 628599 23436903
PT [2 0 290 3 1]
 P 237175 0 628608 23508002
PT [2 0 291 3 1]
 P 237175 0 631998 23580182
PT [2 0 292 3 1]
 P 237175 0 635388 23652362
PT [2 0 293 3 1]
 P 238600 0 635392 23724542
PT [2 0 294 3 1]
EMPTY QUEUE
 P 238666 0 641355 23801354
PT [2 0 295 3 1]
EMPTY QUEUE
 P 240554 0 641371 23870815
PT [2 0 296 3 1]
 P 240554 0 644761 23941082
PT [2 0 297 3 1]
 P 240554 0 648151 24013262
PT [2 0 298 3 1]
 P 242686 0 648154 24085442
PT [2 0 299 3 1]
 P 242686 0 651544 24157622
PT [2 0 300 3 1]
EMPTY QUEUE
 P 246030 0 651560 24232291
PT [2 0 301 3 1]
 P 246030 0 654950 24301982
PT [2 0 302 3 1]
 P 246030 0 658340 24374162
PT [2 0 303 3 1]
 P 246885 0 658343 24446342
PT [2 0 304 3 1]
 P 246885 0 661733 24518522
PT [2 0 305 3 1]
EMPTY QUEUE
 P 250078 0 661749 24593095
PT [2 0 306 3 1]
 P 250078 0 665139 24662882
PT [2 0 307 3 1]
 P 250078 0 668529 24735062
PT [2 0 308 3 1]
 P 251512 0 668532 24807242
PT [2 0 309 3 1]
 P 251512 0 671922 24879422
PT [2 0 310 3 1]
EMPTY QUEUE
 P 254855 0 671941 24953900
PT [2 0 311 3 1]
 P 255723 0 671950 25023782
PT [2 0 312 3 1]
 P 255723 0 675340 25095962
PT [2 0 313 3 1]
 P 256803 0 675343 25168142
PT [2 0 314 3 1]
 P 256803 0 678733 25240322
PT [2 0 315 3 1]
EMPTY QUEUE
 P 257323 0 682131 25314991
PT [2 0 316 3 1]
 P 258964 0 682140 25384682
PT [2 0 317 3 1]
 P 258964 0 685530 25456862
PT [2 0 318 3 1]
 P 259858 0 685533 25529042
PT [2 0 319 3 1]
 P 259858 0 688923 25601222
PT [2 0 320 3 1]
EMPTY QUEUE
 P 260346 0 692321 25675539
PT [2 0 321 3 1]
 P 261703 0 692330 25745582
PT [2 0 322 3 1]
 P 261703 0 695720 25817762
PT [2 0 323 3 1]
 P 263771 0 695723 25889942
PT [2 0 324 3 1]
 P 263771 0 699113 25962122
PT [2 0 325 3 1]
EMPTY QUEUE
 P 264323 0 702511 26035671
PT [2 0 326 3 1]
 P 267058 0 702520 26106482
PT [2 0 327 3 1]
 P 267058 0 705910 26178662
PT [2 0 328 3 1]
 P 267730 0 705913 26250842
PT [2 0 329 3 1]
 P 267730 0 709303 26323022
PT [2 0 330 3 1]
EMPTY QUEUE
 P 267795 0 715265 26399353
PT [2 0 331 3 1]
EMPTY QUEUE
 P 269930 0 715282 26469425
PT [2 0 332 3 1]
 P 269930 0 718672 26539562
PT [2 0 333 3 1]
 P 270694 0 718675 26611742
PT [2 0 334 3 1]
 P 270694 0 722065 26683922
PT [2 0 335 3 1]
 P 270694 0 725455 26756102
PT [2 0 336 3 1]
EMPTY QUEUE
 P 272326 0 725472 26830771
PT [2 0 337 3 1]
 P 272326 0 728862 26900462
PT [2 0 338 3 1]
 P 274146 0 728865 26972642
PT [2 0 339 3 1]
 P 274146 0 732255 27044822
PT [2 0 340 3 1]
 P 274146 0 735645 27117002
PT [2 0 341 3 1]
EMPTY QUEUE
 P 276121 0 735661 27191480
PT [2 0 342 3 1]
 P 276121 0 739051 27261362
PT [2 0 343 3 1]
 P 277716 0 739054 27333542
PT [2 0 344 3 1]
 P 277716 0 742444 27405722
PT [2 0 345 3 1]
 P 277716 0 745834 27477902
PT [2 0 346 3 1]
EMPTY QUEUE
 P 280559 0 745851 27551931
PT [2 0 347 3 1]
 P 280559 0 749241 27622262
PT [2 0 348 3 1]
 P 283210 0 749244 27694442
PT [2 0 349 3 1]
 P 283210 0 752634 27766622
PT [2 0 350 3 1]
 P 283210 0 756024 27838802
PT [2 0 351 3 1]
EMPTY QUEUE
 P 285217 0 756040 27913728
PT [2 0 352 3 1]
 P 285217 0 759430 27983162
PT [2 0 353 3 1]
 P 286305 0 759433 28055342
PT [2 0 354 3 1]
 P 286305 0 762823 28127522
PT [2 0 355 3 1]
 P 286305 0 766213 28199702
PT [2 0 356 3 1]
EMPTY QUEUE
 P 289529 0 766231 28273027
PT [2 0 357 3 1]
 P 289529 0 769621 28344062
PT [2 0 358 3 1]
 P 291260 0 769624 28416242
PT [2 0 359 3 1]
 P 291260 0 773014 28488422
PT [2 0 360 3 1]
 P 291260 0 776404 28560602
PT [2 0 361 3 1]
EMPTY QUEUE
 P 294477 0 776421 28633863
PT [2 0 362 3 1]
 P 294477 0 779811 28704962
PT [2 0 363 3 1]
 P 295279 0 779814 28777142
PT [2 0 364 3 1]
 P 295279 0 783204 28849322
PT [2 0 365 3 1]
 P 295279 0 786594 28921502
PT [2 0 366 3 1]
EMPTY QUEUE
 P 298598 0 786611 28996235
PT [2 0 367 3 1]
 P 298598 0 790001 29065862
PT [2 0 368 3 1]
 P 298598 0 793391 29138042
PT [2 0 369 3 1]
 P 299807 0 793394 29210222
PT [2 0 370 3 1]
 P 299807 0 796784 29282402
PT [2 0 371 3 1]
EMPTY QUEUE
 P 301240 0 796801 29356015
PT [2 0 372 3 1]
 P 301240 0 800191 29426762
PT [2 0 373 3 1]
 P 301240 0 803581 29498942
PT [2 0 374 3 1]
 P 302522 0 803584 29571122
PT [2 0 375 3 1]
 P 302522 0 806974 29643302
PT [2 0 376 3 1]
EMPTY QUEUE
 P 304760 0 806991 29717331
PT [2 0 377 3 1]
 P 304760 0 810381 29787662
PT [2 0 378 3 1]
 P 304760 0 813771 29859842
PT [2 0 379 3 1]
 P 306588 0 813775 29932022
PT [2 0 380 3 1]
 P 306588 0 817165 30004202
PT [2 0 381 3 1]
EMPTY QUEUE
 P 309453 0 817182 30078231
PT [2 0 382 3 1]
 P 309453 0 820572 30148562
PT [2 0 383 3 1]
 P 309453 0 823962 30220742
PT [2 0 384 3 1]
 P 311820 0 823966 30292922
PT [2 0 385 3 1]
 P 311820 0 827356 30365102
PT [2 0 386 3 1]
EMPTY QUEUE
 P 315076 0 827373 30438587
PT [2 0 387 3 1]
 P 315076 0 830763 30509462
PT [2 0 388 3 1]
 P 315076 0 834153 30581642
PT [2 0 389 3 1]
 P 315076 0 837543 30653822
PT [2 0 390 3 1]
 P 316290 0 837546 30726002
PT [2 0 391 3 1]
EMPTY QUEUE
 P 318997 0 837563 30800383
PT [2 0 392 3 1]
 P 318997 0 840953 30870362
PT [2 0 393 3 1]
 P 318997 0 844343 30942542
PT [2 0 394 3 1]
 P 318997 0 847733 31014722
PT [2 0 395 3 1]
 P 320283 0 847736 31086902
PT [2 0 396 3 1]
EMPTY QUEUE
 P 321979 0 847753 31161699
PT [2 0 397 3 1]
 P 321979 0 851143 31231262
PT [2 0 398 3 1]
 P 321979 0 854533 31303442
PT [2 0 399 3 1]
 P 321979 0 857923 31375622
PT [2 0 400 3 1]
 P 323812 0 857926 31447802
PT [2 0 401 3 1]
EMPTY QUEUE
 P 327060 0 857944 31522631
PT [2 0 402 3 1]
 P 327060 0 861334 31592162
PT [2 0 403 3 1]
 P 327060 0 864724 31664342
PT [2 0 404 3 1]
 P 327060 0 868114 31736522
PT [2 0 405 3 1]
 P 329431 0 868117 31808702
PT [2 0 406 3 1]
EMPTY QUEUE
 P 331700 0 868134 31882891
PT [2 0 407 3 1]
 P 331700 0 871524 31953062
PT [2 0 408 3 1]
 P 331700 0 874914 32025242
PT [2 0 409 3 1]
 P 331700 0 878304 32097422
PT [2 0 410 3 1]
 P 332866 0 878307 32169602
PT [2 0 411 3 1]
EMPTY QUEUE
 P 335254 0 878324 32242767
PT [2 0 412 3 1]
 P 335254 0 881714 32313962
PT [2 0 413 3 1]
 P 335254 0 885104 32386142
PT [2 0 414 3 1]
 P 335254 0 888494 32458322
PT [2 0 415 3 1]
 P 336544 0 888497 32530502
PT [2 0 416 3 1]
EMPTY QUEUE
 P 338622 0 888514 32604051
PT [2 0 417 3 1]
 P 338622 0 891904 32674862
PT [2 0 418 3 1]
 P 338622 0 895294 32747042
PT [2 0 419 3 1]
 P 338622 0 898684 32819222
PT [2 0 420 3 1]
 P 340013 0 898687 32891402
PT [2 0 421 3 1]
EMPTY QUEUE
 P 342114 0 898705 32964951
PT [2 0 422 3 1]
 P 342114 0 902095 33035762
PT [2 0 423 3 1]
 P 342114 0 905485 33107942
PT [2 0 424 3 1]
 P 342114 0 908875 33180122
PT [2 0 425 3 1]
 P 344329 0 908878 33252302
PT [2 0 426 3 1]
EMPTY QUEUE
 P 346056 0 908895 33327323
PT [2 0 427 3 1]
 P 346056 0 912285 33396662
PT [2 0 428 3 1]
 P 346056 0 915675 33468842
PT [2 0 429 3 1]
 P 346056 0 919065 33541022
PT [2 0 430 3 1]
 P 346875 0 919068 33613202
PT [2 0 431 3 1]
 P 348096 0 919071 33685382
PT [2 0 432 3 1]
EMPTY QUEUE
 P 349517 0 919088 33759284
PT [2 0 433 4 1]
 P 349517 0 922478 33829742
PT [2 0 434 4 1]
 P 349517 0 925868 33901922
PT [2 0 435 4 1]
 P 349517 0 929258 33974102
PT [2 0 436 4 1]
 P 350810 0 929261 34046282
PT [2 0 437 4 1]
EMPTY QUEUE
 P 352884 0 929278 34120727
PT [2 0 438 3 1]
 P 353685 0 929286 34190642
PT [2 0 439 3 1]
 P 353685 0 932676 34262822
PT [2 0 440 3 1]
 P 353685 0 936066 34335002
PT [2 0 441 3 1]
 P 355525 0 936069 34407182
PT [2 0 442 3 1]
EMPTY QUEUE
 P 355536 0 939461 34481335
PT [2 0 443 3 1]
EMPTY QUEUE
 P 357796 0 939478 34553519
PT [2 0 444 3 1]
 P 357796 0 942868 34623722
PT [2 0 445 3 1]
 P 357796 0 946258 34695902
PT [2 0 446 3 1]
 P 360174 0 946261 34768082
PT [2 0 447 3 1]
 P 360174 0 949651 34840262
PT [2 0 448 3 1]
EMPTY QUEUE
 P 362060 0 949669 34914899
PT [2 0 449 3 1]
 P 362060 0 953059 34984622
PT [2 0 450 3 1]
 P 362060 0 956449 35056802
PT [2 0 451 3 1]
 P 363233 0 956452 35128982
PT [2 0 452 3 1]
 P 363233 0 959842 35201162
PT [2 0 453 3 1]
EMPTY QUEUE
 P 366639 0 959859 35275767
PT [2 0 454 3 1]
 P 366639 0 963249 35345522
PT [2 0 455 3 1]
 P 366639 0 966639 35417702
PT [2 0 456 3 1]
 P 367936 0 966642 35489882
PT [2 0 457 3 1]
 P 367936 0 970032 35562062
PT [2 0 458 3 1]
EMPTY QUEUE
 P 369951 0 970049 35636028
PT [2 0 459 4 1]
 P 369951 0 973439 35706422
PT [2 0 460 4 1]
 P 369951 0 976829 35778602
PT [2 0 461 4 1]
 P 371349 0 976832 35850782
PT [2 0 462 4 1]
 P 371349 0 980222 35922962
PT [2 0 463 4 1]
EMPTY QUEUE
 P 372942 0 980239 35997855
PT [2 0 464 3 1]
 P 372942 0 983629 36067322
PT [2 0 465 3 1]
 P 372942 0 987019 36139502
PT [2 0 466 3 1]
 P 375164 0 987023 36211682
PT [2 0 467 3 1]
 P 375164 0 990413 36283862
PT [2 0 468 3 1]
EMPTY QUEUE
 P 377082 0 990430 36357123
PT [2 0 469 3 1]
 P 377082 0 993820 36428222
PT [2 0 470 3 1]
 P 377082 0 997210 36500402
PT [2 0 471 3 1]
 P 377908 0 997213 36572582
PT [2 0 472 3 1]
 P 377908 0 1000603 36644762
PT [2 0 473 3 1]
EMPTY QUEUE
 P 380806 0 1000619 36718087
PT [2 0 474 3 1]
 P 380806 0 1004009 36789122
PT [2 0 475 3 1]
 P 380806 0 1007399 36861302
PT [2 0 476 3 1]
 P 382329 0 1007403 36933482
PT [2 0 477 3 1]
 P 382329 0 1010793 37005662
PT [2 0 478 3 1]
EMPTY QUEUE
 P 384311 0 1010809 37080428
PT [2 0 479 4 1]
 P 384311 0 1014199 37150022
PT [2 0 480 4 1]
 P 384311 0 1017589 37222202
PT [2 0 481 4 1]
 P 385362 0 1017592 37294382
PT [2 0 482 4 1]
 P 385362 0 1020982 37366562
PT [2 0 483 4 1]
EMPTY QUEUE
 P 388611 0 1020998 37440175
PT [2 0 484 3 1]
 P 388611 0 1024388 37510922
PT [2 0 485 3 1]
 P 388611 0 1027778 37583102
PT [2 0 486 3 1]
 P 389596 0 1027781 37655282
PT [2 0 487 3 1]
 P 389596 0 1031171 37727462
PT [2 0 488 3 1]
EMPTY QUEUE
 P 392727 0 1031187 37801525
PT [2 0 489 5 1]
 P 392727 0 1034577 37871822
PT [2 0 490 5 1]
 P 392727 0 1037967 37944002
PT [2 0 491 5 1]
 P 394768 0 1037971 38016182
PT [2 0 492 5 1]
 P 394768 0 1041361 38088362
PT [2 0 493 5 1]
EMPTY QUEUE
 P 398080 0 1041377 38162327
PT [2 0 494 3 1]
 P 398080 0 1044767 38232722
PT [2 0 495 3 1]
 P 398080 0 1048157 38304902
PT [2 0 496 3 1]
 P 398844 0 1048160 38377082
PT [2 0 497 3 1]
 P 398844 0 1051550 38449262
PT [2 0 498 3 1]
EMPTY QUEUE
 P 400253 0 1051566 38522714
PT [2 0 499 3 1]
 P 400253 0 1054956 38593622
PT [2 0 500 3 1]
 P 400253 0 1058346 38665802
PT [2 0 501 3 1]
 P 400990 0 1058349 38737982
PT [2 0 502 3 1]
 P 400990 0 1061739 38810162
PT [2 0 503 3 1]
EMPTY QUEUE
 P 403347 0 1061755 38884574
PT [2 0 504 4 1]
 P 403347 0 1065145 38954522
PT [2 0 505 4 1]
 P 403347 0 1068535 39026702
PT [2 0 506 4 1]
 P 405258 0 1068538 39098882
PT [2 0 507 4 1]
 P 405258 0 1071928 39171062
PT [2 0 508 4 1]
EMPTY QUEUE
 P 408100 0 1071944 39245954
PT [2 0 509 4 1]
 P 408100 0 1075334 39315422
PT [2 0 510 4 1]
 P 408100 0 1078724 39387602
PT [2 0 511 4 1]
 P 409666 0 1078727 39459782
PT [2 0 512 4 1]
 P 409666 0 1082117 39531962
PT [2 0 513 4 1]
EMPTY QUEUE
 P 412944 0 1082134 39606758
PT [2 0 514 4 1]
 P 412944 0 1085524 39676322
PT [2 0 515 4 1]
 P 412944 0 1088914 39748502
PT [2 0 516 4 1]
 P 415685 0 1088917 39820682
PT [2 0 517 4 1]
 P 415685 0 1092307 39892862
PT [2 0 518 4 1]
EMPTY QUEUE
 P 418400 0 1092323 39967114
PT [2 0 519 4 1]
 P 418400 0 1095713 40037222
PT [2 0 520 4 1]
 P 418400 0 1099103 40109402
PT [2 0 521 4 1]
 P 419458 0 1099106 40181582
PT [2 0 522 4 1]
 P 419458 0 1102496 40253762
PT [2 0 523 4 1]
EMPTY QUEUE
 P 421242 0 1102512 40326865
PT [2 0 524 4 1]
 P 421242 0 1105902 40398122
PT [2 0 525 4 1]
 P 421242 0 1109292 40470302
PT [2 0 526 4 1]
 P 423062 0 1109295 40542482
PT [2 0 527 4 1]
 P 423062 0 1112685 40614662
PT [2 0 528 4 1]
EMPTY QUEUE
 P 426222 0 1112703 40688243
PT [2 0 529 4 1]
 P 426222 0 1116093 40759022
PT [2 0 530 4 1]
 P 426222 0 1119483 40831202
PT [2 0 531 4 1]
 P 426997 0 1119486 40903382
PT [2 0 532 4 1]
 P 429001 0 1119489 40975562
PT [2 0 533 4 1]
EMPTY QUEUE
 P 431424 0 1119506 41049146
PT [2 0 534 5 1]
 P 431424 0 1122896 41119922
PT [2 0 535 5 1]
 P 431424 0 1126286 41192102
PT [2 0 536 5 1]
 P 431424 0 1129676 41264282
PT [2 0 537 5 1]
 P 433147 0 1129679 41336462
PT [2 0 538 5 1]
EMPTY QUEUE
 P 435416 0 1129696 41411419
PT [2 0 539 4 1]
 P 435416 0 1133086 41480822
PT [2 0 540 4 1]
 P 435416 0 1136476 41553002
PT [2 0 541 4 1]
 P 435416 0 1139866 41625182
PT [2 0 542 4 1]
 P 437272 0 1139869 41697362
PT [2 0 543 4 1]
 P 438383 0 1139872 41769542
PT [2 0 544 4 1]
EMPTY QUEUE
 P 439741 0 1139888 41843380
PT [2 0 545 4 1]
 P 439741 0 1143278 41913902
PT [2 0 546 4 1]
 P 439741 0 1146668 41986082
PT [2 0 547 4 1]
 P 439741 0 1150058 42058262
PT [2 0 548 4 1]
 P 440947 0 1150061 42130442
PT [2 0 549 4 1]
EMPTY QUEUE
 P 443173 0 1150077 42204823
PT [2 0 550 4 1]
 P 443173 0 1153467 42274802
PT [2 0 551 4 1]
 P 443173 0 1156857 42346982
PT [2 0 552 4 1]
 P 443173 0 1160247 42419162
PT [2 0 553 4 1]
 P 444926 0 1160250 42491342
PT [2 0 554 4 1]
EMPTY QUEUE
 P 446901 0 1160267 42565692
PT [2 0 555 4 1]
 P 446901 0 1163657 42635702
PT [2 0 556 4 1]
 P 446901 0 1167047 42707882
PT [2 0 557 4 1]
 P 446901 0 1170437 42780062
PT [2 0 558 4 1]
 P 449191 0 1170440 42852242
PT [2 0 559 4 1]
EMPTY QUEUE
 P 452416 0 1170456 42925887
PT [2 0 560 4 1]
 P 452416 0 1173846 42996602
PT [2 0 561 4 1]
 P 452416 0 1177236 43068782
PT [2 0 562 4 1]
 P 452416 0 1180626 43140962
PT [2 0 563 4 1]
 P 453501 0 1180629 43213142
PT [2 0 564 4 1]
EMPTY QUEUE
 P 455637 0 1180645 43287876
PT [2 0 565 4 1]
 P 455637 0 1184035 43357502
PT [2 0 566 4 1]
 P 455637 0 1187425 43429682
PT [2 0 567 4 1]
 P 455637 0 1190815 43501862
PT [2 0 568 4 1]
 P 456845 0 1190819 43574042
PT [2 0 569 4 1]
EMPTY QUEUE
 P 458446 0 1190835 43647143
PT [2 0 570 4 1]
 P 458446 0 1194225 43718402
PT [2 0 571 4 1]
 P 458446 0 1197615 43790582
PT [2 0 572 4 1]
 P 458446 0 1201005 43862762
PT [2 0 573 4 1]
 P 459755 0 1201009 43934942
PT [2 0 574 4 1]
EMPTY QUEUE
 P 461760 0 1201025 44009963
PT [2 0 575 4 1]
 P 461760 0 1204415 44079302
PT [2 0 576 4 1]
 P 461760 0 1207805 44151482
PT [2 0 577 4 1]
 P 461760 0 1211195 44223662
PT [2 0 578 4 1]
 P 463895 0 1211198 44295842
PT [2 0 579 4 1]
EMPTY QUEUE
 P 466641 0 1211214 44370287
PT [2 0 580 4 1]
 P 466641 0 1214604 44440202
PT [2 0 581 4 1]
 P 466641 0 1217994 44512382
PT [2 0 582 4 1]
 P 466641 0 1221384 44584562
PT [2 0 583 4 1]
 P 467380 0 1221387 44656742
PT [2 0 584 4 1]
EMPTY QUEUE
 P 469322 0 1221403 44730067
PT [2 0 585 4 1]
 P 469322 0 1224793 44801102
PT [2 0 586 4 1]
 P 469322 0 1228183 44873282
PT [2 0 587 4 1]
 P 469322 0 1231573 44945462
PT [2 0 588 4 1]
 P 470757 0 1231576 45017642
PT [2 0 589 4 1]
EMPTY QUEUE
 P 473982 0 1231593 45091479
PT [2 0 590 4 1]
 P 473982 0 1234983 45162002
PT [2 0 591 4 1]
 P 473982 0 1238373 45234182
PT [2 0 592 4 1]
 P 473982 0 1241763 45306362
PT [2 0 593 4 1]
 P 474945 0 1241766 45378542
PT [2 0 594 4 1]
EMPTY QUEUE
 P 478162 0 1241783 45452315
PT [2 0 595 4 1]
 P 478162 0 1245173 45522902
PT [2 0 596 4 1]
 P 478162 0 1248563 45595082
PT [2 0 597 4 1]
 P 478162 0 1251953 45667262
PT [2 0 598 4 1]
 P 479059 0 1251956 45739442
PT [2 0 599 4 1]
EMPTY QUEUE
 P 482412 0 1251974 45812671
PT [2 0 600 4 1]
 P 482412 0 1255364 45883802
PT [2 0 601 4 1]
 P 482412 0 1258754 45955982
PT [2 0 602 4 1]
 P 482412 0 1262144 46028162
PT [2 0 603 4 1]
 P 484365 0 1262147 46100342
PT [2 0 604 4 1]
EMPTY QUEUE
 P 485828 0 1262164 46174500
PT [2 0 605 4 1]
 P 485828 0 1265554 46244702
PT [2 0 606 4 1]
 P 485828 0 1268944 46316882
PT [2 0 607 4 1]
 P 485828 0 1272334 46389062
PT [2 0 608 4 1]
 P 486504 0 1272338 46461242
PT [2 0 609 4 1]
EMPTY QUEUE
 P 488741 0 1272355 46535783
PT [2 0 610 4 1]
 P 488741 0 1275745 46605602
PT [2 0 611 4 1]
 P 488741 0 1279135 46677782
PT [2 0 612 4 1]
 P 488741 0 1282525 46749962
PT [2 0 613 4 1]
 P 489391 0 1282528 46822142
PT [2 0 614 4 1]
EMPTY QUEUE
 P 492320 0 1282546 46896747
PT [2 0 615 4 1]
 P 492320 0 1285936 46966502
PT [2 0 616 4 1]
 P 492320 0 1289326 47038682
PT [2 0 617 4 1]
 P 492320 0 1292716 47110862
PT [2 0 618 4 1]
 P 494143 0 1292719 47183042
PT [2 0 619 4 1]
EMPTY QUEUE
 P 497399 0 1292738 47257039
PT [2 0 620 4 1]
 P 497399 0 1296128 47327402
PT [2 0 621 4 1]
 P 497399 0 1299518 47399582
PT [2 0 622 4 1]
 P 497399 0 1302908 47471762
PT [2 0 623 4 1]
 P 498877 0 1302911 47543942
PT [2 0 624 4 1]
EMPTY QUEUE
 P 501583 0 1302928 47618835
PT [2 0 625 4 1]
 P 501583 0 1306318 47688302
PT [2 0 626 4 1]
 P 501583 0 1309708 47760482
PT [2 0 627 4 1]
 P 501583 0 1313098 47832662
PT [2 0 628 4 1]
 P 504236 0 1313101 47904842
PT [2 0 629 4 1]
EMPTY QUEUE
 P 505963 0 1313118 47978135
PT [2 0 630 4 1]
 P 505963 0 1316508 48049202
PT [2 0 631 4 1]
 P 505963 0 1319898 48121382
PT [2 0 632 4 1]
 P 505963 0 1323288 48193562
PT [2 0 633 4 1]
 P 506933 0 1323291 48265742
PT [2 0 634 4 1]
EMPTY QUEUE
 P 510085 0 1323308 48338939
PT [2 0 635 4 1]
 P 510085 0 1326698 48410102
PT [2 0 636 4 1]
 P 510085 0 1330088 48482282
PT [2 0 637 4 1]
 P 510085 0 1333478 48554462
PT [2 0 638 4 1]
 P 511817 0 1333481 48626642
PT [2 0 639 4 1]
EMPTY QUEUE
 P 513632 0 1336063 48703454
PT [2 0 640 4 1]
EMPTY QUEUE
 P 513698 0 1342026 48775410
PT [2 0 641 4 1]
EMPTY QUEUE
 P 514314 0 1345425 48845575
PT [2 0 642 4 1]
 P 514314 0 1348815 48915362
PT [2 0 643 4 1]
 P 515000 0 1348818 48987542
PT [2 0 644 4 1]
 P 516803 0 1348827 49059722
PT [2 0 645 4 1]
 P 516803 0 1352217 49131902
PT [2 0 646 4 1]
EMPTY QUEUE
 P 517419 0 1355616 49206667
PT [2 0 647 4 1]
 P 517419 0 1359006 49276262
PT [2 0 648 4 1]
 P 519406 0 1359009 49348442
PT [2 0 649 4 1]
 P 520963 0 1359017 49420622
PT [2 0 650 4 1]
 P 520963 0 1362407 49492802
PT [2 0 651 4 1]
EMPTY QUEUE
 P 521451 0 1365806 49567119
PT [2 0 652 4 1]
 P 521451 0 1369196 49637162
PT [2 0 653 4 1]
 P 523157 0 1369199 49709342
PT [2 0 654 4 1]
 P 524675 0 1369207 49781522
PT [2 0 655 4 1]
 P 524675 0 1372597 49853702
PT [2 0 656 4 1]
EMPTY QUEUE
 P 525291 0 1375996 49927315
PT [2 0 657 4 1]
 P 525291 0 1379386 49998062
PT [2 0 658 4 1]
 P 527249 0 1379390 50070242
PT [2 0 659 4 1]
 P 528393 0 1379398 50142422
PT [2 0 660 4 1]
 P 528393 0 1382788 50214602
PT [2 0 661 4 1]
EMPTY QUEUE
 P 528945 0 1386187 50288855
PT [2 0 662 4 1]
 P 528945 0 1389577 50358962
PT [2 0 663 4 1]
 P 530209 0 1389580 50431142
PT [2 0 664 4 1]
 P 532459 0 1389588 50503322
PT [2 0 665 4 1]
 P 532459 0 1392978 50575502
PT [2 0 666 4 1]
EMPTY QUEUE
 P 533011 0 1396377 50649947
PT [2 0 667 4 1]
 P 533011 0 1399767 50719862
PT [2 0 668 4 1]
 P 533952 0 1399770 50792042
PT [2 0 669 4 1]
 P 536721 0 1399779 50864222
PT [2 0 670 4 1]
 P 536721 0 1403169 50936402
PT [2 0 671 4 1]
EMPTY QUEUE
 P 537208 0 1406568 51010463
PT [2 0 672 4 1]
 P 537208 0 1409958 51080762
PT [2 0 673 4 1]
 P 538569 0 1409961 51152942
PT [2 0 674 4 1]
 P 539513 0 1409969 51225122
PT [2 0 675 4 1]
 P 539513 0 1413359 51297302
PT [2 0 676 4 1]
EMPTY QUEUE
 P 540129 0 1416758 51370659
PT [2 0 677 4 1]
 P 540129 0 1420148 51441662
PT [2 0 678 4 1]
 P 542666 0 1420151 51513842
PT [2 0 679 4 1]
 P 545308 0 1420159 51586022
PT [2 0 680 4 1]
 P 545308 0 1423549 51658202
PT [2 0 681 4 1]
EMPTY QUEUE
 P 545319 0 1426941 51731651
PT [2 0 682 4 1]
EMPTY QUEUE
 P 545902 0 1430340 51804923
PT [2 0 683 4 1]
 P 548062 0 1430343 51874742
PT [2 0 684 4 1]
 P 549802 0 1430351 51946922
PT [2 0 685 4 1]
 P 549802 0 1433741 52019102
PT [2 0 686 4 1]
 P 549802 0 1437131 52091282
PT [2 0 687 4 1]
EMPTY QUEUE
 P 550323 0 1440529 52165951
PT [2 0 688 4 1]
 P 550981 0 1440532 52235642
PT [2 0 689 4 1]
 P 552220 0 1440540 52307822
PT [2 0 690 4 1]
 P 552220 0 1443930 52380002
PT [2 0 691 4 1]
 P 552220 0 1447320 52452182
PT [2 0 692 4 1]
EMPTY QUEUE
 P 552741 0 1450718 52526531
PT [2 0 693 4 1]
 P 555284 0 1450721 52596542
PT [2 0 694 4 1]
 P 557183 0 1450730 52668722
PT [2 0 695 4 1]
 P 557183 0 1454120 52740902
PT [2 0 696 4 1]
 P 557183 0 1457510 52813082
PT [2 0 697 4 1]
EMPTY QUEUE
 P 557671 0 1460909 52886568
PT [2 0 698 4 1]
 P 558969 0 1460912 52957442
PT [2 0 699 4 1]
 P 560208 0 1460920 53029622
PT [2 0 700 4 1]
 P 560208 0 1464310 53101802
PT [2 0 701 4 1]
 P 560208 0 1467700 53173982
PT [2 0 702 4 1]
EMPTY QUEUE
 P 560760 0 1471098 53248234
PT [2 0 703 4 1]
 P 562159 0 1471101 53318342
PT [2 0 704 4 1]
 P 563357 0 1471110 53390522
PT [2 0 705 4 1]
 P 563357 0 1474500 53462702
PT [2 0 706 4 1]
 P 563357 0 1477890 53534882
PT [2 0 707 4 1]
EMPTY QUEUE
 P 563908 0 1481288 53609326
PT [2 0 708 4 1]
 P 564601 0 1481292 53679242
PT [2 0 709 4 1]
 P 566859 0 1481300 53751422
PT [2 0 710 4 1]
 P 566859 0 1484690 53823602
PT [2 0 711 4 1]
 P 566859 0 1488080 53895782
PT [2 0 712 4 1]
EMPTY QUEUE
 P 567445 0 1491478 53969941
PT [2 0 713 5 1]
 P 569577 0 1491481 54040142
PT [2 0 714 5 1]
 P 571795 0 1491489 54112322
PT [2 0 715 5 1]
 P 571795 0 1494879 54184502
PT [2 0 716 5 1]
 P 571795 0 1498269 54256682
PT [2 0 717 5 1]
EMPTY QUEUE
 P 572283 0 1501667 54329912
PT [2 0 718 6 1]
 P 573488 0 1501670 54401042
PT [2 0 719 6 1]
 P 574822 0 1501678 54473222
PT [2 0 720 6 1]
 P 574822 0 1505068 54545402
PT [2 0 721 6 1]
 P 574822 0 1508458 54617582
PT [2 0 722 6 1]
EMPTY QUEUE
 P 575440 0 1511856 54691645
PT [2 0 723 5 1]
 P 576969 0 1511859 54761942
PT [2 0 724 5 1]
 P 579282 0 1511867 54834122
PT [2 0 725 5 1]
 P 579282 0 1515257 54906302
PT [2 0 726 5 1]
 P 579282 0 1518647 54978482
PT [2 0 727 5 1]
EMPTY QUEUE
 P 579866 0 1522045 55052703
PT [2 0 728 5 1]
 P 582474 0 1522048 55122842
PT [2 0 729 5 1]
 P 584541 0 1522056 55195022
PT [2 0 730 5 1]
 P 584541 0 1525446 55267202
PT [2 0 731 5 1]
 P 584541 0 1528836 55339382
PT [2 0 732 5 1]
EMPTY QUEUE
 P 585062 0 1532234 55413221
PT [2 0 733 5 1]
 P 585062 0 1535624 55483742
PT [2 0 734 5 1]
 P 586230 0 1535627 55555922
PT [2 0 735 5 1]
 P 587099 0 1535635 55628102
PT [2 0 736 5 1]
 P 587099 0 1539025 55700282
PT [2 0 737 5 1]
EMPTY QUEUE
 P 587619 0 1542423 55775335
PT [2 0 738 5 1]
 P 587619 0 1545813 55844642
PT [2 0 739 5 1]
 P 588860 0 1545817 55916822
PT [2 0 740 5 1]
 P 590502 0 1545825 55989002
PT [2 0 741 5 1]
 P 590502 0 1549215 56061182
PT [2 0 742 5 1]
EMPTY QUEUE
 P 590990 0 1552613 56134859
PT [2 0 743 5 1]
 P 590990 0 1556003 56205542
PT [2 0 744 5 1]
 P 592777 0 1556006 56277722
PT [2 0 745 5 1]
 P 594135 0 1556014 56349902
PT [2 0 746 5 1]
 P 594135 0 1559404 56422082
PT [2 0 747 5 1]
EMPTY QUEUE
 P 594687 0 1562802 56496015
PT [2 0 748 5 1]
 P 594687 0 1566192 56566442
PT [2 0 749 5 1]
 P 597012 0 1566195 56638622
PT [2 0 750 5 1]
 P 599693 0 1566203 56710802
PT [2 0 751 5 1]
 P 600506 0 1566211 56782982
PT [2 0 752 5 1]
EMPTY QUEUE
 P 600573 0 1572173 56859218
PT [2 0 753 5 1]
EMPTY QUEUE
 P 601124 0 1575571 56929671
PT [2 0 754 5 1]
 P 602244 0 1575574 56999522
PT [2 0 755 5 1]
 P 602244 0 1578964 57071702
PT [2 0 756 5 1]
 P 603952 0 1578973 57143882
PT [2 0 757 5 1]
 P 603952 0 1582363 57216062
PT [2 0 758 5 1]
EMPTY QUEUE
 P 604536 0 1585763 57290796
PT [2 0 759 5 1]
 P 605780 0 1585766 57360422
PT [2 0 760 5 1]
 P 605780 0 1589156 57432602
PT [2 0 761 5 1]
 P 607083 0 1589165 57504782
PT [2 0 762 5 1]
 P 607083 0 1592555 57576962
PT [2 0 763 5 1]
EMPTY QUEUE
 P 607635 0 1595953 57651343
PT [2 0 764 5 1]
 P 607635 0 1599343 57721322
PT [2 0 765 5 1]
 P 607635 0 1602733 57793502
PT [2 0 766 5 1]
 P 608796 0 1602736 57865682
PT [2 0 767 5 1]
 P 609664 0 1602746 57937862
PT [2 0 768 5 1]
 P 610799 0 1602749 58010042
PT [2 0 769 5 1]
EMPTY QUEUE
 P 611382 0 1606149 58083624
PT [2 0 770 5 1]
 P 611382 0 1609539 58154402
PT [2 0 771 5 1]
 P 611382 0 1612929 58226582
PT [2 0 772 5 1]
 P 613023 0 1612937 58298762
PT [2 0 773 5 1]
 P 614271 0 1612940 58370942
PT [2 0 774 5 1]
EMPTY QUEUE
 P 614759 0 1616338 58445131
PT [2 0 775 5 1]
 P 614759 0 1619728 58515302
PT [2 0 776 5 1]
 P 614759 0 1623118 58587482
PT [2 0 777 5 1]
 P 616116 0 1623126 58659662
PT [2 0 778 5 1]
 P 617911 0 1623129 58731842
PT [2 0 779 5 1]
EMPTY QUEUE
 P 618527 0 1626527 58806351
PT [2 0 780 5 1]
 P 618527 0 1629917 58876202
PT [2 0 781 5 1]
