using saved target 'z1'
../../../../contiki/tools/sky/serialdump-linux -b115200 /dev/ttyUSB0
connecting to /dev/ttyUSB0 (115200) [OK]
Rime started with address 1.0
MAC 01:00:00:00:00:00:00:00 Ref ID: 4841
Contiki-3.x-2125-g5d67a61 started. Node id is set to 1.

************************************************
RTIMER_SECOND = 32768. F_CPU=8000000.
CLOCK_SECOND=128.
DURSLOT = 6015.(0.1835 s).
DURSLEEP = 66165.
DURCYCLE = 72180 .(2.2027 s).
MAX_CLOCK_DRIFT = WAKEUP_ADVANCE_TIME = 327 (0.0049 s).
PERIODIC_BCAST_CYCLES_SENSOR = 822083587.
PERIODIC_BCAST_CYCLES_SINK = 822083587.
MAX_CYCLE_COUNTER = 41728.
MAX_COUNT_NO_RTS_CTS = 65535.
MAX_CHILD_NUM = 10.
MAX_TRY_TO_FIND_PARENT = 3.

**********Below is Related Settings**********
PRIMAC_CONF_COMPOWER = 1.
PRIMAC_CONF_COMPOWER_SUPPORT = 1.
SF = 10.
PRI_SYNC_SUPPORT = 1.
RANDOM_DRIFT_IN_COOJA_SUPPORT = 0.
ADCSC_SUPPORT = 0.
DATA_TX_SUPPORT = 1.
START_GRADE = 0.
CYCLES_PER_PACKET = 3.
DATA_INTERVAL = 5.
RETX_LIMIT = 6.
TOTAL_DATA_NUM = -1.
MAX_DATA_QUEUE_BUFS = 10.
PROC_GRADE_BASED_ON_ADDR_SUPPORT = 1.
NODES_NUM_PER_GRADE = 2.
ADDRESS_FREE_SUPPORT = 0.
IS_COOJA_SIM = 0.
CROSS_PLATFORM_SUPPORT = 1.
************************************************

My address is 1.0.
nullmac PRIMAC, channel check rate 8 Hz, radio channel 26
Starting
Hello, world
 P 0 0 61 7745
 P 0 0 3451 78895
 P 0 0 6841 151075
 P 0 0 10231 223255
 P 0 0 13621 295435
 P 67 0 17013 369612
 P 67 0 20403 439795
 P 67 0 23793 511975
 P 67 0 27183 584155
 P 67 0 30573 656335
 P 134 0 33965 729008
 P 134 0 37355 800695
 P 134 0 40745 872875
 P 134 0 44135 945055
 P 134 0 47525 1017235
 P 201 0 50917 1089812
 P 201 0 54307 1161595
 P 201 0 57697 1233775
 P 201 0 61087 1305955
 P 201 0 64477 1378135
 P 268 0 67869 1452536
 P 268 0 71259 1522495
 P 268 0 74649 1594675
 P 268 0 78039 1666855
 P 2049 0 79648 1739035
 P 2116 0 83040 1813596
 P 2116 0 86430 1883395
 P 2116 0 89820 1955575
 P 2116 0 93210 2027755
 P 4618 0 93218 2099935
 P 5545 0 93228 2173728
 P 7016 0 93236 2244295
 P 7016 0 96626 2316475
 P 7016 0 100016 2388655
 P 7016 0 103406 2460835
 P 9767 0 103416 2534660
 P 10919 0 103425 2605195
 P 10919 0 106815 2677375
 P 10919 0 110205 2749555
 P 10919 0 113595 2821735
 P 12837 0 113605 2894952
 P 15206 0 113613 2966095
 P 15206 0 117003 3038275
 P 15206 0 120393 3110455
 P 15206 0 123783 3182635
 P 17827 0 123794 3257164
 P 18852 0 123803 3326995
 P 18852 0 127193 3399175
 P 18852 0 130583 3471355
 P 18852 0 133973 3543535
 P 21665 0 133983 3617712
 P 22883 0 133991 3687895
 P 22883 0 137381 3760075
 P 22883 0 140771 3832255
 P 22883 0 144161 3904435
 P 25631 0 144171 3977108
 P 26529 0 144180 4048795
 P 26529 0 147570 4120975
 P 26529 0 150960 4193155
 P 26529 0 154350 4265335
 P 28444 0 154361 4337912
 P 28444 0 157751 4409695
 P 29919 0 157759 4481875
 P 29919 0 161149 4554055
 P 29919 0 164539 4626235
 P 32538 0 164549 4700636
 P 32538 0 167939 4770595
 P 33694 0 167947 4842775
 P 33694 0 171337 4914955
 P 33694 0 174727 4987135
 P 36504 0 174737 5061696
 P 36504 0 178127 5131495
 P 38876 0 178135 5203675
 P 38876 0 181525 5275855
 P 38876 0 184915 5348035
 P 41365 0 184926 5421604
 P 41365 0 188316 5492395
 P 42394 0 188324 5564575
 P 42394 0 191714 5636755
 P 42394 0 195104 5708935
 P 44051 0 195114 5782920
 P 44051 0 198504 5853295
 P 45272 0 198512 5925475
 P 45272 0 201902 5997655
 P 45272 0 205292 6069835
 P 47632 0 205302 6144108
 P 47632 0 208692 6214195
 P 48534 0 208700 6286375
 P 48534 0 212090 6358555
 P 48534 0 215480 6430735
 P 51085 0 215491 6503632
 P 51085 0 218881 6575095
 P 53203 0 218889 6647275
 P 53203 0 222279 6719455
 P 53203 0 225669 6791635
 P 55434 0 225679 6866100
 P 55434 0 229069 6935995
 P 58256 0 229078 7008175
 P 58256 0 232468 7080355
 P 58256 0 235858 7152535
 P 59654 0 235868 7225880
 P 59654 0 239258 7296895
 P 60621 0 239266 7369075
 P 60621 0 242656 7441255
 P 60621 0 246046 7513435
 P 62722 0 246056 7587580
 P 62722 0 249446 7657795
 P 65417 0 249456 7729975
 P 65417 0 252846 7802155
 P 65417 0 256236 7874335
 P 68157 0 256247 7947616
 P 68157 0 259637 8018695
 P 70021 0 259645 8090875
 P 70021 0 263035 8163055
 P 70021 0 266425 8235235
 P 71929 0 266435 8308548
 P 71929 0 269825 8379595
 P 74498 0 269834 8451775
 P 74498 0 273224 8523955
 P 74498 0 276614 8596135
 P 77109 0 276624 8668840
 P 77109 0 280014 8740495
 P 79870 0 280022 8812675
 P 79870 0 283412 8884855
 P 79870 0 286802 8957035
 P 82672 0 286813 9031052
 P 82672 0 290203 9101395
 P 85114 0 290212 9173575
 P 85114 0 293602 9245755
 P 85114 0 296992 9317935
 P 87596 0 297002 9391600
 P 87596 0 300392 9462295
 P 89206 0 300400 9534475
 P 89206 0 303790 9606655
 P 89206 0 307180 9678835
 P 90855 0 307190 9753044
 P 90855 0 310580 9823195
 P 93169 0 310589 9895375
 P 93169 0 313979 9967555
 P 93169 0 317369 10039735
 P 95521 0 317380 10113848
 P 95521 0 320770 10184095
 P 98028 0 320778 10256275
 P 98028 0 324168 10328455
 P 98028 0 327558 10400635
 P 100572 0 327568 10474524
 P 100572 0 330958 10544995
 P 102759 0 330967 10617175
 P 102759 0 334357 10689355
 P 102759 0 337747 10761535
 P 104982 0 337757 10835584
 P 104982 0 341147 10905895
 P 106338 0 341155 10978075
 P 106338 0 344545 11050255
 P 106338 0 347935 11122435
 P 107728 0 347946 11195492
 P 107728 0 351336 11266795
 P 109788 0 351345 11338975
 P 109788 0 354735 11411155
 P 109788 0 358125 11483335
 P 111882 0 358135 11556808
 P 111882 0 361525 11627695
 P 114140 0 361533 11699875
 P 115625 0 361541 11772055
 P 115625 0 364931 11844235
 P 117910 0 364941 11918028
 P 117910 0 368331 11988595
47208 R 2.0 1 1 99 1
 P 119075 272 368340 12060775
47488 R 3.0 1 1 406 2
 P 119916 543 368349 12132955
47773 R 4.0 1 2 664 3
 P 121401 815 368358 12205135
48052 R 5.0 1 2 944 4
 P 122395 1001 368368 12278960
48337 R 2.0 2 1 588 5
 P 123881 1272 368377 12349495
48618 R 4.0 2 2 869 6
 P 125271 1543 368386 12421675
48898 R 3.0 2 1 1176 7
 P 126112 1814 368395 12493855
49183 R 2.0 3 1 794 8
 P 127598 2086 368403 12566035
49462 R 5.0 2 2 1713 9
 P 128591 2271 368415 12639252
49746 R 4.0 3 2 1357 10
 P 129981 2543 368423 12710395
50027 R 2.0 4 1 998 11
 P 131147 2815 368432 12782575
 P 132234 2815 369395 12854755
 P 134818 2815 369508 12926935
50872 R 3.0 3 1 4455 12
 P 135813 2998 369519 13001464
51156 R 4.0 4 2 3274 13
 P 137300 3269 369528 13071295
51436 R 5.0 3 2 3047 14
 P 138227 3452 369538 13143475
51720 R 2.0 5 1 2051 15
 P 139714 3723 369547 13215655
52000 R 3.0 4 1 2997 16
 P 140641 3908 369556 13287835
52284 R 4.0 5 2 2615 17
 P 142195 4180 369566 13362012
52564 R 5.0 4 2 3535 18
 P 143123 4366 369574 13432195
52848 R 2.0 6 1 2539 19
 P 144610 4639 369583 13504375
53127 R 3.0 5 1 3485 20
 P 145538 4821 369592 13576555
53412 R 4.0 6 2 3104 21
 P 147025 5093 369601 13648735
53694 R 2.0 7 1 2745 22
 P 148484 5365 369613 13721408
53975 R 4.0 7 2 3026 23
 P 149652 5637 369622 13793095
54255 R 5.0 5 2 4586 24
 P 150490 5909 369630 13865275
54540 R 2.0 8 1 2951 25
 P 151978 6180 369639 13937455
54821 R 4.0 8 2 3232 26
 P 153370 6452 369647 14009635
55102 R 2.0 9 1 2874 27
 P 154605 6724 369657 14082212
55383 R 3.0 6 1 5101 28
 P 155443 6995 369666 14153995
55668 R 4.0 9 2 3439 29
 P 156932 7268 369674 14226175
55949 R 2.0 10 1 3080 30
 P 158324 7540 369683 14298355
56230 R 110.219 1 3 3873 31
 P 159492 7812 369692 14370535
56511 R 5.0 6 2 6201 32
 P 160396 8084 369702 14444936
56795 R 2.0 11 1 3286 33
 P 161884 8355 369711 14514895
57075 R 3.0 7 1 6152 34
 P 162814 8533 369720 14587075
57359 R 2.0 12 1 3210 35
 P 164303 8804 369729 14659255
57641 R 4.0 10 2 4772 36
 P 165696 9075 369738 14731435
57922 R 2.0 13 1 3133 37
 P 166932 9347 369748 14805996
58205 R 110.219 2 3 5145 38
 P 168261 9619 369758 14875795
58491 R 2.0 14 1 3062 39
 P 170646 9891 369766 14947975
58774 R 5.0 7 2 7824 40
 P 173306 10164 369774 15020155
59051 R 2.0 15 1 2982 41
 P 174894 10337 369783 15092335
59333 R 4.0 11 2 5824 42
 P 176354 10609 369794 15165904
 P 177444 10609 370750 15236695
59897 R 2.0 16 1 3188 43
 P 178934 10880 370759 15308875
60178 R 4.0 12 2 6030 44
 P 180328 11151 370768 15381055
60458 R 3.0 8 1 16946 45
 P 181260 11326 370776 15453235
60743 R 2.0 17 1 3394 46
 P 182817 11598 370786 15527220
61022 R 5.0 8 2 9433 47
 P 183748 11773 370795 15597595
61307 R 2.0 18 1 3318 48
 P 185238 12045 370803 15669775
61593 R 3.0 9 1 9391 49
 P 187896 12316 370813 15741955
61871 R 2.0 19 1 3242 50
 P 189482 12494 370822 15814135
62150 R 3.0 10 1 9308 51
 P 190479 12669 370832 15888408
62434 R 2.0 20 1 3166 52
 P 191969 12941 370841 15958495
62714 R 3.0 11 1 9231 53
 P 192901 13115 370849 16030675
62998 R 2.0 21 1 3089 54
 P 194392 13386 370858 16102855
63278 R 158.170 1 3 10914 55
 P 195324 13559 370867 16175035
63562 R 2.0 22 1 3013 56
 P 196882 13831 370877 16247932
63842 R 3.0 12 1 8439 57
 P 197813 14004 370886 16319395
64126 R 4.0 13 2 9338 58
 P 199304 14276 370894 16391575
64406 R 3.0 13 1 7723 59
 P 200236 14452 370902 16463755
64690 R 2.0 23 1 3501 60
 P 201726 14725 370911 16535935
64969 R 3.0 14 1 7647 61
 P 202725 14898 370921 16610400
65254 R 2.0 24 1 3425 62
 P 204216 15170 370930 16680295
65533 R 5.0 11 2 12025 63
 P 205149 15341 370939 16752475
65818 R 110.219 5 3 10618 64
 P 206641 15612 370948 16824655
66097 R 3.0 15 1 5575 65
 P 207573 15783 370957 16896835
66382 R 2.0 25 1 3913 66
 P 209132 16054 370968 16970180
66661 R 3.0 16 1 5499 67
 P 210065 16225 370976 17041195
66946 R 4.0 14 2 11517 68
 P 211557 16497 370984 17113375
67225 R 3.0 17 1 5423 69
 P 212490 16667 370993 17185555
67510 R 2.0 26 1 4401 70
 P 213982 16939 371002 17257735
67789 R 5.0 12 2 13641 71
 P 214981 17109 371013 17331880
68074 R 4.0 15 2 12005 72
 P 216473 17381 371024 17402095
68353 R 158.170 4 3 13821 73
 P 217406 17551 371032 17474275
68637 R 2.0 27 1 4889 74
 P 218899 17822 371041 17546455
68919 R 110.219 6 3 12955 75
 P 220296 18093 371050 17618635
69200 R 4.0 16 2 12491 76
 P 221536 18365 371061 17691916
69483 R 110.219 7 3 12816 77
 P 222869 18637 371069 17762995
69769 R 4.0 17 2 12420 78
 P 225258 18909 371077 17835175
70052 R 5.0 13 2 15263 79
 P 227912 19180 371086 17907355
70329 R 4.0 18 2 11060 80
 P 229405 19452 371095 17979535
70611 R 4.0 19 2 10063 81
 P 230869 19724 371106 18052848
 P 231699 19724 372316 18123895
71175 R 2.0 28 1 4226 82
 P 233192 19996 372325 18196075
71454 R 158.170 5 3 16187 83
 P 234127 20162 372334 18268255
71739 R 2.0 29 1 4150 84
 P 235621 20433 372343 18340435
72018 R 3.0 18 1 7016 85
 P 236622 20599 372354 18413140
72303 R 2.0 30 1 4074 86
 P 238116 20871 372362 18484795
72582 R 3.0 19 1 6940 87
 P 238945 21143 372370 18556975
72867 R 2.0 31 1 3998 88
 P 240439 21415 372378 18629155
73146 R 3.0 20 1 6864 89
 P 241374 21580 372387 18701335
73431 R 2.0 32 1 3922 90
 P 242935 21852 372398 18775352
73710 R 3.0 21 1 6788 91
 P 243869 22017 372408 18845695
 P 246441 22017 372542 18917875
74274 R 5.0 17 2 16285 92
 P 247376 22181 372550 18990055
74558 R 2.0 33 1 8256 93
 P 248871 22452 372559 19062235
74838 R 5.0 18 2 15568 94
 P 249874 22616 372569 19135900
75122 R 2.0 34 1 4333 95
 P 251369 22887 372578 19206595
75402 R 5.0 19 2 14213 96
 P 252305 23050 372587 19278775
75686 R 4.0 22 2 12577 97
 P 253800 23322 372595 19350955
75968 R 2.0 35 1 4539 98
 P 255199 23594 372603 19423135
76249 R 4.0 23 2 12500 99
 P 256441 23866 372614 19497344
76530 R 3.0 22 1 6407 100
 P 257268 24139 372624 19567495
76814 R 110.219 12 3 16132 101
 P 258763 24412 372633 19639675
77093 R 5.0 21 2 13984 102
 P 259700 24574 372641 19711855
77378 R 2.0 36 1 5309 103
 P 261196 24845 372650 19784035
77659 R 2.0 37 1 4950 104
 P 262439 25116 372661 19858148
77941 R 4.0 24 2 13553 105
 P 263775 25387 372670 19928395
78221 R 5.0 22 2 14472 106
 P 264601 25658 372679 20000575
78506 R 4.0 25 2 13477 107
 P 266097 25930 372687 20072755
78785 R 3.0 23 1 6743 108
 P 267034 26091 372695 20144935
79070 R 2.0 38 1 4441 109
 P 268601 26363 372705 20218828
79349 R 3.0 24 1 6667 110
 P 269605 26523 372716 20290908
79634 R 2.0 39 1 4365 111
 P 271101 26795 372725 20361475
79913 R 3.0 25 1 6591 112
 P 272037 26955 372734 20433655
80198 R 2.0 40 1 4289 113
 P 273534 27226 372745 20505835
80477 R 3.0 26 1 6514 114
 P 274471 27385 372753 20578015
80761 R 4.0 27 2 14453 115
 P 276035 27656 372764 20651840
81041 R 5.0 24 2 16012 116
 P 276973 27815 372772 20722375
81325 R 2.0 41 1 4776 117
 P 278470 28087 372780 20794555
81605 R 158.170 12 3 20604 118
 P 279408 28245 372789 20866735
81889 R 4.0 28 2 14940 119
 P 280905 28517 372797 20938915
82169 R 5.0 25 2 15220 120
 P 281909 28680 372808 21012132
82453 R 110.219 15 3 19380 121
 P 283406 28953 372817 21083275
82732 R 5.0 26 2 15143 122
 P 284344 29111 372825 21155455
83017 R 2.0 42 1 5188 123
 P 285841 29384 372835 21227635
83299 R 4.0 29 2 13150 124
 P 287243 29655 372844 21299815
83580 R 110.219 17 3 18915 125
 P 288488 29926 372855 21374344
83862 R 2.0 43 1 4753 126
 P 289826 30197 372864 21444175
84142 R 3.0 27 1 6980 127
 P 290649 30468 372873 21516355
 P 290649 30468 376263 21588535
84706 R 3.0 28 1 6264 128
 P 291472 30740 376271 21660715
84991 R 2.0 44 1 5242 129
 P 293037 31012 376281 21734892
85270 R 5.0 28 2 16401 130
 P 293976 31167 376290 21805075
85555 R 2.0 45 1 5166 131
 P 295474 31439 376299 21877255
85834 R 5.0 29 2 15045 132
 P 296413 31593 376308 21949435
86119 R 4.0 30 2 14050 133
 P 297913 31865 376317 22021615
86398 R 5.0 30 2 14969 134
 P 298919 32020 376327 22094288
86682 R 4.0 31 2 13334 135
 P 300418 32291 376336 22165975
86962 R 5.0 31 2 14893 136
 P 301358 32445 376344 22238155
87246 R 4.0 32 2 13257 137
 P 302857 32717 376352 22310335
87526 R 158.170 17 3 22542 138
 P 303797 32870 376361 22382515
87810 R 110.219 21 3 20115 139
 P 305363 33142 376371 22455092
88090 R 3.0 29 1 6447 140
 P 306302 33298 376380 22526875
 P 307806 33298 376389 22599055
88653 R 3.0 30 1 6371 141
 P 308627 33571 376397 22671235
88938 R 2.0 46 1 5349 142
 P 310127 33844 376406 22743415
89217 R 3.0 31 1 6295 143
 P 311135 33995 376417 22817208
89502 R 2.0 47 1 5273 144
 P 312635 34266 376426 22887775
89781 R 3.0 32 1 5579 145
 P 313575 34417 376436 22959955
90063 R 3.0 33 1 5221 146
 P 314395 34688 376445 23032135
90348 R 4.0 34 2 13159 147
 P 315895 34960 376453 23104315
90629 R 2.0 48 1 5760 148
 P 317366 35232 376463 23178140
90911 R 4.0 35 2 13083 149
 P 318546 35504 376473 23248675
91191 R 3.0 34 1 5709 150
 P 319366 35776 376481 23320855
91476 R 4.0 36 2 13007 151
 P 320866 36048 376490 23393035
91757 R 2.0 49 1 5608 152
 P 322271 36320 376498 23465215
92038 R 2.0 50 1 5249 153
 P 323519 36591 376509 23538432
92321 R 2.0 51 1 4892 154
 P 324860 36862 376518 23609575
92601 R 5.0 34 2 16691 155
 P 325679 37133 376526 23681755
92885 R 2.0 52 1 4816 156
 P 327180 37405 376534 23753935
93165 R 5.0 35 2 15975 157
 P 328122 37554 376542 23826115
93449 R 110.219 25 3 22598 158
 P 329690 37826 376552 23900644
93729 R 158.170 20 3 26261 159
 P 330632 37974 376561 23970475
94013 R 4.0 38 2 12984 160
 P 332133 38246 376570 24042655
94293 R 5.0 36 2 15184 161
 P 333074 38397 376579 24114835
94577 R 2.0 53 1 3948 162
 P 334575 38670 376588 24187015
94856 R 5.0 37 2 15108 163
 P 335585 38817 376598 24261192
95138 R 3.0 35 1 6456 164
 P 336403 39089 376606 24331375
95423 R 4.0 39 2 13754 165
 P 337905 39360 376615 24403555
95705 R 2.0 54 1 4436 166
 P 339311 39632 376623 24475735
95986 R 2.0 55 1 4077 167
 P 340493 39904 376631 24547915
96268 R 2.0 56 1 3719 168
 P 341902 40176 376641 24620588
96548 R 3.0 36 1 7226 169
 P 342719 40447 376649 24692275
96833 R 4.0 41 2 13884 170
 P 344221 40719 376658 24764455
97112 R 3.0 37 1 7150 171
 P 345164 40865 376666 24836635
97397 R 2.0 57 1 4208 172
 P 346666 41137 376675 24908815
97676 R 5.0 39 2 16647 173
 P 347677 41281 376686 24981392
 P 349185 41281 376694 25053175
98243 R 110.219 28 3 24425 174
 P 350689 41553 376703 25125355
98522 R 3.0 38 1 7279 175
 P 351505 41824 376711 25197535
98806 R 2.0 58 1 4978 176
 P 353008 42096 376719 25269715
99088 R 4.0 42 2 14219 177
 P 354482 42368 376729 25343508
99369 R 4.0 43 2 13860 178
 P 355665 42641 376737 25414075
99652 R 2.0 59 1 3903 179
 P 357008 42913 376745 25486255
 P 359365 42913 376754 25558435
100214 R 5.0 41 2 16624 180
 P 360181 43186 376763 25630615
100498 R 2.0 60 1 4109 181
 P 361752 43459 376773 25704408
100780 R 2.0 61 1 3751 182
 P 363160 43731 376782 25774975
101061 R 110.219 30 3 23668 183
 P 364344 44002 376791 25847155
101343 R 4.0 45 2 11994 184
 P 365688 44273 376800 25919335
101623 R 5.0 42 2 16755 185
 P 366503 44544 376809 25991515
101908 R 2.0 62 1 4239 186
 P 368074 44816 376819 26065340
102187 R 3.0 39 1 8385 187
 P 369018 44957 376828 26135875
102472 R 2.0 63 1 4163 188
 P 370522 45229 376836 26208055
102751 R 3.0 40 1 8309 189
 P 371467 45370 376844 26280235
103036 R 2.0 64 1 4087 190
 P 372971 45642 376853 26352415
103315 R 3.0 41 1 8233 191
 P 373983 45782 376864 26425632
103600 R 2.0 65 1 4011 192
 P 375488 46053 376873 26496775
103879 R 5.0 44 2 17090 193
 P 376433 46192 376883 26568955
104164 R 4.0 47 2 12895 194
 P 377939 46464 376892 26641135
104443 R 5.0 45 2 17014 195
 P 378884 46603 376900 26713315
104727 R 2.0 66 1 4499 196
 P 380460 46875 376910 26787848
105007 R 5.0 46 2 16937 197
 P 381473 47014 376920 26859288
105291 R 2.0 67 1 4422 198
 P 382978 47286 376928 26929855
105573 R 2.0 68 1 4064 199
 P 384386 47558 376937 27002035
105854 R 2.0 69 1 3705 200
 P 385571 47830 376946 27074215
106135 R 5.0 47 2 17425 201
 P 386384 48103 376955 27146395
106419 R 4.0 48 2 13230 202
 P 387957 48375 376966 27220220
106698 R 158.170 27 3 30267 203
 P 388903 48514 376974 27290755
106983 R 4.0 49 2 13155 204
 P 390409 48786 376983 27362935
107262 R 5.0 48 2 16633 205
 P 391356 48923 376991 27435115
107547 R 2.0 70 1 4758 206
 P 392862 49195 376999 27507295
107829 R 4.0 50 2 13361 207
 P 394339 49467 377009 27580512
108110 R 4.0 51 2 13001 208
 P 395525 49739 377017 27651655
108392 R 4.0 52 2 11363 209
 P 396871 50011 377025 27723835
 P 399218 50011 377034 27796015
108954 R 158.170 28 3 31053 210
 P 400029 50283 377042 27868195
109239 R 110.219 36 3 24379 211
 P 401602 50555 377053 27941988
109518 R 5.0 49 2 16329 212
 P 402550 50689 377062 28012555
109803 R 2.0 71 1 4454 213
 P 404057 50960 377071 28084735
110082 R 3.0 42 1 7320 214
 P 405004 51094 377080 28156915
110367 R 2.0 72 1 4378 215
 P 406512 51367 377088 28229095
110646 R 3.0 43 1 7243 216
 P 407526 51501 377098 28302920
110930 R 4.0 53 2 13262 217
 P 409033 51773 377106 28373455
111212 R 2.0 73 1 4583 218
 P 410444 52045 377114 28445635
111493 R 4.0 54 2 11904 219
 P 411631 52318 377123 28517815
111776 R 2.0 74 1 3867 220
 P 412978 52590 377132 28589995
112056 R 3.0 44 1 8013 221
 P 413855 52862 377144 28663212
112340 R 2.0 75 1 3791 222
 P 415363 53134 377153 28734355
112622 R 2.0 76 1 3433 223
 P 416775 53405 377162 28806535
112903 R 110.219 39 3 24343 224
 P 417963 53676 377171 28878715
113190 R 2.0 77 1 3361 225
 P 420367 53949 377180 28950895
113472 R 3.0 45 1 8790 226
 P 423067 54221 377191 29025424
113750 R 110.219 40 3 23846 227
 P 424479 54493 377199 29095255
114031 R 2.0 78 1 3562 228
 P 425667 54765 377207 29167435
114311 R 158.170 30 3 32835 229
 P 426475 55036 377216 29239615
114596 R 2.0 79 1 3487 230
 P 427983 55308 377225 29311795
114875 R 5.0 51 2 19127 231
 P 429000 55438 377235 29385972
115160 R 2.0 80 1 3411 232
 P 430508 55710 377245 29456155
115439 R 5.0 52 2 18410 233
 P 431458 55839 377254 29528335
115724 R 2.0 81 1 3335 234
 P 432967 56110 377263 29600515
116003 R 5.0 53 2 18334 235
 P 433916 56239 377273 29672695
116288 R 2.0 82 1 3259 236
 P 435493 56512 377283 29745368
116567 R 3.0 46 1 7404 237
 P 436442 56641 377292 29817055
116851 R 4.0 57 2 13423 238
 P 437951 56913 377300 29889235
117132 R 2.0 83 1 3463 239
 P 439140 57186 377309 29961415
117415 R 4.0 58 2 13346 240
 P 440489 57458 377318 30033595
117695 R 5.0 55 2 18745 241
 P 441363 57729 377329 30106172
117979 R 4.0 59 2 13270 242
 P 442873 58001 377337 30177955
118259 R 158.170 33 3 31737 243
 P 443822 58130 377346 30250135
118543 R 2.0 84 1 4234 244
 P 445332 58403 377355 30322315
118822 R 5.0 56 2 16673 245
 P 446283 58530 377363 30394495
119107 R 110.219 42 3 25722 246
 P 447860 58803 377373 30468896
119389 R 2.0 85 1 4440 247
 P 449274 59075 377381 30538855
119670 R 4.0 60 2 13042 248
 P 450464 59347 377389 30611035
119950 R 5.0 57 2 17161 249
 P 451270 59618 377398 30683215
120235 R 4.0 61 2 12966 250
 P 452780 59890 377407 30755395
120514 R 3.0 47 1 6872 251
 P 453652 60161 377418 30829956
 P 455167 60161 377427 30899755
121081 R 4.0 62 2 11892 252
 P 456678 60433 377436 30971935
121362 R 2.0 86 1 4493 253
 P 458093 60704 377445 31044115
121643 R 2.0 87 1 4134 254
 P 459284 60975 377454 31116295
121926 R 4.0 63 2 12097 255
 P 460702 61247 377464 31190088
 P 463054 61247 377472 31260655
122491 R 2.0 88 1 4342 256
 P 464566 61520 377480 31332835
122770 R 3.0 48 1 7847 257
 P 465517 61644 377488 31405015
123054 R 2.0 89 1 4265 258
 P 467028 61916 377497 31477195
123336 R 2.0 90 1 3907 259
 P 468510 62188 377508 31550988
123617 R 110.219 46 3 24361 260
 P 469701 62461 377517 31621555
123900 R 2.0 91 1 3831 261
 P 471053 62733 377526 31693735
124180 R 3.0 49 1 8617 262
 P 471856 63005 377537 31765915
124464 R 2.0 92 1 3755 263
 P 473368 63276 377546 31838095
124746 R 2.0 93 1 3397 264
 P 474851 63547 377557 31911920
125027 R 2.0 94 1 3038 265
 P 476043 63819 377565 31982455
125307 R 3.0 50 1 9105 266
 P 476846 64091 377573 32054635
125592 R 2.0 95 1 2963 267
 P 478358 64363 377581 32126815
125874 R 110.219 48 3 23165 268
 P 479774 64635 377590 32198995
126155 R 2.0 96 1 2886 269
 P 481033 64907 377601 32272212
126437 R 2.0 97 1 2528 270
 P 482385 65179 377610 32343355
 P 484738 65179 377619 32415535
127002 R 4.0 66 2 12693 271
 P 486251 65451 377628 32487715
127281 R 5.0 61 2 19372 272
 P 487205 65571 377636 32559895
127566 R 2.0 98 1 3017 273
 P 488785 65842 377647 32633688
127847 R 2.0 99 1 2658 274
 P 490202 66114 377655 32704255
128128 R 4.0 67 2 13179 275
 P 491395 66386 377663 32776435
128411 R 2.0 100 1 2582 276
 P 492748 66658 377671 32848615
 P 495102 66658 377679 32920795
128973 R 158.170 39 3 33129 277
 P 495970 66930 377689 32994588
129257 R 2.0 101 1 2788 278
 P 497483 67202 377698 33065155
129539 R 2.0 102 1 2430 279
 P 498900 67474 377707 33137335
129820 R 4.0 69 2 13591 280
 P 500094 67746 377716 33209515
130101 R 5.0 62 2 20271 281
 P 500894 68017 377727 33281695
130385 R 2.0 103 1 2636 282
 P 502475 68288 377738 33355520
130667 R 2.0 104 1 2278 283
 P 503893 68559 377747 33426055
130948 R 2.0 105 1 1919 284
 P 505087 68831 377755 33498235
131230 R 2.0 106 1 1561 285
 P 506441 69103 377763 33570415
 P 508797 69103 377771 33642595
131795 R 2.0 107 1 1486 286
 P 510378 69375 377782 33716388
132077 R 2.0 108 1 1128 287
 P 511796 69647 377791 33786955
132356 R 3.0 52 1 11674 288
 P 512595 69918 377800 33859135
132641 R 2.0 109 1 1052 289
 P 514109 70190 377810 33931315
132922 R 2.0 110 1 693 290
 P 515528 70461 377819 34003495
133209 R 5.0 64 2 22100 291
 P 518218 70733 377829 34077320
133487 R 4.0 72 2 14059 292
 P 519733 71004 377838 34147855
133768 R 2.0 111 1 899 293
 P 521152 71276 377846 34220035
134050 R 2.0 112 1 541 294
 P 522507 71548 377854 34292215
 P 524863 71548 377862 34364395
134615 R 4.0 73 2 14546 295
 P 526446 71821 377873 34438188
134896 R 2.0 113 1 747 296
 P 527865 72094 377882 34508755
135177 R 2.0 114 1 388 297
 P 529060 72367 377891 34580935
135460 R 2.0 115 1 31 298
 P 530415 72639 377900 34653115
135747 R 5.0 66 2 21437 299
 P 533037 72910 377909 34725295
136025 R 5.0 67 2 21076 300
 P 534894 73182 377920 34799120
136309 R 3.0 53 1 9227 301
 P 537099 73453 377929 34869655
136587 R 5.0 68 2 19717 302
 P 538375 73565 377938 34941835
136870 R 2.0 116 1 801 303
 P 539891 73838 377946 35014015
137152 R 4.0 75 2 13883 304
 P 541311 74110 377954 35086195
137433 R 2.0 117 1 724 305
 P 542574 74382 377964 35159412
137715 R 2.0 118 1 366 306
 P 543930 74654 377973 35230555
 P 546287 74654 377982 35302735
138280 R 2.0 119 1 291 307
 P 547803 74926 377991 35374915
138559 R 3.0 55 1 8277 308
 P 548760 75036 378000 35447095
138844 R 4.0 77 2 13015 309
 P 550344 75307 378011 35520888
139125 R 2.0 120 1 496 310
 P 551765 75578 378020 35591455
139407 R 2.0 121 1 138 311
 P 552962 75849 378030 35663635
139694 R 5.0 71 2 20265 312
 P 555582 76120 378039 35735815
139971 R 2.0 122 1 62 313
 P 557131 76200 378047 35807995
140258 R 5.0 72 2 18909 314
 P 559817 76471 378058 35881820
140537 R 5.0 73 2 17907 315
 P 561604 76742 378067 35952355
140820 R 5.0 74 2 17551 316
 P 563807 77013 378075 36024535
141098 R 5.0 75 2 16549 317
 P 565085 77122 378083 36096715
141381 R 2.0 123 1 832 318
 P 566603 77394 378091 36168895
141663 R 4.0 79 2 13914 319
 P 568092 77665 378102 36242112
141943 R 3.0 56 1 5900 320
 P 569050 77773 378112 36313255
142227 R 2.0 124 1 1038 321
 P 570568 78044 378121 36385435
142509 R 2.0 125 1 680 322
 P 571990 78316 378129 36457615
142790 R 2.0 126 1 321 323
 P 573188 78588 378137 36529795
143077 R 5.0 76 2 17248 324
 P 575873 78861 378147 36604324
143354 R 2.0 127 1 245 325
 P 577419 78945 378155 36674155
143641 R 3.0 57 1 6959 326
 P 580037 79216 378164 36746335
143920 R 3.0 58 1 5318 327
 P 581823 79487 378173 36818515
144201 R 2.0 128 1 452 328
 P 583245 79759 378182 36890695
144482 R 4.0 81 2 13534 329
 P 584511 80031 378193 36964872
144764 R 2.0 129 1 375 330
 P 585870 80302 378202 37035055
 P 588230 80302 378210 37107235
145329 R 2.0 130 1 300 331
 P 589749 80573 378219 37179415
145608 R 5.0 78 2 17219 332
 P 590709 80677 378228 37251595
145893 R 110.219 59 3 27708 333
 P 592295 80949 378238 37325388
146174 R 2.0 131 1 505 334
 P 593718 81221 378246 37395955
146455 R 2.0 132 1 146 335
 P 594917 81493 378255 37468135
146743 R 3.0 59 1 6861 336
 P 597533 81764 378263 37540315
147020 R 2.0 133 1 71 337
 P 599078 81850 378272 37612495
147307 R 158.170 52 3 30710 338
 P 601761 82122 378282 37686320
147589 R 5.0 79 2 16640 339
 P 604537 82394 378290 37756855
147866 R 110.219 61 3 26106 340
 P 606057 82665 378299 37829035
148148 R 2.0 134 1 559 341
 P 607481 82936 378308 37901215
148429 R 2.0 135 1 200 342
 P 608681 83208 378316 37973395
148717 R 3.0 60 1 7554 343
 P 611363 83479 378328 38046612
148994 R 2.0 136 1 125 344
 P 612906 83571 378337 38117755
149280 R 5.0 80 2 17051 345
 P 615521 83844 378345 38189935
149559 R 5.0 81 2 16690 346
 P 617304 84116 378353 38262115
149840 R 2.0 137 1 331 347
 P 618728 84388 378362 38334295
150121 R 4.0 84 2 12132 348
 P 619999 84660 378373 38408828
150401 R 3.0 61 1 7319 349
 P 620800 84931 378384 38480212
150686 R 2.0 138 1 537 350
 P 622388 85202 378395 38552448
150967 R 4.0 85 2 12339 351
 P 623813 85473 378404 38623015
151249 R 2.0 139 1 460 352
 P 625015 85746 378412 38695195
151531 R 2.0 140 1 102 353
 P 626376 86018 378420 38767375
151818 R 3.0 62 1 8096 354
 P 628990 86289 378429 38839555
152097 R 3.0 63 1 7734 355
 P 630839 86560 378440 38913380
152378 R 2.0 141 1 309 356
 P 632360 86832 378449 38983915
152657 R 3.0 64 1 7014 357
 P 633321 86931 378458 39056095
152942 R 4.0 87 2 11753 358
 P 634842 87204 378468 39128275
153223 R 2.0 142 1 514 359
 P 636268 87476 378477 39200455
 P 637542 87476 378487 39274248
153787 R 2.0 143 1 438 360
 P 639064 87747 378496 39344815
154069 R 2.0 144 1 80 361
 P 640490 88018 378505 39416995
154356 R 3.0 65 1 7433 362
 P 643103 88290 378514 39489175
154634 R 3.0 66 1 7072 363
 P 644883 88561 378523 39561355
154915 R 2.0 145 1 286 364
 P 646313 88834 378533 39635180
 P 648676 88834 378542 39705715
155479 R 4.0 89 2 11090 365
 P 650198 89106 378551 39777895
155761 R 2.0 146 1 492 366
 P 651624 89378 378560 39850075
156042 R 2.0 147 1 133 367
 P 652826 89650 378569 39922255
156329 R 5.0 85 2 19620 368
 P 655504 89921 378581 39996048
156608 R 3.0 67 1 7766 369
 P 657283 90192 378590 40066615
156889 R 2.0 148 1 340 370
 P 658806 90463 378599 40138795
 P 658806 90463 381989 40210975
157452 R 2.0 149 1 263 371
 P 660233 90735 381997 40283155
157739 R 3.0 68 1 8257 372
 P 662911 91006 382008 40356980
158015 R 2.0 150 1 186 373
 P 664114 91278 382016 40427515
158303 R 5.0 87 2 19034 374
 P 666724 91549 382026 40499695
158580 R 2.0 151 1 111 375
 P 668262 91646 382035 40571875
158860 R 5.0 88 2 18310 376
 P 669048 91917 382044 40644055
159145 R 4.0 92 2 10915 377
 P 670639 92188 382056 40717272
159426 R 2.0 152 1 317 378
 P 672067 92459 382065 40788415
159713 R 3.0 69 1 7670 379
 P 674677 92730 382074 40860595
159989 R 2.0 153 1 240 380
 P 675881 93001 382083 40932775
160277 R 5.0 89 2 19087 381
 P 678491 93273 382093 41004955
160554 R 2.0 154 1 165 382
 P 680096 93371 382103 41079484
160840 R 3.0 70 1 8158 383
 P 682705 93642 382111 41149315
161123 R 3.0 71 1 6521 384
 P 685474 93914 382119 41221495
161400 R 2.0 155 1 371 385
 P 686998 94186 382128 41293675
161682 R 4.0 94 2 11533 386
 P 688426 94458 382137 41365855
161963 R 2.0 156 1 294 387
 P 689698 94730 382147 41440032
162250 R 5.0 91 2 19781 388
 P 692307 95001 382156 41510215
162527 R 2.0 157 1 218 389
 P 693844 95100 382165 41582395
162814 R 3.0 72 1 6292 390
 P 696452 95371 382174 41654575
163093 R 5.0 92 2 17424 391
 P 698228 95642 382182 41726755
163373 R 2.0 158 1 424 392
 P 699724 95914 382192 41799428
163655 R 4.0 96 2 10945 393
 P 700929 96186 382201 41871115
163937 R 2.0 159 1 348 394
 P 702294 96458 382209 41943295
164224 R 3.0 73 1 6422 395
 P 704902 96729 382218 42015475
164503 R 3.0 74 1 6060 396
 P 706677 97000 382227 42087655
164784 R 2.0 160 1 555 397
 P 708270 97273 382238 42160232
165065 R 2.0 161 1 196 398
 P 709700 97545 382247 42232015
165352 R 3.0 75 1 6270 399
 P 712307 97817 382255 42304195
165629 R 2.0 162 1 120 400
 P 713672 98088 382264 42376375
 P 713672 98088 385654 42448555
166197 R 2.0 163 1 48 401
 P 716161 98360 385664 42522956
 P 716161 98360 389054 42592915
 P 718767 98360 390265 42665095
167037 R 2.0 164 1 248 402
 P 719845 98632 390274 42737275
 P 720876 98632 391235 42809455
167608 R 3.0 77 1 14202 403
 P 723709 98904 391245 42884016
167885 R 110.219 73 3 26712 404
 P 725236 99176 391253 42953815
168167 R 110.219 74 3 24886 405
 P 726667 99447 391262 43025995
168446 R 3.0 78 1 7444 406
 P 727448 99718 391272 43098175
168731 R 2.0 165 1 1302 407
 P 728975 99989 391281 43170355
169013 R 2.0 166 1 943 408
 P 730473 100261 391291 43243924
169294 R 2.0 167 1 585 409
 P 731680 100534 391299 43314715
169576 R 2.0 168 1 227 410
 P 733047 100806 391307 43386895
169863 R 5.0 95 2 19714 411
 P 735652 101077 391316 43459075
170142 R 3.0 79 1 7859 412
 P 737425 101348 391325 43531255
170423 R 2.0 169 1 434 413
 P 739019 101620 391336 43605240
170702 R 3.0 80 1 7779 414
 P 739986 101704 391345 43675615
170987 R 2.0 170 1 358 415
 P 741515 101976 391354 43747795
171266 R 3.0 81 1 7703 416
 P 742484 102061 391362 43819975
171550 R 4.0 100 2 12441 417
 P 744012 102332 391371 43892155
171832 R 4.0 101 2 10804 418
 P 745511 102604 391381 43966428
172111 R 5.0 97 2 20682 419
 P 746291 102875 391390 44036515
172393 R 5.0 98 2 19683 420
 P 747070 103147 391400 44108695
172678 R 2.0 171 1 1409 421
 P 748598 103420 391408 44180875
172960 R 2.0 172 1 1051 422
 P 750030 103692 391417 44253055
173241 R 4.0 102 2 11572 423
 P 751305 103964 391428 44325952
173524 R 2.0 173 1 974 424
 P 752673 104236 391438 44397415
173810 R 2.0 174 1 621 425
 P 755098 104509 391446 44469595
174085 R 3.0 82 1 8603 426
 P 755877 104780 391455 44541775
174370 R 2.0 175 1 541 427
 P 757406 105051 391464 44613955
174652 R 2.0 176 1 183 428
 P 758907 105323 391475 44688420
174938 R 3.0 83 1 7536 429
 P 761509 105594 391484 44758315
175215 R 2.0 177 1 106 430
 P 762718 105866 391492 44830495
175502 R 5.0 100 2 20233 431
 P 765320 106138 391500 44902675
175783 R 2.0 178 1 34 432
 P 767843 106313 391509 44974855
 P 770470 106313 391518 45048648
176341 R 3.0 84 1 7659 433
 P 771248 106584 391527 45119215
176626 R 4.0 105 2 11117 434
 P 772776 106856 391536 45191395
176907 R 4.0 106 2 10758 435
 P 774210 107129 391545 45263575
177188 R 2.0 179 1 799 436
 P 775420 107402 391554 45335755
177471 R 2.0 180 1 442 437
 P 776857 107673 391565 45409580
177758 R 3.0 85 1 7795 438
 P 779458 107945 391573 45480115
 P 780946 107945 391581 45552295
178314 R 5.0 101 2 21125 439
 P 781723 108217 391590 45624475
178599 R 2.0 181 1 930 440
 P 783253 108489 391598 45696655
178881 R 4.0 108 2 10812 441
 P 784754 108761 391609 45770448
179162 R 2.0 182 1 853 442
 P 785964 109033 391618 45841015
179445 R 2.0 183 1 495 443
 P 787335 109306 391627 45913195
179731 R 2.0 184 1 142 444
 P 789761 109578 391637 45985375
180013 R 5.0 102 2 20904 445
 P 792361 109849 391646 46057555
180292 R 5.0 103 2 19263 446
 P 794196 110120 391657 46131380
180573 R 2.0 185 1 344 447
 P 795631 110391 391666 46201915
180854 R 4.0 110 2 9586 448
 P 796842 110663 391674 46274095
181136 R 2.0 186 1 267 449
 P 798213 110936 391682 46346275
181423 R 3.0 86 1 8901 450
 P 800812 111208 391690 46418455
181702 R 5.0 104 2 20033 451
 P 802646 111480 391700 46491672
 P 804877 111480 392211 46562815
182264 R 2.0 187 1 1229 452
 P 806312 111752 392220 46634995
182545 R 2.0 188 1 396 453
 P 807523 112024 392229 46707175
182826 R 5.0 105 2 19236 454
 P 808297 112295 392238 46779355
183111 R 2.0 189 1 321 455
 P 809897 112567 392249 46853884
183392 R 4.0 112 2 10843 456
 P 811333 112838 392258 46923715
183673 R 2.0 190 1 244 457
 P 812545 113111 392266 46995895
183961 R 3.0 87 1 8878 458
 P 815144 113383 392275 47068075
184238 R 2.0 191 1 169 459
 P 816671 113500 392283 47140255
184524 R 3.0 88 1 8802 460
 P 819335 113771 392295 47214432
184803 R 3.0 89 1 8441 461
 P 821100 114042 392304 47284615
185084 R 2.0 192 1 375 462
 P 822632 114315 392313 47356795
185366 R 2.0 193 1 17 463
 P 824068 114587 392322 47428975
185652 R 5.0 108 2 18863 464
 P 826665 114860 392330 47501155
185931 R 5.0 109 2 17862 465
 P 828497 115132 392340 47573828
186211 R 2.0 194 1 222 466
 P 829710 115403 392349 47645515
186498 R 3.0 90 1 6296 467
 P 832306 115674 392359 47717695
186776 R 2.0 195 1 147 468
 P 833839 115946 392367 47789875
187062 R 5.0 111 2 16433 469
 P 836435 116217 392376 47862055
187339 R 2.0 196 1 70 470
 P 838026 116402 392386 47934632
187626 R 3.0 91 1 6144 471
 P 840622 116674 392394 48006415
187903 R 110.219 87 3 23900 472
 P 841995 116946 392403 48078595
 P 841995 116946 395793 48150775
188468 R 2.0 197 1 559 473
 P 843528 117218 395802 48222955
188749 R 2.0 198 1 200 474
 P 845033 117491 395813 48297356
189029 R 5.0 112 2 17759 475
 P 845804 117762 395822 48367315
189314 R 4.0 114 2 12924 476
 P 847340 118034 395831 48439495
189595 R 2.0 199 1 406 477
 P 848778 118306 395839 48511675
189876 R 2.0 200 1 47 478
 P 849992 118578 395847 48583855
190156 R 5.0 113 2 18247 479
 P 850830 118849 395858 48658416
190441 R 4.0 115 2 12133 480
 P 852364 119121 395866 48728215
190723 R 2.0 201 1 254 481
 P 853802 119393 395875 48800395
191009 R 3.0 92 1 6967 482
 P 856396 119664 395884 48872575
191286 R 2.0 202 1 177 483
 P 857610 119936 395893 48944755
191566 R 3.0 93 1 6884 484
 P 858447 120208 395903 49018324
191851 R 4.0 116 2 12902 485
 P 859982 120480 395912 49089115
192133 R 2.0 203 1 384 486
 P 861421 120751 395921 49161295
192414 R 2.0 204 1 25 487
 P 862636 121022 395930 49233475
192701 R 3.0 94 1 7379 488
 P 865229 121293 395939 49305655
192980 R 5.0 115 2 18511 489
 P 867057 121564 395950 49379640
193260 R 2.0 205 1 231 490
 P 868432 121837 395958 49450015
193540 R 3.0 95 1 7578 491
 P 869201 122109 395966 49522195
193825 R 4.0 118 2 12956 492
 P 870736 122381 395975 49594375
194106 R 2.0 206 1 437 493
 P 872175 122653 395984 49666555
194387 R 2.0 207 1 78 494
 P 873457 122925 395995 49740828
194675 R 3.0 96 1 8073 495
 P 876049 123196 396004 49810915
194953 R 3.0 97 1 7711 496
 P 877809 123467 396013 49883095
195234 R 2.0 208 1 285 497
 P 879185 123738 396022 49955275
195521 R 3.0 98 1 7638 498
 P 881777 124010 396030 50027455
195803 R 3.0 99 1 6641 499
 P 884596 124282 396040 50100352
196080 R 2.0 209 1 491 500
 P 886132 124554 396048 50171815
196362 R 4.0 120 2 12934 501
 P 887572 124826 396056 50243995
196643 R 2.0 210 1 414 502
 P 888788 125098 396065 50316175
196926 R 2.0 211 1 57 503
 P 890164 125370 396074 50388355
197212 R 3.0 100 1 6770 504
 P 892822 125643 396084 50462820
197495 R 3.0 101 1 6413 505
 P 895573 125915 396092 50532715
197772 R 4.0 121 2 13063 506
 P 897110 126186 396101 50604895
198051 R 3.0 102 1 6329 507
 P 898088 126247 396109 50677075
198336 R 2.0 212 1 827 508
 P 899625 126518 396118 50749255
198615 R 5.0 120 2 17746 509
 P 900458 126789 396130 50822600
198900 R 4.0 122 2 12271 510
 P 901995 127061 396138 50893615
199182 R 2.0 213 1 1032 511
 P 903436 127333 396148 50965795
199463 R 2.0 214 1 674 512
 P 904653 127605 396157 51037975
199743 R 3.0 103 1 6741 513
 P 905419 127877 396165 51110155
200028 R 2.0 215 1 599 514
 P 907023 128149 396176 51184300
200309 R 4.0 123 2 12400 515
 P 908464 128421 396185 51254515
200590 R 2.0 216 1 521 516
 P 909682 128692 396194 51326695
200873 R 2.0 217 1 164 517
 P 911060 128963 396203 51398875
201160 R 3.0 104 1 7518 518
 P 913649 129234 396212 51471055
201438 R 3.0 105 1 6516 519
 P 915473 129506 396222 51544336
201719 R 2.0 218 1 370 520
 P 917011 129778 396230 51615415
202001 R 2.0 219 1 12 521
 P 918453 130050 396238 51687595
202280 R 5.0 122 2 20131 522
 P 919218 130321 396247 51759775
202565 R 110.219 96 3 24195 523
 P 920756 130593 396256 51831955
202847 R 2.0 220 1 218 524
 P 922265 130865 396267 51905268
203133 R 3.0 106 1 7571 525
 P 924853 131137 396276 51976315
203411 R 2.0 221 1 142 526
 P 926233 131411 396284 52048495
203697 R 4.0 125 2 11948 527
 P 928668 131682 396293 52120675
203980 R 2.0 222 1 71 528
 P 931519 131954 396302 52192855
 P 931586 131954 399694 52265560
204543 R 5.0 123 2 21114 529
 P 934174 132225 399703 52337215
204819 R 2.0 223 1 270 530
 P 935265 132499 399711 52409395
205100 R 3.0 107 1 7618 531
 P 936028 132770 399720 52481575
205385 R 4.0 126 2 11716 532
 P 937567 133042 399729 52553755
 P 939022 133042 399740 52627548
205949 R 2.0 224 1 760 533
 P 940561 133314 399749 52698115
206228 R 5.0 124 2 20879 534
 P 941542 133367 399758 52770295
206517 R 3.0 108 1 8395 535
 P 944289 133638 399767 52842475
206795 R 2.0 225 1 966 536
 P 945829 133909 399776 52914655
 P 946664 133909 399787 52988448
207359 R 4.0 127 2 13049 537
 P 948205 134182 399795 53059015
207640 R 2.0 226 1 1171 538
 P 949649 134454 399803 53131195
 P 950974 134454 399811 53203375
208204 R 2.0 227 1 1095 539
 P 952514 134726 399819 53275555
208483 R 3.0 110 1 8441 540
 P 953343 134998 399830 53349348
208768 R 2.0 228 1 1019 541
 P 954883 135271 399839 53419915
209050 R 4.0 128 2 13462 542
 P 956326 135543 399848 53492095
209329 R 3.0 111 1 8007 543
 P 957087 135814 399856 53564275
209614 R 2.0 229 1 1225 544
 P 958628 136085 399865 53636455
209896 R 2.0 230 1 867 545
 P 960140 136356 399876 53710280
210177 R 4.0 129 2 13948 546
 P 961361 136627 399885 53780815
210457 R 158.170 89 3 34065 547
 P 962122 136898 399894 53852995
210742 R 2.0 231 1 1073 548
 P 963663 137170 399902 53925175
211024 R 2.0 232 1 714 549
 P 965109 137443 399910 53997355
211305 R 4.0 130 2 13796 550
 P 966397 137715 399921 54070572
211585 R 5.0 127 2 20476 551
 P 967157 137987 399929 54141715
211870 R 2.0 233 1 921 552
 P 968698 138259 399938 54213895
212151 R 4.0 131 2 14002 553
 P 970144 138531 399946 54286075
212432 R 2.0 234 1 843 554
 P 971366 138803 399955 54358255
212713 R 3.0 112 1 9471 555
 P 972192 139074 399967 54432784
212998 R 2.0 235 1 769 556
 P 973734 139345 399976 54502615
213279 R 110.219 102 3 26804 557
 P 975180 139617 399984 54574795
213560 R 2.0 236 1 691 558
 P 976402 139890 399992 54646975
213840 R 5.0 129 2 20170 559
 P 977161 140162 400000 54719155
214125 R 2.0 237 1 616 560
 P 978770 140434 400010 54793332
214407 R 4.0 132 2 12419 561
 P 980216 140706 400019 54863515
214688 R 2.0 238 1 539 562
 P 981438 140978 400028 54935695
214968 R 3.0 113 1 9806 563
 P 982196 141250 400037 55007875
215253 R 2.0 239 1 464 564
 P 983739 141523 400046 55080055
 P 984789 141523 401033 55152728
215817 R 4.0 133 2 13188 565
 P 986332 141794 401042 55224415
 P 987316 141794 402026 55296595
216381 R 2.0 240 1 952 566
 P 988859 142066 402034 55368775
216660 R 3.0 114 1 28962 567
 P 989617 142337 402043 55440955
216945 R 110.219 105 3 24943 568
 P 991227 142609 402053 55513532
 P 992210 142609 403038 55585315
217509 R 2.0 241 1 1440 569
 P 993752 142881 403047 55657495
217790 R 4.0 134 2 12601 570
 P 995199 143153 403056 55729675
218072 R 110.219 107 3 23835 571
 P 996424 143426 403065 55801855
218352 R 5.0 131 2 33212 572
 P 997248 143697 403076 55876256
218637 R 2.0 242 1 1928 573
 P 998792 143968 403085 55946215
218916 R 3.0 115 1 10553 574
 P 999549 144240 403094 56018395
219201 R 110.219 108 3 23497 575
 P 1001093 144512 403102 56090575
219482 R 2.0 243 1 2133 576
 P 1002541 144784 403110 56162755
219763 R 2.0 244 1 1774 577
 P 1003832 145057 403120 56237316
220046 R 110.219 109 3 22905 578
 P 1005216 145329 403129 56307115
220332 R 2.0 245 1 1703 579
 P 1007656 145601 403138 56379295
220614 R 5.0 133 2 22465 580
 P 1010236 145872 403147 56451475
 P 1011726 145872 403155 56523655
221174 R 2.0 246 1 1905 581
 P 1013338 146145 403166 56597448
 P 1014323 146145 404147 56668015
221738 R 2.0 247 1 1829 582
 P 1015868 146416 404156 56740195
222020 R 2.0 248 1 1471 583
 P 1017317 146688 404164 56812375
222306 R 5.0 134 2 34097 584
 P 1019896 146959 404173 56884555
 P 1021453 146959 404183 56958348
222863 R 5.0 135 2 21513 585
 P 1022207 147230 404193 57028915
223148 R 2.0 249 1 1959 586
 P 1023752 147502 404202 57101095
 P 1024737 147502 405181 57173275
223712 R 4.0 135 2 12123 587
 P 1026282 147774 405190 57245455
 P 1027337 147774 406168 57319280
224276 R 2.0 250 1 2447 588
 P 1028883 148045 406177 57389815
 P 1029870 148045 407154 57461995
224840 R 2.0 251 1 2371 589
 P 1031416 148317 407162 57534175
 P 1032401 148317 408142 57606355
225404 R 4.0 136 2 12534 590
 P 1034015 148590 408152 57679572
 P 1035002 148590 409128 57750715
225967 R 2.0 252 1 2858 591
 P 1036452 148862 409137 57822895
226248 R 4.0 137 2 12100 592
 P 1037678 149134 409146 57895075
226531 R 2.0 253 1 2782 593
 P 1039064 149406 409155 57967255
226817 R 4.0 138 2 11388 594
 P 1041573 149678 409166 58041784
227099 R 158.170 98 3 35607 595
 P 1044149 149949 409175 58111615
 P 1045641 149949 409183 58183795
227659 R 2.0 254 1 3270 596
 P 1047188 150220 409192 58255975
227941 R 110.219 114 3 23040 597
 P 1048639 150492 409200 58328155
228222 R 2.0 255 1 3193 598
 P 1049933 150764 409210 58401948
228504 R 110.219 115 3 22900 599
 P 1051320 151036 409218 58472515
228791 R 4.0 139 2 12081 600
 P 1053763 151308 409229 58544695
229066 R 3.0 117 1 12384 601
 P 1054622 151471 409238 58616875
229351 R 2.0 256 1 3682 602
 P 1056169 151743 409247 58689055
229633 R 2.0 257 1 3323 603
 P 1057687 152015 409259 58762880
229914 R 2.0 258 1 2964 604
 P 1058915 152288 409268 58833415
230196 R 2.0 259 1 2607 605
 P 1060303 152559 409277 58905595
230482 R 2.0 260 1 2253 606
 P 1062747 152830 409286 58977775
230758 R 3.0 118 1 12156 607
 P 1063608 152993 409295 59049955
231043 R 2.0 261 1 2174 608
 P 1065223 153265 409305 59123172
231329 R 5.0 140 2 22300 609
 P 1067797 153536 409314 59194315
 P 1069291 153536 409322 59266495
231889 R 110.219 117 3 23505 610
 P 1070839 153808 409332 59338675
232170 R 2.0 262 1 2661 611
 P 1072291 154080 409341 59410855
232449 R 5.0 141 2 22779 612
 P 1073108 154352 409352 59484648
232731 R 3.0 119 1 10289 613
 P 1073858 154624 409361 59555215
233016 R 2.0 263 1 2867 614
 P 1075407 154897 409370 59627395
233298 R 4.0 141 2 12749 615
 P 1076860 155168 409379 59699575
233579 R 2.0 264 1 2790 616
 P 1078089 155439 409388 59771755
233862 R 2.0 265 1 2432 617
 P 1079546 155712 409398 59845580
234148 R 2.0 266 1 2079 618
 P 1081991 155984 409406 59916115
234430 R 3.0 120 1 11348 619
 P 1084564 156255 409415 59988295
234708 R 4.0 142 2 12880 620
 P 1086113 156527 409424 60060475
234990 R 2.0 267 1 2280 621
 P 1087566 156799 409433 60132655
235271 R 2.0 268 1 1922 622
 P 1088862 157071 409444 60205872
235553 R 2.0 269 1 1564 623
 P 1090251 157344 409454 60277015
235833 R 158.170 104 3 35814 624
 P 1090999 157616 409462 60349195
236118 R 2.0 270 1 1489 625
 P 1092549 157887 409471 60421375
236399 R 2.0 271 1 1130 626
 P 1094003 158158 409480 60493555
236680 R 4.0 144 2 12932 627
 P 1095300 158430 409490 60568084
236963 R 2.0 272 1 1054 628
 P 1096690 158702 409498 60637915
237249 R 2.0 273 1 700 629
 P 1099136 158974 409506 60710095
 P 1101708 158974 410717 60782275
237810 R 2.0 274 1 620 630
 P 1103259 159247 410726 60854455
238091 R 2.0 275 1 262 631
 P 1104780 159519 410737 60928632
238377 R 3.0 122 1 10815 632
 P 1107351 159791 410745 60998815
 P 1108851 159791 411686 61070995
238941 R 3.0 123 1 10099 633
 P 1111421 160062 411696 61143175
239219 R 2.0 277 1 110 634
 P 1112920 160225 411705 61215355
239498 R 5.0 144 2 24068 635
 P 1113733 160496 411716 61288028
239783 R 110.219 122 3 24217 636
 P 1115284 160768 411724 61359715
240062 R 3.0 124 1 9300 637
 P 1116030 161040 411732 61431895
240347 R 2.0 278 1 598 638
 P 1117581 161312 411740 61504075
240629 R 2.0 279 1 240 639
 P 1119036 161584 411749 61576255
240908 R 3.0 125 1 9506 640
 P 1119849 161855 411760 61648832
241193 R 4.0 147 2 15524 641
 P 1121400 162127 411769 61720615
 P 1122392 162127 412733 61792795
241757 R 2.0 280 1 728 642
 P 1123944 162399 412742 61864975
242038 R 4.0 148 2 14450 643
 P 1125399 162670 412751 61937155
242320 R 2.0 281 1 650 644
 P 1126699 162942 412762 62011556
242602 R 2.0 282 1 293 645
 P 1128091 163214 412770 62081515
242889 R 5.0 147 2 23620 646
 P 1130660 163485 412779 62153695
243167 R 3.0 127 1 8565 647
 P 1132396 163756 412788 62225875
243449 R 2.0 283 1 499 648
 P 1133948 164028 412797 62298055
243730 R 2.0 284 1 141 649
 P 1135471 164300 412808 62372616
244016 R 3.0 128 1 8134 650
 P 1138039 164572 412816 62442415
 P 1139271 164572 414027 62514595
244580 R 5.0 149 2 20190 651
 P 1141839 164843 414036 62586775
244862 R 4.0 150 2 14074 652
 P 1144288 165114 414045 62658955
245144 R 3.0 129 1 6702 653
 P 1146922 165385 414056 62732524
245422 R 2.0 286 1 553 654
 P 1148475 165658 414064 62803315
245704 R 2.0 287 1 195 655
 P 1149932 165930 414072 62875495
245990 R 3.0 130 1 6908 656
 P 1152499 166202 414080 62947675
246269 R 3.0 131 1 6547 657
 P 1154234 166474 414088 63019855
246550 R 2.0 288 1 401 658
 P 1155854 166746 414099 63093840
246832 R 2.0 289 1 43 659
 P 1157311 167018 414108 63164215
247118 R 5.0 151 2 20169 660
 P 1159877 167289 414118 63236395
247397 R 3.0 132 1 6395 661
 P 1161611 167560 414127 63308575
247677 R 2.0 290 1 248 662
 P 1162845 167831 414136 63380755
247957 R 5.0 153 2 18447 663
 P 1163654 168103 414146 63455028
248242 R 4.0 151 2 13613 664
 P 1165208 168375 414154 63525115
248523 R 2.0 291 1 454 665
 P 1166666 168647 414162 63597295
248804 R 2.0 292 1 95 666
 P 1167900 168919 414170 63669475
249084 R 3.0 133 1 6162 667
 P 1168641 169190 414180 63741655
249369 R 2.0 293 1 20 668
 P 1170102 169462 414191 63814552
249656 R 158.170 117 3 32146 669
 P 1172667 169733 414201 63886015
249934 R 3.0 134 1 5732 670
 P 1174400 170006 414209 63958195
250219 R 3.0 135 1 5377 671
 P 1176837 170278 414217 64030375
250497 R 2.0 294 1 508 672
 P 1178392 170549 414226 64102555
250779 R 2.0 295 1 150 673
 P 1179918 170820 414237 64177020
251065 R 5.0 154 2 17716 674
 P 1182482 171091 414247 64246915
 P 1183975 171091 415199 64319095
251622 R 3.0 136 1 5500 675
 P 1184715 171362 415208 64391275
251907 R 2.0 296 1 711 676
 P 1186270 171634 415216 64463455
252189 R 2.0 297 1 280 677
 P 1187796 171906 415226 64536800
252475 R 5.0 155 2 17206 678
 P 1190360 172178 415234 64607815
 P 1191852 172178 416188 64679995
253034 R 2.0 298 1 688 679
 P 1193247 172450 416197 64752175
253314 R 5.0 156 2 16764 680
 P 1193986 172721 416206 64824355
253599 R 2.0 299 1 410 681
 P 1195609 172992 416217 64898500
253881 R 4.0 154 2 14132 682
 P 1197069 173263 416227 64968715
254162 R 2.0 300 1 332 683
 P 1198305 173536 416236 65040895
254449 R 3.0 137 1 7047 684
 P 1200868 173808 416244 65113075
254727 R 3.0 138 1 6685 685
 P 1202599 174079 416253 65185255
255009 R 2.0 301 1 540 686
 P 1204222 174351 416263 65258536
 P 1206545 174351 416611 65329615
255577 R 3.0 139 1 6255 687
 P 1209108 174623 416620 65401795
255855 R 2.0 302 1 926 688
 P 1210665 174896 416629 65473975
256136 R 2.0 303 1 387 689
 P 1212126 175168 416638 65546155
256417 R 2.0 304 1 28 690
 P 1213430 175439 416649 65619468
256697 R 158.170 122 3 31207 691
 P 1214168 175711 416658 65690515
256982 R 4.0 156 2 15314 692
 P 1215725 175983 416667 65762695
257264 R 2.0 305 1 235 693
 P 1217186 176255 416675 65834875
257550 R 3.0 140 1 7588 694
 P 1219747 176527 416684 65907055
 P 1221303 176527 417644 65979760
258110 R 2.0 306 1 598 695
 P 1222701 176800 417653 66051415
258396 R 2.0 307 1 86 696
 P 1225154 177072 417662 66123595
258678 R 5.0 158 2 18288 697
 P 1227715 177343 417671 66195775
258957 R 3.0 141 1 7715 698
 P 1229444 177614 417680 66267955
259238 R 2.0 308 1 289 699
 P 1231069 177885 417691 66341972
259517 R 3.0 142 1 7635 700
 P 1231805 178156 417700 66412315
259802 R 4.0 158 2 14934 701
 P 1233363 178427 417709 66484495
260083 R 2.0 309 1 494 702
 P 1234825 178699 417717 66556675
260365 R 2.0 310 1 135 703
 P 1236064 178972 417725 66628855
 P 1236131 178972 421117 66702520
260927 R 3.0 143 1 8404 704
 P 1236867 179243 421127 66773215
261212 R 2.0 311 1 343 705
 P 1238425 179515 421136 66845395
 P 1239160 179515 422347 66917575
261776 R 4.0 159 2 13706 706
 P 1240719 179788 422355 66989755
262057 R 2.0 312 1 548 707
 P 1242249 180060 422366 67063964
262338 R 2.0 313 1 189 708
 P 1243488 180331 422375 67134115
262618 R 5.0 161 2 19028 709
 P 1244223 180603 422384 67206295
262903 R 2.0 314 1 114 710
 P 1245622 180875 422392 67278475
263189 R 158.170 126 3 31313 711
 P 1248180 181146 422402 67350655
263468 R 3.0 144 1 7746 712
 P 1249973 181417 422413 67424768
263749 R 2.0 315 1 320 713
 P 1251532 181689 422421 67495015
264035 R 5.0 163 2 17245 714
 P 1254090 181961 422429 67567195
264313 R 2.0 316 1 244 715
 P 1255553 182233 422438 67639375
264599 R 3.0 145 1 6957 716
 P 1258111 182504 422447 67711555
 P 1259665 182504 423412 67785444
265156 R 3.0 146 1 6234 717
 P 1260398 182775 423422 67855915
265441 R 2.0 317 1 899 718
 P 1261958 183046 423431 67928095
265720 R 5.0 165 2 16370 719
 P 1262691 183317 423439 68000275
266005 R 4.0 160 2 12816 720
 P 1264251 183589 423447 68072455
 P 1265051 183589 424659 68146504
266569 R 2.0 318 1 1220 721
 P 1266611 183861 424667 68216815
 P 1267344 183861 425878 68288995
267133 R 2.0 319 1 1144 722
 P 1268904 184133 425887 68361175
 P 1269636 184133 427098 68433355
267697 R 4.0 161 2 13867 723
 P 1271264 184405 427109 68506412
 P 1271996 184405 428319 68577715
268261 R 2.0 320 1 1631 724
 P 1273557 184676 428329 68649895
268539 R 3.0 149 1 5137 725
 P 1274289 184949 428337 68722075
268821 R 5.0 169 2 13711 726
 P 1275021 185221 428346 68794255
269106 R 4.0 162 2 13997 727
 P 1276649 185494 428356 68867728
 P 1278119 185494 428364 68938615
269670 R 2.0 321 1 2401 728
 P 1279680 185766 428373 69010795
269949 R 3.0 150 1 5907 729
 P 1280411 186037 428381 69082975
270234 R 4.0 163 2 13205 730
 P 1281972 186309 428390 69155155
270516 R 2.0 322 1 2607 731
 P 1283504 186581 428401 69228948
270797 R 110.219 145 3 22733 732
 P 1284746 186852 428410 69299515
271084 R 3.0 151 1 6402 733
 P 1287301 187123 428419 69371695
271362 R 4.0 164 2 11773 734
 P 1288863 187394 428428 69443875
271644 R 2.0 323 1 3094 735
 P 1290330 187667 428436 69516055
 P 1290397 187667 431828 69589880
272208 R 2.0 324 1 3019 736
 P 1291959 187939 431836 69660415
 P 1293370 187939 431845 69732595
272772 R 2.0 325 1 2943 737
 P 1294932 188211 431854 69804775
273053 R 2.0 326 1 2584 738
 P 1296398 188484 431863 69876955
273334 R 2.0 327 1 2225 739
 P 1297707 188756 431874 69950748
 P 1298436 188756 433085 70021315
273900 R 2.0 328 1 2150 740
 P 1300000 189028 433094 70093495
274178 R 3.0 153 1 15868 741
 P 1300729 189300 433102 70165675
274463 R 2.0 329 1 2074 742
 P 1302196 189572 433110 70237855
274742 R 5.0 171 2 17713 743
 P 1302992 189844 433121 70311680
275032 R 5.0 172 2 17363 744
 P 1305705 190115 433130 70382215
 P 1307172 190115 434340 70454395
275591 R 2.0 330 1 2562 745
 P 1308735 190387 434349 70526575
275873 R 110.219 149 3 22827 746
 P 1310202 190659 434358 70598755
276152 R 5.0 173 2 17202 747
 P 1310997 190931 434368 70671972
276437 R 2.0 331 1 2768 748
 P 1312561 191203 434377 70743115
276719 R 110.219 150 3 22845 749
 P 1314029 191474 434386 70815295
277005 R 5.0 174 2 17415 750
 P 1316581 191745 434395 70887475
277283 R 2.0 332 1 2974 751
 P 1318145 192017 434403 70959655
277565 R 4.0 166 2 12215 752
 P 1319680 192289 434413 71034184
277846 R 2.0 333 1 2896 753
 P 1320924 192561 434421 71104015
278128 R 4.0 167 2 11499 754
 P 1322328 192833 434429 71176195
278414 R 2.0 334 1 2825 755
 P 1324788 193106 434438 71248375
278690 R 158.170 137 3 29699 756
 P 1325664 193229 434447 71320555
278975 R 2.0 335 1 2746 757
 P 1327295 193501 434458 71394732
279253 R 3.0 154 1 10091 758
 P 1328022 193772 434467 71464915
279539 R 2.0 336 1 2669 759
 P 1329587 194043 434476 71537095
279820 R 2.0 337 1 2311 760
 P 1331056 194314 434485 71609275
280101 R 2.0 338 1 1952 761
 P 1332301 194585 434494 71681455
280384 R 4.0 169 2 12475 762
 P 1333773 194857 434504 71754128
280670 R 2.0 339 1 1881 763
 P 1336234 195129 434512 71825815
280952 R 5.0 175 2 19442 764
 P 1338873 195311 434521 71897995
281230 R 110.219 152 3 24421 765
 P 1340438 195584 434530 71970175
281512 R 2.0 340 1 2083 766
 P 1341907 195856 434539 72042355
281793 R 2.0 341 1 1724 767
 P 1343219 196128 434550 72114932
282073 R 5.0 176 2 19924 768
 P 1343944 196399 434558 72186715
282358 R 2.0 342 1 1649 769
 P 1345510 196671 434567 72258895
282640 R 2.0 343 1 1291 770
 P 1346980 196942 434576 72331075
282921 R 2.0 344 1 932 771
 P 1348226 197213 434585 72403255
283203 R 4.0 171 2 12734 772
 P 1349699 197486 434595 72477656
283489 R 2.0 345 1 860 773
 P 1352161 197758 434603 72547615
283765 R 3.0 155 1 10763 774
 P 1353039 197875 434612 72619795
284050 R 2.0 346 1 781 775
 P 1354605 198147 434620 72691975
284331 R 4.0 172 2 11941 776
 P 1355851 198419 434629 72764155
284613 R 2.0 347 1 704 777
 P 1357324 198691 434640 72838716
284892 R 3.0 156 1 10611 778
 P 1358048 198962 434649 72908515
285177 R 4.0 173 2 11508 779
 P 1359519 199235 434658 72980695
285458 R 2.0 348 1 909 780
 P 1360766 199508 434667 73052875
285741 R 4.0 174 2 11432 781
 P 1362173 199779 434676 73125055
286027 R 110.219 156 3 23408 782
 P 1364703 200051 434686 73198624
286309 R 3.0 157 1 11387 783
 P 1367343 200230 434694 73269415
286587 R 2.0 349 1 1398 784
 P 1368910 200502 434702 73341595
286869 R 2.0 350 1 1040 785
 P 1370381 200774 434710 73413775
 P 1372933 200774 434718 73485955
287433 R 2.0 351 1 964 786
 P 1374567 201047 434729 73559748
287712 R 3.0 158 1 12150 787
 P 1375289 201318 434738 73630315
287997 R 2.0 352 1 888 788
 P 1376857 201590 434747 73702495
288279 R 2.0 353 1 530 789
 P 1378328 201861 434756 73774675
288560 R 2.0 354 1 171 790
 P 1379576 202132 434765 73846855
288847 R 3.0 159 1 12645 791
 P 1382189 202403 434776 73920680
289124 R 2.0 355 1 95 792
 P 1383597 202675 434784 73991215
289411 R 5.0 178 2 22781 793
 P 1386142 202946 434794 74063395
289690 R 3.0 160 1 10928 794
 P 1387856 203218 434803 74135575
289971 R 2.0 356 1 301 795
 P 1389329 203491 434812 74207755
290252 R 4.0 177 2 11462 796
 P 1390644 203763 434823 74280972
290532 R 3.0 161 1 11130 797
 P 1391365 204035 434833 74352115
290817 R 2.0 357 1 508 798
 P 1392933 204307 434842 74424295
291095 R 5.0 181 2 22545 799
 P 1393654 204578 434851 74496475
291385 R 3.0 162 1 8783 800
 P 1396359 204850 434860 74568655
 P 1397857 204850 434870 74642448
291945 R 4.0 178 2 12515 801
 P 1399426 205122 434878 74713015
292223 R 3.0 163 1 8341 802
 P 1400146 205393 434886 74785195
292509 R 2.0 358 1 1559 803
 P 1401715 205665 434895 74857375
292787 R 3.0 164 1 7625 804
 P 1402435 205938 434903 74929555
293072 R 4.0 179 2 11723 805
 P 1404071 206211 434914 75003380
293351 R 3.0 165 1 6909 806
 P 1404791 206482 434923 75073915
293636 R 2.0 359 1 2047 807
 P 1406361 206754 434931 75146095
293918 R 110.219 161 3 25302 808
 P 1407835 207026 434940 75218275
294199 R 4.0 180 2 10290 809
 P 1409085 207297 434949 75290455
294482 R 2.0 360 1 2252 810
 P 1410563 207569 434960 75363672
294768 R 4.0 181 2 10218 811
 P 1413029 207841 434968 75434815
295043 R 3.0 166 1 7321 812
 P 1413912 207948 434977 75506995
295328 R 2.0 361 1 2459 813
 P 1415482 208220 434985 75579175
295607 R 3.0 167 1 6605 814
 P 1416200 208491 434994 75651355
295892 R 4.0 182 2 10703 815
 P 1417837 208763 435005 75725884
296171 R 3.0 168 1 6529 816
 P 1418556 209036 435013 75795715
296456 R 2.0 362 1 2947 817
 P 1420126 209308 435022 75867895
296734 R 158.170 147 3 33221 818
 P 1420844 209580 435030 75940075
297020 R 2.0 363 1 2871 819
 P 1422415 209851 435039 76012255
297298 R 5.0 186 2 19789 820
 P 1423200 210122 435050 76086432
297584 R 2.0 364 1 2794 821
 P 1424771 210394 435058 76156615
297862 R 5.0 187 2 18433 822
 P 1425488 210665 435067 76228795
298152 R 3.0 169 1 6590 823
 P 1428189 210937 435075 76300975
298430 R 2.0 365 1 3000 824
 P 1429761 211210 435083 76373155
298711 R 110.219 164 3 25114 825
 P 1431303 211482 435094 76445828
298992 R 2.0 366 1 2923 826
 P 1432554 211754 435103 76517515
299275 R 4.0 183 2 10246 827
 P 1433965 212026 435112 76589695
299554 R 5.0 188 2 18844 828
 P 1434681 212297 435122 76661875
299839 R 2.0 367 1 3130 829
 P 1436253 212569 435131 76734055
300118 R 3.0 170 1 7276 830
 P 1437036 212840 435141 76806632
300403 R 4.0 184 2 10094 831
 P 1438608 213111 435150 76878415
300685 R 4.0 185 2 9736 832
 P 1440084 213383 435158 76950595
300966 R 2.0 368 1 3617 833
 P 1441336 213655 435166 77022775
301248 R 4.0 186 2 9659 834
 P 1442748 213928 435174 77094955
301528 R 3.0 171 1 8046 835
 P 1443530 214199 435186 77169356
301813 R 2.0 369 1 3824 836
 P 1445102 214471 435195 77239315
 P 1446584 214471 435204 77311495
302377 R 2.0 370 1 3748 837
 P 1448157 214743 435212 77383675
302658 R 2.0 371 1 3389 838
 P 1449634 215014 435221 77455855
302940 R 2.0 372 1 3030 839
 P 1450899 215286 435232 77529592
303222 R 2.0 373 1 2673 840
 P 1452379 215557 435243 77601828
303508 R 2.0 374 1 2319 841
 P 1454848 215829 435251 77672395
303790 R 158.170 152 3 32296 842
 P 1457493 215993 435260 77744575
304068 R 2.0 375 1 2239 843
 P 1458970 216265 435268 77816755
304349 R 2.0 376 1 1880 844
 P 1460223 216537 435277 77888935
304629 R 5.0 191 2 18159 845
 P 1461004 216810 435287 77962760
 P 1462522 216810 435296 78033295
305193 R 158.170 154 3 30795 846
 P 1463236 217082 435305 78105475
305478 R 2.0 377 1 2369 847
 P 1464810 217355 435314 78177655
305757 R 3.0 172 1 8435 848
 P 1465523 217626 435323 78249835
306042 R 2.0 378 1 2293 849
 P 1467164 217897 435334 78323628
306321 R 3.0 173 1 8359 850
 P 1467877 218169 435342 78394195
306606 R 4.0 189 2 13098 851
 P 1469451 218441 435350 78466375
306885 R 5.0 192 2 17215 852
 P 1470164 218713 435358 78538555
307170 R 2.0 379 1 2781 853
 P 1471738 218985 435367 78610735
