369135088 1 47215 R 3.0 1 1 108 1
369883960 1 47311 R 5.0 1 2 232 2
370033370 1 47330 R 7.0 1 3 318 3
371349550 1 47499 R 2.0 1 1 399 4
372081851 1 47592 R 4.0 1 2 424 5
372266420 1 47616 R 6.0 1 3 561 6
375764621 1 48064 R 2.0 2 1 68 7
375902527 1 48081 R 6.0 2 3 131 8
377924670 1 48340 R 3.0 2 1 337 9
378704016 1 48440 R 5.0 2 2 466 10
378865121 1 48461 R 7.0 2 3 550 11
380177426 1 48629 R 4.0 2 2 563 12
382358678 1 48908 R 7.0 3 3 102 13
383083230 1 49001 R 3.0 3 1 101 14
383271614 1 49025 R 5.0 3 2 154 15
384557554 1 49189 R 2.0 3 1 297 16
385313282 1 49286 R 4.0 3 2 324 17
385454835 1 49304 R 6.0 3 3 457 18
391156045 1 50034 R 3.0 4 1 239 19
391896192 1 50129 R 5.0 4 2 362 20
392108042 1 50156 R 7.0 4 3 453 21
393361721 1 50316 R 2.0 4 1 528 22
394094019 1 50410 R 4.0 4 2 552 23
394278685 1 50434 R 6.0 4 3 692 24
397796547 1 50884 R 3.0 5 1 193 25
398513261 1 50976 R 5.0 5 2 313 26
398674363 1 50996 R 7.0 5 3 398 27
399990506 1 51165 R 2.0 5 1 481 28
400727709 1 51259 R 4.0 5 2 505 29
400904406 1 51282 R 6.0 5 3 643 30
404366689 1 51725 R 2.0 6 1 145 31
405122493 1 51822 R 4.0 6 2 173 32
405326498 1 51848 R 6.0 6 3 313 33
406570469 1 52007 R 3.0 6 1 420 34
407302773 1 52101 R 5.0 6 2 542 35
407518599 1 52128 R 7.0 6 3 633 36
410967924 1 52570 R 2.0 7 1 94 37
411176141 1 52596 R 6.0 7 3 165 38
413168004 1 52851 R 3.0 7 1 368 39
413908153 1 52946 R 5.0 7 2 492 40
414120036 1 52973 R 7.0 7 3 583 41
415372703 1 53134 R 4.0 7 2 588 42
417605609 1 53419 R 3.0 8 1 40 43
418322461 1 53511 R 5.0 8 2 161 44
418546028 1 53540 R 7.0 8 3 253 45
419799709 1 53700 R 2.0 8 1 328 46
420539816 1 53795 R 4.0 8 2 353 47
420720419 1 53818 R 6.0 8 3 492 48
424179641 1 54261 R 7.0 9 3 79 49
426408963 1 54546 R 2.0 9 1 278 50
427125635 1 54638 R 4.0 9 2 300 51
427317990 1 54663 R 6.0 9 3 440 52
428638167 1 54832 R 3.0 9 1 556 53
428826548 1 54856 R 5.0 9 2 609 54
433014481 1 55392 R 2.0 10 1 228 55
433739004 1 55484 R 4.0 10 2 251 56
433958733 1 55513 R 6.0 10 3 395 57
435233891 1 55676 R 3.0 10 1 505 58
435935005 1 55766 R 5.0 10 2 622 59
436166389 1 55795 R 7.0 10 3 718 60
439644299 1 56240 R 3.0 11 1 173 61
440353148 1 56331 R 5.0 11 2 293 62
440518192 1 56352 R 7.0 11 3 378 63
441811844 1 56518 R 2.0 11 1 458 64
442552052 1 56613 R 4.0 11 2 483 65
442732594 1 56636 R 6.0 11 3 620 66
446254581 1 57086 R 3.0 12 1 123 67
446979039 1 57179 R 5.0 12 2 244 68
447167484 1 57203 R 7.0 12 3 333 69
448421097 1 57364 R 2.0 12 1 408 70
449200340 1 57463 R 4.0 12 2 439 71
449330162 1 57480 R 6.0 12 3 569 72
452840191 1 57929 R 3.0 13 1 70 73
453603890 1 58027 R 5.0 13 2 197 74
453772797 1 58049 R 7.0 13 3 283 75
455026475 1 58209 R 2.0 13 1 357 76
455750964 1 58302 R 4.0 13 2 380 77
455970665 1 58330 R 6.0 13 3 522 78
459426984 1 58773 R 5.0 14 2 46 79
460206337 1 58872 R 3.0 14 1 117 80
460367400 1 58893 R 7.0 14 3 232 81
461643511 1 59056 R 2.0 14 1 308 82
462407092 1 59154 R 4.0 14 2 336 83
462544762 1 59172 R 6.0 14 3 468 84
466060584 1 59622 R 7.0 15 3 64 85
468287921 1 59907 R 2.0 15 1 263 86
468996819 1 59997 R 4.0 15 2 284 87
469193103 1 60023 R 6.0 15 3 425 88
470464391 1 60185 R 3.0 15 1 534 89
470680148 1 60213 R 5.0 15 2 591 90
474850299 1 60747 R 2.0 16 1 207 91
475598256 1 60842 R 4.0 16 2 233 92
475806230 1 60869 R 6.0 16 3 375 93
477063845 1 61030 R 3.0 16 1 483 94
477832280 1 61128 R 5.0 16 2 610 95
477977756 1 61147 R 7.0 16 3 693 96
481502631 1 61598 R 3.0 17 1 155 97
482195831 1 61687 R 5.0 17 2 273 98
482368652 1 61709 R 7.0 17 3 360 99
483655679 1 61874 R 2.0 17 1 438 100
484419296 1 61971 R 4.0 17 2 466 101
484619431 1 61997 R 6.0 17 3 607 102
488073025 1 62439 R 3.0 18 1 100 103
488805292 1 62533 R 5.0 18 2 222 104
489021147 1 62561 R 7.0 18 3 315 105
490304970 1 62725 R 2.0 18 1 393 106
491021680 1 62817 R 4.0 18 2 415 107
491214013 1 62841 R 6.0 18 3 554 108
494670318 1 63284 R 3.0 19 1 48 109
495410653 1 63378 R 5.0 19 2 172 110
495622588 1 63406 R 7.0 19 3 264 111
496910322 1 63570 R 2.0 19 1 343 112
497634843 1 63663 R 4.0 19 2 365 113
497792037 1 63683 R 6.0 19 3 500 114
501310818 1 64134 R 7.0 20 3 96 115
503527415 1 64417 R 2.0 20 1 294 116
504228433 1 64507 R 4.0 20 2 313 117
504428596 1 64533 R 6.0 20 3 455 118
505698999 1 64695 R 3.0 20 1 564 119
505922568 1 64724 R 5.0 20 2 621 120
510084954 1 65257 R 3.0 21 1 229 121
510879819 1 65358 R 5.0 21 2 360 122
511033042 1 65378 R 7.0 21 3 445 123
512312051 1 65542 R 2.0 21 1 522 124
513083508 1 65641 R 4.0 21 2 551 125
513217169 1 65658 R 6.0 21 3 684 126
516734169 1 66108 R 2.0 22 1 192 127
517482159 1 66204 R 4.0 22 2 218 128
517627608 1 66222 R 6.0 22 3 351 129
518905756 1 66386 R 3.0 22 1 462 130
519653838 1 66482 R 5.0 22 2 587 131
519861755 1 66508 R 7.0 22 3 678 132
523336587 1 66953 R 2.0 23 1 141 133
523497547 1 66974 R 4.0 23 2 92 134
525522742 1 67233 R 6.0 23 3 465 135
527729584 1 67515 R 3.0 23 1 696 136
528485283 1 67612 R 5.0 23 2 822 137
528658107 1 67634 R 7.0 23 3 909 138
529923202 1 67796 R 2.0 24 1 88 139
530139169 1 67824 R 6.0 24 3 161 140
532159492 1 68082 R 3.0 24 1 367 141
532891777 1 68176 R 5.0 24 2 490 142
533045106 1 68196 R 7.0 24 3 573 143
534320109 1 68359 R 4.0 24 2 582 144
536543188 1 68643 R 2.0 25 1 40 145
538759839 1 68927 R 4.0 25 2 254 146
540979338 1 69211 R 3.0 25 1 600 147
541688165 1 69302 R 5.0 25 2 720 148
541884423 1 69327 R 7.0 25 3 809 149
543135992 1 69487 R 7.0 26 3 73 150
545367313 1 69773 R 6.0 25 3 1215 151
546122910 1 69870 R 2.0 26 1 370 152
546295664 1 69892 R 4.0 26 2 322 153
547534748 1 70050 R 6.0 26 3 596 154
549790343 1 70339 R 3.0 26 1 832 155
549978823 1 70363 R 5.0 26 2 885 156
551992961 1 70621 R 2.0 27 1 225 157
552701824 1 70712 R 4.0 27 2 247 158
552898083 1 70737 R 6.0 27 3 387 159
554183194 1 70901 R 3.0 27 1 498 160
554884214 1 70991 R 5.0 27 2 617 161
555115628 1 71021 R 7.0 27 3 710 162
558593559 1 71466 R 3.0 28 1 167 163
559302491 1 71557 R 5.0 28 2 286 164
559467435 1 71578 R 7.0 28 3 372 165
560758095 1 71743 R 2.0 28 1 451 166
561506058 1 71839 R 4.0 28 2 477 167
561714013 1 71865 R 6.0 28 3 618 168
565187190 1 72310 R 3.0 29 1 115 169
565935176 1 72406 R 5.0 29 2 239 170
566111837 1 72428 R 7.0 29 3 326 171
567379068 1 72590 R 2.0 29 1 403 172
568134838 1 72687 R 4.0 29 2 429 173
568307661 1 72709 R 6.0 29 3 566 174
571776740 1 73153 R 3.0 30 1 62 175
572532648 1 73250 R 5.0 30 2 187 176
572736757 1 73276 R 7.0 30 3 279 177
574011796 1 73439 R 2.0 30 1 356 178
574744063 1 73533 R 4.0 30 2 379 179
574897353 1 73553 R 6.0 30 3 513 180
578378388 1 73998 R 7.0 31 3 105 181
579110651 1 74092 R 3.0 31 1 105 182
579295194 1 74116 R 5.0 31 2 156 183
580609293 1 74284 R 2.0 31 1 304 184
581349472 1 74379 R 4.0 31 2 330 185
581498791 1 74398 R 6.0 31 3 463 186
585006930 1 74847 R 7.0 32 3 57 187
587187299 1 75126 R 2.0 32 1 250 188
587966536 1 75226 R 4.0 32 2 281 189
588127609 1 75246 R 6.0 32 3 415 190
589418539 1 75411 R 3.0 32 1 528 191
589599214 1 75435 R 5.0 32 2 579 192
593819151 1 75975 R 3.0 33 1 195 193
594535893 1 76066 R 5.0 33 2 316 194
594728177 1 76091 R 7.0 33 3 405 195
596026679 1 76257 R 2.0 33 1 485 196
596751174 1 76350 R 4.0 33 2 509 197
596939624 1 76374 R 6.0 33 3 647 198
600409740 1 76818 R 2.0 34 1 150 199
600602054 1 76843 R 4.0 34 2 106 200
602627150 1 77102 R 6.0 34 3 480 201
604830047 1 77384 R 3.0 34 1 709 202
605554500 1 77477 R 5.0 34 2 831 203
605774197 1 77505 R 7.0 34 3 923 204
607041386 1 77667 R 3.0 35 1 96 205
607742611 1 77757 R 5.0 35 2 215 206
607942871 1 77783 R 7.0 35 3 305 207
609225628 1 77947 R 2.0 35 1 383 208
609997024 1 78045 R 4.0 35 2 412 209
610162065 1 78067 R 6.0 35 3 549 210
613623262 1 78510 R 3.0 36 1 42 211
614394830 1 78608 R 5.0 36 2 169 212
614591188 1 78633 R 7.0 36 3 260 213
615819257 1 78791 R 2.0 36 1 331 214
616567215 1 78886 R 4.0 36 2 357 215
616743969 1 78909 R 6.0 36 3 495 216
620248144 1 79358 R 7.0 37 3 86 217
622471513 1 79642 R 2.0 37 1 286 218
623164718 1 79731 R 4.0 37 2 305 219
623368849 1 79757 R 6.0 37 3 446 220
624667575 1 79923 R 3.0 37 1 560 221
624813019 1 79942 R 5.0 37 2 608 222
629072950 1 80487 R 2.0 38 1 235 223
629805217 1 80581 R 4.0 38 2 260 224
629989823 1 80605 R 6.0 38 3 397 225
631274837 1 80769 R 3.0 38 1 510 226
632030575 1 80866 R 5.0 38 2 635 227
632203393 1 80888 R 7.0 38 3 723 228
635642268 1 81328 R 3.0 39 1 173 229
636437072 1 81430 R 5.0 39 2 304 230
636590359 1 81449 R 7.0 39 3 387 231
637904496 1 81618 R 2.0 39 1 470 232
638582108 1 81704 R 4.0 39 2 488 233
638762744 1 81727 R 6.0 39 3 625 234
642302363 1 82181 R 3.0 40 1 129 235
643042447 1 82275 R 5.0 40 2 253 236
643191795 1 82294 R 7.0 40 3 336 237
644513740 1 82464 R 2.0 40 1 420 238
645230421 1 82555 R 4.0 40 2 441 239
645422736 1 82580 R 6.0 40 3 581 240
648880194 1 83023 R 3.0 41 1 75 241
649064876 1 83046 R 5.0 41 2 127 242
651119054 1 83309 R 2.0 41 1 369 243
651843543 1 83402 R 4.0 41 2 393 244
652000738 1 83422 R 6.0 41 3 528 245
653308316 1 83589 R 7.0 41 3 736 246
655516690 1 83872 R 3.0 42 1 29 247
655697358 1 83895 R 5.0 42 2 81 248
657673657 1 84148 R 2.0 42 1 312 249
658437171 1 84246 R 4.0 42 2 340 250
658637370 1 84271 R 6.0 42 3 481 251
659917572 1 84435 R 7.0 42 3 759 252
662102509 1 84715 R 7.0 43 3 70 253
664318095 1 84999 R 2.0 43 1 267 254
665026928 1 85089 R 4.0 43 2 288 255
665223155 1 85114 R 6.0 43 3 429 256
666537528 1 85283 R 3.0 43 1 543 257
666706446 1 85304 R 5.0 43 2 593 258
670942971 1 85847 R 2.0 44 1 219 259
671628335 1 85934 R 4.0 44 2 236 260
671836313 1 85961 R 6.0 44 3 378 261
673121393 1 86125 R 3.0 44 1 490 262
673830293 1 86216 R 5.0 44 2 610 263
674057765 1 86245 R 7.0 44 3 703 264
677512288 1 86687 R 3.0 45 1 156 265
678260243 1 86783 R 5.0 45 2 281 266
678436913 1 86806 R 7.0 45 3 368 267
679704172 1 86968 R 2.0 45 1 444 268
680459878 1 87065 R 4.0 45 2 472 269
680632700 1 87087 R 6.0 45 3 608 270
684164484 1 87539 R 3.0 46 1 112 271
684857722 1 87628 R 5.0 46 2 228 272
685061795 1 87654 R 7.0 46 3 318 273
686336835 1 87817 R 2.0 46 1 397 274
687069135 1 87911 R 4.0 46 2 421 275
687284960 1 87938 R 6.0 46 3 563 276
690765716 1 88384 R 3.0 47 1 61 277
691498258 1 88478 R 5.0 47 2 183 278
691682764 1 88501 R 7.0 47 3 271 279
692934399 1 88661 R 2.0 47 1 346 280
693674514 1 88756 R 4.0 47 2 371 281
693886399 1 88783 R 6.0 47 3 512 282
697332037 1 89224 R 7.0 48 3 97 283
698072356 1 89319 R 3.0 48 1 100 284
698252991 1 89342 R 5.0 48 2 151 285
699574909 1 89511 R 2.0 48 1 300 286
700291538 1 89603 R 4.0 48 2 322 287
700452642 1 89624 R 6.0 48 3 456 288
706148966 1 90353 R 2.0 49 1 245 289
706873452 1 90446 R 4.0 49 2 269 290
707061899 1 90470 R 6.0 49 3 407 291
708346994 1 90634 R 3.0 49 1 519 292
709126155 1 90734 R 5.0 49 2 648 293
709256047 1 90751 R 7.0 49 3 728 294
712797280 1 91204 R 2.0 50 1 200 295
713498332 1 91294 R 4.0 50 2 220 296
713667285 1 91315 R 6.0 50 3 356 297
714952329 1 91480 R 3.0 50 1 468 298
715676883 1 91572 R 5.0 50 2 589 299
715896546 1 91601 R 7.0 50 3 683 300
719366634 1 92045 R 3.0 51 1 137 301
720130284 1 92142 R 5.0 51 2 264 302
720267882 1 92160 R 7.0 51 3 346 303
721550734 1 92324 R 2.0 51 1 424 304
722322095 1 92423 R 4.0 51 2 454 305
722487108 1 92444 R 6.0 51 3 588 306
726010849 1 92895 R 3.0 52 1 92 307
726719905 1 92986 R 5.0 52 2 211 308
726916200 1 93011 R 7.0 52 3 302 309
728206845 1 93176 R 2.0 52 1 380 310
728892287 1 93264 R 4.0 52 2 398 311
729131484 1 93295 R 6.0 52 3 544 312
732573252 1 93735 R 3.0 53 1 36 313
733321347 1 93831 R 5.0 53 2 161 314
733529359 1 93858 R 7.0 53 3 252 315
734796553 1 94020 R 2.0 53 1 328 316
735552354 1 94117 R 4.0 53 2 355 317
735693861 1 94135 R 6.0 53 3 488 318
739194188 1 94583 R 7.0 54 3 80 319
741397990 1 94865 R 2.0 54 1 277 320
742130358 1 94959 R 4.0 54 2 301 321
742314866 1 94982 R 6.0 54 3 439 322
743621399 1 95149 R 3.0 54 1 554 323
743794316 1 95171 R 5.0 54 2 605 324
748026778 1 95713 R 2.0 55 1 229 325
748766920 1 95808 R 4.0 55 2 254 326
748947561 1 95831 R 6.0 55 3 392 327
750232640 1 95996 R 3.0 55 1 504 328
750964932 1 96089 R 5.0 55 2 627 329
751118188 1 96109 R 7.0 55 3 712 330
754627391 1 96558 R 3.0 56 1 171 331
755367487 1 96653 R 5.0 56 2 294 332
755516870 1 96672 R 7.0 56 3 378 333
756838819 1 96841 R 2.0 56 1 461 334
757555461 1 96933 R 4.0 56 2 484 335
757747882 1 96958 R 6.0 56 3 623 336
761205411 1 97400 R 3.0 57 1 117 337
761984553 1 97500 R 5.0 57 2 245 338
762145751 1 97520 R 7.0 57 3 331 339
763444130 1 97687 R 2.0 57 1 411 340
764168654 1 97779 R 4.0 57 2 434 341
764325881 1 97800 R 6.0 57 3 570 342
767841803 1 98250 R 3.0 58 1 70 343
768022608 1 98273 R 5.0 58 2 121 344
770061200 1 98534 R 2.0 58 1 362 345
770762249 1 98623 R 4.0 58 2 382 346
770962443 1 98649 R 6.0 58 3 522 347
772242611 1 98813 R 7.0 58 3 728 348
774427620 1 99093 R 5.0 59 2 46 349
775191381 1 99190 R 3.0 59 1 115 350
775360255 1 99212 R 7.0 59 3 230 351
776643110 1 99376 R 2.0 59 1 308 352
777414472 1 99475 R 4.0 59 2 337 353
777548261 1 99492 R 6.0 59 3 469 354
781040773 1 99939 R 7.0 60 3 62 355
783268192 1 100224 R 2.0 60 1 260 356
784016117 1 100320 R 4.0 60 2 287 357
784161661 1 100338 R 6.0 60 3 420 358
785483785 1 100508 R 3.0 60 1 536 359
785648794 1 100529 R 5.0 60 2 587 360
789889166 1 101072 R 2.0 61 1 212 361
790582403 1 101160 R 4.0 61 2 232 362
790755289 1 101182 R 6.0 61 3 369 363
792040302 1 101347 R 3.0 61 1 480 364
792788230 1 101443 R 5.0 61 2 604 365
792964987 1 101465 R 7.0 61 3 691 366
796489866 1 101916 R 3.0 62 1 153 367
797183006 1 102005 R 5.0 62 2 271 368
797387077 1 102031 R 7.0 62 3 360 369
798662184 1 102195 R 2.0 62 1 439 370
799394452 1 102288 R 4.0 62 2 462 371
799610211 1 102316 R 6.0 62 3 604 372
803091296 1 102761 R 3.0 63 1 102 373
803823537 1 102855 R 5.0 63 2 225 374
804008045 1 102879 R 7.0 63 3 314 375
805259704 1 103039 R 2.0 63 1 387 376
805999758 1 103134 R 4.0 63 2 412 377
806211642 1 103161 R 6.0 63 3 555 378
809719781 1 103610 R 3.0 64 1 55 379
810397598 1 103697 R 5.0 64 2 169 380
810578233 1 103720 R 7.0 64 3 258 381
811900179 1 103889 R 2.0 64 1 341 382
812616825 1 103981 R 4.0 64 2 364 383
812840422 1 104009 R 6.0 64 3 507 384
816329033 1 104456 R 7.0 65 3 98 385
818474310 1 104731 R 2.0 65 1 287 386
819261309 1 104831 R 4.0 65 2 318 387
819449678 1 104855 R 6.0 65 3 458 388
820717214 1 105018 R 3.0 65 1 566 389
820909567 1 105042 R 5.0 65 2 619 390
825122628 1 105581 R 2.0 66 1 242 391
825823627 1 105671 R 4.0 66 2 262 392
826055024 1 105701 R 6.0 66 3 406 393
827340132 1 105865 R 3.0 66 1 518 394
828064631 1 105958 R 5.0 66 2 639 395
828221825 1 105978 R 7.0 66 3 725 396
831735750 1 106428 R 2.0 67 1 192 397
832444584 1 106519 R 4.0 67 2 214 398
832609592 1 106540 R 6.0 67 3 349 399
833894673 1 106704 R 3.0 67 1 461 400
834658255 1 106802 R 5.0 67 2 588 401
834858384 1 106828 R 7.0 67 3 676 402
838336321 1 107273 R 3.0 68 1 134 403
839045218 1 107364 R 5.0 68 2 253 404
839241441 1 107389 R 7.0 68 3 343 405
840532106 1 107554 R 2.0 68 1 422 406
841280030 1 107650 R 4.0 68 2 448 407
841456794 1 107672 R 6.0 68 3 585 408
844960990 1 108121 R 3.0 69 1 86 409
845646687 1 108209 R 5.0 69 2 201 410
845854637 1 108235 R 7.0 69 3 294 411
847121865 1 108397 R 2.0 69 1 370 412
847877567 1 108494 R 4.0 69 2 396 413
848081674 1 108520 R 6.0 69 3 537 414
851519467 1 108960 R 3.0 70 1 29 415
852275444 1 109057 R 5.0 70 2 155 416
852448264 1 109079 R 7.0 70 3 242 417
853723300 1 109242 R 2.0 70 1 319 418
854455588 1 109336 R 4.0 70 2 343 419
854640109 1 109360 R 6.0 70 3 481 420
858152191 1 109809 R 7.0 71 3 75 421
860352053 1 110091 R 2.0 71 1 271 422
861092203 1 110186 R 4.0 71 2 296 423
861272802 1 110209 R 6.0 71 3 434 424
862555930 1 110373 R 3.0 71 1 546 425
862771751 1 110401 R 5.0 71 2 601 426
866961308 1 110937 R 2.0 72 1 221 427
867678020 1 111029 R 4.0 72 2 244 428
867870371 1 111053 R 6.0 72 3 382 429
869155416 1 111218 R 3.0 72 1 494 430
869895599 1 111312 R 5.0 72 2 618 431
870107482 1 111340 R 7.0 72 3 709 432
873593161 1 111786 R 3.0 73 1 166 433
874309904 1 111877 R 5.0 73 2 286 434
874470976 1 111898 R 7.0 73 3 373 435
875769448 1 112064 R 2.0 73 1 452 436
876493969 1 112157 R 4.0 73 2 475 437
876713634 1 112185 R 6.0 73 3 618 438
880167293 1 112627 R 3.0 74 1 112 439
880891742 1 112720 R 5.0 74 2 234 440
881080221 1 112744 R 7.0 74 3 322 441
882386511 1 112911 R 2.0 74 1 403 442
883087557 1 113001 R 4.0 74 2 423 443
883287693 1 113027 R 6.0 74 3 564 444
886815367 1 113478 R 3.0 75 1 67 445
887516622 1 113568 R 5.0 75 2 185 446
887685604 1 113590 R 7.0 75 3 272 447
888968389 1 113754 R 2.0 75 1 350 448
889739816 1 113852 R 4.0 75 2 379 449
889936011 1 113878 R 6.0 75 3 520 450
893366231 1 114317 R 7.0 76 3 103 451
894137658 1 114415 R 3.0 76 1 108 452
894302668 1 114437 R 5.0 76 2 158 453
895593267 1 114602 R 2.0 76 1 302 454
896341257 1 114697 R 4.0 76 2 328 455
896486707 1 114716 R 6.0 76 3 461 456
900022156 1 115169 R 7.0 77 3 59 457
902214251 1 115449 R 2.0 77 1 253 458
902970005 1 115546 R 4.0 77 2 281 459
903142830 1 115568 R 6.0 77 3 417 460
904379051 1 115726 R 3.0 77 1 523 461
904618279 1 115757 R 5.0 77 2 583 462
908784463 1 116290 R 2.0 78 1 198 463
909579231 1 116392 R 4.0 78 2 230 464
909732583 1 116412 R 6.0 78 3 365 465
911017634 1 116576 R 3.0 78 1 477 466
911773337 1 116673 R 5.0 78 2 602 467
911914906 1 116691 R 7.0 78 3 686 468
915416315 1 117139 R 3.0 79 1 144 469
916148582 1 117233 R 5.0 79 2 266 470
916333187 1 117256 R 7.0 79 3 355 471
917647225 1 117425 R 2.0 79 1 437 472
918387362 1 117519 R 4.0 79 2 462 473
918536789 1 117539 R 6.0 79 3 596 474
922044922 1 117988 R 3.0 80 1 96 475
922785210 1 118082 R 5.0 80 2 219 476
922965876 1 118105 R 7.0 80 3 308 477
924225226 1 118267 R 2.0 80 1 383 478
924941905 1 118358 R 4.0 80 2 405 479
925165534 1 118387 R 6.0 80 3 547 480
928654173 1 118834 R 3.0 81 1 46 481
929371023 1 118925 R 5.0 81 2 167 482
929563344 1 118950 R 7.0 81 3 257 483
930861837 1 119116 R 2.0 81 1 336 484
931586305 1 119209 R 4.0 81 2 360 485
931774783 1 119233 R 6.0 81 3 498 486
935259457 1 119679 R 7.0 82 3 90 487
937447674 1 119959 R 2.0 82 1 283 488
938211185 1 120057 R 4.0 82 2 312 489
938380134 1 120078 R 6.0 82 3 449 490
939655415 1 120242 R 3.0 82 1 558 491
939812612 1 120262 R 5.0 82 2 607 492
944060824 1 120806 R 2.0 83 1 234 493
944217989 1 120826 R 4.0 83 2 184 494
946282110 1 121090 R 6.0 83 3 563 495
948485009 1 121372 R 3.0 83 1 793 496
949186058 1 121462 R 5.0 83 2 911 497
949386462 1 121487 R 7.0 83 3 1002 498
950661458 1 121650 R 3.0 84 1 175 499
951432764 1 121749 R 5.0 84 2 303 500
951566549 1 121766 R 7.0 84 3 384 501
952857245 1 121932 R 2.0 84 1 464 502
953605141 1 122027 R 4.0 84 2 489 503
953781836 1 122050 R 6.0 84 3 626 504
957286338 1 122498 R 3.0 85 1 127 505
958034235 1 122594 R 5.0 85 2 252 506
958179678 1 122613 R 7.0 85 3 335 507
959509436 1 122783 R 2.0 85 1 419 508
960202645 1 122872 R 4.0 85 2 439 509
960406711 1 122898 R 6.0 85 3 580 510
963907040 1 123346 R 3.0 86 1 79 511
964600484 1 123435 R 5.0 86 2 195 512
964773305 1 123457 R 7.0 86 3 282 513
966110873 1 123628 R 2.0 86 1 368 514
966843146 1 123722 R 4.0 86 2 392 515
967027702 1 123745 R 6.0 86 3 530 516
970477227 1 124187 R 3.0 87 1 24 517
971209735 1 124281 R 5.0 87 2 146 518
971425562 1 124308 R 7.0 87 3 238 519
972677195 1 124468 R 2.0 87 1 313 520
973417274 1 124563 R 4.0 87 2 337 521
973597875 1 124586 R 6.0 87 3 477 522
977074798 1 125031 R 7.0 88 3 66 523
979286416 1 125314 R 2.0 88 1 263 524
980065576 1 125414 R 4.0 88 2 292 525
980195411 1 125431 R 6.0 88 3 424 526
981486384 1 125596 R 3.0 88 1 537 527
981698266 1 125623 R 5.0 88 2 592 528
985918253 1 126163 R 3.0 89 1 208 529
986634943 1 126255 R 5.0 89 2 328 530
986858511 1 126284 R 7.0 89 3 421 531
988094485 1 126442 R 2.0 89 1 494 532
988818978 1 126535 R 4.0 89 2 518 533
989038670 1 126563 R 6.0 89 3 661 534
992492333 1 127005 R 3.0 90 1 154 535
993279416 1 127106 R 5.0 90 2 283 536
993467766 1 127130 R 7.0 90 3 372 537
994711554 1 127289 R 2.0 90 1 445 538
995475106 1 127387 R 4.0 90 2 473 539
995612804 1 127404 R 6.0 90 3 604 540
999140647 1 127856 R 3.0 91 1 109 541
999841767 1 127946 R 5.0 91 2 226 542
1000073150 1 127975 R 7.0 91 3 321 543
1001355968 1 128139 R 2.0 91 1 400 544
1002064854 1 128230 R 4.0 91 2 420 545
1002261100 1 128255 R 6.0 91 3 559 546
1005753628 1 128702 R 3.0 92 1 59 547
1006462664 1 128793 R 5.0 92 2 179 548
1006627703 1 128814 R 7.0 92 3 264 549
1007918336 1 128979 R 2.0 92 1 344 550
1008666297 1 129075 R 4.0 92 2 369 551
1008874243 1 129102 R 6.0 92 3 511 552
1012336344 1 129545 R 6.0 93 3 59 553
1012501383 1 129566 R 2.0 93 1 34 554
1014550190 1 129828 R 3.0 93 1 289 555
1015298112 1 129924 R 5.0 93 2 414 556
1015474876 1 129947 R 7.0 93 3 500 557
1016752847 1 130110 R 4.0 93 2 508 558
1021172000 1 130676 R 2.0 94 1 248 559
1021904366 1 130770 R 4.0 94 2 272 560
1022057623 1 130789 R 6.0 94 3 405 561
1023342671 1 130954 R 3.0 94 1 517 562
1024098442 1 131050 R 5.0 94 2 644 563
1024302544 1 131077 R 7.0 94 3 735 564
1027741353 1 131517 R 3.0 95 1 184 565
1028473718 1 131610 R 5.0 95 2 307 566
1028658228 1 131634 R 7.0 95 3 396 567
1029972330 1 131802 R 2.0 95 1 478 568
1030712437 1 131897 R 4.0 95 2 503 569
1030861795 1 131916 R 6.0 95 3 637 570
1034370172 1 132365 R 3.0 96 1 137 571
1035110250 1 132460 R 5.0 96 2 262 572
1035290915 1 132483 R 7.0 96 3 349 573
1036550332 1 132644 R 2.0 96 1 424 574
1037329505 1 132744 R 4.0 96 2 454 575
1037490612 1 132765 R 6.0 96 3 591 576
1040979216 1 133211 R 3.0 97 1 87 577
1041195179 1 133239 R 5.0 97 2 144 578
1043186895 1 133494 R 2.0 97 1 378 579
1043911416 1 133586 R 4.0 97 2 402 580
1044099863 1 133611 R 6.0 97 3 539 581
1045376118 1 133774 R 7.0 97 3 745 582
1047584531 1 134057 R 3.0 98 1 36 583
1048309237 1 134149 R 5.0 98 2 158 584
1048529017 1 134178 R 7.0 98 3 252 585
1049772711 1 134337 R 2.0 98 1 325 586
1050536292 1 134434 R 4.0 98 2 354 587
1050705237 1 134456 R 6.0 98 3 490 588
1054201593 1 134904 R 7.0 99 3 81 589
1056385890 1 135183 R 2.0 99 1 275 590
1057157233 1 135282 R 4.0 99 2 305 591
1057322307 1 135303 R 6.0 99 3 441 592
1058574153 1 135463 R 3.0 99 1 547 593
1058774284 1 135489 R 5.0 99 2 603 594
1062979735 1 136027 R 2.0 100 1 223 595
1063179866 1 136053 R 4.0 100 2 179 596
1065189352 1 136310 R 6.0 100 3 551 597
1067392197 1 136592 R 3.0 100 1 780 598
1068163558 1 136691 R 5.0 100 2 907 599
1068359816 1 136716 R 7.0 100 3 999 600
1069631925 1 136879 R 2.0 101 1 179 601
1070325194 1 136967 R 4.0 101 2 198 602
1070529294 1 136994 R 6.0 101 3 340 603
1071814314 1 137158 R 3.0 101 1 450 604
1072562241 1 137254 R 5.0 101 2 574 605
1072707737 1 137272 R 7.0 101 3 658 606
1076233364 1 137724 R 2.0 102 1 128 607
1076378671 1 137742 R 4.0 102 2 77 608
1078435213 1 138005 R 6.0 102 3 455 609
1080619522 1 138285 R 3.0 102 1 681 610
1081383040 1 138383 R 5.0 102 2 809 611
1081520766 1 138400 R 7.0 102 3 891 612
1082858173 1 138572 R 3.0 103 1 71 613
1083567255 1 138662 R 5.0 103 2 192 614
1083763598 1 138688 R 7.0 103 3 282 615
1085064910 1 138854 R 2.0 103 1 362 616
1085742522 1 138941 R 4.0 103 2 379 617
1085923156 1 138964 R 6.0 103 3 517 618
1089420553 1 139412 R 5.0 104 2 45 619
1090168689 1 139507 R 3.0 104 1 111 620
1090376662 1 139534 R 7.0 104 3 233 621
1091643891 1 139696 R 2.0 104 1 308 622
1092399629 1 139793 R 4.0 104 2 335 623
1092541266 1 139811 R 6.0 104 3 467 624
1096041527 1 140259 R 7.0 105 3 62 625
1098245366 1 140541 R 2.0 105 1 257 626
1098977633 1 140635 R 4.0 105 2 282 627
1099162236 1 140659 R 6.0 105 3 420 628
1100458023 1 140824 R 3.0 105 1 532 629
1100658190 1 140850 R 5.0 105 2 588 630
1104874115 1 141390 R 2.0 106 1 210 631
1105614262 1 141484 R 4.0 106 2 236 632
1105794923 1 141508 R 6.0 106 3 373 633
1107079939 1 141672 R 3.0 106 1 484 634
1109280750 1 141954 R 5.0 106 2 794 635
1111483368 1 142236 R 2.0 107 1 160 636
1112200067 1 142327 R 4.0 107 2 182 637
1112392427 1 142352 R 6.0 107 3 322 638
1113677780 1 142516 R 7.0 106 3 1423 639
1114417620 1 142611 R 3.0 107 1 527 640
1114566969 1 142630 R 5.0 107 2 575 641
1115876324 1 142798 R 7.0 107 3 808 642
1118097671 1 143082 R 3.0 108 1 102 643
1118798690 1 143172 R 5.0 108 2 222 644
1118998857 1 143198 R 7.0 108 3 311 645
1120291468 1 143363 R 2.0 108 1 391 646
1121015956 1 143456 R 4.0 108 2 414 647
1121173155 1 143476 R 6.0 108 3 550 648
1124679339 1 143925 R 3.0 109 1 48 649
1124867994 1 143949 R 5.0 109 2 102 650
1126908567 1 144210 R 2.0 109 1 342 651
1127626186 1 144302 R 4.0 109 2 364 652
1127806884 1 144325 R 6.0 109 3 503 653
1129072401 1 144487 R 7.0 109 3 704 654
1131289569 1 144771 R 7.0 110 3 93 655
1133495296 1 145053 R 2.0 110 1 289 656
1134211975 1 145145 R 4.0 110 2 311 657
1134404391 1 145170 R 6.0 110 3 451 658
1135721697 1 145338 R 3.0 110 1 566 659
1135906212 1 145362 R 5.0 110 2 620 660
1140100646 1 145899 R 2.0 111 1 239 661
1140825167 1 145991 R 4.0 111 2 263 662
1141044891 1 146020 R 6.0 111 3 405 663
1142289900 1 146179 R 3.0 111 1 511 664
1143030014 1 146274 R 5.0 111 2 635 665
1143210645 1 146297 R 7.0 111 3 723 666
1146696392 1 146743 R 3.0 112 1 179 667
1147475570 1 146843 R 5.0 112 2 308 668
1147605457 1 146859 R 7.0 112 3 390 669
1148920508 1 147028 R 2.0 112 1 472 670
1149621523 1 147117 R 4.0 112 2 493 671
1149821690 1 147143 R 6.0 112 3 632 672
1153330097 1 147592 R 3.0 113 1 132 673
1154062359 1 147686 R 5.0 113 2 254 674
1154246900 1 147709 R 7.0 113 3 343 675
1155502393 1 147870 R 2.0 113 1 418 676
1156286473 1 147970 R 4.0 113 2 449 677
1156416357 1 147987 R 6.0 113 3 579 678
1159958735 1 148441 R 3.0 114 1 84 679
1160131667 1 148463 R 5.0 114 2 136 680
1162112612 1 148716 R 2.0 114 1 368 681
1162837061 1 148809 R 4.0 114 2 392 682
1163056825 1 148837 R 6.0 114 3 534 683
1164360456 1 149004 R 7.0 114 3 742 684
1166537616 1 149283 R 3.0 115 1 30 685
1167293563 1 149379 R 5.0 115 2 157 686
1167435229 1 149397 R 7.0 115 3 239 687
1168729646 1 149563 R 2.0 115 1 319 688
1169493193 1 149661 R 4.0 115 2 348 689
1169630926 1 149679 R 6.0 115 3 478 690
1173139095 1 150128 R 7.0 116 3 73 691
1175374052 1 150414 R 2.0 116 1 274 692
1176082952 1 150504 R 4.0 116 2 295 693
1176279298 1 150530 R 6.0 116 3 433 694
1177542868 1 150691 R 3.0 116 1 543 695
1177727376 1 150715 R 5.0 116 2 597 696
1181936432 1 151254 R 2.0 117 1 218 697
1182684370 1 151349 R 4.0 117 2 244 698
1182892365 1 151376 R 6.0 117 3 384 699
1184173585 1 151540 R 3.0 117 1 496 700
1184913686 1 151635 R 5.0 117 2 620 701
1185094319 1 151658 R 7.0 117 3 708 702
1188580097 1 152104 R 3.0 118 1 164 703
1189296738 1 152196 R 5.0 118 2 285 704
1189489092 1 152220 R 7.0 118 3 375 705
1190741608 1 152381 R 2.0 118 1 449 706
1191505196 1 152478 R 4.0 118 2 478 707
1191705391 1 152504 R 6.0 118 3 615 708
1195185509 1 152950 R 3.0 119 1 113 709
1195909935 1 153042 R 5.0 119 2 236 710
1196067112 1 153062 R 7.0 119 3 321 711
1197386055 1 153231 R 2.0 119 1 403 712
1198094884 1 153322 R 4.0 119 2 425 713
1198291208 1 153347 R 6.0 119 3 564 714
1201802361 1 153796 R 3.0 120 1 64 715
1202503556 1 153886 R 5.0 120 2 183 716
1202703690 1 153912 R 7.0 120 3 273 717
1203996279 1 154077 R 2.0 120 1 353 718
1204720797 1 154170 R 4.0 120 2 376 719
1204877963 1 154190 R 6.0 120 3 509 720
1208389296 1 154640 R 7.0 121 3 105 721
1209105960 1 154731 R 3.0 121 1 103 722
1209298293 1 154756 R 5.0 121 2 158 723
1210613374 1 154924 R 2.0 121 1 304 724
1211314425 1 155014 R 4.0 121 2 325 725
1211514525 1 155040 R 6.0 121 3 465 726
1214994440 1 155485 R 7.0 122 3 55 727
1217195219 1 155767 R 2.0 122 1 251 728
1217966647 1 155865 R 4.0 122 2 280 729
1218100341 1 155883 R 6.0 122 3 411 730
1219390365 1 156048 R 3.0 122 1 523 731
1219610063 1 156076 R 5.0 122 2 581 732
1223820098 1 156615 R 2.0 123 1 203 733
1224568091 1 156710 R 4.0 123 2 230 734
1224713501 1 156729 R 6.0 123 3 361 735
1226017195 1 156896 R 3.0 123 1 476 736
1226718246 1 156986 R 5.0 123 2 595 737
1226918411 1 157011 R 7.0 123 3 686 738
1230396442 1 157457 R 3.0 124 1 140 739
1230584791 1 157481 R 5.0 124 2 194 740
1232625276 1 157742 R 2.0 124 1 434 741
1233326391 1 157832 R 4.0 124 2 455 742
1233526516 1 157857 R 6.0 124 3 593 743
1234851668 1 158027 R 7.0 124 3 806 744
1237021117 1 158304 R 3.0 125 1 92 745
1237769183 1 158400 R 5.0 125 2 217 746
1237914628 1 158419 R 7.0 125 3 302 747
1239207216 1 158584 R 2.0 125 1 380 748
1239978613 1 158683 R 4.0 125 2 410 749
1240174845 1 158708 R 6.0 125 3 548 750
1243641992 1 159152 R 3.0 126 1 44 751
1244397934 1 159249 R 5.0 126 2 170 752
1244570758 1 159271 R 7.0 126 3 258 753
1245817450 1 159430 R 2.0 126 1 331 754
1246541938 1 159523 R 4.0 126 2 354 755
1246761634 1 159551 R 6.0 126 3 494 756
1250212185 1 159993 R 7.0 127 3 84 757
1252434475 1 160277 R 2.0 127 1 282 758
1253198060 1 160375 R 4.0 127 2 309 759
1253335689 1 160393 R 6.0 127 3 442 760
1254678448 1 160565 R 3.0 127 1 560 761
1254831773 1 160584 R 5.0 127 2 609 762
1259075211 1 161127 R 3.0 128 1 227 763
1259815326 1 161222 R 5.0 128 2 352 764
1259964709 1 161241 R 7.0 128 3 435 765
1261281645 1 161410 R 2.0 128 1 518 766
1261990572 1 161501 R 4.0 128 2 540 767
1262186766 1 161526 R 6.0 128 3 677 768
1265641261 1 161968 R 2.0 129 1 180 769
1266389222 1 162064 R 4.0 129 2 207 770
1266597165 1 162090 R 6.0 129 3 347 771
1267855963 1 162251 R 3.0 129 1 455 772
1268572652 1 162343 R 5.0 129 2 577 773
1268796219 1 162372 R 7.0 129 3 668 774
1272262255 1 162815 R 2.0 130 1 132 775
1273018010 1 162912 R 4.0 130 2 159 776
1273190816 1 162934 R 6.0 130 3 294 777
1274492540 1 163101 R 3.0 130 1 409 778
1275217097 1 163194 R 5.0 130 2 531 779
1275405470 1 163218 R 7.0 130 3 619 780
1278862729 1 163660 R 3.0 131 1 72 781
1281059631 1 163941 R 2.0 131 1 362 782
1281830992 1 164040 R 4.0 131 2 391 783
1282027250 1 164065 R 6.0 131 3 528 784
1283289896 1 164227 R 5.0 131 2 669 785
1285464543 1 164505 R 7.0 131 3 1012 786
1286196636 1 164599 R 3.0 132 1 115 787
1286381239 1 164623 R 5.0 132 2 168 788
1287684479 1 164789 R 2.0 132 1 314 789
1288432432 1 164885 R 4.0 132 2 340 790
1288577879 1 164904 R 6.0 132 3 472 791
1289912825 1 165075 R 7.0 132 3 684 792
1292082176 1 165352 R 7.0 133 3 66 793
1294305447 1 165637 R 2.0 133 1 265 794
1295061188 1 165734 R 4.0 133 2 293 795
1295234009 1 165756 R 6.0 133 3 429 796
1296501573 1 165918 R 3.0 133 1 538 797
1296678337 1 165941 R 5.0 133 2 590 798
1300875635 1 166478 R 2.0 134 1 210 799
1301114924 1 166508 R 4.0 134 2 172 800
1303108666 1 166764 R 6.0 134 3 541 801
1305342874 1 167050 R 3.0 134 1 773 802
1306036147 1 167138 R 5.0 134 2 891 803
1306240246 1 167165 R 7.0 134 3 983 804
1307538799 1 167331 R 3.0 135 1 158 805
1308271192 1 167424 R 5.0 135 2 282 806
1308455657 1 167448 R 7.0 135 3 371 807
1309738463 1 167612 R 2.0 135 1 448 808
1310478606 1 167707 R 4.0 135 2 473 809
1310627960 1 167726 R 6.0 135 3 607 810
1314105115 1 168171 R 3.0 136 1 103 811
1314845193 1 168266 R 5.0 136 2 227 812
1315025830 1 168289 R 7.0 136 3 315 813
1316316497 1 168454 R 2.0 136 1 394 814
1317033139 1 168546 R 4.0 136 2 416 815
1317256709 1 168575 R 6.0 136 3 560 816
1320714127 1 169017 R 3.0 137 1 53 817
1321493510 1 169117 R 5.0 137 2 183 818
1321623426 1 169134 R 7.0 137 3 264 819
1322950098 1 169303 R 2.0 137 1 348 820
1323682434 1 169397 R 4.0 137 2 371 821
1323835689 1 169417 R 6.0 137 3 506 822
1327319475 1 169863 R 7.0 138 3 97 823
1329547635 1 170148 R 2.0 138 1 296 824
1330287742 1 170243 R 4.0 138 2 321 825
1330437129 1 170262 R 6.0 138 3 455 826
1331715433 1 170425 R 3.0 138 1 565 827
1331935226 1 170453 R 5.0 138 2 622 828
1336125637 1 170990 R 2.0 139 1 242 829
1336904849 1 171090 R 4.0 139 2 273 830
1337065917 1 171110 R 6.0 139 3 407 831
1338342303 1 171274 R 3.0 139 1 517 832
1339105818 1 171371 R 5.0 139 2 644 833
1339243483 1 171389 R 7.0 139 3 728 834
1342762236 1 171839 R 2.0 140 1 196 835
1342936068 1 171862 R 4.0 140 2 149 836
1344992307 1 172125 R 6.0 140 3 525 837
1347189472 1 172406 R 3.0 140 1 754 838
1347898298 1 172497 R 5.0 140 2 874 839
1348094555 1 172522 R 7.0 140 3 964 840
1349356844 1 172683 R 2.0 141 1 144 841
1350096957 1 172778 R 4.0 141 2 168 842
1350308803 1 172805 R 6.0 141 3 310 843
1351591107 1 172969 R 3.0 141 1 421 844
1353799701 1 173252 R 5.0 141 2 733 845
1355966564 1 173529 R 7.0 141 3 1076 846
1356682964 1 173621 R 3.0 142 1 177 847
1356906568 1 173650 R 5.0 142 2 235 848
1358201113 1 173816 R 2.0 142 1 380 849
1358894324 1 173904 R 4.0 142 2 399 850
1359067114 1 173926 R 6.0 142 3 535 851
1360383526 1 174095 R 7.0 142 3 745 852
1362599817 1 174379 R 3.0 143 1 38 853
1363332290 1 174472 R 5.0 143 2 162 854
1363485544 1 174492 R 7.0 143 3 247 855
1364771302 1 174656 R 2.0 143 1 325 856
1365503571 1 174750 R 4.0 143 2 348 857
1365719327 1 174778 R 6.0 143 3 491 858
1369197319 1 175223 R 7.0 144 3 81 859
1371368897 1 175501 R 2.0 144 1 273 860
1372108888 1 175596 R 4.0 144 2 298 861
1372320769 1 175623 R 6.0 144 3 439 862
1373608872 1 175788 R 3.0 144 1 551 863
1373758256 1 175807 R 5.0 144 2 601 864
1378009305 1 176351 R 2.0 145 1 227 865
1378725947 1 176443 R 4.0 145 2 250 866
1378949571 1 176471 R 6.0 145 3 391 867
1380181013 1 176629 R 3.0 145 1 497 868
1380960187 1 176729 R 5.0 145 2 625 869
1381121291 1 176749 R 7.0 145 3 711 870
1384614946 1 177196 R 3.0 146 1 168 871
1384795522 1 177220 R 5.0 146 2 220 872
1386838901 1 177481 R 2.0 146 1 461 873
1387547730 1 177572 R 4.0 146 2 483 874
1387744040 1 177597 R 6.0 146 3 621 875
1389015484 1 177760 R 7.0 146 3 826 876
1391200733 1 178039 R 3.0 147 1 115 877
1391964251 1 178137 R 5.0 147 2 243 878
1392133131 1 178159 R 7.0 147 3 329 879
1393449128 1 178327 R 2.0 147 1 411 880
1394173612 1 178420 R 4.0 147 2 435 881
1394330812 1 178440 R 6.0 147 3 568 882
1397813618 1 178886 R 3.0 148 1 66 883
1398585188 1 178985 R 5.0 148 2 193 884
1398750198 1 179006 R 7.0 148 3 281 885
1400003700 1 179166 R 2.0 148 1 354 886
1400767236 1 179264 R 4.0 148 2 382 887
1400967406 1 179290 R 6.0 148 3 523 888
1404407244 1 179730 R 5.0 149 2 44 889
1405155377 1 179826 R 3.0 149 1 109 890
1405332137 1 179848 R 7.0 149 3 227 891
1406648068 1 180017 R 2.0 149 1 309 892
1407356965 1 180107 R 4.0 149 2 331 893
1407553226 1 180133 R 6.0 149 3 470 894
1411059532 1 180581 R 7.0 150 3 64 895
1413258297 1 180863 R 2.0 150 1 259 896
1413982850 1 180956 R 4.0 150 2 282 897
1414139980 1 180976 R 6.0 150 3 416 898
1415424212 1 181140 R 3.0 150 1 528 899
1415628250 1 181166 R 5.0 150 2 584 900
1419875367 1 181710 R 2.0 151 1 210 901
1420576509 1 181800 R 4.0 151 2 231 902
1420776615 1 181825 R 6.0 151 3 370 903
1422066670 1 181990 R 3.0 151 1 482 904
1422798970 1 182084 R 5.0 151 2 605 905
1422983474 1 182108 R 7.0 151 3 693 906
1426492660 1 182557 R 3.0 152 1 153 907
1427170336 1 182644 R 5.0 152 2 269 908
1427350906 1 182667 R 7.0 152 3 357 909
1428660071 1 182834 R 2.0 152 1 438 910
1429431429 1 182933 R 4.0 152 2 467 911
1429565194 1 182950 R 6.0 152 3 599 912
1433101913 1 183403 R 3.0 153 1 103 913
1433818656 1 183495 R 5.0 153 2 224 914
1434010981 1 183519 R 7.0 153 3 313 915
1435284949 1 183682 R 2.0 153 1 390 916
1436032869 1 183778 R 4.0 153 2 417 917
1436178354 1 183797 R 6.0 153 3 549 918
1439707089 1 184248 R 3.0 154 1 52 919
1440431777 1 184341 R 5.0 154 2 175 920
1440588974 1 184361 R 7.0 154 3 260 921
1441905881 1 184530 R 2.0 154 1 342 922
1442599154 1 184618 R 4.0 154 2 361 923
1442771974 1 184641 R 6.0 154 3 498 924
1446261689 1 185087 R 7.0 155 3 89 925
1448476074 1 185371 R 2.0 155 1 287 926
1449240666 1 185469 R 4.0 155 2 316 927
1449436859 1 185494 R 6.0 155 3 454 928
1450696636 1 185655 R 3.0 155 1 563 929
1450896868 1 185681 R 5.0 155 2 617 930
1455094087 1 186218 R 2.0 156 1 238 931
1455842076 1 186314 R 4.0 156 2 264 932
1455987524 1 186332 R 6.0 156 3 396 933
1457311754 1 186502 R 3.0 156 1 513 934
1458020684 1 186592 R 5.0 156 2 634 935
1458216939 1 186618 R 7.0 156 3 723 936
1461733870 1 187068 R 3.0 157 1 183 937
1461902787 1 187089 R 5.0 157 2 235 938
1463917854 1 187347 R 2.0 157 1 471 939
1464673586 1 187444 R 4.0 157 2 499 940
1464846413 1 187466 R 6.0 157 3 634 941
1466115072 1 187628 R 7.0 157 3 838 942
1468292377 1 187907 R 3.0 158 1 127 943
1468519883 1 187936 R 5.0 158 2 185 944
1470488041 1 188188 R 2.0 158 1 416 945
1471282838 1 188290 R 4.0 158 2 449 946
1471436135 1 188310 R 6.0 158 3 583 947
1474911224 1 188754 R 3.0 159 1 78 948
1475659319 1 188850 R 5.0 159 2 204 949
1475836016 1 188873 R 7.0 159 3 291 950
1477148043 1 189041 R 2.0 159 1 373 951
1477888191 1 189135 R 4.0 159 2 398 952
1478037576 1 189155 R 6.0 159 3 531 953
1481563373 1 189606 R 3.0 160 1 34 954
1482256820 1 189695 R 5.0 160 2 152 955
1482460900 1 189721 R 7.0 160 3 244 956
1483726045 1 189883 R 2.0 160 1 319 957
1484442754 1 189974 R 4.0 160 2 342 958
1484666386 1 190003 R 6.0 160 3 483 959
1488164814 1 190451 R 7.0 161 3 78 960
1490359708 1 190732 R 2.0 161 1 272 961
1491061736 1 190822 R 4.0 161 2 293 962
1491257994 1 190847 R 6.0 161 3 431 963
1492568655 1 191015 R 3.0 161 1 546 964
1492753166 1 191038 R 5.0 161 2 600 965
1496977723 1 191579 R 2.0 162 1 223 966
1497663147 1 191667 R 4.0 162 2 242 967
1497871190 1 191693 R 6.0 162 3 382 968
1499136860 1 191855 R 3.0 162 1 491 969
1499876980 1 191950 R 5.0 162 2 616 970
1500057611 1 191973 R 7.0 162 3 704 971
1503543318 1 192419 R 3.0 163 1 159 972
1504322525 1 192519 R 5.0 163 2 289 973
1504452342 1 192536 R 7.0 163 3 370 974
1505782926 1 192706 R 2.0 163 1 454 975
1506483947 1 192796 R 4.0 163 2 474 976
1506684108 1 192821 R 6.0 163 3 614 977
1510148663 1 193265 R 3.0 164 1 109 978
1510873217 1 193358 R 5.0 164 2 230 979
1511092845 1 193386 R 7.0 164 3 322 980
1512364869 1 193548 R 2.0 164 1 401 981
1513136198 1 193647 R 4.0 164 2 430 982
1513269952 1 193664 R 6.0 164 3 562 983
1516765523 1 194112 R 3.0 165 1 60 984
1517529344 1 194210 R 5.0 165 2 187 985
1517666980 1 194227 R 7.0 165 3 270 986
1518989720 1 194396 R 2.0 165 1 353 987
1519737618 1 194492 R 4.0 165 2 378 988
1519883089 1 194511 R 6.0 165 3 510 989
1523407717 1 194962 R 6.0 166 3 67 990
1523572706 1 194983 R 2.0 166 1 43 991
1525612930 1 195244 R 3.0 166 1 296 992
1526321759 1 195335 R 5.0 166 2 416 993
1526518018 1 195360 R 7.0 166 3 507 994
1527761693 1 195519 R 4.0 166 2 510 995
1529972346 1 195802 R 7.0 167 3 53 996
1532180842 1 196085 R 2.0 167 1 249 997
1532913144 1 196179 R 4.0 167 2 274 998
1533128998 1 196206 R 6.0 167 3 414 999
1534391911 1 196368 R 3.0 167 1 524 1000
1534599956 1 196395 R 5.0 167 2 580 1001
1538778618 1 196929 R 2.0 168 1 198 1002
1539518733 1 197024 R 4.0 168 2 223 1003
1539730616 1 197051 R 6.0 168 3 363 1004
1540999211 1 197214 R 3.0 168 1 473 1005
1541754960 1 197310 R 5.0 168 2 600 1006
1541927866 1 197333 R 7.0 168 3 687 1007
1545420127 1 197780 R 2.0 169 1 152 1008
1546175837 1 197876 R 4.0 169 2 178 1009
1546348641 1 197898 R 6.0 169 3 316 1010
1547631903 1 198063 R 3.0 169 1 426 1011
1548364207 1 198156 R 5.0 169 2 550 1012
1548517497 1 198176 R 7.0 169 3 635 1013
1552026507 1 198625 R 3.0 170 1 93 1014
1552230784 1 198651 R 5.0 170 2 149 1015
1554193050 1 198902 R 2.0 170 1 379 1016
1554432278 1 198933 R 4.0 170 2 340 1017
1556426291 1 199188 R 6.0 170 3 1088 1018
1558650147 1 199473 R 2.0 171 1 53 1019
1558791899 1 199491 R 6.0 171 3 114 1020
1560809393 1 199749 R 3.0 171 1 321 1021
1561541693 1 199843 R 5.0 171 2 445 1022
1562321079 1 199943 R 7.0 170 3 1505 1023
1563027521 1 200033 R 4.0 171 2 544 1024
1565224775 1 200315 R 7.0 171 3 980 1025
1565424875 1 200340 R 7.0 172 3 111 1026
1565605301 1 200363 R 3.0 172 1 39 1027
1567431053 1 200597 R 2.0 172 1 281 1028
1568147727 1 200689 R 4.0 172 2 303 1029
1568371396 1 200717 R 6.0 172 3 446 1030
1569641913 1 200880 R 5.0 172 2 586 1031
1574067685 1 201446 R 2.0 173 1 235 1032
1574792175 1 201539 R 4.0 173 2 258 1033
1574980621 1 201563 R 6.0 173 3 396 1034
1576232677 1 201724 R 3.0 173 1 503 1035
1576996201 1 201821 R 5.0 173 2 631 1036
1577165079 1 201843 R 7.0 173 3 717 1037
1580643045 1 202288 R 3.0 174 1 172 1038
1581414377 1 202387 R 5.0 174 2 301 1039
1581579380 1 202408 R 7.0 174 3 386 1040
1582865077 1 202572 R 2.0 174 1 465 1041
1583605153 1 202667 R 4.0 174 2 490 1042
1583754535 1 202686 R 6.0 174 3 624 1043
1587236677 1 203132 R 3.0 175 1 120 1044
1587984564 1 203228 R 5.0 175 2 246 1045
1588161326 1 203250 R 7.0 175 3 333 1046
1589443051 1 203414 R 2.0 175 1 411 1047
1590222199 1 203514 R 4.0 175 2 440 1048
1590383294 1 203535 R 6.0 175 3 574 1049
1593888724 1 203984 R 3.0 176 1 75 1050
1594582137 1 204072 R 5.0 176 2 194 1051
1594786171 1 204098 R 7.0 176 3 285 1052
1596079613 1 204264 R 2.0 176 1 364 1053
1596804104 1 204357 R 4.0 176 2 388 1054
1596992549 1 204381 R 6.0 176 3 526 1055
1600490183 1 204829 R 5.0 177 2 54 1056
1601222629 1 204922 R 3.0 177 1 118 1057
1601407136 1 204946 R 7.0 177 3 236 1058
1602665426 1 205107 R 2.0 177 1 311 1059
1603428970 1 205205 R 4.0 177 2 339 1060
1603597952 1 205226 R 6.0 177 3 473 1061
1607118897 1 205677 R 7.0 178 3 71 1062
1609278617 1 205953 R 2.0 178 1 262 1063
1610049982 1 206052 R 4.0 178 2 291 1064
1610214989 1 206073 R 6.0 178 3 425 1065
1611467961 1 206234 R 3.0 178 1 533 1066
1611648604 1 206257 R 5.0 178 2 587 1067
1615885919 1 206799 R 2.0 179 1 211 1068
1616618182 1 206893 R 4.0 179 2 235 1069
1616834039 1 206920 R 6.0 179 3 378 1070
1618133854 1 207087 R 3.0 179 1 491 1071
1618850534 1 207179 R 5.0 179 2 612 1072
1619042917 1 207203 R 7.0 179 3 702 1073
1622483417 1 207644 R 2.0 180 1 160 1074
1623223531 1 207738 R 4.0 180 2 185 1075
1623435479 1 207765 R 6.0 180 3 327 1076
1624739203 1 207932 R 3.0 180 1 440 1077
1625463685 1 208025 R 5.0 180 2 562 1078
1625620914 1 208045 R 7.0 180 3 647 1079
1629091037 1 208489 R 3.0 181 1 101 1080
1629854591 1 208587 R 5.0 181 2 229 1081
1630054724 1 208613 R 7.0 181 3 319 1082
1631326744 1 208776 R 2.0 181 1 396 1083
1632043359 1 208867 R 4.0 181 2 418 1084
1632266956 1 208896 R 6.0 181 3 560 1085
1635735210 1 209340 R 3.0 182 1 56 1086
1636444280 1 209431 R 5.0 182 2 176 1087
1636640537 1 209456 R 7.0 182 3 266 1088
1637897845 1 209617 R 2.0 182 1 341 1089
1638692683 1 209718 R 4.0 182 2 374 1090
1638846002 1 209738 R 6.0 182 3 506 1091
1642360088 1 210188 R 5.0 183 2 38 1092
1644557916 1 210469 R 2.0 183 1 297 1093
1645297992 1 210564 R 4.0 183 2 322 1094
1645447443 1 210583 R 6.0 183 3 456 1095
1646717050 1 210746 R 3.0 183 1 565 1096
1646924997 1 210772 R 7.0 183 3 687 1097
1651121560 1 211309 R 3.0 184 1 233 1098
1651349099 1 211338 R 5.0 184 2 292 1099
1653321068 1 211591 R 2.0 184 1 523 1100
1654084652 1 211689 R 4.0 184 2 551 1101
1654284782 1 211714 R 6.0 184 3 690 1102
1657740611 1 212157 R 3.0 185 1 184 1103
1658488507 1 212252 R 5.0 185 2 310 1104
1658665200 1 212275 R 7.0 185 3 398 1105
1659965477 1 212441 R 2.0 185 1 478 1106
1660674402 1 212532 R 4.0 185 2 498 1107
1660870634 1 212557 R 6.0 185 3 638 1108
1664392803 1 213008 R 3.0 186 1 140 1109
1665086007 1 213097 R 5.0 186 2 258 1110
1665290077 1 213123 R 7.0 186 3 350 1111
1666590388 1 213289 R 2.0 186 1 429 1112
1667275846 1 213377 R 4.0 186 2 447 1113
1667483760 1 213404 R 6.0 186 3 589 1114
1670994002 1 213853 R 3.0 187 1 89 1115
1671139686 1 213872 R 5.0 187 2 137 1116
1673148828 1 214129 R 2.0 187 1 373 1117
1673904630 1 214226 R 4.0 187 2 400 1118
1674077387 1 214248 R 6.0 187 3 536 1119
1677578549 1 214696 R 2.0 188 1 44 1120
1677755521 1 214718 R 6.0 188 3 111 1121
1679804268 1 214981 R 3.0 188 1 320 1122
1680497567 1 215069 R 5.0 188 2 439 1123
1680670389 1 215092 R 7.0 188 3 526 1124
1682014547 1 215264 R 4.0 188 2 543 1125
1684171492 1 215540 R 7.0 189 3 77 1126
1686399558 1 215825 R 2.0 189 1 277 1127
1687147485 1 215921 R 4.0 189 2 303 1128
1687292997 1 215939 R 6.0 189 3 434 1129
1688575275 1 216103 R 3.0 189 1 547 1130
1688791088 1 216131 R 5.0 189 2 605 1131
1693020530 1 216672 R 2.0 190 1 229 1132
1693713802 1 216761 R 4.0 190 2 248 1133
1693886624 1 216783 R 6.0 190 3 383 1134
1695174786 1 216948 R 3.0 190 1 496 1135
1695914865 1 217043 R 5.0 190 2 621 1136
1696126781 1 217070 R 7.0 190 3 712 1137
1699590757 1 217513 R 2.0 191 1 174 1138
1700355277 1 217611 R 4.0 191 2 201 1139
1700551503 1 217636 R 6.0 191 3 342 1140
1701815252 1 217798 R 3.0 191 1 450 1141
1702531930 1 217890 R 5.0 191 2 572 1142
1702755597 1 217918 R 7.0 191 3 664 1143
1706186591 1 218358 R 3.0 192 1 113 1144
1706973577 1 218458 R 5.0 192 2 243 1145
1707162118 1 218482 R 7.0 192 3 333 1146
1708411523 1 218642 R 2.0 192 1 407 1147
1709159451 1 218738 R 4.0 192 2 433 1148
1709304895 1 218757 R 6.0 192 3 566 1149
1712834699 1 219209 R 3.0 193 1 68 1150
1713535957 1 219298 R 5.0 193 2 187 1151
1713767406 1 219328 R 7.0 193 3 283 1152
1715032466 1 219490 R 2.0 193 1 358 1153
1715788203 1 219587 R 4.0 193 2 385 1154
1715961022 1 219609 R 6.0 193 3 522 1155
1719447895 1 220055 R 5.0 194 2 48 1156
1720156933 1 220146 R 3.0 194 1 110 1157
1720321935 1 220167 R 7.0 194 3 226 1158
1721602655 1 220331 R 2.0 194 1 303 1159
1722397453 1 220433 R 4.0 194 2 336 1160
1722550779 1 220452 R 6.0 194 3 467 1161
1726041520 1 220899 R 7.0 195 3 61 1162
1728262742 1 221183 R 2.0 195 1 260 1163
1728968622 1 221274 R 4.0 195 2 281 1164
1729176624 1 221300 R 6.0 195 3 422 1165
1730460885 1 221465 R 3.0 195 1 532 1166
1730637633 1 221487 R 5.0 195 2 585 1167
1734834241 1 222025 R 3.0 196 1 196 1168
1735589948 1 222121 R 5.0 196 2 322 1169
1735793985 1 222147 R 7.0 196 3 414 1170
1737044433 1 222307 R 2.0 196 1 488 1171
1737800160 1 222404 R 4.0 196 2 515 1172
1737972989 1 222426 R 6.0 196 3 650 1173
1741474364 1 222874 R 2.0 197 1 159 1174
1742206646 1 222968 R 4.0 197 2 182 1175
1742359921 1 222988 R 6.0 197 3 317 1176
1743638444 1 223151 R 3.0 197 1 427 1177
1744370711 1 223245 R 5.0 197 2 551 1178
1744555218 1 223269 R 7.0 197 3 639 1179
1748064210 1 223718 R 3.0 198 1 98 1180
1748804517 1 223813 R 5.0 198 2 222 1181
1748985154 1 223836 R 7.0 198 3 311 1182
1750274616 1 224001 R 2.0 198 1 389 1183
1750980584 1 224091 R 4.0 198 2 410 1184
1751188531 1 224118 R 6.0 198 3 551 1185
1754673445 1 224564 R 3.0 199 1 48 1186
1755390325 1 224656 R 5.0 199 2 169 1187
1755582679 1 224680 R 7.0 199 3 259 1188
1756853633 1 224843 R 2.0 199 1 335 1189
1757609308 1 224940 R 4.0 199 2 362 1190
1757782128 1 224962 R 6.0 199 3 498 1191
1761278857 1 225409 R 7.0 200 3 91 1192
1763486299 1 225692 R 2.0 200 1 288 1193
1764218561 1 225786 R 4.0 200 2 312 1194
1764434367 1 225813 R 6.0 200 3 455 1195
1765674785 1 225972 R 3.0 200 1 560 1196
1765894481 1 226000 R 5.0 200 2 618 1197
1770083861 1 226536 R 2.0 201 1 237 1198
1770823906 1 226631 R 4.0 201 2 261 1199
1771035785 1 226658 R 6.0 201 3 404 1200
1772279246 1 226817 R 3.0 201 1 509 1201
1773019235 1 226912 R 5.0 201 2 634 1202
1773199867 1 226935 R 7.0 201 3 721 1203
1776717838 1 227386 R 3.0 202 1 181 1204
1777411080 1 227474 R 5.0 202 2 300 1205
1777615247 1 227500 R 7.0 202 3 391 1206
1778928097 1 227669 R 2.0 202 1 473 1207
1779621304 1 227757 R 4.0 202 2 492 1208
1779794128 1 227779 R 6.0 202 3 629 1209
1783319282 1 228231 R 3.0 203 1 130 1210
1784051582 1 228324 R 5.0 203 2 254 1211
1784236156 1 228348 R 7.0 203 3 342 1212
1785498284 1 228510 R 2.0 203 1 418 1213
1786230557 1 228603 R 4.0 203 2 442 1214
1786446314 1 228631 R 6.0 203 3 583 1215
1789947895 1 229079 R 3.0 204 1 83 1216
1790625678 1 229166 R 5.0 204 2 200 1217
1790806312 1 229189 R 7.0 204 3 287 1218
1792095824 1 229354 R 2.0 204 1 366 1219
1792835869 1 229449 R 4.0 204 2 392 1220
1793047755 1 229476 R 6.0 204 3 532 1221
1796557148 1 229925 R 3.0 205 1 33 1222
1797273998 1 230017 R 5.0 205 2 154 1223
1797466413 1 230041 R 7.0 205 3 243 1224
1798736299 1 230204 R 2.0 205 1 320 1225
1799452939 1 230296 R 4.0 205 2 342 1226
1799676551 1 230324 R 6.0 205 3 485 1227
1803162524 1 230771 R 7.0 206 3 76 1228
1805307430 1 231045 R 2.0 206 1 265 1229
1806102227 1 231147 R 4.0 206 2 298 1230
1806255552 1 231166 R 6.0 206 3 431 1231
1807558456 1 231333 R 3.0 206 1 545 1232
1807715619 1 231353 R 5.0 206 2 594 1233
1811920087 1 231892 R 3.0 207 1 207 1234
1812132853 1 231919 R 5.0 207 2 263 1235
1814170285 1 232180 R 2.0 207 1 504 1236
1814910368 1 232274 R 4.0 207 2 528 1237
1815059751 1 232293 R 6.0 207 3 663 1238
1816361707 1 232460 R 7.0 207 3 871 1239
1818545556 1 232740 R 2.0 208 1 168 1240
1819262158 1 232831 R 4.0 208 2 189 1241
1819485740 1 232860 R 6.0 208 3 332 1242
1820741797 1 233021 R 3.0 208 1 440 1243
1821497603 1 233117 R 5.0 208 2 566 1244
1821701672 1 233144 R 7.0 208 3 658 1245
1825182128 1 233589 R 2.0 209 1 121 1246
1825906546 1 233682 R 4.0 209 2 145 1247
1826094993 1 233706 R 6.0 209 3 283 1248
1827343238 1 233866 R 3.0 209 1 389 1249
1828075608 1 233959 R 5.0 209 2 513 1250
1828260154 1 233983 R 7.0 209 3 601 1251
1831758317 1 234431 R 3.0 210 1 59 1252
1832506483 1 234527 R 5.0 210 2 183 1253
1832683210 1 234549 R 7.0 210 3 272 1254
1833970674 1 234714 R 2.0 210 1 350 1255
1834734189 1 234812 R 4.0 210 2 378 1256
1834903117 1 234833 R 6.0 210 3 514 1257
1838380894 1 235279 R 6.0 211 3 63 1258
1838538027 1 235299 R 2.0 211 1 39 1259
1840613508 1 235564 R 3.0 211 1 296 1260
1841306775 1 235653 R 5.0 211 2 415 1261
1841510848 1 235679 R 7.0 211 3 506 1262
1842782649 1 235842 R 4.0 211 2 513 1263
1845012015 1 236127 R 7.0 212 3 58 1264
1847194060 1 236407 R 2.0 212 1 251 1265
1847918528 1 236499 R 4.0 212 2 274 1266
1848106994 1 236523 R 6.0 212 3 413 1267
1849415772 1 236691 R 3.0 212 1 527 1268
1849600329 1 236715 R 5.0 212 2 580 1269
1853781230 1 237250 R 3.0 213 1 189 1270
1853954050 1 237272 R 5.0 213 2 242 1271
1855982663 1 237532 R 2.0 213 1 480 1272
1856746186 1 237629 R 4.0 213 2 508 1273
1856915064 1 237651 R 6.0 213 3 642 1274
1858189713 1 237814 R 7.0 213 3 849 1275
1860390481 1 238096 R 3.0 214 1 139 1276
1861169724 1 238195 R 5.0 214 2 268 1277
1861299547 1 238212 R 7.0 214 3 350 1278
1862595828 1 238378 R 2.0 214 1 430 1279
1863367118 1 238477 R 4.0 214 2 460 1280
1863532128 1 238498 R 6.0 214 3 594 1281
1867023941 1 238945 R 3.0 215 1 93 1282
1867756484 1 239039 R 5.0 215 2 215 1283
1867941020 1 239062 R 7.0 215 3 304 1284
1869206021 1 239224 R 2.0 215 1 380 1285
1869930474 1 239317 R 4.0 215 2 403 1286
1870118969 1 239341 R 6.0 215 3 542 1287
1873652725 1 239793 R 3.0 216 1 45 1288
1874330579 1 239880 R 5.0 216 2 162 1289
1874511216 1 239903 R 7.0 216 3 250 1290
1875854303 1 240075 R 2.0 216 1 335 1291
1876540730 1 240163 R 4.0 216 2 354 1292
1876752597 1 240190 R 6.0 216 3 495 1293
1880262052 1 240639 R 7.0 217 3 90 1294
1882441090 1 240918 R 2.0 217 1 282 1295
1883157737 1 241010 R 4.0 217 2 304 1296
1883381403 1 241039 R 6.0 217 3 448 1297
1884650147 1 241201 R 3.0 217 1 557 1298
1884842511 1 241226 R 5.0 217 2 611 1299
1889012265 1 241759 R 2.0 218 1 227 1300
1889807096 1 241861 R 4.0 218 2 260 1301
1889960320 1 241881 R 6.0 218 3 394 1302
1891273047 1 242049 R 3.0 218 1 508 1303
1891997604 1 242141 R 5.0 218 2 631 1304
1892154799 1 242162 R 7.0 218 3 716 1305
1895624852 1 242606 R 3.0 219 1 169 1306
1896388473 1 242703 R 5.0 219 2 297 1307
1896588573 1 242729 R 7.0 219 3 386 1308
1897875023 1 242894 R 2.0 219 1 466 1309
1898615203 1 242988 R 4.0 219 2 491 1310
1898764524 1 243008 R 6.0 219 3 624 1311
1902269298 1 243456 R 3.0 220 1 124 1312
1902978125 1 243547 R 5.0 220 2 245 1313
1903174419 1 243572 R 7.0 220 3 335 1314
1904454003 1 243736 R 2.0 220 1 412 1315
1905209776 1 243833 R 4.0 220 2 440 1316
1905382562 1 243855 R 6.0 220 3 575 1317
1908879289 1 244302 R 3.0 221 1 74 1318
1909604018 1 244395 R 5.0 221 2 196 1319
1909761212 1 244415 R 7.0 221 3 282 1320
1911086692 1 244585 R 2.0 221 1 365 1321
1911819028 1 244679 R 4.0 221 2 389 1322
1911972283 1 244698 R 6.0 221 3 522 1323
1915496387 1 245149 R 3.0 222 1 25 1324
1916197644 1 245239 R 5.0 222 2 145 1325
1916397775 1 245265 R 7.0 222 3 235 1326
1917684231 1 245429 R 2.0 222 1 314 1327
1918424406 1 245524 R 4.0 222 2 338 1328
1918573761 1 245543 R 6.0 222 3 471 1329
1922078261 1 245992 R 7.0 223 3 67 1330
1924262303 1 246271 R 2.0 223 1 259 1331
1925041472 1 246371 R 4.0 223 2 290 1332
1925202509 1 246392 R 6.0 223 3 423 1333
1926521159 1 246560 R 3.0 223 1 540 1334
1926654917 1 246578 R 5.0 223 2 587 1335
1930906102 1 247122 R 3.0 224 1 205 1336
1931654093 1 247217 R 5.0 224 2 330 1337
1931799506 1 247236 R 7.0 224 3 414 1338
1933098654 1 247402 R 2.0 224 1 495 1339
1933830992 1 247496 R 4.0 224 2 518 1340
1934046745 1 247524 R 6.0 224 3 661 1341
1937527113 1 247969 R 3.0 225 1 157 1342
1938220312 1 248058 R 5.0 225 2 276 1343
1938393166 1 248080 R 7.0 225 3 362 1344
1939696188 1 248247 R 2.0 225 1 443 1345
1940436335 1 248342 R 4.0 225 2 468 1346
1940648184 1 248369 R 6.0 225 3 608 1347
1944090427 1 248809 R 3.0 226 1 101 1348
1944861829 1 248908 R 5.0 226 2 230 1349
1945058090 1 248933 R 7.0 226 3 319 1350
1946336695 1 249097 R 2.0 226 1 397 1351
1947053404 1 249189 R 4.0 226 2 419 1352
1947214472 1 249209 R 6.0 226 3 552 1353
1950700516 1 249655 R 3.0 227 1 51 1354
1950912605 1 249683 R 5.0 227 2 108 1355
1952910788 1 249938 R 2.0 227 1 343 1356
1953635343 1 250031 R 4.0 227 2 365 1357
1953823759 1 250055 R 6.0 227 3 504 1358
1955132547 1 250223 R 7.0 227 3 815 1359
1957317584 1 250502 R 5.0 228 2 31 1360
1959559142 1 250789 R 2.0 228 1 297 1361
1960245545 1 250877 R 4.0 228 2 315 1362
1960457422 1 250904 R 6.0 228 3 457 1363
1961752576 1 251070 R 3.0 228 1 570 1364
1961890205 1 251088 R 7.0 228 3 735 1365
1966164894 1 251635 R 3.0 229 1 239 1366
1966353343 1 251659 R 5.0 229 2 293 1367
1968348640 1 251914 R 2.0 229 1 527 1368
1969065335 1 252006 R 4.0 229 2 548 1369
1969288904 1 252035 R 6.0 229 3 692 1370
1970566541 1 252198 R 7.0 229 3 897 1371
1972775147 1 252481 R 3.0 230 1 189 1372
1973499616 1 252574 R 5.0 230 2 311 1373
1973656811 1 252594 R 7.0 230 3 396 1374
1974919863 1 252755 R 2.0 230 1 472 1375
1975714627 1 252857 R 4.0 230 2 504 1376
1975867886 1 252877 R 6.0 230 3 636 1377
1979369766 1 253325 R 3.0 231 1 137 1378
1980109845 1 253420 R 5.0 231 2 261 1379
1980290473 1 253443 R 7.0 231 3 349 1380
1981579857 1 253608 R 2.0 231 1 428 1381
1982319942 1 253703 R 4.0 231 2 453 1382
1982469326 1 253722 R 6.0 231 3 587 1383
1985978811 1 254171 R 3.0 232 1 87 1384
1986695659 1 254263 R 5.0 232 2 209 1385
1986888077 1 254287 R 7.0 232 3 297 1386
1988157832 1 254450 R 2.0 232 1 374 1387
1988874509 1 254542 R 4.0 232 2 396 1388
1989098146 1 254570 R 6.0 232 3 539 1389
1992584192 1 255017 R 3.0 233 1 36 1390
1993308822 1 255109 R 5.0 233 2 158 1391
1993466050 1 255129 R 7.0 233 3 243 1392
1994791566 1 255299 R 2.0 233 1 327 1393
1995523802 1 255393 R 4.0 233 2 351 1394
1995677125 1 255412 R 6.0 233 3 484 1395
1999201256 1 255864 R 7.0 234 3 81 1396
2001389092 1 256144 R 2.0 234 1 276 1397
2002129205 1 256238 R 4.0 234 2 300 1398
2002278557 1 256257 R 6.0 234 3 435 1399
2003573738 1 256423 R 3.0 234 1 547 1400
2003773868 1 256449 R 5.0 234 2 602 1401
2007986085 1 256988 R 3.0 235 1 216 1402
2008757419 1 257087 R 5.0 235 2 343 1403
2008891179 1 257104 R 7.0 235 3 426 1404
2010169856 1 257267 R 2.0 235 1 504 1405
2010948999 1 257367 R 4.0 235 2 533 1406
2011110065 1 257388 R 6.0 235 3 669 1407
2014610935 1 257836 R 3.0 236 1 168 1408
2015358860 1 257932 R 5.0 236 2 293 1409
2015504375 1 257950 R 7.0 236 3 377 1410
2016803494 1 258117 R 2.0 236 1 457 1411
2017535785 1 258210 R 4.0 236 2 481 1412
2017751551 1 258238 R 6.0 236 3 622 1413
2021213387 1 258681 R 3.0 237 1 117 1414
2021914406 1 258771 R 5.0 237 2 236 1415
2022114635 1 258796 R 7.0 237 3 327 1416
2023401024 1 258961 R 2.0 237 1 405 1417
2024141106 1 259056 R 4.0 237 2 430 1418
2024352989 1 259083 R 6.0 237 3 570 1419
2027795121 1 259524 R 3.0 238 1 63 1420
2028566632 1 259622 R 5.0 238 2 191 1421
2028762919 1 259647 R 7.0 238 3 282 1422
2030041563 1 259811 R 2.0 238 1 359 1423
2030758171 1 259903 R 4.0 238 2 382 1424
2030919308 1 259923 R 6.0 238 3 517 1425
2034412663 1 260371 R 6.0 239 3 67 1426
2034593261 1 260394 R 2.0 239 1 46 1427
2036608257 1 260652 R 3.0 239 1 295 1428
2037332741 1 260744 R 5.0 239 2 418 1429
2037552506 1 260772 R 7.0 239 3 510 1430
2038813471 1 260934 R 4.0 239 2 516 1431
2041022351 1 261217 R 7.0 240 3 59 1432
2043264015 1 261504 R 2.0 240 1 260 1433
2043964994 1 261593 R 4.0 240 2 279 1434
2044133871 1 261615 R 6.0 240 3 415 1435
2045411540 1 261778 R 3.0 240 1 526 1436
2045592174 1 261802 R 5.0 240 2 578 1437
2049874613 1 262350 R 3.0 241 1 201 1438
2050027902 1 262369 R 5.0 241 2 251 1439
2052017352 1 262624 R 2.0 241 1 484 1440
2052788685 1 262723 R 4.0 241 2 513 1441
2052953692 1 262744 R 6.0 241 3 647 1442
2054271433 1 262912 R 7.0 241 3 858 1443
2056479992 1 263195 R 3.0 242 1 151 1444
2057204442 1 263288 R 5.0 242 2 273 1445
2057361675 1 263308 R 7.0 242 3 358 1446
2058627590 1 263470 R 2.0 242 1 434 1447
2059414544 1 263571 R 4.0 242 2 466 1448
2059602990 1 263595 R 6.0 242 3 604 1449
2063034325 1 264034 R 3.0 243 1 94 1450
2063798070 1 264132 R 5.0 243 2 222 1451
2063998302 1 264158 R 7.0 243 3 312 1452
2065275932 1 264321 R 2.0 243 1 389 1453
2065976916 1 264411 R 4.0 243 2 409 1454
2066208369 1 264440 R 6.0 243 3 553 1455
2069678721 1 264885 R 3.0 244 1 48 1456
2070400519 1 264977 R 5.0 244 2 171 1457
2070592838 1 265002 R 7.0 244 3 259 1458
2071889095 1 265168 R 2.0 244 1 340 1459
2072597957 1 265258 R 4.0 244 2 360 1460
2072762936 1 265279 R 6.0 244 3 496 1461
2076288983 1 265731 R 7.0 245 3 93 1462
2078499259 1 266014 R 2.0 245 1 290 1463
2079223784 1 266106 R 4.0 245 2 314 1464
2079412259 1 266131 R 6.0 245 3 452 1465
2080685004 1 266293 R 3.0 245 1 561 1466
2080842204 1 266314 R 5.0 245 2 610 1467
2085085074 1 266857 R 2.0 246 1 237 1468
2085834070 1 266953 R 4.0 246 2 263 1469
2085983359 1 266972 R 6.0 246 3 397 1470
2087311776 1 267142 R 3.0 246 1 513 1471
2088012860 1 267231 R 5.0 246 2 632 1472
2088213022 1 267257 R 7.0 246 3 724 1473
2091690950 1 267702 R 3.0 247 1 178 1474
2092462289 1 267801 R 5.0 247 2 306 1475
2092596081 1 267818 R 7.0 247 3 389 1476
2093874597 1 267982 R 2.0 247 1 466 1477
2094653803 1 268081 R 4.0 247 2 496 1478
2094814941 1 268102 R 6.0 247 3 630 1479
2098315803 1 268550 R 3.0 248 1 130 1480
2098484717 1 268572 R 5.0 248 2 181 1481
2100511220 1 268831 R 2.0 248 1 419 1482
2101235674 1 268924 R 4.0 248 2 442 1483
2101424188 1 268948 R 6.0 248 3 581 1484
2102733073 1 269116 R 7.0 248 3 967 1485
2104918013 1 269395 R 3.0 249 1 79 1486
2105619302 1 269485 R 5.0 249 2 199 1487
2105819434 1 269511 R 7.0 249 3 289 1488
2107097032 1 269674 R 2.0 249 1 366 1489
2107860557 1 269772 R 4.0 249 2 394 1490
2108029535 1 269794 R 6.0 249 3 530 1491
2111499922 1 270238 R 3.0 250 1 25 1492
2112271591 1 270337 R 5.0 250 2 154 1493
2112467750 1 270362 R 7.0 250 3 244 1494
2113710169 1 270521 R 2.0 250 1 317 1495
2114463041 1 270617 R 4.0 250 2 343 1496
2114624080 1 270638 R 6.0 250 3 478 1497
2118124803 1 271086 R 7.0 251 3 72 1498
2120320364 1 271367 R 2.0 251 1 267 1499
2121044950 1 271459 R 4.0 251 2 291 1500
2121233299 1 271484 R 6.0 251 3 427 1501
2122544266 1 271651 R 3.0 251 1 543 1502
2122689714 1 271670 R 5.0 251 2 592 1503
2126968680 1 272218 R 2.0 252 1 222 1504
2127669827 1 272307 R 4.0 252 2 243 1505
2127838680 1 272329 R 6.0 252 3 378 1506
2129132941 1 272495 R 3.0 252 1 490 1507
2129896592 1 272593 R 5.0 252 2 618 1508
2130034195 1 272610 R 7.0 252 3 701 1509
2133574610 1 273063 R 3.0 253 1 163 1510
2134283494 1 273154 R 5.0 253 2 284 1511
2134479752 1 273179 R 7.0 253 3 373 1512
2135722136 1 273338 R 2.0 253 1 446 1513
2136493467 1 273437 R 4.0 253 2 475 1514
2136658540 1 273458 R 6.0 253 3 610 1515
2140136974 1 273903 R 3.0 254 1 107 1516
2140909345 1 274002 R 5.0 254 2 236 1517
2141066540 1 274022 R 7.0 254 3 321 1518
2142378264 1 274190 R 2.0 254 1 402 1519
2143063652 1 274278 R 4.0 254 2 421 1520
2143302947 1 274309 R 6.0 254 3 565 1521
2146739247 1 274748 R 3.0 255 1 56 1522
2147503004 1 274846 R 5.0 255 2 184 1523
2147703136 1 274872 R 7.0 255 3 274 1524
2148980683 1 275035 R 2.0 255 1 351 1525
2149681763 1 275125 R 4.0 255 2 371 1526
2149913116 1 275155 R 6.0 255 3 514 1527
2153383829 1 275599 R 7.0 256 3 105 1528
2154092690 1 275690 R 3.0 256 1 101 1529
2154288951 1 275715 R 5.0 256 2 156 1530
2155593806 1 275882 R 2.0 256 1 302 1531
2156302734 1 275972 R 4.0 256 2 323 1532
2156467679 1 275994 R 6.0 256 3 457 1533
2160008501 1 276447 R 7.0 257 3 56 1534
2162187431 1 276726 R 2.0 257 1 250 1535
2162935451 1 276821 R 4.0 257 2 276 1536
2163112117 1 276844 R 6.0 257 3 412 1537
2164365459 1 277005 R 3.0 257 1 520 1538
2164573409 1 277031 R 5.0 257 2 577 1539
2168789851 1 277571 R 2.0 258 1 199 1540
2169553436 1 277669 R 4.0 258 2 227 1541
2169722343 1 277690 R 6.0 258 3 363 1542
2170972731 1 277850 R 3.0 258 1 470 1543
2171728437 1 277947 R 5.0 258 2 597 1544
2171901289 1 277969 R 7.0 258 3 683 1545
2175403007 1 278417 R 2.0 259 1 150 1546
2175560239 1 278437 R 4.0 259 2 100 1547
2177624326 1 278702 R 6.0 259 3 479 1548
2179808149 1 278981 R 3.0 259 1 705 1549
2180540447 1 279075 R 5.0 259 2 829 1550
2180756303 1 279103 R 7.0 259 3 920 1551
2181999966 1 279262 R 3.0 260 1 90 1552
2182768631 1 279360 R 5.0 260 2 218 1553
2182914075 1 279379 R 7.0 260 3 301 1554
2184199433 1 279543 R 2.0 260 1 379 1555
2184947388 1 279639 R 4.0 260 2 405 1556
2185124054 1 279662 R 6.0 260 3 543 1557
2188641466 1 280112 R 3.0 261 1 44 1558
2189334909 1 280201 R 5.0 261 2 162 1559
2189507730 1 280223 R 7.0 261 3 247 1560
2190851618 1 280395 R 2.0 261 1 335 1561
2191544919 1 280483 R 4.0 261 2 354 1562
2191748926 1 280510 R 6.0 261 3 494 1563
2195211657 1 280953 R 7.0 262 3 84 1564
2197453059 1 281240 R 2.0 262 1 284 1565
2198186374 1 281334 R 4.0 262 2 309 1566
2198351347 1 281355 R 6.0 262 3 443 1567
2199647659 1 281521 R 3.0 262 1 556 1568
2199843928 1 281546 R 5.0 262 2 612 1569
2204032660 1 282082 R 3.0 263 1 222 1570
2204780587 1 282178 R 5.0 263 2 347 1571
2204926101 1 282196 R 7.0 263 3 431 1572
2206211329 1 282361 R 2.0 263 1 509 1573
2206959349 1 282457 R 4.0 263 2 536 1574
2207136016 1 282479 R 6.0 263 3 671 1575
2210673516 1 282932 R 2.0 264 1 184 1576
2211374537 1 283022 R 4.0 264 2 204 1577
2211543485 1 283043 R 6.0 264 3 339 1578
2212856394 1 283211 R 3.0 264 1 455 1579
2213612133 1 283308 R 5.0 264 2 582 1580
2213784988 1 283330 R 7.0 264 3 669 1581
2217279586 1 283778 R 3.0 265 1 125 1582
2217988388 1 283868 R 5.0 265 2 245 1583
2218184611 1 283893 R 7.0 265 3 336 1584
2219426940 1 284052 R 2.0 265 1 409 1585
2220198305 1 284151 R 4.0 265 2 438 1586
2220363310 1 284172 R 6.0 265 3 572 1587
2223841758 1 284618 R 3.0 266 1 69 1588
2224589830 1 284713 R 5.0 266 2 195 1589
2224797773 1 284740 R 7.0 266 3 286 1590
2226083033 1 284904 R 2.0 266 1 365 1591
2226768494 1 284992 R 4.0 266 2 382 1592
2227007687 1 285023 R 6.0 266 3 527 1593
2230462648 1 285465 R 3.0 267 1 21 1594
2231207838 1 285560 R 5.0 267 2 145 1595
2231408031 1 285586 R 7.0 267 3 237 1596
2232672760 1 285748 R 2.0 267 1 312 1597
2233428527 1 285845 R 4.0 267 2 340 1598
2233570067 1 285863 R 6.0 267 3 470 1599
2237088534 1 286313 R 7.0 268 3 68 1600
2239274193 1 286593 R 2.0 268 1 261 1601
2240006528 1 286687 R 4.0 268 2 285 1602
2240191035 1 286710 R 6.0 268 3 421 1603
2241468847 1 286874 R 3.0 268 1 533 1604
2241665104 1 286899 R 5.0 268 2 589 1605
2245902974 1 287441 R 2.0 269 1 214 1606
2246643154 1 287536 R 4.0 269 2 239 1607
2246823758 1 287559 R 6.0 269 3 374 1608
2248119115 1 287725 R 3.0 269 1 489 1609
2248828959 1 287816 R 5.0 269 2 609 1610
2248986156 1 287836 R 7.0 269 3 694 1611
2252494711 1 288285 R 2.0 270 1 161 1612
2253258198 1 288383 R 4.0 270 2 190 1613
2253427145 1 288404 R 6.0 270 3 325 1614
2254721598 1 288570 R 3.0 270 1 438 1615
2255422614 1 288660 R 5.0 270 2 558 1616
2255622840 1 288685 R 7.0 270 3 648 1617
2259100713 1 289131 R 3.0 271 1 102 1618
2259289160 1 289155 R 5.0 271 2 156 1619
2261310634 1 289414 R 2.0 271 1 394 1620
2262019464 1 289504 R 4.0 271 2 414 1621
2262246942 1 289533 R 6.0 271 3 558 1622
2263493536 1 289693 R 7.0 271 3 759 1623
2265725383 1 289979 R 3.0 272 1 54 1624
2266473518 1 290074 R 5.0 272 2 180 1625
2266618993 1 290093 R 7.0 272 3 264 1626
2267904261 1 290257 R 2.0 272 1 342 1627
2268652158 1 290353 R 4.0 272 2 368 1628
2268828851 1 290376 R 6.0 272 3 503 1629
2272346599 1 290826 R 7.0 273 3 101 1630
2274556469 1 291109 R 2.0 273 1 297 1631
2275249664 1 291198 R 4.0 273 2 317 1632
2275453727 1 291224 R 6.0 273 3 456 1633
2276700391 1 291383 R 3.0 273 1 563 1634
2276900557 1 291409 R 5.0 273 2 619 1635
2281157890 1 291954 R 2.0 274 1 246 1636
2281891134 1 292048 R 4.0 274 2 271 1637
2282056143 1 292069 R 6.0 274 3 405 1638
2283315504 1 292230 R 3.0 274 1 514 1639
2284086827 1 292329 R 5.0 274 2 643 1640
2284283102 1 292354 R 7.0 274 3 733 1641
2287713438 1 292793 R 2.0 275 1 189 1642
2288461293 1 292889 R 4.0 275 2 216 1643
2288638058 1 292911 R 6.0 275 3 351 1644
2289940383 1 293078 R 3.0 275 1 466 1645
2290688273 1 293174 R 5.0 275 2 591 1646
2290833844 1 293192 R 7.0 275 3 673 1647
2294358558 1 293644 R 3.0 276 1 135 1648
2295114298 1 293740 R 5.0 276 2 262 1649
2295287213 1 293763 R 7.0 276 3 349 1650
2296581083 1 293928 R 2.0 276 1 428 1651
2297282099 1 294018 R 4.0 276 2 449 1652
2297451081 1 294039 R 6.0 276 3 584 1653
2300928538 1 294485 R 3.0 277 1 80 1654
2301723569 1 294586 R 5.0 277 2 211 1655
2301876852 1 294606 R 7.0 277 3 297 1656
2303131705 1 294767 R 2.0 277 1 371 1657
2303903067 1 294865 R 4.0 277 2 401 1658
2304068111 1 294886 R 6.0 277 3 536 1659
2307588607 1 295337 R 3.0 278 1 37 1660
2308328897 1 295432 R 5.0 278 2 161 1661
2308478279 1 295451 R 7.0 278 3 246 1662
2309787871 1 295619 R 2.0 278 1 327 1663
2310473285 1 295706 R 4.0 278 2 346 1664
2310712487 1 295737 R 6.0 278 3 489 1665
2314166614 1 296179 R 7.0 279 3 78 1666
2316377592 1 296462 R 2.0 279 1 274 1667
2317133297 1 296559 R 4.0 279 2 301 1668
2317274866 1 296577 R 6.0 279 3 432 1669
2318554730 1 296741 R 3.0 279 1 544 1670
2318778333 1 296769 R 5.0 279 2 603 1671
2323006207 1 297311 R 3.0 280 1 218 1672
2323730664 1 297403 R 5.0 280 2 340 1673
2323919111 1 297427 R 7.0 280 3 430 1674
2325181824 1 297589 R 2.0 280 1 505 1675
2325914054 1 297683 R 4.0 280 2 530 1676
2326098594 1 297706 R 6.0 280 3 667 1677
2329607848 1 298156 R 2.0 281 1 176 1678
2330347956 1 298250 R 4.0 281 2 200 1679
2330528560 1 298273 R 6.0 281 3 339 1680
2331794809 1 298435 R 3.0 281 1 447 1681
2332558279 1 298533 R 5.0 281 2 574 1682
2332727180 1 298555 R 7.0 281 3 662 1683
2336205152 1 299000 R 3.0 282 1 116 1684
2336913981 1 299091 R 5.0 282 2 236 1685
2337141488 1 299120 R 7.0 282 3 330 1686
2338389517 1 299280 R 2.0 282 1 404 1687
2339145258 1 299376 R 4.0 282 2 431 1688
2339349364 1 299402 R 6.0 282 3 572 1689
2342798537 1 299844 R 3.0 283 1 64 1690
2342998910 1 299870 R 5.0 283 2 118 1691
2344990997 1 300125 R 2.0 283 1 353 1692
2345723285 1 300218 R 4.0 283 2 378 1693
2345907801 1 300242 R 6.0 283 3 515 1694
2347211109 1 300409 R 7.0 283 3 724 1695
2349451064 1 300695 R 7.0 284 3 113 1696
2350144215 1 300784 R 3.0 284 1 108 1697
2350348282 1 300810 R 5.0 284 2 164 1698
2351619779 1 300973 R 2.0 284 1 305 1699
2352359858 1 301068 R 4.0 284 2 330 1700
2352540492 1 301091 R 6.0 284 3 468 1701
2356052269 1 301540 R 7.0 285 3 63 1702
2358229065 1 301819 R 2.0 285 1 255 1703
2358945677 1 301911 R 4.0 285 2 278 1704
2359138062 1 301935 R 6.0 285 3 416 1705
2360456009 1 302104 R 3.0 285 1 532 1706
2360640513 1 302128 R 5.0 285 2 585 1707
2364834410 1 302665 R 2.0 286 1 205 1708
2365558899 1 302757 R 4.0 286 2 227 1709
2365778566 1 302785 R 6.0 286 3 370 1710
2367024214 1 302945 R 3.0 286 1 477 1711
2367764360 1 303040 R 5.0 286 2 600 1712
2367944959 1 303063 R 7.0 286 3 689 1713
2371430708 1 303509 R 3.0 287 1 145 1714
2372209883 1 303609 R 5.0 287 2 273 1715
2372339770 1 303625 R 7.0 287 3 356 1716
2373631713 1 303791 R 2.0 287 1 435 1717
2374371825 1 303885 R 4.0 287 2 461 1718
2374552496 1 303908 R 6.0 287 3 598 1719
2378035862 1 304354 R 3.0 288 1 94 1720
2378760554 1 304447 R 5.0 288 2 216 1721
2378980272 1 304475 R 7.0 288 3 309 1722
2380241000 1 304637 R 2.0 288 1 385 1723
2381020160 1 304736 R 4.0 288 2 415 1724
2381149990 1 304753 R 6.0 288 3 545 1725
2384652910 1 305201 R 3.0 289 1 45 1726
2385416667 1 305299 R 5.0 289 2 172 1727
2385554333 1 305317 R 7.0 289 3 255 1728
2386846344 1 305482 R 2.0 289 1 334 1729
2387570801 1 305575 R 4.0 289 2 358 1730
2387790492 1 305603 R 6.0 289 3 500 1731
2391297321 1 306052 R 7.0 290 3 94 1732
2393463442 1 306329 R 2.0 290 1 285 1733
2394226928 1 306427 R 4.0 290 2 313 1734
2394364626 1 306444 R 6.0 290 3 446 1735
2395707946 1 306616 R 3.0 290 1 564 1736
2397893146 1 306896 R 5.0 290 2 874 1737
