367324180 1 46931 R 2.0 1 1 108 1
369565960 1 47218 R 3.0 1 1 349 2
371719936 1 47494 R 4.0 1 2 631 3
373961716 1 47781 R 5.0 1 2 926 4
376162558 1 48062 R 2.0 2 1 600 5
378341867 1 48341 R 3.0 2 1 832 6
382788647 1 48911 R 7.0 1 3 2207 7
384944572 1 49186 R 6.0 1 3 2491 8
387168802 1 49471 R 3.0 3 1 1322 9
389387375 1 49755 R 6.0 2 3 2419 10
391595919 1 50038 R 5.0 2 2 2543 11
393751845 1 50314 R 2.0 3 1 2211 12
396007359 1 50602 R 3.0 4 1 1813 13
398163257 1 50878 R 2.0 4 1 2136 14
400356246 1 51159 R 4.0 2 2 3656 15
402605802 1 51447 R 7.0 2 3 4102 16
404798837 1 51728 R 2.0 5 1 2345 17
406985924 1 52008 R 3.0 5 1 2579 18
409225874 1 52294 R 6.0 3 3 4320 19
411371958 1 52569 R 2.0 6 1 2546 20
413615720 1 52856 R 5.0 3 2 4721 21
415824309 1 53139 R 7.0 3 3 5154 22
418032971 1 53422 R 4.0 3 2 5279 23
420210405 1 53700 R 2.0 7 1 3038 24
422434613 1 53985 R 4.0 4 2 5203 25
424609084 1 54263 R 6.0 4 3 5649 26
426809857 1 54545 R 2.0 8 1 3242 27
429031165 1 54830 R 3.0 6 1 4761 28
431197766 1 55107 R 4.0 5 2 5684 29
433429886 1 55393 R 2.0 9 1 3450 30
435646287 1 55676 R 6.0 5 3 6420 31
437816823 1 55954 R 4.0 6 2 5892 32
440061775 1 56241 R 2.0 10 1 3659 33
442215499 1 56517 R 6.0 6 3 6621 34
444416480 1 56799 R 2.0 11 1 2936 35
446627780 1 57082 R 5.0 4 2 8307 36
448866778 1 57368 R 4.0 7 2 6666 37
451036507 1 57646 R 2.0 12 1 3143 38
453252697 1 57930 R 6.0 7 3 7394 39
455453745 1 58212 R 2.0 13 1 3069 40
457638720 1 58491 R 4.0 8 2 7148 41
459871007 1 58777 R 2.0 14 1 2994 42
462087170 1 59061 R 6.0 8 3 7885 43
464288181 1 59342 R 2.0 15 1 2920 44
466474190 1 59622 R 3.0 7 1 8913 45
468676014 1 59904 R 4.0 9 2 7921 46
470845678 1 60182 R 2.0 16 1 3119 47
473061968 1 60465 R 6.0 9 3 8651 48
475290993 1 60751 R 3.0 8 1 9402 49
477497932 1 61033 R 2.0 17 1 3330 50
479686986 1 61313 R 7.0 4 3 12688 51
481862405 1 61592 R 6.0 10 3 9136 52
484067110 1 61874 R 5.0 5 2 12460 53
486273845 1 62157 R 2.0 18 1 3814 54
488465835 1 62437 R 3.0 9 1 10448 55
490669813 1 62719 R 4.0 10 2 10096 56
492932026 1 63009 R 3.0 10 1 10380 57
495112160 1 63288 R 2.0 19 1 4305 58
497319798 1 63570 R 7.0 5 3 14305 59
499539433 1 63855 R 4.0 11 2 10592 60
501692275 1 64130 R 3.0 11 1 10861 61
503888069 1 64411 R 2.0 20 1 4788 62
506087824 1 64693 R 3.0 12 1 9504 63
508346493 1 64982 R 4.0 12 2 11079 64
510553923 1 65264 R 3.0 13 1 8155 65
512739131 1 65544 R 2.0 21 1 5281 66
514941864 1 65826 R 3.0 14 1 6157 67
517111421 1 66104 R 2.0 22 1 5201 68
519314144 1 66386 R 3.0 15 1 5437 69
521530645 1 66669 R 2.0 23 1 5127 70
523709895 1 66948 R 3.0 16 1 5359 71
525935394 1 67233 R 4.0 13 2 12051 72
528175955 1 67520 R 3.0 17 1 5291 73
530362158 1 67800 R 2.0 24 1 5617 74
532563895 1 68082 R 3.0 18 1 5213 75
534773600 1 68365 R 2.0 25 1 5542 76
536936237 1 68641 R 3.0 19 1 5132 77
539174168 1 68928 R 2.0 26 1 5465 78
541331970 1 69204 R 5.0 6 2 19149 79
543562172 1 69489 R 2.0 27 1 5387 80
545798027 1 69776 R 3.0 20 1 5627 81
547982307 1 70055 R 2.0 28 1 5312 82
550186001 1 70337 R 3.0 21 1 5548 83
552378026 1 70618 R 2.0 29 1 5235 84
554555395 1 70897 R 2.0 30 1 4874 85
556779884 1 71181 R 4.0 16 2 14078 86
558988526 1 71464 R 4.0 17 2 13721 87
561181249 1 71745 R 2.0 31 1 4442 88
563421147 1 72031 R 2.0 32 1 4089 89
565582881 1 72308 R 2.0 33 1 3725 90
567791479 1 72591 R 2.0 34 1 3368 91
569977597 1 72871 R 3.0 22 1 7442 92
572187296 1 73153 R 2.0 35 1 3291 93
574396788 1 73436 R 3.0 23 1 7367 94
576629854 1 73722 R 2.0 36 1 3219 95
578800349 1 74000 R 3.0 24 1 7291 96
580994566 1 74281 R 4.0 19 2 14618 97
583188287 1 74562 R 3.0 25 1 7213 98
585402904 1 74845 R 2.0 37 1 3702 99
587623347 1 75129 R 3.0 26 1 7140 100
589806790 1 75409 R 4.0 20 2 15106 101
592042503 1 75695 R 5.0 7 2 25000 102
594257248 1 75978 R 6.0 16 3 19685 103
596446101 1 76259 R 3.0 27 1 6990 104
598629404 1 76538 R 2.0 38 1 4755 105
600834047 1 76820 R 5.0 8 2 25485 106
603048729 1 77104 R 4.0 21 2 14881 107
605268819 1 77388 R 3.0 28 1 7479 108
607452085 1 77667 R 2.0 39 1 5245 109
609625573 1 77946 R 3.0 29 1 7397 110
611840085 1 78229 R 2.0 40 1 5166 111
614029150 1 78509 R 3.0 30 1 5400 112
616276755 1 78797 R 3.0 31 1 5048 113
618431911 1 79073 R 4.0 22 2 14931 114
620649106 1 79357 R 3.0 32 1 4968 115
622890163 1 79643 R 6.0 19 3 21428 116
625068354 1 79922 R 3.0 33 1 4893 117
627282773 1 80206 R 2.0 41 1 5863 118
629471817 1 80486 R 3.0 34 1 4817 119
631655123 1 80765 R 2.0 42 1 5783 120
633871615 1 81049 R 2.0 43 1 5426 121
636072326 1 81331 R 2.0 44 1 5068 122
638297577 1 81616 R 2.0 45 1 4713 123
640506200 1 81898 R 2.0 46 1 4355 124
642699184 1 82179 R 2.0 47 1 3996 125
644876521 1 82458 R 2.0 48 1 3635 126
647100788 1 82742 R 2.0 49 1 3280 127
649279173 1 83021 R 7.0 9 3 31196 128
651511124 1 83307 R 3.0 35 1 6998 129
653714961 1 83589 R 2.0 50 1 3486 130
655930349 1 83873 R 3.0 36 1 6924 131
658110654 1 84152 R 2.0 51 1 3409 132
660333975 1 84436 R 3.0 37 1 6847 133
662491024 1 84712 R 4.0 24 2 17369 134
664721818 1 84998 R 3.0 38 1 6769 135
666917986 1 85279 R 4.0 25 2 16016 136
669094205 1 85558 R 5.0 9 2 33583 137
671329159 1 85844 R 2.0 52 1 4461 138
673513420 1 86123 R 3.0 39 1 7254 139
675725151 1 86406 R 6.0 22 3 26270 140
677916889 1 86687 R 3.0 40 1 7178 141
680117801 1 86969 R 2.0 53 1 4946 142
682367394 1 87257 R 3.0 41 1 7108 143
684552792 1 87536 R 6.0 23 3 26762 144
686739741 1 87816 R 3.0 42 1 7027 145
688971741 1 88102 R 2.0 54 1 5439 146
691159042 1 88382 R 5.0 10 2 35767 147
693376279 1 88666 R 2.0 55 1 5363 148
695562465 1 88945 R 3.0 43 1 5596 149
697740817 1 89224 R 2.0 56 1 5281 150
699950437 1 89507 R 3.0 44 1 5518 151
702152154 1 89789 R 2.0 57 1 5206 152
704385149 1 90075 R 3.0 45 1 5446 153
706547910 1 90352 R 2.0 58 1 5129 154
708741874 1 90632 R 3.0 46 1 5363 155
710990782 1 90920 R 6.0 24 3 29506 156
713207936 1 91204 R 3.0 47 1 5295 157
715375614 1 91482 R 2.0 59 1 5619 158
717592016 1 91765 R 2.0 60 1 5262 159
719792783 1 92047 R 2.0 61 1 4904 160
722018001 1 92332 R 2.0 62 1 4549 161
724164186 1 92606 R 2.0 63 1 4184 162
726419649 1 92895 R 2.0 64 1 3832 163
728596984 1 93174 R 2.0 65 1 3471 164
730821432 1 93459 R 4.0 27 2 20996 165
733015193 1 93739 R 3.0 48 1 7190 166
735232848 1 94023 R 4.0 28 2 20280 167
737387508 1 94299 R 3.0 49 1 7110 168
739628355 1 94586 R 2.0 66 1 3603 169
741806866 1 94865 R 5.0 12 2 33291 170
744008516 1 95147 R 2.0 67 1 3524 171
746210242 1 95428 R 3.0 50 1 7599 172
748435731 1 95713 R 4.0 29 2 21330 173
750598206 1 95990 R 3.0 51 1 7521 174
752846857 1 96278 R 2.0 68 1 4015 175
755032978 1 96558 R 3.0 52 1 7449 176
757242884 1 96841 R 4.0 30 2 18619 177
759452168 1 97123 R 3.0 53 1 7374 178
761622984 1 97401 R 6.0 30 3 29585 179
763855730 1 97687 R 3.0 54 1 7298 180
766070317 1 97970 R 2.0 69 1 5068 181
768243670 1 98249 R 3.0 55 1 7220 182
770427183 1 98528 R 4.0 31 2 17106 183
772678522 1 98816 R 3.0 56 1 7147 184
774831486 1 99092 R 2.0 70 1 5549 185
777035173 1 99374 R 3.0 57 1 5145 186
779258518 1 99659 R 2.0 71 1 5476 187
781438953 1 99938 R 5.0 14 2 31964 188
783667138 1 100223 R 2.0 72 1 5400 189
785889421 1 100507 R 3.0 58 1 5638 190
788102931 1 100791 R 2.0 73 1 5328 191
790261703 1 101067 R 3.0 59 1 5558 192
792467458 1 101349 R 2.0 74 1 5246 193
794680891 1 101633 R 3.0 60 1 5484 194
796878812 1 101914 R 2.0 75 1 5171 195
799084480 1 102196 R 3.0 61 1 5407 196
801274557 1 102477 R 2.0 76 1 5094 197
803514665 1 102763 R 4.0 33 2 20061 198
805676263 1 103040 R 2.0 77 1 5017 199
807884786 1 103323 R 2.0 78 1 4660 200
810077814 1 103603 R 2.0 79 1 4301 201
812317682 1 103890 R 2.0 80 1 3947 202
814479388 1 104167 R 2.0 81 1 3584 203
816688099 1 104450 R 2.0 82 1 3227 204
818881034 1 104730 R 2.0 83 1 2867 205
821094527 1 105014 R 3.0 62 1 7585 206
823323836 1 105299 R 4.0 35 2 15556 207
825529343 1 105581 R 3.0 63 1 7512 208
827739920 1 105864 R 2.0 84 1 3361 209
829948469 1 106147 R 3.0 64 1 7438 210
832096781 1 106422 R 4.0 36 2 16039 211
834352098 1 106711 R 3.0 65 1 7362 212
836562708 1 106993 R 2.0 85 1 3851 213
838740278 1 107272 R 5.0 16 2 37377 214
840950824 1 107555 R 4.0 37 2 16532 215
843112286 1 107832 R 3.0 66 1 7843 216
845322897 1 108115 R 2.0 86 1 4332 217
847531541 1 108397 R 3.0 67 1 7768 218
849742333 1 108680 R 6.0 37 3 31265 219
851935132 1 108961 R 3.0 68 1 7692 220
854145659 1 109244 R 2.0 87 1 4821 221
856385482 1 109531 R 3.0 69 1 7622 222
858533797 1 109806 R 4.0 38 2 16864 223
860757861 1 110090 R 3.0 70 1 7541 224
862968442 1 110373 R 2.0 88 1 5311 225
865177020 1 110656 R 3.0 71 1 5547 226
867387657 1 110939 R 2.0 89 1 5236 227
869580551 1 111220 R 3.0 72 1 5471 228
871791162 1 111503 R 2.0 90 1 5160 229
873968527 1 111781 R 3.0 73 1 5392 230
876179343 1 112064 R 6.0 38 3 46241 231
878403330 1 112349 R 3.0 74 1 5320 232
880614221 1 112632 R 4.0 39 2 19050 233
882767841 1 112908 R 2.0 91 1 5285 234
884968688 1 113189 R 2.0 92 1 4927 235
887216368 1 113477 R 2.0 93 1 4574 236
889385889 1 113755 R 2.0 94 1 4212 237
891602381 1 114039 R 2.0 95 1 3856 238
893803160 1 114320 R 2.0 96 1 3497 239
895988304 1 114600 R 2.0 97 1 3137 240
898220562 1 114886 R 4.0 40 2 16823 241
900382068 1 115162 R 3.0 75 1 7493 242
902639569 1 115451 R 2.0 98 1 3348 243
904817920 1 115730 R 3.0 76 1 7421 244
907043140 1 116015 R 2.0 99 1 3272 245
909245060 1 116297 R 5.0 17 2 40002 246
911431259 1 116577 R 6.0 44 3 27641 247
913622292 1 116857 R 5.0 18 2 38002 248
915803603 1 117136 R 2.0 100 1 3753 249
918026598 1 117421 R 3.0 77 1 7832 250
920222771 1 117702 R 4.0 41 2 15159 251
922453664 1 117988 R 3.0 78 1 7759 252
924626331 1 118266 R 4.0 42 2 15083 253
926865068 1 118552 R 3.0 79 1 7683 254
929076807 1 118835 R 4.0 43 2 15012 255
931260727 1 119115 R 3.0 80 1 7606 256
933449086 1 119395 R 6.0 46 3 27899 257
935640920 1 119675 R 3.0 81 1 7526 258
937868306 1 119961 R 2.0 101 1 5298 259
940067950 1 120242 R 3.0 82 1 7453 260
942271868 1 120524 R 2.0 102 1 5221 261
944479227 1 120807 R 3.0 83 1 5458 262
946659773 1 121086 R 2.0 103 1 5143 263
948875049 1 121369 R 3.0 84 1 5380 264
951094654 1 121654 R 4.0 44 2 16551 265
953255142 1 121930 R 3.0 85 1 5301 266
955451281 1 122211 R 2.0 104 1 5628 267
957671441 1 122495 R 3.0 86 1 5226 268
959917348 1 122783 R 2.0 105 1 5560 269
962102585 1 123063 R 2.0 106 1 5200 270
964272114 1 123340 R 2.0 107 1 4837 271
966488513 1 123624 R 2.0 108 1 4481 272
968689316 1 123906 R 2.0 109 1 4123 273
970874509 1 124185 R 2.0 110 1 3763 274
973106614 1 124471 R 2.0 111 1 3408 275
975322989 1 124755 R 4.0 46 2 17093 276
977503036 1 125034 R 3.0 87 1 7125 277
979726584 1 125318 R 2.0 112 1 3616 278
981911763 1 125598 R 2.0 113 1 3255 279
984143783 1 125884 R 2.0 114 1 2901 280
986297780 1 126160 R 6.0 51 3 28264 281
988498557 1 126441 R 4.0 47 2 14298 282
990746199 1 126729 R 4.0 48 2 13306 283
992915761 1 127007 R 6.0 53 3 25913 284
995132192 1 127290 R 2.0 115 1 3028 285
997315381 1 127570 R 5.0 20 2 40395 286
999535851 1 127854 R 4.0 49 2 13791 287
1001750249 1 128137 R 5.0 21 2 40322 288
1003923687 1 128416 R 2.0 116 1 3513 289
1006155761 1 128701 R 2.0 117 1 3159 290
1008372235 1 128985 R 6.0 54 3 26609 291
1010574931 1 129267 R 3.0 88 1 10078 292
1012775742 1 129549 R 4.0 50 2 14846 293
1014960955 1 129828 R 2.0 118 1 3646 294
1017130510 1 130106 R 4.0 51 2 13484 295
1019346911 1 130390 R 2.0 119 1 3567 296
1021547780 1 130672 R 4.0 52 2 10209 297
1023795431 1 130959 R 2.0 120 1 3496 298
1025964949 1 131237 R 2.0 121 1 3134 299
1028181175 1 131521 R 4.0 53 2 9779 300
1030382190 1 131802 R 2.0 122 1 3060 301
1032567426 1 132082 R 2.0 123 1 2699 302
1034804270 1 132368 R 3.0 89 1 12539 303
1037002186 1 132650 R 6.0 60 3 21315 304
1039168806 1 132927 R 3.0 90 1 12458 305
1041358886 1 133207 R 2.0 124 1 3185 306
1043622035 1 133497 R 4.0 54 2 9834 307
1045807359 1 133777 R 6.0 61 3 21801 308
1047976778 1 134054 R 4.0 55 2 9752 309
1050193181 1 134338 R 4.0 56 2 9396 310
1052394148 1 134620 R 2.0 125 1 3317 311
1054591045 1 134901 R 3.0 91 1 13792 312
1056782156 1 135182 R 6.0 63 3 20647 313
1059014182 1 135467 R 2.0 126 1 3524 314
1061230579 1 135751 R 2.0 127 1 3168 315
1063400091 1 136029 R 3.0 92 1 14280 316
1065647807 1 136316 R 3.0 93 1 13927 317
1067836966 1 136597 R 4.0 57 2 10374 318
1070022117 1 136876 R 2.0 128 1 3653 319
1072254138 1 137162 R 4.0 58 2 10300 320
1074408067 1 137438 R 2.0 129 1 3575 321
1076608886 1 137719 R 4.0 59 2 10217 322
1078856613 1 138007 R 2.0 130 1 3504 323
1081026109 1 138285 R 2.0 131 1 3142 324
1083242397 1 138568 R 4.0 60 2 9786 325
1085443176 1 138850 R 4.0 61 2 8787 326
1087628526 1 139130 R 2.0 132 1 3347 327
1089860620 1 139416 R 6.0 67 3 19760 328
1092077038 1 139699 R 2.0 133 1 2636 329
1094264174 1 139979 R 3.0 94 1 16950 330
1096480374 1 140263 R 4.0 62 2 9560 331
1098667675 1 140543 R 3.0 95 1 14954 332
1100868512 1 140825 R 6.0 68 3 19249 333
1103037901 1 141102 R 4.0 63 2 9760 334
1105254363 1 141386 R 4.0 64 2 9403 335
1107455308 1 141668 R 2.0 134 1 3325 336
1109702819 1 141955 R 4.0 65 2 8693 337
1111872579 1 142233 R 2.0 135 1 3250 338
1114069409 1 142514 R 5.0 23 2 47660 339
1116291531 1 142799 R 4.0 66 2 8896 340
1118504223 1 143082 R 3.0 96 1 14933 341
1120695331 1 143362 R 2.0 136 1 3740 342
1122880308 1 143642 R 4.0 67 2 9100 343
1125112329 1 143928 R 4.0 68 2 8105 344
1127266525 1 144204 R 2.0 137 1 3301 345
1129529596 1 144493 R 4.0 69 2 8030 346
1131714948 1 144773 R 2.0 138 1 3230 347
1133930430 1 145057 R 3.0 97 1 15628 348
1136087062 1 145333 R 4.0 70 2 8230 349
1138310554 1 145617 R 3.0 98 1 12988 350
1140506494 1 145898 R 2.0 139 1 3715 351
1142707265 1 146180 R 6.0 72 3 20125 352
1144892442 1 146460 R 2.0 140 1 3637 353
1147124506 1 146745 R 2.0 141 1 3283 354
1149340787 1 147029 R 4.0 71 2 9286 355
1151541732 1 147311 R 2.0 142 1 3208 356
1153751315 1 147594 R 3.0 99 1 14325 357
1155929506 1 147872 R 4.0 72 2 9490 358
1158161765 1 148158 R 2.0 143 1 3415 359
1160315662 1 148434 R 6.0 73 3 33284 360
1162516530 1 148716 R 2.0 144 1 3333 361
1164771182 1 149004 R 3.0 100 1 13815 362
1166966902 1 149285 R 2.0 145 1 3262 363
1169136463 1 149563 R 4.0 73 2 10541 364
1171352894 1 149847 R 2.0 146 1 3184 365
1173553738 1 150128 R 6.0 74 3 22154 366
1175738974 1 150408 R 4.0 74 2 10106 367
1177970733 1 150694 R 4.0 75 2 9751 368
1180187403 1 150977 R 2.0 147 1 3035 369
1182388002 1 151259 R 4.0 76 2 9676 370
1184559651 1 151537 R 5.0 24 2 52842 371
1186776113 1 151821 R 2.0 148 1 3238 372
1188947787 1 152099 R 3.0 101 1 15630 373
1191148463 1 152380 R 2.0 149 1 3158 374
1193382602 1 152666 R 3.0 102 1 12357 375
1195567617 1 152946 R 6.0 76 3 22411 376
1197801793 1 153232 R 3.0 103 1 12283 377
1199971184 1 153510 R 4.0 77 2 10647 378
1202218894 1 153797 R 2.0 150 1 3935 379
1204388245 1 154075 R 4.0 78 2 9932 380
1206604846 1 154359 R 2.0 151 1 3856 381
1208805716 1 154641 R 6.0 78 3 22825 382
1210990867 1 154920 R 2.0 152 1 3777 383
1213188906 1 155202 R 3.0 104 1 12333 384
1215425649 1 155488 R 2.0 153 1 3705 385
1217579577 1 155764 R 4.0 79 2 10341 386
1219842904 1 156053 R 2.0 154 1 3630 387
1222028160 1 156333 R 2.0 155 1 3270 388
1224197620 1 156611 R 2.0 156 1 2908 389
1226414083 1 156894 R 6.0 80 3 21880 390
1228614686 1 157176 R 4.0 80 2 9834 391
1230800036 1 157456 R 6.0 82 3 19241 392
1233031954 1 157742 R 4.0 81 2 9759 393
1235248561 1 158025 R 2.0 157 1 3042 394
1237449330 1 158307 R 2.0 158 1 2684 395
1239634306 1 158587 R 4.0 82 2 9964 396
1241866567 1 158872 R 2.0 159 1 2610 397
1244020589 1 159148 R 6.0 84 3 19012 398
1246221100 1 159430 R 4.0 83 2 9527 399
1248475103 1 159718 R 3.0 105 1 16209 400
1250628941 1 159994 R 3.0 106 1 14565 401
1252874505 1 160281 R 2.0 160 1 3379 402
1255032528 1 160558 R 3.0 107 1 14489 403
1257246903 1 160841 R 4.0 84 2 10299 404
1259463240 1 161125 R 2.0 161 1 3582 405
1261664083 1 161406 R 4.0 85 2 10224 406
1263849258 1 161686 R 2.0 162 1 3503 407
1266081080 1 161972 R 4.0 86 2 9509 408
1268297777 1 162256 R 2.0 163 1 3433 409
1270498558 1 162537 R 6.0 87 3 18562 410
1272699522 1 162819 R 3.0 108 1 14830 411
1274886257 1 163099 R 4.0 87 2 8717 412
1277071830 1 163379 R 3.0 109 1 14110 413
1279258838 1 163659 R 2.0 164 1 4196 414
1281491030 1 163944 R 3.0 110 1 12115 415
1283677992 1 164224 R 2.0 165 1 3481 416
1285878766 1 164506 R 6.0 88 3 19250 417
1288126447 1 164794 R 2.0 166 1 3411 418
1290296027 1 165071 R 4.0 88 2 10049 419
1292512534 1 165355 R 6.0 89 3 18820 420
1294713238 1 165637 R 2.0 167 1 3614 421
1296898460 1 165916 R 6.0 90 3 18741 422
1299111113 1 166200 R 3.0 111 1 13731 423
1301333265 1 166484 R 2.0 168 1 3821 424
1303487161 1 166760 R 2.0 169 1 3457 425
1305750535 1 167049 R 2.0 170 1 3107 426
1307935687 1 167329 R 4.0 89 2 10386 427
1310105208 1 167607 R 2.0 171 1 3024 428
1312321640 1 167891 R 4.0 90 2 10308 429
1314522477 1 168172 R 2.0 172 1 2949 430
1316715642 1 168453 R 3.0 112 1 15344 431
1318910388 1 168734 R 4.0 91 2 10511 432
1321142439 1 169020 R 2.0 173 1 3157 433
1323358882 1 169303 R 6.0 92 3 20848 434
1325559739 1 169585 R 2.0 174 1 3082 435
1327744857 1 169865 R 4.0 92 2 10362 436
1329976981 1 170150 R 2.0 175 1 3008 437
1332130876 1 170426 R 4.0 93 2 10283 438
1334366973 1 170712 R 3.0 113 1 16963 439
1336534405 1 170990 R 2.0 176 1 3207 440
1338782154 1 171278 R 6.0 94 3 20902 441
1340951682 1 171555 R 2.0 177 1 3132 442
1343168079 1 171839 R 6.0 95 3 20183 443
1345368881 1 172121 R 2.0 178 1 3058 444
1347554063 1 172400 R 4.0 94 2 10338 445
1349786212 1 172686 R 2.0 179 1 2983 446
1352002544 1 172970 R 4.0 95 2 10267 447
1354205477 1 173252 R 3.0 114 1 17583 448
1356406151 1 173533 R 2.0 180 1 3191 449
1358608837 1 173815 R 7.0 43 3 81031 450
1360793908 1 174095 R 4.0 96 2 9472 451
1362997008 1 174377 R 3.0 115 1 14228 452
1365166164 1 174655 R 4.0 97 2 9392 453
1367382834 1 174938 R 6.0 98 3 19444 454
1369583638 1 175220 R 2.0 181 1 3597 455
1371831079 1 175508 R 4.0 98 2 8965 456
1374000905 1 175786 R 2.0 182 1 3523 457
1376217098 1 176069 R 4.0 99 2 8886 458
1378418074 1 176351 R 2.0 183 1 3448 459
1380603258 1 176631 R 4.0 100 2 8808 460
1382788634 1 176910 R 3.0 116 1 16121 461
1385038108 1 177198 R 2.0 184 1 3655 462
1387192065 1 177474 R 2.0 185 1 3291 463
1389425033 1 177760 R 2.0 186 1 2937 464
1391607290 1 178039 R 4.0 101 2 9576 465
1393823716 1 178323 R 2.0 187 1 2860 466
1396024558 1 178605 R 4.0 102 2 9502 467
1398209705 1 178884 R 4.0 103 2 9142 468
1400441859 1 179170 R 2.0 188 1 3067 469
1402627102 1 179450 R 3.0 117 1 16101 470
1404860951 1 179736 R 4.0 104 2 9354 471
1407061793 1 180017 R 2.0 189 1 3275 472
1409247000 1 180297 R 2.0 190 1 2914 473
1411478992 1 180583 R 4.0 105 2 9560 474
1413633161 1 180858 R 6.0 102 3 21524 475
1415833765 1 181140 R 4.0 106 2 9478 476
1418058979 1 181425 R 4.0 107 2 9122 477
1420267567 1 181708 R 2.0 191 1 3045 478
1422449813 1 181987 R 5.0 27 2 72412 479
1424663563 1 182270 R 6.0 103 3 21016 480
1426903247 1 182557 R 2.0 192 1 3254 481
1429064925 1 182834 R 2.0 193 1 2891 482
1431273584 1 183116 R 4.0 108 2 9534 483
1433466779 1 183397 R 6.0 105 3 20862 484
1435706614 1 183684 R 6.0 106 3 19869 485
1437868218 1 183961 R 4.0 109 2 7818 486
1440076804 1 184243 R 2.0 194 1 3020 487
1442319741 1 184530 R 3.0 118 1 20541 488
1444472515 1 184806 R 4.0 110 2 8023 489
1446692083 1 185090 R 3.0 119 1 18541 490
1448915182 1 185375 R 2.0 195 1 3512 491
1451111234 1 185656 R 3.0 120 1 17187 492
1453300155 1 185936 R 2.0 196 1 3433 493
1455514840 1 186219 R 3.0 121 1 15190 494
1457719620 1 186502 R 6.0 108 3 20127 495
1459902740 1 186781 R 3.0 122 1 13192 496
1462105332 1 187063 R 4.0 111 2 9000 497
1464337552 1 187349 R 3.0 123 1 13120 498
1466540178 1 187631 R 2.0 197 1 4488 499
1468694268 1 187906 R 3.0 124 1 13037 500
1470897076 1 188188 R 6.0 109 3 20533 501
1473160310 1 188478 R 3.0 125 1 11049 502
1475362904 1 188760 R 2.0 198 1 4977 503
1477548324 1 189040 R 4.0 112 2 10337 504
1479717665 1 189317 R 2.0 199 1 4894 505
1481953620 1 189603 R 3.0 126 1 9614 506
1484136825 1 189883 R 2.0 200 1 4820 507
1486325972 1 190163 R 3.0 127 1 7614 508
1488540394 1 190447 R 2.0 201 1 4744 509
1490745067 1 190729 R 5.0 29 2 72194 510
1492968411 1 191013 R 2.0 202 1 4671 511
1495148697 1 191292 R 3.0 128 1 6183 512
1497379820 1 191578 R 2.0 203 1 4595 513
1499536607 1 191854 R 3.0 129 1 6105 514
1501775703 1 192141 R 6.0 111 3 21286 515
1503971382 1 192422 R 3.0 130 1 6033 516
1506155834 1 192701 R 4.0 114 2 12080 517
1508379964 1 192986 R 2.0 204 1 4723 518
1510588488 1 193269 R 2.0 205 1 4366 519
1512796098 1 193551 R 3.0 131 1 6522 520
1514984483 1 193831 R 6.0 112 3 21696 521
1517199686 1 194115 R 3.0 132 1 6446 522
1519408315 1 194398 R 2.0 206 1 4855 523
1521587595 1 194677 R 3.0 133 1 6368 524
1523780629 1 194957 R 2.0 207 1 4775 525
1526022441 1 195244 R 3.0 134 1 6295 526
1528199910 1 195523 R 2.0 208 1 4700 527
1530432850 1 195809 R 2.0 209 1 4346 528
1532594655 1 196086 R 2.0 210 1 3983 529
1534803452 1 196368 R 4.0 116 2 14465 530
1536996202 1 196649 R 2.0 211 1 3906 531
1539236281 1 196936 R 6.0 114 3 22240 532
1541397818 1 197212 R 2.0 212 1 3830 533
1543606527 1 197495 R 2.0 213 1 3472 534
1545798414 1 197776 R 5.0 31 2 74761 535
1548002188 1 198058 R 2.0 214 1 3395 536
1550202012 1 198339 R 3.0 135 1 8110 537
1552444820 1 198626 R 2.0 215 1 3324 538
1554652411 1 198909 R 3.0 136 1 8040 539
1556809585 1 199185 R 4.0 118 2 15362 540
1559024755 1 199469 R 3.0 137 1 7960 541
1561220695 1 199750 R 2.0 216 1 3807 542
1563443950 1 200034 R 3.0 138 1 7885 543
1565616693 1 200312 R 4.0 119 2 15850 544
1567847483 1 200598 R 3.0 139 1 7809 545
1570040517 1 200879 R 2.0 217 1 4296 546
1572235453 1 201160 R 3.0 140 1 7091 547
1574475539 1 201446 R 4.0 120 2 15063 548
1576670374 1 201727 R 5.0 33 2 65272 549
1578832264 1 202004 R 4.0 121 2 14342 550
1581089429 1 202293 R 3.0 141 1 7584 551
1583267812 1 202572 R 2.0 218 1 5349 552
1585493061 1 202857 R 3.0 142 1 7508 553
1587694823 1 203138 R 2.0 219 1 5276 554
1589881025 1 203418 R 3.0 143 1 5509 555
1592106287 1 203703 R 2.0 220 1 5200 556
1594253249 1 203978 R 3.0 144 1 5429 557
1596501943 1 204266 R 2.0 221 1 5123 558
1598672542 1 204544 R 3.0 145 1 5355 559
1600882274 1 204826 R 4.0 122 2 16524 560
1603076053 1 205107 R 3.0 146 1 5278 561
1605309160 1 205393 R 2.0 222 1 5610 562
1607526429 1 205677 R 3.0 147 1 5208 563
1609720445 1 205958 R 2.0 223 1 5535 564
1611913438 1 206238 R 2.0 224 1 5176 565
1614090864 1 206517 R 2.0 225 1 4814 566
1616315047 1 206802 R 2.0 226 1 4459 567
1618489519 1 207080 R 2.0 227 1 4097 568
1620709816 1 207364 R 3.0 148 1 6255 569
1622893050 1 207644 R 2.0 228 1 4021 570
1625140977 1 207931 R 4.0 124 2 16430 571
1627310528 1 208209 R 4.0 125 2 15426 572
1629526719 1 208493 R 2.0 229 1 3590 573
1631727587 1 208775 R 2.0 230 1 3232 574
1633912741 1 209054 R 2.0 231 1 2871 575
1636145006 1 209340 R 4.0 126 2 15917 576
1638361396 1 209624 R 4.0 127 2 14282 577
1640548290 1 209904 R 5.0 35 2 56169 578
1642765767 1 210187 R 2.0 232 1 3365 579
1644951877 1 210467 R 3.0 149 1 8718 580
1647130268 1 210746 R 2.0 233 1 3283 581
1649339792 1 211029 R 3.0 150 1 8640 582
1651541821 1 211311 R 4.0 128 2 15329 583
1653774640 1 211597 R 3.0 151 1 8568 584
1655937400 1 211873 R 2.0 234 1 3771 585
1658131359 1 212154 R 3.0 152 1 8485 586
1660380270 1 212442 R 6.0 122 3 30706 587
1662597358 1 212726 R 3.0 153 1 8417 588
1664744494 1 213001 R 2.0 235 1 4258 589
1666985360 1 213288 R 3.0 154 1 8339 590
1669156120 1 213565 R 6.0 123 3 30551 591
1671357709 1 213847 R 3.0 155 1 8258 592
1673551861 1 214128 R 4.0 129 2 16865 593
1675776800 1 214413 R 3.0 156 1 8184 594
1677975718 1 214694 R 2.0 236 1 5311 595
1680180436 1 214977 R 3.0 157 1 7468 596
1682410541 1 215262 R 2.0 237 1 5239 597
1684568382 1 215538 R 3.0 158 1 5469 598
1686767202 1 215820 R 2.0 238 1 5157 599
1689030752 1 216109 R 4.0 130 2 16287 600
1691215923 1 216389 R 6.0 127 3 27613 601
1693385241 1 216667 R 2.0 239 1 4724 602
1695601708 1 216950 R 2.0 240 1 4368 603
1697802512 1 217232 R 2.0 241 1 4009 604
1699987661 1 217512 R 2.0 242 1 3649 605
1702219774 1 217798 R 2.0 243 1 3295 606
1704422496 1 218080 R 3.0 159 1 7371 607
1706638933 1 218363 R 2.0 244 1 3220 608
1708839706 1 218645 R 2.0 245 1 2862 609
1711025099 1 218925 R 4.0 132 2 13982 610
1713257174 1 219210 R 6.0 129 3 27235 611
1715410973 1 219486 R 2.0 246 1 3063 612
1717612865 1 219768 R 4.0 133 2 12905 613
1719836967 1 220053 R 2.0 247 1 2990 614
1722045763 1 220335 R 4.0 134 2 12192 615
1724260936 1 220619 R 3.0 160 1 9270 616
1726441274 1 220898 R 2.0 248 1 3195 617
1728664566 1 221182 R 3.0 161 1 9193 618
1730884138 1 221467 R 6.0 131 3 26291 619
1733052537 1 221744 R 3.0 162 1 9115 620
1735248649 1 222025 R 6.0 132 3 24929 621
1737487260 1 222312 R 5.0 38 2 47457 622
1739688405 1 222594 R 4.0 135 2 13171 623
1741844012 1 222869 R 5.0 39 2 37774 624
1744091665 1 223157 R 2.0 249 1 4174 625
1746247545 1 223433 R 3.0 163 1 9524 626
1748479817 1 223719 R 4.0 136 2 12377 627
1750697942 1 224003 R 3.0 164 1 9454 628
1752851983 1 224278 R 2.0 250 1 4656 629
1755070296 1 224562 R 3.0 165 1 9373 630
1757271344 1 224844 R 4.0 137 2 12861 631
1759489485 1 225128 R 3.0 166 1 9299 632
1761706897 1 225412 R 2.0 251 1 5149 633
1763893011 1 225692 R 3.0 167 1 7303 634
1766071641 1 225971 R 6.0 136 3 23114 635
1768280019 1 226253 R 2.0 252 1 5350 636
1770509147 1 226539 R 2.0 253 1 4996 637
1772694361 1 226818 R 2.0 254 1 4635 638
1774926478 1 227104 R 2.0 255 1 4281 639
1777080309 1 227380 R 2.0 256 1 3917 640
1779313405 1 227666 R 2.0 257 1 3563 641
1781537615 1 227950 R 2.0 258 1 3207 642
1783700274 1 228227 R 3.0 168 1 7278 643
1785948961 1 228515 R 2.0 259 1 3132 644
1788142165 1 228796 R 6.0 138 3 23378 645
1790319359 1 229074 R 2.0 260 1 3051 646
1792543869 1 229359 R 4.0 139 2 12257 647
1794752184 1 229642 R 2.0 261 1 2979 648
1796945419 1 229922 R 4.0 140 2 12180 649
1799122581 1 230201 R 2.0 262 1 2898 650
1801346992 1 230486 R 4.0 141 2 12103 651
1803568156 1 230770 R 3.0 169 1 9181 652
1805758437 1 231050 R 6.0 140 3 22433 653
1807971628 1 231334 R 3.0 170 1 9105 654
1810156874 1 231614 R 5.0 41 2 41399 655
1812330515 1 231892 R 4.0 142 2 12869 656
1814545760 1 232175 R 5.0 42 2 38120 657
1816780758 1 232461 R 2.0 263 1 3879 658
1818941476 1 232738 R 3.0 171 1 9229 659
1821153333 1 233021 R 4.0 143 2 13358 660
1823384126 1 233307 R 3.0 172 1 9158 661
1825565419 1 233586 R 2.0 264 1 4363 662
1827748639 1 233865 R 3.0 173 1 9076 663
1830008318 1 234154 R 4.0 144 2 13853 664
1832159980 1 234430 R 3.0 174 1 9001 665
1834372582 1 234713 R 2.0 265 1 4850 666
1836555770 1 234993 R 3.0 175 1 8924 667
1838784134 1 235278 R 4.0 145 2 14335 668
1840998454 1 235561 R 3.0 176 1 6932 669
1843179917 1 235840 R 4.0 146 2 11058 670
1845425363 1 236128 R 3.0 177 1 4939 671
1847622338 1 236409 R 2.0 266 1 5906 672
1849773340 1 236684 R 2.0 267 1 5542 673
1851989768 1 236968 R 2.0 268 1 4545 674
1854190750 1 237250 R 4.0 147 2 11187 675
1856438289 1 237538 R 2.0 269 1 4475 676
1858607814 1 237815 R 2.0 270 1 4112 677
1860824209 1 238099 R 2.0 271 1 3756 678
1863025015 1 238381 R 2.0 272 1 3398 679
1865190626 1 238658 R 5.0 44 2 38203 680
1867412978 1 238942 R 2.0 273 1 3319 681
1869645104 1 239228 R 2.0 274 1 2965 682
1871799148 1 239504 R 4.0 149 2 12161 683
1874062281 1 239793 R 2.0 275 1 2891 684
1876256455 1 240074 R 6.0 146 3 34817 685
1878467754 1 240357 R 3.0 178 1 8528 686
1880652935 1 240637 R 3.0 179 1 8168 687
1882836438 1 240916 R 4.0 150 2 12934 688
1885036978 1 241198 R 2.0 276 1 3655 689
1887222362 1 241478 R 4.0 151 2 12856 690
1889454244 1 241764 R 2.0 277 1 3581 691
1891670661 1 242047 R 2.0 278 1 3224 692
1893871720 1 242329 R 4.0 152 2 13067 693
1896065420 1 242610 R 2.0 279 1 3147 694
1898274314 1 242893 R 6.0 148 3 25315 695
1900467279 1 243173 R 4.0 153 2 12631 696
1902644397 1 243452 R 2.0 280 1 3349 697
1904868852 1 243737 R 4.0 154 2 12554 698
1907100860 1 244022 R 3.0 180 1 10913 699
1909280020 1 244301 R 2.0 281 1 2918 700
1911470271 1 244582 R 3.0 181 1 10833 701
1913676013 1 244864 R 4.0 155 2 11761 702
1915858222 1 245143 R 3.0 182 1 10754 703
1918118644 1 245433 R 6.0 152 3 23375 704
1920309438 1 245713 R 5.0 45 2 43978 705
1922483143 1 245991 R 6.0 153 3 22014 706
1924705352 1 246276 R 3.0 183 1 11247 707
1926894482 1 246556 R 6.0 154 3 20658 708
1929087267 1 246837 R 2.0 282 1 4174 709
1931327175 1 247123 R 4.0 156 2 9540 710
1933488973 1 247400 R 2.0 283 1 4097 711
1935697500 1 247683 R 4.0 157 2 9460 712
1937895441 1 247964 R 2.0 284 1 4021 713
1940143055 1 248252 R 2.0 285 1 3669 714
1942302064 1 248528 R 3.0 184 1 12859 715
1944515403 1 248811 R 2.0 286 1 3589 716
1946731833 1 249095 R 2.0 287 1 3232 717
1948932606 1 249377 R 2.0 288 1 2874 718
1951118060 1 249657 R 6.0 156 3 21199 719
1953349877 1 249942 R 4.0 158 2 9799 720
1955559508 1 250225 R 2.0 289 1 3082 721
1957736806 1 250504 R 4.0 159 2 9722 722
1959966131 1 250789 R 3.0 185 1 14480 723
1962163839 1 251070 R 2.0 290 1 3288 724
1964372460 1 251353 R 4.0 160 2 9931 725
1966565416 1 251634 R 2.0 291 1 3211 726
1968742855 1 251913 R 2.0 292 1 2850 727
1970967271 1 252197 R 6.0 158 3 21819 728
1973175850 1 252480 R 4.0 161 2 10417 729
1975368646 1 252761 R 2.0 293 1 3058 730
1977546237 1 253039 R 6.0 159 3 20741 731
1979742134 1 253320 R 3.0 186 1 14451 732
1981973104 1 253606 R 2.0 294 1 3263 733
1984181631 1 253889 R 2.0 295 1 2906 734
1986374866 1 254169 R 4.0 162 2 11467 735
1988596147 1 254454 R 4.0 163 2 11111 736
1990765733 1 254731 R 4.0 164 2 10750 737
1992982169 1 255015 R 6.0 162 3 18237 738
1995182735 1 255297 R 2.0 296 1 3034 739
1997362016 1 255576 R 5.0 46 2 50001 740
1999570738 1 255858 R 4.0 165 2 8677 741
2001812687 1 256145 R 3.0 187 1 15356 742
2004005508 1 256426 R 2.0 297 1 3523 743
2006184794 1 256705 R 5.0 47 2 44730 744
2008424665 1 256992 R 2.0 298 1 3449 745
2010625540 1 257273 R 4.0 166 2 9451 746
2012810656 1 257553 R 4.0 167 2 9090 747
2014980210 1 257831 R 2.0 299 1 3648 748
2017196849 1 258115 R 6.0 164 3 20058 749
2019429708 1 258400 R 2.0 300 1 3578 750
2021611924 1 258680 R 4.0 168 2 8937 751
2023820775 1 258962 R 3.0 188 1 14333 752
2026031148 1 259245 R 2.0 301 1 3783 753
2028231954 1 259527 R 2.0 302 1 3424 754
2030417105 1 259807 R 2.0 303 1 3064 755
2032649221 1 260093 R 4.0 169 2 9711 756
2034803123 1 260368 R 2.0 304 1 2985 757
2037066599 1 260658 R 6.0 166 3 20680 758
2039251576 1 260938 R 2.0 305 1 2915 759
2041421175 1 261215 R 4.0 170 2 9554 760
2043643584 1 261500 R 3.0 189 1 16231 761
2045840589 1 261781 R 6.0 167 3 19884 762
2048041124 1 262063 R 4.0 171 2 9760 763
2050226343 1 262342 R 2.0 306 1 3040 764
2052458393 1 262628 R 4.0 172 2 9685 765
2054674791 1 262912 R 2.0 307 1 2969 766
2056875871 1 263194 R 6.0 169 3 20017 767
2059060813 1 263473 R 2.0 308 1 2890 768
2061248140 1 263753 R 3.0 190 1 17844 769
2063495591 1 264041 R 4.0 173 2 9818 770
2065649560 1 264317 R 4.0 174 2 9454 771
2067850331 1 264598 R 2.0 309 1 3375 772
2070098108 1 264886 R 2.0 310 1 3023 773
2072267567 1 265164 R 4.0 175 2 9661 774
2074484034 1 265447 R 2.0 311 1 2945 775
2076684838 1 265729 R 4.0 176 2 8306 776
2078899514 1 266013 R 3.0 191 1 19464 777
2081072743 1 266291 R 2.0 312 1 3148 778
2083318695 1 266578 R 3.0 192 1 17469 779
2085507593 1 266858 R 4.0 177 2 8796 780
2087722200 1 267142 R 3.0 193 1 16113 781
2089926840 1 267424 R 2.0 313 1 3641 782
2092127758 1 267706 R 6.0 172 3 20048 783
2094312801 1 267985 R 2.0 314 1 3563 784
2096482290 1 268263 R 4.0 178 2 9561 785
2098698721 1 268547 R 2.0 315 1 3484 786
2100899554 1 268829 R 4.0 179 2 9486 787
2103123958 1 269113 R 3.0 194 1 15524 788
2105350000 1 269398 R 2.0 316 1 3695 789
2107519520 1 269676 R 4.0 180 2 9694 790
2109735953 1 269960 R 2.0 317 1 3617 791
2111936798 1 270241 R 2.0 318 1 3259 792
2114122011 1 270521 R 2.0 319 1 2898 793
2116354197 1 270807 R 6.0 174 3 20589 794
2118508168 1 271082 R 6.0 175 3 19586 795
2120712599 1 271365 R 5.0 48 2 57470 796
2122974232 1 271654 R 4.0 181 2 10391 797
2125159174 1 271934 R 4.0 182 2 9391 798
2127328787 1 272212 R 2.0 320 1 3309 799
2129545183 1 272495 R 2.0 321 1 2952 800
2131746163 1 272777 R 6.0 177 3 20000 801
2133931138 1 273057 R 2.0 322 1 2874 802
2136163218 1 273342 R 4.0 183 2 9519 803
2138379691 1 273626 R 4.0 184 2 9164 804
2140551340 1 273904 R 3.0 195 1 17755 805
2142783189 1 274190 R 2.0 323 1 3367 806
2144968405 1 274469 R 2.0 324 1 3007 807
2147200461 1 274755 R 4.0 185 2 9652 808
2149354357 1 275031 R 2.0 325 1 2928 809
2151555435 1 275312 R 6.0 179 3 20615 810
2153802841 1 275600 R 2.0 326 1 2857 811
2155972404 1 275878 R 4.0 186 2 9495 812
2158171448 1 276159 R 3.0 196 1 19370 813
2160391864 1 276444 R 6.0 181 3 18547 814
2162621892 1 276729 R 3.0 197 1 17380 815
2164795185 1 277007 R 2.0 327 1 3624 816
2166994170 1 277289 R 3.0 198 1 15380 817
2169183092 1 277569 R 2.0 328 1 3546 818
2171415185 1 277855 R 4.0 187 2 9552 819
2173631580 1 278138 R 2.0 329 1 3475 820
2175832684 1 278420 R 6.0 182 3 19243 821
2178017570 1 278700 R 4.0 188 2 9757 822
2180187367 1 278977 R 6.0 183 3 18520 823
2182403794 1 279261 R 6.0 184 3 18163 824
2184629918 1 279546 R 3.0 199 1 15717 825
2186807117 1 279825 R 2.0 330 1 3882 826
2189033479 1 280110 R 3.0 200 1 13721 827
2191257592 1 280394 R 2.0 331 1 3812 828
2193427145 1 280672 R 2.0 332 1 3449 829
2195643752 1 280956 R 4.0 189 2 10093 830
2197844415 1 281238 R 2.0 333 1 3375 831
2200029570 1 281517 R 4.0 190 2 9374 832
2202261580 1 281803 R 2.0 334 1 3300 833
2204415725 1 282079 R 6.0 186 3 19062 834
2206678838 1 282368 R 2.0 335 1 3225 835
2208840758 1 282645 R 3.0 201 1 15616 836
2211066857 1 282930 R 2.0 336 1 3147 837
2213236523 1 283208 R 6.0 187 3 19551 838
2215452783 1 283491 R 2.0 337 1 3069 839
2217653794 1 283773 R 4.0 191 2 10351 840
2219838732 1 284053 R 2.0 338 1 2990 841
2222070854 1 284338 R 4.0 192 2 9636 842
2224287219 1 284622 R 2.0 339 1 2919 843
2226492131 1 284904 R 3.0 202 1 17235 844
2228690993 1 285186 R 6.0 189 3 18968 845
2230876237 1 285466 R 4.0 193 2 10123 846
2233108266 1 285751 R 6.0 190 3 18253 847
2235261951 1 286027 R 2.0 340 1 3044 848
2237462964 1 286309 R 4.0 194 2 10327 849
2239710446 1 286596 R 2.0 341 1 2974 850
2241880035 1 286874 R 4.0 195 2 8972 851
2244096422 1 287158 R 2.0 342 1 2895 852
2246268099 1 287436 R 3.0 203 1 17847 853
2248500026 1 287721 R 4.0 196 2 9179 854
2250685197 1 288001 R 2.0 343 1 3098 855
2252936931 1 288289 R 3.0 204 1 16780 856
2255119981 1 288569 R 4.0 197 2 9386 857
2257324893 1 288851 R 3.0 205 1 14782 858
2259539207 1 289134 R 2.0 344 1 3592 859
2261697178 1 289411 R 3.0 206 1 12782 860
2263942771 1 289698 R 4.0 198 2 9236 861
2266116194 1 289976 R 5.0 51 2 66480 862
2268330675 1 290260 R 2.0 345 1 4077 863
2270519933 1 290540 R 3.0 207 1 12631 864
2272703026 1 290819 R 4.0 199 2 9717 865
2274907872 1 291102 R 3.0 208 1 11273 866
2277122241 1 291385 R 2.0 346 1 4562 867
2279342704 1 291669 R 3.0 209 1 11200 868
2281525953 1 291949 R 4.0 200 2 10206 869
2283773463 1 292236 R 2.0 347 1 4774 870
2285964428 1 292517 R 3.0 210 1 9488 871
2288145985 1 292796 R 6.0 194 3 21458 872
2290368057 1 293081 R 3.0 211 1 8132 873
2292564930 1 293362 R 2.0 348 1 5259 874
2294756025 1 293642 R 3.0 212 1 6133 875
2296968530 1 293925 R 2.0 349 1 5183 876
2299190748 1 294210 R 3.0 213 1 5421 877
2301356527 1 294487 R 2.0 350 1 5104 878
2303547504 1 294768 R 5.0 53 2 62952 879
2305791250 1 295055 R 2.0 351 1 5032 880
2307945215 1 295330 R 2.0 352 1 4668 881
2310208524 1 295620 R 2.0 353 1 4317 882
2312356525 1 295895 R 3.0 214 1 6466 883
2314596630 1 296182 R 4.0 203 2 12520 884
2316806958 1 296465 R 3.0 215 1 6396 885
2318976548 1 296742 R 3.0 216 1 6033 886
2321171739 1 297023 R 6.0 196 3 23767 887
2323395735 1 297308 R 3.0 217 1 5959 888
2325590758 1 297589 R 2.0 354 1 5006 889
2327799264 1 297872 R 3.0 218 1 5883 890
2329994254 1 298153 R 2.0 355 1 4930 891
2332179467 1 298432 R 2.0 356 1 4570 892
2334411730 1 298718 R 4.0 205 2 13135 893
2336627919 1 299002 R 2.0 357 1 4499 894
2338828790 1 299284 R 2.0 358 1 4141 895
2341014145 1 299563 R 4.0 206 2 13341 896
2343245959 1 299849 R 2.0 359 1 4066 897
2345399894 1 300125 R 2.0 360 1 3702 898
2347606526 1 300407 R 3.0 219 1 7778 899
2349803459 1 300688 R 2.0 361 1 3625 900
2352051231 1 300976 R 2.0 362 1 3273 901
2354220695 1 301254 R 2.0 363 1 2911 902
2356437370 1 301537 R 4.0 207 2 14036 903
2358638173 1 301819 R 4.0 208 2 13677 904
2360823315 1 302099 R 4.0 209 2 12037 905
2363055196 1 302384 R 3.0 220 1 9115 906
2365258170 1 302666 R 6.0 201 3 24929 907
2367474413 1 302950 R 3.0 221 1 9041 908
2369677151 1 303232 R 2.0 364 1 3609 909
2371878131 1 303514 R 4.0 210 2 11532 910
2374063171 1 303794 R 2.0 365 1 3531 911
2376232692 1 304071 R 2.0 366 1 3168 912
2378449297 1 304355 R 4.0 211 2 11733 913
2380650105 1 304637 R 6.0 203 3 23699 914
2382891912 1 304924 R 3.0 222 1 10375 915
2385100335 1 305206 R 2.0 367 1 3663 916
2387279916 1 305485 R 3.0 223 1 10296 917
2389472889 1 305766 R 4.0 212 2 11224 918
2391689079 1 306050 R 2.0 368 1 3867 919
2393889922 1 306331 R 2.0 369 1 3509 920
2396075134 1 306611 R 2.0 370 1 3148 921
2398307330 1 306897 R 4.0 213 2 11075 922
