using saved target 'z1'
../../../../contiki/tools/sky/serialdump-linux -b115200 /dev/ttyUSB4
connecting to /dev/ttyUSB4 (115200) [OK]
Rime started with address 5.0
MAC 05:00:00:00:00:00:00:00 Ref ID: 4841
Contiki-3.x-2125-g5d67a61 started. Node id is set to 5.

************************************************
RTIMER_SECOND = 32768. F_CPU=8000000.
CLOCK_SECOND=128.
DURSLOT = 6015.(0.1835 s).
DURSLEEP = 66165.
DURCYCLE = 72180 .(2.2027 s).
MAX_CLOCK_DRIFT = WAKEUP_ADVANCE_TIME = 327 (0.0033 s).
PERIODIC_BCAST_CYCLES_SENSOR = 196611.
PERIODIC_BCAST_CYCLES_SINK = 196611.
MAX_CYCLE_COUNTER = 27904.
MAX_COUNT_NO_RTS_CTS = 65535.
MAX_CHILD_NUM = 10.
MAX_TRY_TO_FIND_PARENT = 3.

**********Below is Related Settings**********
PRIMAC_CONF_COMPOWER = 1.
PRIMAC_CONF_COMPOWER_SUPPORT = 1.
SF = 10.
PRI_SYNC_SUPPORT = 1.
RANDOM_DRIFT_IN_COOJA_SUPPORT = 0.
ADCSC_SUPPORT = 1.
DATA_TX_SUPPORT = 1.
CYCLES_PER_PACKET = 2.
DATA_INTERVAL = 1.
RETX_LIMIT = 6.
TOTAL_DATA_NUM = 50.
MAX_DATA_QUEUE_BUFS = 10.
PROC_GRADE_BASED_ON_ADDR_SUPPORT = 1.
NODES_NUM_PER_GRADE = 2.
ADDRESS_FREE_SUPPORT = 1.
IS_COOJA_SIM = 0.
CROSS_PLATFORM_SUPPORT = 1.
************************************************

My address is 28.0.
nullmac PRIMAC, channel check rate 8 Hz, radio channel 26
Starting
Hello, world
 P 0 0 0 2138542
 P 0 0 3390 2210722
 P 0 0 6842 2284509
 P 0 0 10232 2355082
 P 0 0 13622 2427262
 P 0 0 17012 2499442
 P 0 0 20402 2571622
EMPTY QUEUE
 P 66 0 23794 2644838
EMPTY QUEUE
 P 433 0 27194 2717872
PT [188 0 1 -3 1]
 P 433 0 30584 2788162
PT [188 0 2 -3 1]
 P 433 0 33974 2860342
PT [188 0 3 -3 1]
 P 1909 0 35888 2932522
PT [188 0 4 -3 1]
 P 3180 0 38007 3004702
PT [188 0 5 -3 1]
EMPTY QUEUE
 P 3676 0 41406 3079571
PT [188 0 6 -6 1]
 P 3676 0 44796 3149062
PT [188 0 7 -6 1]
 P 3676 0 48186 3221242
PT [188 0 8 -6 1]
 P 5069 0 48189 3293422
PT [188 0 9 -6 1]
rcv bro rts
 P 6577 0 48230 3365602
PT [188 0 10 -6 1]
EMPTY QUEUE
 P 7137 0 51629 3438935
PT [188 0 11 -8 1]
 P 7137 0 55019 3509962
PT [188 0 12 -8 1]
 P 7137 0 58409 3582142
PT [188 0 13 -8 1]
 P 9270 0 58412 3654322
PT [188 0 14 -8 1]
 P 11486 0 58420 3726502
PT [188 0 15 -8 1]
EMPTY QUEUE
 P 12013 0 61820 3799739
PT [188 0 16 -10 1]
 P 12013 0 65210 3870862
PT [188 0 17 -10 1]
 P 12013 0 68600 3943042
PT [188 0 18 -10 1]
 P 13403 0 68603 4015222
PT [188 0 19 -10 1]
 P 14386 0 68611 4087402
PT [188 0 20 -10 1]
EMPTY QUEUE
 P 14883 0 72010 4162081
PT [188 0 21 -12 1]
 P 14883 0 75400 4231762
PT [188 0 22 -12 1]
 P 14883 0 78790 4303942
PT [188 0 23 -12 1]
 P 17490 0 78793 4376122
PT [188 0 24 -12 1]
 P 19050 0 78802 4448302
PT [188 0 25 -12 1]
EMPTY QUEUE
 P 19545 0 82202 4521891
PT [188 0 26 -14 1]
 P 19545 0 85592 4592662
PT [188 0 27 -14 1]
 P 19545 0 88982 4664842
PT [188 0 28 -14 1]
 P 22144 0 88985 4737022
PT [188 0 29 -14 1]
 P 23350 0 88993 4809202
PT [188 0 30 -14 1]
EMPTY QUEUE
 P 23973 0 92393 4883367
PT [188 0 31 -16 1]
 P 23973 0 95783 4953562
PT [188 0 32 -16 1]
 P 23973 0 99173 5025742
PT [188 0 33 -16 1]
 P 26675 0 99176 5097922
PT [188 0 34 -16 1]
 P 27694 0 99185 5170102
PT [188 0 35 -16 1]
EMPTY QUEUE
 P 27763 0 105147 5246212
PT [188 0 36 -16 1]
EMPTY QUEUE
 P 28386 0 108547 5316607
PT [188 0 37 -18 1]
 P 28386 0 111937 5386642
PT [188 0 38 -18 1]
 P 29231 0 111940 5458822
PT [188 0 39 -18 1]
 P 31424 0 111949 5531002
PT [188 0 40 -18 1]
 P 31424 0 115339 5603182
PT [188 0 41 -18 1]
EMPTY QUEUE
 P 31952 0 118739 5677604
PT [188 0 42 -19 1]
 P 31952 0 122129 5747542
PT [188 0 43 -19 1]
 P 33634 0 122132 5819722
PT [188 0 44 -19 1]
 P 34430 0 122141 5891902
PT [188 0 45 -19 1]
 P 34430 0 125531 5964082
PT [188 0 46 -19 1]
EMPTY QUEUE
 P 34957 0 128930 6038183
PT [188 0 47 -22 1]
 P 34957 0 132320 6108442
PT [188 0 48 -22 1]
 P 37201 0 132323 6180622
PT [188 0 49 -22 1]
 P 38088 0 132332 6252802
PT [188 0 50 -22 1]
 P 38088 0 135722 6324982
PT [188 0 51 -22 1]
EMPTY QUEUE
 P 38647 0 139121 6398283
PT [188 0 52 -24 1]
 P 38647 0 142511 6469342
PT [188 0 53 -24 1]
 P 41249 0 142514 6541522
PT [188 0 54 -24 1]
 P 43134 0 142523 6613702
PT [188 0 55 -24 1]
 P 45574 0 142531 6685882
PT [188 0 56 -24 1]
EMPTY QUEUE
 P 46197 0 145930 6760879
PT [188 0 57 -26 1]
 P 46197 0 149320 6830242
PT [188 0 58 -26 1]
 P 48313 0 149323 6902422
PT [188 0 59 -26 1]
 P 48313 0 152713 6974602
PT [188 0 60 -26 1]
 P 50538 0 152721 7046782
PT [188 0 61 -26 1]
EMPTY QUEUE
 P 51097 0 156120 7120115
PT [188 0 62 -28 1]
 P 51097 0 159510 7191142
PT [188 0 63 -28 1]
 P 52232 0 159513 7263322
PT [188 0 64 -28 1]
 P 52232 0 162903 7335502
PT [188 0 65 -28 1]
 P 52232 0 166293 7407682
PT [188 0 66 -28 1]
EMPTY QUEUE
 P 55201 0 166310 7480921
PT [188 0 67 -30 1]
 P 55201 0 169700 7552042
PT [188 0 68 -30 1]
 P 57793 0 169703 7624222
PT [188 0 69 -30 1]
 P 57793 0 173093 7696402
PT [188 0 70 -30 1]
 P 57793 0 176483 7768582
PT [188 0 71 -30 1]
EMPTY QUEUE
 P 60029 0 176493 7842768
PT [188 0 72 -30 1]
EMPTY QUEUE
 P 60524 0 179893 7914959
PT [188 0 73 -33 1]
 P 62200 0 179896 7985122
PT [188 0 74 -33 1]
 P 62200 0 183286 8057302
PT [188 0 75 -33 1]
 P 62200 0 186676 8129482
PT [188 0 76 -33 1]
 P 63920 0 186684 8201662
PT [188 0 77 -33 1]
EMPTY QUEUE
 P 64415 0 190084 8276051
PT [188 0 78 -35 1]
 P 66144 0 190087 8346022
PT [188 0 79 -35 1]
 P 66144 0 193477 8418202
PT [188 0 80 -35 1]
 P 66144 0 196867 8490382
PT [188 0 81 -35 1]
 P 67699 0 196876 8562562
PT [188 0 82 -35 1]
EMPTY QUEUE
 P 68322 0 200276 8636759
PT [188 0 83 -37 1]
 P 69804 0 200279 8706922
PT [188 0 84 -37 1]
 P 69804 0 203669 8779102
PT [188 0 85 -37 1]
 P 69804 0 207059 8851282
PT [188 0 86 -37 1]
 P 72001 0 207067 8923462
PT [188 0 87 -37 1]
EMPTY QUEUE
 P 72560 0 210467 8996763
PT [188 0 88 -39 1]
 P 74002 0 210470 9067822
PT [188 0 89 -39 1]
 P 74002 0 213860 9140002
PT [188 0 90 -39 1]
 P 74002 0 217250 9212182
PT [188 0 91 -39 1]
 P 74890 0 217258 9284362
PT [188 0 92 -39 1]
EMPTY QUEUE
 P 75513 0 220658 9358431
PT [188 0 93 -41 1]
 P 76581 0 220661 9428722
PT [188 0 94 -41 1]
 P 76581 0 224051 9500902
PT [188 0 95 -41 1]
 P 76581 0 227441 9573082
PT [188 0 96 -41 1]
 P 77887 0 227450 9645262
PT [188 0 97 -41 1]
EMPTY QUEUE
 P 78446 0 230850 9719459
PT [188 0 98 -43 1]
 P 80618 0 230853 9789622
PT [188 0 99 -43 1]
 P 80618 0 234243 9861802
PT [188 0 100 -43 1]
 P 80618 0 237633 9933982
PT [188 0 101 -43 1]
 P 83416 0 237641 10006162
PT [188 0 102 -43 1]
EMPTY QUEUE
 P 84039 0 241041 10080103
PT [188 0 103 -45 1]
 P 86728 0 241044 10150522
PT [188 0 104 -45 1]
 P 86728 0 244434 10222702
PT [188 0 105 -45 1]
 P 86728 0 247824 10294882
PT [188 0 106 -45 1]
 P 87906 0 247832 10367062
PT [188 0 107 -45 1]
EMPTY QUEUE
 P 87975 0 253794 10444228
PT [188 0 108 -45 1]
 P 88840 0 253797 10511422
PT [188 0 109 -45 1]
EMPTY QUEUE
 P 89463 0 257197 10585747
PT [188 0 110 -48 1]
 P 89463 0 260587 10655782
PT [188 0 111 -48 1]
 P 91210 0 260595 10727962
PT [188 0 112 -48 1]
 P 91210 0 263985 10800142
PT [188 0 113 -48 1]
 P 93771 0 263988 10872322
PT [188 0 114 -48 1]
 P 96256 0 263991 10944502
PT [188 0 115 -48 1]
EMPTY QUEUE
 P 96325 0 269953 11021028
PT [188 0 116 -48 1]
EMPTY QUEUE
 P 98189 0 269972 11091583
PT [188 0 117 -51 1]
 P 98189 0 273362 11161042
PT [188 0 118 -51 1]
 P 98189 0 276752 11233222
PT [188 0 119 -51 1]
 P 100548 0 276755 11305402
PT [188 0 120 -51 1]
 P 100548 0 280145 11377582
PT [188 0 121 -51 1]
EMPTY QUEUE
 P 103045 0 280163 11450883
PT [188 0 122 -53 1]
 P 103045 0 283553 11521942
PT [188 0 123 -53 1]
 P 103045 0 286943 11594122
PT [188 0 124 -53 1]
 P 104680 0 286946 11666302
PT [188 0 125 -53 1]
 P 104680 0 290336 11738482
PT [188 0 126 -53 1]
EMPTY QUEUE
 P 106195 0 290355 11811751
PT [188 0 127 -55 1]
 P 106818 72 293757 11884269
PT [188 0 128 -55 1]
 P 108433 288 297182 11956738
PT [188 0 129 -55 1]
 P 110312 288 297185 12027202
PT [188 0 130 -55 1]
 P 110935 360 300587 12101705
PT [188 0 131 -56 1]
 P 111533 432 306560 12173854
PT [188 0 132 -55 1]
 P 115227 504 306591 12245140
PT [188 0 133 -57 1]
 P 115851 504 309991 12318068
PT [188 0 134 -57 1]
 P 118030 576 310014 12388102
PT [188 0 135 -58 1]
 P 118589 576 313414 12461435
PT [188 0 136 -58 1]
 P 121076 648 318163 12535656
PT [188 0 137 -58 1]
 P 123788 720 318183 12607637
PT [188 0 138 -59 1]
 P 125564 936 321608 12679050
PT [188 0 139 -59 1]
 P 128865 1008 321624 12749002
PT [188 0 140 -60 1]
 P 129489 1008 325024 12823328
PT [188 0 141 -60 1]
 P 131169 1008 328441 12894516
PT [188 0 142 -61 1]
Warning: retx limit drop data
 P 134595 1080 328481 12968167
PT [188 0 143 -61 1]
 P 136211 1152 331902 13039981
PT [188 0 144 -61 1]
 P 139377 1224 331926 13109902
PT [188 0 145 -62 1]
 P 139968 1224 335326 13183971
PT [188 0 146 -62 1]
 P 143124 1296 335365 13256504
PT [188 0 147 -63 1]
 P 146998 1368 335406 13329309
PT [188 0 148 -63 1]
 P 151604 1368 335438 13398622
PT [188 0 149 -63 1]
 P 153472 1368 335441 13470802
PT [188 0 150 -63 1]
 P 155481 1368 335445 13542982
PT [188 0 151 -63 1]
 P 157664 1368 335448 13615162
PT [188 0 152 -63 1]
 P 158746 1368 335451 13687342
PT [188 0 153 -63 1]
 P 160818 1368 335454 13759522
PT [188 0 154 -63 1]
 P 163382 1368 335457 13831703
PT [188 0 155 -63 1]
 P 165257 1368 335460 13903884
PT [188 0 156 -63 1]
 P 167275 1368 335463 13976064
PT [188 0 157 -63 1]
 P 169465 1368 335466 14048244
PT [188 0 158 -63 1]
 P 170554 1368 335469 14120424
PT [188 0 159 -63 1]
 P 172517 1368 335472 14192604
PT [188 0 160 -63 1]
 P 174978 1368 335475 14264784
PT [188 0 161 -63 1]
 P 176889 1368 335478 14336964
PT [188 0 162 -63 1]
 P 179820 1368 335496 14411897
PT [188 0 163 -71 1]
 P 186577 1796 335539 14481324
PT [188 0 164 -71 1]
 P 188446 1796 335542 14553504
PT [188 0 165 -71 1]
 P 190456 1796 335545 14625684
PT [188 0 166 -71 1]
 P 192639 1796 335548 14697864
PT [188 0 167 -71 1]
 P 193722 1796 335551 14770044
PT [188 0 168 -71 1]
 P 195679 1796 335554 14842224
PT [188 0 169 -71 1]
 P 198745 2151 335576 14917239
PT [188 0 170 -74 1]
 P 204756 3145 338202 14990514
PT [188 0 171 -74 1]
 P 207803 3145 338207 15058764
PT [188 0 172 -74 1]
 P 209684 3145 338210 15130944
PT [188 0 173 -74 1]
 P 211706 3145 338213 15203124
PT [188 0 174 -74 1]
 P 213902 3145 338216 15275304
PT [188 0 175 -74 1]
 P 216963 3217 338237 15350479
PT [188 0 176 -77 1]
 P 223606 4283 338300 15422467
PT [188 0 177 -77 1]
 P 228031 4639 340909 15494424
PT [188 0 178 -76 1]
 P 234596 5706 340970 15566092
PT [188 0 179 -78 1]
 P 240790 6418 341016 15636204
PT [188 0 180 -78 1]
 P 242426 6490 341035 15711572
PT [188 0 181 -79 1]
 P 245286 6634 341063 15780564
PT [188 0 182 -79 1]
 P 247811 6634 341066 15852744
PT [188 0 183 -79 1]
 P 250133 6634 341069 15924924
PT [188 0 184 -79 1]
 P 253149 6706 341089 15999075
PT [188 0 185 -80 1]
 P 254862 6922 344515 16072217
PT [188 0 186 -79 1]
 P 256051 7066 350500 16143787
PT [188 0 187 -81 1]
 P 256051 7066 353890 16213644
PT [188 0 188 -81 1]
 P 257648 7066 353893 16285824
PT [188 0 189 -81 1]
 P 259791 7066 353902 16358004
PT [188 0 190 -81 1]
 P 259791 7066 357292 16430184
PT [188 0 191 -81 1]
EMPTY QUEUE
 P 260351 7066 360692 16504638
PT [188 0 192 -83 1]
 P 260351 7066 364082 16574544
PT [188 0 193 -83 1]
 P 262083 7066 364085 16646724
PT [188 0 194 -83 1]
 P 263864 7066 364093 16718904
PT [188 0 195 -83 1]
 P 263864 7066 367483 16791084
PT [188 0 196 -83 1]
EMPTY QUEUE
 P 264455 7066 370883 16865249
PT [188 0 197 -85 1]
 P 264455 7066 374273 16935444
PT [188 0 198 -85 1]
 P 265592 7066 374276 17007624
PT [188 0 199 -85 1]
 P 267089 7066 374285 17079804
PT [188 0 200 -85 1]
 P 267089 7066 377675 17151984
PT [188 0 201 -85 1]
EMPTY QUEUE
 P 267618 7066 381075 17225255
PT [188 0 202 -86 1]
 P 267618 7066 384465 17296344
PT [188 0 203 -86 1]
 P 270228 7066 384468 17368524
PT [188 0 204 -86 1]
 P 272485 7066 384477 17440704
PT [188 0 205 -86 1]
 P 272485 7066 387867 17512884
PT [188 0 206 -86 1]
EMPTY QUEUE
 P 273044 7066 391267 17586889
PT [188 0 207 -89 1]
 P 273044 7066 394657 17657244
PT [188 0 208 -89 1]
 P 275039 7066 394660 17729424
PT [188 0 209 -89 1]
 P 275868 7066 394668 17801604
PT [188 0 210 -89 1]
 P 275868 7066 398058 17873784
PT [188 0 211 -89 1]
EMPTY QUEUE
 P 275937 7066 404020 17950054
PT [188 0 212 -89 1]
EMPTY QUEUE
 P 276561 7066 407419 18020289
PT [188 0 213 -92 1]
 P 277927 7066 407422 18090324
PT [188 0 214 -92 1]
 P 279291 7066 407431 18162504
PT [188 0 215 -92 1]
 P 279291 7066 410821 18234684
PT [188 0 216 -92 1]
 P 279291 7066 414211 18306864
PT [188 0 217 -92 1]
EMPTY QUEUE
 P 279818 7066 417611 18381285
PT [188 0 218 -94 1]
 P 282098 7066 417614 18451224
PT [188 0 219 -94 1]
 P 284837 7066 417622 18523404
PT [188 0 220 -94 1]
 P 284837 7066 421012 18595584
PT [188 0 221 -94 1]
 P 284837 7066 424402 18667764
PT [188 0 222 -94 1]
EMPTY QUEUE
 P 285364 7066 427802 18741865
PT [188 0 223 -96 1]
 P 287493 7066 427805 18812124
PT [188 0 224 -96 1]
 P 288730 7066 427813 18884304
PT [188 0 225 -96 1]
 P 288730 7066 431203 18956484
PT [188 0 226 -96 1]
 P 288730 7066 434593 19028664
PT [188 0 227 -96 1]
EMPTY QUEUE
 P 289289 7066 437993 19101965
PT [188 0 228 -98 1]
 P 291599 7066 437996 19173024
PT [188 0 229 -98 1]
 P 293288 7066 438004 19245204
PT [188 0 230 -98 1]
 P 293288 7066 441394 19317384
PT [188 0 231 -98 1]
 P 293288 7066 444784 19389564
PT [188 0 232 -98 1]
EMPTY QUEUE
 P 293911 7066 448184 19463633
PT [188 0 233 -100 1]
 P 295401 7066 448187 19533924
PT [188 0 234 -100 1]
 P 296798 7066 448195 19606104
PT [188 0 235 -100 1]
 P 296798 7066 451585 19678284
PT [188 0 236 -100 1]
 P 296798 7066 454975 19750464
PT [188 0 237 -100 1]
EMPTY QUEUE
 P 297357 7066 458376 19824663
PT [188 0 238 -102 1]
 P 298455 7066 458379 19894824
PT [188 0 239 -102 1]
 P 300366 7066 458387 19967004
PT [188 0 240 -102 1]
 P 300366 7066 461777 20039184
PT [188 0 241 -102 1]
 P 300366 7066 465167 20111364
PT [188 0 242 -102 1]
EMPTY QUEUE
 P 300957 7066 468567 20185273
PT [188 0 243 -104 1]
 P 302572 7066 468571 20255724
PT [188 0 244 -104 1]
 P 303585 7066 468580 20327904
PT [188 0 245 -104 1]
 P 303585 7066 471970 20400084
PT [188 0 246 -104 1]
 P 303585 7066 475360 20472264
PT [188 0 247 -104 1]
EMPTY QUEUE
 P 304112 7066 478760 20547325
PT [188 0 248 -106 1]
 P 306260 7066 478763 20616624
PT [188 0 249 -106 1]
 P 308425 7066 478772 20688804
PT [188 0 250 -106 1]
 P 308425 7066 482162 20760984
PT [188 0 251 -106 1]
 P 308425 7066 485552 20833164
PT [188 0 252 -106 1]
EMPTY QUEUE
 P 308984 7066 488952 20906913
PT [188 0 253 -108 1]
 P 310916 7066 488955 20977524
PT [188 0 254 -108 1]
 P 312854 7066 488964 21049704
PT [188 0 255 -108 1]
 P 312854 7066 492354 21121884
PT [188 0 256 -108 1]
 P 312854 7066 495744 21194064
PT [188 0 257 -108 1]
EMPTY QUEUE
 P 313415 7066 499144 21268007
PT [188 0 1 0 1]
 P 315128 7066 499148 21338315
PT [188 0 2 0 1]
 P 317912 7066 499157 21410495
PT [188 0 3 0 1]
 P 318996 7066 499165 21482675
PT [188 0 4 0 1]
 P 318996 7066 502555 21554855
PT [188 0 5 0 1]
EMPTY QUEUE
 P 319491 7066 505955 21629596
PT [188 0 6 -3 1]
 P 320702 7066 505959 21699215
PT [188 0 7 -3 1]
 P 320702 7066 509349 21771395
PT [188 0 8 -3 1]
 P 320702 7066 512739 21843575
PT [188 0 9 -3 1]
 P 323179 7066 512747 21915755
PT [188 0 10 -3 1]
EMPTY QUEUE
 P 323513 7066 516143 21989756
PT [188 0 11 -3 1]
 P 325925 7066 516147 22060115
PT [188 0 12 -3 1]
EMPTY QUEUE
 P 326422 7066 519546 22134313
PT [188 0 13 -5 1]
 P 326422 7066 522936 22204475
PT [188 0 14 -5 1]
 P 328553 7066 522945 22276655
PT [188 0 15 -5 1]
 P 328553 7066 526335 22348835
PT [188 0 16 -5 1]
 P 330750 7066 526338 22421015
PT [188 0 17 -5 1]
EMPTY QUEUE
 P 331309 7066 529738 22495468
PT [188 0 18 -8 1]
 P 331309 7066 533128 22565375
PT [188 0 19 -8 1]
 P 333088 7066 533136 22637555
PT [188 0 20 -8 1]
 P 333088 7066 536526 22709735
PT [188 0 21 -8 1]
 P 335817 7066 536529 22781915
PT [188 0 22 -8 1]
EMPTY QUEUE
 P 336440 7066 539929 22856112
PT [188 0 23 -10 1]
 P 336440 7066 543319 22926275
PT [188 0 24 -10 1]
 P 337937 7066 543327 22998455
PT [188 0 25 -10 1]
 P 337937 7066 546717 23070635
PT [188 0 26 -10 1]
 P 339814 7066 546720 23142815
PT [188 0 27 -10 1]
EMPTY QUEUE
 P 340341 7066 550120 23216084
PT [188 0 28 -12 1]
 P 340341 7066 553510 23287175
PT [188 0 29 -12 1]
 P 342596 7066 553519 23359355
PT [188 0 30 -12 1]
 P 342596 7066 556909 23431535
PT [188 0 31 -12 1]
 P 343540 7066 556912 23503715
PT [188 0 32 -12 1]
EMPTY QUEUE
 P 344067 7066 560312 23577688
PT [188 0 33 -14 1]
 P 344067 7066 563702 23648075
PT [188 0 34 -14 1]
 P 344894 7066 563710 23720255
PT [188 0 35 -14 1]
 P 344894 7066 567100 23792435
PT [188 0 36 -14 1]
 P 347374 7066 567105 23864615
PT [188 0 37 -14 1]
EMPTY QUEUE
 P 347933 7066 570505 23938812
PT [188 0 38 -16 1]
 P 347933 7066 573895 24008975
PT [188 0 39 -16 1]
 P 349298 7066 573903 24081155
PT [188 0 40 -16 1]
 P 349298 7066 577293 24153335
PT [188 0 41 -16 1]
 P 350144 7066 577297 24225515
PT [188 0 42 -16 1]
EMPTY QUEUE
 P 350703 7066 580697 24299392
PT [188 0 43 -18 1]
 P 350703 7066 584087 24369875
PT [188 0 44 -18 1]
 P 353442 7066 584095 24442055
PT [188 0 45 -18 1]
 P 353442 7066 587485 24514235
PT [188 0 46 -18 1]
 P 356049 7066 587488 24586415
PT [188 0 47 -18 1]
EMPTY QUEUE
 P 356118 7066 593450 24663581
PT [188 0 48 -18 1]
EMPTY QUEUE
 P 356741 7066 596849 24732920
PT [188 0 49 -20 1]
 P 357979 7066 596857 24802955
PT [188 0 50 -20 1]
 P 357979 7066 600247 24875135
PT [188 0 51 -20 1]
 P 360512 7066 600250 24947315
PT [188 0 52 -20 1]
 P 360512 7066 603640 25019495
PT [188 0 53 -20 1]
EMPTY QUEUE
 P 361039 7066 607041 25093917
PT [188 0 54 -22 1]
 P 362727 7066 607049 25163855
PT [188 0 55 -22 1]
 P 362727 7066 610439 25236035
PT [188 0 56 -22 1]
 P 365427 7066 610442 25308215
PT [188 0 57 -22 1]
 P 365427 7066 613832 25380395
PT [188 0 58 -22 1]
EMPTY QUEUE
 P 365986 7066 617231 25454528
PT [188 0 59 -24 1]
 P 365986 7066 620621 25524755
PT [188 0 60 -24 1]
 P 368486 7066 620629 25596935
PT [188 0 61 -24 1]
 P 369393 7066 620632 25669115
PT [188 0 62 -24 1]
 P 369393 7066 624022 25741295
PT [188 0 63 -24 1]
EMPTY QUEUE
 P 369404 7066 627414 25814041
PT [188 0 64 -24 1]
EMPTY QUEUE
 P 369931 7066 630814 25887704
PT [188 0 65 -27 1]
 P 372085 7066 630823 25957835
PT [188 0 66 -27 1]
 P 374273 7066 630827 26030015
PT [188 0 67 -27 1]
 P 374273 7066 634217 26102195
PT [188 0 68 -27 1]
 P 374273 7066 637607 26174375
PT [188 0 69 -27 1]
EMPTY QUEUE
 P 374768 7066 641007 26248764
PT [188 0 70 -29 1]
 P 376547 7066 641015 26318735
PT [188 0 71 -29 1]
 P 378440 7066 641018 26390915
PT [188 0 72 -29 1]
 P 378440 7066 644408 26463095
PT [188 0 73 -29 1]
 P 378440 7066 647798 26535275
PT [188 0 74 -29 1]
EMPTY QUEUE
 P 378936 7066 651198 26609345
PT [188 0 75 -31 1]
 P 380434 7066 651207 26679635
PT [188 0 76 -31 1]
 P 381315 7066 651210 26751815
PT [188 0 77 -31 1]
 P 381315 7066 654600 26823995
PT [188 0 78 -31 1]
 P 381315 7066 657990 26896175
PT [188 0 79 -31 1]
EMPTY QUEUE
 P 381938 7066 661390 26969540
PT [188 0 80 -33 1]
 P 384195 7066 661398 27040535
PT [188 0 81 -33 1]
 P 384971 7066 661401 27112715
PT [188 0 82 -33 1]
 P 384971 7066 664791 27184895
PT [188 0 83 -33 1]
 P 384971 7066 668181 27257075
PT [188 0 84 -33 1]
EMPTY QUEUE
 P 385531 7066 671581 27331081
PT [188 0 85 -35 1]
 P 386359 7066 671590 27401435
PT [188 0 86 -35 1]
 P 388544 7066 671593 27473615
PT [188 0 87 -35 1]
 P 388544 7066 674983 27545795
PT [188 0 88 -35 1]
 P 388544 7066 678373 27617975
PT [188 0 89 -35 1]
EMPTY QUEUE
 P 389167 7066 681773 27692236
PT [188 0 90 -37 1]
 P 390531 7066 681781 27762335
PT [188 0 91 -37 1]
 P 392960 7066 681784 27834515
PT [188 0 92 -37 1]
 P 392960 7066 685174 27906695
PT [188 0 93 -37 1]
 P 392960 7066 688564 27978875
PT [188 0 94 -37 1]
EMPTY QUEUE
 P 393519 7066 691964 28052752
PT [188 0 95 -39 1]
 P 396257 7066 691973 28123235
PT [188 0 96 -39 1]
 P 398280 7066 691976 28195415
PT [188 0 97 -39 1]
 P 398280 7066 695366 28267595
PT [188 0 98 -39 1]
 P 398280 7066 698756 28339775
PT [188 0 99 -39 1]
EMPTY QUEUE
 P 398903 7066 702156 28414932
PT [188 0 100 -41 1]
 P 400141 7066 702164 28484135
PT [188 0 101 -41 1]
 P 400913 7066 702168 28556315
PT [188 0 102 -41 1]
 P 400913 7066 705558 28628495
PT [188 0 103 -41 1]
 P 400913 7066 708948 28700675
PT [188 0 104 -41 1]
EMPTY QUEUE
 P 401408 7066 712348 28774360
PT [188 0 105 -43 1]
 P 403097 7066 712356 28845035
PT [188 0 106 -43 1]
 P 405152 7066 712359 28917215
PT [188 0 107 -43 1]
 P 405152 7066 715749 28989395
PT [188 0 108 -43 1]
 P 405152 7066 719139 29061575
PT [188 0 109 -43 1]
EMPTY QUEUE
 P 405647 7066 722539 29135452
PT [188 0 110 -45 1]
 P 407044 7066 722548 29205935
PT [188 0 111 -45 1]
 P 408675 7066 722551 29278115
PT [188 0 112 -45 1]
 P 408675 7066 725941 29350295
PT [188 0 113 -45 1]
 P 408675 7066 729331 29422475
PT [188 0 114 -45 1]
EMPTY QUEUE
 P 409235 7066 732731 29496097
PT [188 0 115 -47 1]
 P 411145 7066 732740 29566835
PT [188 0 116 -47 1]
 P 412051 7066 732743 29639015
PT [188 0 117 -47 1]
 P 412051 7066 736133 29711195
PT [188 0 118 -47 1]
 P 412051 7066 739523 29783375
PT [188 0 119 -47 1]
EMPTY QUEUE
 P 412610 7066 742923 29858212
PT [188 0 120 -49 1]
 P 413625 7066 742931 29927735
PT [188 0 121 -49 1]
 P 414648 7066 742934 29999915
PT [188 0 122 -49 1]
 P 414648 7066 746324 30072095
PT [188 0 123 -49 1]
 P 414648 7066 749714 30144275
PT [188 0 124 -49 1]
EMPTY QUEUE
 P 415143 7066 753113 30217704
PT [188 0 125 -51 1]
 P 415143 7066 756503 30288635
PT [188 0 126 -51 1]
 P 417320 7066 756506 30360815
PT [188 0 127 -51 1]
 P 419747 7066 756514 30432995
PT [188 0 128 -51 1]
 P 419747 7066 759904 30505175
PT [188 0 129 -51 1]
EMPTY QUEUE
 P 420306 7066 763303 30578860
PT [188 0 130 -53 1]
 P 420306 7066 766693 30649535
PT [188 0 131 -53 1]
 P 422252 7066 766696 30721715
PT [188 0 132 -53 1]
 P 424477 7066 766705 30793895
PT [188 0 133 -53 1]
 P 424477 7066 770095 30866075
PT [188 0 134 -53 1]
EMPTY QUEUE
 P 425100 7066 773494 30939504
PT [188 0 135 -55 1]
 P 425100 7066 776884 31010435
PT [188 0 136 -55 1]
 P 426289 7066 776887 31082615
PT [188 0 137 -55 1]
 P 428011 7066 776895 31154795
PT [188 0 138 -55 1]
 P 428011 7066 780285 31226975
PT [188 0 139 -55 1]
EMPTY QUEUE
 P 428538 7066 783684 31301524
PT [188 0 140 -57 1]
 P 428538 7066 787074 31371335
PT [188 0 141 -57 1]
 P 429525 7066 787077 31443515
PT [188 0 142 -57 1]
 P 431079 7066 787085 31515695
PT [188 0 143 -57 1]
 P 433578 7066 787094 31587875
PT [188 0 144 -57 1]
EMPTY QUEUE
 P 433647 7066 793056 31664881
PT [188 0 145 -57 1]
EMPTY QUEUE
 P 434238 7066 796456 31734348
PT [188 0 146 -60 1]
 P 434979 7066 796460 31804415
PT [188 0 147 -60 1]
 P 434979 7066 799850 31876595
PT [188 0 148 -60 1]
 P 437133 7066 799858 31948775
PT [188 0 149 -60 1]
 P 437133 7066 803248 32020955
PT [188 0 150 -60 1]
EMPTY QUEUE
 P 437692 7066 806648 32095408
PT [188 0 151 -62 1]
 P 438679 7066 806651 32165315
PT [188 0 152 -62 1]
 P 438679 7066 810041 32237495
PT [188 0 153 -62 1]
 P 440458 7066 810050 32309675
PT [188 0 154 -62 1]
 P 440458 7066 813440 32381855
PT [188 0 155 -62 1]
EMPTY QUEUE
 P 441081 7066 816840 32456052
PT [188 0 156 -64 1]
 P 443318 7066 816843 32526215
PT [188 0 157 -64 1]
 P 443318 7066 820233 32598395
PT [188 0 158 -64 1]
 P 444816 7066 820241 32670575
PT [188 0 159 -64 1]
 P 444816 7066 823631 32742755
PT [188 0 160 -64 1]
EMPTY QUEUE
 P 445439 7066 827031 32816120
PT [188 0 161 -66 1]
 P 446391 7066 827034 32887115
PT [188 0 162 -66 1]
 P 446391 7066 830424 32959295
PT [188 0 163 -66 1]
 P 448648 7066 830433 33031475
PT [188 0 164 -66 1]
 P 448648 7066 833823 33103655
PT [188 0 165 -66 1]
EMPTY QUEUE
 P 448717 7066 839785 33179733
PT [188 0 166 -66 1]
 P 451206 7066 839788 33248015
PT [188 0 167 -66 1]
EMPTY QUEUE
 P 451767 7066 843187 33322278
PT [188 0 168 -67 1]
 P 452596 7066 843195 33392375
PT [188 0 169 -67 1]
 P 452596 7066 846585 33464555
PT [188 0 170 -67 1]
 P 452596 7066 849975 33536735
PT [188 0 171 -67 1]
 P 455330 7066 849978 33608915
PT [188 0 172 -67 1]
EMPTY QUEUE
 P 455857 7066 853378 33683336
PT [188 0 173 -71 1]
 P 457222 7066 853386 33753275
PT [188 0 174 -71 1]
 P 457222 7066 856776 33825455
PT [188 0 175 -71 1]
 P 457222 7066 860166 33897635
PT [188 0 176 -71 1]
 P 459358 7066 860170 33969815
PT [188 0 177 -71 1]
EMPTY QUEUE
 P 459853 7066 863570 34043884
PT [188 0 178 -73 1]
 P 462592 7066 863578 34114175
PT [188 0 179 -73 1]
 P 462592 7066 866968 34186355
PT [188 0 180 -73 1]
 P 462592 7066 870358 34258535
PT [188 0 181 -73 1]
 P 463445 7066 870361 34330715
PT [188 0 182 -73 1]
EMPTY QUEUE
 P 463940 7066 873761 34403952
PT [188 0 183 -75 1]
 P 465177 7066 873771 34475075
PT [188 0 184 -75 1]
 P 465177 7066 877161 34547255
PT [188 0 185 -75 1]
 P 465177 7066 880551 34619435
PT [188 0 186 -75 1]
 P 466389 7066 880554 34691615
PT [188 0 187 -75 1]
EMPTY QUEUE
 P 467012 7066 883954 34765684
PT [188 0 188 -77 1]
 P 468700 7066 883962 34835975
PT [188 0 189 -77 1]
 P 468700 7066 887352 34908155
PT [188 0 190 -77 1]
 P 468700 7066 890742 34980335
PT [188 0 191 -77 1]
 P 471208 7066 890745 35052515
PT [188 0 192 -77 1]
EMPTY QUEUE
 P 471767 7066 894145 35126712
PT [188 0 193 -79 1]
 P 473164 7066 894153 35196875
PT [188 0 194 -79 1]
 P 473164 7066 897543 35269055
PT [188 0 195 -79 1]
 P 473164 7066 900933 35341235
PT [188 0 196 -79 1]
 P 474979 7066 900936 35413415
PT [188 0 197 -79 1]
EMPTY QUEUE
 P 475602 7066 904336 35487356
PT [188 0 198 -81 1]
 P 477513 7066 904344 35557775
PT [188 0 199 -81 1]
 P 477513 7066 907734 35629955
PT [188 0 200 -81 1]
 P 477513 7066 911124 35702135
PT [188 0 201 -81 1]
 P 479893 7066 911127 35774315
PT [188 0 202 -81 1]
EMPTY QUEUE
 P 480452 7066 914527 35849408
PT [188 0 203 -83 1]
 P 481465 7066 914536 35918675
PT [188 0 204 -83 1]
 P 481465 7066 917926 35990855
PT [188 0 205 -83 1]
 P 481465 7066 921316 36063035
PT [188 0 206 -83 1]
 P 483406 7066 921320 36135215
PT [188 0 207 -83 1]
EMPTY QUEUE
 P 484029 7066 924720 36209028
PT [188 0 208 -85 1]
 P 486194 7066 924728 36279575
PT [188 0 209 -85 1]
 P 486194 7066 928118 36351755
PT [188 0 210 -85 1]
 P 486194 7066 931508 36423935
PT [188 0 211 -85 1]
 P 487010 7066 931511 36496115
PT [188 0 212 -85 1]
EMPTY QUEUE
 P 487538 7066 934911 36570025
PT [188 0 213 -87 1]
 P 489478 7066 934919 36640475
PT [188 0 214 -87 1]
 P 489478 7066 938309 36712655
PT [188 0 215 -87 1]
 P 489478 7066 941699 36784835
PT [188 0 216 -87 1]
 P 492022 7066 941702 36857015
PT [188 0 217 -87 1]
EMPTY QUEUE
 P 492550 7066 945102 36930605
PT [188 0 218 -88 1]
 P 495227 7066 945110 37001375
PT [188 0 219 -88 1]
 P 495227 7066 948500 37073555
PT [188 0 220 -88 1]
 P 495227 7066 951890 37145735
PT [188 0 221 -88 1]
 P 497571 7066 951893 37217915
PT [188 0 222 -88 1]
EMPTY QUEUE
 P 498131 7066 955293 37292753
PT [188 0 223 -91 1]
 P 499177 7066 955301 37362275
PT [188 0 224 -91 1]
 P 499177 7066 958691 37434455
PT [188 0 225 -91 1]
 P 499177 7066 962081 37506635
PT [188 0 226 -91 1]
 P 500032 7066 962084 37578815
PT [188 0 227 -91 1]
EMPTY QUEUE
 P 500655 7066 965484 37652372
PT [188 0 228 -93 1]
 P 503075 7066 965492 37723175
PT [188 0 229 -93 1]
 P 503075 7066 968882 37795355
PT [188 0 230 -93 1]
 P 503075 7066 972272 37867535
PT [188 0 231 -93 1]
 P 504174 7066 972275 37939715
PT [188 0 232 -93 1]
EMPTY QUEUE
 P 504733 7066 975675 38013400
PT [188 0 233 -95 1]
 P 506130 7066 975684 38084075
PT [188 0 234 -95 1]
 P 506130 7066 979074 38156255
PT [188 0 235 -95 1]
 P 506130 7066 982464 38228435
PT [188 0 236 -95 1]
 P 506855 7066 982467 38300615
PT [188 0 237 -95 1]
EMPTY QUEUE
 P 507446 7066 985867 38374012
PT [188 0 238 -97 1]
 P 508497 7066 985876 38444975
PT [188 0 239 -97 1]
 P 508497 7066 989266 38517155
PT [188 0 240 -97 1]
 P 508497 7066 992656 38589335
PT [188 0 241 -97 1]
 P 509913 7066 992659 38661515
PT [188 0 242 -97 1]
EMPTY QUEUE
 P 510440 7066 996059 38736064
PT [188 0 243 -99 1]
 P 512218 7066 996068 38805875
PT [188 0 244 -99 1]
 P 512218 7066 999458 38878055
PT [188 0 245 -99 1]
 P 512218 7066 1002848 38950235
PT [188 0 246 -99 1]
 P 514247 7066 1002851 39022415
PT [188 0 247 -99 1]
EMPTY QUEUE
 P 514806 7066 1006251 39095652
PT [188 0 248 -101 1]
 P 514806 7066 1009641 39166775
PT [188 0 249 -101 1]
 P 517245 7066 1009650 39238955
PT [188 0 250 -101 1]
 P 517245 7066 1013040 39311135
PT [188 0 251 -101 1]
 P 519742 7066 1013043 39383315
PT [188 0 252 -101 1]
EMPTY QUEUE
 P 520301 7066 1016443 39456744
PT [188 0 253 -103 1]
 P 520301 7066 1019833 39527675
PT [188 0 254 -103 1]
 P 522525 7066 1019842 39599855
PT [188 0 255 -103 1]
 P 522525 7066 1023232 39672035
PT [188 0 256 -103 1]
 P 523788 7066 1023235 39744215
PT [188 0 257 -103 1]
EMPTY QUEUE
 P 524411 7066 1026635 39817388
PT [188 0 258 -105 1]
 P 524411 7066 1030025 39888575
PT [188 0 259 -105 1]
 P 524411 7066 1033415 39960755
PT [188 0 260 -105 1]
 P 526850 7066 1033423 40032935
PT [188 0 261 -105 1]
 P 528390 7066 1033426 40105115
PT [188 0 262 -105 1]
EMPTY QUEUE
 P 528885 7066 1036826 40179376
PT [188 0 263 -107 1]
 P 528885 7066 1040216 40249475
PT [188 0 264 -107 1]
 P 528885 7066 1043606 40321655
PT [188 0 265 -107 1]
 P 531109 7066 1043616 40393835
PT [188 0 266 -107 1]
 P 532211 7066 1043619 40466015
PT [188 0 267 -107 1]
EMPTY QUEUE
 P 532770 7066 1047018 40541044
PT [188 0 1 0 1]
 P 532770 7066 1050408 40610266
PT [188 0 2 0 1]
 P 532770 7066 1053798 40682446
PT [188 0 3 0 1]
 P 532770 7066 1057188 40754626
PT [188 0 4 0 1]
 P 533780 7066 1057191 40826806
PT [188 0 5 0 1]
EMPTY QUEUE
 P 536842 7066 1057209 40899947
PT [188 0 6 -2 1]
 P 539078 7066 1057217 40971166
PT [188 0 7 -2 1]
 P 539078 7066 1060607 41043346
PT [188 0 8 -2 1]
 P 539078 7066 1063997 41115526
PT [188 0 9 -2 1]
 P 540065 7066 1064000 41187706
PT [188 0 10 -2 1]
EMPTY QUEUE
 P 540688 7066 1067399 41262671
PT [188 0 11 -4 1]
 P 542420 7066 1067407 41332066
PT [188 0 12 -4 1]
 P 542420 7066 1070797 41404246
PT [188 0 13 -4 1]
 P 542420 7066 1074187 41476426
PT [188 0 14 -4 1]
 P 543683 7066 1074190 41548606
PT [188 0 15 -4 1]
 P 546336 7066 1074193 41620786
PT [188 0 16 -4 1]
EMPTY QUEUE
 P 548408 7066 1074211 41695335
PT [188 0 17 -7 1]
 P 548408 7066 1077601 41765146
PT [188 0 18 -7 1]
 P 548408 7066 1080991 41837326
PT [188 0 19 -7 1]
 P 548408 7066 1084381 41909506
PT [188 0 20 -7 1]
 P 550814 7066 1084384 41981686
PT [188 0 21 -7 1]
EMPTY QUEUE
 P 553597 7066 1084403 42055052
PT [188 0 22 -9 1]
 P 553597 7066 1087793 42126046
PT [188 0 23 -9 1]
 P 553597 7066 1091183 42198226
PT [188 0 24 -9 1]
 P 553597 7066 1094573 42270406
PT [188 0 25 -9 1]
 P 555400 7066 1094577 42342586
PT [188 0 26 -9 1]
EMPTY QUEUE
 P 556818 7066 1094595 42416463
PT [188 0 27 -11 1]
 P 556818 7066 1097985 42486946
PT [188 0 28 -11 1]
 P 556818 7066 1101375 42559126
PT [188 0 29 -11 1]
 P 556818 7066 1104765 42631306
PT [188 0 30 -11 1]
 P 558757 7066 1104768 42703486
PT [188 0 31 -11 1]
EMPTY QUEUE
 P 560681 7066 1104786 42777268
PT [188 0 32 -13 1]
 P 560681 7066 1108176 42847846
PT [188 0 33 -13 1]
 P 560681 7066 1111566 42920026
PT [188 0 34 -13 1]
 P 560681 7066 1114956 42992206
PT [188 0 35 -13 1]
 P 561973 7066 1114959 43064386
PT [188 0 36 -13 1]
EMPTY QUEUE
 P 565334 7066 1114977 43137655
PT [188 0 37 -15 1]
 P 565334 7066 1118367 43208746
PT [188 0 38 -15 1]
 P 565334 7066 1121757 43280926
PT [188 0 39 -15 1]
 P 565334 7066 1125147 43353106
PT [188 0 40 -15 1]
 P 568099 7066 1125150 43425286
PT [188 0 41 -15 1]
EMPTY QUEUE
 P 569348 7066 1125160 43498896
PT [188 0 42 -15 1]
 P 571930 7066 1125163 43569646
PT [188 0 43 -15 1]
EMPTY QUEUE
 P 572553 7066 1128563 43643971
PT [188 0 44 -18 1]
 P 572553 7066 1131953 43714006
PT [188 0 45 -18 1]
 P 572553 7066 1135343 43786186
PT [188 0 46 -18 1]
 P 574241 7066 1135351 43858366
PT [188 0 47 -18 1]
 P 576710 7066 1135354 43930546
PT [188 0 48 -18 1]
EMPTY QUEUE
 P 577269 7066 1138754 44004999
PT [188 0 49 -20 1]
 P 577269 7066 1142144 44074906
PT [188 0 50 -20 1]
 P 577269 7066 1145534 44147086
PT [188 0 51 -20 1]
 P 578665 7066 1145542 44219266
PT [188 0 52 -20 1]
 P 580409 7066 1145545 44291446
PT [188 0 53 -20 1]
EMPTY QUEUE
 P 580968 7066 1148945 44365579
PT [188 0 54 -22 1]
 P 580968 7066 1152335 44435806
PT [188 0 55 -22 1]
 P 580968 7066 1155725 44507986
PT [188 0 56 -22 1]
 P 582878 7066 1155733 44580166
PT [188 0 57 -22 1]
 P 584866 7066 1155736 44652346
PT [188 0 58 -22 1]
EMPTY QUEUE
 P 585393 7066 1159136 44725615
PT [188 0 59 -24 1]
 P 585393 7066 1162526 44796706
PT [188 0 60 -24 1]
 P 585393 7066 1165916 44868886
PT [188 0 61 -24 1]
 P 586408 7066 1165924 44941066
PT [188 0 62 -24 1]
 P 587639 7066 1165927 45013246
PT [188 0 63 -24 1]
EMPTY QUEUE
 P 588134 7066 1169327 45087187
PT [188 0 64 -26 1]
 P 588134 7066 1172717 45157606
PT [188 0 65 -26 1]
 P 588134 7066 1176107 45229786
PT [188 0 66 -26 1]
 P 590300 7066 1176115 45301966
PT [188 0 67 -26 1]
 P 593116 7066 1176118 45374146
PT [188 0 68 -26 1]
EMPTY QUEUE
 P 593612 7066 1179518 45448280
PT [188 0 69 -28 1]
 P 593612 7066 1182908 45518506
PT [188 0 70 -28 1]
 P 593612 7066 1186298 45590686
PT [188 0 71 -28 1]
 P 595551 7066 1186306 45662866
PT [188 0 72 -28 1]
 P 597642 7066 1186309 45735046
PT [188 0 73 -28 1]
EMPTY QUEUE
 P 598265 7066 1189709 45808987
PT [188 0 74 -30 1]
 P 598265 7066 1193099 45879406
PT [188 0 75 -30 1]
 P 598265 7066 1196489 45951586
PT [188 0 76 -30 1]
 P 600940 7066 1196497 46023766
PT [188 0 77 -30 1]
 P 602511 7066 1196500 46095946
PT [188 0 78 -30 1]
EMPTY QUEUE
 P 603071 7066 1199900 46171040
PT [188 0 79 -32 1]
 P 603071 7066 1203290 46240306
PT [188 0 80 -32 1]
 P 603071 7066 1206680 46312486
PT [188 0 81 -32 1]
 P 604118 7066 1206688 46384666
PT [188 0 82 -32 1]
 P 606493 7066 1206691 46456846
PT [188 0 83 -32 1]
EMPTY QUEUE
 P 607116 7066 1210091 46530659
PT [188 0 84 -34 1]
 P 607116 7066 1213481 46601206
PT [188 0 85 -34 1]
 P 607116 7066 1216871 46673386
PT [188 0 86 -34 1]
 P 607116 7066 1220261 46745566
PT [188 0 87 -34 1]
 P 609449 7066 1220264 46817746
PT [188 0 88 -34 1]
EMPTY QUEUE
 P 612436 7066 1220282 46891687
PT [188 0 89 -36 1]
 P 612436 7066 1223672 46962106
PT [188 0 90 -36 1]
 P 612436 7066 1227062 47034286
PT [188 0 91 -36 1]
 P 612436 7066 1230452 47106466
PT [188 0 92 -36 1]
 P 614841 7066 1230455 47178646
PT [188 0 93 -36 1]
EMPTY QUEUE
 P 617689 7066 1230473 47252331
PT [188 0 94 -38 1]
 P 617689 7066 1233863 47323006
PT [188 0 95 -38 1]
 P 617689 7066 1237253 47395186
PT [188 0 96 -38 1]
 P 617689 7066 1240643 47467366
PT [188 0 97 -38 1]
 P 619384 7066 1240646 47539546
PT [188 0 98 -38 1]
EMPTY QUEUE
 P 621631 7066 1240665 47614351
PT [188 0 99 -40 1]
 P 621631 7066 1244055 47683906
PT [188 0 100 -40 1]
 P 621631 7066 1247445 47756086
PT [188 0 101 -40 1]
 P 621631 7066 1250835 47828266
PT [188 0 102 -40 1]
 P 622824 7066 1250838 47900446
PT [188 0 103 -40 1]
EMPTY QUEUE
 P 624909 7066 1250856 47973908
PT [188 0 104 -42 1]
 P 624909 7066 1254246 48044806
PT [188 0 105 -42 1]
 P 624909 7066 1257636 48116986
PT [188 0 106 -42 1]
 P 624909 7066 1261026 48189166
PT [188 0 107 -42 1]
 P 626729 7066 1261029 48261346
PT [188 0 108 -42 1]
EMPTY QUEUE
 P 629486 7066 1261047 48335031
PT [188 0 109 -44 1]
 P 629486 7066 1264437 48405706
PT [188 0 110 -44 1]
 P 629486 7066 1267827 48477886
PT [188 0 111 -44 1]
 P 629486 7066 1271217 48550066
PT [188 0 112 -44 1]
 P 631728 7066 1271220 48622246
PT [188 0 113 -44 1]
EMPTY QUEUE
 P 633237 7066 1271239 48695675
PT [188 0 114 -46 1]
 P 633237 7066 1274629 48766606
PT [188 0 115 -46 1]
 P 633237 7066 1278019 48838786
PT [188 0 116 -46 1]
 P 633237 7066 1281409 48910966
PT [188 0 117 -46 1]
 P 635374 7066 1281412 48983146
PT [188 0 118 -46 1]
EMPTY QUEUE
 P 637238 7066 1281431 49057727
PT [188 0 119 -48 1]
 P 637238 7066 1284821 49127506
PT [188 0 120 -48 1]
 P 637238 7066 1288211 49199686
PT [188 0 121 -48 1]
 P 637238 7066 1291601 49271866
PT [188 0 122 -48 1]
 P 638937 7066 1291604 49344046
PT [188 0 123 -48 1]
EMPTY QUEUE
 P 642326 7066 1291622 49417315
PT [188 0 124 -50 1]
 P 642326 7066 1295012 49488406
PT [188 0 125 -50 1]
 P 642326 7066 1298402 49560586
PT [188 0 126 -50 1]
 P 642326 7066 1301792 49632766
PT [188 0 127 -50 1]
 P 643632 7066 1301795 49704946
PT [188 0 128 -50 1]
EMPTY QUEUE
 P 645369 7066 1301813 49778375
PT [188 0 129 -52 1]
 P 645369 7066 1305203 49849306
PT [188 0 130 -52 1]
 P 645369 7066 1308593 49921486
PT [188 0 131 -52 1]
 P 645369 7066 1311983 49993666
PT [188 0 132 -52 1]
 P 647766 7066 1311986 50065846
PT [188 0 133 -52 1]
EMPTY QUEUE
 P 649581 7066 1314566 50141028
PT [188 0 134 -52 1]
EMPTY QUEUE
 P 650205 7066 1317965 50212351
PT [188 0 135 -55 1]
 P 650205 7066 1321355 50282386
PT [188 0 136 -55 1]
 P 650205 7066 1324745 50354566
PT [188 0 137 -55 1]
 P 652497 7066 1324748 50426746
PT [188 0 138 -55 1]
 P 653833 7066 1324757 50498926
PT [188 0 139 -55 1]
EMPTY QUEUE
 P 654362 7066 1328156 50573349
PT [188 0 140 -56 1]
 P 654362 7066 1331546 50643286
PT [188 0 141 -56 1]
 P 654362 7066 1334936 50715466
PT [188 0 142 -56 1]
 P 657076 7066 1334940 50787646
PT [188 0 143 -56 1]
 P 659047 7066 1334948 50859826
PT [188 0 144 -56 1]
EMPTY QUEUE
 P 659574 7066 1338348 50933927
PT [188 0 145 -59 1]
 P 659574 7066 1341738 51004186
PT [188 0 146 -59 1]
 P 659574 7066 1345128 51076366
PT [188 0 147 -59 1]
 P 661547 7066 1345131 51148546
PT [188 0 148 -59 1]
 P 662504 7066 1345140 51220726
PT [188 0 149 -59 1]
EMPTY QUEUE
 P 663063 7066 1348540 51294027
PT [188 0 150 -61 1]
 P 663063 7066 1351930 51365086
PT [188 0 151 -61 1]
 P 663063 7066 1355320 51437266
PT [188 0 152 -61 1]
 P 663992 7066 1355324 51509446
PT [188 0 153 -61 1]
 P 666216 7066 1355332 51581626
PT [188 0 154 -61 1]
EMPTY QUEUE
 P 666839 7066 1358732 51655695
PT [188 0 155 -63 1]
 P 666839 7066 1362122 51725986
PT [188 0 156 -63 1]
 P 666839 7066 1365512 51798166
PT [188 0 157 -63 1]
 P 669414 7066 1365515 51870346
PT [188 0 158 -63 1]
 P 671292 7066 1365523 51942526
PT [188 0 159 -63 1]
EMPTY QUEUE
 P 671851 7066 1368923 52016723
PT [188 0 160 -65 1]
 P 671851 7066 1372313 52086886
PT [188 0 161 -65 1]
 P 671851 7066 1375703 52159066
PT [188 0 162 -65 1]
 P 672682 7066 1375706 52231246
PT [188 0 163 -65 1]
 P 675415 7066 1375715 52303426
PT [188 0 164 -65 1]
EMPTY QUEUE
 P 676006 7066 1379115 52377335
PT [188 0 165 -67 1]
 P 676006 7066 1382505 52447786
PT [188 0 166 -67 1]
 P 676006 7066 1385895 52519966
PT [188 0 167 -67 1]
 P 678707 7066 1385898 52592146
PT [188 0 168 -67 1]
 P 679693 7066 1385907 52664326
PT [188 0 169 -67 1]
EMPTY QUEUE
 P 680220 7066 1389307 52739387
PT [188 0 170 -69 1]
 P 680220 7066 1392697 52808686
PT [188 0 171 -69 1]
 P 680220 7066 1396087 52880866
PT [188 0 172 -69 1]
 P 682737 7066 1396091 52953046
PT [188 0 173 -69 1]
 P 682737 7066 1399481 53025226
PT [188 0 174 -69 1]
EMPTY QUEUE
 P 685794 7066 1399499 53098975
PT [188 0 175 -71 1]
 P 685794 7066 1402889 53169586
PT [188 0 176 -71 1]
 P 685794 7066 1406279 53241766
PT [188 0 177 -71 1]
 P 688590 7066 1406282 53313946
PT [188 0 178 -71 1]
 P 688590 7066 1409672 53386126
PT [188 0 179 -71 1]
EMPTY QUEUE
 P 690811 7066 1412252 53462140
PT [188 0 180 -71 1]
EMPTY QUEUE
 P 691370 7066 1415651 53532567
PT [188 0 181 -73 1]
 P 691370 7066 1419041 53602666
PT [188 0 182 -73 1]
 P 692264 7066 1419044 53674846
PT [188 0 183 -73 1]
 P 692264 7066 1422434 53747026
PT [188 0 184 -73 1]
 P 694043 7066 1422442 53819206
PT [188 0 185 -73 1]
EMPTY QUEUE
 P 694666 7066 1425841 53893723
PT [188 0 186 -75 1]
 P 694666 7066 1429231 53963566
PT [188 0 187 -75 1]
 P 696950 7066 1429234 54035746
PT [188 0 188 -75 1]
 P 699572 7066 1429237 54107926
PT [188 0 189 -75 1]
 P 701069 7066 1429245 54180106
PT [188 0 190 -75 1]
EMPTY QUEUE
 P 701596 7066 1432644 54254207
PT [188 0 191 -77 1]
 P 701596 7066 1436034 54324466
PT [188 0 192 -77 1]
 P 701596 7066 1439424 54396646
PT [188 0 193 -77 1]
 P 703971 7066 1439427 54468826
PT [188 0 194 -77 1]
 P 706171 7066 1439435 54541006
PT [188 0 195 -77 1]
EMPTY QUEUE
 P 709198 7066 1439453 54615907
PT [188 0 196 -79 1]
 P 711727 7066 1439457 54685366
PT [188 0 197 -79 1]
 P 711727 7066 1442847 54757546
PT [188 0 198 -79 1]
 P 711727 7066 1446237 54829726
PT [188 0 199 -79 1]
 P 711727 7066 1449627 54901906
PT [188 0 200 -79 1]
EMPTY QUEUE
 P 714440 7066 1449645 54975239
PT [188 0 201 -81 1]
 P 716880 7066 1449649 55046266
PT [188 0 202 -81 1]
 P 719499 7066 1449653 55118446
PT [188 0 203 -81 1]
 P 719499 7066 1453043 55190626
PT [188 0 204 -81 1]
 P 719499 7066 1456433 55262806
PT [188 0 205 -81 1]
EMPTY QUEUE
 P 721901 7066 1456450 55336139
PT [188 0 206 -83 1]
 P 721901 7066 1459840 55407166
PT [188 0 207 -83 1]
 P 724273 7066 1459843 55479346
PT [188 0 208 -83 1]
 P 724273 7066 1463233 55551526
PT [188 0 209 -83 1]
 P 724273 7066 1466623 55623706
PT [188 0 210 -83 1]
EMPTY QUEUE
 P 726329 7066 1466640 55698447
PT [188 0 211 -85 1]
 P 726329 7066 1470030 55768066
PT [188 0 212 -85 1]
 P 728100 7066 1470034 55840246
PT [188 0 213 -85 1]
 P 728100 7066 1473424 55912426
PT [188 0 214 -85 1]
 P 728100 7066 1476814 55984606
PT [188 0 215 -85 1]
EMPTY QUEUE
 P 730947 7066 1476831 56058291
PT [188 0 216 -88 1]
 P 730947 7066 1480221 56128966
PT [188 0 217 -88 1]
 P 732852 7066 1480225 56201146
PT [188 0 218 -88 1]
 P 732852 7066 1483615 56273326
PT [188 0 219 -88 1]
 P 732852 7066 1487005 56345506
PT [188 0 220 -88 1]
EMPTY QUEUE
 P 733379 7066 1490404 56419671
PT [188 0 221 -90 1]
 P 735818 7066 1490412 56489866
PT [188 0 222 -90 1]
 P 737076 7066 1490415 56562046
PT [188 0 223 -90 1]
 P 737076 7066 1493805 56634226
PT [188 0 224 -90 1]
 P 737076 7066 1497195 56706406
PT [188 0 225 -90 1]
EMPTY QUEUE
 P 737636 7066 1500594 56780284
PT [188 0 226 -92 1]
 P 739860 7066 1500602 56850766
PT [188 0 227 -92 1]
 P 742591 7066 1500605 56922946
PT [188 0 228 -92 1]
 P 742591 7066 1503995 56995126
PT [188 0 229 -92 1]
 P 742591 7066 1507385 57067306
PT [188 0 230 -92 1]
EMPTY QUEUE
 P 743151 7066 1510784 57142400
PT [188 0 231 -94 1]
 P 744871 7066 1510792 57211666
PT [188 0 232 -94 1]
 P 746988 7066 1510795 57283846
PT [188 0 233 -94 1]
 P 746988 7066 1514185 57356026
PT [188 0 234 -94 1]
 P 746988 7066 1517575 57428206
PT [188 0 235 -94 1]
EMPTY QUEUE
 P 747057 7066 1523537 57504028
PT [188 0 236 -94 1]
EMPTY QUEUE
 P 749171 7066 1523556 57575319
PT [188 0 237 13 1]
 P 750659 7066 1523559 57644746
PT [188 0 238 13 1]
 P 750659 7066 1526949 57716926
PT [188 0 239 13 1]
 P 750659 7066 1530339 57789106
PT [188 0 240 13 1]
 P 750659 7066 1533729 57861286
PT [188 0 241 13 1]
EMPTY QUEUE
 P 753383 7066 1533747 57934587
PT [188 0 242 11 1]
 P 755784 7066 1533750 58005646
PT [188 0 243 11 1]
 P 755784 7066 1537140 58077826
PT [188 0 244 11 1]
 P 755784 7066 1540530 58150006
PT [188 0 245 11 1]
 P 755784 7066 1543920 58222186
PT [188 0 246 11 1]
EMPTY QUEUE
 P 757167 7066 1543938 58295391
PT [188 0 247 9 1]
 P 759417 7066 1543941 58366546
PT [188 0 248 9 1]
 P 759417 7066 1547331 58438726
PT [188 0 249 9 1]
 P 759417 7066 1550721 58510906
PT [188 0 250 9 1]
 P 759417 7066 1554111 58583086
PT [188 0 251 9 1]
EMPTY QUEUE
 P 761218 7066 1554130 58657763
PT [188 0 252 7 1]
 P 763649 7066 1554134 58727446
PT [188 0 253 7 1]
 P 763649 7066 1557524 58799626
PT [188 0 254 7 1]
 P 763649 7066 1560914 58871806
PT [188 0 255 7 1]
 P 763649 7066 1564304 58943986
PT [188 0 256 7 1]
EMPTY QUEUE
 P 767070 7066 1564322 59017703
PT [188 0 257 5 1]
 P 768682 7066 1564325 59088346
PT [188 0 258 5 1]
 P 768682 7066 1567715 59160526
PT [188 0 259 5 1]
 P 768682 7066 1571105 59232706
PT [188 0 260 5 1]
 P 768682 7066 1574495 59304886
PT [188 0 261 5 1]
EMPTY QUEUE
 P 769929 7066 1577075 59381060
PT [188 0 262 5 1]
 P 771148 7066 1577079 59449246
PT [188 0 263 5 1]
EMPTY QUEUE
 P 771771 7066 1580479 59523571
PT [188 0 264 2 1]
 P 771771 7066 1583869 59593606
PT [188 0 265 2 1]
 P 771771 7066 1587259 59665786
PT [188 0 266 2 1]
 P 773518 7066 1587267 59737966
PT [188 0 267 2 1]
 P 775255 7066 1587270 59810146
PT [188 0 268 2 1]
EMPTY QUEUE
 P 775266 7066 1590662 59884044
PT [188 0 269 2 1]
EMPTY QUEUE
 P 775335 7066 1596624 59958660
PT [188 0 270 2 1]
EMPTY QUEUE
 P 775862 7066 1600024 60028735
PT [188 0 0 -1 1]
EMPTY QUEUE
 P 777726 7066 1600043 60101107
PT [188 0 1 -1 1]
 P 779995 7066 1600046 60171046
PT [188 0 2 -1 1]
 P 779995 7066 1603436 60243226
PT [188 0 3 -1 1]
 P 779995 7066 1606826 60315406
PT [188 0 4 -1 1]
 P 779995 7066 1610216 60387586
PT [188 0 5 -1 1]
EMPTY QUEUE
 P 782524 7066 1610234 60461719
PT [188 0 6 -3 1]
 P 784578 7066 1610237 60531946
PT [188 0 7 -3 1]
 P 784578 7066 1613627 60604126
PT [188 0 8 -3 1]
 P 784578 7066 1617017 60676306
PT [188 0 9 -3 1]
 P 784578 7066 1620407 60748486
PT [188 0 10 -3 1]
EMPTY QUEUE
 P 786156 7066 1620425 60821851
PT [188 0 11 -5 1]
 P 787882 7066 1620428 60892846
PT [188 0 12 -5 1]
 P 787882 7066 1623818 60965026
PT [188 0 13 -5 1]
 P 787882 7066 1627208 61037206
PT [188 0 14 -5 1]
 P 787882 7066 1630598 61109386
PT [188 0 15 -5 1]
EMPTY QUEUE
 P 790666 7066 1630615 61183391
PT [188 0 16 -7 1]
 P 791890 7066 1630618 61253746
PT [188 0 17 -7 1]
 P 791890 7066 1634008 61325926
PT [188 0 18 -7 1]
 P 791890 7066 1637398 61398106
PT [188 0 19 -7 1]
 P 791890 7066 1640788 61470286
PT [188 0 20 -7 1]
EMPTY QUEUE
 P 794360 7066 1640805 61544515
PT [188 0 21 -9 1]
 P 796784 7066 1640808 61614646
PT [188 0 22 -9 1]
 P 796784 7066 1644198 61686826
PT [188 0 23 -9 1]
 P 796784 7066 1647588 61759006
PT [188 0 24 -9 1]
 P 796784 7066 1650978 61831186
PT [188 0 25 -9 1]
EMPTY QUEUE
 P 799586 7066 1653559 61907136
PT [188 0 26 -9 1]
 P 801794 7066 1653563 61975546
PT [188 0 27 -9 1]
EMPTY QUEUE
 P 802417 7066 1656963 62049871
PT [188 0 28 -12 1]
 P 802417 7066 1660353 62119906
PT [188 0 29 -12 1]
 P 802417 7066 1663743 62192086
PT [188 0 30 -12 1]
 P 803403 7066 1663752 62264266
PT [188 0 31 -12 1]
 P 806145 7066 1663755 62336446
PT [188 0 32 -12 1]
EMPTY QUEUE
 P 806672 7066 1667155 62410867
PT [188 0 33 -14 1]
 P 806672 7066 1670545 62480806
PT [188 0 34 -14 1]
 P 806672 7066 1673935 62552986
PT [188 0 35 -14 1]
 P 809151 7066 1673943 62625166
PT [188 0 36 -14 1]
 P 811042 7066 1673946 62697346
PT [188 0 37 -14 1]
EMPTY QUEUE
 P 811569 7066 1677346 62771447
PT [188 0 38 -16 1]
 P 811569 7066 1680736 62841706
PT [188 0 39 -16 1]
 P 811569 7066 1684126 62913886
PT [188 0 40 -16 1]
 P 812906 7066 1684134 62986066
PT [188 0 41 -16 1]
 P 813862 7066 1684137 63058246
PT [188 0 42 -16 1]
EMPTY QUEUE
 P 814421 7066 1687536 63131547
PT [188 0 43 -18 1]
 P 814421 7066 1690926 63202606
PT [188 0 44 -18 1]
 P 814421 7066 1694316 63274786
PT [188 0 45 -18 1]
 P 815530 7066 1694325 63346966
PT [188 0 46 -18 1]
 P 818023 7066 1694328 63419146
PT [188 0 47 -18 1]
EMPTY QUEUE
 P 818646 7066 1697728 63493215
PT [188 0 48 -20 1]
 P 818646 7066 1701118 63563506
PT [188 0 49 -20 1]
 P 818646 7066 1704508 63635686
PT [188 0 50 -20 1]
 P 820365 7066 1704516 63707866
PT [188 0 51 -20 1]
 P 821224 7066 1704519 63780046
PT [188 0 52 -20 1]
 P 823823 7066 1704522 63852226
PT [188 0 53 -20 1]
EMPTY QUEUE
 P 823892 7066 1710484 63928496
PT [188 0 54 -20 1]
EMPTY QUEUE
 P 824451 7066 1713884 63998667
PT [188 0 55 -23 1]
 P 824451 7066 1717274 64068766
PT [188 0 56 -23 1]
 P 826949 7066 1717282 64140946
PT [188 0 57 -23 1]
 P 829301 7066 1717285 64213126
PT [188 0 58 -23 1]
 P 829301 7066 1720675 64285306
PT [188 0 59 -23 1]
EMPTY QUEUE
 P 829370 7066 1726637 64361832
PT [188 0 60 -23 1]
EMPTY QUEUE
 P 829930 7066 1730036 64431748
PT [188 0 61 -26 1]
 P 832082 7066 1730045 64501846
PT [188 0 62 -26 1]
 P 833831 7066 1730048 64574026
PT [188 0 63 -26 1]
 P 833831 7066 1733438 64646206
PT [188 0 64 -26 1]
 P 833831 7066 1736828 64718386
PT [188 0 65 -26 1]
EMPTY QUEUE
 P 834359 7066 1740227 64792808
PT [188 0 66 -28 1]
 P 836137 7066 1740235 64862746
PT [188 0 67 -28 1]
 P 838021 7066 1740238 64934926
PT [188 0 68 -28 1]
 P 838021 7066 1743628 65007106
PT [188 0 69 -28 1]
 P 838021 7066 1747018 65079286
PT [188 0 70 -28 1]
EMPTY QUEUE
 P 838517 7066 1750417 65153356
PT [188 0 71 -30 1]
 P 840013 7066 1750425 65223646
PT [188 0 72 -30 1]
 P 841250 7066 1750428 65295826
PT [188 0 73 -30 1]
 P 841250 7066 1753818 65368006
PT [188 0 74 -30 1]
 P 841250 7066 1757208 65440186
PT [188 0 75 -30 1]
EMPTY QUEUE
 P 841746 7066 1760607 65513423
PT [188 0 76 -32 1]
 P 841746 7066 1763997 65584546
PT [188 0 77 -32 1]
 P 844244 7066 1764005 65656726
PT [188 0 78 -32 1]
 P 846783 7066 1764008 65728906
PT [188 0 79 -32 1]
 P 846783 7066 1767398 65801086
PT [188 0 80 -32 1]
EMPTY QUEUE
 P 847407 7066 1770797 65875155
PT [188 0 81 -34 1]
 P 847407 7066 1774187 65945446
PT [188 0 82 -34 1]
 P 849559 7066 1774196 66017626
PT [188 0 83 -34 1]
 P 851972 7066 1774200 66089806
PT [188 0 84 -34 1]
 P 851972 7066 1777590 66161986
PT [188 0 85 -34 1]
EMPTY QUEUE
 P 852531 7066 1780991 66236185
PT [188 0 86 -36 1]
 P 852531 7066 1784381 66306346
PT [188 0 87 -36 1]
 P 854310 7066 1784390 66378526
PT [188 0 88 -36 1]
 P 855999 7066 1784393 66450706
PT [188 0 89 -36 1]
 P 855999 7066 1787783 66522886
PT [188 0 90 -36 1]
EMPTY QUEUE
 P 856622 7066 1791183 66596827
PT [188 0 91 -38 1]
 P 856622 7066 1794573 66667246
PT [188 0 92 -38 1]
 P 858119 7066 1794582 66739426
PT [188 0 93 -38 1]
 P 860053 7066 1794585 66811606
PT [188 0 94 -38 1]
 P 860053 7066 1797975 66883786
PT [188 0 95 -38 1]
EMPTY QUEUE
 P 860615 7066 1801374 66958882
PT [188 0 96 -40 1]
 P 860615 7066 1804764 67028146
PT [188 0 97 -40 1]
 P 860615 7066 1808154 67100326
PT [188 0 98 -40 1]
 P 861792 7066 1808157 67172506
PT [188 0 99 -40 1]
 P 864277 7066 1808166 67244686
PT [188 0 100 -40 1]
EMPTY QUEUE
 P 864900 7066 1811566 67318499
PT [188 0 101 -42 1]
 P 864900 7066 1814956 67389046
PT [188 0 102 -42 1]
 P 864900 7066 1818346 67461226
PT [188 0 103 -42 1]
 P 867660 7066 1818350 67533406
PT [188 0 104 -42 1]
 P 869800 7066 1818358 67605586
PT [188 0 105 -42 1]
EMPTY QUEUE
 P 870424 7066 1821758 67679592
PT [188 0 106 -44 1]
 P 870424 7066 1825148 67749946
PT [188 0 107 -44 1]
 P 870424 7066 1828538 67822126
PT [188 0 108 -44 1]
 P 872460 7066 1828541 67894306
PT [188 0 109 -44 1]
 P 874239 7066 1828550 67966486
PT [188 0 110 -44 1]
EMPTY QUEUE
 P 874798 7066 1831950 68040107
PT [188 0 111 -46 1]
 P 874798 7066 1835340 68110846
PT [188 0 112 -46 1]
 P 874798 7066 1838730 68183026
PT [188 0 113 -46 1]
 P 876315 7066 1838733 68255206
PT [188 0 114 -46 1]
 P 877809 7066 1838741 68327386
PT [188 0 115 -46 1]
EMPTY QUEUE
 P 880776 7066 1838759 68402287
PT [188 0 116 -48 1]
 P 880776 7066 1842149 68471746
PT [188 0 117 -48 1]
 P 880776 7066 1845539 68543926
PT [188 0 118 -48 1]
 P 883097 7066 1845542 68616106
PT [188 0 119 -48 1]
 P 883097 7066 1848933 68688286
PT [188 0 120 -48 1]
EMPTY QUEUE
 P 883592 7066 1852333 68762675
PT [188 0 121 -50 1]
 P 886090 7066 1852341 68832646
PT [188 0 122 -50 1]
 P 886090 7066 1855731 68904826
PT [188 0 123 -50 1]
 P 888369 7066 1855734 68977006
PT [188 0 124 -50 1]
 P 888369 7066 1859124 69049186
PT [188 0 125 -50 1]
EMPTY QUEUE
 P 888864 7066 1862524 69123255
PT [188 0 126 -52 1]
 P 891016 7066 1862532 69193546
PT [188 0 127 -52 1]
 P 891016 7066 1865922 69265726
PT [188 0 128 -52 1]
 P 893367 7066 1865925 69337906
PT [188 0 129 -52 1]
 P 893367 7066 1869315 69410086
PT [188 0 130 -52 1]
EMPTY QUEUE
 P 893378 7066 1872707 69482832
PT [188 0 131 -52 1]
EMPTY QUEUE
 P 895780 7066 1872724 69557263
PT [188 0 132 -54 1]
 P 895780 7066 1876114 69626626
PT [188 0 133 -54 1]
 P 897421 7066 1876117 69698806
PT [188 0 134 -54 1]
 P 897421 7066 1879507 69770986
PT [188 0 135 -54 1]
 P 897421 7066 1882897 69843166
PT [188 0 136 -54 1]
EMPTY QUEUE
 P 899477 7066 1882914 69916499
PT [188 0 137 -56 1]
 P 899477 7066 1886304 69987526
PT [188 0 138 -56 1]
 P 900616 7066 1886307 70059706
PT [188 0 139 -56 1]
 P 900616 7066 1889697 70131886
PT [188 0 140 -56 1]
 P 900616 7066 1893087 70204066
PT [188 0 141 -56 1]
EMPTY QUEUE
 P 903496 7066 1893106 70277400
PT [188 0 142 -58 1]
 P 903496 7066 1896496 70348426
PT [188 0 143 -58 1]
 P 905262 7066 1896499 70420606
PT [188 0 144 -58 1]
 P 905262 7066 1899889 70492786
PT [188 0 145 -58 1]
 P 905262 7066 1903279 70564966
PT [188 0 146 -58 1]
EMPTY QUEUE
 P 906649 7066 1903297 70639707
PT [188 0 147 -60 1]
 P 906649 7066 1906687 70709326
PT [188 0 148 -60 1]
 P 908837 7066 1906690 70781506
PT [188 0 149 -60 1]
 P 908837 7066 1910080 70853686
PT [188 0 150 -60 1]
 P 908837 7066 1913470 70925866
PT [188 0 151 -60 1]
EMPTY QUEUE
 P 910825 7066 1913487 70999584
PT [188 0 152 -63 1]
 P 910825 7066 1916877 71070226
PT [188 0 153 -63 1]
 P 912908 7066 1916880 71142406
PT [188 0 154 -63 1]
 P 912908 7066 1920270 71214586
PT [188 0 155 -63 1]
 P 912908 7066 1923660 71286766
PT [188 0 156 -63 1]
EMPTY QUEUE
 P 916144 7066 1923678 71360805
PT [188 0 157 -63 1]
 P 916144 7066 1927068 71431126
PT [188 0 158 -63 1]
 P 917789 7066 1927071 71503306
PT [188 0 159 -63 1]
 P 917789 7066 1930461 71575486
PT [188 0 160 -63 1]
 P 917789 7066 1933851 71647666
PT [188 0 161 -63 1]
EMPTY QUEUE
 P 918285 7066 1937250 71721480
PT [188 0 162 -67 1]
 P 920784 7066 1937259 71792026
PT [188 0 163 -67 1]
 P 922036 7066 1937262 71864206
PT [188 0 164 -67 1]
 P 922036 7066 1940652 71936386
PT [188 0 165 -67 1]
 P 922036 7066 1944042 72008566
PT [188 0 166 -67 1]
EMPTY QUEUE
 P 922596 7066 1947441 72083660
PT [188 0 167 -69 1]
 P 924749 7066 1947450 72152926
PT [188 0 168 -69 1]
 P 927092 7066 1947453 72225106
PT [188 0 169 -69 1]
 P 927092 7066 1950843 72297286
PT [188 0 170 -69 1]
 P 927092 7066 1954233 72369466
PT [188 0 171 -69 1]
EMPTY QUEUE
 P 927652 7066 1957632 72443216
PT [188 0 172 -71 1]
 P 929431 7066 1957641 72513826
PT [188 0 173 -71 1]
 P 931670 7066 1957644 72586006
PT [188 0 174 -71 1]
 P 934247 7066 1957647 72658186
PT [188 0 175 -71 1]
 P 934247 7066 1961037 72730366
PT [188 0 176 -71 1]
EMPTY QUEUE
 P 934743 7066 1964436 72804243
PT [188 0 177 -73 1]
 P 936240 7066 1964445 72874726
PT [188 0 178 -73 1]
 P 936240 7066 1967835 72946906
PT [188 0 179 -73 1]
 P 938570 7066 1967838 73019086
PT [188 0 180 -73 1]
 P 938570 7066 1971228 73091266
PT [188 0 181 -73 1]
EMPTY QUEUE
 P 939130 7066 1974627 73164888
PT [188 0 182 -75 1]
 P 941386 7066 1974635 73235626
PT [188 0 183 -75 1]
 P 941386 7066 1978025 73307806
PT [188 0 184 -75 1]
 P 943113 7066 1978028 73379986
PT [188 0 185 -75 1]
 P 943113 7066 1981418 73452166
PT [188 0 186 -75 1]
EMPTY QUEUE
 P 943737 7066 1984818 73527069
PT [188 0 187 -77 1]
 P 943737 7066 1988208 73596526
PT [188 0 188 -77 1]
 P 946176 7066 1988216 73668706
PT [188 0 189 -77 1]
 P 948038 7066 1988219 73740886
PT [188 0 190 -77 1]
 P 948038 7066 1991609 73813066
PT [188 0 191 -77 1]
EMPTY QUEUE
 P 948565 7066 1995009 73886527
PT [188 0 192 -79 1]
 P 948565 7066 1998399 73957426
PT [188 0 193 -79 1]
 P 950790 7066 1998408 74029606
PT [188 0 194 -79 1]
 P 952007 7066 1998411 74101786
PT [188 0 195 -79 1]
 P 952007 7066 2001801 74173966
PT [188 0 196 -79 1]
EMPTY QUEUE
 P 952598 7066 2005201 74247683
PT [188 0 197 -81 1]
 P 952598 7066 2008591 74318326
PT [188 0 198 -81 1]
 P 954318 7066 2008600 74390506
PT [188 0 199 -81 1]
 P 957007 7066 2008603 74462686
PT [188 0 200 -81 1]
 P 959524 7066 2008606 74534866
PT [188 0 201 -81 1]
EMPTY QUEUE
 P 960083 7066 2012006 74608231
PT [188 0 202 -83 1]
 P 960083 7066 2015396 74679226
PT [188 0 203 -83 1]
 P 961638 7066 2015405 74751406
PT [188 0 204 -83 1]
 P 961638 7066 2018795 74823586
PT [188 0 205 -83 1]
 P 964031 7066 2018798 74895766
PT [188 0 206 -83 1]
EMPTY QUEUE
 P 964656 7066 2022197 74970413
PT [188 0 207 -84 1]
 P 964656 7066 2025587 75040126
PT [188 0 208 -84 1]
 P 966853 7066 2025595 75112306
PT [188 0 209 -84 1]
 P 966853 7066 2028985 75184486
PT [188 0 210 -84 1]
 P 968522 7066 2028988 75256666
PT [188 0 211 -84 1]
EMPTY QUEUE
 P 969145 7066 2032388 75329967
PT [188 0 212 -87 1]
 P 969145 7066 2035778 75401026
PT [188 0 213 -87 1]
 P 970032 7066 2035786 75473206
PT [188 0 214 -87 1]
 P 970032 7066 2039176 75545386
PT [188 0 215 -87 1]
 P 971944 7066 2039180 75617566
PT [188 0 216 -87 1]
EMPTY QUEUE
 P 972568 7066 2042580 75691060
PT [188 0 217 -89 1]
 P 972568 7066 2045970 75761926
PT [188 0 218 -89 1]
 P 973873 7066 2045979 75834106
PT [188 0 219 -89 1]
 P 973873 7066 2049369 75906286
PT [188 0 220 -89 1]
 P 975029 7066 2049372 75978466
PT [188 0 221 -89 1]
EMPTY QUEUE
 P 975652 7066 2052772 76051639
PT [188 0 222 -91 1]
 P 975652 7066 2056162 76122826
PT [188 0 223 -91 1]
 P 978450 7066 2056170 76195006
PT [188 0 224 -91 1]
 P 978450 7066 2059560 76267186
PT [188 0 225 -91 1]
 P 981189 7066 2059563 76339366
PT [188 0 226 -91 1]
EMPTY QUEUE
 P 981781 7066 2062964 76413725
PT [188 0 227 -93 1]
 P 981781 7066 2066354 76483726
PT [188 0 228 -93 1]
 P 982959 7066 2066364 76555906
PT [188 0 229 -93 1]
 P 982959 7066 2069754 76628086
PT [188 0 230 -93 1]
 P 984973 7066 2069757 76700266
PT [188 0 231 -93 1]
EMPTY QUEUE
 P 985596 7066 2073157 76775359
PT [188 0 232 -95 1]
 P 985596 7066 2076547 76844626
PT [188 0 233 -95 1]
 P 985596 7066 2079937 76916806
PT [188 0 234 -95 1]
 P 988095 7066 2079945 76988986
PT [188 0 235 -95 1]
 P 989590 7066 2079948 77061166
PT [188 0 236 -95 1]
EMPTY QUEUE
 P 990085 7066 2083348 77134275
PT [188 0 237 -97 1]
 P 990085 7066 2086738 77205526
PT [188 0 238 -97 1]
 P 990085 7066 2090128 77277706
PT [188 0 239 -97 1]
 P 992238 7066 2090136 77349886
PT [188 0 240 -97 1]
 P 994537 7066 2090139 77422066
PT [188 0 241 -97 1]
EMPTY QUEUE
 P 994606 7066 2096101 77499040
PT [188 0 242 -97 1]
EMPTY QUEUE
 P 995165 7066 2099500 77568507
PT [188 0 243 -99 1]
 P 995165 7066 2102890 77638606
PT [188 0 244 -99 1]
 P 996944 7066 2102898 77710786
PT [188 0 245 -99 1]
 P 999202 7066 2102901 77782966
PT [188 0 246 -99 1]
 P 999202 7066 2106291 77855146
PT [188 0 247 -99 1]
EMPTY QUEUE
 P 999729 7066 2109690 77929567
PT [188 0 248 -101 1]
 P 999729 7066 2113080 77999506
PT [188 0 249 -101 1]
 P 1001226 7066 2113088 78071686
PT [188 0 250 -101 1]
 P 1003555 7066 2113091 78143866
PT [188 0 251 -101 1]
 P 1003555 7066 2116481 78216046
PT [188 0 252 -101 1]
EMPTY QUEUE
 P 1004050 7066 2119880 78290115
PT [188 0 253 -103 1]
 P 1004050 7066 2123270 78360406
PT [188 0 254 -103 1]
 P 1006305 7066 2123280 78432586
PT [188 0 255 -103 1]
 P 1007924 7066 2123283 78504766
PT [188 0 256 -103 1]
 P 1007924 7066 2126673 78576946
PT [188 0 257 -103 1]
