190847055 1 24370 R 143.0 1 1 86 1
191035504 1 24394 R 233.0 1 3 94 2
193037327 1 24651 R 188.0 1 2 281 3
193800765 1 24748 R 28.0 1 3 402 4
199623882 1 25494 R 143.0 2 1 57 5
201871799 1 25781 R 188.0 2 2 260 6
202572701 1 25871 R 28.0 2 3 373 7
204055023 1 26061 R 233.0 2 3 609 8
208453499 1 26624 R 143.0 3 1 35 9
210693783 1 26911 R 188.0 3 2 237 10
211387021 1 26999 R 233.0 3 3 397 11
212861241 1 27188 R 28.0 3 3 536 12
217295020 1 27756 R 143.0 4 1 15 13
219496028 1 28037 R 188.0 4 2 211 14
220212671 1 28129 R 233.0 4 3 373 15
221647864 1 28313 R 28.0 4 3 509 16
228269922 1 29160 R 143.0 5 1 268 17
229002222 1 29254 R 188.0 5 2 276 18
229218010 1 29282 R 233.0 5 3 373 19
230461853 1 29441 R 28.0 5 3 487 20
237076139 1 30287 R 143.0 6 1 243 21
237287995 1 30315 R 188.0 6 2 185 22
239305119 1 30573 R 28.0 6 3 467 23
241490448 1 30852 R 233.0 6 3 794 24
245925270 1 31420 R 143.0 7 1 224 25
246610621 1 31508 R 188.0 7 2 226 26
246849884 1 31539 R 233.0 7 3 328 27
248109287 1 31700 R 28.0 7 3 440 28
254739193 1 32548 R 143.0 8 1 200 29
255479268 1 32643 R 188.0 8 2 209 30
255628689 1 32662 R 233.0 8 3 299 31
256911564 1 32826 R 28.0 8 3 416 32
263502341 1 33670 R 143.0 9 1 169 33
264265890 1 33768 R 188.0 9 2 182 34
264466061 1 33793 R 233.0 9 3 278 35
265741124 1 33957 R 28.0 9 3 394 36
272324329 1 34799 R 143.0 10 1 147 37
272520412 1 34824 R 188.0 10 2 87 38
274569002 1 35087 R 28.0 10 3 371 39
276723044 1 35362 R 233.0 10 3 695 40
281126572 1 35926 R 143.0 11 1 121 41
281905746 1 36026 R 233.0 11 3 206 42
282066883 1 36046 R 188.0 11 2 156 43
283357605 1 36211 R 28.0 11 3 345 44
289955992 1 37056 R 143.0 12 1 99 45
290144637 1 37080 R 233.0 12 3 110 46
292146262 1 37336 R 188.0 12 2 295 47
292909741 1 37434 R 28.0 12 3 416 48
298795352 1 38188 R 143.0 13 1 79 49
298979930 1 38211 R 233.0 13 3 88 50
300958240 1 38464 R 188.0 13 2 270 51
301698273 1 38559 R 28.0 13 3 388 52
307599579 1 39314 R 143.0 14 1 54 53
309761501 1 39591 R 188.0 14 2 246 54
310501461 1 39686 R 28.0 14 3 363 55
311960317 1 39873 R 233.0 14 3 597 56
316401830 1 40441 R 143.0 15 1 29 57
318587176 1 40721 R 188.0 15 2 223 58
319350732 1 40819 R 233.0 15 3 391 59
320770279 1 41000 R 28.0 15 3 526 60
327439195 1 41854 R 143.0 16 1 289 61
328155868 1 41946 R 188.0 16 2 296 62
328348239 1 41970 R 233.0 16 3 391 63
329638977 1 42135 R 28.0 16 3 509 64
336237573 1 42980 R 143.0 17 1 263 65
336946430 1 43071 R 188.0 17 2 269 66
337111407 1 43092 R 233.0 17 3 360 67
338425566 1 43260 R 28.0 17 3 483 68
345047624 1 44108 R 143.0 18 1 239 69
345224356 1 44130 R 188.0 18 2 177 70
347218016 1 44386 R 28.0 18 3 455 71
349442409 1 44670 R 233.0 18 3 787 72
353853746 1 45235 R 143.0 19 1 214 73
354578235 1 45328 R 188.0 19 2 222 74
354735466 1 45348 R 233.0 19 3 313 75
356065189 1 45518 R 28.0 19 3 434 76
362640368 1 46360 R 143.0 20 1 187 77
363388290 1 46455 R 188.0 20 2 198 78
363565020 1 46478 R 233.0 20 3 290 79
364886992 1 46647 R 28.0 20 3 413 80
371454362 1 47488 R 143.0 21 1 163 81
372194480 1 47583 R 188.0 21 2 173 82
372406329 1 47610 R 233.0 21 3 271 83
373689208 1 47774 R 28.0 21 3 388 84
380280052 1 48618 R 143.0 22 1 141 85
380440948 1 48638 R 188.0 22 2 77 86
382466083 1 48897 R 28.0 22 3 359 87
384659201 1 49178 R 233.0 22 3 687 88
389101795 1 49747 R 143.0 23 1 118 89
389795098 1 49835 R 233.0 23 3 192 90
389999138 1 49862 R 188.0 23 2 148 91
391297634 1 50028 R 28.0 23 3 337 92
397903872 1 50873 R 143.0 24 1 93 93
398088583 1 50897 R 233.0 24 3 101 94
400129301 1 51158 R 188.0 24 2 292 95
400806752 1 51245 R 28.0 24 3 402 96
406708033 1 52000 R 143.0 25 1 68 97
406904355 1 52025 R 233.0 25 3 78 98
408890489 1 52280 R 188.0 25 2 262 99
409638543 1 52375 R 28.0 25 3 380 100
415492933 1 53125 R 143.0 26 1 40 101
417725233 1 53410 R 188.0 26 2 241 102
418472981 1 53506 R 28.0 26 3 360 103
419939650 1 53694 R 233.0 26 3 594 104
424314683 1 54254 R 143.0 27 1 17 105
426539132 1 54539 R 188.0 27 2 217 106
428747639 1 54821 R 28.0 27 3 524 107
430940782 1 55102 R 233.0 27 3 850 108
435320875 1 55663 R 143.0 28 1 274 109
436076678 1 55759 R 188.0 28 2 286 110
436249463 1 55782 R 233.0 28 3 377 111
437547968 1 55948 R 28.0 28 3 497 112
444154434 1 56793 R 143.0 29 1 253 113
444871078 1 56885 R 188.0 29 2 260 114
445063428 1 56910 R 233.0 29 3 354 115
446354087 1 57075 R 28.0 29 3 473 116
452952708 1 57920 R 143.0 30 1 227 117
453724071 1 58018 R 188.0 30 2 240 118
453889147 1 58039 R 233.0 30 3 332 119
455140708 1 58200 R 28.0 30 3 444 120
461762767 1 59047 R 143.0 31 1 203 121
461939495 1 59070 R 188.0 31 2 140 122
463995728 1 59333 R 28.0 31 3 428 123
466157577 1 59610 R 233.0 31 3 750 124
470568984 1 60174 R 143.0 32 1 178 125
471293442 1 60267 R 188.0 32 2 186 126
471513135 1 60295 R 233.0 32 3 284 127
472780393 1 60458 R 28.0 32 3 399 128
479418079 1 61307 R 143.0 33 1 159 129
480103469 1 61395 R 188.0 33 2 161 130
480342733 1 61426 R 233.0 33 3 263 131
481602133 1 61587 R 28.0 33 3 376 132
488232028 1 62435 R 143.0 34 1 135 133
488972191 1 62530 R 188.0 34 2 144 134
489121504 1 62549 R 233.0 34 3 233 135
490404449 1 62713 R 28.0 34 3 351 136
496995228 1 63557 R 143.0 35 1 104 137
497218796 1 63586 R 233.0 35 3 118 138
499243851 1 63845 R 188.0 35 2 306 139
499968227 1 63938 R 28.0 35 3 422 140
505838240 1 64689 R 143.0 36 1 84 141
506042390 1 64715 R 233.0 36 3 96 142
508012922 1 64967 R 188.0 36 2 278 143
508745112 1 65061 R 28.0 36 3 395 144
514630790 1 65814 R 143.0 37 1 58 145
516847435 1 66098 R 188.0 37 2 257 146
519048089 1 66380 R 28.0 37 3 561 147
521233383 1 66660 R 233.0 37 3 887 148
523444688 1 66943 R 143.0 38 1 34 149
525653548 1 67225 R 188.0 38 2 232 150
526378039 1 67318 R 233.0 38 3 394 151
527883510 1 67511 R 28.0 38 3 540 152
532270375 1 68072 R 143.0 39 1 12 153
534440137 1 68350 R 188.0 39 2 204 154
535188062 1 68446 R 233.0 39 3 369 155
536654569 1 68633 R 28.0 39 3 511 156
543307847 1 69485 R 143.0 40 1 272 157
544008895 1 69575 R 188.0 40 2 276 158
544177848 1 69596 R 233.0 40 3 369 159
545452837 1 69760 R 28.0 40 3 485 160
552098372 1 70610 R 143.0 41 1 246 161
552263346 1 70631 R 188.0 41 2 182 162
554311762 1 70894 R 28.0 41 3 467 163
556465799 1 71169 R 233.0 41 3 789 164
560931833 1 71741 R 143.0 42 1 224 165
561648510 1 71833 R 188.0 42 2 231 166
561840866 1 71857 R 233.0 42 3 326 167
563131582 1 72023 R 28.0 42 3 444 168
569730248 1 72867 R 143.0 43 1 199 169
570439069 1 72958 R 188.0 43 2 203 170
570604045 1 72979 R 233.0 43 3 295 171
571918207 1 73147 R 28.0 43 3 418 172
578540267 1 73995 R 143.0 44 1 174 173
579272563 1 74089 R 188.0 44 2 182 174
579425860 1 74108 R 233.0 44 3 273 175
580732138 1 74275 R 28.0 44 3 393 176
587346389 1 75122 R 143.0 45 1 149 177
587495627 1 75141 R 188.0 45 2 84 178
589512939 1 75399 R 28.0 45 3 365 179
591760730 1 75687 R 233.0 45 3 699 180
596133007 1 76247 R 143.0 46 1 122 181
596880999 1 76342 R 233.0 46 3 203 182
597057696 1 76365 R 188.0 46 2 155 183
598379638 1 76534 R 28.0 46 3 348 184
604946765 1 77375 R 143.0 47 1 98 185
605151045 1 77401 R 233.0 47 3 109 186
607183910 1 77661 R 188.0 47 2 300 187
607916098 1 77755 R 28.0 47 3 416 188
613739281 1 78500 R 143.0 48 1 72 189
613939411 1 78526 R 233.0 48 3 82 190
615949123 1 78783 R 188.0 48 2 270 191
616720298 1 78882 R 28.0 48 3 391 192
622559106 1 79629 R 143.0 49 1 49 193
624752277 1 79910 R 188.0 49 2 244 194
625523514 1 80009 R 28.0 49 3 366 195
627013658 1 80199 R 233.0 49 3 603 196
631408191 1 80762 R 143.0 50 1 29 197
633562330 1 81038 R 188.0 50 2 220 198
634357131 1 81139 R 233.0 50 3 392 199
635808018 1 81325 R 28.0 50 3 529 200
642383126 1 82167 R 143.0 51 1 282 201
643131117 1 82262 R 188.0 51 2 293 202
643339064 1 82289 R 233.0 51 3 389 203
644598468 1 82450 R 28.0 51 3 504 204
651228342 1 83299 R 143.0 52 1 262 205
651968455 1 83394 R 188.0 52 2 271 206
652149087 1 83417 R 233.0 52 3 366 207
653431963 1 83581 R 28.0 52 3 482 208
660022813 1 84425 R 143.0 53 1 236 209
660215157 1 84449 R 188.0 53 2 176 210
662240107 1 84708 R 28.0 53 3 458 211
664433216 1 84989 R 233.0 53 3 785 212
668813305 1 85550 R 143.0 54 1 209 213
669569076 1 85647 R 188.0 54 2 221 214
669741865 1 85669 R 233.0 54 3 314 215
671040397 1 85835 R 28.0 54 3 431 216
677646866 1 86680 R 143.0 55 1 188 217
678363509 1 86772 R 188.0 55 2 195 218
678555860 1 86797 R 233.0 55 3 289 219
679846520 1 86962 R 28.0 55 3 407 220
686445140 1 87807 R 143.0 56 1 162 221
687216504 1 87905 R 188.0 56 2 175 222
687381549 1 87927 R 233.0 56 3 267 223
688633138 1 88087 R 28.0 56 3 379 224
695255237 1 88934 R 143.0 57 1 138 225
695431721 1 88957 R 188.0 57 2 75 226
697488155 1 89220 R 28.0 57 3 363 227
699650009 1 89497 R 233.0 57 3 685 228
704061388 1 90062 R 143.0 58 1 113 229
704785877 1 90154 R 233.0 58 3 191 230
705005537 1 90182 R 188.0 58 2 149 231
706272789 1 90345 R 28.0 58 3 334 232
712910271 1 91194 R 143.0 59 1 94 233
713047964 1 91212 R 233.0 59 3 97 234
715120107 1 91477 R 188.0 59 2 291 235
715828818 1 91568 R 28.0 59 3 404 236
721730165 1 92323 R 143.0 60 1 71 237
723923323 1 92604 R 188.0 60 2 265 238
724632191 1 92695 R 233.0 60 3 427 239
726122049 1 92885 R 28.0 60 3 571 240
730516741 1 93448 R 143.0 61 1 43 241
732733385 1 93732 R 188.0 61 2 242 242
734934080 1 94013 R 28.0 61 3 547 243
737119339 1 94293 R 233.0 61 3 873 244
739330678 1 94576 R 143.0 62 1 19 245
741539503 1 94859 R 188.0 62 2 217 246
742264057 1 94951 R 233.0 62 3 380 247
743707030 1 95136 R 28.0 62 3 518 248
750336901 1 95985 R 143.0 63 1 276 249
751077010 1 96080 R 188.0 63 2 286 250
751257610 1 96103 R 233.0 63 3 378 251
752540517 1 96267 R 28.0 63 3 497 252
759131368 1 97110 R 143.0 64 1 250 253
759894849 1 97208 R 188.0 64 2 263 254
760063799 1 97230 R 233.0 64 3 354 255
761338865 1 97393 R 28.0 64 3 471 256
767984326 1 98244 R 143.0 65 1 231 257
768149364 1 98265 R 188.0 65 2 167 258
770135217 1 98519 R 28.0 65 3 443 259
772351760 1 98803 R 233.0 65 3 775 260
776755322 1 99366 R 143.0 66 1 202 261
777534533 1 99466 R 188.0 66 2 216 262
777664354 1 99483 R 233.0 66 3 303 263
778955041 1 99648 R 28.0 66 3 421 264
785553901 1 100493 R 143.0 67 1 176 265
786325244 1 100591 R 188.0 67 2 190 266
786490276 1 100612 R 233.0 67 3 281 267
787804367 1 100781 R 28.0 67 3 402 268
794363964 1 101620 R 143.0 68 1 152 269
795158732 1 101722 R 188.0 68 2 167 270
795312057 1 101742 R 233.0 68 3 259 271
796618367 1 101909 R 28.0 68 3 378 272
803232612 1 102755 R 143.0 69 1 135 273
803381788 1 102775 R 188.0 69 2 69 274
805399094 1 103033 R 28.0 69 3 350 275
807584453 1 103312 R 233.0 69 3 677 276
812019272 1 103880 R 143.0 70 1 107 277
812219367 1 103906 R 233.0 70 3 117 278
814228795 1 104163 R 188.0 70 2 305 279
814937543 1 104254 R 28.0 70 3 419 280
820838850 1 105009 R 143.0 71 1 84 281
820988220 1 105028 R 233.0 71 3 89 282
823005679 1 105286 R 188.0 71 2 277 283
823784762 1 105386 R 28.0 71 3 399 284
829639178 1 106135 R 143.0 72 1 59 285
831840156 1 106417 R 188.0 72 2 256 286
832556686 1 106509 R 28.0 72 3 370 287
834054607 1 106701 R 233.0 72 3 609 288
838445266 1 107263 R 143.0 73 1 34 289
840638493 1 107543 R 188.0 73 2 230 290
841409900 1 107642 R 233.0 73 3 397 291
842837239 1 107825 R 28.0 73 3 534 292
847231687 1 108387 R 143.0 74 1 7 293
849448598 1 108671 R 188.0 74 2 205 294
850180855 1 108765 R 233.0 74 3 369 295
851694173 1 108959 R 28.0 74 3 516 296
858269399 1 109800 R 143.0 75 1 268 297
859017281 1 109896 R 188.0 75 2 278 298
859162794 1 109914 R 233.0 75 3 367 299
860484664 1 110084 R 28.0 75 3 489 300
867114578 1 110932 R 143.0 76 1 248 301
867287430 1 110954 R 188.0 76 2 185 302
869257620 1 111207 R 28.0 76 3 460 303
871521041 1 111496 R 233.0 76 3 797 304
875908973 1 112058 R 143.0 77 1 221 305
876610023 1 112148 R 188.0 77 2 225 306
876841439 1 112177 R 233.0 77 3 326 307
878116537 1 112341 R 28.0 77 3 442 308
884699534 1 113183 R 143.0 78 1 195 309
885455237 1 113280 R 188.0 78 2 206 310
885628096 1 113302 R 233.0 78 3 298 311
886926573 1 113468 R 28.0 78 3 418 312
893533030 1 114314 R 143.0 79 1 173 313
894249670 1 114406 R 188.0 79 2 180 314
894442062 1 114430 R 233.0 79 3 275 315
895732782 1 114595 R 28.0 79 3 394 316
902331370 1 115440 R 143.0 80 1 147 317
902488358 1 115460 R 188.0 80 2 83 318
904552540 1 115724 R 28.0 80 3 371 319
906722202 1 116002 R 233.0 80 3 694 320
911141390 1 116568 R 143.0 81 1 123 321
911873758 1 116661 R 233.0 81 3 203 322
912089557 1 116689 R 188.0 81 2 159 323
913333295 1 116848 R 28.0 81 3 342 324
919947341 1 117695 R 143.0 82 1 98 325
920159465 1 117722 R 233.0 82 3 110 326
922176707 1 117980 R 188.0 82 2 299 327
922893235 1 118072 R 28.0 82 3 414 328
928747659 1 118821 R 143.0 83 1 73 329
928924359 1 118844 R 233.0 83 3 81 330
930980872 1 119107 R 188.0 83 2 274 331
931674000 1 119196 R 28.0 83 3 386 332
937544057 1 119947 R 143.0 84 1 47 333
939784094 1 120234 R 188.0 84 2 248 334
940539717 1 120331 R 28.0 84 3 368 335
941951763 1 120511 R 233.0 84 3 597 336
946354078 1 121075 R 143.0 85 1 22 337
948617590 1 121365 R 188.0 85 2 227 338
949334333 1 121456 R 233.0 85 3 388 339
950769527 1 121640 R 28.0 85 3 527 340
957391515 1 122488 R 143.0 86 1 283 341
958123882 1 122581 R 188.0 86 2 292 342
958308475 1 122605 R 233.0 86 3 386 343
959614674 1 122772 R 28.0 86 3 507 344
966228915 1 123619 R 143.0 87 1 262 345
966953407 1 123712 R 188.0 87 2 270 346
967141884 1 123736 R 233.0 87 3 364 347
968409105 1 123898 R 28.0 87 3 479 348
975046792 1 124748 R 143.0 88 1 239 349
975215740 1 124769 R 188.0 88 2 176 350
977225087 1 125026 R 28.0 88 3 456 351
979402508 1 125305 R 233.0 88 3 782 352
983829537 1 125872 R 143.0 89 1 211 353
984569649 1 125967 R 188.0 89 2 221 354
984750255 1 125990 R 233.0 89 3 314 355
986033130 1 126154 R 28.0 89 3 432 356
992623977 1 126998 R 143.0 90 1 185 357
993387508 1 127095 R 188.0 90 2 197 358
993556438 1 127117 R 233.0 90 3 289 359
994831495 1 127280 R 28.0 90 3 406 360
1001476957 1 128131 R 143.0 91 1 166 361
1001641997 1 128152 R 188.0 91 2 101 362
1003627848 1 128406 R 28.0 91 3 379 363
1005844394 1 128690 R 233.0 91 3 710 364
1010247959 1 129253 R 143.0 92 1 137 365
1011027206 1 129353 R 188.0 92 2 151 366
1011156986 1 129370 R 233.0 92 3 238 367
1012447677 1 129535 R 28.0 92 3 356 368
1019046336 1 130380 R 143.0 93 1 111 369
1019265994 1 130408 R 233.0 93 3 124 370
1021267614 1 130664 R 188.0 93 2 309 371
1022031052 1 130762 R 28.0 93 3 431 372
1027916701 1 131515 R 143.0 94 1 94 373
1028069989 1 131535 R 233.0 94 3 98 374
1030110909 1 131796 R 188.0 94 2 289 375
1030850909 1 131891 R 28.0 94 3 407 376
1036689652 1 132638 R 143.0 95 1 65 377
1038914098 1 132923 R 188.0 95 2 264 378
1039654100 1 133017 R 28.0 95 3 382 379
1041113024 1 133204 R 233.0 95 3 616 380
1045523145 1 133769 R 143.0 96 1 44 381
1047708534 1 134048 R 188.0 96 2 239 382
1048472005 1 134146 R 28.0 96 3 359 383
1049891793 1 134328 R 233.0 96 3 588 384
1054321516 1 134895 R 143.0 97 1 18 385
1056499098 1 135174 R 188.0 97 2 212 386
1058723226 1 135458 R 28.0 97 3 520 387
1060931923 1 135741 R 233.0 97 3 849 388
1065327710 1 136304 R 143.0 98 1 275 389
1066099034 1 136402 R 188.0 98 2 289 390
1066232859 1 136419 R 233.0 98 3 376 391
1067546922 1 136588 R 28.0 98 3 497 392
1074168996 1 137435 R 143.0 99 1 255 393
1074901285 1 137529 R 188.0 99 2 263 394
1075085826 1 137553 R 233.0 99 3 357 395
1076329669 1 137712 R 28.0 99 3 468 396
1082944158 1 138558 R 143.0 100 1 226 397
1083668612 1 138651 R 188.0 100 2 234 398
1083857025 1 138675 R 233.0 100 3 329 399
1085186811 1 138846 R 28.0 100 3 452 400
