608629293 1 77846 R 245.0 1 1 440 1
612267359 1 78312 R 250.0 1 5 783 2
615957260 1 78784 R 147.0 1 3 376 3
619626861 1 79254 R 207.0 1 2 2178 4
619826823 1 79280 R 207.0 2 2 923 5
623304514 1 79725 R 207.0 3 2 84 6
630649240 1 80665 R 245.0 2 1 1971 7
630860918 1 80692 R 245.0 3 1 709 8
634294119 1 81131 R 51.0 2 4 2154 9
635089265 1 81233 R 147.0 2 3 1541 10
635242283 1 81253 R 147.0 3 3 274 11
638018135 1 81608 R 245.0 4 1 343 12
641653563 1 82073 R 93.0 1 1 2094 13
641873403 1 82101 R 207.0 4 2 1172 14
642057619 1 82125 R 93.0 2 1 859 15
645320793 1 82543 R 207.0 5 2 326 16
648991893 1 83013 R 245.0 5 1 463 17
656326853 1 83951 R 250.0 2 5 5137 18
656530921 1 83978 R 139.0 2 3 3923 19
656699725 1 83999 R 56.0 1 4 3492 20
656911717 1 84026 R 250.0 3 5 3931 21
657057163 1 84045 R 139.0 3 3 2707 22
657276894 1 84073 R 250.0 4 5 2691 23
657461288 1 84097 R 56.0 2 4 2308 24
657626439 1 84118 R 139.0 4 3 1492 25
657850077 1 84146 R 250.0 5 5 1477 26
659995957 1 84421 R 139.0 5 3 513 27
660783031 1 84522 R 56.0 3 4 1445 28
661491770 1 84613 R 250.0 6 5 661 29
662247454 1 84709 R 56.0 4 4 349 30
663685055 1 84893 R 196.0 1 2 3627 31
664425057 1 84988 R 51.0 3 4 4728 32
665149510 1 85081 R 51.0 4 4 3542 33
665369316 1 85109 R 196.0 2 2 2563 34
665553889 1 85133 R 196.0 3 2 1299 35
665718865 1 85154 R 147.0 4 3 2890 36
667349408 1 85362 R 245.0 6 1 1524 37
667565013 1 85390 R 245.0 7 1 264 38
674712529 1 86305 R 93.0 3 1 3750 39
674893128 1 86328 R 93.0 4 1 2491 40
675070000 1 86351 R 207.0 6 2 2853 41
675474154 1 86402 R 93.0 5 1 1277 42
675616601 1 86421 R 207.0 8 2 355 43
675820292 1 86447 R 93.0 6 1 34 44
678374703 1 86774 R 245.0 8 1 365 45
679109168 1 86868 R 139.0 6 3 1672 46
679278114 1 86889 R 250.0 7 5 1654 47
679489824 1 86916 R 139.0 7 3 441 48
682021795 1 87240 R 161.0 1 5 1953 49
685708326 1 87712 R 93.0 7 1 11 50
689368113 1 88181 R 56.0 6 4 1256 51
689572301 1 88207 R 250.0 8 5 1690 52
696718419 1 89122 R 93.0 8 1 135 53
696891562 1 89144 R 207.0 10 2 513 54
700380070 1 89590 R 245.0 9 1 1902 55
700560705 1 89613 R 161.0 3 5 1751 56
700799918 1 89644 R 245.0 10 1 670 57
704106972 1 90067 R 139.0 8 3 2303 58
704236733 1 90084 R 56.0 7 4 1875 59
704440933 1 90110 R 250.0 9 5 2315 60
704609863 1 90132 R 139.0 9 3 1087 61
707728308 1 90531 R 93.0 9 1 257 62
707917078 1 90555 R 207.0 11 2 636 63
711421210 1 91004 R 245.0 11 1 743 64
715099130 1 91474 R 105.0 1 5 397 65
718756956 1 91943 R 154.0 1 3 2414 66
719490173 1 92036 R 245.0 12 1 494 67
720245910 1 92133 R 154.0 2 3 1321 68
722424468 1 92412 R 139.0 10 3 2079 69
723178839 1 92509 R 154.0 3 3 414 70
723367229 1 92533 R 161.0 6 5 822 71
726086993 1 92881 R 93.0 10 1 1324 72
726811312 1 92974 R 93.0 11 1 132 73
727031323 1 93002 R 207.0 12 2 1796 74
727215631 1 93025 R 207.0 13 2 532 75
729783361 1 93354 R 245.0 13 1 529 76
730507144 1 93447 R 139.0 11 3 1825 77
731254753 1 93542 R 56.0 9 4 2759 78
731400488 1 93561 R 250.0 11 5 3197 79
731620204 1 93589 R 250.0 12 5 1943 80
731804303 1 93613 R 153.0 1 3 834 81
731969645 1 93634 R 56.0 10 4 1568 82
732193158 1 93662 R 139.0 12 3 759 83
733439082 1 93822 R 147.0 6 3 8982 84
733643187 1 93848 R 196.0 5 2 7442 85
733812087 1 93870 R 147.0 7 3 7746 86
734023872 1 93897 R 51.0 6 4 9786 87
734169326 1 93915 R 51.0 7 4 8517 88
734389161 1 93943 R 147.0 8 3 6538 89
734573674 1 93967 R 196.0 6 2 6265 90
734738571 1 93988 R 51.0 8 4 7312 91
734899749 1 94009 R 196.0 7 2 5019 92
735072600 1 94031 R 147.0 9 3 5336 93
735272657 1 94057 R 51.0 9 4 6089 94
735453366 1 94080 R 196.0 8 2 3803 95
735630332 1 94102 R 147.0 10 3 4124 96
735818670 1 94126 R 51.0 10 4 4874 97
737090032 1 94289 R 250.0 13 5 1356 98
737884595 1 94391 R 105.0 2 5 2035 99
738601232 1 94483 R 105.0 3 5 836 100
738793617 1 94507 R 153.0 2 3 449 101
740812043 1 94766 R 251.0 1 2 1586 102
741512983 1 94855 R 99.0 1 5 2446 103
741713225 1 94881 R 154.0 4 3 1507 104
741893892 1 94904 R 245.0 14 1 797 105
742070584 1 94927 R 161.0 7 5 1926 106
742258854 1 94951 R 251.0 2 2 488 107
744432787 1 95229 R 93.0 12 1 1107 108
745227671 1 95331 R 207.0 14 2 1556 109
745952955 1 95424 R 207.0 15 2 368 110
746094277 1 95442 R 7.0 1 3 1594 111
746325532 1 95471 R 7.0 2 3 336 112
746475010 1 95490 R 93.0 13 1 80 113
748124302 1 95702 R 245.0 15 1 306 114
748864305 1 95796 R 99.0 2 5 2106 115
749588662 1 95889 R 251.0 3 2 145 116
750360232 1 95988 R 154.0 5 3 1329 117
750525121 1 96009 R 99.0 3 5 1032 118
751776831 1 96169 R 154.0 6 3 225 119
752524691 1 96265 R 161.0 9 5 695 120
755467970 1 96642 R 207.0 16 2 300 121
756200923 1 96735 R 191.0 1 1 131 122
756941339 1 96830 R 51.0 11 4 6296 123
757665700 1 96923 R 196.0 9 2 5360 124
758437301 1 97022 R 147.0 12 3 4480 125
759142947 1 97112 R 105.0 4 5 2184 126
759856721 1 97203 R 245.0 16 1 523 127
760060474 1 97229 R 99.0 4 5 970 128
762791029 1 97579 R 196.0 10 2 4728 129
763538875 1 97675 R 51.0 12 4 5854 130
764271288 1 97768 R 196.0 11 2 3631 131
765050491 1 97868 R 147.0 13 3 4037 132
765736746 1 97956 R 51.0 13 4 4848 133
766500382 1 98054 R 93.0 14 1 1356 134
767208991 1 98144 R 7.0 3 3 1729 135
767405329 1 98170 R 93.0 15 1 184 136
767597796 1 98194 R 207.0 17 2 570 137
770168457 1 98523 R 245.0 17 1 558 138
770352790 1 98547 R 251.0 5 2 232 139
773807499 1 98989 R 153.0 3 3 3648 140
774539796 1 99083 R 154.0 7 3 1857 141
775327027 1 99183 R 161.0 10 5 2330 142
776048226 1 99276 R 94.0 1 4 1330 143
776749420 1 99366 R 245.0 18 1 113 144
777505138 1 99462 R 7.0 4 3 1758 145
777681968 1 99485 R 93.0 16 1 211 146
781165701 1 99931 R 191.0 2 1 2039 147
784876424 1 100406 R 139.0 13 3 6212 148
785553957 1 100492 R 56.0 11 4 7147 149
786340947 1 100593 R 56.0 12 4 5968 150
787049852 1 100684 R 250.0 14 5 6465 151
787805594 1 100781 R 139.0 14 3 5299 152
788535767 1 100874 R 154.0 8 3 2359 153
789244795 1 100965 R 161.0 11 5 2830 154
789978110 1 101059 R 250.0 15 5 5562 155
790162686 1 101082 R 139.0 15 3 4313 156
790327610 1 101104 R 56.0 13 4 5192 157
790551294 1 101132 R 250.0 16 5 4352 158
790723907 1 101154 R 153.0 5 3 3244 159
790923892 1 101180 R 32.0 1 4 3381 160
792204161 1 101344 R 56.0 14 4 4145 161
792921013 1 101435 R 139.0 16 3 3385 162
793650107 1 101529 R 245.0 19 1 987 163
794369743 1 101621 R 142.0 1 1 2883 164
795102045 1 101715 R 201.0 1 2 2888 165
795855258 1 101811 R 207.0 18 2 2904 166
796576675 1 101903 R 93.0 17 1 1341 167
796769170 1 101928 R 207.0 19 2 1738 168
796972890 1 101954 R 93.0 18 1 103 169
799516320 1 102280 R 251.0 6 2 2683 170
800261388 1 102375 R 105.0 7 5 3591 171
800980552 1 102467 R 153.0 6 3 3274 172
801192833 1 102494 R 201.0 2 2 2383 173
801338225 1 102513 R 32.0 2 4 3427 174
801558039 1 102541 R 148.0 1 2 3676 175
801736648 1 102564 R 104.0 1 4 5129 176
802445406 1 102655 R 99.0 5 5 5110 177
803177812 1 102748 R 142.0 2 1 1447 178
806863044 1 103220 R 196.0 12 2 7796 179
807587321 1 103313 R 191.0 3 1 4140 180
808324857 1 103407 R 207.0 20 2 1929 181
809052130 1 103500 R 147.0 14 3 8388 182
809792149 1 103595 R 51.0 14 4 9200 183
810538817 1 103691 R 99.0 6 5 4862 184
811271207 1 103784 R 154.0 9 3 3989 185
811987796 1 103876 R 94.0 2 4 4641 186
812751631 1 103974 R 161.0 12 5 4550 187
813499384 1 104070 R 251.0 7 2 3188 188
814187992 1 104158 R 196.0 13 2 7450 189
814940804 1 104254 R 147.0 15 3 7857 190
815658307 1 104346 R 51.0 15 4 8665 191
816389806 1 104439 R 196.0 14 2 6444 192
816628768 1 104470 R 191.0 4 1 4011 193
817872678 1 104629 R 104.0 3 4 4631 194
818593068 1 104721 R 139.0 17 3 5385 195
818813077 1 104750 R 56.0 15 4 6268 196
818997729 1 104773 R 250.0 17 5 6712 197
819162536 1 104794 R 148.0 2 2 4650 198
819368380 1 104821 R 99.0 7 5 4708 199
820093219 1 104914 R 245.0 20 1 3089 200
820801758 1 105004 R 94.0 3 4 4486 201
821532396 1 105098 R 250.0 18 5 5746 202
822297897 1 105196 R 154.0 10 3 4118 203
823029247 1 105289 R 161.0 13 5 4579 204
823205772 1 105312 R 251.0 8 2 3144 205
823394249 1 105336 R 104.0 4 4 4056 206
825227053 1 105571 R 40.0 1 1 15689 207
825438940 1 105598 R 40.0 2 1 14432 208
825584443 1 105616 R 40.0 3 1 13166 209
828919531 1 106043 R 94.0 4 4 4243 210
829610958 1 106132 R 105.0 8 5 6060 211
829815030 1 106158 R 153.0 7 3 5676 212
829983833 1 106180 R 32.0 3 4 5811 213
832547909 1 106508 R 201.0 3 2 5115 214
833288112 1 106602 R 142.0 3 1 4015 215
834012490 1 106695 R 32.0 4 4 5046 216
834783933 1 106794 R 153.0 8 3 5028 217
835539666 1 106891 R 105.0 9 5 5540 218
836217284 1 106977 R 201.0 4 2 4304 219
836948875 1 107071 R 105.0 10 5 4430 220
837187830 1 107102 R 153.0 9 3 4049 221
837376276 1 107126 R 142.0 4 1 1976 222
837529425 1 107145 R 32.0 5 4 4213 223
837725827 1 107171 R 201.0 5 2 3209 224
837918419 1 107195 R 105.0 11 5 3276 225
838059539 1 107213 R 142.0 5 1 776 226
838291366 1 107243 R 153.0 10 3 2900 227
838440516 1 107262 R 201.0 6 2 2013 228
838648380 1 107289 R 32.0 6 4 3075 229
839902237 1 107449 R 191.0 5 1 5704 230
840642501 1 107544 R 154.0 11 3 5180 231
841358264 1 107635 R 161.0 14 5 5635 232
841581659 1 107664 R 251.0 9 2 4209 233
841754368 1 107686 R 94.0 5 4 4598 234
843614704 1 107924 R 154.0 12 3 4280 235
844339192 1 108017 R 161.0 15 5 4731 236
845047815 1 108108 R 104.0 5 4 5538 237
845803473 1 108204 R 99.0 9 5 5518 238
846540734 1 108299 R 104.0 6 4 4448 239
847253712 1 108390 R 105.0 12 5 3187 240
848001265 1 108486 R 153.0 11 3 2862 241
848146857 1 108504 R 32.0 7 4 3008 242
848366663 1 108533 R 201.0 7 2 2002 243
848551410 1 108556 R 153.0 12 3 1641 244
848716072 1 108577 R 32.0 8 4 1797 245
848939573 1 108606 R 142.0 6 1 887 246
849112391 1 108628 R 201.0 8 2 807 247
849250265 1 108646 R 105.0 14 5 873 248
849430900 1 108669 R 153.0 13 3 466 249
849669824 1 108699 R 32.0 9 4 636 250
850929777 1 108861 R 56.0 16 4 9091 251
851661097 1 108954 R 99.0 10 5 4985 252
852391555 1 109048 R 139.0 18 3 8421 253
853109866 1 109140 R 94.0 6 4 4765 254
853840152 1 109233 R 142.0 7 1 230 255
854572887 1 109327 R 93.0 19 1 6188 256
854772984 1 109353 R 7.0 5 3 10364 257
861936849 1 110269 R 251.0 10 2 5534 258
862658376 1 110362 R 250.0 19 5 9730 259
863382816 1 110455 R 56.0 17 4 9397 260
864149371 1 110553 R 154.0 13 3 5621 261
864349538 1 110578 R 161.0 16 5 6012 262
865609063 1 110740 R 7.0 6 3 10468 263
869281129 1 111210 R 148.0 3 2 9785 264
870000939 1 111302 R 139.0 19 3 9390 265
870212853 1 111329 R 250.0 20 5 9416 266
870358126 1 111347 R 148.0 4 2 8642 267
870578086 1 111376 R 139.0 20 3 8182 268
870762516 1 111399 R 56.0 18 4 9063 269
870927431 1 111420 R 201.0 9 2 2318 270
871151171 1 111449 R 153.0 14 3 1960 271
871323916 1 111471 R 32.0 10 4 2123 272
871461657 1 111489 R 105.0 15 5 2432 273
871642094 1 111512 R 148.0 5 2 7519 274
872941540 1 111678 R 94.0 7 4 6020 275
873697561 1 111775 R 251.0 11 2 5752 276
874452425 1 111871 R 161.0 17 5 6024 277
874621334 1 111893 R 154.0 14 3 5678 278
874770479 1 111912 R 104.0 7 4 6782 279
876639745 1 112151 R 147.0 16 3 14471 280
877357969 1 112243 R 142.0 8 1 1954 281
878105991 1 112339 R 56.0 19 4 8714 282
878838163 1 112433 R 148.0 6 2 7158 283
879554931 1 112525 R 56.0 20 4 7616 284
880293062 1 112619 R 99.0 11 5 7364 285
881025232 1 112713 R 104.0 8 4 6289 286
881742029 1 112805 R 99.0 12 5 6261 287
882505696 1 112902 R 251.0 12 2 5595 288
883253312 1 112998 R 94.0 8 4 6056 289
883940795 1 113086 R 142.0 9 1 1515 290
884735622 1 113188 R 148.0 7 2 6626 291
885452371 1 113279 R 148.0 9 2 2864 292
886153553 1 113369 R 148.0 10 2 1669 293
886901477 1 113465 R 201.0 10 2 3080 294
887629011 1 113558 R 51.0 16 4 16598 295
888399300 1 113657 R 191.0 6 1 10628 296
888584112 1 113680 R 196.0 15 2 14398 297
888749088 1 113701 R 196.0 16 2 13132 298
888910161 1 113722 R 147.0 17 3 14753 299
889083054 1 113744 R 196.0 17 2 11880 300
889283233 1 113770 R 196.0 18 2 10621 301
889463779 1 113793 R 147.0 18 3 13542 302
889640541 1 113816 R 147.0 19 3 12278 303
889828541 1 113840 R 191.0 7 1 9530 304
890044398 1 113867 R 191.0 8 1 8271 305
891287465 1 114026 R 153.0 15 3 3252 306
891511072 1 114055 R 201.0 11 2 2388 307
891683922 1 114077 R 153.0 16 3 2016 308
894959627 1 114496 R 32.0 11 4 3870 309
895699822 1 114591 R 142.0 10 1 1732 310
896424306 1 114684 R 105.0 16 5 4339 311
897195558 1 114783 R 32.0 12 4 2871 312
897360680 1 114804 R 105.0 17 5 3174 313
898651595 1 114969 R 51.0 17 4 16719 314
898820576 1 114991 R 51.0 18 4 15458 315
899032124 1 115018 R 191.0 9 1 6853 316
899177807 1 115036 R 191.0 10 1 1740 317
899397327 1 115064 R 191.0 11 1 481 318
902326627 1 115439 R 7.0 7 3 13884 319
903043269 1 115531 R 7.0 8 3 12689 320
903807099 1 115629 R 93.0 20 1 11202 321
904554710 1 115725 R 7.0 9 3 11593 322
904700361 1 115743 R 7.0 10 3 10326 323
906016404 1 115912 R 154.0 15 3 8411 324
906706547 1 116000 R 104.0 9 4 8297 325
908228753 1 116195 R 99.0 13 5 8371 326
908929035 1 116284 R 251.0 13 2 7698 327
909661341 1 116378 R 154.0 16 3 7591 328
910377659 1 116470 R 94.0 9 4 8244 329
911141526 1 116568 R 161.0 19 5 8152 330
911889519 1 116663 R 104.0 10 4 7674 331
912621677 1 116757 R 99.0 14 5 7647 332
913338314 1 116849 R 94.0 10 4 7336 333
914101977 1 116947 R 251.0 14 2 7079 334
914787404 1 117034 R 154.0 17 3 6967 335
915519736 1 117128 R 161.0 20 5 7424 336
916276417 1 117225 R 251.0 15 2 6077 337
917016525 1 117320 R 104.0 11 4 7040 338
917740941 1 117412 R 99.0 15 5 7013 339
918512402 1 117511 R 154.0 18 3 6160 340
919205501 1 117600 R 94.0 11 4 6801 341
919945728 1 117695 R 104.0 12 4 6127 342
920655779 1 117786 R 7.0 11 3 11084 343
921403499 1 117881 R 7.0 12 3 9897 344
921580194 1 117904 R 7.0 13 3 8633 345
921768641 1 117928 R 7.0 14 3 7378 346
921984456 1 117956 R 7.0 16 3 4840 347
922180716 1 117981 R 7.0 17 3 3585 348
922310570 1 117997 R 7.0 18 3 2318 349
922514643 1 118023 R 7.0 19 3 1058 350
924341366 1 118257 R 99.0 16 5 6573 351
928053618 1 118732 R 94.0 12 4 6652 352
928753864 1 118822 R 154.0 19 3 6187 353
928961728 1 118849 R 99.0 17 5 5870 354
929118925 1 118869 R 94.0 13 4 5506 355
929303611 1 118892 R 154.0 20 3 4970 356
929468508 1 118914 R 99.0 18 5 4653 357
929692090 1 118942 R 94.0 14 4 4291 358
929865010 1 118964 R 104.0 15 4 3544 359
930065029 1 118990 R 99.0 19 5 3443 360
930245841 1 119013 R 251.0 17 2 2740 361
930422393 1 119036 R 94.0 15 4 3098 362
931672354 1 119196 R 153.0 17 3 5844 363
932412498 1 119290 R 148.0 11 2 6304 364
932624383 1 119317 R 142.0 11 1 5174 365
932769896 1 119336 R 201.0 13 2 5103 366
932989443 1 119364 R 32.0 13 4 6169 367
933174061 1 119388 R 105.0 19 5 5195 368
933339023 1 119409 R 32.0 14 4 4934 369
935380699 1 119670 R 104.0 16 4 2970 370
939067413 1 120142 R 94.0 16 4 2926 371
939765704 1 120232 R 251.0 18 2 2675 372
940482239 1 120323 R 99.0 20 5 3493 373
941245895 1 120421 R 104.0 17 4 2441 374
941993709 1 120517 R 94.0 17 4 2013 375
942686150 1 120605 R 142.0 12 1 5181 376
943440944 1 120702 R 153.0 18 3 6066 377
943609849 1 120724 R 201.0 14 2 5202 378
943821626 1 120751 R 32.0 15 4 4995 379
943967223 1 120769 R 153.0 19 3 4849 380
944186946 1 120798 R 105.0 20 5 5323 381
944371484 1 120821 R 148.0 12 2 6551 382
944536428 1 120842 R 201.0 15 2 4032 383
944760000 1 120871 R 142.0 13 1 1591 384
944932850 1 120893 R 153.0 20 3 3693 385
945070407 1 120911 R 32.0 16 4 3873 386
950079509 1 121552 R 191.0 12 1 5687 387
950801063 1 121644 R 191.0 13 1 4492 388
951502081 1 121734 R 191.0 14 1 3296 389
952250073 1 121830 R 191.0 15 1 2105 390
952457777 1 121856 R 191.0 16 1 850 391
953705831 1 122016 R 201.0 16 2 3919 392
954430177 1 122109 R 32.0 17 4 3784 393
954649984 1 122137 R 201.0 17 2 2755 394
954834448 1 122160 R 32.0 18 4 2552 395
954999596 1 122182 R 148.0 13 2 6625 396
955223141 1 122210 R 148.0 14 2 5371 397
955395962 1 122232 R 148.0 15 2 4112 398
955533587 1 122250 R 148.0 16 2 2843 399
955714286 1 122273 R 148.0 17 2 1582 400
955953476 1 122304 R 201.0 18 2 1635 401
956141716 1 122328 R 142.0 14 1 487 402
957409081 1 122490 R 201.0 19 2 533 403
957601562 1 122515 R 32.0 19 4 1625 404
957742863 1 122533 R 32.0 20 4 363 405
961060782 1 122957 R 148.0 18 2 985 406
964731111 1 123427 R 142.0 15 1 306 407
964896142 1 123448 R 148.0 19 2 189 408
968380089 1 123894 R 7.0 20 3 5642 409
975756073 1 124838 R 196.0 19 2 20405 410
975956237 1 124864 R 147.0 20 3 22042 411
976129966 1 124886 R 51.0 20 4 22789 412
976318501 1 124910 R 196.0 20 2 19193 413
976471562 1 124930 R 191.0 17 1 2634 414
976667831 1 124955 R 191.0 18 1 1373 415
976859996 1 124980 R 191.0 19 1 114 416
979398790 1 125305 R 201.0 20 2 2067 417
979602655 1 125331 R 142.0 16 1 922 418
979771559 1 125352 R 148.0 20 2 813 419
983065767 1 125774 R 142.0 17 1 84 420
990430971 1 126717 R 50.0 2 3 27521 421
991163301 1 126810 R 50.0 3 3 26331 422
991879968 1 126902 R 50.0 4 3 25143 423
992643498 1 127000 R 50.0 5 3 23956 424
993391420 1 127096 R 50.0 6 3 22770 425
994098297 1 127186 R 142.0 18 1 217 426
997782511 1 127658 R 191.0 20 1 1508 427
1001444789 1 128127 R 50.0 7 3 22519 428
1002203026 1 128224 R 50.0 8 3 21331 429
1002360758 1 128244 R 104.0 18 4 8982 430
1002545300 1 128267 R 251.0 20 2 8140 431
1002710230 1 128288 R 94.0 18 4 8499 432
1002933865 1 128317 R 94.0 19 4 7241 433
1003106866 1 128339 R 50.0 11 3 17596 434
1003306959 1 128365 R 50.0 12 3 16332 435
1003487631 1 128388 R 50.0 13 3 15072 436
1003664261 1 128411 R 104.0 20 4 6580 437
1003852564 1 128435 R 94.0 20 4 6072 438
1005092553 1 128593 R 142.0 19 1 341 439
1008800252 1 129068 R 50.0 14 3 14469 440
1009540298 1 129163 R 50.0 15 3 13281 441
1010264620 1 129255 R 50.0 16 3 9528 442
1010421812 1 129276 R 50.0 17 3 8263 443
1010606321 1 129299 R 50.0 18 3 7004 444
1010833826 1 129328 R 50.0 19 3 5751 445
1010994924 1 129349 R 50.0 20 3 4482 446
1023453933 1 130944 R 142.0 20 1 1407 447
1027157354 1 131418 R 40.0 4 1 37686 448
1027341901 1 131441 R 40.0 5 1 36426 449
1027506942 1 131462 R 40.0 6 1 35159 450
1027730506 1 131491 R 40.0 7 1 33903 451
1027903360 1 131513 R 40.0 8 1 32645 452
1028040536 1 131531 R 40.0 9 1 31378 453
1028221837 1 131554 R 40.0 10 1 30120 454
1028461060 1 131585 R 40.0 11 1 28869 455
1028649470 1 131609 R 40.0 12 1 27607 456
1028802758 1 131628 R 40.0 13 1 26345 457
1028999058 1 131653 R 40.0 14 1 25090 458
1029191411 1 131678 R 40.0 15 1 23832 459
1029332922 1 131696 R 40.0 16 1 22569 460
1029564360 1 131726 R 40.0 17 1 21311 461
1045480682 1 133763 R 40.0 18 1 22065 462
1045693317 1 133790 R 40.0 19 1 1537 463
1045893256 1 133816 R 40.0 20 1 275 464
