using saved target 'z1'
../../../../contiki/tools/sky/serialdump-linux -b115200 /dev/ttyUSB4
connecting to /dev/ttyUSB4 (115200) [OK]
Rime started with address 5.0
MAC 05:00:00:00:00:00:00:00 Ref ID: 4841
Contiki-3.x-2125-g5d67a61 started. Node id is set to 5.

************************************************
RTIMER_SECOND = 32768. F_CPU=8000000.
CLOCK_SECOND=128.
DURSLOT = 6015.(0.1835 s).
DURSLEEP = 66165.
DURCYCLE = 72180 .(2.2027 s).
MAX_CLOCK_DRIFT = WAKEUP_ADVANCE_TIME = 327 (0.0049 s).
PERIODIC_BCAST_CYCLES_SENSOR = 822083587.
PERIODIC_BCAST_CYCLES_SINK = 822083587.
MAX_CYCLE_COUNTER = 41728.
MAX_COUNT_NO_RTS_CTS = 65535.
MAX_CHILD_NUM = 10.
MAX_TRY_TO_FIND_PARENT = 3.

**********Below is Related Settings**********
PRIMAC_CONF_COMPOWER = 1.
PRIMAC_CONF_COMPOWER_SUPPORT = 1.
SF = 10.
PRI_SYNC_SUPPORT = 1.
RANDOM_DRIFT_IN_COOJA_SUPPORT = 0.
ADCSC_SUPPORT = 1.
DATA_TX_SUPPORT = 1.
START_GRADE = 60.
CYCLES_PER_PACKET = 3.
DATA_INTERVAL = 3.
RETX_LIMIT = 6.
TOTAL_DATA_NUM = 50.
MAX_DATA_QUEUE_BUFS = 10.
PROC_GRADE_BASED_ON_ADDR_SUPPORT = 1.
NODES_NUM_PER_GRADE = 2.
ADDRESS_FREE_SUPPORT = 1.
IS_COOJA_SIM = 0.
CROSS_PLATFORM_SUPPORT = 1.
************************************************

My address is 28.0.
nullmac PRIMAC, channel check rate 8 Hz, radio channel 26
Starting
Hello, world
 P 0 0 0 1487846
 P 0 0 3390 1560026
 P 0 0 6842 1633813
 P 0 0 10232 1704386
 P 0 0 13622 1776566
 P 0 0 17012 1848746
 P 0 0 20402 1920926
EMPTY QUEUE
 P 368 0 23802 1994452
PT [188 0 1 -4 1]
 P 368 0 27192 2065286
PT [188 0 2 -4 1]
 P 1842 0 29108 2137466
PT [188 0 3 -4 1]
 P 3112 0 31228 2209646
PT [188 0 4 -4 1]
 P 3112 0 34618 2281826
PT [188 0 5 -4 1]
EMPTY QUEUE
 P 3672 0 38018 2356856
PT [188 0 6 -6 1]
 P 3672 0 41408 2426186
PT [188 0 7 -6 1]
 P 5064 0 41412 2498366
PT [188 0 8 -6 1]
 P 6571 0 41421 2570546
PT [188 0 9 -6 1]
 P 6571 0 44811 2642726
PT [188 0 10 -6 1]
EMPTY QUEUE
 P 7131 0 48211 2715900
PT [188 0 11 -8 1]
 P 7131 0 51601 2787086
PT [188 0 12 -8 1]
 P 9263 0 51605 2859266
PT [188 0 13 -8 1]
 P 11477 0 51613 2931446
PT [188 0 14 -8 1]
 P 11477 0 55003 3003626
PT [188 0 15 -8 1]
EMPTY QUEUE
 P 12102 0 58403 3078593
PT [188 0 16 -9 1]
 P 12102 0 61793 3147986
PT [188 0 17 -9 1]
 P 13494 0 61797 3220166
PT [188 0 18 -9 1]
 P 14477 0 61806 3292346
PT [188 0 19 -9 1]
 P 14477 0 65196 3364526
PT [188 0 20 -9 1]
EMPTY QUEUE
 P 15037 0 68596 3438596
PT [188 0 21 -12 1]
 P 15037 0 71986 3508886
PT [188 0 22 -12 1]
 P 17647 0 71990 3581066
PT [188 0 23 -12 1]
 P 19208 0 71999 3653246
PT [188 0 24 -12 1]
 P 19208 0 75389 3725426
PT [188 0 25 -12 1]
EMPTY QUEUE
 P 19735 0 78789 3800168
PT [188 0 26 -14 1]
 P 19735 0 82179 3869786
PT [188 0 27 -14 1]
 P 22336 0 82182 3941966
PT [188 0 28 -14 1]
 P 23542 0 82191 4014146
PT [188 0 29 -14 1]
 P 23542 0 85581 4086326
PT [188 0 30 -14 1]
EMPTY QUEUE
 P 24070 0 88981 4161260
PT [188 0 31 -16 1]
 P 24070 0 92371 4230686
PT [188 0 32 -16 1]
 P 26773 0 92374 4302866
PT [188 0 33 -16 1]
 P 27792 0 92383 4375046
PT [188 0 34 -16 1]
 P 27792 0 95773 4447226
PT [188 0 35 -16 1]
EMPTY QUEUE
 P 28416 0 99173 4521936
PT [188 0 36 -18 1]
 P 28416 0 102563 4591586
PT [188 0 37 -18 1]
 P 29263 0 102567 4663766
PT [188 0 38 -18 1]
 P 31456 0 102576 4735946
PT [188 0 39 -18 1]
 P 31456 0 105966 4808126
PT [188 0 40 -18 1]
EMPTY QUEUE
 P 32048 0 109365 4881972
PT [188 0 41 -20 1]
 P 32048 0 112755 4952486
PT [188 0 42 -20 1]
 P 33731 0 112758 5024666
PT [188 0 43 -20 1]
 P 34527 0 112767 5096846
PT [188 0 44 -20 1]
 P 34527 0 116157 5169026
PT [188 0 45 -20 1]
EMPTY QUEUE
 P 35120 0 119557 5243577
PT [188 0 46 -21 1]
 P 35120 0 122947 5313386
PT [188 0 47 -21 1]
 P 37365 0 122951 5385566
PT [188 0 48 -21 1]
 P 38252 0 122960 5457746
PT [188 0 49 -21 1]
 P 38252 0 126350 5529926
PT [188 0 50 -21 1]
EMPTY QUEUE
 P 38812 0 129749 5604636
PT [188 0 51 -24 1]
 P 38812 0 133139 5674286
PT [188 0 52 -24 1]
 P 41415 0 133143 5746466
PT [188 0 53 -24 1]
 P 43358 0 133153 5818646
PT [188 0 54 -24 1]
 P 43358 0 136543 5890826
PT [188 0 55 -24 1]
EMPTY QUEUE
 P 43951 0 139943 5965249
PT [188 0 56 -25 1]
 P 43951 0 143333 6035186
PT [188 0 57 -25 1]
 P 46068 0 143337 6107366
PT [188 0 58 -25 1]
 P 47782 0 143346 6179546
PT [188 0 59 -25 1]
 P 47782 0 146736 6251726
PT [188 0 60 -25 1]
EMPTY QUEUE
 P 48406 0 150135 6325348
PT [188 0 61 -28 1]
 P 48406 0 153525 6396086
PT [188 0 62 -28 1]
 P 49544 0 153529 6468266
PT [188 0 63 -28 1]
 P 52314 0 153538 6540446
PT [188 0 64 -28 1]
 P 52314 0 156928 6612626
PT [188 0 65 -28 1]
EMPTY QUEUE
 P 52383 0 162890 6688960
PT [188 0 66 -28 1]
EMPTY QUEUE
 P 53008 0 166289 6759132
PT [188 0 67 -30 1]
 P 55601 0 166293 6829166
PT [188 0 68 -30 1]
 P 56807 0 166302 6901346
PT [188 0 69 -30 1]
 P 56807 0 169692 6973526
PT [188 0 70 -30 1]
 P 56807 0 173082 7045706
PT [188 0 71 -30 1]
EMPTY QUEUE
 P 57336 0 176481 7120128
PT [188 0 72 -32 1]
 P 59013 0 176484 7190066
PT [188 0 73 -32 1]
 P 60860 0 176493 7262246
PT [188 0 74 -32 1]
 P 60860 0 179883 7334426
PT [188 0 75 -32 1]
 P 60860 0 183273 7406606
PT [188 0 76 -32 1]
EMPTY QUEUE
 P 61389 0 186672 7480708
PT [188 0 77 -34 1]
 P 63119 0 186676 7550966
PT [188 0 78 -34 1]
 P 64039 0 186685 7623146
PT [188 0 79 -34 1]
 P 64039 0 190075 7695326
PT [188 0 80 -34 1]
 P 64039 0 193465 7767506
PT [188 0 81 -34 1]
EMPTY QUEUE
 P 64600 0 196864 7840808
PT [188 0 82 -36 1]
 P 66083 0 196867 7911866
PT [188 0 83 -36 1]
 P 68186 0 196876 7984046
PT [188 0 84 -36 1]
 P 68186 0 200266 8056226
PT [188 0 85 -36 1]
 P 68186 0 203656 8128406
PT [188 0 86 -36 1]
EMPTY QUEUE
 P 68811 0 207055 8202476
PT [188 0 87 -38 1]
 P 70253 0 207059 8272766
PT [188 0 88 -38 1]
 P 72190 0 207068 8344946
PT [188 0 89 -38 1]
 P 72190 0 210458 8417126
PT [188 0 90 -38 1]
 P 72190 0 213848 8489306
PT [188 0 91 -38 1]
EMPTY QUEUE
 P 72751 0 217247 8563504
PT [188 0 92 -40 1]
 P 73820 0 217251 8633666
PT [188 0 93 -40 1]
 P 75889 0 217260 8705846
PT [188 0 94 -40 1]
 P 75889 0 220650 8778026
PT [188 0 95 -40 1]
 P 75889 0 224040 8850206
PT [188 0 96 -40 1]
EMPTY QUEUE
 P 76482 0 227439 8924116
PT [188 0 97 -42 1]
 P 78655 0 227443 8994566
PT [188 0 98 -42 1]
 P 80147 0 227452 9066746
PT [188 0 99 -42 1]
 P 80147 0 230842 9138926
PT [188 0 100 -42 1]
 P 80147 0 234232 9211106
PT [188 0 101 -42 1]
EMPTY QUEUE
 P 80677 0 237631 9286169
PT [188 0 102 -44 1]
 P 83367 0 237635 9355466
PT [188 0 103 -44 1]
 P 84418 0 237644 9427646
PT [188 0 104 -44 1]
 P 84418 0 241034 9499826
PT [188 0 105 -44 1]
 P 84418 0 244424 9572006
PT [188 0 106 -44 1]
EMPTY QUEUE
 P 84980 0 247823 9645757
PT [188 0 107 -45 1]
 P 85845 0 247827 9716366
PT [188 0 108 -45 1]
 P 87434 0 247836 9788546
PT [188 0 109 -45 1]
 P 87434 0 251226 9860726
PT [188 0 110 -45 1]
 P 87434 0 254616 9932906
PT [188 0 111 -45 1]
EMPTY QUEUE
 P 87996 0 258015 10006849
PT [188 0 112 -48 1]
 P 90557 0 258019 10077266
PT [188 0 113 -48 1]
 P 93201 0 258027 10149446
PT [188 0 114 -48 1]
 P 93201 0 261417 10221626
PT [188 0 115 -48 1]
 P 93201 0 264807 10293806
PT [188 0 116 -48 1]
EMPTY QUEUE
 P 93826 0 268206 10367492
PT [188 0 117 -51 1]
 P 95485 0 268210 10438166
PT [188 0 118 -51 1]
 P 97869 0 268219 10510346
PT [188 0 119 -51 1]
 P 97869 0 271609 10582526
PT [188 0 120 -51 1]
 P 97869 0 274999 10654706
PT [188 0 121 -51 1]
EMPTY QUEUE
 P 98366 0 278398 10729480
PT [188 0 122 -53 1]
 P 99523 0 278402 10799066
PT [188 0 123 -53 1]
 P 100287 0 278411 10871246
PT [188 0 124 -53 1]
 P 100287 0 281801 10943426
PT [188 0 125 -53 1]
 P 100287 0 285191 11015606
PT [188 0 126 -53 1]
EMPTY QUEUE
 P 100848 0 288590 11089100
PT [188 0 127 -55 1]
 P 102666 0 288594 11159966
PT [188 0 128 -55 1]
 P 105431 0 288603 11232146
PT [188 0 129 -55 1]
 P 105431 0 291993 11304326
PT [188 0 130 -55 1]
 P 105431 0 295383 11376506
PT [188 0 131 -55 1]
EMPTY QUEUE
 P 105960 0 298782 11450160
PT [188 0 132 -57 1]
 P 107116 0 298786 11520866
PT [188 0 133 -57 1]
 P 108516 0 298795 11593046
PT [188 0 134 -57 1]
 P 108516 0 302185 11665226
PT [188 0 135 -57 1]
 P 108516 0 305575 11737406
PT [188 0 136 -57 1]
EMPTY QUEUE
 P 108527 0 308967 11810216
PT [188 0 137 -57 1]
 P 109641 0 308971 11881766
PT [188 0 138 -57 1]
 P 111885 72 308990 11957006
PT [188 0 139 -59 1]
 P 111896 72 312382 12027844
PT [188 0 140 -59 1]
 P 111965 72 318344 12102460
PT [188 0 141 -59 1]
 P 112462 144 321745 12172746
PT [188 0 142 -61 1]
 P 115755 288 321772 12242666
PT [188 0 143 -61 1]
 P 117111 360 321792 12317042
PT [188 0 144 -61 1]
 P 117735 432 325194 12388422
PT [188 0 145 -62 1]
 P 117735 432 328584 12459206
PT [188 0 146 -62 1]
 P 118359 504 331986 12532814
PT [188 0 147 -63 1]
 P 120491 504 331990 12603566
PT [188 0 148 -63 1]
 P 123405 576 332010 12677814
PT [188 0 149 -63 1]
 P 123901 648 335411 12749578
PT [188 0 150 -64 1]
 P 124462 720 338812 12822366
PT [188 0 151 -64 1]
 P 124963 720 344342 12896280
PT [188 0 152 -64 1]
 P 126211 720 344346 12964466
PT [188 0 153 -64 1]
 P 128080 792 344366 13039643
PT [188 0 154 -65 1]
 P 129169 936 347778 13110222
PT [188 0 155 -66 1]
 P 129794 1008 351179 13183266
PT [188 0 156 -66 1]
 P 129794 1008 354569 13253186
PT [188 0 157 -66 1]
 P 132279 1233 354590 13326763
PT [188 0 158 -66 1]
 P 135339 1305 354605 13397546
PT [188 0 159 -67 1]
 P 138461 1662 354625 13471506
PT [188 0 160 -68 1]
 P 141354 1806 354651 13541906
PT [188 0 161 -68 1]
 P 143175 1806 354655 13614086
PT [188 0 162 -68 1]
 P 146259 2163 354675 13688431
PT [188 0 163 -69 1]
 P 150363 2592 354709 13758446
PT [188 0 164 -69 1]
 P 153463 2949 354730 13832630
PT [188 0 165 -70 1]
 P 157424 3165 354773 13905162
PT [188 0 166 -70 1]
 P 160435 3521 354794 13977438
PT [188 0 167 -71 1]
 P 165913 3950 354831 14047166
PT [188 0 168 -71 1]
 P 168227 4308 354851 14122151
PT [188 0 169 -71 1]
 P 170864 4736 354883 14193850
PT [188 0 170 -72 1]
 P 173913 4808 354898 14263706
PT [188 0 171 -72 1]
 P 176698 5165 354918 14338018
PT [188 0 172 -73 1]
 P 179441 5666 354962 14410614
PT [188 0 173 -73 1]
 P 182003 5666 354966 14480246
PT [188 0 174 -73 1]
 P 183950 6023 354987 14555358
PT [188 0 175 -74 1]
 P 187512 6167 355013 14624606
PT [188 0 176 -74 1]
 P 189171 6167 355016 14696786
PT [188 0 177 -74 1]
 P 191738 6452 355027 14770520
PT [188 0 178 -74 1]
 P 196054 7093 357628 14844206
PT [188 0 179 -75 1]
 P 199780 7237 357655 14913326
PT [188 0 180 -76 1]
 P 201902 7522 357673 14986661
PT [188 0 181 -76 1]
 P 204737 7878 357693 15060459
PT [188 0 182 -77 1]
 P 208483 8022 357720 15129866
PT [188 0 183 -77 1]
 P 209954 8378 357741 15204210
PT [188 0 184 -77 1]
 P 212484 8734 357771 15277383
PT [188 0 185 -78 1]
 P 216130 8878 357797 15346406
PT [188 0 186 -78 1]
 P 218451 8878 357801 15418586
PT [188 0 187 -78 1]
 P 221433 9162 357819 15492465
PT [188 0 188 -79 1]
 P 226909 9590 357855 15562946
PT [188 0 189 -79 1]
 P 229129 9874 357873 15637113
PT [188 0 190 -80 1]
 P 231587 9874 357877 15707306
PT [188 0 191 -80 1]
 P 233803 9946 357897 15780754
PT [188 0 192 -81 1]
 P 237276 10374 357930 15852516
PT [188 0 193 -81 1]
 P 240472 10657 360516 15923846
PT [188 0 194 -81 1]
 P 242455 10657 360535 15998845
PT [188 0 195 -82 1]
 P 244982 10657 360539 16068206
PT [188 0 196 -82 1]
 P 246822 10657 360543 16140386
PT [188 0 197 -82 1]
 P 249913 10657 360561 16213785
PT [188 0 198 -83 1]
 P 253699 11157 363993 16287550
PT [188 0 199 -83 1]
 P 259898 11512 364037 16356926
PT [188 0 200 -84 1]
 P 262287 11512 364040 16429106
PT [188 0 201 -84 1]
 P 263995 11512 364043 16501286
PT [188 0 202 -84 1]
 P 267103 11512 364061 16575773
PT [188 0 203 -85 1]
 P 270914 11728 367492 16647970
PT [188 0 204 -85 1]
 P 275086 12227 367538 16720023
PT [188 0 205 -86 1]
 P 281114 13223 367588 16791528
PT [188 0 206 -86 1]
 P 284518 13507 370188 16865004
PT [188 0 207 -87 1]
 P 286460 13579 370208 16935730
PT [188 0 208 -87 1]
 P 290124 13723 373624 17006546
PT [188 0 209 -87 1]
 P 292511 13723 373628 17078726
PT [188 0 210 -87 1]
 P 294403 13723 373632 17150906
PT [188 0 211 -87 1]
 P 296436 13723 373636 17223086
PT [188 0 212 -87 1]
 P 297884 13723 373640 17295266
PT [188 0 213 -87 1]
 P 300180 13723 373643 17367446
PT [188 0 214 -87 1]
 P 302490 13723 373646 17439626
PT [188 0 215 -87 1]
 P 304145 13723 373650 17511806
PT [188 0 216 -87 1]
 P 305719 13723 373653 17583986
PT [188 0 217 -87 1]
 P 308776 13723 373671 17658794
PT [188 0 218 -91 1]
 P 312667 14223 377103 17730510
PT [188 0 219 -92 1]
 P 316345 14295 380518 17800526
PT [188 0 220 -92 1]
 P 318731 14295 380522 17872706
PT [188 0 221 -92 1]
 P 319921 14295 380525 17944886
PT [188 0 222 -92 1]
 P 323048 14579 380543 18018413
PT [188 0 223 -93 1]
 P 329507 15574 380603 18091872
PT [188 0 224 -94 1]
 P 334022 16073 384047 18163206
PT [188 0 225 -94 1]
 P 340245 16785 384106 18235930
PT [188 0 226 -94 1]
 P 344360 17213 384147 18307982
PT [188 0 227 -95 1]
 P 351011 18066 384202 18380049
PT [188 0 228 -95 1]
 P 355508 18567 384253 18451670
PT [188 0 229 -96 1]
 P 358073 18923 384285 18524332
PT [188 0 230 -95 1]
 P 361703 19067 384311 18594506
PT [188 0 231 -96 1]
 P 364086 19067 384315 18666686
PT [188 0 232 -96 1]
 P 365273 19067 384319 18738866
PT [188 0 233 -96 1]
 P 366729 19067 384322 18811046
PT [188 0 234 -96 1]
 P 369059 19067 384325 18883226
PT [188 0 235 -96 1]
 P 372131 19423 384345 18958370
PT [188 0 236 -98 1]
 P 375512 19923 387780 19029335
PT [188 0 237 -99 1]
 P 378572 19923 387807 19101177
PT [188 0 238 -99 1]
 P 380673 19995 387828 19174974
PT [188 0 239 -100 1]
 P 382547 20139 391250 19245441
PT [188 0 240 -100 1]
 P 383593 20139 391254 19316306
PT [188 0 241 -100 1]
 P 384090 20211 394655 19390842
PT [188 0 242 -101 1]
 P 384090 20211 398045 19460666
PT [188 0 243 -101 1]
 P 386304 20211 398054 19532846
PT [188 0 244 -101 1]
 P 386304 20211 401444 19605026
PT [188 0 245 -101 1]
 P 388004 20211 401448 19677206
PT [188 0 246 -101 1]
EMPTY QUEUE
 P 388565 20211 404847 19751501
PT [188 0 247 -103 1]
 P 388565 20211 408237 19821566
PT [188 0 248 -103 1]
 P 389351 20211 408246 19893746
PT [188 0 249 -103 1]
 P 389351 20211 411636 19965926
PT [188 0 250 -103 1]
 P 391473 20211 411639 20038106
PT [188 0 251 -103 1]
EMPTY QUEUE
 P 392002 20211 415039 20111794
PT [188 0 252 -105 1]
 P 392002 20211 418429 20182466
PT [188 0 253 -105 1]
 P 393367 20211 418438 20254646
PT [188 0 254 -105 1]
 P 393367 20211 421828 20326826
PT [188 0 255 -105 1]
 P 395384 20211 421831 20399006
PT [188 0 256 -105 1]
EMPTY QUEUE
 P 395913 20211 425230 20473652
PT [188 0 257 -107 1]
 P 395913 20211 428620 20543366
PT [188 0 258 -107 1]
 P 398652 20211 428629 20615546
PT [188 0 259 -107 1]
 P 398652 20211 432019 20687726
PT [188 0 260 -107 1]
 P 400230 20211 432023 20759906
PT [188 0 261 -107 1]
EMPTY QUEUE
 P 400791 20211 435422 20832985
PT [188 0 262 -109 1]
 P 400791 20211 438812 20904266
PT [188 0 263 -109 1]
 P 402028 20211 438821 20976446
PT [188 0 264 -109 1]
 P 402028 20211 442211 21048626
PT [188 0 265 -109 1]
 P 403214 20211 442215 21120806
PT [188 0 266 -109 1]
EMPTY QUEUE
 P 403839 20211 445614 21195933
PT [188 0 267 -111 1]
 P 403839 20211 449004 21265166
PT [188 0 268 -111 1]
 P 403839 20211 452394 21337346
PT [188 0 269 -111 1]
 P 406278 20211 452403 21409526
PT [188 0 270 -111 1]
 P 408555 20211 452407 21481706
PT [188 0 271 -111 1]
EMPTY QUEUE
 P 409116 20211 455806 21556193
PT [188 0 272 -113 1]
 P 409116 20211 459196 21626066
PT [188 0 273 -113 1]
 P 409116 20211 462586 21698246
PT [188 0 274 -113 1]
 P 411342 20211 462595 21770426
PT [188 0 275 -113 1]
 P 413514 20211 462599 21842606
PT [188 0 276 -113 1]
EMPTY QUEUE
 P 414107 20211 465998 21916036
PT [188 0 277 -115 1]
 P 414107 20211 469388 21986966
PT [188 0 278 -115 1]
 P 414107 20211 472778 22059146
PT [188 0 279 -115 1]
 P 415828 20211 472786 22131326
PT [188 0 280 -115 1]
 P 418422 20211 472789 22203506
PT [188 0 281 -115 1]
EMPTY QUEUE
 P 418951 20211 476188 22277320
PT [188 0 282 -117 1]
 P 418951 20211 479578 22347866
PT [188 0 283 -117 1]
 P 418951 20211 482968 22420046
PT [188 0 284 -117 1]
 P 420508 20211 482977 22492226
PT [188 0 285 -117 1]
 P 422361 20211 482980 22564406
PT [188 0 286 -117 1]
EMPTY QUEUE
 P 422922 20211 486379 22638188
PT [188 0 287 -119 1]
 P 422922 20211 489769 22708766
PT [188 0 288 -119 1]
 P 422922 20211 493159 22780946
PT [188 0 289 -119 1]
 P 425120 20211 493168 22853126
PT [188 0 290 -119 1]
 P 425928 20211 493172 22925306
PT [188 0 291 -119 1]
EMPTY QUEUE
 P 426490 20211 496571 22998513
PT [188 0 292 -121 1]
 P 426490 20211 499961 23069666
PT [188 0 293 -121 1]
 P 426490 20211 503351 23141846
PT [188 0 294 -121 1]
 P 427377 20211 503360 23214026
PT [188 0 295 -121 1]
 P 429833 20211 503363 23286206
PT [188 0 296 -121 1]
EMPTY QUEUE
 P 430459 20211 506762 23360437
PT [188 0 297 -123 1]
 P 430459 20211 510152 23430566
PT [188 0 298 -123 1]
 P 430459 20211 513542 23502746
PT [188 0 299 -123 1]
 P 431764 20211 513551 23574926
PT [188 0 300 -123 1]
 P 432475 20211 513555 23647106
PT [188 0 301 -123 1]
EMPTY QUEUE
 P 432974 20211 516954 23721659
PT [188 0 302 -124 1]
 P 432974 20211 520344 23791466
PT [188 0 303 -124 1]
 P 432974 20211 523734 23863646
PT [188 0 304 -124 1]
 P 435772 20211 523743 23935826
PT [188 0 305 -124 1]
 P 438352 20211 523747 24008006
PT [188 0 306 -124 1]
EMPTY QUEUE
 P 438913 20211 527146 24082556
PT [188 0 307 -127 1]
 P 438913 20211 530536 24152366
PT [188 0 308 -127 1]
 P 438913 20211 533926 24224546
PT [188 0 309 -127 1]
 P 440091 20211 533936 24296726
PT [188 0 310 -127 1]
 P 442487 20211 533940 24368906
PT [188 0 311 -127 1]
EMPTY QUEUE
 P 443016 20211 537339 24442848
PT [188 0 312 -129 1]
 P 443016 20211 540729 24513266
PT [188 0 313 -129 1]
 P 443016 20211 544119 24585446
PT [188 0 314 -129 1]
 P 444764 20211 544129 24657626
PT [188 0 315 -129 1]
 P 447439 20211 544132 24729806
PT [188 0 316 -129 1]
EMPTY QUEUE
 P 448064 20211 547531 24804804
PT [188 0 317 -131 1]
 P 448064 20211 550921 24874166
PT [188 0 318 -131 1]
 P 448064 20211 554311 24946346
PT [188 0 319 -131 1]
 P 449402 20211 554320 25018526
PT [188 0 320 -131 1]
 P 450173 20211 554324 25090706
PT [188 0 321 -131 1]
EMPTY QUEUE
 P 450798 20211 557723 25164104
PT [188 0 322 -133 1]
 P 450798 20211 561113 25235066
PT [188 0 323 -133 1]
 P 450798 20211 564503 25307246
PT [188 0 324 -133 1]
 P 452768 20211 564511 25379426
PT [188 0 325 -133 1]
 P 454930 20211 564515 25451606
PT [188 0 326 -133 1]
EMPTY QUEUE
 P 455491 20211 567914 25524876
PT [188 0 327 -135 1]
 P 455491 20211 571304 25595966
PT [188 0 328 -135 1]
 P 455491 20211 574694 25668146
PT [188 0 329 -135 1]
 P 456446 20211 574703 25740326
PT [188 0 330 -135 1]
 P 458202 20211 574706 25812506
PT [188 0 331 -135 1]
EMPTY QUEUE
 P 458699 20211 578105 25887184
PT [188 0 332 -137 1]
 P 458699 20211 581495 25956866
PT [188 0 333 -137 1]
 P 458699 20211 584885 26029046
PT [188 0 334 -137 1]
 P 460923 20211 584894 26101226
PT [188 0 335 -137 1]
 P 461778 20211 584898 26173406
PT [188 0 336 -137 1]
EMPTY QUEUE
 P 462372 20211 588297 26247093
PT [188 0 337 -139 1]
 P 462372 20211 591687 26317766
PT [188 0 338 -139 1]
 P 462372 20211 595077 26389946
PT [188 0 339 -139 1]
 P 464250 20211 595086 26462126
PT [188 0 340 -139 1]
 P 464891 20211 595090 26534306
PT [188 0 341 -139 1]
EMPTY QUEUE
 P 465420 20211 598489 26608376
PT [188 0 342 -141 1]
 P 465420 20211 601879 26678666
PT [188 0 343 -141 1]
 P 465420 20211 605269 26750846
PT [188 0 344 -141 1]
 P 468154 20211 605278 26823026
PT [188 0 345 -141 1]
 P 470313 20211 605282 26895206
PT [188 0 346 -141 1]
EMPTY QUEUE
 P 470938 20211 608681 26969308
PT [188 0 347 -143 1]
 P 470938 20211 612071 27039566
PT [188 0 348 -143 1]
 P 470938 20211 615461 27111746
PT [188 0 349 -143 1]
 P 471925 20211 615470 27183926
PT [188 0 350 -143 1]
 P 474219 20211 615474 27256106
PT [188 0 351 -143 1]
EMPTY QUEUE
 P 474844 20211 618873 27329632
PT [188 0 352 -145 1]
 P 474844 20211 622263 27400466
PT [188 0 353 -145 1]
 P 474844 20211 625653 27472646
PT [188 0 354 -145 1]
 P 477327 20211 625662 27544826
PT [188 0 355 -145 1]
 P 479326 20211 625666 27617006
PT [188 0 356 -145 1]
EMPTY QUEUE
 P 482310 20211 625683 27691876
PT [188 0 357 -148 1]
 P 482310 20211 629073 27761366
PT [188 0 358 -148 1]
 P 482310 20211 632463 27833546
PT [188 0 359 -148 1]
 P 482310 20211 635853 27905726
PT [188 0 360 -148 1]
 P 482947 20211 635857 27977906
PT [188 0 361 -148 1]
EMPTY QUEUE
 P 485713 20211 635875 28051304
PT [188 0 362 -150 1]
 P 485713 20211 639265 28122266
PT [188 0 363 -150 1]
 P 485713 20211 642655 28194446
PT [188 0 364 -150 1]
 P 485713 20211 646045 28266626
PT [188 0 365 -150 1]
 P 487742 20211 646049 28338806
PT [188 0 366 -150 1]
EMPTY QUEUE
 P 490082 20211 646068 28412077
PT [188 0 367 -152 1]
 P 490082 20211 649458 28483166
PT [188 0 368 -152 1]
 P 490082 20211 652848 28555346
PT [188 0 369 -152 1]
 P 490082 20211 656238 28627526
PT [188 0 370 -152 1]
 P 491577 20211 656242 28699706
PT [188 0 371 -152 1]
EMPTY QUEUE
 P 493571 20211 656260 28774384
PT [188 0 372 -154 1]
 P 493571 20211 659650 28844066
PT [188 0 373 -154 1]
 P 493571 20211 663040 28916246
PT [188 0 374 -154 1]
 P 493571 20211 666430 28988426
PT [188 0 375 -154 1]
 P 494450 20211 666435 29060606
PT [188 0 376 -154 1]
EMPTY QUEUE
 P 497236 20211 666453 29134228
PT [188 0 377 -156 1]
 P 497236 20211 669843 29204966
PT [188 0 378 -156 1]
 P 497236 20211 673233 29277146
PT [188 0 379 -156 1]
 P 497236 20211 676623 29349326
PT [188 0 380 -156 1]
 P 498123 20211 676626 29421506
PT [188 0 381 -156 1]
EMPTY QUEUE
 P 499448 20211 676644 29495544
PT [188 0 382 -158 1]
 P 499448 20211 680034 29565866
PT [188 0 383 -158 1]
 P 499448 20211 683424 29638046
PT [188 0 384 -158 1]
 P 499448 20211 686814 29710226
PT [188 0 385 -158 1]
 P 501600 20211 686818 29782406
PT [188 0 386 -158 1]
EMPTY QUEUE
 P 503588 20211 686837 29856508
PT [188 0 387 -160 1]
 P 503588 20211 690227 29926766
PT [188 0 388 -160 1]
 P 503588 20211 693617 29998946
PT [188 0 389 -160 1]
 P 503588 20211 697007 30071126
PT [188 0 390 -160 1]
 P 505397 20211 697011 30143306
PT [188 0 391 -160 1]
EMPTY QUEUE
 P 508664 20211 697030 30216736
PT [188 0 392 -162 1]
 P 508664 20211 700420 30287666
PT [188 0 393 -162 1]
 P 508664 20211 703810 30359846
PT [188 0 394 -162 1]
 P 508664 20211 707200 30432026
PT [188 0 395 -162 1]
 P 509827 20211 707204 30504206
PT [188 0 396 -162 1]
EMPTY QUEUE
 P 511562 20211 707223 30578565
PT [188 0 1 0 1]
 P 511562 20211 710613 30648402
PT [188 0 2 0 1]
 P 511562 20211 714003 30720582
PT [188 0 3 0 1]
 P 511562 20211 717393 30792762
PT [188 0 4 0 1]
 P 512578 20211 717397 30864942
PT [188 0 5 0 1]
EMPTY QUEUE
 P 514996 20211 717416 30939268
PT [188 0 6 -2 1]
 P 517603 20211 717425 31009302
PT [188 0 7 -2 1]
 P 520194 20211 717434 31081482
PT [188 0 8 -2 1]
 P 520194 20211 720824 31153662
PT [188 0 9 -2 1]
 P 521072 20211 720827 31225842
PT [188 0 10 -2 1]
EMPTY QUEUE
 P 521696 20211 724227 31300840
PT [188 0 11 -4 1]
 P 521696 20211 727617 31370202
PT [188 0 12 -4 1]
 P 523941 20211 727626 31442382
PT [188 0 13 -4 1]
 P 523941 20211 731016 31514562
PT [188 0 14 -4 1]
 P 524954 20211 731019 31586742
PT [188 0 15 -4 1]
EMPTY QUEUE
 P 525514 20211 734419 31660076
PT [188 0 16 -6 1]
 P 525514 20211 737809 31731102
PT [188 0 17 -6 1]
 P 527254 20211 737818 31803282
PT [188 0 18 -6 1]
 P 527254 20211 741208 31875462
PT [188 0 19 -6 1]
 P 529628 20211 741212 31947642
PT [188 0 20 -6 1]
EMPTY QUEUE
 P 529697 20211 747174 32022984
PT [188 0 21 -6 1]
EMPTY QUEUE
 P 530322 20211 750573 32094148
PT [188 0 22 -8 1]
 P 531780 20211 750582 32164182
PT [188 0 23 -8 1]
 P 531780 20211 753972 32236362
PT [188 0 24 -8 1]
 P 532760 20211 753976 32308542
PT [188 0 25 -8 1]
 P 532760 20211 757366 32380722
PT [188 0 26 -8 1]
EMPTY QUEUE
 P 533289 20211 760765 32455145
PT [188 0 27 -10 1]
 P 535545 20211 760774 32525082
PT [188 0 28 -10 1]
 P 535545 20211 764164 32597262
PT [188 0 29 -10 1]
 P 538173 20211 764168 32669442
PT [188 0 30 -10 1]
 P 538173 20211 767558 32741622
PT [188 0 31 -10 1]
EMPTY QUEUE
 P 538733 20211 770957 32815756
PT [188 0 32 -12 1]
 P 539561 20211 770966 32885982
PT [188 0 33 -12 1]
 P 539561 20211 774356 32958162
PT [188 0 34 -12 1]
 P 542324 20211 774360 33030342
PT [188 0 35 -12 1]
 P 542324 20211 777750 33102522
PT [188 0 36 -12 1]
EMPTY QUEUE
 P 542853 20211 781149 33175792
PT [188 0 37 -14 1]
 P 544217 20211 781158 33246882
PT [188 0 38 -14 1]
 P 544217 20211 784548 33319062
PT [188 0 39 -14 1]
 P 546492 20211 784553 33391242
PT [188 0 40 -14 1]
 P 546492 20211 787943 33463422
PT [188 0 41 -14 1]
EMPTY QUEUE
 P 546989 20211 791342 33537364
PT [188 0 42 -16 1]
 P 549728 20211 791351 33607782
PT [188 0 43 -16 1]
 P 549728 20211 794741 33679962
PT [188 0 44 -16 1]
 P 550610 20211 794744 33752142
PT [188 0 45 -16 1]
 P 550610 20211 798134 33824322
PT [188 0 46 -16 1]
EMPTY QUEUE
 P 551107 20211 801533 33898456
PT [188 0 47 -18 1]
 P 552345 20211 801542 33968682
PT [188 0 48 -18 1]
 P 552345 20211 804932 34040862
PT [188 0 49 -18 1]
 P 553694 20211 804935 34113042
PT [188 0 50 -18 1]
 P 553694 20211 808325 34185222
PT [188 0 51 -18 1]
EMPTY QUEUE
 P 554319 20211 811724 34259164
PT [188 0 52 -20 1]
 P 556008 20211 811733 34329582
PT [188 0 53 -20 1]
 P 556008 20211 815123 34401762
PT [188 0 54 -20 1]
 P 558543 20211 815126 34473942
PT [188 0 55 -20 1]
 P 558543 20211 818516 34546122
PT [188 0 56 -20 1]
EMPTY QUEUE
 P 558612 20211 824478 34623288
PT [188 0 57 -20 1]
EMPTY QUEUE
 P 560634 20211 824496 34693301
PT [188 0 58 -23 1]
 P 560634 20211 827886 34762662
PT [188 0 59 -23 1]
 P 562586 20211 827890 34834842
PT [188 0 60 -23 1]
 P 562586 20211 831280 34907022
PT [188 0 61 -23 1]
 P 562586 20211 834670 34979202
PT [188 0 62 -23 1]
EMPTY QUEUE
 P 565024 20211 834689 35052504
PT [188 0 63 -25 1]
 P 565024 20211 838079 35123562
PT [188 0 64 -25 1]
 P 567429 20211 838083 35195742
PT [188 0 65 -25 1]
 P 567429 20211 841473 35267922
PT [188 0 66 -25 1]
 P 567429 20211 844863 35340102
PT [188 0 67 -25 1]
EMPTY QUEUE
 P 568971 20211 844882 35413340
PT [188 0 68 -27 1]
 P 568971 20211 848272 35484462
PT [188 0 69 -27 1]
 P 571050 20211 848276 35556642
PT [188 0 70 -27 1]
 P 571050 20211 851666 35628822
PT [188 0 71 -27 1]
 P 571050 20211 855056 35701002
PT [188 0 72 -27 1]
EMPTY QUEUE
 P 573774 20211 855075 35775744
PT [188 0 73 -29 1]
 P 573774 20211 858465 35845362
PT [188 0 74 -29 1]
 P 574619 20211 858468 35917542
PT [188 0 75 -29 1]
 P 574619 20211 861858 35989722
PT [188 0 76 -29 1]
 P 574619 20211 865248 36061902
PT [188 0 77 -29 1]
EMPTY QUEUE
 P 577181 20211 865267 36135620
PT [188 0 78 -31 1]
 P 577181 20211 868657 36206262
PT [188 0 79 -31 1]
 P 579863 20211 868660 36278442
PT [188 0 80 -31 1]
 P 579863 20211 872050 36350622
PT [188 0 81 -31 1]
 P 579863 20211 875440 36422802
PT [188 0 82 -31 1]
EMPTY QUEUE
 P 583098 20211 875459 36496904
PT [188 0 83 -33 1]
 P 583098 20211 878849 36567162
PT [188 0 84 -33 1]
 P 585469 20211 878852 36639342
PT [188 0 85 -33 1]
 P 585469 20211 882242 36711522
PT [188 0 86 -33 1]
 P 585469 20211 885632 36783702
PT [188 0 87 -33 1]
EMPTY QUEUE
 P 586061 20211 889032 36857612
PT [188 0 88 -35 1]
 P 588559 20211 889041 36928062
PT [188 0 89 -35 1]
 P 589550 20211 889045 37000242
PT [188 0 90 -35 1]
 P 589550 20211 892435 37072422
PT [188 0 91 -35 1]
 P 589550 20211 895825 37144602
PT [188 0 92 -35 1]
EMPTY QUEUE
 P 590078 20211 899224 37219664
PT [188 0 93 -37 1]
 P 592230 20211 899233 37288962
PT [188 0 94 -37 1]
 P 593356 20211 899237 37361142
PT [188 0 95 -37 1]
 P 593356 20211 902627 37433322
PT [188 0 96 -37 1]
 P 593356 20211 906017 37505502
PT [188 0 97 -37 1]
EMPTY QUEUE
 P 593916 20211 909417 37579252
PT [188 0 98 -39 1]
 P 595696 20211 909426 37649862
PT [188 0 99 -39 1]
 P 596558 20211 909430 37722042
PT [188 0 100 -39 1]
 P 596558 20211 912820 37794222
PT [188 0 101 -39 1]
 P 596558 20211 916210 37866402
PT [188 0 102 -39 1]
EMPTY QUEUE
 P 597118 20211 919609 37940344
PT [188 0 103 -41 1]
 P 598615 20211 919618 38010762
PT [188 0 104 -41 1]
 P 600058 20211 919622 38082942
PT [188 0 105 -41 1]
 P 600058 20211 923012 38155122
PT [188 0 106 -41 1]
 P 600058 20211 926402 38227302
PT [188 0 107 -41 1]
EMPTY QUEUE
 P 600682 20211 929801 38300988
PT [188 0 108 -43 1]
 P 602938 20211 929810 38371662
PT [188 0 109 -43 1]
 P 605105 20211 929814 38443842
PT [188 0 110 -43 1]
 P 605105 20211 933204 38516022
PT [188 0 111 -43 1]
 P 605105 20211 936594 38588202
PT [188 0 112 -43 1]
EMPTY QUEUE
 P 605665 20211 939993 38663040
PT [188 0 113 -45 1]
 P 606492 20211 940002 38732562
PT [188 0 114 -45 1]
 P 609017 20211 940006 38804742
PT [188 0 115 -45 1]
 P 609017 20211 943396 38876922
PT [188 0 116 -45 1]
 P 609017 20211 946786 38949102
PT [188 0 117 -45 1]
EMPTY QUEUE
 P 609545 20211 950185 39022564
PT [188 0 118 -47 1]
 P 610909 20211 950194 39093462
PT [188 0 119 -47 1]
 P 612310 20211 950197 39165642
PT [188 0 120 -47 1]
 P 612310 20211 953587 39237822
PT [188 0 121 -47 1]
 P 612310 20211 956977 39310002
PT [188 0 122 -47 1]
EMPTY QUEUE
 P 612806 20211 960376 39383624
PT [188 0 123 -49 1]
 P 615544 20211 960385 39454362
PT [188 0 124 -49 1]
 P 617111 20211 960389 39526542
PT [188 0 125 -49 1]
 P 617111 20211 963779 39598722
PT [188 0 126 -49 1]
 P 617111 20211 967169 39670902
PT [188 0 127 -49 1]
EMPTY QUEUE
 P 617607 20211 970568 39744204
PT [188 0 128 -51 1]
 P 618844 20211 970577 39815262
PT [188 0 129 -51 1]
 P 620083 20211 970581 39887442
PT [188 0 130 -51 1]
 P 620083 20211 973971 39959622
PT [188 0 131 -51 1]
 P 620083 20211 977361 40031802
PT [188 0 132 -51 1]
EMPTY QUEUE
 P 620709 20211 980760 40106450
PT [188 0 133 -53 1]
 P 622397 20211 980769 40176162
PT [188 0 134 -53 1]
 P 623326 20211 980773 40248342
PT [188 0 135 -53 1]
 P 624275 20211 980777 40320522
PT [188 0 136 -53 1]
 P 624275 20211 984167 40392702
PT [188 0 137 -53 1]
EMPTY QUEUE
 P 624836 20211 987566 40465941
PT [188 0 138 -55 1]
 P 626232 20211 987575 40537062
PT [188 0 139 -55 1]
 P 626232 20211 990965 40609242
PT [188 0 140 -55 1]
 P 627470 20211 990968 40681422
PT [188 0 141 -55 1]
 P 627470 20211 994358 40753602
PT [188 0 142 -55 1]
EMPTY QUEUE
 P 628096 20211 997757 40827098
PT [188 0 143 -57 1]
 P 630006 20211 997766 40897962
PT [188 0 144 -57 1]
 P 630006 20211 1001156 40970142
PT [188 0 145 -57 1]
 P 632270 20211 1001161 41042322
PT [188 0 146 -57 1]
 P 632270 20211 1004551 41114502
PT [188 0 147 -57 1]
EMPTY QUEUE
 P 632831 20211 1007950 41187613
PT [188 0 148 -59 1]
 P 633846 20211 1007959 41258862
PT [188 0 149 -59 1]
 P 633846 20211 1011349 41331042
PT [188 0 150 -59 1]
 P 636419 20211 1011353 41403222
PT [188 0 151 -59 1]
 P 636419 20211 1014743 41475402
PT [188 0 152 -59 1]
EMPTY QUEUE
 P 637044 20211 1018142 41549793
PT [188 0 153 -61 1]
 P 639211 20211 1018151 41619762
PT [188 0 154 -61 1]
 P 639211 20211 1021541 41691942
PT [188 0 155 -61 1]
 P 640741 20211 1021545 41764122
PT [188 0 156 -61 1]
 P 640741 20211 1024935 41836302
PT [188 0 157 -61 1]
EMPTY QUEUE
 P 641238 20211 1028334 41911269
PT [188 0 158 -63 1]
 P 643176 20211 1028343 41980662
PT [188 0 159 -63 1]
 P 643176 20211 1031733 42052842
PT [188 0 160 -63 1]
 P 644187 20211 1031736 42125022
PT [188 0 161 -63 1]
 P 644187 20211 1035126 42197202
PT [188 0 162 -63 1]
EMPTY QUEUE
 P 644684 20211 1038525 42270313
PT [188 0 163 -65 1]
 P 647360 20211 1038534 42341562
PT [188 0 164 -65 1]
 P 647360 20211 1041924 42413742
PT [188 0 165 -65 1]
 P 648920 20211 1041927 42485922
PT [188 0 166 -65 1]
 P 648920 20211 1045317 42558102
PT [188 0 167 -65 1]
EMPTY QUEUE
 P 649481 20211 1048716 42633005
PT [188 0 168 -67 1]
 P 650528 20211 1048724 42702462
PT [188 0 169 -67 1]
 P 650528 20211 1052114 42774642
PT [188 0 170 -67 1]
 P 652046 20211 1052118 42846822
PT [188 0 171 -67 1]
 P 652046 20211 1055508 42919002
PT [188 0 172 -67 1]
EMPTY QUEUE
 P 652607 20211 1058908 42993074
PT [188 0 173 -69 1]
 P 655029 20211 1058917 43063362
PT [188 0 174 -69 1]
 P 655029 20211 1062307 43135542
PT [188 0 175 -69 1]
 P 657383 20211 1062311 43207722
PT [188 0 176 -69 1]
 P 657383 20211 1065701 43279902
PT [188 0 177 -69 1]
EMPTY QUEUE
 P 657880 20211 1069100 43354612
PT [188 0 178 -71 1]
 P 659276 20211 1069109 43424262
PT [188 0 179 -71 1]
 P 659276 20211 1072499 43496442
PT [188 0 180 -71 1]
 P 661302 20211 1072503 43568622
PT [188 0 181 -71 1]
 P 661302 20211 1075893 43640802
PT [188 0 182 -71 1]
EMPTY QUEUE
 P 661864 20211 1079292 43715770
PT [188 0 183 -72 1]
 P 662914 20211 1079301 43785162
PT [188 0 184 -72 1]
 P 662914 20211 1082691 43857342
PT [188 0 185 -72 1]
 P 663833 20211 1082694 43929522
PT [188 0 186 -72 1]
 P 663833 20211 1086084 44001702
PT [188 0 187 -72 1]
EMPTY QUEUE
 P 664458 20211 1089483 44076412
PT [188 0 188 -75 1]
 P 666236 20211 1089492 44146062
PT [188 0 189 -75 1]
 P 666236 20211 1092882 44218242
PT [188 0 190 -75 1]
 P 668674 20211 1092886 44290422
PT [188 0 191 -75 1]
 P 668674 20211 1096276 44362602
PT [188 0 192 -75 1]
EMPTY QUEUE
 P 669203 20211 1099675 44436384
PT [188 0 193 -77 1]
 P 671750 20211 1099684 44506962
PT [188 0 194 -77 1]
 P 671750 20211 1103074 44579142
PT [188 0 195 -77 1]
 P 673017 20211 1103078 44651322
PT [188 0 196 -77 1]
 P 673017 20211 1106468 44723502
PT [188 0 197 -77 1]
EMPTY QUEUE
 P 673610 20211 1109867 44798052
PT [188 0 198 -79 1]
 P 676249 20211 1109876 44867862
PT [188 0 199 -79 1]
 P 676249 20211 1113266 44940042
PT [188 0 200 -79 1]
 P 678239 20211 1113270 45012222
PT [188 0 201 -79 1]
 P 678239 20211 1116660 45084402
PT [188 0 202 -79 1]
EMPTY QUEUE
 P 678800 20211 1120059 45159112
PT [188 0 203 -81 1]
 P 679693 20211 1120068 45228762
PT [188 0 204 -81 1]
 P 679693 20211 1123458 45300942
PT [188 0 205 -81 1]
 P 680448 20211 1123462 45373122
PT [188 0 206 -81 1]
 P 680448 20211 1126852 45445302
PT [188 0 207 -81 1]
EMPTY QUEUE
 P 681073 20211 1130251 45519756
PT [188 0 208 -83 1]
 P 683329 20211 1130260 45589662
PT [188 0 209 -83 1]
 P 683329 20211 1133650 45661842
PT [188 0 210 -83 1]
 P 685062 20211 1133654 45734022
PT [188 0 211 -83 1]
 P 685062 20211 1137044 45806202
PT [188 0 212 -83 1]
EMPTY QUEUE
 P 685687 20211 1140443 45879824
PT [188 0 213 -85 1]
 P 686609 20211 1140452 45950562
PT [188 0 214 -85 1]
 P 686609 20211 1143842 46022742
PT [188 0 215 -85 1]
 P 688956 20211 1143846 46094922
PT [188 0 216 -85 1]
 P 688956 20211 1147236 46167102
PT [188 0 217 -85 1]
EMPTY QUEUE
 P 689581 20211 1150635 46241428
PT [188 0 218 -87 1]
 P 690978 20211 1150644 46311462
PT [188 0 219 -87 1]
 P 690978 20211 1154034 46383642
PT [188 0 220 -87 1]
 P 692901 20211 1154038 46455822
PT [188 0 221 -87 1]
 P 692901 20211 1157428 46528002
PT [188 0 222 -87 1]
EMPTY QUEUE
 P 693526 20211 1160827 46602520
PT [188 0 223 -89 1]
 P 694321 20211 1160836 46672362
PT [188 0 224 -89 1]
 P 694321 20211 1164226 46744542
PT [188 0 225 -89 1]
 P 696125 20211 1164229 46816722
PT [188 0 226 -89 1]
 P 696125 20211 1167619 46888902
PT [188 0 227 -89 1]
EMPTY QUEUE
 P 696718 20211 1171018 46963068
PT [188 0 228 -91 1]
 P 698846 20211 1171027 47033262
PT [188 0 229 -91 1]
 P 698846 20211 1174417 47105442
PT [188 0 230 -91 1]
 P 700513 20211 1174420 47177622
PT [188 0 231 -91 1]
 P 700513 20211 1177810 47249802
PT [188 0 232 -91 1]
EMPTY QUEUE
 P 701138 20211 1181209 47323168
PT [188 0 233 -93 1]
 P 702825 20211 1181218 47394162
PT [188 0 234 -93 1]
 P 702825 20211 1184608 47466342
PT [188 0 235 -93 1]
 P 704786 20211 1184612 47538522
PT [188 0 236 -93 1]
 P 704786 20211 1188002 47610702
PT [188 0 237 -93 1]
EMPTY QUEUE
 P 705284 20211 1191401 47684645
PT [188 0 238 -95 1]
 P 708018 20211 1191410 47755062
PT [188 0 239 -95 1]
 P 708018 20211 1194800 47827242
PT [188 0 240 -95 1]
 P 709619 20211 1194804 47899422
PT [188 0 241 -95 1]
 P 709619 20211 1198194 47971602
PT [188 0 242 -95 1]
EMPTY QUEUE
 P 710116 20211 1201593 48045737
PT [188 0 243 -97 1]
 P 711199 20211 1201602 48115962
PT [188 0 244 -97 1]
 P 711199 20211 1204992 48188142
PT [188 0 245 -97 1]
 P 713381 20211 1204995 48260322
PT [188 0 246 -97 1]
 P 713381 20211 1208385 48332502
PT [188 0 247 -97 1]
EMPTY QUEUE
 P 713911 20211 1211784 48406349
PT [188 0 248 -99 1]
 P 715085 20211 1211793 48476862
PT [188 0 249 -99 1]
 P 715085 20211 1215183 48549042
PT [188 0 250 -99 1]
 P 717480 20211 1215187 48621222
PT [188 0 251 -99 1]
 P 717480 20211 1218577 48693402
PT [188 0 252 -99 1]
EMPTY QUEUE
 P 718105 20211 1221976 48768560
PT [188 0 253 -101 1]
 P 719953 20211 1221985 48837762
PT [188 0 254 -101 1]
 P 719953 20211 1225375 48909942
PT [188 0 255 -101 1]
 P 722101 20211 1225379 48982122
PT [188 0 256 -101 1]
 P 722101 20211 1228769 49054302
PT [188 0 257 -101 1]
EMPTY QUEUE
 P 722598 20211 1232168 49127988
PT [188 0 258 -103 1]
 P 725109 20211 1232177 49198662
PT [188 0 259 -103 1]
 P 725109 20211 1235567 49270842
PT [188 0 260 -103 1]
 P 725910 20211 1235570 49343022
PT [188 0 261 -103 1]
 P 725910 20211 1238960 49415202
PT [188 0 262 -103 1]
EMPTY QUEUE
 P 726439 20211 1242359 49489112
PT [188 0 263 -106 1]
 P 727299 20211 1242368 49559562
PT [188 0 264 -106 1]
 P 727299 20211 1245758 49631742
PT [188 0 265 -106 1]
 P 728840 20211 1245761 49703922
PT [188 0 266 -106 1]
 P 728840 20211 1249151 49776102
PT [188 0 267 -106 1]
EMPTY QUEUE
 P 729337 20211 1252550 49849660
PT [188 0 268 -108 1]
 P 730797 20211 1252559 49920462
PT [188 0 269 -108 1]
 P 730797 20211 1255949 49992642
PT [188 0 270 -108 1]
 P 731659 20211 1255953 50064822
PT [188 0 271 -108 1]
 P 731659 20211 1259343 50137002
PT [188 0 272 -108 1]
EMPTY QUEUE
 P 732220 20211 1262742 50211840
PT [188 0 273 -110 1]
 P 734832 20211 1262751 50281362
PT [188 0 274 -110 1]
 P 734832 20211 1266141 50353542
PT [188 0 275 -110 1]
 P 737231 20211 1266144 50425722
PT [188 0 276 -110 1]
 P 737231 20211 1269534 50497902
PT [188 0 277 -110 1]
EMPTY QUEUE
 P 737728 20211 1272933 50571332
PT [188 0 278 -112 1]
 P 739889 20211 1272942 50642262
PT [188 0 279 -112 1]
 P 739889 20211 1276332 50714442
PT [188 0 280 -112 1]
 P 740781 20211 1276336 50786622
PT [188 0 281 -112 1]
 P 740781 20211 1279726 50858802
PT [188 0 282 -112 1]
EMPTY QUEUE
 P 741310 20211 1283125 50932456
PT [188 0 283 -114 1]
 P 743794 20211 1283134 51003162
PT [188 0 284 -114 1]
 P 743794 20211 1286524 51075342
PT [188 0 285 -114 1]
 P 744948 20211 1286528 51147522
PT [188 0 286 -114 1]
 P 744948 20211 1289918 51219702
PT [188 0 287 -114 1]
EMPTY QUEUE
 P 745572 20211 1293318 51293132
PT [188 0 288 -116 1]
 P 746810 20211 1293327 51364062
PT [188 0 289 -116 1]
 P 746810 20211 1296717 51436242
PT [188 0 290 -116 1]
 P 748912 20211 1296720 51508422
PT [188 0 291 -116 1]
 P 748912 20211 1300110 51580602
PT [188 0 292 -116 1]
EMPTY QUEUE
 P 749504 20211 1303510 51655216
PT [188 0 293 -118 1]
 P 750746 20211 1303519 51724962
PT [188 0 294 -118 1]
 P 750746 20211 1306909 51797142
PT [188 0 295 -118 1]
 P 752027 20211 1306913 51869322
PT [188 0 296 -118 1]
 P 752027 20211 1310303 51941502
PT [188 0 297 -118 1]
EMPTY QUEUE
 P 752587 20211 1313703 52014740
PT [188 0 298 -120 1]
 P 755418 20211 1313712 52085862
PT [188 0 299 -120 1]
 P 755418 20211 1317102 52158042
PT [188 0 300 -120 1]
 P 756307 20211 1317106 52230222
PT [188 0 301 -120 1]
 P 756307 20211 1320496 52302402
PT [188 0 302 -120 1]
EMPTY QUEUE
 P 756867 20211 1323896 52375832
PT [188 0 303 -122 1]
 P 758969 20211 1323905 52446762
PT [188 0 304 -122 1]
 P 758969 20211 1327295 52518942
PT [188 0 305 -122 1]
 P 761331 20211 1327299 52591122
PT [188 0 306 -122 1]
 P 761331 20211 1330689 52663302
PT [188 0 307 -122 1]
EMPTY QUEUE
 P 761955 20211 1334089 52736476
PT [188 0 308 -124 1]
 P 762969 20211 1334098 52807662
PT [188 0 309 -124 1]
 P 762969 20211 1337488 52879842
PT [188 0 310 -124 1]
 P 764748 20211 1337492 52952022
PT [188 0 311 -124 1]
 P 764748 20211 1340882 53024202
PT [188 0 312 -124 1]
EMPTY QUEUE
 P 764817 20211 1346844 53100600
PT [188 0 313 -124 1]
EMPTY QUEUE
 P 767768 20211 1346862 53171382
PT [188 0 314 -126 1]
 P 767768 20211 1350252 53240742
PT [188 0 315 -126 1]
 P 769650 20211 1350256 53312922
PT [188 0 316 -126 1]
 P 769650 20211 1353646 53385102
PT [188 0 317 -126 1]
 P 769650 20211 1357036 53457282
PT [188 0 318 -126 1]
EMPTY QUEUE
 P 771990 20211 1357054 53530585
PT [188 0 319 -128 1]
 P 771990 20211 1360444 53601642
PT [188 0 320 -128 1]
 P 773608 20211 1360448 53673822
PT [188 0 321 -128 1]
 P 773608 20211 1363838 53746002
PT [188 0 322 -128 1]
 P 773608 20211 1367228 53818182
PT [188 0 323 -128 1]
EMPTY QUEUE
 P 775315 20211 1367246 53891420
PT [188 0 324 -130 1]
 P 775315 20211 1370636 53962542
PT [188 0 325 -130 1]
 P 778055 20211 1370640 54034722
PT [188 0 326 -130 1]
 P 778055 20211 1374030 54106902
PT [188 0 327 -130 1]
 P 778055 20211 1377420 54179082
PT [188 0 328 -130 1]
EMPTY QUEUE
 P 781318 20211 1377438 54253824
PT [188 0 329 -132 1]
 P 781318 20211 1380828 54323442
PT [188 0 330 -132 1]
 P 782745 20211 1380832 54395622
PT [188 0 331 -132 1]
 P 782745 20211 1384222 54467802
PT [188 0 332 -132 1]
 P 782745 20211 1387612 54539982
PT [188 0 333 -132 1]
EMPTY QUEUE
 P 785790 20211 1387630 54613701
PT [188 0 334 -134 1]
 P 785790 20211 1391020 54684342
PT [188 0 335 -134 1]
 P 786523 20211 1391023 54756522
PT [188 0 336 -134 1]
 P 786523 20211 1394413 54828702
PT [188 0 337 -134 1]
 P 786523 20211 1397803 54900882
PT [188 0 338 -134 1]
EMPTY QUEUE
 P 787908 20211 1397821 54974985
PT [188 0 339 -136 1]
 P 787908 20211 1401211 55045242
PT [188 0 340 -136 1]
 P 790224 20211 1401214 55117422
PT [188 0 341 -136 1]
 P 790224 20211 1404604 55189602
PT [188 0 342 -136 1]
 P 790224 20211 1407994 55261782
PT [188 0 343 -136 1]
EMPTY QUEUE
 P 790817 20211 1411393 55335692
PT [188 0 344 -138 1]
 P 793256 20211 1411402 55406142
PT [188 0 345 -138 1]
 P 795387 20211 1411406 55478322
PT [188 0 346 -138 1]
 P 795387 20211 1414796 55550502
PT [188 0 347 -138 1]
 P 795387 20211 1418186 55622682
PT [188 0 348 -138 1]
EMPTY QUEUE
 P 795916 20211 1421585 55697744
PT [188 0 349 -140 1]
 P 798140 20211 1421595 55767042
PT [188 0 350 -140 1]
 P 800454 20211 1421598 55839222
PT [188 0 351 -140 1]
 P 800454 20211 1424988 55911402
PT [188 0 352 -140 1]
 P 800454 20211 1428378 55983582
PT [188 0 353 -140 1]
EMPTY QUEUE
 P 801015 20211 1431777 56057332
PT [188 0 354 -142 1]
 P 802734 20211 1431786 56127942
PT [188 0 355 -142 1]
 P 804482 20211 1431790 56200122
PT [188 0 356 -142 1]
 P 807014 20211 1431794 56272302
PT [188 0 357 -142 1]
 P 807014 20211 1435184 56344482
PT [188 0 358 -142 1]
EMPTY QUEUE
 P 807575 20211 1438583 56418424
PT [188 0 359 -144 1]
 P 809130 20211 1438592 56488842
PT [188 0 360 -144 1]
 P 809130 20211 1441982 56561022
PT [188 0 361 -144 1]
 P 811536 20211 1441986 56633202
PT [188 0 362 -144 1]
 P 811536 20211 1445376 56705382
PT [188 0 363 -144 1]
EMPTY QUEUE
 P 812161 20211 1448775 56779068
PT [188 0 364 -146 1]
 P 814358 20211 1448784 56849742
PT [188 0 365 -146 1]
 P 814358 20211 1452174 56921922
PT [188 0 366 -146 1]
 P 816039 20211 1452178 56994102
PT [188 0 367 -146 1]
 P 816039 20211 1455568 57066282
PT [188 0 368 -146 1]
EMPTY QUEUE
 P 816536 20211 1458967 57141056
PT [188 0 369 -148 1]
 P 817422 20211 1458976 57210642
PT [188 0 370 -148 1]
 P 817422 20211 1462366 57282822
PT [188 0 371 -148 1]
 P 819350 20211 1462370 57355002
PT [188 0 372 -148 1]
 P 819350 20211 1465760 57427182
PT [188 0 373 -148 1]
EMPTY QUEUE
 P 819911 20211 1469159 57500676
PT [188 0 374 -150 1]
 P 821216 20211 1469168 57571542
PT [188 0 375 -150 1]
 P 821216 20211 1472558 57643722
PT [188 0 376 -150 1]
 P 822387 20211 1472562 57715902
PT [188 0 377 -150 1]
 P 822387 20211 1475952 57788082
PT [188 0 378 -150 1]
EMPTY QUEUE
 P 822916 20211 1479351 57861736
PT [188 0 379 -152 1]
 P 825714 20211 1479359 57932442
PT [188 0 380 -152 1]
 P 825714 20211 1482749 58004622
PT [188 0 381 -152 1]
 P 828468 20211 1482753 58076802
PT [188 0 382 -152 1]
 P 828468 20211 1486143 58148982
PT [188 0 383 -152 1]
EMPTY QUEUE
 P 828537 20211 1492105 58224420
PT [188 0 384 -152 1]
EMPTY QUEUE
 P 830340 20211 1492124 58296161
PT [188 0 385 -155 1]
 P 830340 20211 1495514 58365522
PT [188 0 386 -155 1]
 P 832369 20211 1495518 58437702
PT [188 0 387 -155 1]
 P 832369 20211 1498908 58509882
PT [188 0 388 -155 1]
 P 832369 20211 1502298 58582062
PT [188 0 389 -155 1]
EMPTY QUEUE
 P 834645 20211 1502316 58655364
PT [188 0 390 -157 1]
 P 834645 20211 1505706 58726422
PT [188 0 391 -157 1]
 P 836155 20211 1505709 58798602
PT [188 0 392 -157 1]
 P 836155 20211 1509099 58870782
PT [188 0 393 -157 1]
 P 836155 20211 1512489 58942962
PT [188 0 394 -157 1]
EMPTY QUEUE
 P 838055 20211 1512507 59016234
PT [188 0 395 -159 1]
 P 838055 20211 1515897 59087322
PT [188 0 396 -159 1]
 P 840369 20211 1515900 59159502
PT [188 0 397 -159 1]
 P 840369 20211 1519290 59231682
PT [188 0 398 -159 1]
 P 840369 20211 1522680 59303862
PT [188 0 399 -159 1]
EMPTY QUEUE
 P 842866 20211 1522698 59378572
PT [188 0 400 -161 1]
 P 842866 20211 1526088 59448222
PT [188 0 401 -161 1]
 P 845139 20211 1526092 59520402
PT [188 0 402 -161 1]
 P 845139 20211 1529482 59592582
PT [188 0 403 -161 1]
 P 845139 20211 1532872 59664762
PT [188 0 404 -161 1]
EMPTY QUEUE
 P 846591 20211 1532890 59738353
PT [188 0 1 0 1]
 P 846591 20211 1536280 59808959
PT [188 0 2 0 1]
 P 849097 20211 1536284 59881139
PT [188 0 3 0 1]
 P 849097 20211 1539674 59953319
PT [188 0 4 0 1]
 P 849097 20211 1543064 60025499
PT [188 0 5 0 1]
EMPTY QUEUE
 P 851981 20211 1543082 60099537
PT [188 0 6 -2 1]
 P 851981 20211 1546472 60169859
PT [188 0 7 -2 1]
 P 853778 20211 1546476 60242039
PT [188 0 8 -2 1]
 P 853778 20211 1549866 60314219
PT [188 0 9 -2 1]
 P 853778 20211 1553256 60386399
PT [188 0 10 -2 1]
EMPTY QUEUE
 P 856444 20211 1553274 60460501
PT [188 0 11 -4 1]
 P 859270 20211 1553283 60530759
PT [188 0 12 -4 1]
 P 860564 20211 1553287 60602939
PT [188 0 13 -4 1]
 P 860564 20211 1556677 60675119
PT [188 0 14 -4 1]
 P 860564 20211 1560067 60747299
PT [188 0 15 -4 1]
EMPTY QUEUE
 P 861126 20211 1563466 60820763
PT [188 0 16 -6 1]
 P 862205 20211 1563475 60891659
PT [188 0 17 -6 1]
 P 864127 20211 1563478 60963839
PT [188 0 18 -6 1]
 P 864127 20211 1566868 61036019
PT [188 0 19 -6 1]
 P 864127 20211 1570258 61108199
PT [188 0 20 -6 1]
EMPTY QUEUE
 P 864751 20211 1573657 61182685
PT [188 0 21 -8 1]
 P 867204 20211 1573666 61252559
PT [188 0 22 -8 1]
 P 868561 20211 1573675 61324739
PT [188 0 23 -8 1]
 P 871242 20211 1573679 61396919
PT [188 0 24 -8 1]
 P 871242 20211 1577069 61469099
PT [188 0 25 -8 1]
EMPTY QUEUE
 P 871802 20211 1580468 61542721
PT [188 0 26 -10 1]
 P 871802 20211 1583858 61613459
PT [188 0 27 -10 1]
 P 872813 20211 1583867 61685639
PT [188 0 28 -10 1]
 P 875370 20211 1583871 61757819
PT [188 0 29 -10 1]
 P 875370 20211 1587261 61829999
PT [188 0 30 -10 1]
EMPTY QUEUE
 P 875995 20211 1590660 61904902
PT [188 0 31 -12 1]
 P 875995 20211 1594050 61974359
PT [188 0 32 -12 1]
 P 877774 20211 1594059 62046539
PT [188 0 33 -12 1]
 P 879605 20211 1594062 62118719
PT [188 0 34 -12 1]
 P 879605 20211 1597452 62190899
PT [188 0 35 -12 1]
EMPTY QUEUE
 P 880102 20211 1600851 62264330
PT [188 0 36 -14 1]
 P 880102 20211 1604241 62335259
PT [188 0 37 -14 1]
 P 882650 20211 1604250 62407439
PT [188 0 38 -14 1]
 P 884727 20211 1604254 62479619
PT [188 0 39 -14 1]
 P 884727 20211 1607644 62551799
PT [188 0 40 -14 1]
EMPTY QUEUE
 P 885224 20211 1611043 62625422
PT [188 0 41 -16 1]
 P 885224 20211 1614433 62696159
PT [188 0 42 -16 1]
 P 887863 20211 1614442 62768339
PT [188 0 43 -16 1]
 P 889183 20211 1614446 62840519
PT [188 0 44 -16 1]
 P 889183 20211 1617836 62912699
PT [188 0 45 -16 1]
EMPTY QUEUE
 P 889744 20211 1621235 62986066
PT [188 0 46 -18 1]
 P 889744 20211 1624625 63057059
PT [188 0 47 -18 1]
 P 890636 20211 1624634 63129239
PT [188 0 48 -18 1]
 P 893539 20211 1624638 63201419
PT [188 0 49 -18 1]
 P 893539 20211 1628028 63273599
PT [188 0 50 -18 1]
EMPTY QUEUE
 P 894100 20211 1631427 63348182
PT [188 0 51 -20 1]
 P 894100 20211 1634817 63417959
PT [188 0 52 -20 1]
 P 896356 20211 1634826 63490139
PT [188 0 53 -20 1]
 P 898534 20211 1634830 63562319
PT [188 0 54 -20 1]
 P 898534 20211 1638220 63634499
PT [188 0 55 -20 1]
EMPTY QUEUE
 P 899031 20211 1641619 63707674
PT [188 0 56 -22 1]
 P 899031 20211 1645009 63778859
PT [188 0 57 -22 1]
 P 899955 20211 1645017 63851039
PT [188 0 58 -22 1]
 P 901615 20211 1645021 63923219
PT [188 0 59 -22 1]
 P 901615 20211 1648411 63995399
PT [188 0 60 -22 1]
EMPTY QUEUE
 P 902176 20211 1651810 64068830
PT [188 0 61 -24 1]
 P 902176 20211 1655200 64139759
PT [188 0 62 -24 1]
 P 903573 20211 1655209 64211939
PT [188 0 63 -24 1]
 P 906038 20211 1655213 64284119
PT [188 0 64 -24 1]
 P 906038 20211 1658603 64356299
PT [188 0 65 -24 1]
EMPTY QUEUE
 P 906663 20211 1662002 64429474
PT [188 0 66 -26 1]
 P 906663 20211 1665392 64500659
PT [188 0 67 -26 1]
 P 907459 20211 1665401 64572839
PT [188 0 68 -26 1]
 P 909880 20211 1665405 64645019
PT [188 0 69 -26 1]
 P 909880 20211 1668795 64717199
PT [188 0 70 -26 1]
EMPTY QUEUE
 P 910409 20211 1672194 64791493
PT [188 0 71 -28 1]
 P 910409 20211 1675584 64861559
PT [188 0 72 -28 1]
 P 912538 20211 1675593 64933739
PT [188 0 73 -28 1]
 P 915031 20211 1675596 65005919
PT [188 0 74 -28 1]
 P 915031 20211 1678986 65078099
PT [188 0 75 -28 1]
EMPTY QUEUE
 P 915624 20211 1682385 65153161
PT [188 0 76 -30 1]
 P 915624 20211 1685775 65222459
PT [188 0 77 -30 1]
 P 917311 20211 1685784 65294639
PT [188 0 78 -30 1]
 P 919093 20211 1685788 65366819
PT [188 0 79 -30 1]
 P 919093 20211 1689178 65438999
PT [188 0 80 -30 1]
EMPTY QUEUE
 P 919654 20211 1692577 65512173
PT [188 0 81 -32 1]
 P 919654 20211 1695967 65583359
PT [188 0 82 -32 1]
 P 922388 20211 1695976 65655539
PT [188 0 83 -32 1]
 P 923668 20211 1695980 65727719
PT [188 0 84 -32 1]
 P 923668 20211 1699370 65799899
PT [188 0 85 -32 1]
EMPTY QUEUE
 P 924293 20211 1702770 65874867
PT [188 0 86 -34 1]
 P 924293 20211 1706160 65944259
PT [188 0 87 -34 1]
 P 925376 20211 1706169 66016439
PT [188 0 88 -34 1]
 P 927285 20211 1706173 66088619
PT [188 0 89 -34 1]
 P 927285 20211 1709563 66160799
PT [188 0 90 -34 1]
EMPTY QUEUE
 P 927911 20211 1712962 66234934
PT [188 0 91 -36 1]
 P 927911 20211 1716352 66305159
PT [188 0 92 -36 1]
 P 929085 20211 1716361 66377339
PT [188 0 93 -36 1]
 P 931415 20211 1716365 66449519
PT [188 0 94 -36 1]
 P 931415 20211 1719755 66521699
PT [188 0 95 -36 1]
EMPTY QUEUE
 P 932041 20211 1723154 66596539
PT [188 0 96 -37 1]
 P 932041 20211 1726544 66666059
PT [188 0 97 -37 1]
 P 933891 20211 1726553 66738239
PT [188 0 98 -37 1]
 P 936115 20211 1726557 66810419
PT [188 0 99 -37 1]
 P 938542 20211 1726566 66882599
PT [188 0 100 -37 1]
EMPTY QUEUE
 P 939167 20211 1729965 66957597
PT [188 0 101 -40 1]
 P 939167 20211 1733355 67026959
PT [188 0 102 -40 1]
 P 939167 20211 1736745 67099139
PT [188 0 103 -40 1]
 P 940953 20211 1736749 67171319
PT [188 0 104 -40 1]
 P 943178 20211 1736758 67243499
PT [188 0 105 -40 1]
EMPTY QUEUE
 P 943771 20211 1740157 67316865
PT [188 0 106 -42 1]
 P 943771 20211 1743547 67387859
PT [188 0 107 -42 1]
 P 943771 20211 1746937 67460039
PT [188 0 108 -42 1]
 P 945166 20211 1746941 67532219
PT [188 0 109 -42 1]
 P 946886 20211 1746950 67604399
PT [188 0 110 -42 1]
EMPTY QUEUE
 P 947511 20211 1750349 67677733
PT [188 0 111 -44 1]
 P 947511 20211 1753739 67748759
PT [188 0 112 -44 1]
 P 947511 20211 1757129 67820939
PT [188 0 113 -44 1]
 P 949997 20211 1757132 67893119
PT [188 0 114 -44 1]
 P 951552 20211 1757141 67965299
PT [188 0 115 -44 1]
EMPTY QUEUE
 P 952049 20211 1760540 68039977
PT [188 0 116 -46 1]
 P 952049 20211 1763930 68109659
PT [188 0 117 -46 1]
 P 952049 20211 1767320 68181839
PT [188 0 118 -46 1]
 P 954428 20211 1767324 68254019
PT [188 0 119 -46 1]
 P 956625 20211 1767333 68326199
PT [188 0 120 -46 1]
EMPTY QUEUE
 P 956694 20211 1773295 68401925
PT [188 0 121 -46 1]
EMPTY QUEUE
 P 957318 20211 1776694 68472705
PT [188 0 122 -49 1]
 P 957318 20211 1780084 68542739
PT [188 0 123 -49 1]
 P 960119 20211 1780088 68614919
PT [188 0 124 -49 1]
 P 961005 20211 1780097 68687099
PT [188 0 125 -49 1]
 P 961005 20211 1783487 68759279
PT [188 0 126 -49 1]
EMPTY QUEUE
 P 961533 20211 1786887 68833701
PT [188 0 127 -51 1]
 P 961533 20211 1790277 68903639
PT [188 0 128 -51 1]
 P 963593 20211 1790281 68975819
PT [188 0 129 -51 1]
 P 964898 20211 1790290 69047999
PT [188 0 130 -51 1]
 P 964898 20211 1793680 69120179
PT [188 0 131 -51 1]
EMPTY QUEUE
 P 965426 20211 1797080 69194281
PT [188 0 132 -53 1]
 P 965426 20211 1800470 69264539
PT [188 0 133 -53 1]
 P 966442 20211 1800474 69336719
PT [188 0 134 -53 1]
 P 969239 20211 1800483 69408899
PT [188 0 135 -53 1]
 P 969239 20211 1803873 69481079
PT [188 0 136 -53 1]
EMPTY QUEUE
 P 969799 20211 1807272 69554381
PT [188 0 137 -55 1]
 P 969799 20211 1810662 69625439
PT [188 0 138 -55 1]
 P 972462 20211 1810666 69697619
PT [188 0 139 -55 1]
 P 972462 20211 1814056 69769799
PT [188 0 140 -55 1]
 P 974901 20211 1814065 69841979
PT [188 0 141 -55 1]
EMPTY QUEUE
 P 975525 20211 1817464 69916049
PT [188 0 142 -57 1]
 P 975525 20211 1820854 69986339
PT [188 0 143 -57 1]
 P 976444 20211 1820858 70058519
PT [188 0 144 -57 1]
 P 976444 20211 1824248 70130699
PT [188 0 145 -57 1]
 P 978670 20211 1824258 70202879
PT [188 0 146 -57 1]
EMPTY QUEUE
 P 979230 20211 1827657 70277077
PT [188 0 147 -59 1]
 P 979230 20211 1831047 70347239
PT [188 0 148 -59 1]
 P 982019 20211 1831050 70419419
PT [188 0 149 -59 1]
 P 982019 20211 1834440 70491599
PT [188 0 150 -59 1]
 P 983740 20211 1834449 70563779
PT [188 0 151 -59 1]
EMPTY QUEUE
 P 984332 20211 1837848 70637689
PT [188 0 152 -61 1]
 P 984332 20211 1841238 70708139
PT [188 0 153 -61 1]
 P 986937 20211 1841242 70780319
PT [188 0 154 -61 1]
 P 986937 20211 1844632 70852499
PT [188 0 155 -61 1]
 P 988492 20211 1844641 70924679
PT [188 0 156 -61 1]
EMPTY QUEUE
 P 989023 20211 1848041 70999744
PT [188 0 157 -62 1]
 P 989023 20211 1851431 71069039
PT [188 0 158 -62 1]
 P 991906 20211 1851435 71141219
PT [188 0 159 -62 1]
 P 991906 20211 1854825 71213399
PT [188 0 160 -62 1]
 P 994103 20211 1854833 71285579
PT [188 0 161 -62 1]
EMPTY QUEUE
 P 994663 20211 1858232 71359329
PT [188 0 162 -65 1]
 P 994663 20211 1861622 71429939
PT [188 0 163 -65 1]
 P 995643 20211 1861625 71502119
PT [188 0 164 -65 1]
 P 995643 20211 1865015 71574299
PT [188 0 165 -65 1]
 P 996530 20211 1865024 71646479
PT [188 0 166 -65 1]
EMPTY QUEUE
 P 997092 20211 1868423 71720423
PT [188 0 167 -67 1]
 P 997092 20211 1871813 71790839
PT [188 0 168 -67 1]
 P 999464 20211 1871816 71863019
PT [188 0 169 -67 1]
 P 999464 20211 1875206 71935199
PT [188 0 170 -67 1]
 P 1000770 20211 1875215 72007379
PT [188 0 171 -67 1]
EMPTY QUEUE
 P 1001395 20211 1878614 72081067
PT [188 0 172 -69 1]
 P 1001395 20211 1882004 72151739
PT [188 0 173 -69 1]
 P 1003360 20211 1882008 72223919
PT [188 0 174 -69 1]
 P 1003360 20211 1885398 72296099
PT [188 0 175 -69 1]
 P 1003360 20211 1888788 72368279
PT [188 0 176 -69 1]
EMPTY QUEUE
 P 1006356 20211 1888807 72443055
PT [188 0 177 -71 1]
 P 1006356 20211 1892197 72512639
PT [188 0 178 -71 1]
 P 1007420 20211 1892200 72584819
PT [188 0 179 -71 1]
 P 1007420 20211 1895590 72656999
PT [188 0 180 -71 1]
 P 1007420 20211 1898980 72729179
PT [188 0 181 -71 1]
EMPTY QUEUE
 P 1010135 20211 1898998 72802674
PT [188 0 182 -73 1]
 P 1010135 20211 1902388 72873539
PT [188 0 183 -73 1]
 P 1010983 20211 1902392 72945719
PT [188 0 184 -73 1]
 P 1010983 20211 1905782 73017899
PT [188 0 185 -73 1]
 P 1010983 20211 1909172 73090079
PT [188 0 186 -73 1]
EMPTY QUEUE
 P 1013323 20211 1909190 73163766
PT [188 0 187 -75 1]
 P 1013323 20211 1912580 73234439
PT [188 0 188 -75 1]
 P 1015691 20211 1912583 73306619
PT [188 0 189 -75 1]
 P 1015691 20211 1915973 73378799
PT [188 0 190 -75 1]
 P 1015691 20211 1919363 73450979
PT [188 0 191 -75 1]
EMPTY QUEUE
 P 1017717 20211 1919382 73524314
PT [188 0 192 -77 1]
 P 1017717 20211 1922772 73595339
PT [188 0 193 -77 1]
 P 1020220 20211 1922775 73667519
PT [188 0 194 -77 1]
 P 1020220 20211 1926165 73739699
PT [188 0 195 -77 1]
 P 1020220 20211 1929555 73811879
PT [188 0 196 -77 1]
EMPTY QUEUE
 P 1022974 20211 1929573 73886399
PT [188 0 197 -78 1]
 P 1022974 20211 1932963 73956239
PT [188 0 198 -78 1]
 P 1025180 20211 1932967 74028419
PT [188 0 199 -78 1]
 P 1025180 20211 1936357 74100599
PT [188 0 200 -78 1]
 P 1025180 20211 1939747 74172779
PT [188 0 201 -78 1]
EMPTY QUEUE
 P 1026505 20211 1939765 74245954
PT [188 0 202 -81 1]
 P 1026505 20211 1943155 74317139
PT [188 0 203 -81 1]
 P 1027349 20211 1943159 74389319
PT [188 0 204 -81 1]
 P 1027349 20211 1946549 74461499
PT [188 0 205 -81 1]
 P 1027349 20211 1949939 74533679
PT [188 0 206 -81 1]
EMPTY QUEUE
 P 1029339 20211 1949957 74607174
PT [188 0 207 -83 1]
 P 1029339 20211 1953347 74678039
PT [188 0 208 -83 1]
 P 1031575 20211 1953351 74750219
PT [188 0 209 -83 1]
 P 1031575 20211 1956741 74822399
PT [188 0 210 -83 1]
 P 1031575 20211 1960131 74894579
PT [188 0 211 -83 1]
EMPTY QUEUE
 P 1034875 20211 1960149 74967690
PT [188 0 212 -85 1]
 P 1034875 20211 1963539 75038939
PT [188 0 213 -85 1]
 P 1036578 20211 1963543 75111119
PT [188 0 214 -85 1]
 P 1036578 20211 1966933 75183299
PT [188 0 215 -85 1]
 P 1036578 20211 1970323 75255479
PT [188 0 216 -85 1]
EMPTY QUEUE
 P 1038440 20211 1970341 75329869
PT [188 0 217 -87 1]
 P 1038440 20211 1973731 75399839
PT [188 0 218 -87 1]
 P 1039529 20211 1973734 75472019
PT [188 0 219 -87 1]
 P 1039529 20211 1977124 75544199
PT [188 0 220 -87 1]
 P 1039529 20211 1980514 75616379
PT [188 0 221 -87 1]
EMPTY QUEUE
 P 1041778 20211 1980532 75691409
PT [188 0 222 -89 1]
 P 1041778 20211 1983922 75760739
PT [188 0 223 -89 1]
 P 1042874 20211 1983926 75832919
PT [188 0 224 -89 1]
 P 1042874 20211 1987316 75905099
PT [188 0 225 -89 1]
 P 1042874 20211 1990706 75977279
PT [188 0 226 -89 1]
EMPTY QUEUE
 P 1044896 20211 1990724 76050517
PT [188 0 227 -91 1]
 P 1044896 20211 1994114 76121639
PT [188 0 228 -91 1]
 P 1047256 20211 1994117 76193819
PT [188 0 229 -91 1]
 P 1047256 20211 1997507 76265999
PT [188 0 230 -91 1]
 P 1047256 20211 2000897 76338179
PT [188 0 231 -91 1]
EMPTY QUEUE
 P 1049665 20211 2000915 76413017
PT [188 0 232 -93 1]
 P 1049665 20211 2004305 76482539
PT [188 0 233 -93 1]
 P 1051682 20211 2004308 76554719
PT [188 0 234 -93 1]
 P 1051682 20211 2007698 76626899
PT [188 0 235 -93 1]
 P 1051682 20211 2011088 76699079
PT [188 0 236 -93 1]
EMPTY QUEUE
 P 1053194 20211 2011107 76773085
PT [188 0 237 -95 1]
 P 1053194 20211 2014497 76843439
PT [188 0 238 -95 1]
 P 1054564 20211 2014501 76915619
PT [188 0 239 -95 1]
 P 1054564 20211 2017891 76987799
PT [188 0 240 -95 1]
 P 1054564 20211 2021281 77059979
PT [188 0 241 -95 1]
EMPTY QUEUE
 P 1057293 20211 2021299 77134753
PT [188 0 242 -97 1]
 P 1057293 20211 2024689 77204339
PT [188 0 243 -97 1]
 P 1058352 20211 2024693 77276519
PT [188 0 244 -97 1]
 P 1058352 20211 2028083 77348699
PT [188 0 245 -97 1]
 P 1058352 20211 2031473 77420879
PT [188 0 246 -97 1]
EMPTY QUEUE
 P 1060360 20211 2034054 77497917
PT [188 0 247 -97 1]
EMPTY QUEUE
 P 1060984 20211 2037454 77567385
PT [188 0 248 -100 1]
 P 1061907 20211 2037458 77637419
PT [188 0 249 -100 1]
 P 1061907 20211 2040848 77709600
PT [188 0 250 -100 1]
 P 1061907 20211 2044238 77781781
PT [188 0 251 -100 1]
 P 1064580 20211 2044247 77853962
PT [188 0 252 -100 1]
EMPTY QUEUE
 P 1065110 20211 2047646 77928386
PT [188 0 253 -105 1]
 P 1066164 20211 2047650 77998323
PT [188 0 254 -105 1]
 P 1068798 20211 2047653 78070504
PT [188 0 255 -105 1]
 P 1068798 20211 2051043 78142685
PT [188 0 256 -105 1]
 P 1069841 20211 2051052 78214866
PT [188 0 257 -105 1]
EMPTY QUEUE
 P 1070401 20211 2054452 78289001
PT [188 0 258 -112 1]
 P 1070401 20211 2057842 78359227
PT [188 0 259 -112 1]
 P 1072906 20211 2057846 78431408
PT [188 0 260 -112 1]
 P 1072906 20211 2061236 78503589
PT [188 0 261 -112 1]
