using saved target 'z1'
../../../../contiki/tools/sky/serialdump-linux -b115200 /dev/ttyUSB0
connecting to /dev/ttyUSB0 (115200) [OK]
Rime started with address 1.0
MAC 01:00:00:00:00:00:00:00 Ref ID: 4841
Contiki-3.x-2125-g5d67a61 started. Node id is set to 1.

************************************************
RTIMER_SECOND = 32768. F_CPU=8000000.
CLOCK_SECOND=128.
DURSLOT = 6015.(0.1835 s).
DURSLEEP = 114285.
DURCYCLE = 120300 .(3.6712 s).
MAX_CLOCK_DRIFT = WAKEUP_ADVANCE_TIME = 327 (0.0033 s).
PERIODIC_BCAST_CYCLES_SENSOR = 196611.
PERIODIC_BCAST_CYCLES_SINK = 196611.
MAX_CYCLE_COUNTER = 27904.
MAX_COUNT_NO_RTS_CTS = 65535.
MAX_CHILD_NUM = 10.
MAX_TRY_TO_FIND_PARENT = 3.

**********Below is Related Settings**********
PRIMAC_CONF_COMPOWER = 1.
PRIMAC_CONF_COMPOWER_SUPPORT = 1.
SF = 18.
PRI_SYNC_SUPPORT = 1.
RANDOM_DRIFT_IN_COOJA_SUPPORT = 0.
ADCSC_SUPPORT = 1.
DATA_TX_SUPPORT = 1.
CYCLES_PER_PACKET = 2.
DATA_INTERVAL = 7.
RETX_LIMIT = 6.
TOTAL_DATA_NUM = 50.
MAX_DATA_QUEUE_BUFS = 10.
PROC_GRADE_BASED_ON_ADDR_SUPPORT = 1.
NODES_NUM_PER_GRADE = 2.
ADDRESS_FREE_SUPPORT = 0.
IS_COOJA_SIM = 0.
CROSS_PLATFORM_SUPPORT = 1.
************************************************

My address is 1.0.
nullmac PRIMAC, channel check rate 8 Hz, radio channel 26
Starting
Hello, world
 P 0 0 62 58119
 P 0 0 3452 177388
 P 0 0 6842 297688
 P 0 0 10232 417988
 P 0 0 13622 538288
EMPTY QUEUE
 P 69 0 17014 660587
 P 69 0 20404 778888
 P 69 0 23794 899188
 P 69 0 27184 1019488
 P 69 0 30574 1139788
EMPTY QUEUE
 P 138 0 33966 1260583
 P 138 0 37356 1380388
 P 138 0 40746 1500688
 P 138 0 44136 1620988
 P 138 0 47526 1741288
EMPTY QUEUE
 P 207 0 50918 1861987
 P 207 0 54308 1981888
 P 207 0 57698 2102188
 P 207 0 61088 2222488
 P 1991 0 62694 2342788
EMPTY QUEUE
 P 2060 0 66086 2465311
 P 2060 0 69476 2583388
 P 2060 0 72866 2703688
 P 2060 0 76256 2823988
rcv bro rts
 P 4566 0 76296 2944288
rcv bro rts
EMPTY QUEUE
 P 5500 0 76337 3066203
 P 5500 0 79727 3184888
rcv bro rts
 P 6978 0 79766 3305188
 P 6978 0 83156 3425488
 P 6978 0 86546 3545788
EMPTY QUEUE
 P 9735 0 86555 3667735
 P 9735 0 89945 3786388
 P 9735 0 93335 3906688
 P 10893 0 93343 4026988
 P 10893 0 96733 4147288
EMPTY QUEUE
 P 12816 0 96743 4268627
 P 12816 0 100133 4387888
 P 12816 0 103523 4508188
 P 12816 0 106913 4628488
 P 14295 0 106921 4748788
EMPTY QUEUE
 P 16921 0 106931 4871439
 P 16921 0 110321 4989388
 P 16921 0 113711 5109688
 P 16921 0 117101 5229988
 P 18082 0 117109 5350288
EMPTY QUEUE
 P 20899 0 117119 5472587
 P 20899 0 120509 5590888
 P 20899 0 123899 5711188
 P 20899 0 127289 5831488
 P 20899 0 130679 5951788
EMPTY QUEUE
 P 22449 0 130689 6072583
 P 22449 0 134079 6192388
 P 22449 0 137469 6312688
 P 23307 0 137477 6432988
 P 23307 0 140867 6553288
EMPTY QUEUE
 P 24537 0 140877 6673987
 P 24537 0 144267 6793888
 P 24537 0 147657 6914188
 P 27377 0 147665 7034488
 P 27377 0 151055 7154788
EMPTY QUEUE
 P 27446 0 154447 7277311
 P 28929 0 154455 7395388
 P 28929 0 157845 7515688
 P 31192 0 157853 7635988
 P 31192 0 161243 7756288
EMPTY QUEUE
 P 31261 0 164635 7878971
 P 32425 0 164642 7996888
 P 32425 0 168032 8117188
 P 32425 0 171422 8237488
 P 35168 0 171430 8357788
EMPTY QUEUE
 P 35237 0 174822 8479479
 P 36625 0 174830 8598388
 P 36625 0 178220 8718688
 P 36625 0 181610 8838988
 P 39047 0 181617 8959288
EMPTY QUEUE
 P 39116 0 185009 9081395
 P 40440 0 185017 9199888
 P 40440 0 188407 9320188
 P 40440 0 191797 9440488
 P 40440 0 195187 9560788
EMPTY QUEUE
 P 42096 0 195197 9683183
 P 44894 0 195205 9801388
 P 44894 0 198595 9921688
 P 44894 0 201985 10041988
 P 44894 0 205375 10162288
EMPTY QUEUE
 P 44963 0 208767 10283307
 P 47254 0 208775 10402888
 P 48965 0 208783 10523188
 P 48965 0 212173 10643488
 P 48965 0 215563 10763788
EMPTY QUEUE
 P 49034 0 218955 10886375
 P 49034 0 222345 11004388
 P 51516 0 222352 11124688
 P 53676 0 222360 11244988
 P 53676 0 225750 11365288
EMPTY QUEUE
 P 53745 0 229142 11486755
 P 53745 0 232532 11605888
 P 56128 0 232540 11726188
 P 56128 0 235930 11846488
 P 58225 0 235937 11966788
47311 R 3.0 1 1 171 1
47336 R 5.0 1 2 176 2
EMPTY QUEUE
 P 61039 540 239345 12209355
48251 R 2.0 1 1 1136 3
48274 R 4.0 1 2 1125 4
48298 R 2.0 2 1 287 5
48325 R 4.0 2 2 281 6
48726 R 3.0 2 1 690 7
48748 R 5.0 2 2 692 8
49193 R 3.0 3 1 261 9
49213 R 5.0 3 2 261 10
49659 R 2.0 3 1 753 11
49685 R 4.0 3 2 746 12
50134 R 2.0 4 1 331 13
50599 R 3.0 4 1 771 14
 P 79792 3790 240656 12929188
51070 R 4.0 4 2 1275 15
51093 R 2.0 5 1 395 16
51117 R 4.0 5 2 385 17
51542 R 3.0 5 1 818 18
 P 84804 4870 240690 13169788
51637 R 5.0 4 2 1789 19
51660 R 5.0 5 2 916 20
51682 R 3.0 6 1 62 21
52016 R 5.0 6 2 376 22
 P 92166 5952 240720 13290088
52486 R 2.0 6 1 891 23
52502 R 4.0 6 2 874 24
52528 R 2.0 7 1 38 25
52953 R 4.0 7 2 429 26
 P 99233 7037 240751 13530688
53421 R 3.0 7 1 905 27
EMPTY QUEUE
 P 100820 7308 240762 13652091
53515 R 5.0 7 2 979 28
53608 R 3.0 8 1 196 29
53636 R 158.170 1 3 623 30
53660 R 5.0 8 2 228 31
53893 R 2.0 8 1 506 32
 P 109886 8660 240802 13771288
53984 R 4.0 8 2 565 33
54359 R 3.0 9 1 51 34
 P 112308 9202 240819 13891588
54454 R 158.170 2 3 440 35
54477 R 5.0 9 2 149 36
54829 R 2.0 9 1 546 37
 P 115632 10016 240843 14011888
54924 R 110.219 1 3 1875 38
55299 R 3.0 10 1 95 39
 P 118087 10557 240860 14132188
55399 R 5.0 10 2 175 40
55416 R 158.170 3 3 402 41
55769 R 2.0 10 1 590 42
EMPTY QUEUE
 P 122440 11368 240888 14253623
55868 R 4.0 9 2 1551 43
55956 R 110.219 2 3 1905 44
56051 R 4.0 10 2 838 45
56078 R 110.219 3 3 1027 46
56239 R 3.0 11 1 139 47
 P 129160 12724 240924 14372788
56332 R 5.0 11 2 212 48
56360 R 158.170 4 3 345 49
56712 R 2.0 11 1 638 50
56736 R 4.0 11 2 627 51
57185 R 2.0 12 1 215 52
 P 138181 14079 240967 14613388
57272 R 4.0 12 2 268 53
57373 R 110.219 4 3 1269 54
57397 R 110.219 5 3 386 55
57650 R 3.0 12 1 654 56
 P 145238 15160 241003 14733688
57747 R 5.0 12 2 731 57
57765 R 158.170 5 3 698 58
58123 R 2.0 13 1 256 59
 P 150257 15971 241026 14853988
58213 R 4.0 13 2 312 60
58242 R 110.219 6 3 242 61
58594 R 3.0 13 1 702 62
EMPTY QUEUE
 P 156313 16785 241053 14974815
58685 R 5.0 13 2 773 63
58710 R 158.170 6 3 643 64
59063 R 2.0 14 1 301 65
 P 162195 17598 241077 15094588
59154 R 4.0 14 2 357 66
59175 R 110.219 7 3 175 67
59528 R 3.0 14 1 740 68
 P 165337 18410 241100 15214888
59624 R 5.0 14 2 816 69
59650 R 158.170 7 3 582 70
59999 R 2.0 15 1 341 71
 P 170195 19221 241127 15335188
60468 R 4.0 15 2 776 72
 P 171368 19491 241136 15455488
60940 R 3.0 15 1 1256 73
EMPTY QUEUE
 P 173014 19762 241148 15577627
61036 R 3.0 16 1 456 74
61131 R 5.0 15 2 1427 75
61154 R 5.0 16 2 554 76
61177 R 158.170 8 3 1057 77
61408 R 158.170 9 3 339 78
 P 182308 21112 241193 15696088
61884 R 110.219 8 3 1830 79
 P 185113 21383 241201 15816388
61974 R 2.0 16 1 1419 80
62070 R 2.0 17 1 619 81
62088 R 4.0 16 2 1500 82
62349 R 4.0 17 2 864 83
62371 R 110.219 9 3 1266 84
62395 R 110.219 10 3 340 85
62423 R 2.0 18 1 76 86
62821 R 3.0 17 1 1345 87
 P 196269 23552 244651 16056988
62916 R 3.0 18 1 544 88
63008 R 5.0 17 2 1512 89
63029 R 5.0 18 2 637 90
63052 R 158.170 10 3 930 91
63287 R 2.0 19 1 45 92
 P 202213 24909 244692 16177288
63382 R 4.0 18 2 1002 93
63760 R 3.0 19 1 492 94
EMPTY QUEUE
 P 204959 25449 248102 16299075
63855 R 5.0 19 2 567 95
63878 R 158.170 11 3 756 96
64229 R 110.219 11 3 1173 97
 P 209658 26261 248128 16417888
64323 R 4.0 19 2 1046 98
64350 R 2.0 20 1 212 99
64375 R 4.0 20 2 203 100
64392 R 110.219 12 3 336 101
 P 218244 27345 248169 16538188
65168 R 2.0 21 1 133 102
 P 219500 27617 248177 16658488
65260 R 4.0 21 2 192 103
65288 R 110.219 13 3 233 104
65644 R 3.0 20 1 1480 105
 P 224724 28429 248202 16778788
65735 R 5.0 20 2 1551 106
65760 R 158.170 12 3 1638 107
65778 R 3.0 21 1 718 108
65808 R 5.0 21 2 728 109
65827 R 158.170 13 3 704 110
EMPTY QUEUE
 P 233431 29779 251639 16900703
66578 R 3.0 22 1 622 111
 P 234973 30050 251647 17019388
66670 R 5.0 22 2 694 112
66699 R 158.170 14 3 576 113
67052 R 3.0 23 1 200 114
67075 R 5.0 23 2 203 115
 P 242079 31135 255069 17259988
67991 R 3.0 24 1 243 116
 P 244388 31407 255078 17380288
68083 R 5.0 24 2 315 117
68108 R 158.170 15 3 931 118
68461 R 158.170 16 3 337 119
 P 249702 32219 255103 17500588
68927 R 2.0 22 1 2996 120
EMPTY QUEUE
 P 250965 32491 255114 17622535
69025 R 4.0 22 2 3061 121
69140 R 110.219 14 3 6016 122
69162 R 2.0 23 1 2335 123
69189 R 4.0 23 2 2328 124
69208 R 110.219 15 3 2099 125
69398 R 2.0 24 1 3188 126
69427 R 2.0 25 1 808 127
69449 R 4.0 24 2 1692 128
69466 R 4.0 25 2 815 129
69489 R 110.219 16 3 1329 130
69520 R 110.219 17 3 410 131
 P 270306 35473 261023 17861488
70339 R 3.0 25 1 1695 132
70364 R 3.0 26 1 824 133
70389 R 5.0 25 2 1725 134
70407 R 5.0 26 2 847 135
70436 R 158.170 17 3 1259 136
70456 R 158.170 18 3 330 137
70482 R 3.0 27 1 46 138
70809 R 2.0 26 1 1295 139
 P 284736 37642 261081 18102088
70906 R 2.0 27 1 495 140
71001 R 4.0 26 2 1453 141
71020 R 4.0 27 2 575 142
71046 R 110.219 18 3 883 143
71278 R 5.0 27 2 822 144
 P 294543 38998 261121 18222388
71748 R 2.0 28 1 441 145
71769 R 4.0 28 2 429 146
72219 R 110.219 19 3 1004 147
72245 R 2.0 29 1 42 148
72690 R 3.0 28 1 1358 149
 P 303374 40353 261161 18583288
72785 R 3.0 29 1 557 150
72878 R 5.0 28 2 1526 151
72968 R 5.0 29 2 720 152
72994 R 158.170 19 3 1711 153
73160 R 2.0 30 1 61 154
EMPTY QUEUE
 P 312012 41707 261204 18704627
73251 R 4.0 29 2 1014 155
73347 R 110.219 20 3 1225 156
73374 R 4.0 30 2 241 157
73632 R 158.170 20 3 1443 158
 P 319962 42792 261238 18823888
73719 R 3.0 30 1 596 159
73746 R 5.0 30 2 602 160
73766 R 158.170 21 3 587 161
74095 R 3.0 31 1 75 162
 P 324046 43873 261274 18944188
74567 R 2.0 31 1 572 163
74589 R 4.0 31 2 562 164
75040 R 2.0 32 1 150 165
75066 R 4.0 32 2 141 166
 P 331245 44958 264695 19305088
75978 R 3.0 32 1 1062 167
 P 333006 45228 264704 19425388
76068 R 3.0 33 1 256 168
76099 R 5.0 31 2 2059 169
76448 R 5.0 32 2 1512 170
EMPTY QUEUE
 P 337737 46038 264731 19548039
76916 R 110.219 21 3 3544 171
 P 339157 46309 264739 19665988
77010 R 2.0 33 1 1223 172
77110 R 2.0 34 1 427 173
77199 R 110.219 22 3 2920 174
77295 R 110.219 23 3 2110 175
77389 R 4.0 33 2 1569 176
77413 R 4.0 34 2 696 177
77434 R 110.219 24 3 1217 178
77462 R 110.219 25 3 296 179
77855 R 5.0 33 2 2022 180
 P 354819 48749 264812 19906588
77951 R 3.0 34 1 1243 181
78045 R 3.0 35 1 441 182
78136 R 158.170 22 3 3800 183
78234 R 158.170 23 3 2991 184
78324 R 2.0 35 1 746 185
 P 360533 50100 264858 20026888
78425 R 4.0 35 2 813 186
78449 R 110.219 26 3 284 187
78800 R 158.170 24 3 2620 188
 P 367874 50913 264883 20147188
78893 R 5.0 34 2 2165 189
78985 R 5.0 35 2 1361 190
79010 R 3.0 36 1 510 191
79271 R 158.170 25 3 2039 192
79739 R 2.0 36 1 1265 193
EMPTY QUEUE
 P 377981 52269 271705 20389787
80203 R 5.0 36 2 1683 194
80234 R 158.170 26 3 2000 195
80258 R 158.170 27 3 1077 196
80278 R 3.0 37 1 882 197
 P 385125 53351 278521 20628388
81150 R 3.0 38 1 858 198
 P 387652 53622 278529 20748688
81245 R 5.0 37 2 1829 199
81337 R 3.0 39 1 149 200
81428 R 5.0 38 2 1115 201
81449 R 158.170 28 3 1163 202
81615 R 2.0 37 1 2244 203
 P 395183 54978 278570 20868988
81713 R 4.0 36 2 3205 204
81738 R 4.0 37 2 2334 205
81755 R 110.219 27 3 2536 206
81781 R 2.0 38 1 1515 207
81803 R 4.0 38 2 1502 208
81830 R 110.219 28 3 1610 209
81849 R 2.0 39 1 686 210
81877 R 4.0 39 2 680 211
81900 R 110.219 29 3 681 212
82087 R 5.0 39 2 879 213
82113 R 158.170 29 3 827 214
82136 R 3.0 40 1 52 215
82559 R 5.0 40 2 454 216
 P 417366 58499 278685 21109588
83026 R 2.0 40 1 967 217
83049 R 2.0 41 1 94 218
EMPTY QUEUE
 P 420048 59042 282093 21350683
83965 R 2.0 42 1 115 219
 P 421470 59313 282101 21470488
84059 R 4.0 40 2 1967 220
84159 R 110.219 30 3 1886 221
84246 R 4.0 41 2 1257 222
84437 R 158.170 30 3 2201 223
 P 427763 60397 282132 21590788
84532 R 3.0 41 1 1552 224
84551 R 3.0 42 1 675 225
84904 R 2.0 43 1 158 226
 P 431662 61210 285549 21711088
84997 R 4.0 42 2 1112 227
85093 R 110.219 31 3 1821 228
85380 R 5.0 41 2 2380 229
 P 436122 62023 285575 21831388
85470 R 5.0 42 2 1574 230
85567 R 3.0 43 1 795 231
85662 R 5.0 43 2 870 232
85681 R 158.170 31 3 2236 233
85844 R 2.0 44 1 201 234
EMPTY QUEUE
 P 444739 63378 285618 21952087
85943 R 4.0 43 2 1162 235
86319 R 158.170 32 3 1968 236
86339 R 158.170 33 3 1081 237
86362 R 3.0 44 1 694 238
86788 R 3.0 45 1 224 239
 P 453935 64729 289051 22192288
86883 R 5.0 44 2 1194 240
86970 R 5.0 45 2 386 241
87260 R 158.170 34 3 971 242
 P 459382 65541 289073 22312588
87724 R 110.219 32 3 3451 243
 P 460806 65812 289081 22432888
87818 R 4.0 44 2 2142 244
87918 R 110.219 33 3 2644 245
88008 R 2.0 45 1 1469 246
88029 R 2.0 46 1 595 247
88198 R 3.0 46 1 738 248
 P 468934 67167 289126 22553188
88287 R 5.0 46 2 807 249
88317 R 158.170 35 3 975 250
88665 R 3.0 47 1 309 251
EMPTY QUEUE
 P 473806 67977 289155 22675711
89134 R 110.219 34 3 2912 252
 P 475230 68248 289163 22793788
89604 R 4.0 45 2 3032 253
 P 476654 68519 292561 22914088
89698 R 4.0 46 2 2229 254
89726 R 110.219 35 3 2451 255
89751 R 2.0 47 1 1420 256
89767 R 4.0 47 2 1403 257
89793 R 110.219 36 3 1466 258
89815 R 2.0 48 1 588 259
89842 R 4.0 48 2 583 260
89861 R 110.219 37 3 584 261
90074 R 3.0 48 1 823 262
 P 489393 70958 292635 23034388
90166 R 5.0 47 2 1790 263
90264 R 158.170 36 3 1973 264
90360 R 3.0 49 1 212 265
90382 R 5.0 48 2 1110 266
90544 R 5.0 49 2 376 267
90569 R 158.170 37 3 1174 268
 P 500320 72579 293899 23274988
91114 R 2.0 49 1 1885 269
91200 R 4.0 49 2 1044 270
91223 R 2.0 50 1 205 271
91254 R 110.219 38 3 926 272
91278 R 4.0 50 2 226 273
EMPTY QUEUE
 P 509176 73935 297336 23397671
91959 R 3.0 50 1 915 274
 P 511858 74206 297344 23515588
92046 R 158.170 38 3 1745 275
92139 R 5.0 50 2 1075 276
92429 R 158.170 39 3 1086 277
 P 515921 75017 297371 23635888
92894 R 110.219 39 3 1617 278
92916 R 110.219 40 3 587 279
93367 R 110.219 41 3 89 280
 P 520637 75830 297395 23876488
93838 R 158.170 40 3 1546 281
93856 R 158.170 41 3 512 282
 P 523975 76372 300801 24117088
94774 R 158.170 42 3 429 283
EMPTY QUEUE
 P 525636 76642 300812 24238779
95242 R 110.219 42 3 859 284
 P 526710 76913 300820 24357688
95714 R 158.170 43 3 369 285
 P 528238 77185 300828 24477988
96182 R 110.219 43 3 800 286
 P 529503 77456 300836 24598288
 P 529503 77456 304226 24718588
97121 R 110.219 44 3 737 287
EMPTY QUEUE
 P 530519 77727 304236 24840695
97591 R 158.170 44 3 1140 288
 P 531469 77998 304244 24959188
98066 R 110.219 45 3 682 289
 P 533631 78268 304253 25079488
98538 R 110.219 46 3 206 290
 P 536498 78539 304261 25199788
99004 R 158.170 45 3 1649 291
 P 538408 78809 304269 25320088
99475 R 158.170 46 3 1076 292
99941 R 110.219 47 3 555 293
EMPTY QUEUE
 P 543590 79351 305496 25562783
100410 R 158.170 47 3 1106 294
 P 544412 79621 305505 25680988
100887 R 110.219 48 3 503 295
 P 547152 79892 305514 25801288
101358 R 158.170 48 3 1010 296
 P 549958 80162 305521 25921588
101824 R 110.219 49 3 438 297
 P 551866 80433 305529 26041888
EMPTY QUEUE
 P 551935 80433 308921 26162907
102765 R 158.170 49 3 1261 298
 P 554164 80704 308930 26282488
103237 R 110.219 50 3 799 299
 P 556778 80976 308938 26402788
103701 R 158.170 50 3 1290 300
 P 557918 81247 308946 26523088
 P 557918 81247 312336 26643388
EMPTY QUEUE
 P 557987 81247 315728 26765975
 P 557987 81247 319118 26883988
 P 559224 81247 319126 27004288
 P 559224 81247 322516 27124588
 P 560810 81247 322524 27244888
EMPTY QUEUE
 P 560879 81247 325916 27366355
 P 560879 81247 329306 27485488
 P 562565 81247 329314 27605788
 P 562565 81247 332704 27726088
 P 562565 81247 336094 27846388
EMPTY QUEUE
 P 564156 81247 336104 27968655
 P 564156 81247 339494 28086988
 P 564156 81247 342884 28207288
 P 565683 81247 342892 28327588
 P 565683 81247 346282 28447888
EMPTY QUEUE
 P 565752 81247 349674 28569291
 P 566696 81247 349682 28688488
 P 566696 81247 353072 28808788
 P 567904 81247 353080 28929088
 P 567904 81247 356470 29049388
EMPTY QUEUE
 P 567973 81247 359862 29170823
 P 567973 81247 363252 29289988
 P 569875 81247 363260 29410288
 P 572299 81247 363268 29530588
 P 572299 81247 366658 29650888
EMPTY QUEUE
 P 572368 81247 370050 29771715
 P 572368 81247 373440 29891488
 P 572368 81247 376830 30011788
 P 574717 81247 376837 30132088
 P 575798 81247 376845 30252388
EMPTY QUEUE
 P 575867 81247 380237 30374527
 P 575867 81247 383627 30492988
 P 575867 81247 387017 30613288
 P 578150 81247 387025 30733588
 P 579424 81247 387033 30853888
EMPTY QUEUE
 P 579493 81247 390425 30975675
 P 579493 81247 393815 31094488
 P 579493 81247 397205 31214788
 P 581200 81247 397213 31335088
 P 582155 81247 397221 31455388
EMPTY QUEUE
 P 582224 81247 400613 31577719
 P 582224 81247 404003 31695988
 P 582224 81247 407393 31816288
 P 584217 81247 407402 31936588
 P 584217 81247 410792 32056888
EMPTY QUEUE
 P 586458 81247 410802 32179123
 P 586458 81247 414192 32297488
 P 586458 81247 417582 32417788
 P 588642 81247 417590 32538088
 P 588642 81247 420980 32658388
EMPTY QUEUE
 P 588711 81247 424372 32780399
 P 591588 81247 424380 32898988
 P 591588 81247 427770 33019288
 P 593451 81247 427778 33139588
 P 593451 81247 431168 33259888
EMPTY QUEUE
 P 593520 81247 434560 33382059
 P 593520 81247 437950 33500488
 P 594542 81247 437957 33620788
 P 594542 81247 441347 33741088
 P 595517 81247 441356 33861388
EMPTY QUEUE
 P 596393 81247 441366 33983303
 P 596393 81247 444756 34101988
 P 599143 81247 444764 34222288
 P 599143 81247 448154 34342588
 P 599143 81247 451544 34462888
EMPTY QUEUE
 P 602001 81247 451554 34584835
 P 602001 81247 454944 34703488
 P 602001 81247 458334 34823788
 P 603919 81247 458342 34944088
 P 603919 81247 461732 35064388
EMPTY QUEUE
 P 603988 81247 465124 35185727
 P 606199 81247 465132 35304988
 P 606199 81247 468522 35425288
 P 608823 81247 468530 35545588
 P 608823 81247 471920 35665888
EMPTY QUEUE
 P 608892 81247 475312 35788539
 P 608892 81247 478702 35906488
 P 610014 81247 478710 36026788
 P 610014 81247 482100 36147088
 P 612831 81247 482108 36267388
EMPTY QUEUE
 P 612900 81247 485500 36389687
 P 612900 81247 488890 36507988
 P 612900 81247 492280 36628288
 P 614468 81247 492288 36748588
 P 614468 81247 495678 36868888
EMPTY QUEUE
 P 617035 81247 495688 36989683
 P 617035 81247 499078 37109488
 P 617035 81247 502468 37229788
 P 617035 81247 505858 37350088
 P 618570 81247 505866 37470388
EMPTY QUEUE
 P 620307 81247 505875 37591087
 P 620307 81247 509265 37710988
 P 620307 81247 512655 37831288
 P 620307 81247 516045 37951588
 P 620307 81247 519435 38071888
EMPTY QUEUE
 P 622613 81247 519445 38194411
 P 624984 81247 519453 38312488
 P 624984 81247 522843 38432788
 P 624984 81247 526233 38553088
 P 624984 81247 529623 38673388
EMPTY QUEUE
 P 627481 81247 529633 38796071
 P 630045 81247 529641 38913988
 P 630045 81247 533031 39034288
 P 630045 81247 536421 39154588
 P 630045 81247 539811 39274888
EMPTY QUEUE
 P 632221 81247 539821 39396579
 P 634466 81247 539829 39515488
 P 634466 81247 543219 39635788
 P 634466 81247 546609 39756088
 P 634466 81247 549999 39876388
EMPTY QUEUE
 P 635809 81247 550009 39998495
 P 635809 81247 553399 40116988
 P 637351 81247 553407 40237288
 P 637351 81247 556797 40357588
 P 637351 81247 560187 40477888
EMPTY QUEUE
 P 639397 81247 560197 40600283
 P 639397 81247 563587 40718488
 P 640620 81247 563594 40838788
 P 640620 81247 566984 40959088
 P 640620 81247 570374 41079388
EMPTY QUEUE
 P 642858 81247 570384 41200407
 P 642858 81247 573774 41319988
 P 645297 81247 573782 41440288
 P 645297 81247 577172 41560588
 P 645297 81247 580562 41680888
EMPTY QUEUE
 P 647215 81247 580571 41803475
 P 647215 81247 583961 41921488
 P 648310 81247 583969 42041788
 P 648310 81247 587359 42162088
 P 648310 81247 590749 42282388
EMPTY QUEUE
 P 649392 81247 590759 42403855
 P 649392 81247 594149 42522988
 P 651161 81247 594157 42643288
 P 651161 81247 597547 42763588
 P 651161 81247 600937 42883888
EMPTY QUEUE
 P 652947 81247 600947 43006155
 P 652947 81247 604337 43124488
 P 655165 81247 604344 43244788
 P 655165 81247 607734 43365088
 P 655165 81247 611124 43485388
EMPTY QUEUE
 P 656597 81247 611134 43606791
 P 656597 81247 614524 43725988
 P 658751 81247 614532 43846288
 P 658751 81247 617922 43966588
 P 658751 81247 621312 44086888
EMPTY QUEUE
 P 660631 81247 621322 44208323
 P 660631 81247 624712 44327488
 P 662210 81247 624720 44447788
 P 662210 81247 628110 44568088
 P 662210 81247 631500 44688388
EMPTY QUEUE
 P 664024 81247 631510 44809215
 P 664024 81247 634900 44928988
 P 664024 81247 638290 45049288
 P 664024 81247 641680 45169588
 P 665476 81247 641688 45289888
EMPTY QUEUE
 P 666714 81247 641698 45412027
 P 666714 81247 645088 45530488
 P 666714 81247 648478 45650788
 P 666714 81247 651868 45771088
 P 668263 81247 651876 45891388
EMPTY QUEUE
 P 668332 81247 655268 46013175
 P 669979 81247 655276 46131988
 P 669979 81247 658666 46252288
 P 669979 81247 662056 46372588
 P 671209 81247 662064 46492888
EMPTY QUEUE
 P 671278 81247 665456 46615219
 P 672604 81247 665464 46733488
 P 672604 81247 668854 46853788
 P 672604 81247 672244 46974088
 P 675050 81247 672252 47094388
EMPTY QUEUE
 P 675119 81247 675644 47216623
 P 677659 81247 675652 47334988
 P 677659 81247 679042 47455288
 P 677659 81247 682432 47575588
 P 678762 81247 682440 47695888
EMPTY QUEUE
 P 678831 81247 685832 47817899
 P 680026 81247 685840 47936488
 P 680026 81247 689230 48056788
 P 680026 81247 692620 48177088
 P 681322 81247 692628 48297388
EMPTY QUEUE
 P 681391 81247 696020 48419559
 P 682234 81247 696028 48537988
 P 682234 81247 699418 48658288
 P 682234 81247 702808 48778588
 P 684459 81247 702816 48898888
EMPTY QUEUE
 P 684528 81247 706208 49020067
 P 685817 81247 706216 49139488
 P 685817 81247 709606 49259788
 P 685817 81247 712996 49380088
 P 687978 81247 713004 49500388
EMPTY QUEUE
 P 688047 81247 716396 49621983
 P 688047 81247 719786 49740988
 P 690327 81247 719794 49861288
 P 690327 81247 723184 49981588
 P 691913 81247 723192 50101888
EMPTY QUEUE
 P 691982 81247 726584 50223771
 P 691982 81247 729974 50342488
 P 691982 81247 733364 50462788
 P 692916 81247 733372 50583088
 P 695463 81247 733380 50703388
EMPTY QUEUE
 P 695532 81247 736772 50825943
 P 695532 81247 740162 50943988
 P 695532 81247 743552 51064288
 P 695532 81247 746942 51184588
 P 695532 81247 750332 51304888
EMPTY QUEUE
 P 696375 81247 750341 51426963
 P 697931 81247 750349 51545488
 P 697931 81247 753739 51665788
 P 697931 81247 757129 51786088
 P 697931 81247 760519 51906388
EMPTY QUEUE
 P 700756 81247 760529 52027343
 P 701993 81247 760537 52146988
 P 701993 81247 763927 52267288
 P 701993 81247 767317 52387588
 P 701993 81247 770707 52507888
EMPTY QUEUE
 P 704241 81247 770717 52629643
 P 706694 81247 770725 52748488
 P 706694 81247 774115 52868788
 P 706694 81247 777505 52989088
 P 706694 81247 780895 53109388
EMPTY QUEUE
 P 707852 81247 780905 53230279
 P 708961 81247 780913 53349988
 P 708961 81247 784303 53470288
 P 708961 81247 787693 53590588
 P 708961 81247 791083 53710888
EMPTY QUEUE
 P 710566 81247 791094 53831811
 P 711869 81247 791102 53951488
 P 711869 81247 794492 54071788
 P 711869 81247 797882 54192088
 P 711869 81247 801272 54312388
EMPTY QUEUE
 P 713410 81247 801282 54434751
 P 714394 81247 801290 54552988
 P 714394 81247 804680 54673288
 P 714394 81247 808070 54793588
 P 714394 81247 811460 54913888
EMPTY QUEUE
 P 715357 81247 811470 55035515
 P 716821 81247 811477 55154488
 P 716821 81247 814867 55274788
 P 716821 81247 818257 55395088
 P 716821 81247 821647 55515388
EMPTY QUEUE
 P 719095 81247 821656 55636663
 P 719095 81247 825046 55755988
 P 720495 81247 825054 55876288
 P 720495 81247 828444 55996588
 P 720495 81247 831834 56116888
EMPTY QUEUE
 P 722960 81247 831844 56238707
 P 722960 81247 835234 56357488
 P 725834 81247 835242 56477788
 P 725834 81247 838632 56598088
 P 725834 81247 842022 56718388
EMPTY QUEUE
 P 728490 81247 842032 56840111
 P 728490 81247 845422 56958988
 P 728490 81247 848812 57079288
 P 728490 81247 852202 57199588
 P 730053 81247 852210 57319888
EMPTY QUEUE
 P 731876 81247 852220 57441387
 P 731876 81247 855610 57560488
 P 731876 81247 859000 57680788
 P 731876 81247 862390 57801088
 P 733120 81247 862398 57921388
EMPTY QUEUE
 P 735588 81247 862408 58042989
EMPTY QUEUE
 P 735657 81247 865800 58163603
 P 735657 81247 869190 58282288
 P 735657 81247 872580 58402588
 P 738117 81247 872588 58522888
 P 740764 81247 872596 58643188
EMPTY QUEUE
 P 740833 81247 875988 58765135
 P 740833 81247 879378 58883788
 P 740833 81247 882768 59004088
 P 741950 81247 882776 59124388
 P 744277 81247 882784 59244688
EMPTY QUEUE
 P 744346 81247 886176 59366027
 P 744346 81247 889566 59485288
 P 744346 81247 892956 59605588
 P 744346 81247 896346 59725888
 P 745656 81247 896354 59846188
EMPTY QUEUE
 P 748306 81247 896364 59968839
 P 748306 81247 899754 60086791
 P 748306 81247 903144 60207091
 P 748306 81247 906534 60327391
 P 749294 81247 906542 60447691
EMPTY QUEUE
 P 751939 81247 906552 60569990
 P 751939 81247 909942 60688291
 P 751939 81247 913332 60808591
 P 751939 81247 916722 60928891
 P 754144 81247 916730 61049191
EMPTY QUEUE
 P 757061 81247 916740 61169986
 P 757061 81247 920130 61289791
 P 757061 81247 923520 61410091
 P 757061 81247 926910 61530391
 P 758658 81247 926917 61650691
EMPTY QUEUE
 P 758727 81247 930309 61771390
 P 760998 81247 930317 61891291
 P 760998 81247 933707 62011591
 P 760998 81247 937097 62131891
 P 763556 81247 937105 62252191
EMPTY QUEUE
 P 763625 81247 940497 62374714
 P 763625 81247 943887 62492791
 P 764806 81247 943895 62613091
 P 764806 81247 947285 62733391
 P 765765 81247 947293 62853691
EMPTY QUEUE
 P 765834 81247 950685 62976374
 P 765834 81247 954075 63094291
 P 767461 81247 954083 63214591
 P 767461 81247 957473 63334891
 P 767461 81247 960863 63455191
EMPTY QUEUE
 P 767530 81247 964255 63576882
 P 769482 81247 964263 63695791
 P 771077 81247 964271 63816091
 P 771077 81247 967661 63936391
 P 771077 81247 971051 64056691
EMPTY QUEUE
 P 771146 81247 974443 64178798
 P 773803 81247 974451 64297291
 P 776101 81247 974459 64417591
 P 776101 81247 977849 64537891
 P 776101 81247 981239 64658191
EMPTY QUEUE
 P 776170 81247 984631 64780586
 P 779020 81247 984639 64898791
 P 781509 81247 984647 65019091
 P 781509 81247 988037 65139391
 P 781509 81247 991427 65259691
EMPTY QUEUE
 P 781578 81247 994819 65380710
 P 781578 81247 998209 65500291
 P 784109 81247 998216 65620591
 P 786788 81247 998223 65740891
 P 786788 81247 1001613 65861191
EMPTY QUEUE
 P 786857 81247 1005005 65983778
 P 786857 81247 1008395 66101791
 P 788524 81247 1008403 66222091
 P 788524 81247 1011793 66342391
 P 788524 81247 1015183 66462691
EMPTY QUEUE
 P 789446 81247 1015193 66584158
 P 789446 81247 1018583 66703291
 P 790538 81247 1018591 66823591
 P 790538 81247 1021981 66943891
 P 790538 81247 1025371 67064191
EMPTY QUEUE
 P 793443 81247 1025381 67186458
 P 793443 81247 1028771 67304791
 P 795496 81247 1028779 67425091
 P 795496 81247 1032169 67545391
 P 795496 81247 1035559 67665691
EMPTY QUEUE
 P 795565 81247 1038951 67787094
 P 797823 81247 1038959 67906291
 P 797823 81247 1042349 68026591
 P 800325 81247 1042357 68146891
 P 800325 81247 1045747 68267191
EMPTY QUEUE
 P 800394 81247 1049139 68388626
 P 800394 81247 1052529 68507791
 P 801563 81247 1052537 68628091
 P 801563 81247 1055927 68748391
 P 804002 81247 1055934 68868691
EMPTY QUEUE
 P 804071 81247 1059326 68989518
 P 804071 81247 1062716 69109291
 P 804071 81247 1066106 69229591
 P 806488 81247 1066114 69349891
 P 808351 81247 1066122 69470191
EMPTY QUEUE
 P 808420 81247 1069514 69592330
 P 808420 81247 1072904 69710791
 P 808420 81247 1076294 69831091
 P 808420 81247 1079684 69951391
 P 810002 81247 1079692 70071691
EMPTY QUEUE
 P 812895 81247 1079702 70193478
 P 812895 81247 1083092 70312291
 P 812895 81247 1086482 70432591
 P 812895 81247 1089872 70552891
 P 812895 81247 1093262 70673191
EMPTY QUEUE
 P 815250 81247 1093272 70795522
 P 816475 81247 1093280 70913791
 P 816475 81247 1096670 71034091
 P 816475 81247 1100060 71154391
 P 816475 81247 1103450 71274691
EMPTY QUEUE
 P 816544 81247 1106842 71396926
 P 819021 81247 1106850 71515291
 P 820183 81247 1106859 71635591
 P 820183 81247 1110249 71755891
 P 820183 81247 1113639 71876191
EMPTY QUEUE
 P 820252 81247 1117031 71998202
 P 820252 81247 1120421 72116791
 P 822407 81247 1120429 72237091
 P 825042 81247 1120437 72357391
 P 825042 81247 1123827 72477691
EMPTY QUEUE
 P 825111 81247 1127219 72599862
 P 825111 81247 1130609 72718291
 P 826432 81247 1130617 72838591
 P 826432 81247 1134007 72958891
 P 828012 81247 1134015 73079191
EMPTY QUEUE
 P 828081 81247 1137407 73200370
 P 828081 81247 1140797 73319791
 P 829818 81247 1140805 73440091
 P 829818 81247 1144195 73560391
 P 831080 81247 1144203 73680691
EMPTY QUEUE
 P 831149 81247 1147595 73802286
 P 831149 81247 1150985 73921291
 P 833172 81247 1150993 74041591
 P 833172 81247 1154383 74161891
 P 835649 81247 1154391 74282191
EMPTY QUEUE
 P 835718 81247 1157783 74404074
 P 835718 81247 1161173 74522791
 P 835718 81247 1164563 74643091
 P 837932 81247 1164570 74763391
 P 839066 81247 1164578 74883691
EMPTY QUEUE
 P 839135 81247 1167970 75006246
 P 839135 81247 1171360 75124291
 P 839135 81247 1174750 75244591
 P 839135 81247 1178140 75364891
 P 840445 81247 1178148 75485191
EMPTY QUEUE
 P 843174 81247 1178158 75607266
 P 843174 81247 1181548 75725791
 P 843174 81247 1184938 75846091
 P 843174 81247 1188328 75966391
 P 843174 81247 1191718 76086691
EMPTY QUEUE
 P 845070 81247 1191728 76207646
 P 846636 81247 1191736 76327291
 P 846636 81247 1195126 76447591
 P 846636 81247 1198516 76567891
 P 846636 81247 1201906 76688191
EMPTY QUEUE
 P 849235 81247 1201916 76809946
 P 850482 81247 1201924 76928791
 P 850482 81247 1205314 77049091
 P 850482 81247 1208704 77169391
 P 850482 81247 1212094 77289691
EMPTY QUEUE
 P 853272 81247 1212103 77410582
 P 854679 81247 1212111 77530291
 P 854679 81247 1215501 77650591
 P 854679 81247 1218891 77770891
 P 854679 81247 1222281 77891191
EMPTY QUEUE
 P 857148 81247 1222291 78012114
 P 860028 81247 1222299 78131791
 P 860028 81247 1225689 78252091
 P 860028 81247 1229079 78372391
 P 860028 81247 1232469 78492691
