using saved target 'z1'
../../../../contiki/tools/sky/serialdump-linux -b115200 /dev/ttyUSB4
connecting to /dev/ttyUSB4 (115200) [OK]
Rime started with address 5.0
MAC 05:00:00:00:00:00:00:00 Ref ID: 4841
Contiki-3.x-2125-g5d67a61 started. Node id is set to 5.

************************************************
RTIMER_SECOND = 32768. F_CPU=8000000.
CLOCK_SECOND=128.
DURSLOT = 6015.(0.1835 s).
DURSLEEP = 114285.
DURCYCLE = 120300 .(3.6712 s).
MAX_CLOCK_DRIFT = WAKEUP_ADVANCE_TIME = 327 (0.0033 s).
PERIODIC_BCAST_CYCLES_SENSOR = 196611.
PERIODIC_BCAST_CYCLES_SINK = 196611.
MAX_CYCLE_COUNTER = 27904.
MAX_COUNT_NO_RTS_CTS = 65535.
MAX_CHILD_NUM = 10.
MAX_TRY_TO_FIND_PARENT = 3.

**********Below is Related Settings**********
PRIMAC_CONF_COMPOWER = 1.
PRIMAC_CONF_COMPOWER_SUPPORT = 1.
SF = 18.
PRI_SYNC_SUPPORT = 1.
RANDOM_DRIFT_IN_COOJA_SUPPORT = 0.
ADCSC_SUPPORT = 1.
DATA_TX_SUPPORT = 1.
CYCLES_PER_PACKET = 2.
DATA_INTERVAL = 7.
RETX_LIMIT = 6.
TOTAL_DATA_NUM = 50.
MAX_DATA_QUEUE_BUFS = 10.
PROC_GRADE_BASED_ON_ADDR_SUPPORT = 1.
NODES_NUM_PER_GRADE = 2.
ADDRESS_FREE_SUPPORT = 0.
IS_COOJA_SIM = 0.
CROSS_PLATFORM_SUPPORT = 1.
************************************************

My address is 5.0.
nullmac PRIMAC, channel check rate 8 Hz, radio channel 26
Starting
Hello, world
 P 0 0 0 3034998
 P 0 0 3390 3155298
 P 0 0 6842 3276021
 P 0 0 10232 3395898
 P 0 0 13622 3516198
 P 0 0 17012 3636498
 P 0 0 20402 3756798
EMPTY QUEUE
 P 428 0 23801 3879111
PT [3 0 1 -12 1]
 P 428 0 27191 3997398
PT [3 0 2 -12 1]
 P 428 0 30581 4117698
PT [3 0 3 -12 1]
 P 3154 0 31245 4237998
PT [3 0 4 -12 1]
 P 5538 0 32251 4358298
PT [3 0 5 -12 1]
EMPTY QUEUE
 P 6127 0 35649 4480164
PT [3 0 6 -15 1]
 P 6127 0 39039 4598898
PT [3 0 7 -15 1]
 P 6127 0 42429 4719198
PT [3 0 8 -15 1]
 P 7044 0 42433 4839498
PT [3 0 9 -15 1]
rcv bro rts
 P 8316 0 42474 4959798
PT [3 0 10 -15 1]
EMPTY QUEUE
 P 8343 0 45866 5082056
PT [3 0 11 -15 1]
EMPTY QUEUE
 P 8899 0 49264 5202123
PT [3 0 12 -19 1]
 P 8899 0 52654 5320698
PT [3 0 13 -19 1]
 P 10277 0 52657 5440998
PT [3 0 14 -19 1]
 P 11785 0 52665 5561298
PT [3 0 15 -19 1]
 P 12520 0 52668 5681598
PT [3 0 16 -19 1]
EMPTY QUEUE
 P 14320 0 52686 5802759
PT [3 0 17 -23 1]
 P 14320 0 56076 5922198
PT [3 0 18 -23 1]
 P 14320 0 59466 6042498
PT [3 0 19 -23 1]
 P 14320 0 62856 6162798
PT [3 0 20 -23 1]
 P 15919 0 62859 6283098
PT [3 0 21 -23 1]
 P 17148 0 62862 6403398
PT [3 0 22 -23 1]
EMPTY QUEUE
 P 19097 0 62879 6525903
PT [3 0 23 -27 1]
 P 19097 0 66269 6643998
PT [3 0 24 -27 1]
 P 19097 0 69659 6764298
PT [3 0 25 -27 1]
 P 19097 0 73049 6884598
PT [3 0 26 -27 1]
 P 21778 0 73052 7004898
PT [3 0 27 -27 1]
EMPTY QUEUE
 P 22366 0 76450 7126763
PT [3 0 28 -30 1]
 P 23696 0 76458 7245498
PT [3 0 29 -30 1]
 P 23696 0 79848 7365798
PT [3 0 30 -30 1]
 P 23696 0 83238 7486098
PT [3 0 31 -30 1]
 P 25008 0 83241 7606398
PT [3 0 32 -30 1]
EMPTY QUEUE
 P 25596 0 86640 7729223
PT [3 0 33 -34 1]
 P 26944 0 86648 7846998
PT [3 0 34 -34 1]
 P 28877 0 86656 7967298
PT [3 0 35 -34 1]
 P 28877 0 90046 8087598
PT [3 0 36 -34 1]
 P 29836 0 90049 8207898
PT [3 0 37 -34 1]
EMPTY QUEUE
 P 30392 0 93448 8330915
PT [3 0 38 -37 1]
 P 30392 0 96838 8448498
PT [3 0 39 -37 1]
 P 32825 0 96847 8568798
PT [3 0 40 -37 1]
 P 34091 0 96856 8689098
PT [3 0 41 -37 1]
 P 35368 0 96859 8809398
PT [3 0 42 -37 1]
EMPTY QUEUE
 P 35860 0 100257 8931935
PT [3 0 43 -40 1]
 P 35860 0 103647 9049998
PT [3 0 44 -40 1]
 P 35860 0 107037 9170298
PT [3 0 45 -40 1]
 P 37209 0 107046 9290598
PT [3 0 46 -40 1]
 P 38697 0 107055 9410898
PT [3 0 47 -40 1]
 P 39442 0 107058 9531198
PT [3 0 48 -40 1]
EMPTY QUEUE
 P 39934 0 110456 9654214
PT [3 0 49 -45 1]
 P 39934 0 113846 9771798
PT [3 0 50 -45 1]
 P 39934 0 117236 9892098
PT [3 0 51 -45 1]
 P 42207 0 117244 10012398
PT [3 0 52 -45 1]
 P 43122 0 117252 10132698
PT [3 0 53 -45 1]
 P 43865 0 117255 10252998
PT [3 0 54 -45 1]
EMPTY QUEUE
 P 44390 0 120653 10374863
PT [3 0 55 -49 1]
 P 44390 0 124043 10493598
PT [3 0 56 -49 1]
 P 44390 0 127433 10613898
PT [3 0 57 -49 1]
 P 45962 0 127442 10734198
PT [3 0 58 -49 1]
 P 47100 0 127451 10854498
PT [3 0 59 -49 1]
 P 47841 0 127454 10974798
PT [3 0 60 -49 1]
EMPTY QUEUE
 P 48366 0 130852 11097399
PT [3 0 61 -53 1]
 P 48366 0 134242 11215398
PT [3 0 62 -53 1]
 P 48366 0 137632 11335698
PT [3 0 63 -53 1]
 P 49396 0 137640 11455998
PT [3 0 64 -53 1]
 P 50982 0 137644 11576298
PT [3 0 65 -53 1]
 P 51721 0 137647 11696598
PT [3 0 66 -53 1]
EMPTY QUEUE
 P 53535 0 137663 11819296
PT [3 0 67 -56 1]
 P 53535 0 141053 11937198
PT [3 0 68 -56 1]
 P 54027 72 144454 12059881
PT [3 0 69 -58 1]
 P 54027 72 147844 12177798
PT [3 0 70 -58 1]
 P 55612 72 147847 12298098
PT [3 0 71 -58 1]
 P 57581 144 147866 12420077
PT [3 0 72 -60 1]
 P 60008 216 147886 12540954
PT [3 0 73 -61 1]
 P 60008 216 151276 12658998
PT [3 0 74 -61 1]
 P 60077 394 154668 12781732
PT [3 0 75 -61 1]
 P 61216 394 154671 12899598
PT [3 0 76 -61 1]
 P 61459 394 158066 13021307
PT [3 0 77 -61 1]
 P 64415 466 158085 13141653
PT [3 0 78 -64 1]
 P 66857 610 158115 13262881
PT [3 0 79 -65 1]
 P 66857 610 161505 13380798
PT [3 0 80 -65 1]
 P 69522 610 161508 13501098
PT [3 0 81 -65 1]
 P 71531 964 161529 13623237
PT [3 0 82 -67 1]
 P 73327 1108 161554 13741698
PT [3 0 83 -67 1]
 P 75391 1463 161574 13863133
PT [3 0 84 -68 1]
 P 76820 1535 161587 13982298
PT [3 0 85 -68 1]
 P 78622 1890 161607 14104660
PT [3 0 86 -70 1]
 P 79982 1962 161620 14222898
PT [3 0 87 -70 1]
 P 81947 2317 161639 14344653
PT [3 0 88 -71 1]
 P 83269 2389 161653 14463498
PT [3 0 89 -71 1]
 P 83983 2389 161656 14583798
PT [3 0 90 -71 1]
 P 85856 2743 161676 14706769
PT [3 0 91 -73 1]
 P 87619 2815 161690 14824398
PT [3 0 92 -73 1]
 P 89451 3170 161710 14945929
PT [3 0 93 -74 1]
 P 90730 3242 161723 15064998
PT [3 0 94 -74 1]
 P 92760 3597 161743 15188128
PT [3 0 95 -76 1]
 P 93449 3669 167716 15309880
PT [3 0 96 -76 1]
 P 94975 3669 167719 15425898
PT [3 0 97 -76 1]
 P 96849 4023 167739 15547654
PT [3 0 98 -78 1]
 P 99910 4521 167780 15668880
PT [3 0 99 -78 1]
 P 100696 4521 167783 15786798
PT [3 0 100 -78 1]
 P 102291 4521 167786 15907098
PT [3 0 101 -78 1]
 P 104172 4876 167805 16030421
PT [3 0 102 -80 1]
 P 106491 5020 167828 16147698
PT [3 0 103 -81 1]
 P 108396 5375 167847 16270957
PT [3 0 104 -82 1]
 P 111729 5447 167861 16388298
PT [3 0 105 -82 1]
 P 113626 5801 167881 16511173
PT [3 0 106 -83 1]
 P 115519 5873 167895 16628898
PT [3 0 107 -83 1]
 P 117549 6228 167914 16752285
PT [3 0 108 -84 1]
 P 119244 6300 167927 16869498
PT [3 0 109 -84 1]
 P 121170 6655 167946 16991637
PT [3 0 110 -86 1]
 P 122250 6799 171357 17111328
PT [3 0 111 -86 1]
 P 123714 6799 171360 17230398
PT [3 0 112 -86 1]
 P 125547 7155 171381 17352889
PT [3 0 113 -88 1]
 P 127992 7582 171410 17473380
PT [3 0 114 -88 1]
 P 128793 7582 171413 17591298
PT [3 0 115 -88 1]
 P 130553 7582 171418 17711598
PT [3 0 116 -88 1]
 P 132416 7936 171437 17833450
PT [3 0 117 -90 1]
 P 135435 8436 171476 17954709
PT [3 0 118 -91 1]
 P 136310 8436 171479 18072498
PT [3 0 119 -91 1]
 P 138113 8508 172699 18194926
PT [3 0 120 -93 1]
 P 138950 8508 172703 18313098
PT [3 0 121 -93 1]
 P 139768 8508 172706 18433398
PT [3 0 122 -93 1]
 P 141540 8863 172726 18555024
PT [3 0 123 -94 1]
 P 145373 9361 172770 18673998
PT [3 0 124 -95 1]
 P 147996 9716 172791 18796298
PT [3 0 125 -96 1]
 P 149444 9788 172805 18914598
PT [3 0 126 -96 1]
 P 150285 9788 172808 19034898
PT [3 0 127 -96 1]
 P 151107 9788 172811 19155198
PT [3 0 128 -96 1]
 P 151909 9788 172815 19275498
PT [3 0 129 -96 1]
 P 153730 10143 172836 19397285
PT [3 0 130 -99 1]
 P 157340 10782 175435 19517585
PT [3 0 131 -100 1]
 P 158742 10854 175451 19636528
PT [3 0 132 -100 1]
 P 160298 10854 175454 19756828
PT [3 0 133 -100 1]
 P 162113 11209 175473 19878647
PT [3 0 1 -86 1]
 P 165685 11497 175518 19997282
PT [3 0 0 -232 1]
 P 167797 11852 175537 20120669
PT [3 0 0 -87 1]
 P 170875 12351 175576 20240777
PT [3 0 1 -88 1]
 P 171779 12351 175579 20358182
PT [3 0 2 -88 1]
 P 171848 12351 181541 20483436
PT [3 0 3 -88 1]
 P 173542 12351 181544 20598782
PT [3 0 4 -88 1]
 P 175586 12706 181564 20720601
PT [3 0 5 -91 1]
 P 178431 12922 181601 20839382
PT [3 0 6 -91 1]
 P 180466 13276 181622 20961521
PT [3 0 7 -92 1]
 P 182386 13631 181642 21082685
PT [3 0 8 -93 1]
 P 183811 13703 181656 21200282
PT [3 0 9 -93 1]
 P 185521 13703 181659 21320582
PT [3 0 10 -93 1]
 P 186385 13703 181662 21440882
PT [3 0 11 -93 1]
 P 188202 13775 181680 21563150
PT [3 0 12 -94 1]
 P 189520 13847 181693 21681482
PT [3 0 13 -96 1]
 P 191287 14202 181713 21802885
PT [3 0 14 -97 1]
 P 196387 14984 181766 21922082
PT [3 0 15 -97 1]
 P 198115 14984 181770 22042382
PT [3 0 16 -97 1]
 P 200015 15339 181790 22163785
PT [3 0 17 -99 1]
 P 202584 15483 184391 22284532
PT [3 0 18 -100 1]
 P 203904 15483 184394 22403282
PT [3 0 19 -100 1]
 P 205808 15838 184414 22524781
PT [3 0 20 -101 1]
 P 207837 16193 184435 22644864
PT [3 0 21 -101 1]
 P 208734 16193 184438 22764182
PT [3 0 22 -101 1]
 P 210440 16193 184441 22884482
PT [3 0 23 -101 1]
 P 210998 16265 187841 23006750
PT [3 0 24 -104 1]
 P 214571 16836 187894 23127401
PT [3 0 25 -104 1]
 P 216406 17119 187905 23245382
PT [3 0 26 -104 1]
 P 218167 17119 187908 23365682
PT [3 0 27 -104 1]
 P 220065 17474 187927 23488782
PT [3 0 28 -105 1]
 P 222773 17901 190530 23607833
PT [3 0 29 -107 1]
 P 224237 17973 190544 23726582
PT [3 0 30 -107 1]
 P 225922 17973 190547 23846882
PT [3 0 31 -107 1]
 P 227879 18327 190568 23969565
PT [3 0 1 0 1]
 P 228807 18327 190571 24087373
PT [3 0 2 0 1]
 P 230865 18587 190592 24209417
PT [3 0 3 -1 1]
 P 231885 18587 190596 24327973
PT [3 0 4 -1 1]
 P 233839 18942 190615 24451008
PT [3 0 5 -3 1]
 P 234822 18942 190619 24568573
PT [3 0 6 -3 1]
 P 236139 18942 190627 24688873
PT [3 0 7 -3 1]
 P 237083 18942 190631 24809173
PT [3 0 8 -3 1]
 P 239044 19210 190651 24930959
PT [3 0 9 -5 1]
 P 241048 19493 190663 25049773
PT [3 0 10 -5 1]
 P 242877 19493 190666 25170073
PT [3 0 11 -5 1]
 P 244874 19848 190684 25292787
PT [3 0 12 -7 1]
 P 247311 20276 190713 25413728
PT [3 0 13 -8 1]
 P 248254 20276 190717 25530973
PT [3 0 14 -8 1]
 P 250245 20559 193297 25654339
PT [3 0 15 -8 1]
 P 251263 20559 193300 25771573
PT [3 0 16 -8 1]
 P 251885 20631 196700 25893905
PT [3 0 17 -10 1]
 P 253693 20631 196703 26012173
PT [3 0 18 -10 1]
 P 253693 20631 200093 26132473
PT [3 0 19 -10 1]
 P 255630 20985 200114 26255220
PT [3 0 20 -13 1]
 P 257569 21268 200126 26373073
PT [3 0 21 -13 1]
 P 258158 21340 203527 26495757
PT [3 0 22 -13 1]
 P 258158 21340 206917 26613673
PT [3 0 23 -13 1]
 P 258158 21340 210307 26733973
PT [3 0 24 -13 1]
 P 258158 21340 213697 26854273
PT [3 0 25 -13 1]
 P 259979 21340 213706 26974573
PT [3 0 26 -13 1]
 P 260919 21340 213709 27094873
PT [3 0 27 -13 1]
EMPTY QUEUE
 P 261444 21340 217108 27216675
PT [3 0 28 -17 1]
 P 261444 21340 220498 27335473
PT [3 0 29 -17 1]
 P 261444 21340 223888 27455773
PT [3 0 30 -17 1]
 P 263876 21340 223896 27576073
PT [3 0 31 -17 1]
 P 265141 21340 223905 27696373
PT [3 0 32 -17 1]
 P 266079 21340 223908 27816673
PT [3 0 33 -17 1]
EMPTY QUEUE
 P 266635 21340 227306 27937962
PT [3 0 34 -22 1]
 P 266635 21340 230696 28057273
PT [3 0 35 -22 1]
 P 266635 21340 234086 28177573
PT [3 0 36 -22 1]
 P 267984 21340 234094 28297873
PT [3 0 37 -22 1]
 P 269472 21340 234103 28418173
PT [3 0 38 -22 1]
 P 270407 21340 234106 28538473
PT [3 0 39 -22 1]
EMPTY QUEUE
 P 270963 21340 237504 28661650
PT [3 0 40 -26 1]
 P 270963 21340 240894 28779073
PT [3 0 41 -26 1]
 P 270963 21340 244284 28899373
PT [3 0 42 -26 1]
 P 273236 21340 244292 29019673
PT [3 0 43 -26 1]
 P 274151 21340 244300 29139973
PT [3 0 44 -26 1]
 P 275085 21340 244304 29260273
PT [3 0 45 -26 1]
EMPTY QUEUE
 P 275707 21340 247702 29383228
PT [3 0 46 -30 1]
 P 275707 21340 251092 29500873
PT [3 0 47 -30 1]
 P 275707 21340 254482 29621173
PT [3 0 48 -30 1]
 P 277279 21340 254490 29741473
PT [3 0 49 -30 1]
 P 278417 21340 254498 29861773
PT [3 0 50 -30 1]
 P 279350 21340 254501 29982073
PT [3 0 51 -30 1]
EMPTY QUEUE
 P 279906 21340 257899 30104034
PT [3 0 52 -34 1]
 P 279906 21340 261289 30222673
PT [3 0 53 -34 1]
 P 279906 21340 264679 30342973
PT [3 0 54 -34 1]
 P 280936 21340 264687 30463273
PT [3 0 55 -34 1]
 P 282714 21340 264690 30583573
PT [3 0 56 -34 1]
EMPTY QUEUE
 P 284547 21340 264707 30705470
PT [3 0 57 -38 1]
 P 284547 21340 268097 30824173
PT [3 0 58 -38 1]
 P 284547 21340 271487 30944473
PT [3 0 59 -38 1]
 P 284547 21340 274877 31064773
PT [3 0 60 -38 1]
 P 285879 21340 274880 31185073
PT [3 0 61 -38 1]
EMPTY QUEUE
 P 287753 21340 274896 31307674
PT [3 0 62 -41 1]
 P 289689 21340 274904 31425673
PT [3 0 63 -41 1]
 P 289689 21340 278294 31545973
PT [3 0 64 -41 1]
 P 289689 21340 281684 31666273
PT [3 0 65 -41 1]
 P 292546 21340 281687 31786573
PT [3 0 66 -41 1]
 P 294109 21340 281691 31906873
PT [3 0 67 -41 1]
EMPTY QUEUE
 P 297032 21340 281708 32029538
PT [3 0 68 -45 1]
 P 298297 21340 281716 32147473
PT [3 0 69 -45 1]
 P 298297 21340 285106 32267773
PT [3 0 70 -45 1]
 P 298297 21340 288496 32388073
PT [3 0 71 -45 1]
 P 299432 21340 288499 32508373
PT [3 0 72 -45 1]
 P 300962 21340 288502 32628673
PT [3 0 73 -45 1]
EMPTY QUEUE
 P 302803 21340 288518 32750282
PT [3 0 74 -49 1]
 P 304292 21340 288526 32869273
PT [3 0 75 -49 1]
 P 304292 21340 291916 32989573
PT [3 0 76 -49 1]
 P 304292 21340 295306 33109873
PT [3 0 77 -49 1]
 P 306635 21340 295309 33230173
PT [3 0 78 -49 1]
 P 308131 21340 295312 33350473
PT [3 0 79 -49 1]
EMPTY QUEUE
 P 310994 21340 295329 33473556
PT [3 0 80 -53 1]
 P 311908 21340 295338 33591073
PT [3 0 81 -53 1]
 P 311908 21340 298728 33711373
PT [3 0 82 -53 1]
 P 311908 21340 302118 33831673
PT [3 0 83 -53 1]
 P 314696 21340 302122 33951973
PT [3 0 84 -53 1]
EMPTY QUEUE
 P 315316 21340 305521 34073486
PT [3 0 85 -57 1]
 P 316888 21340 305529 34192573
PT [3 0 86 -57 1]
 P 318027 21340 305537 34312873
PT [3 0 87 -57 1]
 P 318027 21340 308927 34433173
PT [3 0 88 -57 1]
 P 320656 21340 308931 34553473
PT [3 0 89 -57 1]
EMPTY QUEUE
 P 320667 21340 312323 34674339
PT [3 0 90 -57 1]
EMPTY QUEUE
 P 321255 21340 315722 34795830
PT [3 0 91 -61 1]
 P 322285 21340 315731 34914373
PT [3 0 92 -61 1]
 P 324410 21340 315739 35034673
PT [3 0 93 -61 1]
 P 327291 21340 315742 35154973
PT [3 0 94 -61 1]
 P 328242 21340 315745 35275273
PT [3 0 95 -61 1]
EMPTY QUEUE
 P 328830 21340 319143 35396530
PT [3 0 96 -64 1]
 P 328830 21340 322533 35515873
PT [3 0 97 -64 1]
 P 329637 21340 322542 35636173
PT [3 0 98 -64 1]
 P 330456 21340 322550 35756473
PT [3 0 99 -64 1]
 P 332315 21340 322553 35876773
PT [3 0 100 -64 1]
 P 334664 21340 322556 35997073
PT [3 0 101 -64 1]
EMPTY QUEUE
 P 335188 21340 325954 36118874
PT [3 0 102 -68 1]
 P 335188 21340 329344 36237673
PT [3 0 103 -68 1]
 P 337142 21340 329352 36357973
PT [3 0 104 -68 1]
 P 338789 21340 329361 36478273
PT [3 0 105 -68 1]
 P 341571 21340 329364 36598573
PT [3 0 106 -68 1]
 P 343792 21340 329367 36718873
PT [3 0 107 -68 1]
EMPTY QUEUE
 P 344348 21340 332765 36840162
PT [3 0 108 -72 1]
 P 344348 21340 336155 36959473
PT [3 0 109 -72 1]
 P 347131 21340 336164 37079773
PT [3 0 110 -72 1]
 P 348270 21340 336172 37200073
PT [3 0 111 -72 1]
 P 349586 21340 336175 37320373
PT [3 0 112 -72 1]
EMPTY QUEUE
 P 350078 21340 339574 37443486
PT [3 0 113 -76 1]
 P 350078 21340 342964 37560973
PT [3 0 114 -76 1]
 P 350078 21340 346354 37681273
PT [3 0 115 -76 1]
 P 351936 21340 346363 37801573
PT [3 0 116 -76 1]
 P 352787 21340 346371 37921873
PT [3 0 117 -76 1]
 P 353605 21340 346374 38042173
PT [3 0 118 -76 1]
EMPTY QUEUE
 P 354129 21340 349773 38165030
PT [3 0 119 -80 1]
 P 354129 21340 353163 38282773
PT [3 0 120 -80 1]
 P 354129 21340 356553 38403073
PT [3 0 121 -80 1]
 P 356242 21340 356562 38523373
PT [3 0 122 -80 1]
 P 357999 21340 356565 38643673
PT [3 0 123 -80 1]
EMPTY QUEUE
 P 359833 21340 356582 38765603
PT [3 0 124 -82 1]
 P 360723 21340 356585 38884273
PT [3 0 125 -82 1]
 P 360723 21340 359975 39004573
PT [3 0 126 -82 1]
 P 360723 21340 363365 39124873
PT [3 0 127 -82 1]
 P 360723 21340 366755 39245173
PT [3 0 128 -82 1]
EMPTY QUEUE
 P 362596 21340 366772 39367037
PT [3 0 129 -87 1]
 P 364351 21340 366775 39485773
PT [3 0 130 -87 1]
 P 365660 21340 366784 39606073
PT [3 0 131 -87 1]
 P 365660 21340 370174 39726373
PT [3 0 132 -87 1]
 P 365660 21340 373564 39846673
PT [3 0 133 -87 1]
EMPTY QUEUE
 P 366152 21340 376963 39967930
PT [3 0 134 -90 1]
 P 367462 21340 376967 40087273
PT [3 0 135 -90 1]
 P 368812 21340 376975 40207573
PT [3 0 136 -90 1]
 P 370746 21340 376983 40327873
PT [3 0 137 -90 1]
 P 370746 21340 380373 40448173
PT [3 0 138 -90 1]
EMPTY QUEUE
 P 371302 21340 383771 40570998
PT [3 0 139 -93 1]
 P 374138 21340 383774 40688773
PT [3 0 140 -93 1]
 P 374138 21340 387164 40809073
PT [3 0 141 -93 1]
 P 376570 21340 387172 40929373
PT [3 0 142 -93 1]
 P 377835 21340 387180 41049673
PT [3 0 143 -93 1]
EMPTY QUEUE
 P 378327 21340 390579 41172274
PT [3 0 144 -97 1]
 P 379795 21340 390582 41290273
PT [3 0 145 -97 1]
 P 379795 21340 393972 41410573
PT [3 0 146 -97 1]
 P 379795 21340 397362 41530873
PT [3 0 147 -97 1]
 P 381144 21340 397370 41651173
PT [3 0 148 -97 1]
EMPTY QUEUE
 P 383124 21340 397387 41773486
PT [3 0 149 -100 1]
 P 384236 21340 397390 41891773
PT [3 0 150 -100 1]
 P 385743 21340 397393 42012073
PT [3 0 151 -100 1]
 P 385743 21340 400783 42132373
PT [3 0 152 -100 1]
 P 385743 21340 404173 42252673
PT [3 0 153 -100 1]
EMPTY QUEUE
 P 388603 21340 404190 42375274
PT [3 0 154 -103 1]
 P 389518 21340 404198 42493273
PT [3 0 155 -103 1]
 P 390827 21340 404206 42613573
PT [3 0 156 -103 1]
 P 391727 21340 404209 42733873
PT [3 0 157 -103 1]
 P 391727 21340 407599 42854173
PT [3 0 158 -103 1]
EMPTY QUEUE
 P 392251 21340 410998 42975686
PT [3 0 159 -107 1]
 P 392251 21340 414388 43094773
PT [3 0 160 -107 1]
 P 393600 21340 414397 43215073
PT [3 0 161 -107 1]
 P 395345 21340 414400 43335373
PT [3 0 162 -107 1]
 P 396654 21340 414408 43455673
PT [3 0 163 -107 1]
 P 397533 21340 414411 43575973
PT [3 0 164 -107 1]
EMPTY QUEUE
 P 398153 21340 417811 43698447
PT [3 0 1 0 1]
 P 398153 21340 421201 43816462
PT [3 0 2 0 1]
 P 398153 21340 424591 43936762
PT [3 0 3 0 1]
 P 399612 21340 424600 44057062
PT [3 0 4 0 1]
 P 401466 21340 424604 44177362
PT [3 0 5 0 1]
EMPTY QUEUE
 P 403473 21340 424621 44300539
PT [3 0 6 -3 1]
 P 404461 21340 424624 44417962
PT [3 0 7 -3 1]
 P 404461 21340 428015 44538262
PT [3 0 8 -3 1]
 P 404461 21340 431405 44658562
PT [3 0 9 -3 1]
 P 404461 21340 434795 44778862
PT [3 0 10 -3 1]
EMPTY QUEUE
 P 406401 21340 434811 44900215
PT [3 0 11 -7 1]
 P 408253 21340 434814 45019462
PT [3 0 12 -7 1]
 P 409735 21340 434817 45139762
PT [3 0 13 -7 1]
 P 409735 21340 438207 45260062
PT [3 0 14 -7 1]
 P 409735 21340 441597 45380362
PT [3 0 15 -7 1]
EMPTY QUEUE
 P 412212 21340 441615 45503347
PT [3 0 16 -10 1]
 P 414623 21340 441623 45620962
PT [3 0 17 -10 1]
 P 417556 21340 441626 45741262
PT [3 0 18 -10 1]
 P 419196 21340 441629 45861562
PT [3 0 19 -10 1]
 P 419196 21340 445019 45981862
PT [3 0 20 -10 1]
EMPTY QUEUE
 P 419784 21340 448419 46104080
PT [3 0 21 -13 1]
 P 421070 21340 448427 46222462
PT [3 0 22 -13 1]
 P 422399 21340 448436 46342762
PT [3 0 23 -13 1]
 P 423611 21340 448439 46463062
PT [3 0 24 -13 1]
 P 424900 21340 448447 46583362
PT [3 0 25 -13 1]
EMPTY QUEUE
 P 425392 21340 451846 46704843
PT [3 0 26 -17 1]
 P 425392 21340 455236 46823962
PT [3 0 27 -17 1]
 P 425392 21340 458626 46944262
PT [3 0 28 -17 1]
 P 426923 21340 458629 47064562
PT [3 0 29 -17 1]
 P 428272 21340 458637 47184862
PT [3 0 30 -17 1]
EMPTY QUEUE
 P 428828 21340 462036 47306087
PT [3 0 31 -20 1]
 P 430137 21340 462044 47425462
PT [3 0 32 -20 1]
 P 430137 21340 465434 47545762
PT [3 0 33 -20 1]
 P 432556 21340 465438 47666062
PT [3 0 34 -20 1]
 P 434128 21340 465441 47786362
PT [3 0 35 -20 1]
EMPTY QUEUE
 P 434684 21340 468839 47908802
PT [3 0 36 -24 1]
 P 436033 21340 468848 48026962
PT [3 0 37 -24 1]
 P 437967 21340 468857 48147262
PT [3 0 38 -24 1]
 P 437967 21340 472247 48267562
PT [3 0 39 -24 1]
 P 440829 21340 472251 48387862
PT [3 0 40 -24 1]
 P 443610 21340 472254 48508162
PT [3 0 41 -24 1]
EMPTY QUEUE
 P 444102 21340 475652 48630891
PT [3 0 42 -28 1]
 P 446534 21340 475661 48748762
PT [3 0 43 -28 1]
 P 447800 21340 475669 48869062
PT [3 0 44 -28 1]
 P 447800 21340 479059 48989362
PT [3 0 45 -28 1]
 P 450757 21340 479062 49109662
PT [3 0 46 -28 1]
EMPTY QUEUE
 P 451249 21340 482461 49232615
PT [3 0 47 -31 1]
 P 451249 21340 485851 49350262
PT [3 0 48 -31 1]
 P 452600 21340 485859 49470562
PT [3 0 49 -31 1]
 P 454091 21340 485867 49590862
PT [3 0 50 -31 1]
 P 455042 21340 485870 49711162
PT [3 0 51 -31 1]
EMPTY QUEUE
 P 455534 21340 489268 49833699
PT [3 0 52 -34 1]
 P 455534 21340 492658 49951762
PT [3 0 53 -34 1]
 P 455534 21340 496048 50072062
PT [3 0 54 -34 1]
 P 457807 21340 496057 50192362
PT [3 0 55 -34 1]
 P 458722 21340 496066 50312662
PT [3 0 56 -34 1]
 P 459713 21340 496069 50432962
PT [3 0 57 -34 1]
EMPTY QUEUE
 P 460334 21340 499467 50556108
PT [3 0 58 -38 1]
 P 460334 21340 502857 50673562
PT [3 0 59 -38 1]
 P 460334 21340 506247 50793862
PT [3 0 60 -38 1]
 P 461905 21340 506256 50914162
PT [3 0 61 -38 1]
 P 463042 21340 506265 51034462
PT [3 0 62 -38 1]
 P 464033 21340 506269 51154762
PT [3 0 63 -38 1]
EMPTY QUEUE
 P 464589 21340 509667 51276659
PT [3 0 64 -42 1]
 P 464589 21340 513057 51395362
PT [3 0 65 -42 1]
 P 464589 21340 516447 51515662
PT [3 0 66 -42 1]
 P 465619 21340 516455 51635962
PT [3 0 67 -42 1]
 P 467455 21340 516458 51756262
PT [3 0 68 -42 1]
EMPTY QUEUE
 P 469383 21340 516476 51878959
PT [3 0 69 -46 1]
 P 469383 21340 519866 51996862
PT [3 0 70 -46 1]
 P 469383 21340 523256 52117162
PT [3 0 71 -46 1]
 P 469383 21340 526646 52237462
PT [3 0 72 -46 1]
 P 470773 21340 526649 52357762
PT [3 0 73 -46 1]
EMPTY QUEUE
 P 472710 21340 526665 52480619
PT [3 0 74 -49 1]
 P 474644 21340 526673 52598362
PT [3 0 75 -49 1]
 P 474644 21340 530063 52718662
PT [3 0 76 -49 1]
 P 474644 21340 533453 52838962
PT [3 0 77 -49 1]
 P 477559 21340 533457 52959262
PT [3 0 78 -49 1]
EMPTY QUEUE
 P 478147 21340 536855 53081798
PT [3 0 79 -53 1]
 P 480579 21340 536863 53199862
PT [3 0 80 -53 1]
 P 481844 21340 536872 53320162
PT [3 0 81 -53 1]
 P 481844 21340 540262 53440462
PT [3 0 82 -53 1]
 P 483390 21340 540265 53560762
PT [3 0 83 -53 1]
EMPTY QUEUE
 P 483914 21340 543664 53682819
PT [3 0 84 -56 1]
 P 483914 21340 547054 53801362
PT [3 0 85 -56 1]
 P 485263 21340 547062 53921662
PT [3 0 86 -56 1]
 P 486751 21340 547071 54041962
PT [3 0 87 -56 1]
 P 487943 21340 547074 54162262
PT [3 0 88 -56 1]
 P 488925 21340 547077 54282562
PT [3 0 89 -56 1]
EMPTY QUEUE
 P 489481 21340 550476 54405132
PT [3 0 90 -60 1]
 P 489481 21340 553866 54523162
PT [3 0 91 -60 1]
 P 491753 21340 553874 54643462
PT [3 0 92 -60 1]
 P 492667 21340 553882 54763762
PT [3 0 93 -60 1]
 P 494495 21340 553885 54884062
PT [3 0 94 -60 1]
EMPTY QUEUE
 P 495051 21340 557283 55005447
PT [3 0 95 -63 1]
 P 495051 21340 560673 55124662
PT [3 0 96 -63 1]
 P 495051 21340 564063 55244962
PT [3 0 97 -63 1]
 P 496623 21340 564071 55365262
PT [3 0 98 -63 1]
 P 497761 21340 564079 55485562
PT [3 0 99 -63 1]
 P 498647 21340 564082 55605862
PT [3 0 100 -63 1]
EMPTY QUEUE
 P 499173 21340 567480 55727953
PT [3 0 101 -67 1]
 P 499173 21340 570870 55846462
PT [3 0 102 -67 1]
 P 499173 21340 574260 55966762
PT [3 0 103 -67 1]
 P 500205 21340 574268 56087062
PT [3 0 104 -67 1]
 P 502029 21340 574271 56207362
PT [3 0 105 -67 1]
EMPTY QUEUE
 P 503407 21340 576851 56331656
PT [3 0 106 -67 1]
 P 504364 21340 576854 56447962
PT [3 0 107 -67 1]
EMPTY QUEUE
 P 504856 21340 580253 56569923
PT [3 0 108 -72 1]
 P 504856 21340 583643 56688562
PT [3 0 109 -72 1]
 P 504856 21340 587033 56808862
PT [3 0 110 -72 1]
 P 506204 21340 587042 56929162
PT [3 0 111 -72 1]
 P 508026 21340 587045 57049462
PT [3 0 112 -72 1]
EMPTY QUEUE
 P 509890 21340 587062 57170687
PT [3 0 113 -76 1]
 P 510846 21340 587065 57290062
PT [3 0 114 -76 1]
 P 510846 21340 590455 57410362
PT [3 0 115 -76 1]
 P 510846 21340 593845 57530662
PT [3 0 116 -76 1]
 P 510846 21340 597235 57650962
PT [3 0 117 -76 1]
EMPTY QUEUE
 P 512784 21340 597252 57773436
PT [3 0 118 -79 1]
 P 514604 21340 597255 57891562
PT [3 0 119 -79 1]
 P 515913 21340 597263 58011862
PT [3 0 120 -79 1]
 P 515913 21340 600653 58132162
PT [3 0 121 -79 1]
 P 515913 21340 604043 58252462
PT [3 0 122 -79 1]
EMPTY QUEUE
 P 516469 21340 607441 58375607
PT [3 0 123 -82 1]
 P 517844 21340 607444 58493062
PT [3 0 124 -82 1]
 P 519193 21340 607453 58613362
PT [3 0 125 -82 1]
 P 521127 21340 607462 58733662
PT [3 0 126 -82 1]
 P 521127 21340 610852 58853962
PT [3 0 127 -82 1]
EMPTY QUEUE
 P 521619 21340 614251 58975091
PT [3 0 128 -86 1]
 P 524518 21340 614254 59094562
PT [3 0 129 -86 1]
 P 526124 21340 614257 59214862
PT [3 0 130 -86 1]
 P 528556 21340 614266 59335162
PT [3 0 131 -86 1]
 P 529822 21340 614274 59455462
PT [3 0 132 -86 1]
EMPTY QUEUE
 P 529891 21340 620236 59579724
PT [3 0 133 -86 1]
EMPTY QUEUE
 P 530383 21340 623635 59697723
PT [3 0 134 -90 1]
 P 531561 21340 623638 59816362
PT [3 0 135 -90 1]
 P 531561 21340 627028 59936662
PT [3 0 136 -90 1]
 P 532911 21340 627037 60056962
PT [3 0 137 -90 1]
 P 534400 21340 627045 60177262
PT [3 0 138 -90 1]
EMPTY QUEUE
 P 534469 21340 633007 60300564
PT [3 0 139 -90 1]
 P 535966 21340 633010 60417862
PT [3 0 140 -90 1]
EMPTY QUEUE
 P 536458 21340 636408 60539823
PT [3 0 141 -94 1]
 P 536458 21340 639798 60658462
PT [3 0 142 -94 1]
 P 538730 21340 639806 60778762
PT [3 0 143 -94 1]
 P 539644 21340 639815 60899062
PT [3 0 144 -94 1]
 P 542030 21340 639818 61019362
PT [3 0 145 -94 1]
 P 543568 21340 639823 61139662
PT [3 0 146 -94 1]
EMPTY QUEUE
 P 544156 21340 643221 61260919
PT [3 0 147 13 1]
 P 544156 21340 646611 61380262
PT [3 0 148 13 1]
 P 545728 21340 646620 61500562
PT [3 0 149 13 1]
 P 546866 21340 646629 61620862
PT [3 0 150 13 1]
 P 549696 21340 646632 61741162
PT [3 0 151 13 1]
 P 552443 21340 646635 61861462
PT [3 0 152 13 1]
EMPTY QUEUE
 P 553033 21340 650033 61983328
PT [3 0 153 9 1]
 P 553033 21340 653423 62102062
PT [3 0 154 9 1]
 P 554064 21340 653431 62222362
PT [3 0 155 9 1]
 P 556189 21340 653439 62342662
PT [3 0 156 9 1]
 P 559112 21340 653442 62462962
PT [3 0 157 9 1]
 P 560105 21340 653445 62583262
PT [3 0 158 9 1]
EMPTY QUEUE
 P 560630 21340 656843 62704519
PT [3 0 159 5 1]
 P 560630 21340 660233 62823862
PT [3 0 160 5 1]
 P 561438 21340 660241 62944162
PT [3 0 161 5 1]
 P 561438 21340 663631 63064462
PT [3 0 162 5 1]
 P 562747 21340 663640 63184762
PT [3 0 163 5 1]
 P 563708 21340 663643 63305062
PT [3 0 164 5 1]
EMPTY QUEUE
 P 564264 21340 667042 63428239
PT [3 0 0 1 1]
EMPTY QUEUE
 P 564756 21340 670440 63547483
PT [3 0 1 1 1]
 P 564756 21340 673830 63665962
PT [3 0 2 1 1]
 P 566105 21340 673838 63786262
PT [3 0 3 1 1]
 P 567910 21340 673841 63906562
PT [3 0 4 1 1]
 P 569219 21340 673849 64026862
PT [3 0 5 1 1]
EMPTY QUEUE
 P 569743 21340 677248 64148343
PT [3 0 6 -3 1]
 P 569743 21340 680638 64267462
PT [3 0 7 -3 1]
 P 569743 21340 684028 64387762
PT [3 0 8 -3 1]
 P 571102 21340 684031 64508062
PT [3 0 9 -3 1]
 P 571102 21340 687421 64628362
PT [3 0 10 -3 1]
EMPTY QUEUE
 P 572956 21340 687439 64750291
PT [3 0 11 -6 1]
 P 572956 21340 690829 64868962
PT [3 0 12 -6 1]
 P 572956 21340 694219 64989262
PT [3 0 13 -6 1]
 P 575841 21340 694222 65109562
PT [3 0 14 -6 1]
 P 577432 21340 694226 65229862
PT [3 0 15 -6 1]
EMPTY QUEUE
 P 578849 21340 696807 65353836
PT [3 0 16 -6 1]
EMPTY QUEUE
 P 581274 21340 696824 65471643
PT [3 0 17 -10 1]
 P 581274 21340 700214 65590762
PT [3 0 18 -10 1]
 P 581274 21340 703604 65711062
PT [3 0 19 -10 1]
 P 582437 21340 703607 65831362
PT [3 0 20 -10 1]
 P 582437 21340 706997 65951662
PT [3 0 21 -10 1]
EMPTY QUEUE
 P 585427 21340 707014 66072889
PT [3 0 22 -14 1]
 P 586691 21340 707023 66192262
PT [3 0 23 -14 1]
 P 586691 21340 710413 66312562
PT [3 0 24 -14 1]
 P 588172 21340 710417 66432862
PT [3 0 25 -14 1]
 P 588172 21340 713807 66553162
PT [3 0 26 -14 1]
EMPTY QUEUE
 P 588792 21340 717206 66675667
PT [3 0 27 -17 1]
 P 590140 21340 717215 66793762
PT [3 0 28 -17 1]
 P 591627 21340 717224 66914062
PT [3 0 29 -17 1]
 P 593997 21340 717227 67034362
PT [3 0 30 -17 1]
 P 595521 21340 717230 67154662
PT [3 0 31 -17 1]
EMPTY QUEUE
 P 596109 21340 720628 67277487
PT [3 0 32 -20 1]
 P 596109 21340 724018 67395262
PT [3 0 33 -20 1]
 P 598382 21340 724027 67515562
PT [3 0 34 -20 1]
 P 599297 21340 724036 67635862
PT [3 0 35 -20 1]
 P 602111 21340 724039 67756162
PT [3 0 36 -20 1]
 P 604842 21340 724042 67876462
PT [3 0 37 -20 1]
EMPTY QUEUE
 P 605431 21340 727440 67999512
PT [3 0 38 -24 1]
 P 605431 21340 730830 68117062
PT [3 0 39 -24 1]
 P 607002 21340 730839 68237362
PT [3 0 40 -24 1]
 P 608139 21340 730848 68357662
PT [3 0 41 -24 1]
 P 611047 21340 730851 68477962
PT [3 0 42 -24 1]
 P 612025 21340 730854 68598262
PT [3 0 43 -24 1]
EMPTY QUEUE
 P 612549 21340 734252 68720831
PT [3 0 44 -28 1]
 P 612549 21340 737642 68838862
PT [3 0 45 -28 1]
 P 613579 21340 737650 68959162
PT [3 0 46 -28 1]
 P 615704 21340 737658 69079462
PT [3 0 47 -28 1]
 P 617592 21340 737661 69199762
PT [3 0 48 -28 1]
EMPTY QUEUE
 P 618086 21340 741059 69322780
PT [3 0 49 -31 1]
 P 618086 21340 744449 69440362
PT [3 0 50 -31 1]
 P 618086 21340 747839 69560662
PT [3 0 51 -31 1]
 P 618894 21340 747847 69680962
PT [3 0 52 -31 1]
 P 619714 21340 747855 69801262
PT [3 0 53 -31 1]
 P 620564 21340 747858 69921562
PT [3 0 54 -31 1]
EMPTY QUEUE
 P 621056 21340 751257 70043395
PT [3 0 55 -36 1]
 P 621056 21340 754647 70162162
PT [3 0 56 -36 1]
 P 621056 21340 758037 70282462
PT [3 0 57 -36 1]
 P 623010 21340 758045 70402762
PT [3 0 58 -36 1]
 P 624657 21340 758053 70523062
PT [3 0 59 -36 1]
 P 625597 21340 758056 70643362
PT [3 0 60 -36 1]
EMPTY QUEUE
 P 626121 21340 761455 70765963
PT [3 0 61 -40 1]
 P 626121 21340 764845 70883962
PT [3 0 62 -40 1]
 P 626121 21340 768235 71004262
PT [3 0 63 -40 1]
 P 628904 21340 768243 71124562
PT [3 0 64 -40 1]
 P 630042 21340 768252 71244862
PT [3 0 65 -40 1]
 P 630982 21340 768256 71365162
PT [3 0 66 -40 1]
EMPTY QUEUE
 P 631506 21340 771655 71487859
PT [3 0 67 -44 1]
 P 631506 21340 775045 71605762
PT [3 0 68 -44 1]
 P 631506 21340 778435 71726062
PT [3 0 69 -44 1]
 P 633365 21340 778444 71846362
PT [3 0 70 -44 1]
 P 634217 21340 778452 71966662
PT [3 0 71 -44 1]
 P 635153 21340 778455 72086962
PT [3 0 72 -44 1]
EMPTY QUEUE
 P 635677 21340 781854 72208603
PT [3 0 73 -48 1]
 P 635677 21340 785244 72327562
PT [3 0 74 -48 1]
 P 635677 21340 788634 72447862
PT [3 0 75 -48 1]
 P 637790 21340 788642 72568162
PT [3 0 76 -48 1]
 P 639574 21340 788645 72688462
PT [3 0 77 -48 1]
EMPTY QUEUE
 P 641374 21340 788662 72811447
PT [3 0 78 -51 1]
 P 641374 21340 792052 72929062
PT [3 0 79 -51 1]
 P 641374 21340 795442 73049362
PT [3 0 80 -51 1]
 P 641374 21340 798832 73169662
PT [3 0 81 -51 1]
 P 642712 21340 798835 73289962
PT [3 0 82 -51 1]
 P 643553 21340 798838 73410262
PT [3 0 83 -51 1]
 P 644375 21340 798841 73530562
PT [3 0 84 -51 1]
 P 645179 21340 798844 73650862
PT [3 0 85 -51 1]
 P 645963 21340 798847 73771162
PT [3 0 86 -51 1]
 P 646728 21340 798850 73891462
PT [3 0 87 -51 1]
 P 647474 21340 798853 74011762
PT [3 0 88 -51 1]
 P 648201 21340 798856 74132062
PT [3 0 89 -51 1]
 P 648909 21340 798859 74252362
PT [3 0 90 -51 1]
EMPTY QUEUE
 P 650589 21340 798877 74373747
PT [3 0 91 -60 1]
 P 650589 21340 802267 74492962
PT [3 0 92 -60 1]
 P 650589 21340 805657 74613262
PT [3 0 93 -60 1]
 P 650589 21340 809047 74733562
PT [3 0 94 -60 1]
 P 652367 21340 809050 74853862
PT [3 0 95 -60 1]
EMPTY QUEUE
 P 654210 21340 809066 74975182
PT [3 0 96 -64 1]
 P 655121 21340 809069 75094462
PT [3 0 97 -64 1]
 P 656430 21340 809078 75214762
PT [3 0 98 -64 1]
 P 656430 21340 812468 75335062
PT [3 0 99 -64 1]
 P 656430 21340 815858 75455362
PT [3 0 100 -64 1]
EMPTY QUEUE
 P 656922 21340 819257 75578155
PT [3 0 101 -67 1]
 P 658698 21340 819260 75695962
PT [3 0 102 -67 1]
 P 660047 21340 819268 75816262
PT [3 0 103 -67 1]
 P 661981 21340 819276 75936562
PT [3 0 104 -67 1]
 P 661981 21340 822666 76056862
PT [3 0 105 -67 1]
EMPTY QUEUE
 P 662537 21340 826064 76179175
PT [3 0 106 -70 1]
 P 663867 21340 826067 76297462
PT [3 0 107 -70 1]
 P 666611 21340 826070 76417762
PT [3 0 108 -70 1]
 P 669044 21340 826078 76538062
PT [3 0 109 -70 1]
 P 670310 21340 826087 76658362
PT [3 0 110 -70 1]
EMPTY QUEUE
 P 670898 21340 829486 76780547
PT [3 0 111 -74 1]
 P 670898 21340 832876 76898962
PT [3 0 112 -74 1]
 P 672274 21340 832879 77019262
PT [3 0 113 -74 1]
 P 672274 21340 836269 77139562
PT [3 0 114 -74 1]
 P 673623 21340 836277 77259862
PT [3 0 115 -74 1]
EMPTY QUEUE
 P 675667 21340 836296 77381727
PT [3 0 116 -77 1]
 P 675667 21340 839686 77500462
PT [3 0 117 -77 1]
 P 676687 21340 839689 77620762
PT [3 0 118 -77 1]
 P 676687 21340 843079 77741062
PT [3 0 119 -77 1]
 P 676687 21340 846469 77861362
PT [3 0 120 -77 1]
EMPTY QUEUE
 P 679452 21340 846485 77983355
PT [3 0 121 -80 1]
 P 680367 21340 846493 78101962
PT [3 0 122 -80 1]
 P 681705 21340 846497 78222262
PT [3 0 123 -80 1]
 P 681705 21340 849887 78342562
PT [3 0 124 -80 1]
 P 681705 21340 853277 78462862
PT [3 0 125 -80 1]
EMPTY QUEUE
 P 682197 21340 856676 78584535
PT [3 0 126 -84 1]
