47315 R 143.0 1 1 449 1
47334 R 233.0 1 2 427 2
47781 R 188.0 1 1 910 3
47877 R 188.0 2 1 366 4
47972 R 28.0 1 2 1877 5
47991 R 28.0 2 2 421 6
48250 R 188.0 3 1 98 7
48273 R 28.0 3 2 63 8
48723 R 143.0 2 1 1217 9
48818 R 143.0 3 1 672 10
48837 R 233.0 2 2 1290 11
48864 R 143.0 4 1 78 12
48884 R 233.0 3 2 697 13
49192 R 188.0 4 1 401 14
49214 R 28.0 4 2 365 15
49665 R 143.0 5 1 239 16
49755 R 233.0 4 2 929 17
49781 R 233.0 5 2 314 18
50132 R 188.0 5 1 701 19
50155 R 188.0 6 1 84 20
50179 R 28.0 5 2 690 21
50600 R 28.0 6 2 471 22
51069 R 188.0 7 1 358 23
51542 R 143.0 6 1 1476 24
51567 R 143.0 7 1 860 25
51593 R 143.0 8 1 246 26
52010 R 188.0 8 1 658 27
52102 R 188.0 9 1 111 28
52201 R 28.0 7 2 1432 29
52222 R 28.0 8 2 813 30
52251 R 28.0 9 2 202 31
52479 R 143.0 9 1 493 32
52573 R 233.0 6 2 2466 33
52673 R 233.0 7 2 1925 34
52762 R 143.0 10 1 136 35
52858 R 233.0 8 2 1471 36
52948 R 188.0 10 1 317 37
53073 R 28.0 10 2 501 38
53093 R 195.170 1 3 546 39
53425 R 188.0 11 1 153 40
53519 R 28.0 11 2 189 41
53538 R 195.170 2 3 298 42
53891 R 233.0 9 2 1865 43
53915 R 233.0 10 2 1248 44
53943 R 143.0 11 1 677 45
53960 R 143.0 12 1 54 46
54361 R 188.0 12 1 449 47
54452 R 28.0 12 2 483 48
54481 R 195.170 3 3 496 49
54833 R 143.0 13 1 287 50
54929 R 233.0 11 2 1622 51
55023 R 233.0 12 2 1075 52
55114 R 233.0 13 2 527 53
55304 R 188.0 13 1 753 54
55397 R 188.0 14 1 206 55
55487 R 28.0 13 2 877 56
55513 R 28.0 14 2 263 57
55537 R 195.170 4 3 808 58
55772 R 31.219 1 3 2960 59
55867 R 143.0 14 1 681 60
55960 R 31.219 2 3 2499 61
56051 R 143.0 15 1 224 62
56147 R 31.219 3 3 2036 63
56243 R 188.0 15 1 412 64
56336 R 28.0 15 2 445 65
56426 R 195.170 5 3 952 66
56455 R 195.170 6 3 331 67
56711 R 31.219 4 3 1949 68
56736 R 233.0 14 2 1508 69
56762 R 31.219 5 3 1287 70
56783 R 143.0 16 1 317 71
57180 R 188.0 16 1 708 72
57275 R 188.0 17 1 164 73
57369 R 28.0 16 2 840 74
57397 R 195.170 7 3 539 75
57414 R 28.0 17 2 245 76
57652 R 195.170 8 3 103 77
58121 R 143.0 17 1 1015 78
58212 R 143.0 18 1 466 79
58309 R 233.0 15 2 2443 80
58404 R 233.0 16 2 1896 81
58496 R 31.219 6 3 2275 82
58595 R 233.0 17 2 1449 83
58684 R 143.0 19 1 298 84
58779 R 233.0 18 2 992 85
58871 R 31.219 7 3 1853 86
58899 R 31.219 8 3 1232 87
59064 R 188.0 18 1 1313 88
59158 R 188.0 19 1 767 89
59339 R 188.0 20 1 526 90
59435 R 28.0 18 2 1625 91
59532 R 233.0 19 2 1104 92
59621 R 31.219 9 3 1272 93
59647 R 143.0 20 1 621 94
59670 R 233.0 20 2 603 95
59693 R 31.219 10 3 598 96
59717 R 143.0 21 1 51 97
60004 R 233.0 21 2 297 98
60468 R 28.0 19 2 2018 99
60567 R 195.170 9 3 2220 100
60608 R 28.0 20 2 2789 101
60634 R 195.170 10 3 1637 102
60656 R 188.0 21 1 985 103
60683 R 188.0 22 1 372 104
60702 R 28.0 21 2 972 105
60942 R 28.0 22 2 572 106
61407 R 188.0 23 1 456 107
61437 R 195.170 11 3 1654 108
61461 R 195.170 12 3 986 109
61481 R 28.0 23 2 472 110
61506 R 195.170 13 3 338 111
61878 R 31.219 11 3 2094 112
61971 R 143.0 22 1 1665 113
62070 R 143.0 23 1 1123 114
62166 R 143.0 24 1 580 115
62253 R 233.0 22 2 1906 116
62348 R 188.0 24 1 757 117
62443 R 188.0 25 1 212 118
62537 R 28.0 24 2 888 119
62561 R 28.0 25 2 272 120
62582 R 195.170 14 3 670 121
62821 R 195.170 15 3 215 122
63292 R 188.0 26 1 421 123
63315 R 28.0 26 2 386 124
63758 R 188.0 27 1 247 125
63855 R 28.0 27 2 286 126
63881 R 195.170 16 3 532 127
64233 R 233.0 23 2 3246 128
64324 R 233.0 24 2 2698 129
64421 R 31.219 12 3 3787 130
64516 R 143.0 25 1 2289 131
64608 R 31.219 13 3 3322 132
64697 R 188.0 28 1 546 133
64791 R 28.0 28 2 582 134
64814 R 195.170 17 3 721 135
64844 R 188.0 29 1 52 136
65169 R 143.0 26 1 2303 137
65261 R 143.0 27 1 1754 138
65289 R 143.0 28 1 1143 139
65311 R 233.0 25 2 3045 140
65337 R 233.0 26 2 2430 141
65360 R 233.0 27 2 1813 142
65383 R 233.0 28 2 1196 143
65407 R 31.219 14 3 3231 144
65426 R 143.0 29 1 640 145
65452 R 31.219 15 3 2624 146
65476 R 143.0 30 1 50 147
65638 R 188.0 30 1 207 148
65734 R 28.0 29 2 885 149
65828 R 28.0 30 2 338 150
65919 R 195.170 18 3 1829 151
65944 R 195.170 19 3 445 152
66111 R 143.0 31 1 45 153
66204 R 31.219 16 3 2728 154
66295 R 31.219 17 3 2169 155
66392 R 233.0 29 2 1564 156
66486 R 31.219 18 3 1646 157
66576 R 188.0 31 1 505 158
67046 R 188.0 32 1 335 159
67519 R 233.0 30 2 2052 160
67618 R 143.0 32 1 911 161
67706 R 143.0 33 1 360 162
67801 R 31.219 19 3 2216 163
67894 R 233.0 31 2 1788 164
67987 R 188.0 33 1 636 165
68080 R 28.0 31 2 1951 166
68178 R 188.0 34 1 187 167
68275 R 195.170 20 3 2053 168
68362 R 28.0 32 2 1593 169
68463 R 195.170 21 3 1547 170
68553 R 28.0 33 2 1143 171
68650 R 195.170 22 3 1489 172
68738 R 28.0 34 2 688 173
68764 R 188.0 35 1 133 174
68932 R 233.0 32 2 2185 175
69021 R 233.0 33 2 1635 176
69116 R 31.219 20 3 2734 177
69209 R 143.0 34 1 1222 178
69307 R 143.0 35 1 681 179
69396 R 31.219 21 3 2364 180
69491 R 233.0 34 2 1464 181
69518 R 233.0 35 2 851 182
69537 R 31.219 22 3 1718 183
69565 R 143.0 36 1 298 184
69588 R 31.219 23 3 1119 185
69609 R 233.0 36 2 303 186
69638 R 31.219 24 3 488 187
69870 R 188.0 36 1 599 188
70056 R 195.170 23 3 1818 189
70153 R 188.0 37 1 242 190
70241 R 28.0 35 2 1552 191
70336 R 143.0 37 1 429 192
70436 R 233.0 37 2 489 193
70461 R 31.219 25 3 565 194
70811 R 143.0 38 1 264 195
70900 R 233.0 38 2 314 196
70930 R 31.219 26 3 344 197
71283 R 28.0 36 2 1953 198
71374 R 195.170 24 3 2227 199
71464 R 195.170 25 3 1666 200
71560 R 188.0 38 1 1009 201
71654 R 188.0 39 1 463 202
71751 R 143.0 39 1 565 203
71842 R 233.0 39 2 615 204
71863 R 31.219 27 3 531 205
71892 R 143.0 40 1 65 206
72215 R 28.0 37 2 2245 207
72244 R 28.0 38 2 1635 208
72266 R 195.170 26 3 1681 209
72292 R 28.0 39 2 1043 210
72315 R 195.170 27 3 1080 211
72337 R 188.0 40 1 506 212
72361 R 28.0 40 2 472 213
72688 R 188.0 41 1 217 214
72786 R 28.0 41 2 257 215
73158 R 195.170 28 3 1137 216
73179 R 188.0 42 1 68 217
73207 R 195.170 29 3 494 218
73629 R 143.0 41 1 1163 219
73655 R 143.0 42 1 548 220
74100 R 143.0 43 1 354 221
74194 R 233.0 40 2 2328 222
74569 R 188.0 43 1 818 223
74661 R 188.0 44 1 270 224
74759 R 28.0 42 2 1589 225
74846 R 195.170 30 3 1441 226
74948 R 28.0 43 2 1138 227
75038 R 143.0 44 1 652 228
75136 R 233.0 41 2 2629 229
75223 R 143.0 45 1 197 230
75317 R 233.0 42 2 2171 231
75417 R 233.0 43 2 1631 232
75510 R 28.0 44 2 1060 233
75599 R 195.170 31 3 1449 234
75977 R 188.0 45 1 946 235
75999 R 28.0 45 2 909 236
76026 R 195.170 32 3 1131 237
76045 R 188.0 46 1 374 238
76073 R 28.0 46 2 344 239
76447 R 188.0 47 1 136 240
76544 R 28.0 47 2 175 241
76632 R 195.170 33 3 993 242
76663 R 195.170 34 3 373 243
76916 R 31.219 28 3 4683 244
77012 R 31.219 29 3 4129 245
77106 R 143.0 46 1 1440 246
77198 R 143.0 47 1 891 247
77295 R 31.219 30 3 3761 248
77391 R 143.0 48 1 445 249
77485 R 31.219 31 3 3301 250
77577 R 233.0 44 2 3149 251
77666 R 31.219 32 3 2769 252
77762 R 233.0 45 2 2695 253
77856 R 233.0 46 2 2150 254
77956 R 233.0 47 2 1608 255
78045 R 31.219 33 3 2300 256
78067 R 143.0 49 1 481 257
78094 R 31.219 34 3 1697 258
78113 R 233.0 48 2 1126 259
78141 R 31.219 35 3 1063 260
78164 R 233.0 49 2 537 261
78328 R 188.0 48 1 1377 262
78424 R 188.0 49 1 833 263
78519 R 188.0 50 1 288 264
78612 R 28.0 48 2 1602 265
78703 R 28.0 49 2 1054 266
78802 R 31.219 36 3 1031 267
78894 R 143.0 50 1 668 268
78912 R 233.0 50 2 645 269
79269 R 195.170 35 3 2141 270
79291 R 28.0 50 2 1001 271
79741 R 31.219 37 3 1226 272
80207 R 195.170 36 3 2428 273
80677 R 195.170 37 3 2164 274
80698 R 195.170 38 3 1535 275
80725 R 195.170 39 3 828 276
80744 R 195.170 40 3 154 277
81149 R 31.219 38 3 1889 278
81174 R 31.219 39 3 1117 279
81621 R 31.219 40 3 915 280
82558 R 195.170 41 3 1121 281
83031 R 195.170 42 3 943 282
83499 R 31.219 41 3 1901 283
83963 R 195.170 43 3 1193 284
83993 R 195.170 44 3 478 285
84437 R 195.170 45 3 230 286
84906 R 31.219 42 3 2512 287
85379 R 195.170 46 3 428 288
85850 R 195.170 47 3 206 289
86318 R 31.219 43 3 3274 290
86788 R 31.219 44 3 3093 291
86808 R 31.219 45 3 2462 292
86833 R 31.219 46 3 1838 293
86858 R 31.219 47 3 1053 294
87258 R 195.170 48 3 817 295
87728 R 31.219 48 3 1181 296
88195 R 195.170 49 3 1104 297
88668 R 195.170 50 3 792 298
89136 R 31.219 49 3 1939 299
89603 R 31.219 50 3 1619 300
