using saved target 'z1'
../../../../contiki/tools/sky/serialdump-linux -b115200 /dev/ttyUSB0
connecting to /dev/ttyUSB0 (115200) [OK]
Rime started with address 1.0
MAC 01:00:00:00:00:00:00:00 Ref ID: 4841
Contiki-3.x-2125-g5d67a61 started. Node id is set to 1.

************************************************
RTIMER_SECOND = 32768. F_CPU=8000000.
CLOCK_SECOND=128.
DURSLOT = 6015.(0.1835 s).
DURSLEEP = 114285.
DURCYCLE = 120300 .(3.6712 s).
MAX_CLOCK_DRIFT = WAKEUP_ADVANCE_TIME = 327 (0.0033 s).
PERIODIC_BCAST_CYCLES_SENSOR = 4152295427.
PERIODIC_BCAST_CYCLES_SINK = 4152295427.
MAX_CYCLE_COUNTER = 27904.
MAX_COUNT_NO_RTS_CTS = 65535.
MAX_CHILD_NUM = 10.
MAX_TRY_TO_FIND_PARENT = 3.

**********Below is Related Settings**********
PRIMAC_CONF_COMPOWER = 1.
PRIMAC_CONF_COMPOWER_SUPPORT = 1.
SF = 18.
PRI_SYNC_SUPPORT = 1.
RANDOM_DRIFT_IN_COOJA_SUPPORT = 0.
ADCSC_SUPPORT = 1.
DATA_TX_SUPPORT = 1.
CYCLES_PER_PACKET = 2.
DATA_INTERVAL = 9.
RETX_LIMIT = 6.
TOTAL_DATA_NUM = -1.
MAX_DATA_QUEUE_BUFS = 10.
PROC_GRADE_BASED_ON_ADDR_SUPPORT = 1.
NODES_NUM_PER_GRADE = 2.
ADDRESS_FREE_SUPPORT = 1.
IS_COOJA_SIM = 0.
CROSS_PLATFORM_SUPPORT = 1.
************************************************

My address is 1.0.
nullmac PRIMAC, channel check rate 8 Hz, radio channel 26
Starting
Hello, world
 P 0 0 62 58072
 P 0 0 3452 177341
 P 0 0 6842 297641
 P 0 0 10232 417941
 P 0 0 13622 538241
EMPTY QUEUE
 P 69 0 17014 660540
 P 69 0 20404 778841
 P 69 0 23794 899141
 P 69 0 27184 1019441
 P 69 0 30574 1139741
EMPTY QUEUE
 P 138 0 33966 1260536
 P 138 0 37356 1380341
 P 138 0 40746 1500641
 P 138 0 44136 1620941
 P 138 0 47526 1741241
EMPTY QUEUE
 P 207 0 50918 1861940
 P 207 0 54308 1981841
 P 207 0 57698 2102141
 P 207 0 61088 2222441
 P 2505 0 62180 2342741
EMPTY QUEUE
 P 2574 0 65572 2465264
 P 2574 0 68962 2583341
 P 2574 0 72352 2703641
 P 2574 0 75742 2823941
rcv bro rts
 P 3605 0 75782 2944241
rcv bro rts
EMPTY QUEUE
 P 4702 0 75824 3066924
 P 4702 0 79214 3184841
 P 4702 0 82604 3305141
 P 4702 0 85994 3425441
 P 6406 0 86002 3545741
EMPTY QUEUE
 P 8174 0 86012 3667432
 P 8174 0 89402 3786341
 P 8174 0 92792 3906641
 P 8174 0 96182 4026941
 P 10327 0 96190 4147241
EMPTY QUEUE
 P 12542 0 96200 4269348
 P 12542 0 99590 4387841
 P 12542 0 102980 4508141
 P 12542 0 106370 4628441
 P 14633 0 106378 4748741
EMPTY QUEUE
 P 16783 0 106388 4871136
 P 16783 0 109778 4989341
 P 16783 0 113168 5109641
 P 16783 0 116558 5229941
 P 18298 0 116565 5350241
EMPTY QUEUE
 P 19871 0 116575 5471260
 P 19871 0 119965 5590841
 P 19871 0 123355 5711141
 P 19871 0 126745 5831441
 P 22346 0 126753 5951741
EMPTY QUEUE
 P 24878 0 126763 6074328
 P 24878 0 130153 6192341
 P 24878 0 133543 6312641
 P 24878 0 136933 6432941
 P 25754 0 136941 6553241
EMPTY QUEUE
 P 26685 0 136951 6674708
 P 26685 0 140341 6793841
 P 26685 0 143731 6914141
 P 26685 0 147121 7034441
 P 29385 0 147129 7154741
EMPTY QUEUE
 P 29454 0 150521 7277008
 P 32299 0 150528 7395341
 P 32299 0 153918 7515641
 P 32299 0 157308 7635941
 P 34168 0 157316 7756241
EMPTY QUEUE
 P 34237 0 160708 7877644
 P 34237 0 164098 7996841
 P 36504 0 164106 8117141
 P 36504 0 167496 8237441
 P 36504 0 170886 8357741
EMPTY QUEUE
 P 39147 0 170896 8479176
 P 39147 0 174286 8598341
 P 39147 0 177676 8718641
 P 40325 0 177684 8838941
 P 40325 0 181074 8959241
EMPTY QUEUE
 P 40394 0 184466 9080068
 P 43161 0 184474 9199841
 P 43161 0 187864 9320141
 P 43161 0 191254 9440441
 P 44785 0 191262 9560741
EMPTY QUEUE
 P 44854 0 194654 9682880
 P 44854 0 198044 9801341
 P 47302 0 198052 9921641
 P 47302 0 201442 10041941
 P 47302 0 204832 10162241
EMPTY QUEUE
 P 48930 0 204842 10284028
 P 48930 0 208232 10402841
 P 48930 0 211622 10523141
 P 50546 0 211630 10643441
 P 50546 0 215020 10763741
EMPTY QUEUE
 P 50615 0 218412 10886072
 P 51597 0 218420 11004341
 P 51597 0 221810 11124641
 P 51597 0 225200 11244941
 P 53918 0 225208 11365241
EMPTY QUEUE
 P 53987 0 228600 11487476
 P 53987 0 231990 11605841
 P 55927 0 231998 11726141
 P 55927 0 235388 11846441
 P 55927 0 238778 11966741
EMPTY QUEUE
 P 58510 0 238788 12088752
47784 R 188.0 1 1 372 1
47808 R 28.0 1 2 372 2
48254 R 143.0 1 1 878 3
48278 R 233.0 1 2 871 4
48722 R 143.0 2 1 194 5
48747 R 233.0 2 2 188 6
49191 R 188.0 2 1 626 7
 P 71739 1904 238845 12568241
49663 R 28.0 2 2 1075 8
 P 73774 2176 238853 12688541
50134 R 188.0 3 1 418 9
50153 R 28.0 3 2 412 10
50606 R 143.0 3 1 926 11
 P 79518 2991 238878 12929141
51069 R 143.0 4 1 237 12
 P 80657 3264 238886 13049441
51163 R 233.0 3 2 1452 13
51187 R 233.0 4 2 324 14
51542 R 188.0 4 1 674 15
EMPTY QUEUE
 P 84160 4081 238913 13171612
52015 R 143.0 5 1 31 16
 P 86707 4353 238921 13290041
52480 R 233.0 5 2 466 17
 P 88167 4626 238928 13410341
52949 R 188.0 5 1 929 18
 P 89240 4898 238936 13530641
53046 R 28.0 4 2 2153 19
53068 R 28.0 5 2 1023 20
53422 R 143.0 6 1 286 21
 P 93696 5712 238962 13650941
53516 R 233.0 6 2 349 22
53543 R 31.219 1 3 439 23
53892 R 188.0 6 1 720 24
EMPTY QUEUE
 P 99728 6528 238990 13772120
53986 R 28.0 6 2 789 25
54013 R 195.170 1 3 848 26
54361 R 143.0 7 1 72 27
54387 R 233.0 7 2 68 28
54835 R 31.219 2 3 423 29
 P 109882 7889 239029 14011841
55300 R 188.0 7 1 976 30
 P 111402 8160 239038 14132141
55395 R 28.0 7 2 1047 31
55422 R 195.170 2 3 948 32
55774 R 143.0 8 1 334 33
 P 117713 8977 239063 14252441
55866 R 233.0 8 2 395 34
55887 R 31.219 3 3 218 35
56244 R 188.0 8 1 768 36
 P 122972 9793 239085 14372741
56336 R 28.0 8 2 835 37
56357 R 195.170 3 3 626 38
56710 R 188.0 9 1 82 39
56733 R 28.0 9 2 80 40
57180 R 143.0 9 1 588 41
EMPTY QUEUE
 P 129632 11153 239126 14614636
57273 R 233.0 9 2 649 42
57297 R 31.219 4 3 318 43
 P 131485 11696 242534 14733641
58119 R 188.0 10 1 339 44
 P 132780 11968 242542 14853941
58219 R 28.0 10 2 413 45
58235 R 195.170 4 3 1145 46
58588 R 195.170 5 3 293 47
 P 137099 12784 242564 14974241
59065 R 143.0 10 1 1320 48
 P 139904 13056 242572 15094541
59154 R 143.0 11 1 258 49
59250 R 233.0 10 2 1475 50
59269 R 233.0 11 2 341 51
59297 R 31.219 5 3 959 52
59527 R 188.0 11 1 595 53
59555 R 28.0 11 2 598 54
59999 R 195.170 6 3 395 55
EMPTY QUEUE
 P 149665 14959 242632 15336724
60469 R 143.0 12 1 421 56
 P 151191 15230 242641 15455441
60567 R 233.0 12 2 488 57
60585 R 31.219 6 3 937 58
60943 R 188.0 12 1 859 59
 P 156450 16044 242667 15575741
61031 R 28.0 12 2 923 60
61061 R 195.170 7 3 201 61
61414 R 143.0 13 1 214 62
 P 162020 16860 242691 15696041
61505 R 233.0 13 2 273 63
61530 R 31.219 7 3 625 64
61880 R 188.0 13 1 644 65
61906 R 28.0 13 2 645 66
62348 R 195.170 8 3 180 67
 P 170466 18220 242733 15936641
62819 R 188.0 14 1 431 68
62846 R 28.0 14 2 433 69
63288 R 143.0 14 1 935 70
EMPTY QUEUE
 P 175439 19037 242759 16179496
63383 R 233.0 14 2 1000 71
63410 R 31.219 8 3 1146 72
63759 R 188.0 15 1 219 73
 P 180475 19853 242785 16297541
63856 R 28.0 15 2 292 74
63878 R 195.170 9 3 401 75
64229 R 143.0 15 1 725 76
 P 185660 20666 242812 16417841
64326 R 233.0 15 2 792 77
64348 R 31.219 9 3 827 78
64702 R 188.0 16 1 10 79
 P 191784 21480 242837 16538141
65171 R 143.0 16 1 514 80
 P 193855 21752 242845 16658441
65265 R 233.0 16 2 578 81
65285 R 31.219 10 3 507 82
65641 R 28.0 16 2 925 83
EMPTY QUEUE
 P 198831 22569 242871 16780516
66107 R 143.0 17 1 298 84
 P 199910 22841 242879 16899041
66206 R 233.0 17 2 368 85
66227 R 31.219 11 3 193 86
66579 R 195.170 10 3 1741 87
 P 205363 23659 242902 17019341
66677 R 188.0 17 1 833 88
66699 R 28.0 17 2 830 89
66718 R 195.170 11 3 623 90
67050 R 143.0 18 1 90 91
67073 R 233.0 18 2 82 92
67519 R 31.219 12 3 176 93
 P 215841 25291 242953 17259941
67986 R 188.0 18 1 990 94
 P 216875 25562 242962 17380241
68086 R 28.0 18 2 1066 95
68107 R 195.170 12 3 703 96
68460 R 188.0 19 1 312 97
68483 R 28.0 19 2 310 98
68927 R 143.0 19 1 815 99
EMPTY QUEUE
 P 225340 26921 243007 17621496
69025 R 233.0 19 2 882 100
69046 R 31.219 13 3 395 101
69399 R 188.0 20 1 99 102
 P 230471 27737 243031 17741141
69491 R 28.0 20 2 167 103
69515 R 195.170 13 3 803 104
69867 R 143.0 20 1 603 105
69896 R 233.0 20 2 600 106
70338 R 195.170 14 3 370 107
 P 237983 29099 243071 17981741
70810 R 143.0 21 1 393 108
 P 240024 29370 243080 18102041
70899 R 233.0 21 2 453 109
70925 R 31.219 14 3 912 110
71277 R 188.0 21 1 825 111
 P 243205 30186 243105 18222341
71376 R 28.0 21 2 900 112
71397 R 195.170 15 3 172 113
71746 R 143.0 22 1 178 114
EMPTY QUEUE
 P 248391 31002 243129 18344096
71845 R 233.0 22 2 247 115
71870 R 31.219 15 3 601 116
72215 R 188.0 22 1 611 117
72241 R 28.0 22 2 613 118
72686 R 195.170 16 3 152 119
 P 256092 32362 243170 18583241
73158 R 143.0 23 1 438 120
 P 257814 32634 243177 18703541
73254 R 233.0 23 2 504 121
73272 R 31.219 16 3 694 122
73630 R 188.0 23 1 874 123
73656 R 28.0 23 2 875 124
74098 R 188.0 24 1 190 125
 P 266698 33995 243218 18944141
74193 R 28.0 24 2 260 126
74212 R 195.170 17 3 370 127
74569 R 143.0 24 1 697 128
 P 271172 34812 243243 19064441
74666 R 233.0 24 2 763 129
74688 R 31.219 17 3 802 130
75035 R 143.0 25 1 11 131
EMPTY QUEUE
 P 276905 35626 243271 19185332
75509 R 188.0 25 1 449 132
 P 278992 35898 243278 19305041
75981 R 233.0 25 2 926 133
 P 281706 36171 246676 19425341
76450 R 31.219 18 3 1254 134
76474 R 143.0 26 1 298 135
76493 R 233.0 26 2 285 136
76917 R 28.0 25 2 1832 137
 P 288816 37260 246709 19665941
77013 R 195.170 18 3 1863 138
77032 R 188.0 26 1 819 139
77060 R 28.0 26 2 823 140
77083 R 195.170 19 3 624 141
77387 R 143.0 27 1 59 142
77414 R 31.219 19 3 910 143
77857 R 233.0 27 2 499 144
 P 300055 39163 246772 19906541
78331 R 188.0 27 1 967 145
EMPTY QUEUE
 P 302913 39435 246782 20027464
78418 R 28.0 27 2 1029 146
78441 R 195.170 20 3 673 147
78800 R 143.0 28 1 319 148
 P 306360 40252 246806 20147141
78894 R 233.0 28 2 383 149
78917 R 31.219 20 3 1105 150
79271 R 188.0 28 1 755 151
 P 313477 41069 246831 20267441
79363 R 28.0 28 2 822 152
79388 R 195.170 21 3 364 153
79741 R 188.0 29 1 73 154
79760 R 28.0 29 2 68 155
80209 R 143.0 29 1 577 156
 P 323968 42429 246870 20508041
80301 R 233.0 29 2 638 157
80326 R 31.219 21 3 1204 158
80676 R 195.170 22 3 343 159
 P 328718 43245 246892 20628341
81149 R 143.0 30 1 365 160
EMPTY QUEUE
 P 331055 43516 246903 20750704
81242 R 233.0 30 2 426 161
81262 R 31.219 22 3 884 162
81614 R 188.0 30 1 794 163
81642 R 28.0 30 2 798 164
82089 R 188.0 31 1 117 165
 P 338813 44875 246946 20989241
82182 R 28.0 31 2 185 166
82206 R 195.170 23 3 564 167
82554 R 143.0 31 1 618 168
 P 343729 45691 246970 21109541
83026 R 195.170 24 3 127 169
 P 345460 45962 246979 21229841
83497 R 143.0 32 1 408 170
 P 347281 46234 246986 21350141
83591 R 233.0 31 2 1625 171
83684 R 233.0 32 2 565 172
83783 R 31.219 23 3 1992 173
83800 R 31.219 24 3 847 174
83970 R 188.0 32 1 846 175
83992 R 28.0 32 2 844 176
84438 R 143.0 33 1 198 177
EMPTY QUEUE
 P 360746 48138 247039 21592068
84534 R 233.0 33 2 263 178
84553 R 31.219 25 3 353 179
84904 R 188.0 33 1 628 180
 P 365305 48953 247065 21711041
85373 R 28.0 33 2 1072 181
 P 366331 49226 247074 21831341
85850 R 143.0 34 1 457 182
 P 368985 49498 247082 21951641
85938 R 233.0 34 2 515 183
85960 R 31.219 26 3 454 184
86316 R 188.0 34 1 888 185
 P 372358 50315 247106 22071941
86411 R 195.170 25 3 2100 186
86434 R 28.0 34 2 981 187
86456 R 195.170 26 3 887 188
86790 R 188.0 35 1 210 189
86807 R 28.0 35 2 203 190
87255 R 143.0 35 1 711 191
EMPTY QUEUE
 P 382130 51948 247155 22313516
87724 R 143.0 36 1 27 192
 P 383312 52222 247165 22432841
87822 R 233.0 35 2 1247 193
87911 R 31.219 27 3 1042 194
87937 R 233.0 36 2 210 195
88197 R 31.219 28 3 125 196
 P 389683 53306 247201 22553141
88667 R 188.0 36 1 935 197
 P 391859 53579 247209 22673441
88763 R 28.0 36 2 1007 198
88857 R 195.170 27 3 1875 199
88880 R 195.170 28 3 736 200
89134 R 188.0 37 1 249 201
89156 R 28.0 37 2 248 202
89604 R 195.170 29 3 215 203
 P 401816 55211 247258 22914041
90077 R 143.0 37 1 1228 204
EMPTY QUEUE
 P 403995 55483 247268 23035860
90168 R 143.0 38 1 168 205
90266 R 233.0 37 2 1387 206
90284 R 233.0 38 2 253 207
90307 R 31.219 29 3 873 208
90543 R 188.0 38 1 507 209
 P 409723 56844 247303 23154641
91017 R 28.0 38 2 956 210
 P 412058 57116 247311 23274941
91490 R 143.0 39 1 337 211
 P 414937 57390 247321 23395241
91581 R 233.0 39 2 398 212
91606 R 31.219 30 3 864 213
91952 R 188.0 39 1 764 214
 P 420168 58204 247348 23515541
92047 R 195.170 30 3 1348 215
92074 R 28.0 39 2 861 216
92426 R 188.0 40 1 86 217
EMPTY QUEUE
 P 424924 59020 247375 23637264
92518 R 28.0 40 2 154 218
92546 R 195.170 31 3 539 219
92899 R 143.0 40 1 595 220
 P 431307 59836 247397 23756141
92992 R 233.0 40 2 656 221
93012 R 31.219 31 3 960 222
93362 R 195.170 32 3 100 223
 P 435642 60652 247421 23876441
93838 R 188.0 41 1 346 224
93862 R 28.0 41 2 345 225
94302 R 143.0 41 1 846 226
 P 441807 61468 247448 24117041
94400 R 233.0 41 2 912 227
94425 R 31.219 32 3 1065 228
94776 R 143.0 42 1 168 229
 P 447874 62284 247475 24237341
94867 R 233.0 42 2 228 230
94892 R 31.219 33 3 327 231
95246 R 188.0 42 1 602 232
EMPTY QUEUE
 P 452694 63098 247503 24358840
95336 R 28.0 42 2 667 233
95366 R 195.170 33 3 741 234
 P 455906 63642 250909 24477941
96188 R 143.0 43 1 428 235
96210 R 233.0 43 2 420 236
96657 R 188.0 43 1 861 237
 P 463000 64458 250933 24718541
96748 R 28.0 43 2 927 238
96769 R 195.170 34 3 836 239
97125 R 143.0 44 1 213 240
 P 466821 65274 250959 24838841
97216 R 233.0 44 2 272 241
97245 R 31.219 34 3 1268 242
97595 R 188.0 44 1 647 243
 P 471765 66090 250981 24959141
97690 R 28.0 44 2 717 244
97713 R 195.170 35 3 523 245
98063 R 31.219 35 3 829 246
EMPTY QUEUE
 P 477157 66905 251008 25080800
98532 R 188.0 45 1 432 247
 P 478465 67178 251017 25199741
98629 R 28.0 45 2 505 248
98655 R 195.170 36 3 210 249
99005 R 143.0 45 1 940 250
 P 484428 67996 251044 25320041
99098 R 233.0 45 2 1003 251
99126 R 31.219 36 3 635 252
99473 R 143.0 46 1 257 253
99499 R 233.0 46 2 252 254
99941 R 188.0 46 1 689 255
 P 493110 69356 251084 25560641
100035 R 28.0 46 2 758 256
100058 R 195.170 37 3 304 257
100417 R 143.0 47 1 49 258
100436 R 31.219 37 3 638 259
100884 R 188.0 47 1 480 260
100906 R 28.0 47 2 478 261
101354 R 195.170 38 3 290 262
 P 503012 71261 251141 25921541
101827 R 143.0 48 1 307 263
EMPTY QUEUE
 P 505739 71532 251152 26044256
101916 R 233.0 47 2 1516 264
102010 R 233.0 48 2 460 265
102034 R 31.219 38 3 925 266
102293 R 188.0 48 1 737 267
102321 R 28.0 48 2 740 268
102762 R 188.0 49 1 54 269
 P 514787 73165 251205 26282441
102857 R 195.170 39 3 485 270
102884 R 28.0 49 2 151 271
103232 R 143.0 49 1 559 272
 P 519788 73981 251231 26402741
103331 R 233.0 49 2 628 273
103348 R 31.219 39 3 931 274
103706 R 195.170 40 3 77 275
 P 525563 74798 251255 26523041
104171 R 143.0 50 1 347 276
 P 526814 75070 251262 26643341
104264 R 233.0 50 2 409 277
104292 R 31.219 40 3 620 278
104644 R 188.0 50 1 784 279
104664 R 28.0 50 2 780 280
105112 R 143.0 51 1 136 281
EMPTY QUEUE
 P 533705 76427 251305 26884724
105210 R 233.0 51 2 202 282
105227 R 31.219 41 3 298 283
105582 R 188.0 51 1 569 284
 P 537978 77242 251331 27004241
105674 R 28.0 51 2 637 285
105698 R 195.170 41 3 708 286
 P 539710 77787 254735 27124541
106526 R 143.0 52 1 398 287
106551 R 233.0 52 2 391 288
106996 R 188.0 52 1 832 289
 P 547734 78605 254760 27365141
107086 R 28.0 52 2 897 290
107108 R 195.170 42 3 810 291
107465 R 143.0 53 1 184 292
 P 552220 79421 254785 27485441
107554 R 233.0 53 2 243 293
107584 R 31.219 42 3 1242 294
107929 R 188.0 53 1 613 295
EMPTY QUEUE
 P 556498 80237 254809 27606812
108028 R 28.0 53 2 687 296
108049 R 195.170 43 3 494 297
 P 559378 80781 258215 27726041
108875 R 188.0 54 1 407 298
 P 561801 81052 258224 27846341
108963 R 28.0 54 2 470 299
108993 R 195.170 44 3 183 300
109345 R 143.0 54 1 913 301
 P 567086 81868 258250 27966641
109436 R 233.0 54 2 972 302
109532 R 31.219 43 3 1828 303
109555 R 31.219 44 3 689 304
109815 R 143.0 55 1 230 305
109837 R 233.0 55 2 222 306
110286 R 188.0 55 1 666 307
 P 579197 83502 258298 28207241
110754 R 28.0 55 2 1109 308
EMPTY QUEUE
 P 581496 83774 258308 28329284
111224 R 143.0 56 1 488 309
 P 583964 83951 258316 28447841
111691 R 188.0 56 1 919 310
111713 R 195.170 45 3 1541 311
111740 R 28.0 56 2 944 312
111759 R 195.170 46 3 330 313
112162 R 143.0 57 1 274 314
 P 590564 85310 258360 28688441
112260 R 233.0 56 2 1492 315
112347 R 233.0 57 2 428 316
112441 R 31.219 45 3 2120 317
112465 R 31.219 46 3 981 318
112633 R 188.0 57 1 709 319
112654 R 28.0 57 2 706 320
113102 R 143.0 58 1 61 321
113124 R 233.0 58 2 53 322
113574 R 188.0 58 1 498 323
 P 603991 87754 258437 29049341
113662 R 28.0 58 2 562 324
113692 R 195.170 47 3 902 325
114042 R 31.219 47 3 1208 326
 P 608728 88570 258463 29169641
114512 R 188.0 59 1 283 327
EMPTY QUEUE
 P 610609 88843 258474 29291204
114608 R 28.0 59 2 355 328
114626 R 195.170 48 3 580 329
114982 R 143.0 59 1 789 330
 P 615473 89659 258499 29410241
115073 R 31.219 48 3 1077 331
115098 R 233.0 59 2 875 332
115451 R 143.0 60 1 107 333
 P 619445 90472 258526 29530541
115544 R 233.0 60 2 169 334
115572 R 31.219 49 3 279 335
115920 R 188.0 60 1 540 336
 P 624455 91286 258553 29650841
116014 R 28.0 60 2 609 337
116038 R 195.170 49 3 683 338
 P 626881 91830 261961 29771141
116862 R 143.0 61 1 366 339
EMPTY QUEUE
 P 629004 92102 261971 29893632
116952 R 233.0 61 2 424 340
116977 R 31.219 50 3 374 341
117333 R 188.0 61 1 801 342
 P 633085 92918 261995 30011741
117428 R 28.0 61 2 871 343
117451 R 195.170 50 3 787 344
117803 R 188.0 62 1 119 345
117822 R 28.0 62 2 113 346
118268 R 143.0 62 1 620 347
 P 641692 94280 262038 30252341
118367 R 233.0 62 2 688 348
118392 R 31.219 51 3 481 349
118742 R 195.170 51 3 770 350
 P 648271 95096 262064 30372641
119212 R 188.0 63 1 376 351
119231 R 28.0 63 2 371 352
119678 R 195.170 52 3 449 353
 P 652223 95914 262088 30613241
120153 R 188.0 64 1 165 354
120174 R 28.0 64 2 161 355
120621 R 195.170 53 3 136 356
EMPTY QUEUE
 P 658131 96731 262115 30854784
121090 R 143.0 63 1 2290 357
 P 659867 97003 262122 30974141
121186 R 143.0 64 1 1234 358
121280 R 233.0 63 2 2448 359
121371 R 143.0 65 1 267 360
121469 R 233.0 64 2 1486 361
121560 R 188.0 65 1 420 362
121584 R 28.0 65 2 419 363
122027 R 31.219 52 3 2650 364
122050 R 233.0 65 2 915 365
122081 R 31.219 53 3 1542 366
122498 R 188.0 66 1 206 367
 P 675157 99720 262203 31335041
122596 R 28.0 66 2 279 368
122617 R 195.170 54 3 771 369
122974 R 143.0 66 1 718 370
 P 681234 100538 262229 31455341
123438 R 195.170 55 3 336 371
 P 682594 100810 262237 31575641
123912 R 143.0 67 1 504 372
EMPTY QUEUE
 P 684975 101082 262247 31698068
124002 R 233.0 66 2 1714 373
124097 R 233.0 67 2 658 374
124191 R 31.219 54 3 2197 375
124215 R 31.219 55 3 1057 376
124383 R 188.0 67 1 939 377
124404 R 28.0 67 2 935 378
 P 694909 102714 263505 31936541
124942 R 188.0 68 1 596 379
124965 R 28.0 68 2 344 380
124989 R 195.170 56 3 579 381
125322 R 143.0 68 1 761 382
 P 699969 103802 263536 32056841
125417 R 233.0 68 2 825 383
125440 R 31.219 56 3 984 384
125793 R 188.0 69 1 45 385
125810 R 195.170 57 3 143 386
126262 R 143.0 69 1 549 387
 P 710054 105163 263578 32297441
126354 R 233.0 69 2 610 388
126378 R 31.219 57 3 666 389
126727 R 28.0 69 2 954 390
 P 714457 105981 263604 32417741
127196 R 188.0 70 1 296 391
EMPTY QUEUE
 P 715373 106253 263613 32540200
127294 R 28.0 70 2 369 392
127316 R 195.170 58 3 340 393
127671 R 143.0 70 1 807 394
 P 720518 107069 263635 32658341
127764 R 233.0 70 2 869 395
127784 R 31.219 58 3 764 396
128142 R 188.0 71 1 90 397
 P 725337 107885 263658 32778641
128605 R 28.0 71 2 565 398
 P 726151 108157 263667 32898941
129082 R 143.0 71 1 1066 399
 P 728721 108428 263676 33019241
129172 R 233.0 71 2 1124 400
129197 R 31.219 59 3 868 401
129221 R 143.0 72 1 52 402
129549 R 195.170 59 3 1264 403
129574 R 188.0 72 1 370 404
129599 R 28.0 72 2 370 405
130019 R 233.0 72 2 820 406
EMPTY QUEUE
 P 740995 110332 263737 33261392
130492 R 188.0 73 1 136 407
 P 743696 110603 263746 33380141
130585 R 28.0 73 2 204 408
130605 R 195.170 60 3 959 409
130963 R 143.0 73 1 643 410
 P 749862 111419 263772 33500441
131425 R 195.170 61 3 523 411
 P 750803 111691 263779 33620741
131898 R 143.0 74 1 425 412
 P 752382 111963 263788 33741041
131992 R 233.0 73 2 1641 413
132085 R 233.0 74 2 582 414
132184 R 31.219 60 3 2390 415
132205 R 31.219 61 3 1249 416
132370 R 188.0 74 1 862 417
EMPTY QUEUE
 P 761343 113321 263834 33862156
132841 R 188.0 75 1 181 418
 P 763787 113593 263843 33981641
132934 R 28.0 74 2 1401 419
133024 R 28.0 75 2 339 420
133050 R 195.170 62 3 839 421
133305 R 143.0 75 1 681 422
 P 768902 114682 263878 34101941
133401 R 233.0 75 2 745 423
133423 R 31.219 62 3 1167 424
133782 R 195.170 63 3 315 425
 P 773529 115498 263902 34222241
134245 R 188.0 76 1 433 426
134272 R 28.0 76 2 435 427
134721 R 143.0 76 1 944 428
 P 778548 116315 263926 34462841
134809 R 233.0 76 2 1003 429
134835 R 31.219 63 3 1271 430
135185 R 188.0 77 1 221 431
EMPTY QUEUE
 P 781806 117131 263951 34583604
135282 R 28.0 77 2 293 432
135304 R 195.170 64 3 529 433
135659 R 143.0 77 1 731 434
 P 786466 117946 263978 34703441
135753 R 233.0 77 2 795 435
135777 R 31.219 64 3 955 436
136128 R 195.170 65 3 97 437
136151 R 188.0 78 1 35 438
136602 R 143.0 78 1 522 439
 P 796069 119304 264020 34944041
136689 R 233.0 78 2 577 440
136712 R 31.219 65 3 635 441
137072 R 28.0 78 2 931 442
 P 800153 120119 264045 35064341
137536 R 188.0 79 1 268 443
 P 801635 120391 264054 35184641
137631 R 28.0 79 2 338 444
137658 R 195.170 66 3 319 445
138012 R 143.0 79 1 779 446
EMPTY QUEUE
 P 808219 121208 264081 35305948
138104 R 233.0 79 2 841 447
138128 R 31.219 66 3 744 448
138481 R 143.0 80 1 97 449
138501 R 233.0 80 2 85 450
138950 R 188.0 80 1 530 451
 P 819172 122570 264119 35545541
139042 R 28.0 80 2 597 452
139063 R 195.170 67 3 414 453
139417 R 31.219 67 3 723 454
 P 823317 123383 264146 35665841
139886 R 188.0 81 1 314 455
139909 R 28.0 81 2 312 456
140354 R 143.0 81 1 818 457
 P 826765 124199 264170 35906441
140452 R 233.0 81 2 885 458
140478 R 31.219 68 3 526 459
140829 R 143.0 82 1 140 460
140853 R 233.0 82 2 134 461
141297 R 31.219 69 3 92 462
 P 836730 125561 264210 36147041
141765 R 188.0 82 1 1041 463
EMPTY QUEUE
 P 838055 125833 264221 36268252
141865 R 28.0 82 2 1116 464
141954 R 195.170 68 3 1838 465
142050 R 188.0 83 1 174 466
142069 R 195.170 69 3 791 467
142241 R 143.0 83 1 400 468
142262 R 233.0 83 2 391 469
142707 R 31.219 70 3 192 470
 P 850735 127737 264281 36507941
143178 R 28.0 83 2 1277 471
 P 852790 128009 264289 36628241
143274 R 188.0 84 1 246 472
143297 R 28.0 84 2 245 473
143314 R 195.170 70 3 738 474
143644 R 143.0 84 1 652 475
 P 858981 129099 264322 36748541
144120 R 195.170 71 3 288 476
 P 861612 129371 264330 36868841
144590 R 143.0 85 1 445 477
EMPTY QUEUE
 P 864255 129644 264340 36989828
144679 R 233.0 84 2 1656 478
144775 R 233.0 85 2 600 479
144798 R 31.219 71 3 920 480
145056 R 188.0 85 1 876 481
145082 R 28.0 85 2 878 482
145524 R 188.0 86 1 192 483
 P 873216 131276 264390 37229741
145619 R 28.0 86 2 262 484
145646 R 195.170 72 3 505 485
146001 R 143.0 86 1 704 486
 P 879437 132089 264417 37350041
146089 R 233.0 86 2 762 487
146116 R 31.219 72 3 930 488
146465 R 195.170 73 3 68 489
 P 884163 132906 264443 37470341
146938 R 188.0 87 1 454 490
146960 R 28.0 87 2 451 491
147410 R 143.0 87 1 961 492
 P 890678 133724 264467 37710941
147503 R 233.0 87 2 1024 493
147527 R 31.219 73 3 1033 494
147878 R 188.0 88 1 242 495
147901 R 28.0 88 2 240 496
148344 R 143.0 88 1 744 497
EMPTY QUEUE
 P 900862 135083 264510 37952388
148439 R 233.0 88 2 807 498
148462 R 31.219 74 3 711 499
148814 R 188.0 89 1 26 500
148839 R 195.170 74 3 1153 501
149289 R 28.0 89 2 476 502
 P 908470 136443 264547 38192141
149753 R 195.170 75 3 738 503
 P 909530 136715 264555 38312441
150227 R 143.0 89 1 1474 504
 P 911626 136987 264563 38432741
150321 R 143.0 90 1 417 505
150414 R 233.0 89 2 1631 506
150434 R 233.0 90 2 499 507
150458 R 31.219 75 3 1348 508
150692 R 188.0 90 1 752 509
 P 917810 138347 264602 38553041
150792 R 28.0 90 2 828 510
150813 R 195.170 76 3 491 511
151166 R 143.0 91 1 109 512
EMPTY QUEUE
 P 923266 139165 264626 38675244
151260 R 233.0 91 2 173 513
151283 R 31.219 76 3 915 514
151636 R 188.0 91 1 544 515
 P 928503 139981 264650 38793641
151729 R 28.0 91 2 612 516
151753 R 195.170 77 3 174 517
152106 R 31.219 77 3 481 518
 P 933088 140800 264676 38913941
152573 R 143.0 92 1 365 519
152598 R 233.0 92 2 358 520
153043 R 188.0 92 1 799 521
 P 936830 141616 264701 39154541
153140 R 28.0 92 2 871 522
153162 R 195.170 78 3 274 523
153515 R 143.0 93 1 155 524
 P 941767 142431 264724 39274841
153608 R 233.0 93 2 216 525
153636 R 31.219 78 3 702 526
153983 R 188.0 93 1 587 527
154011 R 28.0 93 2 591 528
154455 R 195.170 79 3 259 529
EMPTY QUEUE
 P 950783 143793 264767 39517760
154926 R 143.0 94 1 413 530
 P 952848 144065 264775 39635741
155016 R 233.0 94 2 472 531
155041 R 31.219 79 3 800 532
155391 R 188.0 94 1 843 533
155417 R 28.0 94 2 844 534
155862 R 143.0 95 1 198 535
 P 957843 145427 264815 39876341
155961 R 233.0 95 2 266 536
155986 R 31.219 80 3 488 537
156333 R 188.0 95 1 633 538
 P 963754 146242 264842 39996641
156802 R 28.0 95 2 1077 539
 P 965003 146514 264851 40116941
157274 R 143.0 96 1 458 540
EMPTY QUEUE
 P 966818 146786 264861 40237800
157370 R 233.0 96 2 523 541
157389 R 31.219 81 3 581 542
157741 R 188.0 96 1 889 543
 P 970264 147604 264886 40357541
157836 R 195.170 80 3 2225 544
157863 R 28.0 96 2 986 545
157881 R 195.170 81 3 1015 546
158216 R 143.0 97 1 247 547
 P 975508 148692 264918 40477841
158312 R 233.0 97 2 314 548
158334 R 31.219 82 3 272 549
158685 R 188.0 97 1 681 550
 P 982282 149509 264943 40598141
158782 R 28.0 97 2 753 551
158804 R 195.170 82 3 681 552
159151 R 143.0 98 1 31 553
 P 987791 150325 264969 40718441
159620 R 188.0 98 1 464 554
EMPTY QUEUE
 P 988660 150597 264978 40839972
159722 R 28.0 98 2 541 555
159741 R 195.170 83 3 361 556
 P 992580 151141 268384 40959041
160567 R 143.0 99 1 295 557
 P 995319 151413 268392 41079341
160658 R 233.0 98 2 1508 558
160755 R 233.0 99 2 453 559
160773 R 31.219 83 3 1296 560
161036 R 188.0 99 1 729 561
 P 1002586 152501 268425 41199641
161131 R 28.0 99 2 798 562
161150 R 195.170 84 3 462 563
161503 R 143.0 100 1 79 564
 P 1007869 153317 268451 41319941
161597 R 233.0 100 2 142 565
161621 R 31.219 84 3 887 566
161972 R 188.0 100 1 512 567
161996 R 28.0 100 2 511 568
EMPTY QUEUE
 P 1013264 154407 271875 41561292
162915 R 188.0 101 1 303 569
 P 1015502 154680 271884 41680841
163010 R 28.0 101 2 373 570
163033 R 195.170 85 3 984 571
163385 R 195.170 86 3 132 572
 P 1021882 155496 271910 41801141
163855 R 143.0 101 1 1279 573
 P 1024238 155768 271918 41921441
163950 R 143.0 102 1 222 574
164043 R 233.0 101 2 1436 575
164134 R 233.0 102 2 375 576
164159 R 31.219 85 3 2012 577
164323 R 188.0 102 1 559 578
164347 R 28.0 102 2 558 579
164795 R 195.170 87 3 233 580
 P 1036435 157672 271974 42162041
165267 R 31.219 86 3 1958 581
EMPTY QUEUE
 P 1039276 157944 271984 42284020
165355 R 143.0 103 1 474 582
165381 R 233.0 103 2 471 583
165401 R 31.219 87 3 794 584
165733 R 188.0 103 1 817 585
165753 R 28.0 103 2 812 586
166205 R 188.0 104 1 138 587
 P 1047526 159578 272029 42522941
166295 R 28.0 104 2 202 588
166321 R 195.170 88 3 450 589
166676 R 143.0 104 1 643 590
 P 1052741 160393 272054 42643241
166766 R 233.0 104 2 703 591
166791 R 31.219 88 3 876 592
 P 1055617 160936 275462 42763541
167612 R 188.0 105 1 392 593
 P 1057213 161208 275471 42883841
167703 R 28.0 105 2 458 594
168082 R 143.0 105 1 898 595
EMPTY QUEUE
 P 1059628 161752 275490 43004572
168181 R 233.0 105 2 967 596
168198 R 31.219 89 3 974 597
168550 R 188.0 106 1 178 598
 P 1064355 162568 275514 43124441
168643 R 195.170 89 3 1464 599
168741 R 28.0 106 2 344 600
168763 R 195.170 90 3 328 601
169022 R 143.0 106 1 685 602
 P 1069270 163658 275545 43244741
169492 R 233.0 106 2 1126 603
 P 1071052 163930 275554 43365041
169966 R 143.0 107 1 477 604
169987 R 31.219 90 3 1455 605
170007 R 233.0 107 2 488 606
170030 R 31.219 91 3 293 607
170435 R 188.0 107 1 911 608
 P 1079530 165289 275598 43605641
170522 R 28.0 107 2 973 609
170553 R 195.170 91 3 756 610
170902 R 188.0 108 1 226 611
170927 R 28.0 108 2 226 612
171371 R 143.0 108 1 730 613
EMPTY QUEUE
 P 1087449 166650 275640 43847856
171464 R 233.0 108 2 793 614
171492 R 31.219 92 3 447 615
171839 R 195.170 92 3 733 616
171869 R 188.0 109 1 41 617
172314 R 28.0 109 2 461 618
 P 1096414 168011 275681 44086841
172779 R 143.0 109 1 987 619
 P 1097493 168283 275690 44207141
172874 R 233.0 109 2 1050 620
172901 R 31.219 93 3 547 621
173251 R 188.0 110 1 271 622
 P 1101838 169099 275715 44327441
173347 R 28.0 110 2 342 623
173370 R 195.170 93 3 956 624
173723 R 143.0 110 1 779 625
 P 1107433 169914 275742 44447741
173815 R 233.0 110 2 839 626
173843 R 31.219 94 3 233 627
174194 R 188.0 111 1 62 628
EMPTY QUEUE
 P 1113607 170728 275771 44569688
174287 R 195.170 94 3 617 629
174307 R 28.0 111 2 150 630
174664 R 143.0 111 1 568 631
 P 1119010 171544 275797 44688341
175132 R 195.170 95 3 205 632
 P 1120986 171817 275805 44808641
175598 R 143.0 112 1 349 633
 P 1121906 172089 275812 44928941
175700 R 233.0 111 2 1572 634
175791 R 233.0 112 2 513 635
175816 R 31.219 95 3 844 636
176073 R 188.0 112 1 789 637
176092 R 28.0 112 2 783 638
176538 R 188.0 113 1 102 639
 P 1132646 173722 275859 45169541
176638 R 28.0 113 2 177 640
176658 R 195.170 96 3 423 641
177015 R 143.0 113 1 615 642
EMPTY QUEUE
 P 1139045 174537 275884 45290880
177108 R 233.0 113 2 676 643
177128 R 31.219 96 3 846 644
 P 1142503 175079 279292 45410141
177951 R 188.0 114 1 363 645
 P 1144414 175350 279301 45530441
178044 R 28.0 114 2 431 646
178068 R 195.170 97 3 523 647
178418 R 143.0 114 1 866 648
 P 1148150 176166 279327 45650741
178516 R 233.0 114 2 932 649
178541 R 31.219 97 3 953 650
178888 R 188.0 115 1 148 651
 P 1153231 176982 279350 45771041
178986 R 28.0 115 2 221 652
179008 R 195.170 98 3 208 653
179362 R 143.0 115 1 658 654
EMPTY QUEUE
 P 1158669 177799 279373 45893692
179453 R 233.0 115 2 718 655
179478 R 31.219 98 3 633 656
 P 1161233 178343 282780 46011641
180299 R 188.0 116 1 407 657
 P 1162567 178614 282789 46131941
180397 R 28.0 116 2 481 658
180419 R 195.170 99 3 310 659
180774 R 143.0 116 1 918 660
 P 1169183 179429 282816 46252241
180862 R 233.0 116 2 975 661
180889 R 31.219 99 3 733 662
181237 R 188.0 117 1 193 663
181262 R 28.0 117 2 193 664
181708 R 143.0 117 1 699 665
 P 1174720 180791 282855 46492841
182177 R 195.170 100 3 706 666
EMPTY QUEUE
 P 1175866 181063 282865 46615140
182653 R 143.0 118 1 493 667
 P 1178452 181335 282872 46733441
182743 R 233.0 117 2 1705 668
182839 R 233.0 118 2 647 669
182861 R 31.219 100 3 1346 670
183122 R 188.0 118 1 926 671
 P 1184930 182423 282903 46853741
183211 R 28.0 118 2 990 672
183237 R 195.170 101 3 510 673
183594 R 143.0 119 1 282 674
 P 1189784 183238 282926 46974041
183683 R 233.0 119 2 340 675
183709 R 31.219 101 3 937 676
184061 R 188.0 119 1 713 677
 P 1195058 184052 282952 47094341
184155 R 28.0 119 2 782 678
184178 R 195.170 102 3 195 679
184533 R 143.0 120 1 69 680
EMPTY QUEUE
 P 1201227 184868 282978 47215136
184627 R 31.219 102 3 599 681
184651 R 233.0 120 2 156 682
185003 R 188.0 120 1 504 683
185026 R 28.0 120 2 501 684
185466 R 195.170 103 3 174 685
 P 1211494 186229 283019 47455241
185938 R 143.0 121 1 321 686
 P 1212833 186501 283026 47575541
186033 R 233.0 121 2 385 687
186056 R 31.219 103 3 718 688
186413 R 188.0 121 1 761 689
186433 R 28.0 121 2 755 690
186882 R 188.0 122 1 78 691
186900 R 28.0 122 2 71 692
187348 R 195.170 104 3 696 693
 P 1224187 188406 283083 47936441
187818 R 143.0 122 1 1049 694
 P 1225558 188679 283091 48056741
187917 R 233.0 122 2 1118 695
187934 R 31.219 104 3 1236 696
187960 R 143.0 123 1 40 697
188288 R 188.0 123 1 332 698
EMPTY QUEUE
 P 1231817 189767 283125 48177440
188380 R 28.0 123 2 399 699
188408 R 195.170 105 3 498 700
188761 R 233.0 123 2 809 701
 P 1236506 190583 283149 48297341
189231 R 188.0 124 1 124 702
 P 1238924 190855 283158 48417641
189324 R 28.0 124 2 191 703
189348 R 195.170 106 3 183 704
189700 R 31.219 105 3 1747 705
 P 1244798 191671 283185 48537941
189797 R 143.0 124 1 725 706
189819 R 233.0 124 2 716 707
189837 R 31.219 106 3 625 708
 P 1250237 192487 286601 48658241
190638 R 188.0 125 1 378 709
EMPTY QUEUE
 P 1251987 192759 286611 48780764
190736 R 28.0 125 2 451 710
190758 R 195.170 107 3 284 711
191112 R 143.0 125 1 888 712
 P 1258883 193577 286635 48898841
191203 R 233.0 125 2 948 713
191228 R 31.219 107 3 709 714
191577 R 143.0 126 1 200 715
191606 R 233.0 126 2 199 716
192051 R 31.219 108 3 276 717
 P 1268698 194937 286675 49139441
192519 R 188.0 126 1 1107 718
 P 1270538 195209 286683 49259741
192609 R 28.0 126 2 1173 719
192639 R 188.0 127 1 75 720
192659 R 195.170 108 3 824 721
192989 R 28.0 127 2 399 722
 P 1276629 196298 286716 49380041
193458 R 143.0 127 1 929 723
EMPTY QUEUE
 P 1278359 196569 286727 49502724
193555 R 233.0 127 2 995 724
193577 R 31.219 109 3 492 725
193927 R 188.0 128 1 212 726
 P 1283668 197384 286752 49620641
194026 R 28.0 128 2 284 727
194043 R 195.170 109 3 899 728
194401 R 143.0 128 1 720 729
 P 1289443 198199 286775 49740941
194495 R 233.0 128 2 784 730
194514 R 31.219 110 3 174 731
194869 R 195.170 110 3 470 732
 P 1294718 199015 286801 49861241
195339 R 143.0 129 1 507 733
195365 R 233.0 129 2 502 734
195811 R 188.0 129 1 943 735
 P 1301856 199831 286826 50101841
195905 R 28.0 129 2 1012 736
195928 R 195.170 111 3 271 737
196275 R 143.0 130 1 291 738
EMPTY QUEUE
 P 1307507 200647 286853 50223532
196369 R 233.0 130 2 354 739
196393 R 31.219 111 3 691 740
196745 R 188.0 130 1 726 741
196768 R 28.0 130 2 723 742
197216 R 188.0 131 1 44 743
197238 R 195.170 112 3 273 744
197688 R 143.0 131 1 551 745
 P 1314730 202549 286909 50583041
197783 R 233.0 131 2 615 746
197806 R 31.219 112 3 796 747
198159 R 28.0 131 2 963 748
 P 1320358 203365 286933 50703341
198624 R 188.0 132 1 300 749
 P 1321299 203637 286941 50823641
198719 R 28.0 132 2 369 750
198746 R 195.170 113 3 471 751
199098 R 143.0 132 1 809 752
 P 1325725 204453 286965 50943941
199189 R 233.0 132 2 870 753
199214 R 31.219 113 3 895 754
199567 R 143.0 133 1 127 755
199594 R 233.0 133 2 123 756
200038 R 188.0 133 1 562 757
EMPTY QUEUE
 P 1334228 205814 287006 51186348
200130 R 28.0 133 2 628 758
200158 R 195.170 114 3 576 759
200511 R 31.219 114 3 883 760
 P 1340383 206630 287034 51304841
200974 R 188.0 134 1 346 761
 P 1341259 206902 287042 51425141
201074 R 28.0 134 2 421 762
201098 R 195.170 115 3 259 763
201448 R 143.0 134 1 856 764
 P 1348052 207718 287066 51545441
201538 R 233.0 134 2 914 765
201563 R 31.219 115 3 679 766
201918 R 188.0 135 1 139 767
201943 R 28.0 135 2 138 768
202385 R 143.0 135 1 640 769
 P 1355477 209080 287108 51786041
202483 R 233.0 135 2 708 770
202508 R 31.219 116 3 369 771
202860 R 195.170 116 3 658 772
EMPTY QUEUE
 P 1362837 209896 287134 51908436
203329 R 188.0 136 1 397 773
 P 1365184 210168 287142 52026641
203796 R 143.0 136 1 900 774
 P 1366944 210439 287151 52146941
203892 R 233.0 136 2 965 775
203911 R 31.219 117 3 462 776
204265 R 188.0 137 1 182 777
 P 1370973 211253 287178 52267241
204362 R 28.0 136 2 1751 778
204457 R 28.0 137 2 348 779
204480 R 195.170 117 3 970 780
204738 R 143.0 137 1 690 781
204759 R 233.0 137 2 681 782
205209 R 31.219 118 3 452 783
 P 1382882 212886 287229 52507841
205678 R 188.0 138 1 442 784
EMPTY QUEUE
 P 1385201 213159 287239 52628860
205770 R 28.0 138 2 509 785
205794 R 195.170 118 3 977 786
206143 R 143.0 138 1 942 787
 P 1389112 213975 287262 52748441
206245 R 233.0 138 2 1014 788
206264 R 31.219 119 3 251 789
206618 R 188.0 139 1 230 790
 P 1395448 214793 287285 52868741
206710 R 28.0 139 2 297 791
206730 R 195.170 119 3 657 792
207089 R 143.0 139 1 737 793
207107 R 233.0 139 2 724 794
207559 R 195.170 120 3 228 795
207579 R 188.0 140 1 39 796
208026 R 143.0 140 1 521 797
 P 1406661 216697 287348 53229641
208119 R 233.0 140 2 584 798
208143 R 31.219 120 3 768 799
208496 R 28.0 140 2 931 800
 P 1411202 217513 287373 53349941
208965 R 188.0 141 1 273 801
EMPTY QUEUE
 P 1412848 217785 287383 53472528
209064 R 28.0 141 2 346 802
209081 R 195.170 121 3 442 803
209438 R 143.0 141 1 781 804
 P 1418517 218601 287405 53590541
209533 R 233.0 141 2 845 805
209556 R 31.219 121 3 871 806
209907 R 188.0 142 1 63 807
209928 R 28.0 142 2 59 808
210374 R 195.170 122 3 426 809
 P 1427643 219961 287445 53831141
210848 R 143.0 142 1 1039 810
 P 1430045 220232 287454 53951441
210940 R 233.0 142 2 1101 811
210964 R 31.219 122 3 971 812
211318 R 188.0 143 1 322 813
 P 1435868 221047 287479 54071741
211407 R 28.0 143 2 385 814
211429 R 195.170 123 3 225 815
211789 R 143.0 143 1 829 816
EMPTY QUEUE
 P 1440101 221864 287503 54193208
212253 R 143.0 144 1 140 817
 P 1441287 222136 287511 54312341
212347 R 233.0 143 2 1355 818
212446 R 233.0 144 2 303 819
212467 R 31.219 123 3 1166 820
212723 R 188.0 144 1 575 821
 P 1447168 223225 287544 54432641
212817 R 28.0 144 2 644 822
212845 R 195.170 124 3 331 823
213196 R 31.219 124 3 638 824
 P 1452067 224041 287569 54552941
213665 R 143.0 145 1 400 825
213689 R 233.0 145 2 393 826
214133 R 31.219 125 3 320 827
 P 1456677 224856 287596 54793541
214601 R 188.0 145 1 1302 828
EMPTY QUEUE
 P 1457680 225128 287606 54915808
214696 R 188.0 146 1 244 829
214723 R 28.0 145 2 1398 830
214742 R 28.0 146 2 265 831
215076 R 195.170 125 3 1150 832
 P 1462707 226213 287642 55034141
215547 R 143.0 146 1 1130 833
 P 1464983 226486 287650 55154441
215642 R 233.0 146 2 1195 834
215736 R 143.0 147 1 168 835
215760 R 31.219 126 3 638 836
215781 R 233.0 147 2 181 837
216018 R 188.0 147 1 414 838
 P 1476556 227847 287690 55274741
216105 R 28.0 147 2 476 839
216128 R 195.170 126 3 946 840
216481 R 31.219 127 3 102 841
 P 1478540 228664 287713 55395041
216958 R 188.0 148 1 202 842
EMPTY QUEUE
 P 1481366 228935 287724 55516444
217050 R 28.0 148 2 269 843
217075 R 195.170 127 3 636 844
217423 R 143.0 148 1 703 845
217446 R 233.0 148 2 695 846
217893 R 143.0 149 1 20 847
 P 1489080 230296 287769 55755941
218368 R 188.0 149 1 460 848
 P 1491741 230570 287778 55876241
218460 R 28.0 149 2 527 849
218480 R 195.170 128 3 889 850
218838 R 233.0 149 2 935 851
 P 1497755 231386 287802 55996541
219302 R 31.219 128 3 1511 852
 P 1499039 231658 287810 56116841
219395 R 143.0 150 1 370 853
219423 R 233.0 150 2 367 854
219447 R 31.219 129 3 450 855
219770 R 188.0 150 1 711 856
EMPTY QUEUE
 P 1504319 232747 287845 56238276
219868 R 28.0 150 2 782 857
219894 R 195.170 129 3 836 858
220248 R 143.0 151 1 72 859
220270 R 233.0 151 2 63 860
220710 R 31.219 130 3 405 861
 P 1513953 234106 287882 56477741
221185 R 188.0 151 1 973 862
 P 1516036 234377 287891 56598041
221276 R 28.0 151 2 1039 863
221301 R 195.170 130 3 936 864
221658 R 143.0 152 1 330 865
 P 1521218 235191 287918 56718341
221750 R 233.0 152 2 390 866
221774 R 31.219 131 3 213 867
222124 R 188.0 152 1 760 868
 P 1527489 236007 287941 56838641
222595 R 188.0 153 1 79 869
EMPTY QUEUE
 P 1529704 236279 287951 56959468
222688 R 28.0 152 2 1299 870
222778 R 28.0 153 2 237 871
222807 R 195.170 131 3 1134 872
223062 R 195.170 132 3 183 873
 P 1535323 237367 287983 57079241
223537 R 143.0 153 1 1057 874
 P 1538145 237639 287990 57199541
223630 R 233.0 153 2 1119 875
223650 R 31.219 132 3 727 876
223674 R 143.0 154 1 41 877
224003 R 188.0 154 1 335 878
224026 R 28.0 154 2 333 879
224477 R 195.170 133 3 289 880
 P 1548797 239272 288038 57440141
224945 R 143.0 155 1 161 881
 P 1551171 239543 288047 57560441
225040 R 233.0 154 2 1377 882
225133 R 233.0 155 2 317 883
225157 R 31.219 133 3 925 884
225412 R 188.0 155 1 592 885
225438 R 28.0 155 2 593 886
225886 R 195.170 134 3 390 887
EMPTY QUEUE
 P 1563265 241174 288099 57802880
226353 R 143.0 156 1 417 888
 P 1565095 241446 288107 57921341
226451 R 233.0 156 2 483 889
226472 R 31.219 134 3 931 890
226826 R 188.0 156 1 854 891
 P 1572038 242263 288131 58041641
226917 R 28.0 156 2 920 892
226938 R 195.170 135 3 186 893
227291 R 188.0 157 1 167 894
227314 R 28.0 157 2 164 895
227763 R 143.0 157 1 675 896
 P 1578808 243622 288172 58282241
227854 R 233.0 157 2 736 897
227883 R 31.219 135 3 1035 898
228230 R 195.170 136 3 169 899
 P 1583128 244436 288199 58402541
228701 R 143.0 158 1 461 900
EMPTY QUEUE
 P 1584708 244708 288209 58524328
228797 R 233.0 158 2 526 901
228820 R 31.219 136 3 714 902
229176 R 188.0 158 1 900 903
229193 R 28.0 158 2 891 904
229647 R 143.0 159 1 254 905
 P 1593986 246068 288249 58763441
229736 R 233.0 159 2 312 906
229762 R 31.219 137 3 399 907
230110 R 188.0 159 1 682 908
 P 1598338 246886 288274 58883741
230202 R 28.0 159 2 750 909
230230 R 195.170 137 3 808 910
