using saved target 'z1'
../../../../contiki/tools/sky/serialdump-linux -b115200 /dev/ttyUSB3
connecting to /dev/ttyUSB3 (115200) [OK]
Rime started with address 4.0
MAC 04:00:00:00:00:00:00:00 Ref ID: 4841
Contiki-3.x-2125-g5d67a61 started. Node id is set to 4.

************************************************
RTIMER_SECOND = 32768. F_CPU=8000000.
CLOCK_SECOND=128.
DURSLOT = 6015.(0.1835 s).
DURSLEEP = 66165.
DURCYCLE = 72180 .(2.2027 s).
MAX_CLOCK_DRIFT = WAKEUP_ADVANCE_TIME = 327 (0.0033 s).
PERIODIC_BCAST_CYCLES_SENSOR = 196611.
PERIODIC_BCAST_CYCLES_SINK = 196611.
MAX_CYCLE_COUNTER = 27904.
MAX_COUNT_NO_RTS_CTS = 65535.
MAX_CHILD_NUM = 10.
MAX_TRY_TO_FIND_PARENT = 3.

**********Below is Related Settings**********
PRIMAC_CONF_COMPOWER = 1.
PRIMAC_CONF_COMPOWER_SUPPORT = 1.
SF = 10.
PRI_SYNC_SUPPORT = 1.
RANDOM_DRIFT_IN_COOJA_SUPPORT = 0.
ADCSC_SUPPORT = 1.
DATA_TX_SUPPORT = 1.
CYCLES_PER_PACKET = 5.
DATA_INTERVAL = 5.
RETX_LIMIT = 6.
TOTAL_DATA_NUM = -1.
MAX_DATA_QUEUE_BUFS = 10.
PROC_GRADE_BASED_ON_ADDR_SUPPORT = 1.
NODES_NUM_PER_GRADE = 2.
ADDRESS_FREE_SUPPORT = 1.
IS_COOJA_SIM = 0.
CROSS_PLATFORM_SUPPORT = 1.
************************************************

My address is 233.0.
nullmac PRIMAC, channel check rate 8 Hz, radio channel 26
Starting
Hello, world
 P 0 0 0 2136155
 P 0 0 3451 2210038
 P 0 0 6841 2280515
 P 0 0 10231 2352695
 P 0 0 13621 2424875
 P 0 0 17011 2497055
EMPTY QUEUE
 P 495 0 20411 2570548
PT [143 0 1 4 1]
 P 495 0 23801 2641415
PT [143 0 2 4 1]
 P 495 0 27191 2713595
PT [143 0 3 4 1]
 P 495 0 30581 2785775
PT [143 0 4 4 1]
 P 495 0 33971 2857955
PT [143 0 5 4 1]
EMPTY QUEUE
 P 1120 0 37371 2931994
PT [143 0 6 3 1]
 P 1120 0 40761 3002315
PT [143 0 7 3 1]
 P 1120 0 44151 3074495
PT [143 0 8 3 1]
 P 2596 0 46065 3146675
PT [143 0 9 3 1]
 P 3868 0 48183 3218855
PT [143 0 10 3 1]
EMPTY QUEUE
 P 4427 0 51583 3293116
PT [143 0 11 3 1]
 P 4427 0 54973 3363215
PT [143 0 12 3 1]
 P 4427 0 58363 3435395
PT [143 0 13 3 1]
rcv bro rts
 P 5892 0 58404 3507575
PT [143 0 14 3 1]
 P 7334 0 58407 3579755
PT [143 0 15 3 1]
EMPTY QUEUE
 P 7862 0 61807 3654177
PT [143 0 16 4 1]
 P 7862 0 65197 3724115
PT [143 0 17 4 1]
 P 7862 0 68587 3796295
PT [143 0 18 4 1]
 P 10068 0 68596 3868475
PT [143 0 19 4 1]
 P 12216 0 68599 3940655
PT [143 0 20 4 1]
EMPTY QUEUE
 P 12743 0 71999 4014756
PT [143 0 21 3 1]
 P 12743 0 75389 4085015
PT [143 0 22 3 1]
 P 12743 0 78779 4157195
PT [143 0 23 3 1]
 P 14207 0 78787 4229375
PT [143 0 24 3 1]
 P 15124 0 78790 4301555
PT [143 0 25 3 1]
EMPTY QUEUE
 P 15747 0 82190 4374920
PT [143 0 26 3 1]
 P 15747 0 85580 4445915
PT [143 0 27 3 1]
 P 15747 0 88970 4518095
PT [143 0 28 3 1]
 P 18430 0 88978 4590275
PT [143 0 29 3 1]
 P 19926 0 88981 4662455
PT [143 0 30 3 1]
EMPTY QUEUE
 P 20517 0 92381 4736492
PT [143 0 31 3 1]
 P 20517 0 95771 4806815
PT [143 0 32 3 1]
 P 20517 0 99161 4878995
PT [143 0 33 3 1]
 P 23191 0 99170 4951175
PT [143 0 34 3 1]
 P 24334 0 99173 5023355
PT [143 0 35 3 1]
EMPTY QUEUE
 P 24957 0 102573 5097616
PT [143 0 36 3 1]
 P 24957 0 105963 5167715
PT [143 0 37 3 1]
 P 24957 0 109353 5239895
PT [143 0 38 3 1]
 P 27737 0 109361 5312075
PT [143 0 39 3 1]
 P 28695 0 109364 5384255
PT [143 0 40 3 1]
EMPTY QUEUE
 P 29319 0 112765 5458198
PT [143 0 41 3 1]
 P 29319 0 116155 5528615
PT [143 0 42 3 1]
 P 29319 0 119545 5600795
PT [143 0 43 3 1]
 P 30241 0 119554 5672975
PT [143 0 44 3 1]
 P 32372 0 119558 5745155
PT [143 0 45 3 1]
EMPTY QUEUE
 P 32963 0 122958 5820280
PT [143 0 46 3 1]
 P 32963 0 126348 5889515
PT [143 0 47 3 1]
 P 32963 0 129738 5961695
PT [143 0 48 3 1]
 P 34722 0 129746 6033875
PT [143 0 49 3 1]
 P 35457 0 129750 6106055
PT [143 0 50 3 1]
EMPTY QUEUE
 P 36049 0 133150 6179837
PT [143 0 51 3 1]
 P 36049 0 136540 6250415
PT [143 0 52 3 1]
 P 36049 0 139930 6322595
PT [143 0 53 3 1]
 P 38373 0 139938 6394775
PT [143 0 54 3 1]
 P 39200 0 139942 6466955
PT [143 0 55 3 1]
EMPTY QUEUE
 P 39727 0 143342 6540864
PT [143 0 56 3 1]
 P 39727 0 146732 6611315
PT [143 0 57 3 1]
 P 39727 0 150122 6683495
PT [143 0 58 3 1]
 P 42410 0 150130 6755675
PT [143 0 59 3 1]
 P 44294 0 150133 6827855
PT [143 0 60 3 1]
EMPTY QUEUE
 P 44919 0 153533 6901542
PT [143 0 61 4 1]
 P 44919 0 156923 6972215
PT [143 0 62 4 1]
 P 44919 0 160313 7044395
PT [143 0 63 4 1]
 P 47115 0 160322 7116575
PT [143 0 64 4 1]
 P 48774 0 160325 7188755
PT [143 0 65 4 1]
EMPTY QUEUE
 P 49333 0 163725 7263592
PT [143 0 66 3 1]
 P 49333 0 167115 7333115
PT [143 0 67 3 1]
 P 49333 0 170505 7405295
PT [143 0 68 3 1]
 P 50550 0 170514 7477475
PT [143 0 69 3 1]
 P 53265 0 170517 7549655
PT [143 0 70 3 1]
EMPTY QUEUE
 P 53824 0 173917 7623148
PT [143 0 71 3 1]
 P 53824 0 177307 7694015
PT [143 0 72 3 1]
 P 53824 0 180697 7766195
PT [143 0 73 3 1]
 P 56499 0 180706 7838375
PT [143 0 74 3 1]
 P 57650 0 180709 7910555
PT [143 0 75 3 1]
EMPTY QUEUE
 P 58241 0 184109 7984272
PT [143 0 76 3 1]
 P 58241 0 187499 8054915
PT [143 0 77 3 1]
 P 58241 0 190889 8127095
PT [143 0 78 3 1]
 P 60000 0 190897 8199275
PT [143 0 79 3 1]
 P 61793 0 190900 8271455
PT [143 0 80 3 1]
EMPTY QUEUE
 P 62288 0 194300 8344756
PT [143 0 81 3 1]
 P 62288 0 197690 8415815
PT [143 0 82 3 1]
 P 62288 0 201080 8487995
PT [143 0 83 3 1]
 P 64102 0 201088 8560175
PT [143 0 84 3 1]
 P 64968 0 201091 8632355
PT [143 0 85 3 1]
EMPTY QUEUE
 P 65495 0 204491 8706904
PT [143 0 86 3 1]
 P 65495 0 207881 8776715
PT [143 0 87 3 1]
 P 65495 0 211271 8848895
PT [143 0 88 3 1]
 P 67063 0 211280 8921075
PT [143 0 89 3 1]
 P 69113 0 211283 8993255
PT [143 0 90 3 1]
EMPTY QUEUE
 P 69640 0 214683 9066460
PT [143 0 91 3 1]
 P 69640 0 218073 9137615
PT [143 0 92 3 1]
 P 69640 0 221463 9209795
PT [143 0 93 3 1]
 P 71167 0 221472 9281975
PT [143 0 94 3 1]
 P 73054 0 221475 9354155
PT [143 0 95 3 1]
EMPTY QUEUE
 P 73581 0 224875 9427552
PT [143 0 96 3 1]
 P 73581 0 228265 9498515
PT [143 0 97 3 1]
 P 73581 0 231655 9570695
PT [143 0 98 3 1]
 P 74734 0 231664 9642875
PT [143 0 99 3 1]
 P 76754 0 231667 9715055
PT [143 0 100 3 1]
EMPTY QUEUE
 P 77249 0 235067 9788100
PT [143 0 101 3 1]
 P 77249 0 238457 9859415
PT [143 0 102 3 1]
 P 77249 0 241847 9931595
PT [143 0 103 3 1]
 P 79509 0 241856 10003775
PT [143 0 104 3 1]
 P 80953 0 241859 10075955
PT [143 0 105 3 1]
EMPTY QUEUE
 P 81480 0 245259 10150248
PT [143 0 106 3 1]
 P 81480 0 248649 10220315
PT [143 0 107 3 1]
 P 81480 0 252039 10292495
PT [143 0 108 3 1]
 P 84259 0 252047 10364675
PT [143 0 109 3 1]
 P 85262 0 252050 10436855
PT [143 0 110 3 1]
EMPTY QUEUE
 P 85789 0 255450 10511852
PT [143 0 111 3 1]
 P 85789 0 258840 10581215
PT [143 0 112 3 1]
 P 85789 0 262230 10653395
PT [143 0 113 3 1]
 P 86743 0 262238 10725575
PT [143 0 114 3 1]
 P 88283 0 262242 10797755
PT [143 0 115 3 1]
EMPTY QUEUE
 P 88778 0 265642 10870864
PT [143 0 116 3 1]
 P 88778 0 269032 10942115
PT [143 0 117 3 1]
 P 88778 0 272422 11014295
PT [143 0 118 3 1]
 P 91428 0 272431 11086475
PT [143 0 119 3 1]
 P 94025 0 272434 11158655
PT [143 0 120 3 1]
EMPTY QUEUE
 P 94584 0 275835 11233557
PT [143 0 121 3 1]
 P 94584 0 279225 11303015
PT [143 0 122 3 1]
 P 94584 0 282615 11375195
PT [143 0 123 3 1]
 P 96336 0 282623 11447375
PT [143 0 124 3 1]
 P 98675 0 282626 11519555
PT [143 0 125 3 1]
EMPTY QUEUE
 P 99266 0 286026 11593656
PT [143 0 126 3 1]
 P 99266 0 289416 11663915
PT [143 0 127 3 1]
 P 99266 0 292806 11736095
PT [143 0 128 3 1]
 P 100516 0 292814 11808275
PT [143 0 129 3 1]
 P 101237 0 292817 11880455
PT [143 0 130 3 1]
EMPTY QUEUE
 P 101797 0 296217 11955229
PT [143 0 131 4 1]
 P 102126 0 299613 12025799
PT [143 0 132 4 1]
 P 102653 72 303015 12099574
PT [143 0 133 3 1]
 P 105188 144 303036 12171276
PT [143 0 134 3 1]
 P 107911 144 303039 12241355
PT [143 0 135 3 1]
 P 107980 144 309001 12317689
PT [143 0 136 3 1]
 P 108539 216 312403 12388326
PT [143 0 137 3 1]
 P 109162 288 315805 12459578
PT [143 0 138 3 1]
 P 110412 288 315813 12530075
PT [143 0 139 3 1]
 P 111772 288 315816 12602255
PT [143 0 140 3 1]
 P 112331 360 319218 12676758
PT [143 0 141 3 1]
 P 112331 360 322608 12746615
PT [143 0 142 3 1]
 P 112954 432 326010 12821854
PT [143 0 143 3 1]
 P 114165 432 326018 12890975
PT [143 0 144 3 1]
 P 115744 432 326021 12963155
PT [143 0 145 3 1]
 P 116335 504 329423 13036762
PT [143 0 146 3 1]
 P 116960 576 332825 13109776
PT [143 0 147 4 1]
 P 116960 576 336215 13179695
PT [143 0 148 4 1]
 P 119229 576 336223 13251875
PT [143 0 149 4 1]
 P 119985 576 336227 13324055
PT [143 0 150 4 1]
 P 122773 931 336248 13399006
PT [143 0 151 3 1]
 P 125869 1003 336263 13468415
PT [143 0 152 3 1]
 P 126364 1075 339665 13542246
PT [143 0 153 3 1]
 P 128354 1430 339687 13614970
PT [143 0 154 3 1]
 P 131445 1502 339702 13684955
PT [143 0 155 3 1]
 P 133614 1502 339705 13757135
PT [143 0 156 3 1]
 P 136716 1858 339726 13832406
PT [143 0 157 3 1]
 P 137307 1930 343128 13901495
PT [143 0 158 3 1]
 P 138995 1930 343131 13973675
PT [143 0 159 3 1]
 P 142190 2286 343151 14048402
PT [143 0 160 3 1]
 P 142850 2358 349125 14122797
PT [143 0 161 3 1]
 P 144391 2358 349128 14190215
PT [143 0 162 3 1]
 P 147615 2713 349148 14264015
PT [143 0 163 3 1]
 P 150887 2857 349175 14334575
PT [143 0 164 3 1]
 P 154150 3213 349195 14409334
PT [143 0 165 3 1]
 P 154646 3285 352597 14480267
PT [143 0 166 3 1]
 P 155459 3285 352600 14551115
PT [143 0 167 3 1]
 P 158559 3640 352621 14624562
PT [143 0 168 3 1]
 P 160416 3712 352637 14695475
PT [143 0 169 3 1]
 P 163556 4067 352658 14769722
PT [143 0 170 3 1]
 P 164116 4139 356060 14839835
PT [143 0 171 3 1]
 P 167127 4494 356082 14914146
PT [143 0 172 3 1]
 P 170236 4566 356097 14984195
PT [143 0 173 3 1]
 P 172556 4921 356117 15059498
PT [143 0 174 3 1]
 P 173051 4993 359519 15130014
PT [143 0 175 3 1]
 P 175499 4993 359522 15200735
PT [143 0 176 3 1]
 P 177944 5350 359543 15275334
PT [143 0 177 3 1]
 P 180862 5422 359558 15345095
PT [143 0 178 3 1]
 P 182585 5778 359578 15418895
PT [143 0 179 4 1]
 P 185655 5850 359593 15489455
PT [143 0 180 3 1]
 P 188227 5850 359602 15561635
PT [143 0 181 3 1]
 P 190427 5850 359605 15633815
PT [143 0 182 3 1]
 P 193693 6205 359625 15707582
PT [143 0 183 3 1]
 P 194939 6349 363039 15778175
PT [143 0 184 3 1]
 P 196658 6349 363042 15850355
PT [143 0 185 3 1]
 P 199857 6704 363063 15923962
PT [143 0 186 3 1]
 P 201398 6704 365638 15994715
PT [143 0 187 3 1]
 P 204637 7060 365659 16068578
PT [143 0 188 3 1]
 P 205819 7204 369073 16139075
PT [143 0 189 3 1]
 P 208065 7204 369076 16211255
PT [143 0 190 3 1]
 P 211173 7559 369098 16285918
PT [143 0 191 3 1]
 P 212553 7631 369113 16355615
PT [143 0 192 3 1]
 P 215722 7987 369134 16429063
PT [143 0 193 3 1]
 P 215860 7987 377668 16504417
PT [143 0 194 3 1]
 P 217155 7987 377671 16572155
PT [143 0 195 3 1]
 P 220417 8342 377692 16646018
PT [143 0 196 3 1]
 P 224562 8842 377736 16718998
PT [143 0 197 3 1]
 P 225089 8914 381138 16788695
PT [143 0 198 3 1]
 P 227482 8914 381141 16860875
PT [143 0 199 3 1]
 P 229851 9129 381162 16934322
PT [143 0 200 3 1]
 P 232258 9201 381183 17005235
PT [143 0 201 3 1]
 P 234166 9557 381203 17079162
PT [143 0 202 3 1]
 P 237246 9629 381218 17149595
PT [143 0 203 3 1]
 P 237315 9629 387180 17225769
PT [143 0 204 3 1]
 P 239042 9629 387183 17293955
PT [143 0 205 3 1]
 P 242275 9984 387204 17367787
PT [143 0 206 3 1]
 P 243393 10128 390618 17438315
PT [143 0 207 3 1]
 P 244862 10128 390621 17510495
PT [143 0 208 3 1]
 P 248059 10483 390643 17585222
PT [143 0 209 3 1]
 P 250849 10555 390659 17654855
PT [143 0 210 3 1]
 P 253958 10912 390680 17728334
PT [143 0 211 3 1]
 P 254485 10984 394082 17799215
PT [143 0 212 3 1]
 P 255342 10984 394086 17871395
PT [143 0 213 3 1]
 P 258501 11340 394106 17945578
PT [143 0 214 3 1]
 P 260308 11412 394121 18015755
PT [143 0 215 3 1]
 P 263475 11768 394141 18090066
PT [143 0 216 3 1]
 P 263970 11840 397543 18160115
PT [143 0 217 3 1]
 P 266833 11912 397563 18234842
PT [143 0 218 3 1]
 P 269243 11912 397566 18304475
PT [143 0 219 3 1]
 P 271487 11912 397569 18376655
PT [143 0 220 3 1]
 P 274691 12268 397589 18450934
PT [143 0 221 3 1]
 P 278489 12768 401023 18522442
PT [143 0 222 3 1]
 P 280858 13124 401044 18594526
PT [143 0 223 3 1]
 P 282847 13124 401052 18665375
PT [143 0 224 3 1]
 P 284746 13480 401073 18739686
PT [143 0 225 3 1]
 P 287731 13552 401088 18809735
PT [143 0 226 3 1]
 P 290170 13552 401091 18881915
PT [143 0 227 3 1]
 P 292597 13552 401094 18954095
PT [143 0 228 3 1]
 P 295789 13907 401116 19028471
PT [143 0 229 3 1]
 P 298690 14051 401143 19098455
PT [143 0 230 3 1]
 P 300237 14051 401146 19170635
PT [143 0 231 3 1]
 P 302472 14051 401150 19242815
PT [143 0 232 3 1]
 P 303325 14051 401153 19314995
PT [143 0 233 3 1]
 P 306458 14406 401175 19388730
PT [143 0 234 3 1]
 P 309736 14835 404598 19461489
PT [143 0 235 3 1]
 P 311032 14835 404601 19531535
PT [143 0 236 3 1]
 P 314248 15191 404621 19605334
PT [143 0 237 3 1]
 P 317826 15618 407225 19680241
PT [143 0 238 3 1]
 P 320232 15618 407228 19748075
PT [143 0 239 3 1]
 P 320793 15690 410629 19822867
PT [143 0 240 4 1]
 P 324225 16189 410673 19895494
PT [143 0 241 3 1]
 P 326735 16189 410677 19964615
PT [143 0 242 3 1]
 P 329278 16545 410697 20038254
PT [143 0 243 3 1]
 P 332386 16617 410712 20108975
PT [143 0 244 3 1]
 P 332882 16689 414114 20182423
PT [143 0 245 3 1]
 P 334704 17044 414134 20256106
PT [143 0 246 3 1]
 P 337153 17044 414137 20325515
PT [143 0 247 3 1]
 P 339302 17044 414141 20397695
PT [143 0 248 3 1]
 P 342555 17400 414161 20471654
PT [143 0 249 3 1]
 P 343673 17544 417575 20542055
PT [143 0 250 3 1]
 P 346680 17899 417596 20616366
PT [143 0 251 3 1]
 P 349181 17899 417599 20686415
PT [143 0 252 3 1]
 P 349740 17971 421001 20761750
PT [143 0 253 3 1]
 P 352093 18184 421021 20832523
PT [143 0 254 3 1]
 P 352588 18256 424423 20902955
PT [143 0 255 3 1]
 P 355234 18499 424444 20978034
PT [143 0 256 3 1]
 P 358200 18571 424459 21047315
PT [143 0 257 3 1]
 P 358200 18571 427849 21119495
PT [143 0 258 3 1]
 P 360005 18643 427870 21194318
PT [143 0 259 3 1]
 P 362402 18643 427873 21263855
PT [143 0 260 3 1]
 P 364500 18643 427876 21336035
PT [143 0 261 3 1]
 P 367698 18999 427897 21410283
PT [143 0 262 3 1]
 P 371394 19499 431330 21481727
PT [143 0 263 3 1]
 P 373011 19499 431333 21552575
PT [143 0 264 3 1]
 P 376072 19854 431353 21626022
PT [143 0 265 3 1]
 P 377442 19854 431356 21696935
PT [143 0 266 3 1]
 P 380739 20209 431376 21771982
PT [143 0 267 3 1]
 P 381953 20353 434790 21841295
PT [143 0 268 3 1]
 P 384105 20353 434793 21913475
PT [143 0 269 3 1]
 P 387337 20708 434813 21987851
PT [143 0 270 3 1]
 P 388624 20780 434827 22057835
PT [143 0 271 3 1]
 P 391766 21136 434848 22133138
PT [143 0 272 3 1]
 P 392357 21208 438250 22202195
PT [143 0 273 3 1]
 P 393558 21208 438253 22274375
PT [143 0 274 3 1]
 P 396731 21563 438273 22349071
PT [143 0 275 4 1]
 P 400283 21990 438304 22420419
PT [143 0 276 3 1]
 P 402882 21990 438307 22490915
PT [143 0 277 3 1]
 P 402951 22142 441699 22565375
PT [143 0 278 3 1]
 P 404099 22142 441703 22635275
PT [143 0 279 3 1]
 P 407237 22498 441723 22709011
PT [143 0 280 4 1]
 P 408722 22714 445149 22782566
PT [143 0 281 3 1]
 P 410345 22714 445152 22851815
PT [143 0 282 3 1]
 P 413449 23069 445172 22925327
PT [143 0 283 4 1]
 P 414697 23069 445175 22996175
PT [143 0 284 4 1]
 P 417839 23424 445195 23069686
PT [143 0 285 3 1]
 P 418435 23496 451169 23145169
PT [143 0 286 3 1]
 P 420221 23496 451172 23212715
PT [143 0 287 3 1]
 P 423508 23851 451193 23286578
PT [143 0 288 3 1]
 P 425586 23995 451219 23357075
PT [143 0 289 3 1]
 P 428818 24350 451239 23431802
PT [143 0 290 3 1]
 P 429378 24422 454640 23501435
PT [143 0 291 3 1]
 P 431480 24422 454643 23573615
PT [143 0 292 3 1]
 P 434709 24778 454663 23647190
PT [143 0 293 3 1]
 P 437124 24850 454678 23717975
PT [143 0 294 3 1]
 P 439476 24850 454682 23790155
PT [143 0 295 3 1]
 P 442637 25206 454702 23864434
PT [143 0 296 3 1]
 P 445272 25278 454716 23934515
PT [143 0 297 4 1]
 P 448570 25633 454736 24008922
PT [143 0 298 3 1]
 P 452193 26061 454766 24082030
PT [143 0 299 3 1]
 P 453874 26061 454769 24151055
PT [143 0 300 3 1]
 P 453943 26061 460731 24226589
PT [143 0 301 3 1]
 P 455377 26061 460734 24295415
PT [143 0 302 3 1]
 P 458586 26417 460755 24369246
PT [143 0 303 3 1]
 P 459710 26561 466740 24444601
PT [143 0 304 3 1]
 P 461810 26561 466743 24511955
PT [143 0 305 3 1]
 P 465015 26916 466764 24585818
PT [143 0 306 3 1]
 P 466746 27060 466789 24656315
PT [143 0 307 3 1]
 P 469917 27415 466809 24730946
PT [143 0 308 3 1]
 P 470460 27415 470206 24801810
PT [143 0 309 3 1]
 P 471729 27415 470209 24872855
PT [143 0 310 3 1]
 P 474959 27771 470230 24946687
PT [143 0 311 3 1]
 P 479136 28270 470276 25019794
PT [143 0 312 3 1]
 P 481515 28270 470279 25089395
PT [143 0 313 3 1]
 P 482106 28342 473681 25163002
PT [143 0 314 3 1]
 P 484406 28414 473701 25236430
PT [143 0 315 3 1]
 P 486749 28414 473704 25305935
PT [143 0 316 3 1]
 P 488903 28414 473707 25378115
PT [143 0 317 3 1]
 P 492084 28770 473728 25452394
PT [143 0 318 3 1]
 P 495139 29197 477152 25522475
PT [143 0 319 3 1]
 P 496811 29197 477156 25594655
PT [143 0 320 3 1]
 P 499540 29481 479736 25670861
PT [143 0 321 3 1]
 P 500965 29481 479740 25739015
PT [143 0 322 3 1]
 P 504192 29836 479760 25812846
PT [143 0 323 3 1]
 P 505508 29980 485745 25888201
PT [143 0 324 3 1]
 P 507599 29980 485748 25955555
PT [143 0 325 3 1]
 P 510760 30335 485768 26029354
PT [143 0 326 3 1]
 P 511886 30479 491752 26104741
PT [143 0 327 3 1]
 P 512682 30479 491755 26172095
PT [143 0 328 3 1]
 P 515872 30835 491775 26245958
PT [143 0 329 3 1]
 P 518337 30979 491800 26316455
PT [143 0 330 3 1]
 P 521077 31263 491812 26390407
PT [143 0 331 3 1]
 P 521657 31263 497263 26465257
PT [143 0 332 3 1]
 P 524615 31619 497283 26534551
PT [143 0 333 3 1]
 P 528081 31763 497310 26605175
PT [143 0 334 3 1]
 P 530384 31835 497329 26679998
PT [143 0 335 3 1]
 P 532818 31835 497332 26749535
PT [143 0 336 3 1]
 P 535918 32190 497354 26823687
PT [143 0 337 3 1]
 P 538663 32262 497369 26893895
PT [143 0 338 3 1]
 P 541771 32618 497389 26968558
PT [143 0 339 3 1]
 P 543951 32690 497403 27038255
PT [143 0 340 3 1]
 P 547217 33046 497422 27111798
PT [143 0 341 3 1]
 P 547841 33118 500823 27182615
PT [143 0 342 3 1]
 P 549235 33118 500826 27254795
PT [143 0 343 3 1]
 P 551317 33118 500829 27326975
PT [143 0 344 3 1]
 P 553641 33118 500832 27399155
PT [143 0 345 3 1]
 P 556785 33474 500852 27473370
PT [143 0 346 3 1]
 P 560065 34003 504278 27544818
PT [143 0 347 4 1]
 P 562460 34283 504297 27617346
PT [143 0 348 3 1]
 P 566119 34427 504322 27687875
PT [143 0 349 3 1]
 P 566188 34427 510284 27764881
PT [143 0 350 3 1]
 P 568775 34783 510304 27833886
PT [143 0 351 3 1]
 P 572269 34927 510329 27904415
PT [143 0 352 3 1]
 P 574164 35282 510350 27979174
PT [143 0 353 3 1]
 P 576513 35282 510353 28048775
PT [143 0 354 3 1]
 P 577040 35354 513755 28122318
PT [143 0 355 3 1]
 P 579192 35354 513758 28193135
PT [143 0 356 3 1]
 P 582314 35710 513779 28266614
PT [143 0 357 3 1]
 P 584522 35782 513794 28337495
PT [143 0 358 3 1]
 P 587589 36138 513814 28411678
PT [143 0 359 3 1]
 P 588084 36210 517216 28481855
PT [143 0 360 3 1]
 P 589507 36210 517219 28554035
PT [143 0 361 3 1]
 P 592762 36565 517241 28628410
PT [143 0 362 3 1]
 P 595485 36637 517256 28698395
PT [143 0 363 3 1]
 P 596204 36637 517259 28770575
PT [143 0 364 3 1]
 P 599329 36993 517279 28845847
PT [143 0 365 5 1]
 P 601741 37137 517304 28914935
PT [143 0 366 3 1]
 P 604873 37493 517325 28989086
PT [143 0 367 3 1]
 P 607897 37849 517346 29061042
PT [143 0 368 3 1]
 P 610241 37921 517366 29131475
PT [143 0 369 3 1]
 P 612630 37921 517370 29203655
PT [143 0 370 3 1]
 P 615228 38277 517391 29277423
PT [143 0 371 3 1]
 P 618184 38349 517405 29348015
PT [143 0 372 3 1]
 P 620249 38349 517408 29420195
PT [143 0 373 3 1]
 P 622195 38622 517427 29494058
PT [143 0 374 3 1]
 P 625883 38766 517453 29564555
PT [143 0 375 3 1]
 P 628024 38766 517456 29636735
PT [143 0 376 3 1]
 P 631191 39121 517475 29711974
PT [143 0 377 3 1]
 P 631719 39193 520876 29781095
PT [143 0 378 3 1]
 P 633379 39193 520879 29853275
PT [143 0 379 3 1]
 P 636479 39548 520899 29926915
PT [143 0 380 3 1]
 P 638387 39620 520913 29997635
PT [143 0 381 3 1]
 P 641685 39975 520934 30072234
PT [143 0 382 3 1]
 P 642309 40047 524335 30141995
PT [143 0 383 3 1]
 P 645298 40402 524356 30217235
PT [143 0 384 4 1]
 P 648243 40474 524371 30286355
PT [143 0 385 4 1]
 P 650482 40546 524390 30361114
PT [143 0 386 3 1]
 P 652924 40546 524393 30430715
PT [143 0 387 3 1]
 P 656122 40901 524414 30504963
PT [143 0 388 3 1]
 P 658782 40973 524428 30575075
PT [143 0 389 3 1]
 P 661891 41329 524447 30649738
PT [143 0 390 3 1]
 P 664081 41401 524461 30719435
PT [143 0 391 3 1]
 P 667251 41756 524481 30792882
PT [143 0 392 3 1]
 P 667778 41828 527883 30865126
PT [143 0 393 3 1]
 P 669181 41828 527886 30935975
PT [143 0 394 3 1]
 P 672348 42184 527906 31010190
PT [143 0 395 3 1]
 P 672845 42256 531307 31080335
PT [143 0 396 3 1]
 P 675023 42256 531310 31152515
PT [143 0 397 3 1]
 P 678124 42612 531329 31226794
PT [143 0 398 3 1]
 P 679436 42684 531343 31296875
PT [143 0 399 3 1]
 P 682545 43040 531363 31372178
PT [143 0 400 3 1]
 P 683169 43112 534764 31441235
PT [143 0 401 3 1]
 P 684396 43112 534767 31513415
PT [143 0 402 3 1]
 P 687619 43468 534786 31588078
PT [143 0 403 3 1]
 P 690740 43824 537378 31661289
PT [143 0 404 3 1]
 P 693077 43824 537381 31729955
PT [143 0 405 3 1]
 P 693146 43824 543343 31806577
PT [143 0 406 3 1]
 P 695528 44179 543362 31875998
PT [143 0 407 3 1]
 P 699049 44323 543388 31946495
PT [143 0 408 3 1]
 P 701600 44678 543408 32021257
PT [143 0 409 3 1]
 P 703837 44822 543439 32090855
PT [143 0 410 3 1]
 P 706233 44822 543442 32163035
PT [143 0 411 3 1]
 P 708330 44822 543445 32235215
PT [143 0 412 3 1]
 P 711617 45178 543465 32310262
PT [143 0 413 3 1]
 P 714462 45322 543490 32379575
PT [143 0 414 3 1]
 P 715967 45322 543493 32451755
PT [143 0 415 3 1]
 P 719186 45678 543513 32526130
PT [143 0 416 3 1]
 P 721897 45750 543527 32596115
PT [143 0 417 5 1]
 P 725028 46106 543547 32671418
PT [143 0 418 3 1]
 P 728089 46462 546139 32744789
PT [143 0 419 3 1]
 P 728866 46462 546142 32812655
PT [143 0 420 3 1]
 P 732024 46534 546163 32886486
PT [143 0 421 3 1]
 P 733751 46606 546178 32957015
PT [143 0 422 4 1]
 P 736985 46961 546199 33032192
PT [143 0 423 3 1]
Warning: data sending process fails.
 P 738201 47099 549715 33102932
PT [143 0 424 3 1]
 P 741285 47455 549735 33174950
PT [143 0 425 3 1]
 P 744110 47527 549749 33245735
PT [143 0 426 3 1]
 P 746408 47599 550970 33319952
PT [143 0 427 5 1]
 P 748858 47599 550973 33390095
PT [143 0 428 5 1]
 P 752056 47955 550992 33464567
PT [143 0 429 3 1]
 P 754819 48027 551006 33534455
PT [143 0 430 3 1]
 P 757896 48382 551026 33608670
PT [143 0 431 3 1]
 P 760061 48454 551040 33678815
PT [143 0 432 3 1]
 P 761495 48454 551043 33750995
PT [143 0 433 3 1]
 P 764685 48810 551062 33824954
PT [143 0 434 3 1]
 P 767419 48882 551077 33895355
PT [143 0 435 3 1]
 P 770649 49238 551097 33970498
PT [143 0 436 3 1]
 P 771548 49238 553672 34039715
PT [143 0 437 3 1]
 P 774231 49522 556253 34115345
PT [143 0 438 3 1]
 P 774855 49594 559654 34186751
PT [143 0 439 3 1]
 P 777342 49738 559679 34256255
PT [143 0 440 3 1]
 P 780418 50094 559698 34331366
PT [143 0 441 3 1]
 P 784066 50521 559728 34402778
PT [143 0 442 3 1]
 P 786735 50521 559731 34472795
PT [143 0 443 3 1]
 P 787231 50593 563132 34546242
PT [143 0 444 3 1]
 P 788315 50593 563135 34617155
PT [143 0 445 3 1]
 P 791515 50949 563155 34692138
PT [143 0 446 3 1]
 P 792603 51093 566568 34763263
PT [143 0 447 3 1]
 P 794281 51093 566571 34833695
PT [143 0 448 3 1]
 P 797479 51449 566590 34908070
PT [143 0 449 3 1]
 P 799310 51521 566605 34978055
PT [143 0 450 3 1]
 P 802452 51876 566625 35053390
PT [143 0 451 3 1]
 P 802766 51876 570021 35123448
PT [143 0 452 3 1]
 P 804607 51876 570024 35194595
PT [143 0 453 3 1]
 P 807799 52232 570043 35268363
PT [143 0 454 3 1]
 P 809846 52376 570069 35338955
PT [143 0 455 3 1]
 P 812981 52733 570088 35413586
PT [143 0 456 3 1]
 P 813477 52805 573489 35483315
PT [143 0 457 3 1]
 P 815634 52805 573493 35555495
PT [143 0 458 3 1]
 P 818767 53161 573513 35628975
PT [143 0 459 3 1]
 P 821143 53233 573527 35699855
PT [143 0 460 3 1]
 P 823552 53233 573530 35772035
PT [143 0 461 3 1]
 P 826649 53589 573549 35846250
PT [143 0 462 3 1]
 P 829243 53661 573563 35916395
PT [143 0 463 3 1]
 P 832478 54016 573584 35990739
PT [143 0 464 3 1]
 P 834634 54088 573598 36060755
PT [143 0 465 3 1]
 P 836148 54088 573601 36132935
PT [143 0 466 3 1]
 P 839378 54443 573621 36208302
PT [143 0 467 3 1]
 P 842721 54587 573646 36277295
PT [143 0 468 3 1]
 P 845896 54942 573666 36351478
PT [143 0 469 3 1]
 P 846488 55014 577067 36424618
PT [143 0 470 4 1]
 P 847274 55014 577070 36493835
PT [143 0 471 4 1]
 P 850478 55370 577091 36568946
PT [143 0 472 3 1]
 P 852278 55442 577105 36638195
PT [143 0 473 3 1]
 P 855543 55797 577125 36711962
PT [143 0 474 4 1]
 P 856167 55869 580526 36782555
PT [143 0 475 4 1]
 P 859122 56225 580547 36856324
PT [143 0 476 4 1]
 P 861461 56225 580550 36926915
PT [143 0 477 4 1]
 P 863808 56497 580570 37000618
PT [143 0 478 3 1]
 P 866795 56569 580584 37071275
PT [143 0 479 3 1]
 P 867419 56641 583985 37146578
PT [143 0 480 4 1]
 P 869969 56996 584006 37217670
PT [143 0 481 3 1]
 P 871805 57068 584026 37287815
PT [143 0 482 3 1]
 P 874215 57068 584029 37359995
PT [143 0 483 3 1]
 P 877385 57423 584049 37434466
PT [143 0 484 3 1]
 P 877881 57495 587450 37504355
PT [143 0 485 3 1]
 P 879517 57495 587454 37576535
PT [143 0 486 3 1]
 P 882780 57850 587475 37651870
PT [143 0 487 3 1]
 P 884356 57850 590050 37720895
PT [143 0 488 3 1]
 P 887595 58207 590071 37794758
PT [143 0 489 3 1]
 P 888784 58351 596055 37870081
PT [143 0 490 3 1]
 P 890956 58351 596058 37937435
PT [143 0 491 3 1]
 P 894098 58706 596078 38011234
PT [143 0 492 4 1]
 P 895154 58850 599490 38081795
PT [143 0 493 3 1]
 P 895921 58850 599493 38153975
PT [143 0 494 3 1]
 P 899208 59205 599513 38228736
PT [143 0 495 4 1]
 P 901021 59277 599527 38298335
PT [143 0 496 4 1]
 P 904221 59633 599549 38371848
PT [143 0 497 4 1]
 P 904717 59705 602950 38442695
PT [143 0 498 4 1]
 P 907735 60062 602970 38516975
PT [143 0 499 4 1]
 P 910703 60134 602984 38587055
PT [143 0 500 4 1]
 P 912379 60134 602992 38659235
PT [143 0 501 4 1]
 P 914794 60134 602995 38731415
PT [143 0 502 4 1]
 P 917956 60489 603015 38805248
PT [143 0 503 3 1]
 P 920556 60561 603030 38875775
PT [143 0 504 3 1]
 P 922202 60561 603033 38947955
PT [143 0 505 3 1]
 P 923723 60561 603036 39020135
PT [143 0 506 3 1]
 P 926964 60916 603057 39095342
PT [143 0 507 3 1]
 P 930899 61417 606488 39165826
PT [143 0 508 4 1]
 P 933877 61844 606519 39238806
PT [143 0 509 4 1]
 P 936305 61844 606523 39308855
PT [143 0 510 4 1]
 P 938794 62199 606543 39383296
PT [143 0 511 3 1]
Warning: data sending process fails.
Warning: data sending process fails.
 P 941035 62331 606782 39455350
PT [143 0 512 5 1]
 P 943426 62331 606785 39525395
PT [143 0 513 5 1]
 P 945517 62331 606789 39597575
PT [143 0 514 5 1]
 P 947150 62331 606792 39669755
PT [143 0 515 5 1]
 P 950330 62686 606812 39743426
PT [143 0 516 3 1]
 P 952932 62830 606837 39814115
PT [143 0 517 4 1]
 P 956185 63186 606857 39889290
PT [143 0 518 4 1]
 P 959465 63330 606882 39958475
PT [143 0 519 4 1]
 P 962693 63686 606902 40033011
PT [143 0 520 4 1]
 P 963264 63758 610305 40105446
PT [143 0 521 4 1]
 P 963922 63758 610308 40175015
PT [143 0 522 4 1]
 P 965045 63758 610311 40247195
PT [143 0 523 4 1]
 P 968194 64114 610331 40321442
PT [143 0 524 3 1]
 P 973833 64541 610365 40391555
PT [143 0 525 3 1]
 P 976235 64613 610384 40465962
PT [143 0 526 4 1]
 P 978752 64970 610404 40537246
PT [143 0 527 3 1]
 P 981698 65042 610418 40608095
PT [143 0 528 3 1]
 P 983492 65398 610437 40681958
PT [143 0 529 4 1]
 P 986381 65470 610451 40752455
PT [143 0 530 4 1]
 P 986392 65470 613843 40826001
PT [143 0 531 4 1]
 P 988379 65470 613846 40896815
PT [143 0 532 4 1]
 P 991561 65825 613866 40970646
PT [143 0 533 4 1]
 P 994215 65969 613892 41041175
PT [143 0 534 5 1]
 P 997309 66325 613912 41115838
PT [143 0 535 4 1]
 P 997837 66397 617313 41186898
PT [143 0 536 3 1]
 P 999208 66397 617316 41257715
PT [143 0 537 3 1]
 P 1002399 66754 617335 41331194
PT [143 0 538 3 1]
 P 1002895 66826 620736 41402075
PT [143 0 539 3 1]
 P 1004931 66826 620739 41474255
PT [143 0 540 3 1]
 P 1008056 67183 620759 41548439
PT [143 0 541 3 1]
 P 1009226 67255 620774 41618615
PT [143 0 542 3 1]
 P 1012358 67610 620795 41692928
PT [143 0 543 3 1]
 P 1012982 67682 624196 41762975
PT [143 0 544 3 1]
 P 1015932 68037 624216 41838310
PT [143 0 545 3 1]
 P 1018863 68109 624231 41907335
PT [143 0 546 3 1]
 P 1021175 68464 624251 41981934
PT [143 0 547 3 1]
 P 1024113 68536 624265 42051695
PT [143 0 548 3 1]
 P 1024674 68608 627666 42126807
PT [143 0 549 3 1]
 P 1027175 68965 627686 42198890
PT [143 0 550 3 1]
 P 1029453 68965 627689 42268235
PT [143 0 551 3 1]
 P 1031328 69321 627709 42342770
PT [143 0 552 3 1]
 P 1034252 69393 627723 42412595
PT [143 0 553 3 1]
Warning: data sending process fails.
 P 1034876 69459 631228 42486140
PT [143 0 554 3 1]
 P 1036930 69459 631231 42556955
PT [143 0 555 3 1]
 P 1040001 69816 631251 42630722
PT [143 0 556 3 1]
 P 1042609 69960 631276 42701315
PT [143 0 557 3 1]
 P 1045779 70317 631295 42776490
PT [143 0 558 4 1]
 P 1046307 70389 634696 42845675
PT [143 0 559 4 1]
 P 1047632 70389 634699 42917855
PT [143 0 560 4 1]
 P 1050897 70745 634718 42991590
PT [143 0 561 4 1]
 P 1053872 71100 634741 43063773
PT [143 0 562 4 1]
 P 1053941 71100 640703 43138837
PT [143 0 563 4 1]
 P 1056284 71100 640706 43206575
PT [143 0 564 4 1]
 P 1058521 71172 640725 43281367
PT [143 0 565 4 1]
 P 1062752 71672 640767 43353868
PT [143 0 566 4 1]
 P 1065056 71672 640771 43423115
PT [143 0 567 4 1]
 P 1067061 71672 640774 43495295
PT [143 0 568 4 1]
 P 1068608 71672 640777 43567475
PT [143 0 569 4 1]
 P 1070032 71672 640780 43639655
PT [143 0 570 4 1]
 P 1073264 72027 640801 43713263
PT [143 0 571 4 1]
 P 1076095 72382 646784 43785841
PT [143 0 572 4 1]
 P 1078430 72454 646803 43858870
PT [143 0 573 4 1]
 P 1081850 72598 646828 43928375
PT [143 0 574 4 1]
 P 1083882 72598 646831 44000555
PT [143 0 575 4 1]
 P 1086188 72598 646835 44072735
PT [143 0 576 4 1]
 P 1089281 72953 646857 44147879
PT [143 0 577 3 1]
 P 1095899 73665 646898 44217095
PT [143 0 578 3 1]
 P 1098523 73737 646917 44292142
PT [143 0 579 4 1]
 P 1101095 74164 649520 44365449
PT [143 0 580 3 1]
 P 1103452 74164 649524 44433635
PT [143 0 581 3 1]
 P 1104076 74236 652925 44508490
PT [143 0 582 3 1]
 P 1106747 74308 652939 44577995
PT [143 0 583 3 1]
 P 1109984 74663 652959 44652565
PT [143 0 584 5 1]
 P 1113513 75090 652991 44723814
PT [143 0 585 3 1]
 P 1115079 75090 652994 44794535
PT [143 0 586 3 1]
 P 1115575 75162 656395 44868846
PT [143 0 587 3 1]
 P 1116894 75162 656398 44938895
PT [143 0 588 3 1]
 P 1120009 75517 656417 45012439
PT [143 0 589 3 1]
 P 1120571 75589 659820 45084579
PT [143 0 590 3 1]
 P 1122677 75589 659823 45155435
PT [143 0 591 3 1]
 P 1125932 75945 659843 45229266
PT [143 0 592 4 1]
 P 1127796 76089 659868 45299795
PT [143 0 593 4 1]
 P 1130995 76445 659888 45374490
PT [143 0 594 4 1]
 P 1131523 76517 663289 45445518
PT [143 0 595 3 1]
 P 1132677 76517 663293 45516335
PT [143 0 596 3 1]
 P 1135906 76873 663313 45589910
PT [143 0 597 3 1]
 P 1139397 77301 663343 45662732
PT [143 0 598 3 1]
 P 1141614 77373 663362 45735070
PT [143 0 599 4 1]
 P 1143866 77373 663365 45805055
PT [143 0 600 4 1]
 P 1146368 77729 663386 45879110
PT [143 0 601 3 1]
 P 1149238 77801 663400 45949415
PT [143 0 602 4 1]
 P 1151082 78156 663420 46023119
PT [143 0 603 3 1]
 P 1153431 78156 663423 46093775
PT [143 0 604 3 1]
 P 1153960 78228 666824 46167735
PT [143 0 605 3 1]
 P 1155998 78228 666827 46238135
PT [143 0 606 3 1]
 P 1159165 78584 666846 46312318
PT [143 0 607 4 1]
 P 1161357 78656 666860 46382495
PT [143 0 608 3 1]
 P 1162690 78656 666863 46454675
PT [143 0 609 3 1]
 P 1165795 78728 666882 46529498
PT [143 0 610 4 1]
 P 1167916 78728 666885 46599035
PT [143 0 611 4 1]
 P 1170279 78728 666888 46671215
PT [143 0 612 4 1]
 P 1173438 79084 666907 46745494
PT [143 0 613 3 1]
 P 1179927 79795 666950 46815575
PT [143 0 614 4 1]
 P 1182457 79867 666969 46889054
PT [143 0 615 4 1]
 P 1185585 80367 667010 46961714
PT [143 0 616 4 1]
 P 1187888 80367 667013 47032115
PT [143 0 617 4 1]
 P 1189891 80367 667017 47104295
PT [143 0 618 4 1]
 P 1191547 80367 667021 47176475
PT [143 0 619 4 1]
 P 1194751 80723 667040 47250850
PT [143 0 620 4 1]
 P 1197408 80867 667066 47320835
PT [143 0 621 4 1]
 P 1200556 81222 667087 47394538
PT [143 0 622 4 1]
 P 1201084 81294 670488 47465195
PT [143 0 623 4 1]
 P 1203159 81294 670491 47537375
PT [143 0 624 4 1]
 P 1206350 81649 670512 47611526
PT [143 0 625 4 1]
 P 1207527 81721 670528 47681735
PT [143 0 626 4 1]
 P 1210790 82078 670548 47756846
PT [143 0 627 4 1]
 P 1211414 82150 673949 47826095
PT [143 0 628 4 1]
 P 1212538 82150 673952 47898275
PT [143 0 629 4 1]
 P 1215639 82506 673971 47971946
PT [143 0 630 4 1]
 P 1219161 82933 674003 48044350
PT [143 0 631 4 1]
 P 1221442 83005 674022 48114815
PT [143 0 632 4 1]
 P 1223797 83005 674026 48186995
PT [143 0 633 4 1]
 P 1226331 83361 674046 48262202
PT [143 0 634 4 1]
 P 1229285 83433 674061 48331355
PT [143 0 635 4 1]
 P 1229354 83433 680023 48407337
PT [143 0 636 4 1]
 P 1231154 83789 680042 48477302
PT [143 0 637 4 1]
 P 1234474 83933 680069 48547895
PT [143 0 638 5 1]
 P 1236581 83933 680072 48620075
PT [143 0 639 5 1]
 P 1239716 84288 680091 48694738
PT [143 0 640 4 1]
 P 1240244 84360 683492 48764435
PT [143 0 641 4 1]
 P 1241870 84360 683495 48836615
PT [143 0 642 4 1]
 P 1243260 84360 683499 48908795
PT [143 0 643 4 1]
 P 1245339 84360 683502 48980975
PT [143 0 644 4 1]
 P 1248415 84716 683522 49054454
PT [143 0 645 4 1]
 P 1252024 85215 686953 49127051
PT [143 0 646 4 1]
 P 1252698 85215 686956 49197515
PT [143 0 647 4 1]
 P 1255981 85570 686976 49271922
PT [143 0 648 3 1]
 P 1257842 85642 686990 49341875
PT [143 0 649 3 1]
 P 1260545 85926 689570 49419041
PT [143 0 650 3 1]
 P 1261171 85998 692971 49488913
PT [143 0 651 5 1]
 P 1265303 86498 693013 49561378
PT [143 0 652 3 1]
 P 1267638 86498 693016 49630595
PT [143 0 653 3 1]
 P 1269894 86853 693037 49704138
PT [143 0 654 4 1]
 P 1272700 86925 693051 49774955
PT [143 0 655 3 1]
 P 1274711 86925 693054 49847135
PT [143 0 656 3 1]
 P 1276376 86925 693057 49919315
PT [143 0 657 3 1]
 P 1279652 87280 693077 49992922
PT [143 0 658 4 1]
 P 1280868 87424 696489 50063675
PT [143 0 659 4 1]
 P 1282274 87424 696492 50135855
PT [143 0 660 4 1]
 P 1285484 87779 696514 50210328
PT [143 0 661 5 1]
 P 1288094 87851 696529 50280215
PT [143 0 662 4 1]
 P 1291215 88207 696549 50354462
PT [143 0 663 4 1]
 P 1294197 88279 696569 50424575
PT [143 0 664 4 1]
 P 1294874 88279 696573 50496755
PT [143 0 665 4 1]
 P 1298141 88635 696593 50571450
PT [143 0 666 4 1]
 P 1300005 88707 696608 50641115
PT [143 0 667 4 1]
 P 1303249 89063 696628 50715011
PT [143 0 668 4 1]
 P 1303873 89135 700029 50785475
PT [143 0 669 4 1]
 P 1306903 89490 700049 50859978
PT [143 0 670 4 1]
 P 1309867 89562 700065 50929835
PT [143 0 671 4 1]
 P 1312109 89918 700085 51003699
PT [143 0 672 4 1]
 P 1315047 89990 700099 51074195
PT [143 0 673 4 1]
 P 1317062 89990 700102 51146375
PT [143 0 674 4 1]
 P 1318730 89990 700105 51218555
PT [143 0 675 4 1]
 P 1321819 90346 700125 51292290
PT [143 0 676 4 1]
 P 1324456 90490 700150 51362915
PT [143 0 677 4 1]
 P 1327753 90846 700170 51437131
PT [143 0 678 4 1]
 P 1327905 90846 703566 51508114
PT [143 0 679 4 1]
 P 1329991 90846 703569 51579455
PT [143 0 680 4 1]
 P 1333222 91201 703589 51653287
PT [143 0 681 4 1]
 P 1334470 91345 707001 51723815
PT [143 0 682 4 1]
 P 1335151 91345 707004 51795995
PT [143 0 683 4 1]
 P 1338315 91700 707023 51870691
PT [143 0 684 4 1]
 P 1340089 91772 707037 51940355
PT [143 0 685 4 1]
 P 1343198 92127 707058 52013836
PT [143 0 686 4 1]
 P 1343694 92199 710461 52084715
PT [143 0 687 4 1]
 P 1346802 92555 710481 52159027
PT [143 0 688 4 1]
 P 1347426 92627 713883 52229075
PT [143 0 689 4 1]
 P 1349824 92874 713902 52303355
PT [143 0 690 4 1]
 P 1352639 92946 713917 52373435
PT [143 0 691 5 1]
 P 1353244 92946 719343 52449545
PT [143 0 692 5 1]
 P 1354800 92946 719346 52517795
PT [143 0 693 5 1]
 P 1357967 93302 719366 52591594
PT [143 0 694 4 1]
 P 1360460 93446 719391 52662155
PT [143 0 695 4 1]
 P 1363668 93802 719411 52736914
PT [143 0 696 4 1]
 P 1364080 93802 722807 52807518
PT [143 0 697 4 1]
 P 1366183 93802 722810 52878695
PT [143 0 698 4 1]
 P 1369406 94158 722830 52952494
PT [143 0 699 4 1]
 P 1371108 94302 722856 53023055
PT [143 0 700 4 1]
 P 1374244 94658 722875 53097686
PT [143 0 701 4 1]
 P 1374836 94730 726276 53167415
PT [143 0 702 4 1]
 P 1375987 94730 726280 53239595
PT [143 0 703 4 1]
 P 1378273 94730 726283 53311775
PT [143 0 704 4 1]
 P 1381458 95085 726302 53385318
PT [143 0 705 4 1]
 P 1384190 95157 726316 53456135
PT [143 0 706 4 1]
 P 1387255 95512 726335 53530319
PT [143 0 707 4 1]
 P 1389517 95584 726349 53600495
PT [143 0 708 4 1]
 P 1390920 95584 726352 53672675
PT [143 0 709 4 1]
 P 1394110 95940 726371 53746987
PT [143 0 710 4 1]
 P 1397404 96084 726397 53817035
PT [143 0 711 4 1]
 P 1400039 96084 726405 53889215
PT [143 0 712 4 1]
 P 1400725 96084 726408 53961395
PT [143 0 713 4 1]
 P 1403931 96439 726428 54035226
PT [143 0 714 4 1]
 P 1407279 96868 729852 54107473
PT [143 0 715 4 1]
 P 1408518 96868 729855 54177935
PT [143 0 716 4 1]
 P 1411652 97224 729875 54251735
PT [143 0 717 4 1]
 P 1415826 97723 729918 54324873
PT [143 0 718 4 1]
 P 1418175 97723 729921 54394475
PT [143 0 719 4 1]
 P 1418736 97795 733322 54468051
PT [143 0 720 4 1]
 P 1421120 98152 733342 54540197
PT [143 0 721 4 1]
 P 1423432 98152 733345 54611015
PT [143 0 722 4 1]
 P 1425889 98507 733366 54685934
PT [143 0 723 4 1]
 P 1428878 98579 733381 54755375
PT [143 0 724 4 1]
 P 1429504 98651 736782 54829336
PT [143 0 725 4 1]
 P 1431291 99006 736801 54901898
PT [143 0 726 4 1]
 P 1434244 99078 736815 54971915
PT [143 0 727 4 1]
 P 1437441 99433 736834 55047314
PT [143 0 728 4 1]
 P 1439491 99433 736837 55116275
PT [143 0 729 4 1]
 P 1440019 99505 740238 55189946
PT [143 0 730 4 1]
 P 1441599 99505 740242 55260635
PT [143 0 731 4 1]
 P 1444747 99861 740261 55335234
PT [143 0 732 4 1]
 P 1445312 100064 743664 55407318
PT [143 0 733 4 1]
 P 1446744 100064 743668 55477175
PT [143 0 734 4 1]
 P 1449889 100420 743688 55550942
PT [143 0 735 4 1]
 P 1453023 100564 743713 55621535
PT [143 0 736 4 1]
 P 1456175 100919 743734 55696230
PT [143 0 737 4 1]
 P 1459156 100991 743754 55768121
PT [143 0 738 4 1]
 P 1459860 100991 743757 55838075
PT [143 0 739 4 1]
 P 1463127 101346 743776 55911651
PT [143 0 740 4 1]
 P 1464781 101418 743790 55982435
PT [143 0 741 4 1]
 P 1467073 101418 743793 56054615
PT [143 0 742 4 1]
 P 1470239 101774 743812 56128478
PT [143 0 743 4 1]
 P 1472883 101846 743826 56198975
PT [143 0 744 4 1]
 P 1475994 102202 743845 56273031
PT [143 0 745 4 1]
 P 1477709 102202 746420 56343335
PT [143 0 746 4 1]
 P 1480923 102557 746440 56417198
PT [143 0 747 4 1]
 P 1484398 102701 746470 56487695
PT [143 0 748 4 1]
 P 1485785 102701 746474 56559875
PT [143 0 749 4 1]
 P 1488115 102701 746478 56632055
PT [143 0 750 4 1]
 P 1491306 103057 746497 56705599
PT [143 0 751 4 1]
 P 1496616 103485 746531 56776415
PT [143 0 752 4 1]
 P 1497209 103557 749932 56851432
PT [143 0 753 4 1]
 P 1498883 103557 749935 56920775
PT [143 0 754 4 1]
 P 1501989 103913 749956 56994605
PT [143 0 755 4 1]
 P 1503077 104057 753368 57065135
PT [143 0 756 4 1]
 P 1504493 104057 753371 57137315
PT [143 0 757 4 1]
 P 1507567 104412 753390 57211532
PT [143 0 758 4 1]
 P 1510250 104484 753406 57281675
PT [143 0 759 4 1]
 P 1513483 104840 753426 57355666
PT [143 0 760 4 1]
 P 1514043 104912 756827 57426035
PT [143 0 761 4 1]
 P 1514730 104912 756830 57498215
PT [143 0 762 4 1]
 P 1515884 104912 756833 57570395
PT [143 0 763 4 1]
 P 1519040 105267 756852 57645476
PT [143 0 764 4 1]
 P 1524716 105694 756887 57714755
PT [143 0 765 4 1]
 P 1525212 105766 760288 57789163
PT [143 0 766 4 1]
 P 1527467 106122 760308 57860286
PT [143 0 767 4 1]
 P 1530316 106194 760322 57931295
PT [143 0 768 4 1]
 P 1532817 106549 760341 58004837
PT [143 0 769 4 1]
 P 1535672 106621 760356 58075655
PT [143 0 770 4 1]
 P 1535672 106621 763746 58147835
PT [143 0 771 4 1]
 P 1537472 106976 763765 58223042
PT [143 0 772 4 1]
 P 1540389 107048 763779 58292195
PT [143 0 773 4 1]
 P 1542507 107048 763782 58364375
PT [143 0 774 4 1]
 P 1545672 107404 763802 58438045
PT [143 0 775 4 1]
 P 1546856 107548 767214 58509939
PT [143 0 776 4 1]
 P 1548493 107548 767217 58580915
PT [143 0 777 4 1]
 P 1551561 107904 767236 58655418
PT [143 0 778 4 1]
 P 1551630 107904 773198 58728885
PT [143 0 779 4 1]
 P 1553008 107904 773201 58797455
PT [143 0 780 4 1]
 P 1556199 108260 773220 58871223
PT [143 0 781 4 1]
 P 1559405 108404 773245 58941815
PT [143 0 782 4 1]
 P 1562635 108759 773266 59016543
PT [143 0 783 4 1]
 P 1563259 108831 776667 59086175
PT [143 0 784 4 1]
 P 1564018 108831 776670 59158355
PT [143 0 785 4 1]
 P 1567116 109187 776690 59231802
PT [143 0 786 4 1]
 P 1568824 109259 776704 59302715
PT [143 0 787 4 1]
 P 1571931 109615 776723 59376930
PT [143 0 788 4 1]
 P 1572555 109687 780124 59447075
PT [143 0 789 4 1]
 P 1575631 110042 780143 59521450
PT [143 0 790 4 1]
 P 1578534 110114 780157 59591435
PT [143 0 791 4 1]
 P 1580818 110186 780177 59666162
PT [143 0 792 4 1]
 P 1583214 110186 780180 59735795
PT [143 0 793 4 1]
 P 1586370 110542 780200 59809978
PT [143 0 794 4 1]
 P 1588982 110614 780214 59880155
PT [143 0 795 4 1]
 P 1592082 110970 780234 59954786
PT [143 0 796 4 1]
 P 1593697 110970 780237 60024515
PT [143 0 797 4 1]
 P 1596804 111326 780257 60098857
PT [143 0 798 4 1]
 P 1597827 111470 783669 60170206
PT [143 0 799 4 1]
 P 1599184 111470 783672 60241055
PT [143 0 800 4 1]
 P 1602374 111825 783691 60315270
PT [143 0 801 4 1]
 P 1602933 111897 787092 60385415
PT [143 0 802 4 1]
 P 1605066 111897 787096 60457595
PT [143 0 803 4 1]
 P 1608318 112252 787117 60532002
PT [143 0 804 4 1]
 P 1609617 112324 787131 60601955
PT [143 0 805 4 1]
 P 1612813 112680 787151 60677322
PT [143 0 806 4 1]
 P 1613372 112752 790552 60746315
PT [143 0 807 4 1]
 P 1614555 112752 790555 60818495
PT [143 0 808 4 1]
 P 1617747 113107 790575 60893221
PT [143 0 809 4 1]
 P 1621458 113534 790605 60964570
PT [143 0 810 4 1]
 P 1624247 113606 790620 61035035
PT [143 0 811 5 1]
 P 1624247 113606 794010 61107215
PT [143 0 812 5 1]
 P 1626633 113962 794031 61181721
PT [143 0 813 6 1]
 P 1629645 114034 794045 61251575
PT [143 0 814 4 1]
 P 1632102 114389 794064 61325438
PT [143 0 815 4 1]
 P 1635089 114461 794078 61395935
PT [143 0 816 4 1]
 P 1635616 114533 797479 61469509
PT [143 0 817 4 1]
 P 1637338 114888 797499 61542874
PT [143 0 818 4 1]
 P 1639664 114888 797504 61612475
PT [143 0 819 4 1]
 P 1641691 114888 797507 61684655
PT [143 0 820 4 1]
 P 1644746 115244 797527 61758070
PT [143 0 821 4 1]
 P 1645802 115388 800939 61829015
PT [143 0 822 4 1]
 P 1647461 115388 800942 61901195
PT [143 0 823 4 1]
 P 1650619 115743 800962 61974482
PT [143 0 824 4 1]
 P 1651114 115815 804363 62045555
PT [143 0 825 4 1]
 P 1652515 115815 804367 62117735
PT [143 0 826 4 1]
 P 1655766 116170 804388 62191758
PT [143 0 827 4 1]
 P 1658403 116242 804402 62262095
PT [143 0 828 4 1]
 P 1661599 116597 804423 62335543
PT [143 0 829 4 1]
 P 1662223 116669 807824 62406455
PT [143 0 830 4 1]
 P 1662895 116669 807827 62478635
PT [143 0 831 4 1]
 P 1664164 116669 807830 62550815
PT [143 0 832 4 1]
 P 1667250 117024 807850 62626086
PT [143 0 833 4 1]
 P 1672826 117452 807885 62695175
PT [143 0 834 4 1]
 P 1675228 117524 807905 62770416
PT [143 0 835 4 1]
 P 1678334 117952 807936 62841314
PT [143 0 836 4 1]
 P 1680688 117952 807939 62911715
PT [143 0 837 4 1]
 P 1682546 118308 807958 62985195
PT [143 0 838 4 1]
 P 1685403 118380 807972 63056075
PT [143 0 839 4 1]
 P 1687433 118380 807975 63128255
PT [143 0 840 4 1]
 P 1689119 118380 807978 63200435
PT [143 0 841 4 1]
 P 1692236 118736 807997 63275354
PT [143 0 842 4 1]
 P 1694858 118880 808022 63344795
PT [143 0 843 4 1]
 P 1698059 119235 808042 63418562
PT [143 0 844 4 1]
 P 1698682 119307 811443 63489155
PT [143 0 845 4 1]
 P 1700787 119307 811446 63561335
PT [143 0 846 4 1]
 P 1703953 119663 811467 63636479
PT [143 0 847 4 1]
 P 1704480 119735 814868 63705695
PT [143 0 848 4 1]
 P 1705180 119735 814871 63777875
PT [143 0 849 4 1]
 P 1706346 119735 814874 63850055
PT [143 0 850 4 1]
 P 1709468 120090 814893 63924399
PT [143 0 851 4 1]
 P 1714508 120446 817488 63994415
PT [143 0 852 4 1]
 P 1715132 120518 820889 64069270
PT [143 0 853 4 1]
 P 1718539 121018 820933 64141837
PT [143 0 854 4 1]
 P 1720909 121018 820937 64210955
PT [143 0 855 4 1]
 P 1723442 121373 820957 64284497
PT [143 0 856 4 1]
 P 1726410 121445 820972 64355315
PT [143 0 857 4 1]
 P 1726872 121445 826541 64430657
PT [143 0 858 4 1]
 P 1728768 121800 826561 64501358
PT [143 0 859 4 1]
 P 1731671 121872 826575 64571855
PT [143 0 860 4 1]
 P 1733806 121872 826578 64644035
PT [143 0 861 4 1]
 P 1737037 122228 826597 64719275
PT [143 0 862 4 1]
 P 1738125 122372 830011 64788395
PT [143 0 863 4 1]
 P 1739778 122372 830015 64860575
PT [143 0 864 4 1]
 P 1742879 122727 830035 64934056
PT [143 0 865 4 1]
 P 1744908 122799 830050 65004935
PT [143 0 866 4 1]
 P 1748077 123155 830070 65079118
PT [143 0 867 4 1]
 P 1748637 123227 833471 65149295
PT [143 0 868 4 1]
 P 1750709 123227 833474 65221475
PT [143 0 869 4 1]
 P 1753942 123583 833493 65295852
PT [143 0 870 4 1]
 P 1757560 124010 833526 65369022
PT [143 0 871 4 1]
 P 1758336 124010 833529 65438015
PT [143 0 872 4 1]
 P 1758927 124082 836930 65511749
PT [143 0 873 4 1]
 P 1760157 124082 836933 65582375
PT [143 0 874 4 1]
 P 1763268 124438 836952 65657007
PT [143 0 875 4 1]
 P 1764324 124510 840359 65729296
PT [143 0 876 4 1]
 P 1767336 124866 840378 65800502
PT [143 0 877 4 1]
 P 1770193 124938 840392 65871095
PT [143 0 878 4 1]
 P 1772481 125295 840412 65946206
PT [143 0 879 4 1]
 P 1775282 125367 840426 66015455
PT [143 0 880 4 1]
 P 1775777 125439 843829 66088967
PT [143 0 881 4 1]
 P 1777454 125439 843832 66159815
PT [143 0 882 4 1]
 P 1778895 125439 843835 66231995
PT [143 0 883 4 1]
 P 1781024 125439 843838 66304175
PT [143 0 884 4 1]
 P 1784104 125794 843858 66377624
PT [143 0 885 4 1]
 P 1787874 126294 847289 66450315
PT [143 0 886 4 1]
 P 1788598 126294 847292 66520715
PT [143 0 887 4 1]
 P 1791815 126649 847313 66595058
PT [143 0 888 4 1]
 P 1795454 127076 847344 66668263
PT [143 0 889 4 1]
 P 1797766 127076 847347 66737255
PT [143 0 890 4 1]
 P 1798390 127148 850748 66811022
PT [143 0 891 4 1]
 P 1800702 127503 850770 66884100
PT [143 0 892 4 1]
 P 1803634 127575 850784 66953795
PT [143 0 893 4 1]
 P 1806083 127930 850805 67027627
PT [143 0 894 4 1]
 P 1808671 128002 850820 67098155
PT [143 0 895 4 1]
 P 1808671 128002 854210 67170335
PT [143 0 896 4 1]
 P 1810558 128357 854231 67244838
PT [143 0 897 4 1]
 P 1813526 128429 854245 67314695
PT [143 0 898 4 1]
 P 1814021 128501 857646 67388013
PT [143 0 899 4 1]
 P 1816055 128501 857649 67459055
PT [143 0 900 4 1]
 P 1819203 128857 857669 67532854
PT [143 0 901 4 1]
 P 1821417 128929 857683 67603415
PT [143 0 902 4 1]
 P 1822867 128929 857687 67675595
PT [143 0 903 4 1]
 P 1825946 129285 857707 67750354
PT [143 0 904 4 1]
 P 1828568 129357 857721 67819955
PT [143 0 905 4 1]
 P 1831866 129713 857741 67894170
PT [143 0 906 4 1]
 P 1833191 129785 857755 67964315
PT [143 0 907 4 1]
 P 1836336 130141 857775 68037601
PT [143 0 908 4 1]
 P 1836927 130213 861176 68108675
PT [143 0 909 4 1]
 P 1839922 130568 861197 68182634
PT [143 0 910 4 1]
 P 1842791 130640 861211 68253035
PT [143 0 911 4 1]
 P 1845005 130712 861230 68327793
PT [143 0 912 4 1]
 P 1847424 130712 861233 68397395
PT [143 0 913 4 1]
 P 1850532 131067 861253 68471578
PT [143 0 914 4 1]
 P 1852641 131067 861256 68541755
PT [143 0 915 4 1]
 P 1855810 131422 861275 68616865
PT [143 0 916 4 1]
 P 1857945 131494 861289 68686115
PT [143 0 917 4 1]
 P 1859348 131494 861292 68758295
PT [143 0 918 4 1]
 P 1862481 131849 861313 68832606
PT [143 0 919 4 1]
 P 1865617 131993 861338 68902655
PT [143 0 920 4 1]
 P 1868726 132350 861359 68976838
PT [143 0 921 4 1]
 P 1869285 132422 864760 69048729
PT [143 0 922 4 1]
 P 1870071 132422 864764 69119195
PT [143 0 923 4 1]
 P 1873177 132778 864784 69193505
PT [143 0 924 4 1]
 P 1875040 132850 864798 69263555
PT [143 0 925 4 1]
 P 1878275 133205 864819 69338892
PT [143 0 926 4 1]
 P 1878867 133277 868220 69407915
PT [143 0 927 4 1]
 P 1881823 133632 868241 69482515
PT [143 0 928 5 1]
 P 1884786 133704 868255 69552275
PT [143 0 929 4 1]
 P 1886496 133704 868264 69624455
PT [143 0 930 4 1]
 P 1888919 133704 868267 69696635
PT [143 0 931 4 1]
 P 1892050 134060 868287 69770401
PT [143 0 932 4 1]
 P 1894689 134132 868302 69840995
PT [143 0 933 4 1]
 P 1897764 134487 868323 69916106
PT [143 0 934 4 1]
 P 1900029 134559 868338 69985355
PT [143 0 935 4 1]
 P 1901436 134559 868341 70057535
PT [143 0 936 4 1]
 P 1904627 134915 868360 70131880
PT [143 0 937 4 1]
 P 1907895 135059 868385 70201895
PT [143 0 938 4 1]
 P 1911124 135414 868405 70276174
PT [143 0 939 4 1]
 P 1911926 135414 868408 70346255
PT [143 0 940 4 1]
 P 1915101 135770 868427 70420695
PT [143 0 941 4 1]
 P 1916042 135842 871834 70492068
PT [143 0 942 4 1]
 P 1917286 135842 871837 70562795
PT [143 0 943 4 1]
 P 1920361 136198 871856 70636531
PT [143 0 944 4 1]
 P 1921450 136342 875268 70707155
PT [143 0 945 4 1]
 P 1924495 136698 875287 70781851
PT [143 0 946 4 1]
 P 1927367 136770 875302 70851515
PT [143 0 947 5 1]
 P 1929655 137127 875322 70924962
PT [143 0 948 4 1]
 P 1931973 137127 875325 70995875
PT [143 0 949 4 1]
 P 1932565 137199 878727 71069451
PT [143 0 950 4 1]
 P 1935042 137556 878747 71142270
PT [143 0 951 4 1]
 P 1935665 137628 882148 71212415
PT [143 0 952 4 1]
 P 1937388 137983 882168 71286694
PT [143 0 953 4 1]
 P 1940401 138055 882182 71356775
PT [143 0 954 4 1]
 P 1942974 138055 882190 71428955
PT [143 0 955 4 1]
 P 1944602 138055 882193 71501135
PT [143 0 956 4 1]
 P 1947867 138410 882213 71574870
PT [143 0 957 4 1]
 P 1949872 138482 882227 71645495
PT [143 0 958 4 1]
 P 1953018 138838 882246 71719615
PT [143 0 959 4 1]
 P 1954168 138982 885660 71791506
PT [143 0 960 4 1]
 P 1956330 138982 885664 71862035
PT [143 0 961 4 1]
 P 1959536 139337 885685 71937146
PT [143 0 962 4 1]
 P 1960928 139409 885699 72006395
PT [143 0 963 4 1]
 P 1964014 139764 885719 72079714
PT [143 0 964 4 1]
 P 1966993 139836 885739 72152437
PT [143 0 965 4 1]
 P 1968204 139836 885742 72222935
PT [143 0 966 4 1]
 P 1970549 139836 885745 72295115
PT [143 0 967 4 1]
 P 1973740 140191 885765 72368849
PT [143 0 968 4 1]
 P 1976508 140263 885779 72439475
PT [143 0 969 4 1]
 P 1979738 140619 885798 72512985
PT [143 0 970 4 1]
 P 1982005 140691 885812 72583835
PT [143 0 971 4 1]
 P 1985116 141046 885832 72658370
PT [143 0 972 4 1]
 P 1985643 141118 889233 72728195
PT [143 0 973 4 1]
 P 1987060 141118 889236 72800375
PT [143 0 974 4 1]
 P 1990135 141474 889256 72874877
PT [143 0 975 4 1]
 P 1992724 141546 889271 72944735
PT [143 0 976 4 1]
 P 1993435 141546 889275 73016915
PT [143 0 977 4 1]
 P 1996592 141902 889294 73091770
PT [143 0 978 4 1]
 P 1998903 142046 889319 73161275
PT [143 0 979 4 1]
 P 2002036 142401 889338 73236514
PT [143 0 980 4 1]
 P 2005027 142473 889357 73308245
PT [143 0 981 4 1]
 P 2007424 142473 889360 73377815
PT [143 0 982 4 1]
 P 2010649 142828 889380 73452094
PT [143 0 983 4 1]
 P 2013326 142900 889395 73522175
PT [143 0 984 4 1]
 P 2016529 143255 889416 73596937
PT [143 0 985 4 1]
 P 2018768 143327 889431 73666535
PT [143 0 986 4 1]
 P 2022003 143684 889452 73740047
PT [143 0 987 5 1]
 P 2022594 143756 892853 73810895
PT [143 0 988 4 1]
 P 2024061 143756 892856 73883075
PT [143 0 989 4 1]
 P 2027230 144111 892875 73957292
PT [143 0 990 4 1]
 P 2027757 144183 896276 74027435
PT [143 0 991 4 1]
 P 2029890 144183 896279 74099615
PT [143 0 992 4 1]
 P 2033118 144538 896299 74174022
PT [143 0 993 4 1]
 P 2034416 144610 896313 74243975
PT [143 0 994 4 1]
 P 2037590 144966 896332 74319344
PT [143 0 995 4 1]
 P 2038676 145110 899744 74390082
PT [143 0 996 4 1]
 P 2039857 145110 899748 74460515
PT [143 0 997 4 1]
 P 2043049 145465 899769 74534667
PT [143 0 998 4 1]
 P 2046037 145821 899788 74606525
PT [143 0 999 4 1]
 P 2048956 145893 899802 74677055
PT [143 0 1000 4 1]
 P 2049348 145893 903198 74751722
PT [143 0 1001 4 1]
 P 2051633 146250 903218 74823002
PT [143 0 1002 4 1]
 P 2054580 146322 903233 74893595
PT [143 0 1003 5 1]
 P 2057065 146677 903254 74968770
PT [143 0 1004 4 1]
 P 2058806 146749 903273 75037955
PT [143 0 1005 4 1]
 P 2061155 146749 903277 75110135
PT [143 0 1006 4 1]
 P 2063318 146749 903280 75182315
PT [143 0 1007 4 1]
 P 2066572 147105 903301 75255858
PT [143 0 1008 4 1]
 P 2069514 147249 903327 75326675
PT [143 0 1009 4 1]
 P 2072712 147605 903349 75400570
PT [143 0 1010 4 1]
 P 2073239 147677 906751 75471035
PT [143 0 1011 4 1]
 P 2074673 147677 906755 75543215
PT [143 0 1012 4 1]
 P 2077806 148033 906775 75617303
PT [143 0 1013 5 1]
 P 2078303 148105 910177 75687575
PT [143 0 1014 4 1]
 P 2080403 148105 910180 75759755
PT [143 0 1015 4 1]
 P 2083564 148461 910199 75833489
PT [143 0 1016 4 1]
 P 2084970 148533 910214 75904115
PT [143 0 1017 4 1]
 P 2088140 148889 910233 75978234
PT [143 0 1018 4 1]
 P 2089290 148961 915719 76051989
PT [143 0 1019 4 1]
 P 2090548 148961 915722 76120655
PT [143 0 1020 4 1]
 P 2093779 149316 915742 76194486
PT [143 0 1021 4 1]
 P 2097927 149816 915785 76267531
PT [143 0 1022 4 1]
 P 2100296 149816 915788 76337195
PT [143 0 1023 4 1]
 P 2100823 149888 919189 76410738
PT [143 0 1024 4 1]
 P 2102499 149888 919198 76481555
PT [143 0 1025 4 1]
 P 2104832 149888 919201 76553735
PT [143 0 1026 4 1]
 P 2107000 149888 919204 76625915
PT [143 0 1027 4 1]
 P 2110053 150243 919226 76699651
PT [143 0 1028 4 1]
 P 2113252 150671 922654 76772160
PT [143 0 1029 4 1]
 P 2114938 150671 922657 76842455
PT [143 0 1030 4 1]
 P 2118187 151027 922678 76916286
PT [143 0 1031 4 1]
 P 2120875 151171 922705 76986815
PT [143 0 1032 4 1]
 P 2124068 151526 922726 77061510
PT [143 0 1033 4 1]
 P 2124595 151598 926129 77131175
PT [143 0 1034 4 1]
 P 2126701 151598 926132 77203355
PT [143 0 1035 4 1]
 P 2129827 151954 926153 77276834
PT [143 0 1036 4 1]
 P 2133341 152383 926186 77349846
PT [143 0 1037 4 1]
 P 2134773 152455 926201 77419895
PT [143 0 1038 4 1]
 P 2134773 152455 929591 77492075
PT [143 0 1039 4 1]
 P 2136036 152455 929594 77564255
PT [143 0 1040 4 1]
 P 2139314 152810 929617 77638665
PT [143 0 1041 4 1]
 P 2140464 152954 933029 77708615
PT [143 0 1042 4 1]
 P 2143462 153310 933050 77782318
PT [143 0 1043 4 1]
 P 2145823 153310 933054 77852975
PT [143 0 1044 4 1]
 P 2148136 153382 933073 77927830
PT [143 0 1045 4 1]
 P 2150472 153382 933076 77997335
PT [143 0 1046 4 1]
 P 2153584 153737 933096 78071518
PT [143 0 1047 4 1]
 P 2157102 154164 933128 78144147
PT [143 0 1048 4 1]
 P 2159536 154164 933131 78213875
PT [143 0 1049 4 1]
 P 2161866 154520 933150 78288218
PT [143 0 1050 4 1]
 P 2164770 154592 933164 78358235
PT [143 0 1051 4 1]
 P 2165297 154664 936567 78431747
PT [143 0 1052 4 1]
 P 2167786 155019 936588 78504632
PT [143 0 1053 4 1]
 P 2170717 155091 936603 78574775
PT [143 0 1054 4 1]
