using saved target 'z1'
../../../../contiki/tools/sky/serialdump-linux -b115200 /dev/ttyUSB2
connecting to /dev/ttyUSB2 (115200) [OK]
Rime started with address 3.0
MAC 03:00:00:00:00:00:00:00 Ref ID: 4841
Contiki-3.x-2125-g5d67a61 started. Node id is set to 3.

************************************************
RTIMER_SECOND = 32768. F_CPU=8000000.
CLOCK_SECOND=128.
DURSLOT = 6015.(0.1835 s).
DURSLEEP = 66165.
DURCYCLE = 72180 .(2.2027 s).
MAX_CLOCK_DRIFT = WAKEUP_ADVANCE_TIME = 327 (0.0033 s).
PERIODIC_BCAST_CYCLES_SENSOR = 983043.
PERIODIC_BCAST_CYCLES_SINK = 983043.
MAX_CYCLE_COUNTER = 27904.
MAX_COUNT_NO_RTS_CTS = 65535.
MAX_CHILD_NUM = 10.
MAX_TRY_TO_FIND_PARENT = 3.

**********Below is Related Settings**********
PRIMAC_CONF_COMPOWER = 1.
PRIMAC_CONF_COMPOWER_SUPPORT = 1.
SF = 10.
PRI_SYNC_SUPPORT = 1.
RANDOM_DRIFT_IN_COOJA_SUPPORT = 0.
ADCSC_SUPPORT = 0.
DATA_TX_SUPPORT = 1.
CYCLES_PER_PACKET = 3.
DATA_INTERVAL = 7.
RETX_LIMIT = 6.
TOTAL_DATA_NUM = 50.
MAX_DATA_QUEUE_BUFS = 10.
PROC_GRADE_BASED_ON_ADDR_SUPPORT = 1.
NODES_NUM_PER_GRADE = 2.
ADDRESS_FREE_SUPPORT = 0.
IS_COOJA_SIM = 0.
CROSS_PLATFORM_SUPPORT = 1.
************************************************

My address is 3.0.
nullmac PRIMAC, channel check rate 8 Hz, radio channel 26
Starting
Hello, world
 P 0 0 0 1505519
 P 0 0 3390 1577699
 P 0 0 6780 1649879
 P 0 0 10231 1723440
 P 0 0 13621 1794239
 P 0 0 17011 1866419
 P 0 0 20401 1938599
 P 0 0 23791 2010779
EMPTY QUEUE
 P 67 0 29753 2087623
EMPTY QUEUE
 P 426 0 33152 2155836
PT [1 0 1 0 2]
 P 2756 0 34212 2227319
PT [1 0 2 0 2]
 P 3583 0 36775 2299499
PT [1 0 3 0 2]
 P 3583 0 40165 2371679
PT [1 0 4 0 2]
 P 3583 0 43555 2443859
PT [1 0 5 0 2]
EMPTY QUEUE
 P 3910 0 46954 2518528
PT [1 0 6 1 2]
 P 6183 0 46957 2588219
PT [1 0 7 1 2]
rcv bro rts
 P 8298 0 46997 2660399
PT [1 0 8 1 2]
 P 8298 0 50387 2732579
PT [1 0 9 1 2]
 P 8298 0 53777 2804759
PT [1 0 10 1 2]
EMPTY QUEUE
 P 8625 0 57175 2878596
PT [1 0 11 2 2]
 P 9907 0 57178 2949119
PT [1 0 12 2 2]
 P 11418 0 57186 3021299
PT [1 0 13 2 2]
 P 11418 0 60576 3093479
PT [1 0 14 2 2]
 P 11418 0 63966 3165659
PT [1 0 15 2 2]
EMPTY QUEUE
 P 11744 0 67365 3240199
PT [1 0 16 2 2]
 P 11744 0 70755 3310019
PT [1 0 17 2 2]
 P 13731 0 70759 3382199
PT [1 0 18 2 2]
 P 15436 0 70768 3454379
PT [1 0 19 2 2]
 P 17680 0 70771 3526559
PT [1 0 20 2 2]
EMPTY QUEUE
 P 18007 0 74170 3601292
PT [1 0 21 3 2]
 P 18007 0 77560 3670919
PT [1 0 22 3 2]
 P 18007 0 80950 3743099
PT [1 0 23 3 2]
 P 20162 0 80959 3815279
PT [1 0 24 3 2]
 P 22600 0 80962 3887459
PT [1 0 25 3 2]
EMPTY QUEUE
 P 22927 0 84360 3961872
PT [1 0 26 4 2]
 P 22927 0 87750 4031819
PT [1 0 27 4 2]
 P 22927 0 91140 4103999
PT [1 0 28 4 2]
 P 25020 0 91149 4176179
PT [1 0 29 4 2]
 P 27138 0 91152 4248359
PT [1 0 30 4 2]
EMPTY QUEUE
 P 27464 0 94551 4321939
PT [1 0 31 4 2]
 P 27464 0 97941 4392719
PT [1 0 32 4 2]
 P 27464 0 101331 4464899
PT [1 0 33 4 2]
 P 28983 0 101340 4537079
PT [1 0 34 4 2]
 P 30270 0 101343 4609259
PT [1 0 35 4 2]
EMPTY QUEUE
 P 30597 0 104742 4683544
PT [1 0 36 5 2]
 P 30597 0 108132 4753619
PT [1 0 37 5 2]
 P 30597 0 111522 4825799
PT [1 0 38 5 2]
 P 33078 0 111531 4897979
PT [1 0 39 5 2]
 P 35070 0 111535 4970159
PT [1 0 40 5 2]
EMPTY QUEUE
 P 35397 0 114933 5044636
PT [1 0 41 6 2]
 P 35397 0 118323 5114519
PT [1 0 42 6 2]
 P 35397 0 121713 5186699
PT [1 0 43 6 2]
 P 36280 0 121722 5258879
PT [1 0 44 6 2]
 P 38466 0 121725 5331059
PT [1 0 45 6 2]
EMPTY QUEUE
 P 38792 0 125125 5405216
PT [1 0 46 6 2]
 P 38792 0 128515 5475419
PT [1 0 47 6 2]
 P 38792 0 131905 5547599
PT [1 0 48 6 2]
 P 41661 0 131914 5619779
PT [1 0 49 6 2]
 P 43528 0 131917 5691959
PT [1 0 50 6 2]
EMPTY QUEUE
 P 43855 0 135316 5765284
PT [1 0 51 7 2]
 P 43855 0 138706 5836319
PT [1 0 52 7 2]
 P 43855 0 142096 5908499
PT [1 0 53 7 2]
 P 46151 0 142104 5980679
PT [1 0 54 7 2]
 P 47187 0 142107 6052859
PT [1 0 55 7 2]
EMPTY QUEUE
 P 47515 0 145505 6126889
PT [1 0 56 8 2]
 P 47515 0 148895 6197219
PT [1 0 57 8 2]
 P 47515 0 152285 6269399
PT [1 0 58 8 2]
 P 48725 0 152293 6341579
PT [1 0 59 8 2]
 P 50626 0 152296 6413759
PT [1 0 60 8 2]
EMPTY QUEUE
 P 50691 0 155688 6487711
PT [1 0 61 8 2]
EMPTY QUEUE
 P 51020 0 159086 6558784
PT [1 0 62 8 2]
 P 51020 0 162476 6630299
PT [1 0 63 8 2]
 P 52680 0 162484 6702479
PT [1 0 64 8 2]
 P 55030 0 162487 6774659
PT [1 0 65 8 2]
 P 55030 0 165877 6846839
PT [1 0 66 8 2]
EMPTY QUEUE
 P 55356 0 169276 6921667
PT [1 0 67 9 2]
 P 55356 0 172666 6991199
PT [1 0 68 9 2]
 P 56954 0 172674 7063379
PT [1 0 69 9 2]
 P 59241 0 172677 7135559
PT [1 0 70 9 2]
 P 59241 0 176067 7207739
PT [1 0 71 9 2]
EMPTY QUEUE
 P 59570 0 179465 7281993
PT [1 0 72 10 2]
 P 59570 0 182855 7352099
PT [1 0 73 10 2]
 P 60594 0 182863 7424279
PT [1 0 74 10 2]
 P 62306 0 182866 7496459
PT [1 0 75 10 2]
 P 62306 0 186256 7568639
PT [1 0 76 10 2]
EMPTY QUEUE
 P 62633 0 189654 7641803
PT [1 0 77 10 2]
 P 62633 0 193044 7712999
PT [1 0 78 10 2]
 P 64619 0 193052 7785179
PT [1 0 79 10 2]
 P 67292 0 193055 7857359
PT [1 0 80 10 2]
 P 67292 0 196445 7929539
PT [1 0 81 10 2]
EMPTY QUEUE
 P 67618 0 199844 8003151
PT [1 0 82 11 2]
 P 67618 0 203234 8073899
PT [1 0 83 11 2]
 P 70055 0 203242 8146079
PT [1 0 84 11 2]
 P 71129 0 203246 8218259
PT [1 0 85 11 2]
 P 71129 0 206636 8290439
PT [1 0 86 11 2]
EMPTY QUEUE
 P 71456 0 210034 8363988
PT [1 0 87 12 2]
 P 71456 0 213424 8434799
PT [1 0 88 12 2]
 P 73830 0 213432 8506979
PT [1 0 89 12 2]
 P 74841 0 213436 8579159
PT [1 0 90 12 2]
 P 74841 0 216826 8651339
PT [1 0 91 12 2]
EMPTY QUEUE
 P 75168 0 220224 8724311
PT [1 0 92 12 2]
 P 75168 0 223614 8795699
PT [1 0 93 12 2]
 P 76969 0 223622 8867879
PT [1 0 94 12 2]
 P 79454 0 223625 8940059
PT [1 0 95 12 2]
 P 79454 0 227015 9012239
PT [1 0 96 12 2]
EMPTY QUEUE
 P 79780 0 230414 9086171
PT [1 0 97 13 2]
 P 79780 0 233804 9156599
PT [1 0 98 13 2]
 P 82542 0 233812 9228779
PT [1 0 99 13 2]
 P 83940 0 233815 9300959
PT [1 0 100 13 2]
 P 85679 0 233823 9373139
PT [1 0 101 13 2]
EMPTY QUEUE
 P 86007 0 237221 9447808
PT [1 0 102 14 2]
 P 86007 0 240611 9517499
PT [1 0 103 14 2]
 P 86007 0 244001 9589679
PT [1 0 104 14 2]
 P 87854 0 244004 9661859
PT [1 0 105 14 2]
 P 90044 0 244012 9734039
PT [1 0 106 14 2]
EMPTY QUEUE
 P 90371 0 247410 9807875
PT [1 0 107 14 2]
 P 90371 0 250800 9878399
PT [1 0 108 14 2]
 P 90371 0 254190 9950579
PT [1 0 109 14 2]
 P 92155 0 254193 10022759
PT [1 0 110 14 2]
 P 93418 0 254201 10094939
PT [1 0 111 14 2]
EMPTY QUEUE
 P 93483 0 257593 10169211
PT [1 0 112 14 2]
EMPTY QUEUE
 P 93809 0 260992 10239963
PT [1 0 113 15 2]
 P 93809 0 264382 10311479
PT [1 0 114 15 2]
 P 95019 0 264385 10383659
PT [1 0 115 15 2]
 P 95964 0 264393 10455839
PT [1 0 116 15 2]
 P 95964 0 267783 10528019
PT [1 0 117 15 2]
EMPTY QUEUE
 P 96291 0 271182 10602848
PT [1 0 118 16 2]
 P 96291 0 274572 10672379
PT [1 0 119 16 2]
 P 98461 0 274575 10744559
PT [1 0 120 16 2]
 P 100624 0 274583 10816739
PT [1 0 121 16 2]
 P 100624 0 277973 10888919
PT [1 0 122 16 2]
EMPTY QUEUE
 P 100951 0 281371 10963172
PT [1 0 123 17 2]
 P 100951 0 284761 11033279
PT [1 0 124 17 2]
 P 103570 0 284764 11105459
PT [1 0 125 17 2]
 P 106439 0 284772 11177639
PT [1 0 126 17 2]
 P 106439 0 288162 11249819
PT [1 0 127 17 2]
EMPTY QUEUE
 P 106765 0 291561 11322983
PT [1 0 128 17 2]
 P 106765 0 294951 11394179
PT [1 0 129 17 2]
 P 109321 0 294954 11466359
PT [1 0 130 17 2]
 P 110336 0 294962 11538539
PT [1 0 131 17 2]
 P 110336 0 298352 11610719
PT [1 0 132 17 2]
EMPTY QUEUE
 P 110663 0 301751 11684332
PT [1 0 133 18 2]
 P 110663 0 305141 11755079
PT [1 0 134 18 2]
 P 112645 0 305144 11827259
PT [1 0 135 18 2]
 P 115390 0 305152 11899439
PT [1 0 136 18 2]
 P 115390 0 308542 11971619
PT [1 0 137 18 2]
 P 117631 345 308560 12045441
PT [1 0 138 19 2]
 P 119903 345 308563 12115979
PT [1 0 139 19 2]
 P 120230 417 311964 12189194
PT [1 0 140 19 2]
 P 120297 417 317926 12264747
PT [1 0 141 19 2]
 P 122954 759 317947 12335249
PT [1 0 142 19 2]
 P 123019 759 323909 12409650
PT [1 0 143 19 2]
 P 125290 759 323913 12476879
PT [1 0 144 19 2]
 P 127754 759 323916 12549059
PT [1 0 145 19 2]
 P 129326 1103 323934 12623969
PT [1 0 146 20 2]
 P 129391 1103 329896 12698370
PT [1 0 147 20 2]
 P 131412 1446 329915 12768330
PT [1 0 148 20 2]
 P 133781 1446 329918 12837779
PT [1 0 149 20 2]
 P 133846 1446 335880 12914910
PT [1 0 150 20 2]
 P 136151 1446 335883 12982139
PT [1 0 151 20 2]
 P 138237 1788 335903 13057050
PT [1 0 152 20 2]
 P 138564 1860 339303 13129389
PT [1 0 153 21 2]
 P 139878 1860 339306 13198679
PT [1 0 154 21 2]
 P 139943 1860 345268 13274818
PT [1 0 155 21 2]
 P 142031 2202 345288 13345770
PT [1 0 156 21 2]
 P 144049 2202 345291 13415219
PT [1 0 157 21 2]
 P 146584 2545 345310 13489297
PT [1 0 158 21 2]
 P 148795 2545 345313 13559579
PT [1 0 159 21 2]
 P 150085 2888 345331 13634362
PT [1 0 160 22 2]
 P 151976 2888 345334 13703939
PT [1 0 161 22 2]
 P 154481 3230 345354 13778914
PT [1 0 162 22 2]
 P 157692 3573 345373 13850774
PT [1 0 163 22 2]
 P 158721 3573 345376 13920479
PT [1 0 164 22 2]
 P 160332 3916 345395 13994302
PT [1 0 165 22 2]
 P 162832 3916 345398 14064839
PT [1 0 166 22 2]
 P 165371 4259 345417 14139365
PT [1 0 167 22 2]
 P 166663 4603 345435 14211737
PT [1 0 168 23 2]
 P 169173 4945 345455 14283598
PT [1 0 169 23 2]
 P 171098 4945 345458 14353559
PT [1 0 170 23 2]
 P 172999 5287 345478 14427126
PT [1 0 171 23 2]
 P 174925 5287 345481 14497919
PT [1 0 172 23 2]
 P 177787 5359 345500 14572189
PT [1 0 173 23 2]
 P 179145 5701 345520 14644561
PT [1 0 174 23 2]
 P 180092 5972 345530 14715856
PT [1 0 175 23 2]
 P 182019 5972 345533 14786639
PT [1 0 176 23 2]
 P 185268 6044 345552 14861550
PT [1 0 177 24 2]
 P 187668 6243 345571 14932898
PT [1 0 178 24 2]
 P 190627 6585 345592 15005781
PT [1 0 179 24 2]
 P 192554 6585 345596 15075359
PT [1 0 180 24 2]
 P 194140 6657 345614 15150333
PT [1 0 181 24 2]
 P 196420 6657 345617 15219719
PT [1 0 182 24 2]
 P 198892 6657 345620 15291899
PT [1 0 183 24 2]
 P 200511 6729 345639 15366553
PT [1 0 184 25 2]
 P 203058 7073 345658 15437902
PT [1 0 185 25 2]
 P 204358 7145 345678 15510786
PT [1 0 186 25 2]
 P 206287 7145 345681 15580619
PT [1 0 187 25 2]
 P 208803 7487 345700 15655337
PT [1 0 188 25 2]
 P 210712 7559 345719 15727197
PT [1 0 189 25 2]
 P 213581 7902 345738 15798547
PT [1 0 190 26 2]
 P 215511 7902 345741 15869339
PT [1 0 191 26 2]
 P 217889 7902 345744 15941519
PT [1 0 192 26 2]
 P 220203 7902 345747 16013699
PT [1 0 193 26 2]
 P 221475 7974 345767 16087969
PT [1 0 194 26 2]
 P 223214 7974 345770 16158059
PT [1 0 195 26 2]
 P 225914 7974 345773 16230239
PT [1 0 196 26 2]
 P 227013 7974 345776 16302419
PT [1 0 197 26 2]
 P 230270 8046 345794 16376881
PT [1 0 198 27 2]
 P 231306 8046 345797 16446779
PT [1 0 199 27 2]
 P 233814 8046 345800 16518959
PT [1 0 200 27 2]
 P 235234 8046 345803 16591139
PT [1 0 201 27 2]
 P 237916 8118 345822 16665281
PT [1 0 202 27 2]
 P 239784 8118 345826 16735499
PT [1 0 203 27 2]
 P 241379 8461 345845 16808809
PT [1 0 204 27 2]
 P 243184 8461 345848 16879859
PT [1 0 205 27 2]
 P 245228 8533 345869 16953875
PT [1 0 206 28 2]
 P 246457 8533 345872 17024219
PT [1 0 207 28 2]
 P 248438 8605 345892 17098426
PT [1 0 208 28 2]
 P 250628 8605 345895 17168579
PT [1 0 209 28 2]
 P 252032 8947 345915 17242465
PT [1 0 210 28 2]
 P 254670 8947 345918 17312939
PT [1 0 211 28 2]
 P 256982 9019 345936 17386025
PT [1 0 212 29 2]
 P 259557 9019 345939 17457299
PT [1 0 213 29 2]
 P 261188 9362 345958 17532370
PT [1 0 214 29 2]
 P 263187 9362 345961 17601659
PT [1 0 215 29 2]
 P 264498 9705 345982 17676154
PT [1 0 216 29 2]
 P 264563 9705 351945 17750683
PT [1 0 217 29 2]
 P 267091 9777 351965 17820929
PT [1 0 218 29 2]
 P 269027 9777 351968 17890379
PT [1 0 219 29 2]
 P 272260 10119 351987 17964457
PT [1 0 220 30 2]
 P 274548 10119 351991 18034739
PT [1 0 221 30 2]
 P 274559 10119 355383 18108668
PT [1 0 222 30 2]
 P 275938 10191 355403 18181830
PT [1 0 223 30 2]
 P 277875 10191 355406 18251279
PT [1 0 224 30 2]
 P 280982 10263 355425 18325357
PT [1 0 225 30 2]
 P 283368 10263 355428 18395639
PT [1 0 226 30 2]
 P 285645 10335 355447 18470422
PT [1 0 227 30 2]
 P 287967 10335 355450 18539999
PT [1 0 228 30 2]
 P 290948 10678 355468 18614974
PT [1 0 229 31 2]
 P 292694 10678 355472 18684359
PT [1 0 230 31 2]
 P 294813 10750 355492 18759014
PT [1 0 231 31 2]
 P 297104 10750 355495 18828719
PT [1 0 232 31 2]
 P 299587 10750 355498 18900899
PT [1 0 233 31 2]
 P 301750 10750 355501 18973079
PT [1 0 234 31 2]
 P 303082 10750 355504 19045259
PT [1 0 235 31 2]
 P 305651 10822 355522 19119081
PT [1 0 236 32 2]
 P 307687 10822 355525 19189619
PT [1 0 237 32 2]
 P 310192 10894 355545 19264146
PT [1 0 238 32 2]
 P 312420 10894 355549 19333979
PT [1 0 239 32 2]
 P 314350 10966 355568 19408697
PT [1 0 240 32 2]
 P 316643 10966 355571 19478339
PT [1 0 241 32 2]
 P 319129 10966 355574 19550519
PT [1 0 242 32 2]
 P 322021 11038 355593 19624917
PT [1 0 243 33 2]
 P 324187 11038 355596 19694879
PT [1 0 244 33 2]
 P 325478 11380 355616 19768446
PT [1 0 245 33 2]
 P 326812 11380 355619 19839239
PT [1 0 246 33 2]
 P 330088 11452 355638 19913509
PT [1 0 247 33 2]
 P 332128 11452 355641 19983599
PT [1 0 248 33 2]
 P 334831 11795 355659 20058061
PT [1 0 249 33 2]
 P 337062 11795 355662 20127959
PT [1 0 250 33 2]
 P 338973 11795 355665 20200139
PT [1 0 251 33 2]
 P 340052 11795 355668 20272319
PT [1 0 252 33 2]
 P 341667 11867 355688 20346462
PT [1 0 253 34 2]
 P 343451 11867 355691 20416679
PT [1 0 254 34 2]
 P 345513 12210 355712 20489989
PT [1 0 255 34 2]
 P 347457 12210 355715 20561039
PT [1 0 256 34 2]
 P 349458 12282 355734 20635053
PT [1 0 257 34 2]
 P 351851 12282 355737 20705399
PT [1 0 258 34 2]
 P 353169 12354 355755 20779606
PT [1 0 259 35 2]
 P 355498 12354 355758 20849759
PT [1 0 260 35 2]
 P 357774 12697 355777 20923645
PT [1 0 261 35 2]
 P 359528 12697 355780 20994119
PT [1 0 262 35 2]
 P 362254 12769 355799 21069221
PT [1 0 263 35 2]
 P 364552 12769 355802 21138479
PT [1 0 264 35 2]
 P 367042 12769 355807 21210659
PT [1 0 265 35 2]
 P 369707 12841 355825 21284418
PT [1 0 266 36 2]
 P 371878 12841 355828 21355019
PT [1 0 267 36 2]
 P 373966 13184 355847 21428970
PT [1 0 268 36 2]
 P 376265 13184 355850 21499379
PT [1 0 269 36 2]
 P 378756 13184 355853 21571559
PT [1 0 270 36 2]
 P 380781 13256 355872 21644645
PT [1 0 271 36 2]
 P 382953 13256 355875 21715919
PT [1 0 272 36 2]
 P 384500 13328 355893 21790991
PT [1 0 273 37 2]
 P 386800 13328 355896 21860279
PT [1 0 274 37 2]
 P 388748 13328 355899 21932459
PT [1 0 275 37 2]
 P 389976 13400 355918 22006953
PT [1 0 276 37 2]
 P 392373 13400 355921 22076819
PT [1 0 277 37 2]
 P 394818 13472 355940 22150226
PT [1 0 278 37 2]
 P 397151 13472 355943 22221179
PT [1 0 279 37 2]
 P 400299 13814 355963 22295033
PT [1 0 280 38 2]
 P 402057 13814 355966 22365539
PT [1 0 281 38 2]
 P 403351 13886 355987 22439330
PT [1 0 282 38 2]
 P 405653 13886 355990 22509899
PT [1 0 283 38 2]
 P 407955 13886 355993 22582079
PT [1 0 284 38 2]
 P 410258 13886 355996 22654259
PT [1 0 285 38 2]
 P 412754 13886 355999 22726439
PT [1 0 286 38 2]
 P 415778 13958 356019 22799653
PT [1 0 287 38 2]
 P 417953 13958 356022 22870799
PT [1 0 288 38 2]
 P 420146 14030 356041 22944974
PT [1 0 289 39 2]
 P 421490 14030 356044 23015159
PT [1 0 290 39 2]
 P 424387 14102 356063 23089781
PT [1 0 291 39 2]
 P 426435 14102 356067 23159519
PT [1 0 292 39 2]
 P 428470 14445 356085 23234078
PT [1 0 293 40 2]
 P 430711 14445 356088 23303879
PT [1 0 294 40 2]
 P 432747 14517 356106 23377861
PT [1 0 295 40 2]
 P 434668 14517 356109 23448239
PT [1 0 296 40 2]
 P 436703 14860 356129 23523182
PT [1 0 297 40 2]
 P 437792 14860 356133 23592599
PT [1 0 298 40 2]
 P 439586 14860 356136 23664779
PT [1 0 299 40 2]
 P 441572 14860 356139 23736959
PT [1 0 300 40 2]
 P 443609 15202 356160 23810301
PT [1 0 301 40 2]
 P 445276 15202 356164 23881319
PT [1 0 302 40 2]
 P 447762 15545 356182 23954597
PT [1 0 303 41 2]
 P 450645 15545 356185 24025679
PT [1 0 304 41 2]
 P 452686 15888 356204 24100431
PT [1 0 305 41 2]
 P 454225 15888 356207 24170039
PT [1 0 306 41 2]
 P 456263 16230 356228 24243701
PT [1 0 307 41 2]
 P 457996 16230 356231 24314399
PT [1 0 308 41 2]
 P 460036 16572 356251 24388509
PT [1 0 309 41 2]
 P 461448 16572 356254 24458759
PT [1 0 310 41 2]
 P 463489 16914 356273 24532805
PT [1 0 311 42 2]
 P 466118 16914 356276 24603119
PT [1 0 312 42 2]
 P 467404 16914 356279 24675299
PT [1 0 313 42 2]
 P 469893 17257 356300 24748769
PT [1 0 314 42 2]
 P 472202 17257 356303 24819659
PT [1 0 315 42 2]
 P 474703 17257 356307 24891839
PT [1 0 316 42 2]
 P 476885 17257 356310 24964019
PT [1 0 317 42 2]
 P 479313 17600 356328 25038449
PT [1 0 318 43 2]
 P 481623 17600 356331 25108379
PT [1 0 319 43 2]
 P 484125 17600 356334 25180559
PT [1 0 320 43 2]
 P 486307 17600 356338 25252739
PT [1 0 321 43 2]
 P 488161 17943 356357 25327617
PT [1 0 322 43 2]
 P 489512 17943 356360 25397099
PT [1 0 323 43 2]
 P 492326 18285 356380 25471913
PT [1 0 324 43 2]
 P 494381 18285 356383 25541459
PT [1 0 325 43 2]
 P 495599 18627 356402 25615699
PT [1 0 326 44 2]
 P 497911 18627 356405 25685819
PT [1 0 327 44 2]
 P 500415 18627 356408 25757999
PT [1 0 328 44 2]
 P 502599 18627 356411 25830179
PT [1 0 329 44 2]
 P 505799 18971 356430 25903329
PT [1 0 330 44 2]
 P 507152 18971 356433 25974539
PT [1 0 331 44 2]
 P 509778 19314 356451 26048137
PT [1 0 332 44 2]
 P 511835 19314 356454 26118899
PT [1 0 333 44 2]
 P 513373 19656 356474 26192434
PT [1 0 334 45 2]
 P 515688 19656 356477 26263259
PT [1 0 335 45 2]
 P 518194 19656 356480 26335439
PT [1 0 336 45 2]
 P 520380 19656 356483 26407619
PT [1 0 337 45 2]
 P 522367 19998 356502 26482625
PT [1 0 338 45 2]
 P 523721 19998 356506 26551979
PT [1 0 339 45 2]
 P 525646 20342 356524 26625897
PT [1 0 340 46 2]
 P 527705 20342 356527 26696339
PT [1 0 341 46 2]
 P 529055 20685 356547 26770707
PT [1 0 342 46 2]
 P 531370 20685 356550 26840699
PT [1 0 343 46 2]
 P 533686 20685 356553 26912879
PT [1 0 344 46 2]
 P 533697 20685 359945 26985432
PT [1 0 345 46 2]
 P 534023 20757 363346 27058145
PT [1 0 346 46 2]
 P 534088 20757 369308 27134210
PT [1 0 347 46 2]
 P 536400 21099 369327 27204329
PT [1 0 348 47 2]
 P 539161 21442 369345 27275678
PT [1 0 349 47 2]
 P 541859 21784 369364 27348563
PT [1 0 350 47 2]
 P 543980 22126 369386 27420934
PT [1 0 351 47 2]
 P 545945 22126 369389 27490319
PT [1 0 352 47 2]
 P 549026 22468 369410 27564973
PT [1 0 353 47 2]
 P 551630 22812 369428 27636322
PT [1 0 354 47 2]
 P 553113 23155 369449 27709207
PT [1 0 355 48 2]
 P 555396 23497 369469 27781577
PT [1 0 356 48 2]
 P 557810 23497 369473 27851219
PT [1 0 357 48 2]
Warning: data sending process fails.
 P 558139 23562 372979 27925940
PT [1 0 358 48 2]
 P 558204 23562 378941 27999858
PT [1 0 359 48 2]
 P 558530 23634 382342 28068665
PT [1 0 360 48 2]
 P 559983 23706 382361 28142829
PT [1 0 361 48 2]
 P 562335 23706 382364 28212119
PT [1 0 362 48 2]
 P 562400 23706 388326 28288258
PT [1 0 363 48 2]
 P 562727 23778 391726 28357386
PT [1 0 364 49 2]
 P 562792 23778 397688 28433450
PT [1 0 365 49 2]
 P 564952 23850 397709 28503571
PT [1 0 366 49 2]
 P 566729 23850 397712 28573019
PT [1 0 367 49 2]
 P 567055 23922 401113 28648089
PT [1 0 368 49 2]
 P 567382 23994 404513 28719277
PT [1 0 369 49 2]
 P 567709 24066 407913 28791873
PT [1 0 370 50 2]
 P 570063 24138 407932 28862965
PT [1 0 371 50 2]
 P 572801 24138 407935 28933919
PT [1 0 372 50 2]
 P 572801 24138 411325 29006099
PT [1 0 373 50 2]
 P 572801 24138 414715 29078279
PT [1 0 374 50 2]
 P 572801 24138 418105 29150459
PT [1 0 375 50 2]
EMPTY QUEUE
 P 574838 24138 418121 29224071
PT [1 0 376 50 2]
 P 575977 24138 418124 29294819
PT [1 0 377 50 2]
 P 575977 24138 421514 29366999
PT [1 0 378 50 2]
 P 575977 24138 424904 29439179
PT [1 0 379 50 2]
 P 575977 24138 428294 29511359
PT [1 0 380 50 2]
EMPTY QUEUE
 P 579233 24138 428311 29584908
PT [1 0 381 51 2]
 P 580309 24138 428314 29655719
PT [1 0 382 51 2]
 P 580309 24138 431704 29727899
PT [1 0 383 51 2]
 P 580309 24138 435094 29800079
PT [1 0 384 51 2]
 P 580309 24138 438484 29872259
PT [1 0 385 51 2]
EMPTY QUEUE
 P 582222 24138 438500 29945232
PT [1 0 386 52 2]
 P 584547 24138 438503 30016619
PT [1 0 387 52 2]
 P 584547 24138 441893 30088799
PT [1 0 388 52 2]
 P 584547 24138 445283 30160979
PT [1 0 389 52 2]
 P 584547 24138 448673 30233159
PT [1 0 390 52 2]
EMPTY QUEUE
 P 586655 24138 448690 30307091
PT [1 0 391 52 2]
 P 589173 24138 448693 30377519
PT [1 0 392 52 2]
 P 589173 24138 452083 30449699
PT [1 0 393 52 2]
 P 589173 24138 455473 30521879
PT [1 0 394 52 2]
 P 589173 24138 458863 30594059
PT [1 0 395 52 2]
EMPTY QUEUE
 P 590962 24138 458880 30668440
PT [1 0 396 53 2]
 P 593161 24138 458883 30738419
PT [1 0 397 53 2]
 P 593161 24138 462273 30810599
PT [1 0 398 53 2]
 P 593161 24138 465663 30882779
PT [1 0 399 53 2]
 P 593161 24138 469053 30954959
PT [1 0 400 53 2]
EMPTY QUEUE
 P 596168 24138 469069 31029277
PT [1 0 401 54 2]
 P 597536 24138 469072 31099319
PT [1 0 402 54 2]
 P 597536 24138 472462 31171499
PT [1 0 403 54 2]
 P 597536 24138 475852 31243679
PT [1 0 404 54 2]
 P 597536 24138 479242 31315859
PT [1 0 405 54 2]
EMPTY QUEUE
 P 599200 24138 479259 31389599
PT [1 0 406 54 2]
 P 601273 24138 479263 31460219
PT [1 0 407 54 2]
 P 601273 24138 482653 31532399
PT [1 0 408 54 2]
 P 601273 24138 486043 31604579
PT [1 0 409 54 2]
 P 601273 24138 489433 31676759
PT [1 0 410 54 2]
EMPTY QUEUE
 P 603132 24138 489451 31751461
PT [1 0 411 55 2]
 P 605399 24138 489454 31821119
PT [1 0 412 55 2]
 P 605399 24138 492844 31893299
PT [1 0 413 55 2]
 P 605399 24138 496234 31965479
PT [1 0 414 55 2]
 P 605399 24138 499624 32037659
PT [1 0 415 55 2]
EMPTY QUEUE
 P 605726 24138 503022 32111880
PT [1 0 416 56 2]
 P 607484 24138 503031 32182019
PT [1 0 417 56 2]
 P 609464 24138 503034 32254199
PT [1 0 418 56 2]
 P 609464 24138 506424 32326379
PT [1 0 419 56 2]
 P 609464 24138 509814 32398559
PT [1 0 420 56 2]
EMPTY QUEUE
 P 609791 24138 513213 32472459
PT [1 0 421 56 2]
 P 611999 24138 513222 32542919
PT [1 0 422 56 2]
 P 614428 24138 513225 32615099
PT [1 0 423 56 2]
 P 614428 24138 516615 32687279
PT [1 0 424 56 2]
 P 614428 24138 520005 32759459
PT [1 0 425 56 2]
EMPTY QUEUE
 P 614755 24138 523404 32832528
PT [1 0 426 57 2]
 P 616901 24138 523413 32903819
PT [1 0 427 57 2]
 P 619235 24138 523416 32975999
PT [1 0 428 57 2]
 P 619235 24138 526806 33048179
PT [1 0 429 57 2]
 P 619235 24138 530196 33120359
PT [1 0 430 57 2]
EMPTY QUEUE
 P 619562 24138 533594 33194132
PT [1 0 431 58 2]
 P 621134 24138 533603 33264719
PT [1 0 432 58 2]
 P 623661 24138 533606 33336899
PT [1 0 433 58 2]
 P 623661 24138 536996 33409079
PT [1 0 434 58 2]
 P 623661 24138 540386 33481259
PT [1 0 435 58 2]
EMPTY QUEUE
 P 623987 24138 543785 33555223
PT [1 0 436 58 2]
 P 626521 24138 543794 33625619
PT [1 0 437 58 2]
 P 628729 24138 543797 33697799
PT [1 0 438 58 2]
 P 628729 24138 547187 33769979
PT [1 0 439 58 2]
 P 628729 24138 550577 33842159
PT [1 0 440 58 2]
EMPTY QUEUE
 P 629056 24138 553976 33915804
PT [1 0 441 59 2]
 P 629992 24138 553985 33986519
PT [1 0 442 59 2]
 P 631369 24138 553988 34058699
PT [1 0 443 59 2]
 P 631369 24138 557378 34130879
PT [1 0 444 59 2]
 P 631369 24138 560768 34203059
PT [1 0 445 59 2]
EMPTY QUEUE
 P 631696 24138 564167 34277921
PT [1 0 446 60 2]
 P 634618 24138 564176 34347419
PT [1 0 447 60 2]
 P 636700 24138 564180 34419599
PT [1 0 448 60 2]
 P 636700 24138 567570 34491779
PT [1 0 449 60 2]
 P 636700 24138 570960 34563959
PT [1 0 450 60 2]
EMPTY QUEUE
 P 637026 24138 574359 34637475
PT [1 0 451 60 2]
 P 639374 24138 574368 34708319
PT [1 0 452 60 2]
 P 641650 24138 574371 34780499
PT [1 0 453 60 2]
 P 641650 24138 577761 34852679
PT [1 0 454 60 2]
 P 641650 24138 581151 34924859
PT [1 0 455 60 2]
EMPTY QUEUE
 P 641978 24138 584550 34998569
PT [1 0 456 61 2]
 P 643240 24138 584559 35069219
PT [1 0 457 61 2]
 P 645197 24138 584562 35141399
PT [1 0 458 61 2]
 P 645197 24138 587952 35213579
PT [1 0 459 61 2]
 P 645197 24138 591342 35285759
PT [1 0 460 61 2]
EMPTY QUEUE
 P 645524 24138 594740 35359148
PT [1 0 461 62 2]
 P 647236 24138 594748 35430119
PT [1 0 462 62 2]
 P 648362 24138 594751 35502299
PT [1 0 463 62 2]
 P 648362 24138 598141 35574479
PT [1 0 464 62 2]
 P 648362 24138 601531 35646659
PT [1 0 465 62 2]
EMPTY QUEUE
 P 648690 24138 604929 35721265
PT [1 0 466 64 2]
 P 650341 24138 604939 35791019
PT [1 0 467 64 2]
 P 652172 24138 604942 35863199
PT [1 0 468 64 2]
 P 652172 24138 608332 35935379
PT [1 0 469 64 2]
 P 652172 24138 611722 36007559
PT [1 0 470 64 2]
EMPTY QUEUE
 P 652499 24138 615121 36080820
PT [1 0 471 63 2]
 P 652499 24138 618511 36151919
PT [1 0 472 63 2]
 P 654280 24138 618519 36224099
PT [1 0 473 63 2]
 P 656272 24138 618522 36296279
PT [1 0 474 63 2]
 P 656272 24138 621912 36368459
PT [1 0 475 63 2]
EMPTY QUEUE
 P 656599 24138 625310 36441912
PT [1 0 476 64 2]
 P 656599 24138 628700 36512819
PT [1 0 477 64 2]
 P 658830 24138 628708 36584999
PT [1 0 478 64 2]
 P 661271 24138 628711 36657179
PT [1 0 479 64 2]
 P 663055 24138 628719 36729359
PT [1 0 480 64 2]
EMPTY QUEUE
 P 663381 24138 632118 36804027
PT [1 0 481 64 2]
 P 663381 24138 635508 36873719
PT [1 0 482 64 2]
 P 663381 24138 638898 36945899
PT [1 0 483 64 2]
 P 665759 24138 638902 37018079
PT [1 0 484 64 2]
 P 667993 24138 638910 37090259
PT [1 0 485 64 2]
EMPTY QUEUE
 P 668320 24138 642309 37164096
PT [1 0 486 65 2]
 P 668320 24138 645699 37234619
PT [1 0 487 65 2]
 P 668320 24138 649089 37306799
PT [1 0 488 65 2]
 P 670123 24138 649093 37378979
PT [1 0 489 65 2]
 P 672295 24138 649101 37451159
PT [1 0 490 65 2]
EMPTY QUEUE
 P 672622 24138 652499 37525700
PT [1 0 491 66 2]
 P 672622 24138 655889 37595519
PT [1 0 492 66 2]
 P 672622 24138 659279 37667699
PT [1 0 493 66 2]
 P 675387 24138 659282 37739879
PT [1 0 494 66 2]
 P 676985 24138 659290 37812059
PT [1 0 495 66 2]
EMPTY QUEUE
 P 677311 24138 662689 37886791
PT [1 0 496 66 2]
 P 677311 24138 666079 37956419
PT [1 0 497 66 2]
 P 677311 24138 669469 38028599
PT [1 0 498 66 2]
 P 678477 24138 669472 38100779
PT [1 0 499 66 2]
 P 681037 24138 669481 38172959
PT [1 0 500 66 2]
EMPTY QUEUE
 P 681364 24138 672880 38247372
PT [1 0 501 67 2]
 P 681364 24138 676270 38317319
PT [1 0 502 67 2]
 P 681364 24138 679660 38389499
PT [1 0 503 67 2]
 P 682467 24138 679663 38461679
PT [1 0 504 67 2]
 P 683429 24138 679671 38533859
PT [1 0 505 67 2]
EMPTY QUEUE
 P 683756 24138 683069 38607440
PT [1 0 506 68 2]
 P 683756 24138 686459 38678219
PT [1 0 507 68 2]
 P 683756 24138 689849 38750399
PT [1 0 508 68 2]
 P 686332 24138 689852 38822579
PT [1 0 509 68 2]
 P 689281 24138 689861 38894759
PT [1 0 510 68 2]
EMPTY QUEUE
 P 689607 24138 693260 38969043
PT [1 0 511 68 2]
 P 689607 24138 696650 39039119
PT [1 0 512 68 2]
 P 689607 24138 700040 39111299
PT [1 0 513 68 2]
 P 691096 24138 700043 39183479
PT [1 0 514 68 2]
 P 693470 24138 700051 39255659
PT [1 0 515 68 2]
EMPTY QUEUE
 P 693797 24138 703450 39330136
PT [1 0 516 69 2]
 P 693797 24138 706840 39400019
PT [1 0 517 69 2]
 P 693797 24138 710230 39472199
PT [1 0 518 69 2]
 P 695735 24138 710233 39544379
PT [1 0 519 69 2]
 P 697023 24138 710241 39616559
PT [1 0 520 69 2]
EMPTY QUEUE
 P 697350 24138 713639 39690716
PT [1 0 521 70 2]
 P 697350 24138 717029 39760919
PT [1 0 522 70 2]
 P 697350 24138 720419 39833099
PT [1 0 523 70 2]
 P 699225 24138 720422 39905279
PT [1 0 524 70 2]
 P 700963 24138 720430 39977459
PT [1 0 525 70 2]
EMPTY QUEUE
 P 701289 24138 723829 40050783
PT [1 0 526 70 2]
 P 701289 24138 727219 40121819
PT [1 0 527 70 2]
 P 701289 24138 730609 40193999
PT [1 0 528 70 2]
 P 702589 24138 730612 40266179
PT [1 0 529 70 2]
 P 704155 24138 730620 40338359
PT [1 0 530 70 2]
EMPTY QUEUE
 P 704482 24138 734019 40412388
PT [1 0 531 71 2]
 P 704482 24138 737409 40482719
PT [1 0 532 71 2]
 P 704482 24138 740799 40554899
PT [1 0 533 71 2]
 P 706743 24138 740803 40627079
PT [1 0 534 71 2]
 P 709047 24138 740811 40699259
PT [1 0 535 71 2]
EMPTY QUEUE
 P 709374 24138 744209 40773480
PT [1 0 536 72 2]
 P 709374 24138 747599 40843619
PT [1 0 537 72 2]
 P 709374 24138 750989 40915799
PT [1 0 538 72 2]
 P 712086 24138 750992 40987979
PT [1 0 539 72 2]
 P 714584 24138 751001 41060159
PT [1 0 540 72 2]
EMPTY QUEUE
 P 714910 24138 754400 41134059
PT [1 0 541 72 2]
 P 714910 24138 757790 41204519
PT [1 0 542 72 2]
 P 714910 24138 761180 41276699
PT [1 0 543 72 2]
 P 717558 24138 761183 41348879
PT [1 0 544 72 2]
 P 719738 24138 761192 41421059
PT [1 0 545 72 2]
EMPTY QUEUE
 P 720065 24138 764591 41494128
PT [1 0 546 73 2]
 P 720065 24138 767981 41565419
PT [1 0 547 73 2]
 P 720065 24138 771371 41637599
PT [1 0 548 73 2]
 P 722139 24138 771374 41709779
PT [1 0 549 73 2]
 P 723489 24138 771383 41781959
PT [1 0 550 73 2]
EMPTY QUEUE
 P 723816 24138 774781 41855732
PT [1 0 551 74 2]
 P 723816 24138 778171 41926319
PT [1 0 552 74 2]
 P 723816 24138 781561 41998499
PT [1 0 553 74 2]
 P 724802 24138 781564 42070679
PT [1 0 554 74 2]
 P 726858 24138 781573 42142859
PT [1 0 555 74 2]
EMPTY QUEUE
 P 727185 24138 784972 42216824
PT [1 0 556 74 2]
 P 727185 24138 788362 42287219
PT [1 0 557 74 2]
 P 727185 24138 791752 42359399
PT [1 0 558 74 2]
 P 728620 24138 791755 42431579
PT [1 0 559 74 2]
 P 730870 24138 791764 42503759
PT [1 0 560 74 2]
EMPTY QUEUE
 P 731197 24138 795163 42577404
PT [1 0 561 75 2]
 P 731197 24138 798553 42648119
PT [1 0 562 75 2]
 P 731197 24138 801943 42720299
PT [1 0 563 75 2]
 P 732569 24138 801946 42792479
PT [1 0 564 75 2]
 P 734501 24138 801955 42864659
PT [1 0 565 75 2]
EMPTY QUEUE
 P 734829 24138 805353 42939521
PT [1 0 566 76 2]
 P 734829 24138 808743 43009019
PT [1 0 567 76 2]
 P 734829 24138 812133 43081199
PT [1 0 568 76 2]
 P 737674 24138 812136 43153379
PT [1 0 569 76 2]
 P 738778 24138 812144 43225559
PT [1 0 570 76 2]
EMPTY QUEUE
 P 739104 24138 815543 43299075
PT [1 0 571 76 2]
 P 739104 24138 818933 43369919
PT [1 0 572 76 2]
 P 739104 24138 822323 43442099
PT [1 0 573 76 2]
 P 740862 24138 822326 43514279
PT [1 0 574 76 2]
 P 742670 24138 822335 43586459
PT [1 0 575 76 2]
EMPTY QUEUE
 P 742998 24138 825734 43660169
PT [1 0 576 77 2]
 P 742998 24138 829124 43730819
PT [1 0 577 77 2]
 P 742998 24138 832514 43802999
PT [1 0 578 77 2]
 P 745205 24138 832517 43875179
PT [1 0 579 77 2]
 P 747208 24138 832525 43947359
PT [1 0 580 77 2]
EMPTY QUEUE
 P 747535 24138 835923 44020748
PT [1 0 581 78 2]
 P 747535 24138 839313 44091719
PT [1 0 582 78 2]
 P 747535 24138 842703 44163899
PT [1 0 583 78 2]
 P 749679 24138 842707 44236079
PT [1 0 584 78 2]
 P 751364 24138 842715 44308259
PT [1 0 585 78 2]
EMPTY QUEUE
 P 751691 24138 846114 44382864
PT [1 0 586 78 2]
 P 751691 24138 849504 44452619
PT [1 0 587 78 2]
 P 751691 24138 852894 44524799
PT [1 0 588 78 2]
 P 751691 24138 856284 44596979
PT [1 0 589 78 2]
 P 754061 24138 856287 44669159
PT [1 0 590 78 2]
EMPTY QUEUE
 P 756107 24138 856304 44742420
PT [1 0 591 79 2]
 P 756107 24138 859694 44813519
PT [1 0 592 79 2]
 P 756107 24138 863084 44885699
PT [1 0 593 79 2]
 P 756107 24138 866474 44957879
PT [1 0 594 79 2]
 P 758670 24138 866477 45030059
PT [1 0 595 79 2]
EMPTY QUEUE
 P 761166 24138 866493 45103512
PT [1 0 596 80 2]
 P 761166 24138 869883 45174419
PT [1 0 597 80 2]
 P 761166 24138 873273 45246599
PT [1 0 598 80 2]
 P 761166 24138 876663 45318779
PT [1 0 599 80 2]
 P 763410 24138 876666 45390959
PT [1 0 600 80 2]
EMPTY QUEUE
 P 765843 24138 876683 45464092
PT [1 0 601 80 2]
 P 765843 24138 880073 45535319
PT [1 0 602 80 2]
 P 768216 24138 880076 45607499
PT [1 0 603 80 2]
 P 768216 24138 883466 45679679
PT [1 0 604 80 2]
 P 768216 24138 886856 45751859
PT [1 0 605 80 2]
EMPTY QUEUE
 P 770077 24138 886874 45826208
PT [1 0 606 81 2]
 P 770077 24138 890264 45896219
PT [1 0 607 81 2]
 P 772643 24138 890267 45968399
PT [1 0 608 81 2]
 P 772643 24138 893657 46040579
PT [1 0 609 81 2]
 P 772643 24138 897047 46112759
PT [1 0 610 81 2]
EMPTY QUEUE
 P 775465 24138 897064 46185765
PT [1 0 611 82 2]
 P 775465 24138 900454 46257119
PT [1 0 612 82 2]
 P 777712 24138 900457 46329299
PT [1 0 613 82 2]
 P 777712 24138 903847 46401479
PT [1 0 614 82 2]
 P 777712 24138 907237 46473659
PT [1 0 615 82 2]
EMPTY QUEUE
 P 778935 24138 907255 46546855
PT [1 0 616 82 2]
 P 778935 24138 910645 46618019
PT [1 0 617 82 2]
 P 780959 24138 910648 46690199
PT [1 0 618 82 2]
 P 780959 24138 914038 46762379
PT [1 0 619 82 2]
 P 780959 24138 917428 46834559
PT [1 0 620 82 2]
EMPTY QUEUE
 P 784170 24138 917445 46907437
PT [1 0 621 84 2]
 P 784170 24138 920835 46978919
PT [1 0 622 84 2]
 P 784170 24138 924225 47051099
PT [1 0 623 84 2]
 P 786547 24138 924228 47123279
PT [1 0 624 84 2]
 P 786547 24138 927618 47195459
PT [1 0 625 84 2]
EMPTY QUEUE
 P 789183 24138 927635 47269552
PT [1 0 626 84 2]
 P 789183 24138 931025 47339819
PT [1 0 627 84 2]
 P 789183 24138 934415 47411999
PT [1 0 628 84 2]
 P 791753 24138 934418 47484179
PT [1 0 629 84 2]
 P 791753 24138 937808 47556359
PT [1 0 630 84 2]
EMPTY QUEUE
 P 793302 24138 937826 47631155
PT [1 0 631 84 2]
 P 793302 24138 941216 47700719
PT [1 0 632 84 2]
 P 793302 24138 944606 47772899
PT [1 0 633 84 2]
 P 795553 24138 944610 47845079
PT [1 0 634 84 2]
 P 795553 24138 948000 47917259
PT [1 0 635 84 2]
EMPTY QUEUE
 P 797553 24138 948018 47990200
PT [1 0 636 85 2]
 P 797553 24138 951408 48061619
PT [1 0 637 85 2]
 P 797553 24138 954798 48133799
PT [1 0 638 85 2]
 P 798973 24138 954802 48205979
PT [1 0 639 85 2]
 P 798973 24138 958192 48278159
PT [1 0 640 85 2]
EMPTY QUEUE
 P 800911 24138 958209 48352828
PT [1 0 641 86 2]
 P 800911 24138 961599 48422519
PT [1 0 642 86 2]
 P 800911 24138 964989 48494699
PT [1 0 643 86 2]
 P 803037 24138 964992 48566879
PT [1 0 644 86 2]
 P 803037 24138 968382 48639059
PT [1 0 645 86 2]
EMPTY QUEUE
 P 804401 24138 968400 48712895
PT [1 0 646 86 2]
 P 804401 24138 971790 48783419
PT [1 0 647 86 2]
 P 804401 24138 975180 48855599
PT [1 0 648 86 2]
 P 806720 24138 975183 48927779
PT [1 0 649 86 2]
 P 806720 24138 978573 48999959
PT [1 0 650 86 2]
EMPTY QUEUE
 P 809046 24138 978591 49074500
PT [1 0 651 87 2]
 P 809046 24138 981981 49144319
PT [1 0 652 87 2]
 P 809046 24138 985371 49216499
PT [1 0 653 87 2]
 P 811046 24138 985374 49288679
PT [1 0 654 87 2]
 P 811046 24138 988764 49360859
PT [1 0 655 87 2]
EMPTY QUEUE
 P 813822 24138 988781 49435592
PT [1 0 656 88 2]
 P 813822 24138 992171 49505219
PT [1 0 657 88 2]
 P 813822 24138 995561 49577399
PT [1 0 658 88 2]
 P 814991 24138 995564 49649579
PT [1 0 659 88 2]
 P 814991 24138 998954 49721759
PT [1 0 660 88 2]
EMPTY QUEUE
 P 817704 24138 998972 49796171
PT [1 0 661 88 2]
 P 817704 24138 1002362 49866119
PT [1 0 662 88 2]
 P 817704 24138 1005752 49938299
PT [1 0 663 88 2]
 P 819578 24138 1005755 50010479
PT [1 0 664 88 2]
 P 819578 24138 1009145 50082659
PT [1 0 665 88 2]
EMPTY QUEUE
 P 821719 24138 1009162 50155504
PT [1 0 666 89 2]
 P 822989 24138 1009170 50227019
PT [1 0 667 89 2]
 P 822989 24138 1012560 50299199
PT [1 0 668 89 2]
 P 825056 24138 1012563 50371379
PT [1 0 669 89 2]
 P 825056 24138 1015953 50443559
PT [1 0 670 89 2]
EMPTY QUEUE
 P 825383 24138 1019351 50518388
PT [1 0 671 90 2]
 P 826280 24138 1019359 50587919
PT [1 0 672 90 2]
 P 828032 24138 1019368 50660099
PT [1 0 673 90 2]
 P 829780 24138 1019371 50732279
PT [1 0 674 90 2]
 P 829780 24138 1022761 50804459
PT [1 0 675 90 2]
EMPTY QUEUE
 P 830107 24138 1026160 50879128
PT [1 0 676 90 2]
 P 830107 24138 1029550 50948819
PT [1 0 677 90 2]
 P 832309 24138 1029559 51020999
PT [1 0 678 90 2]
 P 835274 24138 1029562 51093179
PT [1 0 679 90 2]
 P 835274 24138 1032952 51165359
PT [1 0 680 90 2]
EMPTY QUEUE
 P 835601 24138 1036350 51239197
PT [1 0 681 91 2]
 P 835601 24138 1039740 51309719
PT [1 0 682 91 2]
 P 837741 24138 1039749 51381899
PT [1 0 683 91 2]
 P 839779 24138 1039752 51454079
PT [1 0 684 91 2]
 P 839779 24138 1043142 51526259
PT [1 0 685 91 2]
EMPTY QUEUE
 P 840106 24138 1046540 51600799
PT [1 0 686 92 2]
 P 840106 24138 1049930 51670619
PT [1 0 687 92 2]
 P 841672 24138 1049939 51742799
PT [1 0 688 92 2]
 P 844160 24138 1049942 51814979
PT [1 0 689 92 2]
 P 844160 24138 1053332 51887159
PT [1 0 690 92 2]
EMPTY QUEUE
 P 844486 24138 1056732 51961892
PT [1 0 691 92 2]
 P 844486 24138 1060122 52031519
PT [1 0 692 92 2]
 P 847015 24138 1060130 52103699
PT [1 0 693 92 2]
 P 849440 24138 1060133 52175879
PT [1 0 694 92 2]
 P 849440 24138 1063523 52248059
PT [1 0 695 92 2]
EMPTY QUEUE
 P 849767 24138 1066922 52322472
PT [1 0 696 93 2]
 P 849767 24138 1070312 52392419
PT [1 0 697 93 2]
 P 850698 24138 1070320 52464599
PT [1 0 698 93 2]
 P 852548 24138 1070323 52536779
PT [1 0 699 93 2]
 P 852548 24138 1073713 52608959
PT [1 0 700 93 2]
EMPTY QUEUE
 P 852876 24138 1077111 52682541
PT [1 0 701 95 2]
 P 852876 24138 1080501 52753319
PT [1 0 702 95 2]
 P 855793 24138 1080509 52825499
PT [1 0 703 95 2]
 P 858604 24138 1080512 52897679
PT [1 0 704 95 2]
 P 858604 24138 1083902 52969859
PT [1 0 705 95 2]
EMPTY QUEUE
 P 858930 24138 1087301 53044143
PT [1 0 706 94 2]
 P 858930 24138 1090691 53114219
PT [1 0 707 94 2]
 P 861273 24138 1090699 53186399
PT [1 0 708 94 2]
 P 862485 24138 1090702 53258579
PT [1 0 709 94 2]
 P 862485 24138 1094092 53330759
PT [1 0 710 94 2]
EMPTY QUEUE
 P 862812 24138 1097491 53405236
PT [1 0 711 95 2]
 P 862812 24138 1100881 53475119
PT [1 0 712 95 2]
 P 864069 24138 1100889 53547299
PT [1 0 713 95 2]
 P 865218 24138 1100892 53619479
PT [1 0 714 95 2]
 P 865218 24138 1104282 53691659
PT [1 0 715 95 2]
EMPTY QUEUE
 P 865545 24138 1107680 53765816
PT [1 0 716 96 2]
 P 865545 24138 1111070 53836019
PT [1 0 717 96 2]
 P 867252 24138 1111078 53908199
PT [1 0 718 96 2]
 P 869874 24138 1111081 53980379
PT [1 0 719 96 2]
 P 869874 24138 1114471 54052559
PT [1 0 720 96 2]
EMPTY QUEUE
 P 870200 24138 1117870 54125883
PT [1 0 721 96 2]
 P 870200 24138 1121260 54196919
PT [1 0 722 96 2]
 P 871845 24138 1121268 54269099
PT [1 0 723 96 2]
 P 873380 24138 1121271 54341279
PT [1 0 724 96 2]
 P 873380 24138 1124661 54413459
PT [1 0 725 96 2]
EMPTY QUEUE
 P 873707 24138 1128060 54487488
PT [1 0 726 97 2]
 P 873707 24138 1131450 54557819
PT [1 0 727 97 2]
 P 874778 24138 1131458 54629999
PT [1 0 728 97 2]
 P 876762 24138 1131461 54702179
PT [1 0 729 97 2]
 P 876762 24138 1134851 54774359
PT [1 0 730 97 2]
EMPTY QUEUE
 P 877089 24138 1138249 54848580
PT [1 0 731 98 2]
 P 877089 24138 1141639 54918719
PT [1 0 732 98 2]
 P 879474 24138 1141647 54990899
PT [1 0 733 98 2]
 P 879474 24138 1145037 55063079
PT [1 0 734 98 2]
 P 881524 24138 1145040 55135259
PT [1 0 735 98 2]
EMPTY QUEUE
 P 881850 24138 1148439 55209159
PT [1 0 736 98 2]
 P 881850 24138 1151829 55279619
PT [1 0 737 98 2]
 P 884429 24138 1151837 55351799
PT [1 0 738 98 2]
 P 884429 24138 1155227 55423979
PT [1 0 739 98 2]
 P 886928 24138 1155230 55496159
PT [1 0 740 98 2]
EMPTY QUEUE
 P 887255 24138 1158629 55569228
PT [1 0 741 99 2]
 P 887255 24138 1162019 55640519
PT [1 0 742 99 2]
 P 889516 24138 1162027 55712699
PT [1 0 743 99 2]
 P 889516 24138 1165417 55784879
PT [1 0 744 99 2]
 P 891952 24138 1165420 55857059
PT [1 0 745 99 2]
EMPTY QUEUE
 P 892279 24138 1168818 55930832
PT [1 0 746 100 2]
 P 892279 24138 1172208 56001419
PT [1 0 747 100 2]
 P 893710 24138 1172216 56073599
PT [1 0 748 100 2]
 P 893710 24138 1175606 56145779
PT [1 0 749 100 2]
 P 895571 24138 1175609 56217959
PT [1 0 750 100 2]
EMPTY QUEUE
 P 895897 24138 1179008 56291923
PT [1 0 751 100 2]
 P 895897 24138 1182398 56362319
PT [1 0 752 100 2]
 P 898034 24138 1182406 56434499
PT [1 0 753 100 2]
 P 898034 24138 1185796 56506679
PT [1 0 754 100 2]
 P 900856 24138 1185799 56578859
PT [1 0 755 100 2]
EMPTY QUEUE
 P 901183 24138 1189197 56652504
PT [1 0 756 101 2]
 P 901183 24138 1192587 56723219
PT [1 0 757 101 2]
 P 903515 24138 1192595 56795399
PT [1 0 758 101 2]
 P 903515 24138 1195985 56867579
PT [1 0 759 101 2]
 P 904738 24138 1195988 56939759
PT [1 0 760 101 2]
EMPTY QUEUE
 P 905065 24138 1199386 57014619
PT [1 0 761 102 2]
 P 905065 24138 1202776 57084119
PT [1 0 762 102 2]
 P 907078 24138 1202784 57156299
PT [1 0 763 102 2]
 P 907078 24138 1206174 57228479
PT [1 0 764 102 2]
 P 908238 24138 1206177 57300659
PT [1 0 765 102 2]
EMPTY QUEUE
 P 908564 24138 1209576 57374175
PT [1 0 766 102 2]
 P 908564 24138 1212966 57445019
PT [1 0 767 102 2]
 P 909748 24138 1212975 57517199
PT [1 0 768 102 2]
 P 909748 24138 1216365 57589379
PT [1 0 769 102 2]
 P 912381 24138 1216368 57661559
PT [1 0 770 102 2]
EMPTY QUEUE
 P 912708 24138 1219767 57735268
PT [1 0 771 103 2]
 P 912708 24138 1223157 57805919
PT [1 0 772 103 2]
 P 914597 24138 1223165 57878099
PT [1 0 773 103 2]
 P 914597 24138 1226555 57950279
PT [1 0 774 103 2]
 P 916143 24138 1226558 58022459
PT [1 0 775 103 2]
EMPTY QUEUE
 P 916470 24138 1229956 58095847
PT [1 0 776 103 2]
 P 916470 24138 1233346 58166819
PT [1 0 777 103 2]
 P 918553 24138 1233354 58238999
PT [1 0 778 103 2]
 P 918553 24138 1236744 58311179
PT [1 0 779 103 2]
 P 920548 24138 1236748 58383359
PT [1 0 780 103 2]
EMPTY QUEUE
 P 920874 24138 1240147 58457963
PT [1 0 781 104 2]
 P 920874 24138 1243537 58527719
PT [1 0 782 104 2]
 P 922639 24138 1243545 58599899
PT [1 0 783 104 2]
 P 922639 24138 1246935 58672079
PT [1 0 784 104 2]
 P 924572 24138 1246938 58744259
PT [1 0 785 104 2]
EMPTY QUEUE
 P 924899 24138 1250336 58817520
PT [1 0 786 105 2]
 P 924899 24138 1253726 58888619
PT [1 0 787 105 2]
 P 927882 24138 1253735 58960799
PT [1 0 788 105 2]
 P 927882 24138 1257125 59032979
PT [1 0 789 105 2]
 P 929240 24138 1257128 59105159
PT [1 0 790 105 2]
EMPTY QUEUE
 P 929567 24138 1260526 59178611
PT [1 0 791 105 2]
 P 929567 24138 1263916 59249519
PT [1 0 792 105 2]
 P 931208 24138 1263925 59321699
PT [1 0 793 105 2]
 P 931208 24138 1267315 59393879
PT [1 0 794 105 2]
 P 931208 24138 1270705 59466059
PT [1 0 795 105 2]
 P 933527 24138 1270708 59538239
PT [1 0 796 105 2]
EMPTY QUEUE
 P 933853 24138 1274107 59611371
PT [1 0 797 106 2]
 P 936507 24138 1274116 59682599
PT [1 0 798 106 2]
 P 936507 24138 1277506 59754779
PT [1 0 799 106 2]
 P 936507 24138 1280896 59826959
PT [1 0 800 106 2]
 P 939275 24138 1280899 59899139
PT [1 0 801 106 2]
EMPTY QUEUE
 P 939602 24138 1284298 59973488
PT [1 0 802 107 2]
 P 942194 24138 1284307 60043499
PT [1 0 803 107 2]
 P 942194 24138 1287697 60115679
PT [1 0 804 107 2]
 P 942194 24138 1291087 60187859
PT [1 0 805 107 2]
 P 944899 24138 1291090 60260039
PT [1 0 806 107 2]
EMPTY QUEUE
 P 945226 24138 1294488 60333044
PT [1 0 807 108 2]
 P 947244 24138 1294497 60404399
PT [1 0 808 108 2]
 P 947244 24138 1297887 60476579
PT [1 0 809 108 2]
 P 947244 24138 1301277 60548759
PT [1 0 810 108 2]
 P 949374 24138 1301282 60620939
PT [1 0 811 108 2]
EMPTY QUEUE
 P 949700 24138 1304681 60694135
PT [1 0 812 108 2]
 P 950632 24138 1304690 60765299
PT [1 0 813 108 2]
 P 950632 24138 1308080 60837479
PT [1 0 814 108 2]
 P 950632 24138 1311470 60909659
PT [1 0 815 108 2]
 P 951675 24138 1311474 60981839
PT [1 0 816 108 2]
EMPTY QUEUE
 P 952002 24138 1314873 61054716
PT [1 0 1 0 2]
 P 953275 24138 1314882 61126308
PT [1 0 2 0 2]
 P 953275 24138 1318272 61198488
PT [1 0 3 0 2]
 P 953275 24138 1321662 61270668
PT [1 0 4 0 2]
 P 954660 24138 1321665 61342848
PT [1 0 5 0 2]
EMPTY QUEUE
 P 954987 24138 1325063 61416941
PT [1 0 6 1 2]
 P 956200 24138 1325071 61487208
PT [1 0 7 1 2]
 P 956200 24138 1328461 61559388
PT [1 0 8 1 2]
 P 956200 24138 1331851 61631568
PT [1 0 9 1 2]
 P 957521 24138 1331854 61703748
PT [1 0 10 1 2]
EMPTY QUEUE
 P 957848 24138 1335253 61778544
PT [1 0 11 1 2]
 P 960533 24138 1335262 61848108
PT [1 0 12 1 2]
 P 960533 24138 1338652 61920288
PT [1 0 13 1 2]
 P 960533 24138 1342042 61992468
PT [1 0 14 1 2]
 P 963327 24138 1342045 62064648
PT [1 0 15 1 2]
EMPTY QUEUE
 P 963654 24138 1345444 62137589
PT [1 0 16 2 2]
 P 965254 24138 1345453 62209008
PT [1 0 17 2 2]
 P 965254 24138 1348843 62281188
PT [1 0 18 2 2]
 P 965254 24138 1352233 62353368
PT [1 0 19 2 2]
 P 966961 24138 1352236 62425548
PT [1 0 20 2 2]
EMPTY QUEUE
 P 967288 24138 1355634 62500217
PT [1 0 21 3 2]
 P 967288 24138 1359024 62569908
PT [1 0 22 3 2]
 P 968890 24138 1359032 62642088
PT [1 0 23 3 2]
 P 968890 24138 1362422 62714268
PT [1 0 24 3 2]
 P 971046 24138 1362425 62786448
PT [1 0 25 3 2]
EMPTY QUEUE
 P 971372 24138 1365824 62860284
PT [1 0 26 3 2]
 P 971372 24138 1369214 62930808
PT [1 0 27 3 2]
 P 973424 24138 1369222 63002988
PT [1 0 28 3 2]
 P 973424 24138 1372612 63075168
PT [1 0 29 3 2]
 P 975517 24138 1372615 63147348
PT [1 0 30 3 2]
EMPTY QUEUE
 P 975844 24138 1376014 63221889
PT [1 0 31 4 2]
 P 975844 24138 1379404 63291708
PT [1 0 32 4 2]
 P 977834 24138 1379412 63363888
PT [1 0 33 4 2]
 P 977834 24138 1382802 63436068
PT [1 0 34 4 2]
 P 979352 24138 1382805 63508248
PT [1 0 35 4 2]
EMPTY QUEUE
 P 979679 24138 1386203 63582981
PT [1 0 36 5 2]
 P 979679 24138 1389593 63652608
PT [1 0 37 5 2]
 P 981095 24138 1389601 63724788
PT [1 0 38 5 2]
 P 981095 24138 1392991 63796968
PT [1 0 39 5 2]
 P 983574 24138 1392994 63869148
PT [1 0 40 5 2]
EMPTY QUEUE
 P 983900 24138 1396393 63943560
PT [1 0 41 5 2]
 P 983900 24138 1399783 64013508
PT [1 0 42 5 2]
 P 986278 24138 1399791 64085688
PT [1 0 43 5 2]
 P 986278 24138 1403181 64157868
PT [1 0 44 5 2]
 P 987158 24138 1403184 64230048
PT [1 0 45 5 2]
EMPTY QUEUE
 P 987485 24138 1406583 64303629
PT [1 0 46 6 2]
 P 987485 24138 1409973 64374408
PT [1 0 47 6 2]
 P 988265 24138 1409981 64446588
PT [1 0 48 6 2]
 P 988265 24138 1413371 64518768
PT [1 0 49 6 2]
 P 991130 24138 1413375 64590948
PT [1 0 50 6 2]
EMPTY QUEUE
 P 991457 24138 1416773 64665233
PT [1 0 51 7 2]
 P 991457 24138 1420163 64735308
PT [1 0 52 7 2]
 P 994223 24138 1420171 64807488
PT [1 0 53 7 2]
 P 994223 24138 1423561 64879668
PT [1 0 54 7 2]
 P 996513 24138 1423565 64951848
PT [1 0 55 7 2]
EMPTY QUEUE
 P 996839 24138 1426964 65026324
PT [1 0 56 7 2]
 P 996839 24138 1430354 65096208
PT [1 0 57 7 2]
 P 999031 24138 1430362 65168388
PT [1 0 58 7 2]
 P 999031 24138 1433752 65240568
PT [1 0 59 7 2]
 P 1000235 24138 1433755 65312748
PT [1 0 60 7 2]
EMPTY QUEUE
 P 1000562 24138 1437154 65386905
PT [1 0 61 8 2]
 P 1000562 24138 1440544 65457108
PT [1 0 62 8 2]
 P 1001668 24138 1440552 65529288
PT [1 0 63 8 2]
 P 1001668 24138 1443942 65601468
PT [1 0 64 8 2]
 P 1003321 24138 1443945 65673648
PT [1 0 65 8 2]
EMPTY QUEUE
 P 1003648 24138 1447344 65746974
PT [1 0 66 9 2]
 P 1003648 24138 1450734 65818008
PT [1 0 67 9 2]
 P 1005204 24138 1450743 65890188
PT [1 0 68 9 2]
 P 1005204 24138 1454133 65962368
PT [1 0 69 9 2]
 P 1006794 24138 1454136 66034548
PT [1 0 70 9 2]
EMPTY QUEUE
 P 1007120 24138 1457535 66108576
PT [1 0 71 9 2]
 P 1007120 24138 1460925 66178908
PT [1 0 72 9 2]
 P 1008615 24138 1460934 66251088
PT [1 0 73 9 2]
 P 1008615 24138 1464324 66323268
PT [1 0 74 9 2]
 P 1009630 24138 1464327 66395448
PT [1 0 75 9 2]
EMPTY QUEUE
 P 1009958 24138 1467726 66469670
PT [1 0 76 10 2]
 P 1009958 24138 1471116 66539808
PT [1 0 77 10 2]
 P 1010878 24138 1471125 66611988
PT [1 0 78 10 2]
 P 1010878 24138 1474515 66684168
PT [1 0 79 10 2]
 P 1012854 24138 1474518 66756348
PT [1 0 80 10 2]
EMPTY QUEUE
 P 1013182 24138 1477916 66830250
PT [1 0 81 11 2]
 P 1013182 24138 1481306 66900708
PT [1 0 82 11 2]
 P 1015064 24138 1481315 66972888
PT [1 0 83 11 2]
 P 1015064 24138 1484705 67045068
PT [1 0 84 11 2]
 P 1017489 24138 1484708 67117248
PT [1 0 85 11 2]
EMPTY QUEUE
 P 1017817 24138 1488106 67190317
PT [1 0 86 12 2]
 P 1017817 24138 1491496 67261608
PT [1 0 87 12 2]
 P 1020149 24138 1491505 67333788
PT [1 0 88 12 2]
 P 1020149 24138 1494895 67405968
PT [1 0 89 12 2]
 P 1022511 24138 1494898 67478148
PT [1 0 90 12 2]
EMPTY QUEUE
 P 1022839 24138 1498297 67551922
PT [1 0 91 12 2]
 P 1022839 24138 1501687 67622508
PT [1 0 92 12 2]
 P 1025109 24138 1501696 67694688
PT [1 0 93 12 2]
 P 1025109 24138 1505086 67766868
PT [1 0 94 12 2]
 P 1026896 24138 1505089 67839048
PT [1 0 95 12 2]
EMPTY QUEUE
 P 1027223 24138 1508487 67913013
PT [1 0 96 13 2]
 P 1027223 24138 1511877 67983408
PT [1 0 97 13 2]
 P 1028919 24138 1511886 68055588
PT [1 0 98 13 2]
 P 1028919 24138 1515276 68127768
PT [1 0 99 13 2]
 P 1031667 24138 1515280 68199948
PT [1 0 100 13 2]
EMPTY QUEUE
 P 1031994 24138 1518679 68273593
PT [1 0 101 13 2]
 P 1031994 24138 1522069 68344308
PT [1 0 102 13 2]
 P 1034652 24138 1522078 68416488
PT [1 0 103 13 2]
 P 1034652 24138 1525468 68488668
PT [1 0 104 13 2]
 P 1035801 24138 1525472 68560848
PT [1 0 105 13 2]
EMPTY QUEUE
 P 1036128 24138 1528871 68635709
PT [1 0 106 14 2]
 P 1036128 24138 1532261 68705208
PT [1 0 107 14 2]
 P 1037188 24138 1532270 68777388
PT [1 0 108 14 2]
 P 1037188 24138 1535660 68849568
PT [1 0 109 14 2]
 P 1038275 24138 1535663 68921748
PT [1 0 110 14 2]
EMPTY QUEUE
 P 1038602 24138 1539061 68995265
PT [1 0 111 15 2]
 P 1038602 24138 1542451 69066108
PT [1 0 112 15 2]
 P 1039601 24138 1542459 69138288
PT [1 0 113 15 2]
 P 1039601 24138 1545849 69210468
PT [1 0 114 15 2]
 P 1042161 24138 1545852 69282648
PT [1 0 115 15 2]
EMPTY QUEUE
 P 1042487 24138 1549251 69356356
PT [1 0 116 15 2]
 P 1042487 24138 1552641 69427008
PT [1 0 117 15 2]
 P 1044960 24138 1552649 69499188
PT [1 0 118 15 2]
 P 1044960 24138 1556039 69571368
PT [1 0 119 15 2]
 P 1046433 24138 1556043 69643548
PT [1 0 120 15 2]
EMPTY QUEUE
 P 1046760 24138 1559442 69716937
PT [1 0 121 16 2]
 P 1046760 24138 1562832 69787908
PT [1 0 122 16 2]
 P 1048147 24138 1562840 69860088
PT [1 0 123 16 2]
 P 1048147 24138 1566230 69932268
PT [1 0 124 16 2]
 P 1050069 24138 1566233 70004448
PT [1 0 125 16 2]
EMPTY QUEUE
 P 1050396 24138 1569631 70079053
PT [1 0 126 17 2]
 P 1050396 24138 1573021 70148808
PT [1 0 127 17 2]
 P 1052233 24138 1573029 70220988
PT [1 0 128 17 2]
 P 1052233 24138 1576419 70293168
PT [1 0 129 17 2]
 P 1052233 24138 1579809 70365348
PT [1 0 130 17 2]
 P 1055148 24138 1579812 70437528
PT [1 0 131 17 2]
EMPTY QUEUE
 P 1055474 24138 1583211 70510788
PT [1 0 132 17 2]
 P 1057249 24138 1583219 70581888
PT [1 0 133 17 2]
 P 1057249 24138 1586609 70654068
PT [1 0 134 17 2]
 P 1057249 24138 1589999 70726248
PT [1 0 135 17 2]
 P 1058821 24138 1590002 70798428
PT [1 0 136 17 2]
EMPTY QUEUE
 P 1059148 24138 1593401 70871881
PT [1 0 137 18 2]
 P 1060349 24138 1593409 70942788
PT [1 0 138 18 2]
 P 1060349 24138 1596799 71014968
PT [1 0 139 18 2]
 P 1060349 24138 1600189 71087148
PT [1 0 140 18 2]
 P 1062114 24138 1600193 71159328
PT [1 0 141 18 2]
EMPTY QUEUE
 P 1062441 24138 1603591 71232461
PT [1 0 142 19 2]
 P 1064604 24138 1603599 71303688
PT [1 0 143 19 2]
 P 1064604 24138 1606989 71375868
PT [1 0 144 19 2]
 P 1064604 24138 1610379 71448048
PT [1 0 145 19 2]
 P 1066050 24138 1610383 71520228
PT [1 0 146 19 2]
EMPTY QUEUE
 P 1066376 24138 1613782 71594576
PT [1 0 147 19 2]
 P 1068989 24138 1613790 71664588
PT [1 0 148 19 2]
 P 1068989 24138 1617180 71736768
PT [1 0 149 19 2]
 P 1068989 24138 1620570 71808948
PT [1 0 150 19 2]
 P 1071653 24138 1620573 71881128
PT [1 0 151 19 2]
EMPTY QUEUE
 P 1071980 24138 1623972 71954133
PT [1 0 152 20 2]
 P 1074531 24138 1623980 72025488
PT [1 0 153 20 2]
 P 1074531 24138 1627370 72097668
PT [1 0 154 20 2]
 P 1074531 24138 1630760 72169848
PT [1 0 155 20 2]
 P 1075852 24138 1630763 72242028
PT [1 0 156 20 2]
EMPTY QUEUE
 P 1076179 24138 1634161 72315225
PT [1 0 157 21 2]
 P 1078156 24138 1634169 72386388
PT [1 0 158 21 2]
 P 1078156 24138 1637559 72458568
PT [1 0 159 21 2]
 P 1078156 24138 1640949 72530748
PT [1 0 160 21 2]
 P 1079670 24138 1640952 72602928
PT [1 0 161 21 2]
EMPTY QUEUE
 P 1079996 24138 1644351 72675804
PT [1 0 162 21 2]
 P 1080887 24138 1644359 72747288
PT [1 0 163 21 2]
 P 1080887 24138 1647749 72819468
PT [1 0 164 21 2]
 P 1080887 24138 1651139 72891648
PT [1 0 165 21 2]
 P 1082082 24138 1651142 72963828
PT [1 0 166 21 2]
EMPTY QUEUE
 P 1082409 24138 1654541 73037921
PT [1 0 167 22 2]
 P 1083750 24138 1654549 73108188
PT [1 0 168 22 2]
 P 1083750 24138 1657939 73180368
PT [1 0 169 22 2]
 P 1083750 24138 1661329 73252548
PT [1 0 170 22 2]
 P 1086162 24138 1661332 73324728
PT [1 0 171 22 2]
EMPTY QUEUE
 P 1086489 24138 1664730 73399525
PT [1 0 172 23 2]
 P 1087768 24138 1664738 73469088
PT [1 0 173 23 2]
 P 1087768 24138 1668128 73541268
PT [1 0 174 23 2]
 P 1087768 24138 1671518 73613448
PT [1 0 175 23 2]
 P 1088837 24138 1671521 73685628
PT [1 0 176 23 2]
EMPTY QUEUE
 P 1089163 24138 1674920 73758568
PT [1 0 177 23 2]
 P 1091917 24138 1674928 73829988
PT [1 0 178 23 2]
 P 1091917 24138 1678318 73902168
PT [1 0 179 23 2]
 P 1091917 24138 1681708 73974348
PT [1 0 180 23 2]
 P 1093179 24138 1681711 74046528
PT [1 0 181 23 2]
 P 1095529 24138 1681715 74118708
PT [1 0 182 23 2]
EMPTY QUEUE
 P 1097522 24138 1681732 74193536
PT [1 0 183 24 2]
 P 1097522 24138 1685122 74263068
PT [1 0 184 24 2]
 P 1097522 24138 1688512 74335248
PT [1 0 185 24 2]
 P 1097522 24138 1691902 74407428
PT [1 0 186 24 2]
 P 1100067 24138 1691905 74479608
PT [1 0 187 24 2]
EMPTY QUEUE
 P 1102511 24138 1691921 74553861
PT [1 0 188 25 2]
 P 1102511 24138 1695311 74623968
PT [1 0 189 25 2]
 P 1102511 24138 1698701 74696148
PT [1 0 190 25 2]
 P 1102511 24138 1702091 74768328
PT [1 0 191 25 2]
 P 1104736 24138 1702094 74840508
PT [1 0 192 25 2]
EMPTY QUEUE
 P 1107118 24138 1702110 74913672
PT [1 0 193 25 2]
 P 1107118 24138 1705500 74984868
PT [1 0 194 25 2]
 P 1107118 24138 1708890 75057048
PT [1 0 195 25 2]
 P 1107118 24138 1712280 75129228
PT [1 0 196 25 2]
 P 1108512 24138 1712283 75201408
PT [1 0 197 25 2]
EMPTY QUEUE
 P 1110319 24138 1712300 75275020
PT [1 0 198 26 2]
 P 1110319 24138 1715690 75345768
PT [1 0 199 26 2]
 P 1110319 24138 1719080 75417948
PT [1 0 200 26 2]
 P 1110319 24138 1722470 75490128
PT [1 0 201 26 2]
 P 1112418 24138 1722473 75562308
PT [1 0 202 26 2]
EMPTY QUEUE
 P 1115188 24138 1722489 75635857
PT [1 0 203 27 2]
 P 1115188 24138 1725879 75706668
PT [1 0 204 27 2]
 P 1115188 24138 1729269 75778848
PT [1 0 205 27 2]
 P 1115188 24138 1732659 75851028
PT [1 0 206 27 2]
 P 1117480 24138 1732662 75923208
PT [1 0 207 27 2]
EMPTY QUEUE
 P 1118652 24138 1732679 75996180
PT [1 0 208 27 2]
 P 1118652 24138 1736069 76067568
PT [1 0 209 27 2]
 P 1118652 24138 1739459 76139748
PT [1 0 210 27 2]
 P 1118652 24138 1742849 76211928
PT [1 0 211 27 2]
 P 1120625 24138 1742852 76284108
PT [1 0 212 27 2]
EMPTY QUEUE
 P 1123782 24138 1742870 76358040
PT [1 0 213 28 2]
 P 1123782 24138 1746260 76428468
PT [1 0 214 28 2]
 P 1123782 24138 1749650 76500648
PT [1 0 215 28 2]
 P 1123782 24138 1753040 76572828
PT [1 0 216 28 2]
 P 1124924 24138 1753043 76645008
PT [1 0 217 28 2]
EMPTY QUEUE
 P 1127508 24138 1753062 76719390
PT [1 0 218 29 2]
 P 1127508 24138 1756452 76789368
PT [1 0 219 29 2]
 P 1127508 24138 1759842 76861548
PT [1 0 220 29 2]
 P 1127508 24138 1763232 76933728
PT [1 0 221 29 2]
 P 1129355 24138 1763235 77005908
PT [1 0 222 29 2]
EMPTY QUEUE
 P 1130853 24138 1763252 77080224
PT [1 0 223 29 2]
 P 1130853 24138 1766642 77150268
PT [1 0 224 29 2]
 P 1130853 24138 1770032 77222448
PT [1 0 225 29 2]
 P 1130853 24138 1773422 77294628
PT [1 0 226 29 2]
 P 1132893 24138 1773425 77366808
PT [1 0 227 29 2]
EMPTY QUEUE
 P 1134842 24138 1773443 77440550
PT [1 0 228 30 2]
 P 1134842 24138 1776833 77511168
PT [1 0 229 30 2]
 P 1134842 24138 1780223 77583348
PT [1 0 230 30 2]
 P 1134842 24138 1783613 77655528
PT [1 0 231 30 2]
 P 1136563 24138 1783616 77727708
PT [1 0 232 30 2]
EMPTY QUEUE
 P 1138449 24138 1783633 77802409
PT [1 0 233 31 2]
 P 1138449 24138 1787023 77872068
PT [1 0 234 31 2]
 P 1138449 24138 1790413 77944248
PT [1 0 235 31 2]
 P 1138449 24138 1793803 78016428
PT [1 0 236 31 2]
 P 1141387 24138 1793807 78088608
PT [1 0 237 31 2]
EMPTY QUEUE
 P 1142700 24138 1793824 78161710
PT [1 0 238 33 2]
 P 1142700 24138 1797214 78232968
PT [1 0 239 33 2]
 P 1142700 24138 1800604 78305148
PT [1 0 240 33 2]
 P 1142700 24138 1803994 78377328
PT [1 0 241 33 2]
 P 1144296 24138 1803997 78449508
PT [1 0 242 33 2]
EMPTY QUEUE
 P 1146570 24138 1804015 78522545
PT [1 0 243 32 2]
 P 1146570 24138 1807405 78593868
PT [1 0 244 32 2]
