using saved target 'z1'
../../../../contiki/tools/sky/serialdump-linux -b115200 /dev/ttyUSB4
connecting to /dev/ttyUSB4 (115200) [OK]
Rime started with address 5.0
MAC 05:00:00:00:00:00:00:00 Ref ID: 4841
Contiki-3.x-2125-g5d67a61 started. Node id is set to 5.

************************************************
RTIMER_SECOND = 32768. F_CPU=8000000.
CLOCK_SECOND=128.
DURSLOT = 6015.(0.1835 s).
DURSLEEP = 114285.
DURCYCLE = 120300 .(3.6712 s).
MAX_CLOCK_DRIFT = WAKEUP_ADVANCE_TIME = 327 (0.0033 s).
PERIODIC_BCAST_CYCLES_SENSOR = 196611.
PERIODIC_BCAST_CYCLES_SINK = 196611.
MAX_CYCLE_COUNTER = 27904.
MAX_COUNT_NO_RTS_CTS = 65535.
MAX_CHILD_NUM = 10.
MAX_TRY_TO_FIND_PARENT = 3.

**********Below is Related Settings**********
PRIMAC_CONF_COMPOWER = 1.
PRIMAC_CONF_COMPOWER_SUPPORT = 1.
SF = 18.
PRI_SYNC_SUPPORT = 1.
RANDOM_DRIFT_IN_COOJA_SUPPORT = 0.
ADCSC_SUPPORT = 1.
DATA_TX_SUPPORT = 1.
CYCLES_PER_PACKET = 3.
DATA_INTERVAL = 9.
RETX_LIMIT = 6.
TOTAL_DATA_NUM = 50.
MAX_DATA_QUEUE_BUFS = 10.
PROC_GRADE_BASED_ON_ADDR_SUPPORT = 1.
NODES_NUM_PER_GRADE = 2.
ADDRESS_FREE_SUPPORT = 0.
IS_COOJA_SIM = 0.
CROSS_PLATFORM_SUPPORT = 1.
************************************************

My address is 5.0.
nullmac PRIMAC, channel check rate 8 Hz, radio channel 26
Starting
Hello, world
 P 0 0 0 3030930
 P 0 0 3390 3151230
 P 0 0 6842 3271953
 P 0 0 10232 3391830
 P 0 0 13622 3512130
 P 0 0 17012 3632430
 P 0 0 20402 3752730
EMPTY QUEUE
 P 427 0 23801 3875043
PT [3 0 1 -12 1]
 P 427 0 27191 3993330
PT [3 0 2 -12 1]
 P 427 0 30581 4113630
PT [3 0 3 -12 1]
 P 3154 0 31244 4233930
PT [3 0 4 -12 1]
 P 5539 0 32249 4354230
PT [3 0 5 -12 1]
EMPTY QUEUE
 P 6127 0 35648 4476095
PT [3 0 6 -15 1]
 P 6127 0 39038 4594830
PT [3 0 7 -15 1]
 P 6127 0 42428 4715130
PT [3 0 8 -15 1]
 P 7044 0 42431 4835430
PT [3 0 9 -15 1]
rcv bro rts
 P 8317 0 42471 4955730
PT [3 0 10 -15 1]
EMPTY QUEUE
 P 8874 0 45869 5078524
PT [3 0 11 -18 1]
 P 8874 0 49259 5196330
PT [3 0 12 -18 1]
 P 8874 0 52649 5316630
PT [3 0 13 -18 1]
 P 10252 0 52652 5436930
PT [3 0 14 -18 1]
 P 11760 0 52660 5557230
PT [3 0 15 -18 1]
 P 12494 0 52663 5677530
PT [3 0 16 -18 1]
EMPTY QUEUE
 P 12986 0 56061 5798659
PT [3 0 17 -22 1]
 P 14274 0 56070 5918130
PT [3 0 18 -22 1]
 P 14274 0 59460 6038430
PT [3 0 19 -22 1]
 P 14274 0 62850 6158730
PT [3 0 20 -22 1]
 P 15873 0 62853 6279030
PT [3 0 21 -22 1]
 P 17103 0 62856 6399330
PT [3 0 22 -22 1]
EMPTY QUEUE
 P 18944 0 62873 6521451
PT [3 0 23 -26 1]
 P 20879 0 62881 6639930
PT [3 0 24 -26 1]
 P 20879 0 66271 6760230
PT [3 0 25 -26 1]
 P 20879 0 69661 6880530
PT [3 0 26 -26 1]
 P 23560 0 69664 7000830
PT [3 0 27 -26 1]
EMPTY QUEUE
 P 24084 0 73063 7123687
PT [3 0 28 -30 1]
 P 26515 0 73072 7241430
PT [3 0 29 -30 1]
 P 27780 0 73080 7361730
PT [3 0 30 -30 1]
 P 27780 0 76470 7482030
PT [3 0 31 -30 1]
 P 29092 0 76473 7602330
PT [3 0 32 -30 1]
EMPTY QUEUE
 P 29616 0 79872 7724259
PT [3 0 33 -33 1]
 P 29616 0 83262 7842930
PT [3 0 34 -33 1]
 P 30966 0 83270 7963230
PT [3 0 35 -33 1]
 P 32456 0 83278 8083530
PT [3 0 36 -33 1]
 P 33414 0 83281 8203830
PT [3 0 37 -33 1]
EMPTY QUEUE
 P 33970 0 86679 8325759
PT [3 0 38 -36 1]
 P 33970 0 90069 8444430
PT [3 0 39 -36 1]
 P 33970 0 93459 8564730
PT [3 0 40 -36 1]
 P 36243 0 93468 8685030
PT [3 0 41 -36 1]
 P 37158 0 93477 8805330
PT [3 0 42 -36 1]
 P 37811 0 93480 8925630
PT [3 0 43 -36 1]
EMPTY QUEUE
 P 39720 0 93497 9047238
PT [3 0 44 -41 1]
 P 39720 0 96887 9166230
PT [3 0 45 -41 1]
 P 39720 0 100277 9286530
PT [3 0 46 -41 1]
 P 39720 0 103667 9406830
PT [3 0 47 -41 1]
 P 41311 0 103671 9527130
PT [3 0 48 -41 1]
 P 42533 0 103674 9647430
PT [3 0 49 -41 1]
EMPTY QUEUE
 P 44451 0 103690 9768688
PT [3 0 50 -45 1]
 P 44451 0 107080 9888030
PT [3 0 51 -45 1]
 P 44451 0 110470 10008330
PT [3 0 52 -45 1]
 P 44451 0 113860 10128630
PT [3 0 53 -45 1]
 P 47124 0 113863 10248930
PT [3 0 54 -45 1]
EMPTY QUEUE
 P 49063 0 113880 10371403
PT [3 0 55 -48 1]
 P 50998 0 113888 10489530
PT [3 0 56 -48 1]
 P 50998 0 117278 10609830
PT [3 0 57 -48 1]
 P 50998 0 120668 10730130
PT [3 0 58 -48 1]
 P 52301 0 120671 10850430
PT [3 0 59 -48 1]
EMPTY QUEUE
 P 52370 0 126633 10975652
PT [3 0 60 -48 1]
EMPTY QUEUE
 P 55422 0 126651 11092339
PT [3 0 61 -52 1]
 P 56688 0 126659 11211330
PT [3 0 62 -52 1]
 P 56688 0 130049 11331630
PT [3 0 63 -52 1]
 P 57639 0 130052 11451930
PT [3 0 64 -52 1]
 P 58984 0 130055 11572230
PT [3 0 65 -52 1]
EMPTY QUEUE
 P 59572 0 133453 11693487
PT [3 0 66 -55 1]
 P 60920 0 133462 11812830
PT [3 0 67 -55 1]
 P 60920 0 136852 11933130
PT [3 0 68 -55 1]
 P 62228 0 136861 12053430
PT [3 0 69 -55 1]
 P 64386 0 136864 12173730
PT [3 0 70 -55 1]
 P 65697 0 136867 12294030
PT [3 0 71 -55 1]
 P 66170 0 142425 12417940
PT [3 0 72 -55 1]
 P 66758 72 145826 12536629
PT [3 0 73 -60 1]
 P 68668 144 148417 12656353
PT [3 0 74 -61 1]
 P 71094 216 148435 12776332
PT [3 0 75 -61 1]
 P 73696 216 148438 12895530
PT [3 0 76 -61 1]
 P 76215 216 148442 13015830
PT [3 0 77 -61 1]
 P 76803 288 151842 13138512
PT [3 0 78 -63 1]
 P 76803 288 155232 13256430
PT [3 0 79 -63 1]
 P 79759 360 155251 13378473
PT [3 0 80 -65 1]
 P 81024 360 155260 13497030
PT [3 0 81 -65 1]
 P 82945 716 155281 13618497
PT [3 0 82 -66 1]
 P 84203 788 155296 13737630
PT [3 0 83 -66 1]
 P 84203 788 158686 13857930
PT [3 0 84 -66 1]
 P 85842 788 158689 13978230
PT [3 0 85 -66 1]
 P 87747 1143 158708 14101649
PT [3 0 86 -69 1]
 P 89521 1215 158722 14218830
PT [3 0 87 -69 1]
 P 91386 1287 159942 14341961
PT [3 0 88 -70 1]
 P 93404 1642 159961 14462485
PT [3 0 89 -71 1]
 P 96224 1849 162553 14583404
PT [3 0 90 -71 1]
 P 96919 1849 162556 14700030
PT [3 0 91 -71 1]
 P 97411 1921 165957 14822233
PT [3 0 92 -73 1]
 P 99603 1993 165971 14940630
PT [3 0 93 -73 1]
 P 101520 2348 165990 15062129
PT [3 0 94 -74 1]
 P 102044 2420 169390 15181230
PT [3 0 95 -74 1]
 P 103272 2420 169393 15301530
PT [3 0 96 -74 1]
 P 104727 2702 169404 15422866
PT [3 0 97 -74 1]
 P 106587 3057 169425 15543554
PT [3 0 98 -77 1]
 P 108424 3201 169450 15662430
PT [3 0 99 -77 1]
 P 108948 3273 172850 15785048
PT [3 0 100 -78 1]
 P 110580 3273 172853 15903030
PT [3 0 101 -78 1]
 P 112361 3628 172872 16025041
PT [3 0 102 -80 1]
 P 112917 3700 176273 16143630
PT [3 0 103 -80 1]
 P 114141 3700 176276 16263930
PT [3 0 104 -80 1]
 P 116054 4055 176297 16385429
PT [3 0 105 -82 1]
 P 117318 4127 176311 16504530
PT [3 0 106 -82 1]
 P 119287 4482 176332 16628013
PT [3 0 107 -83 1]
Warning: data sending process fails.
 P 120645 4548 176451 16745130
PT [3 0 108 -82 1]
 P 122480 4902 176470 16868230
PT [3 0 109 -84 1]
 P 124291 5046 176495 16985730
PT [3 0 110 -85 1]
 P 124588 5046 179890 17107429
PT [3 0 111 -85 1]
 P 126566 5401 179909 17227848
PT [3 0 112 -86 1]
 P 127860 5473 179922 17346630
PT [3 0 113 -87 1]
 P 128384 5545 183323 17468065
PT [3 0 114 -88 1]
 P 130011 5545 183326 17587230
PT [3 0 115 -88 1]
 P 131940 5900 183346 17709977
PT [3 0 116 -89 1]
 P 132528 5972 186746 17827830
PT [3 0 117 -89 1]
 P 133748 5972 186749 17948130
PT [3 0 118 -89 1]
 P 135758 6044 186769 18070461
PT [3 0 119 -91 1]
 P 136462 6044 186772 18188730
PT [3 0 120 -91 1]
 P 138368 6399 186790 18311444
PT [3 0 121 -93 1]
 P 140433 6825 190211 18429330
PT [3 0 122 -93 1]
 P 142040 6825 190214 18549630
PT [3 0 123 -93 1]
 P 143938 7180 190233 18673081
PT [3 0 124 -95 1]
 P 144494 7252 193634 18790230
PT [3 0 125 -95 1]
 P 145693 7252 193637 18910530
PT [3 0 126 -95 1]
 P 147672 7607 193656 19031998
PT [3 0 127 -97 1]
 P 148164 7679 197057 19151130
PT [3 0 128 -97 1]
 P 150101 8036 197076 19273589
PT [3 0 129 -98 1]
 P 151448 8108 197090 19391730
PT [3 0 130 -97 1]
 P 153249 8180 197109 19513422
PT [3 0 131 -99 1]
 P 155202 8535 197130 19634201
PT [3 0 132 -100 1]
 P 155902 8535 197133 19752630
PT [3 0 133 -100 1]
 P 157542 8535 197136 19872930
PT [3 0 134 -100 1]
 P 159435 8891 197155 19995037
PT [3 0 135 -102 1]
 P 160579 9035 200567 20114857
PT [3 0 136 -103 1]
 P 161812 9035 200570 20233830
PT [3 0 137 -103 1]
 P 163645 9390 200589 20356321
PT [3 0 138 -104 1]
 P 164201 9462 203990 20474430
PT [3 0 139 -104 1]
 P 166103 9817 204009 20597112
PT [3 0 140 -105 1]
 P 166782 9817 204012 20715030
PT [3 0 141 -105 1]
 P 167338 9889 207413 20837937
PT [3 0 142 -107 1]
 P 168957 9889 207416 20955630
PT [3 0 143 -107 1]
 P 170779 9961 207437 21077834
PT [3 0 144 -108 1]
 P 172009 9961 207440 21196230
PT [3 0 145 -108 1]
 P 173886 10316 207460 21318976
PT [3 0 1 0 1]
 P 175922 10743 210879 21436721
PT [3 0 0 -110 1]
 P 178858 10893 210898 21560172
PT [3 0 0 -2 1]
 P 180135 10965 210912 21677321
PT [3 0 1 -2 1]
 P 181601 10965 210920 21797621
PT [3 0 2 -2 1]
 P 183603 11319 210940 21920880
PT [3 0 3 -4 1]
 P 184974 11391 210954 22038221
PT [3 0 4 -4 1]
 P 185531 11463 214355 22160649
PT [3 0 5 -5 1]
 P 187200 11463 214358 22278821
PT [3 0 6 -5 1]
 P 189089 11819 214377 22401919
PT [3 0 7 -7 1]
 P 189645 11891 217778 22520876
PT [3 0 8 -7 1]
 P 190429 11891 217781 22639721
PT [3 0 9 -7 1]
 P 192322 12246 217799 22761955
PT [3 0 10 -9 1]
 P 194863 12673 217829 22882192
PT [3 0 11 -9 1]
 P 195739 12673 217832 23000621
PT [3 0 12 -9 1]
 P 196231 12745 221232 23122119
PT [3 0 13 -11 1]
 P 197897 12745 221235 23241221
PT [3 0 14 -11 1]
 P 199802 13100 221254 23363744
PT [3 0 15 -12 1]
 P 201189 13172 221268 23481821
PT [3 0 16 -12 1]
 P 203118 13526 221287 23604632
PT [3 0 17 -13 1]
 P 204503 13598 221300 23722421
PT [3 0 18 -13 1]
 P 206405 13952 221320 23844688
PT [3 0 19 -15 1]
 P 207260 13952 221323 23963021
PT [3 0 20 -15 1]
 P 207816 14024 224724 24085640
PT [3 0 21 -16 1]
 P 209462 14024 224727 24203621
PT [3 0 22 -16 1]
 P 211347 14379 224746 24326431
PT [3 0 23 -17 1]
 P 211967 14451 228146 24444221
PT [3 0 24 -17 1]
 P 213996 14523 229367 24565912
PT [3 0 25 -19 1]
 P 214849 14523 229370 24684821
PT [3 0 26 -19 1]
 P 216709 14878 229391 24807856
PT [3 0 27 -20 1]
 P 219169 15306 229423 24927612
PT [3 0 28 -21 1]
 P 219965 15306 229426 25045721
PT [3 0 29 -21 1]
 P 221839 15378 229446 25168053
PT [3 0 30 -22 1]
 P 222727 15378 229450 25286321
PT [3 0 31 -22 1]
 P 224552 15733 229468 25409037
PT [3 0 32 -22 1]
 P 227095 16159 229498 25529304
PT [3 0 33 -24 1]
 P 227926 16159 229501 25647221
PT [3 0 34 -24 1]
 P 229566 16159 229504 25767521
PT [3 0 35 -24 1]
 P 230949 16159 229508 25887821
PT [3 0 36 -24 1]
 P 232766 16231 229528 26010056
PT [3 0 37 -27 1]
 P 233258 16303 232929 26128421
PT [3 0 38 -27 1]
 P 235186 16658 232949 26249952
PT [3 0 39 -28 1]
Warning: data sending process fails.
 P 237974 17079 233086 26369021
PT [3 0 40 -28 1]
 P 239612 17079 233090 26489321
PT [3 0 41 -28 1]
 P 241481 17433 233110 26612292
PT [3 0 42 -30 1]
 P 243981 17577 233140 26729921
PT [3 0 43 -30 1]
 P 245326 17577 233143 26850221
PT [3 0 44 -30 1]
 P 247198 17932 233163 26972648
PT [3 0 45 -32 1]
 P 247198 17932 236553 27090821
PT [3 0 46 -32 1]
 P 249163 18288 236571 27213951
PT [3 0 47 -34 1]
 P 249953 18288 236575 27331421
PT [3 0 48 -34 1]
 P 249953 18288 239965 27451721
PT [3 0 49 -34 1]
 P 251665 18288 239969 27572021
PT [3 0 50 -34 1]
 P 253614 18644 239987 27695407
PT [3 0 51 -36 1]
 P 254938 18644 239990 27812621
PT [3 0 52 -36 1]
 P 256904 18999 240010 27935624
PT [3 0 53 -38 1]
 P 256904 18999 243400 28053221
PT [3 0 54 -38 1]
 P 258797 19354 243420 28175361
PT [3 0 55 -39 1]
 P 259567 19354 243423 28293821
PT [3 0 56 -39 1]
 P 259567 19354 246813 28414121
PT [3 0 57 -39 1]
 P 261276 19354 246816 28534421
PT [3 0 58 -39 1]
 P 263089 19709 246836 28657264
PT [3 0 59 -42 1]
 P 263089 19709 250226 28775021
PT [3 0 60 -42 1]
 P 264390 19709 250229 28895321
PT [3 0 61 -42 1]
 P 266399 20064 250248 29018452
PT [3 0 62 -44 1]
 P 267184 20064 250251 29135921
PT [3 0 63 -44 1]
 P 268602 20346 252832 29260503
PT [3 0 64 -44 1]
 P 270422 20418 252852 29377944
PT [3 0 65 -46 1]
 P 272109 20418 252855 29496821
PT [3 0 66 -46 1]
 P 274074 20772 252875 29618288
PT [3 0 67 -47 1]
 P 274074 20772 256265 29737421
PT [3 0 68 -47 1]
 P 275353 20772 256269 29857721
PT [3 0 69 -47 1]
Warning: data sending process fails.
 P 277290 21121 256393 29980533
PT [3 0 70 -49 1]
 P 279207 21193 256412 30101440
PT [3 0 71 -50 1]
 P 279207 21193 259802 30218621
PT [3 0 72 -50 1]
 P 279207 21193 263192 30338921
PT [3 0 73 -50 1]
 P 281938 21193 263195 30459221
PT [3 0 74 -50 1]
 P 281938 21193 266585 30579521
PT [3 0 75 -50 1]
EMPTY QUEUE
 P 284416 21193 266601 30700778
PT [3 0 76 -53 1]
 P 286828 21193 266609 30820121
PT [3 0 77 -53 1]
 P 286828 21193 269999 30940421
PT [3 0 78 -53 1]
 P 288190 21193 270002 31060721
PT [3 0 79 -53 1]
 P 288190 21193 273392 31181021
PT [3 0 80 -53 1]
EMPTY QUEUE
 P 288748 21193 276790 31304039
PT [3 0 81 -57 1]
 P 290034 21193 276799 31421621
PT [3 0 82 -57 1]
 P 291364 21193 276807 31541921
PT [3 0 83 -57 1]
 P 292372 21193 276810 31662221
PT [3 0 84 -57 1]
 P 292372 21193 280200 31782521
PT [3 0 85 -57 1]
EMPTY QUEUE
 P 292929 21193 283599 31905123
PT [3 0 86 -60 1]
 P 292929 21193 286989 32023121
PT [3 0 87 -60 1]
 P 294437 21193 286997 32143421
PT [3 0 88 -60 1]
 P 295764 21193 287000 32263721
PT [3 0 89 -60 1]
 P 297073 21193 287008 32384021
PT [3 0 90 -60 1]
EMPTY QUEUE
 P 297694 21193 290407 32507167
PT [3 0 91 -62 1]
 P 297694 21193 293797 32624621
PT [3 0 92 -62 1]
 P 297694 21193 297187 32744921
PT [3 0 93 -62 1]
 P 299909 21193 297191 32865221
PT [3 0 94 -62 1]
 P 301258 21193 297200 32985521
PT [3 0 95 -62 1]
 P 302034 21193 297203 33105821
PT [3 0 96 -62 1]
EMPTY QUEUE
 P 303867 21193 297219 33227686
PT [3 0 97 -67 1]
 P 303867 21193 300609 33346421
PT [3 0 98 -67 1]
 P 303867 21193 303999 33466721
PT [3 0 99 -67 1]
 P 303867 21193 307389 33587021
PT [3 0 100 -67 1]
 P 305507 21193 307393 33707321
PT [3 0 101 -67 1]
EMPTY QUEUE
 P 307349 21193 307410 33828578
PT [3 0 102 -71 1]
 P 309284 21193 307418 33947921
PT [3 0 103 -71 1]
 P 309284 21193 310808 34068221
PT [3 0 104 -71 1]
 P 309284 21193 314198 34188521
PT [3 0 105 -71 1]
 P 310479 21193 314201 34308821
PT [3 0 106 -71 1]
EMPTY QUEUE
 P 311035 21193 317600 34431102
PT [3 0 107 -74 1]
 P 313468 21193 317608 34549421
PT [3 0 108 -74 1]
 P 314734 21193 317616 34669721
PT [3 0 109 -74 1]
 P 314734 21193 321006 34790021
PT [3 0 110 -74 1]
 P 317454 21193 321009 34910321
PT [3 0 111 -74 1]
EMPTY QUEUE
 P 317946 21193 324407 35032762
PT [3 0 112 -77 1]
 P 317946 21193 327797 35150921
PT [3 0 113 -77 1]
 P 317946 21193 331187 35271221
PT [3 0 114 -77 1]
 P 319276 21193 331195 35391521
PT [3 0 115 -77 1]
 P 320627 21193 331198 35511821
PT [3 0 116 -77 1]
EMPTY QUEUE
 P 321215 21193 334597 35633526
PT [3 0 117 -81 1]
 P 321215 21193 337987 35752421
PT [3 0 118 -81 1]
 P 321215 21193 341377 35872721
PT [3 0 119 -81 1]
 P 322565 21193 341385 35993021
PT [3 0 120 -81 1]
 P 323562 21193 341388 36113321
PT [3 0 121 -81 1]
EMPTY QUEUE
 P 325460 21193 341404 36236402
PT [3 0 122 -84 1]
 P 325460 21193 344794 36353921
PT [3 0 123 -84 1]
 P 325460 21193 348184 36474221
PT [3 0 124 -84 1]
 P 325460 21193 351574 36594521
PT [3 0 125 -84 1]
 P 326776 21193 351577 36714821
PT [3 0 126 -84 1]
EMPTY QUEUE
 P 327332 21193 354977 36837391
PT [3 0 127 -88 1]
 P 328662 21193 354985 36955421
PT [3 0 128 -88 1]
 P 328662 21193 358375 37075721
PT [3 0 129 -88 1]
 P 328662 21193 361765 37196021
PT [3 0 130 -88 1]
 P 330867 21193 361768 37316321
PT [3 0 131 -88 1]
EMPTY QUEUE
 P 331455 21193 365167 37438602
PT [3 0 132 -91 1]
 P 332804 21193 365175 37556921
PT [3 0 133 -91 1]
 P 334738 21193 365184 37677221
PT [3 0 134 -91 1]
 P 334738 21193 368574 37797521
PT [3 0 135 -91 1]
 P 336019 21193 368577 37917821
PT [3 0 136 -91 1]
EMPTY QUEUE
 P 336639 21193 371975 38040742
PT [3 0 137 -94 1]
 P 336639 21193 375365 38158421
PT [3 0 138 -94 1]
 P 339072 21193 375374 38278721
PT [3 0 139 -94 1]
 P 340339 21193 375382 38399021
PT [3 0 140 -94 1]
 P 342986 21193 375385 38519321
PT [3 0 141 -94 1]
EMPTY QUEUE
 P 342997 21193 378777 38641083
PT [3 0 142 -94 1]
EMPTY QUEUE
 P 343585 21193 382175 38761678
PT [3 0 143 -98 1]
 P 343585 21193 385565 38880221
PT [3 0 144 -98 1]
 P 344934 21193 385575 39000521
PT [3 0 145 -98 1]
 P 346422 21193 385584 39120821
PT [3 0 146 -98 1]
 P 347107 21193 385588 39241121
PT [3 0 147 -98 1]
EMPTY QUEUE
 P 347728 21193 388987 39362411
PT [3 0 148 -102 1]
 P 347728 21193 392377 39481721
PT [3 0 149 -102 1]
 P 347728 21193 395767 39602021
PT [3 0 150 -102 1]
 P 350000 21193 395775 39722321
PT [3 0 151 -102 1]
 P 350914 21193 395783 39842621
PT [3 0 152 -102 1]
 P 351691 21193 395786 39962921
PT [3 0 153 -102 1]
EMPTY QUEUE
 P 352215 21193 399185 40084722
PT [3 0 154 -106 1]
 P 352215 21193 402575 40203521
PT [3 0 155 -106 1]
 P 352215 21193 405965 40323821
PT [3 0 156 -106 1]
 P 353786 21193 405973 40444121
PT [3 0 157 -106 1]
 P 355409 21193 405977 40564421
PT [3 0 158 -106 1]
EMPTY QUEUE
 P 357273 21193 405993 40685710
PT [3 0 1 0 1]
 P 357273 21193 409383 40804912
PT [3 0 2 0 1]
 P 357273 21193 412773 40925212
PT [3 0 3 0 1]
 P 357273 21193 416163 41045512
PT [3 0 4 0 1]
 P 358560 21193 416166 41165812
PT [3 0 5 0 1]
EMPTY QUEUE
 P 360573 21193 416183 41288828
PT [3 0 6 -4 1]
 P 362616 21193 416191 41406412
PT [3 0 7 -4 1]
 P 362616 21193 419581 41526712
PT [3 0 8 -4 1]
 P 362616 21193 422971 41647012
PT [3 0 9 -4 1]
 P 365428 21193 422974 41767312
PT [3 0 10 -4 1]
 P 366947 21193 422977 41887612
PT [3 0 11 -4 1]
EMPTY QUEUE
 P 369869 21193 422994 42009638
PT [3 0 12 -8 1]
 P 371186 21193 423002 42128212
PT [3 0 13 -8 1]
 P 371186 21193 426392 42248512
PT [3 0 14 -8 1]
 P 371186 21193 429782 42368812
PT [3 0 15 -8 1]
 P 372276 21193 429786 42489112
PT [3 0 16 -8 1]
EMPTY QUEUE
 P 372896 21193 433185 42611649
PT [3 0 17 -11 1]
 P 374244 21193 433194 42729712
PT [3 0 18 -11 1]
 P 376178 21193 433202 42850012
PT [3 0 19 -11 1]
 P 376178 21193 436592 42970312
PT [3 0 20 -11 1]
 P 377587 21193 436595 43090612
PT [3 0 21 -11 1]
EMPTY QUEUE
 P 378143 21193 439993 43213053
PT [3 0 22 -14 1]
 P 378143 21193 443383 43331212
PT [3 0 23 -14 1]
 P 380574 21193 443392 43451512
PT [3 0 24 -14 1]
 P 381839 21193 443400 43571812
PT [3 0 25 -14 1]
 P 384136 21193 443403 43692112
PT [3 0 26 -14 1]
 P 385585 21193 443406 43812412
PT [3 0 27 -14 1]
EMPTY QUEUE
 P 386077 21193 446804 43935140
PT [3 0 28 -19 1]
 P 386077 21193 450194 44053012
PT [3 0 29 -19 1]
 P 387427 21193 450202 44173312
PT [3 0 30 -19 1]
 P 388916 21193 450210 44293612
PT [3 0 31 -19 1]
 P 391657 21193 450213 44413912
PT [3 0 32 -19 1]
 P 394315 21193 450216 44534212
PT [3 0 33 -19 1]
EMPTY QUEUE
 P 394936 21193 453614 44657293
PT [3 0 34 -23 1]
 P 394936 21193 457004 44774812
PT [3 0 35 -23 1]
 P 397208 21193 457013 44895112
PT [3 0 36 -23 1]
 P 397208 21193 460403 45015412
PT [3 0 37 -23 1]
 P 398516 21193 460412 45135712
PT [3 0 38 -23 1]
 P 399389 21193 460416 45256012
PT [3 0 39 -23 1]
EMPTY QUEUE
 P 399946 21193 463814 45378613
PT [3 0 40 -27 1]
 P 399946 21193 467204 45496612
PT [3 0 41 -27 1]
 P 399946 21193 470594 45616912
PT [3 0 42 -27 1]
 P 401295 21193 470602 45737212
PT [3 0 43 -27 1]
 P 403013 21193 470605 45857512
PT [3 0 44 -27 1]
EMPTY QUEUE
 P 404391 21193 473185 45982670
PT [3 0 45 -27 1]
 P 405242 21193 473189 46098112
PT [3 0 46 -27 1]
EMPTY QUEUE
 P 405734 21193 476587 46220073
PT [3 0 47 -31 1]
 P 405734 21193 479977 46338712
PT [3 0 48 -31 1]
 P 405734 21193 483367 46459012
PT [3 0 49 -31 1]
 P 405734 21193 486757 46579312
PT [3 0 50 -31 1]
 P 407062 21193 486766 46699612
PT [3 0 51 -31 1]
 P 407930 21193 486769 46819912
PT [3 0 52 -31 1]
EMPTY QUEUE
 P 409774 21193 486786 46941458
PT [3 0 53 -35 1]
 P 409774 21193 490176 47060512
PT [3 0 54 -35 1]
 P 409774 21193 493566 47180812
PT [3 0 55 -35 1]
 P 409774 21193 496956 47301112
PT [3 0 56 -35 1]
 P 411488 21193 496959 47421412
PT [3 0 57 -35 1]
 P 412833 21193 496962 47541712
PT [3 0 58 -35 1]
EMPTY QUEUE
 P 414750 21193 496978 47662969
PT [3 0 59 -39 1]
 P 414750 21193 500368 47782312
PT [3 0 60 -39 1]
 P 414750 21193 503758 47902612
PT [3 0 61 -39 1]
 P 414750 21193 507148 48022912
PT [3 0 62 -39 1]
 P 417545 21193 507151 48143212
PT [3 0 63 -39 1]
EMPTY QUEUE
 P 419450 21193 507169 48265653
PT [3 0 64 -43 1]
 P 420296 21193 507172 48383812
PT [3 0 65 -43 1]
 P 421605 21193 507180 48504112
PT [3 0 66 -43 1]
 P 421605 21193 510570 48624412
PT [3 0 67 -43 1]
 P 421605 21193 513960 48744712
PT [3 0 68 -43 1]
EMPTY QUEUE
 P 421674 21193 519922 48869934
PT [3 0 69 -43 1]
 P 423385 21193 519925 48985312
PT [3 0 70 -43 1]
EMPTY QUEUE
 P 425228 21193 519941 49107273
PT [3 0 71 -48 1]
 P 426556 21193 519950 49225912
PT [3 0 72 -48 1]
 P 426556 21193 523340 49346212
PT [3 0 73 -48 1]
 P 426556 21193 526730 49466512
PT [3 0 74 -48 1]
 P 427821 21193 526733 49586812
PT [3 0 75 -48 1]
EMPTY QUEUE
 P 427890 21193 532695 49711362
PT [3 0 76 -48 1]
EMPTY QUEUE
 P 429731 21193 532712 49828593
PT [3 0 77 -52 1]
 P 429731 21193 536102 49947712
PT [3 0 78 -52 1]
 P 431039 21193 536111 50068012
PT [3 0 79 -52 1]
 P 433830 21193 536114 50188312
PT [3 0 80 -52 1]
 P 433830 21193 539504 50308612
PT [3 0 81 -52 1]
EMPTY QUEUE
 P 434450 21193 542903 50429901
PT [3 0 82 -55 1]
 P 434450 21193 546293 50549212
PT [3 0 83 -55 1]
 P 435800 21193 546303 50669512
PT [3 0 84 -55 1]
 P 437221 21193 546306 50789812
PT [3 0 85 -55 1]
 P 438531 21193 546314 50910112
PT [3 0 86 -55 1]
EMPTY QUEUE
 P 439119 21193 549712 51031977
PT [3 0 87 -58 1]
 P 439119 21193 553102 51150712
PT [3 0 88 -58 1]
 P 439119 21193 556492 51271012
PT [3 0 89 -58 1]
 P 440187 21193 556495 51391312
PT [3 0 90 -58 1]
 P 441535 21193 556504 51511612
PT [3 0 91 -58 1]
EMPTY QUEUE
 P 444056 21193 556522 51632933
PT [3 0 92 -62 1]
 P 444056 21193 559912 51752212
PT [3 0 93 -62 1]
 P 444056 21193 563302 51872512
PT [3 0 94 -62 1]
 P 445442 21193 563305 51992812
PT [3 0 95 -62 1]
 P 445442 21193 566695 52113112
PT [3 0 96 -62 1]
EMPTY QUEUE
 P 448398 21193 566713 52236097
PT [3 0 97 -65 1]
 P 449664 21193 566721 52353712
PT [3 0 98 -65 1]
 P 449664 21193 570111 52474012
PT [3 0 99 -65 1]
 P 451939 21193 570114 52594312
PT [3 0 100 -65 1]
 P 453367 21193 570117 52714612
PT [3 0 101 -65 1]
EMPTY QUEUE
 P 453923 21193 573515 52836796
PT [3 0 102 -69 1]
 P 455272 21193 573524 52955212
PT [3 0 103 -69 1]
 P 455272 21193 576914 53075512
PT [3 0 104 -69 1]
 P 456581 21193 576923 53195812
PT [3 0 105 -69 1]
 P 459300 21193 576926 53316112
PT [3 0 106 -69 1]
 P 461936 21193 576929 53436412
PT [3 0 107 -69 1]
EMPTY QUEUE
 P 462493 21193 580327 53557925
PT [3 0 108 -73 1]
 P 462493 21193 583717 53677012
PT [3 0 109 -73 1]
 P 463842 21193 583725 53797312
PT [3 0 110 -73 1]
 P 465776 21193 583733 53917612
PT [3 0 111 -73 1]
 P 468589 21193 583736 54037912
PT [3 0 112 -73 1]
 P 469471 21193 583740 54158212
PT [3 0 113 -73 1]
EMPTY QUEUE
 P 470092 21193 587138 54281038
PT [3 0 114 -76 1]
 P 470092 21193 590528 54398812
PT [3 0 115 -76 1]
 P 472524 21193 590536 54519112
PT [3 0 116 -76 1]
 P 473789 21193 590544 54639412
PT [3 0 117 -76 1]
 P 475580 21193 590548 54759712
PT [3 0 118 -76 1]
 P 477862 21193 590551 54880012
PT [3 0 119 -76 1]
EMPTY QUEUE
 P 478418 21193 593950 55001333
PT [3 0 120 -81 1]
 P 478418 21193 597340 55120612
PT [3 0 121 -81 1]
 P 479769 21193 597349 55240912
PT [3 0 122 -81 1]
 P 481258 21193 597358 55361212
PT [3 0 123 -81 1]
 P 482568 21193 597366 55481512
PT [3 0 124 -81 1]
 P 483415 21193 597369 55601812
PT [3 0 125 -81 1]
EMPTY QUEUE
 P 483939 21193 600768 55723325
PT [3 0 126 -85 1]
 P 483939 21193 604158 55842412
PT [3 0 127 -85 1]
 P 483939 21193 607548 55962712
PT [3 0 128 -85 1]
 P 485288 21193 607557 56083012
PT [3 0 129 -85 1]
 P 486980 21193 607562 56203312
PT [3 0 130 -85 1]
EMPTY QUEUE
 P 488813 21193 607579 56325689
PT [3 0 131 -88 1]
 P 488813 21193 610969 56443912
PT [3 0 132 -88 1]
 P 488813 21193 614359 56564212
PT [3 0 133 -88 1]
 P 488813 21193 617749 56684512
PT [3 0 134 -88 1]
 P 490059 21193 617753 56804812
PT [3 0 135 -88 1]
EMPTY QUEUE
 P 492028 21193 617769 56926708
PT [3 0 136 -92 1]
 P 493962 21193 617777 57045412
PT [3 0 137 -92 1]
 P 493962 21193 621167 57165712
PT [3 0 138 -92 1]
 P 493962 21193 624557 57286012
PT [3 0 139 -92 1]
 P 496734 21193 624560 57406312
PT [3 0 140 -92 1]
 P 497576 21193 624563 57526612
PT [3 0 141 -92 1]
EMPTY QUEUE
 P 500597 21193 624579 57647932
PT [3 0 142 -96 1]
 P 501864 21193 624587 57767212
PT [3 0 143 -96 1]
 P 501864 21193 627977 57887512
PT [3 0 144 -96 1]
 P 501864 21193 631367 58007812
PT [3 0 145 -96 1]
 P 503551 21193 631370 58128112
PT [3 0 146 -96 1]
EMPTY QUEUE
 P 504139 21193 634769 58251161
PT [3 0 147 -99 1]
 P 505488 21193 634778 58368712
PT [3 0 148 -99 1]
 P 506976 21193 634786 58489012
PT [3 0 149 -99 1]
 P 506976 21193 638176 58609312
PT [3 0 150 -99 1]
 P 508217 21193 638180 58729612
PT [3 0 151 -99 1]
EMPTY QUEUE
 P 508773 21193 641578 58852213
PT [3 0 152 -102 1]
 P 508773 21193 644968 58970212
PT [3 0 153 -102 1]
 P 508773 21193 648358 59090512
PT [3 0 154 -102 1]
 P 510102 21193 648366 59210812
PT [3 0 155 -102 1]
 P 512869 21193 648369 59331112
PT [3 0 156 -102 1]
 P 514344 21193 648372 59451412
PT [3 0 157 -102 1]
EMPTY QUEUE
 P 514933 21193 651770 59572958
PT [3 0 158 -106 1]
 P 514933 21193 655160 59692012
PT [3 0 159 -106 1]
 P 516228 21193 655168 59812312
PT [3 0 160 -106 1]
 P 517557 21193 655176 59932612
PT [3 0 161 -106 1]
 P 518602 21193 655179 60052912
PT [3 0 162 -106 1]
 P 520042 21193 655182 60173212
PT [3 0 163 -106 1]
EMPTY QUEUE
 P 520662 21193 658580 60294821
PT [3 0 1 0 1]
 P 520662 21193 661970 60413702
PT [3 0 2 0 1]
 P 522121 21193 661978 60534002
PT [3 0 3 0 1]
 P 524165 21193 661986 60654302
PT [3 0 4 0 1]
 P 526529 21193 661989 60774602
PT [3 0 5 0 1]
 P 528046 21193 661992 60894902
PT [3 0 6 0 1]
EMPTY QUEUE
 P 528667 21193 665390 61017376
PT [3 0 7 -3 1]
 P 528667 21193 668780 61135502
PT [3 0 8 -3 1]
 P 531088 21193 668789 61255802
PT [3 0 9 -3 1]
 P 531088 21193 672179 61376102
PT [3 0 10 -3 1]
 P 533896 21193 672182 61496402
PT [3 0 11 -3 1]
 P 534837 21193 672185 61616702
PT [3 0 12 -3 1]
EMPTY QUEUE
 P 535457 21193 675583 61738599
PT [3 0 13 101 1]
 P 536744 21193 675591 61857302
PT [3 0 14 101 1]
 P 538073 21193 675600 61977602
PT [3 0 15 101 1]
 P 538073 21193 678990 62097902
PT [3 0 16 101 1]
 P 539861 21193 678993 62218202
PT [3 0 17 101 1]
 P 541278 21193 678996 62338502
PT [3 0 18 101 1]
EMPTY QUEUE
 P 541867 21193 682394 62459823
PT [3 0 19 97 1]
 P 543374 21193 682403 62579102
PT [3 0 20 97 1]
 P 545626 21193 682411 62699402
PT [3 0 21 97 1]
 P 545626 21193 685801 62819702
PT [3 0 22 97 1]
 P 548494 21193 685804 62940002
PT [3 0 23 97 1]
 P 549432 21193 685807 63060302
PT [3 0 24 97 1]
EMPTY QUEUE
 P 549988 21193 689206 63183479
PT [3 0 25 93 1]
 P 550923 21193 689215 63300902
PT [3 0 26 93 1]
 P 552475 21193 689224 63421202
PT [3 0 27 93 1]
 P 552475 21193 692614 63541502
PT [3 0 28 93 1]
 P 554258 21193 692617 63661802
PT [3 0 29 93 1]
 P 555671 21193 692621 63782102
PT [3 0 30 93 1]
EMPTY QUEUE
 P 556163 21193 696020 63904927
PT [3 0 31 89 1]
 P 557320 21193 696029 64022702
PT [3 0 32 89 1]
 P 558330 21193 696037 64143002
PT [3 0 33 89 1]
 P 558330 21193 699427 64263302
PT [3 0 34 89 1]
 P 561195 21193 699430 64383602
PT [3 0 35 89 1]
EMPTY QUEUE
 P 561687 21193 702829 64505499
PT [3 0 36 86 1]
 P 561687 21193 706219 64624202
PT [3 0 37 86 1]
 P 561687 21193 709609 64744502
PT [3 0 38 86 1]
 P 563016 21193 709618 64864802
PT [3 0 39 86 1]
 P 564512 21193 709621 64985102
PT [3 0 40 86 1]
EMPTY QUEUE
 P 565068 21193 713019 65106999
PT [3 0 41 83 1]
 P 565068 21193 716409 65225702
PT [3 0 42 83 1]
 P 565068 21193 719799 65346002
PT [3 0 43 83 1]
 P 566416 21193 719808 65466302
PT [3 0 44 83 1]
 P 567558 21193 719811 65586602
PT [3 0 45 83 1]
EMPTY QUEUE
 P 569486 21193 719829 65709299
PT [3 0 46 79 1]
 P 569486 21193 723219 65827202
PT [3 0 47 79 1]
 P 569486 21193 726609 65947502
PT [3 0 48 79 1]
 P 569486 21193 729999 66067802
PT [3 0 49 79 1]
 P 570947 21193 730002 66188102
PT [3 0 50 79 1]
EMPTY QUEUE
 P 572852 21193 730020 66310928
PT [3 0 51 76 1]
 P 574786 21193 730028 66428702
PT [3 0 52 76 1]
 P 574786 21193 733418 66549002
PT [3 0 53 76 1]
 P 574786 21193 736808 66669302
PT [3 0 54 76 1]
 P 577135 21193 736812 66789602
PT [3 0 55 76 1]
 P 578637 21193 736815 66909902
PT [3 0 56 76 1]
EMPTY QUEUE
 P 581562 21193 736831 67032503
PT [3 0 57 72 1]
 P 582828 21193 736840 67150502
PT [3 0 58 72 1]
 P 582828 21193 740230 67270802
PT [3 0 59 72 1]
 P 582828 21193 743620 67391102
PT [3 0 60 72 1]
 P 585620 21193 743623 67511402
PT [3 0 61 72 1]
 P 588329 21193 743627 67631702
PT [3 0 62 72 1]
EMPTY QUEUE
 P 589689 21193 743637 67753528
PT [3 0 63 72 1]
EMPTY QUEUE
 P 591733 21193 743655 67873548
PT [3 0 64 67 1]
 P 591733 21193 747045 67992602
PT [3 0 65 67 1]
 P 591733 21193 750435 68112902
PT [3 0 66 67 1]
 P 594620 21193 750438 68233202
PT [3 0 67 67 1]
 P 594620 21193 753828 68353502
PT [3 0 68 67 1]
EMPTY QUEUE
 P 597385 21193 753844 68474663
PT [3 0 69 64 1]
 P 598300 21193 753852 68594102
PT [3 0 70 64 1]
 P 598300 21193 757242 68714402
PT [3 0 71 64 1]
 P 599181 21193 757245 68834702
PT [3 0 72 64 1]
 P 600011 21193 757248 68955002
PT [3 0 73 64 1]
EMPTY QUEUE
 P 600503 21193 760647 69077379
PT [3 0 74 60 1]
 P 602075 21193 760655 69195602
PT [3 0 75 60 1]
 P 603213 21193 760663 69315902
PT [3 0 76 60 1]
 P 603213 21193 764053 69436202
PT [3 0 77 60 1]
 P 604982 21193 764057 69556502
PT [3 0 78 60 1]
EMPTY QUEUE
 P 605570 21193 767456 69679327
PT [3 0 79 57 1]
 P 605570 21193 770846 69797102
PT [3 0 80 57 1]
 P 606600 21193 770855 69917402
PT [3 0 81 57 1]
 P 608726 21193 770864 70037702
PT [3 0 82 57 1]
 P 610050 21193 770867 70158002
PT [3 0 83 57 1]
EMPTY QUEUE
 P 610606 21193 774265 70281019
PT [3 0 84 53 1]
 P 610606 21193 777655 70398602
PT [3 0 85 53 1]
 P 610606 21193 781045 70518902
PT [3 0 86 53 1]
 P 611413 21193 781054 70639202
PT [3 0 87 53 1]
 P 612232 21193 781063 70759502
PT [3 0 88 53 1]
 P 613152 21193 781066 70879802
PT [3 0 89 53 1]
EMPTY QUEUE
 P 613740 21193 784464 71002434
PT [3 0 90 49 1]
 P 613740 21193 787854 71120402
PT [3 0 91 49 1]
 P 613740 21193 791244 71240702
PT [3 0 92 49 1]
 P 615693 21193 791252 71361002
PT [3 0 93 49 1]
 P 617339 21193 791261 71481302
PT [3 0 94 49 1]
 P 618255 21193 791264 71601602
PT [3 0 95 49 1]
EMPTY QUEUE
 P 618875 21193 794663 71724747
PT [3 0 96 45 1]
 P 618875 21193 798053 71842202
PT [3 0 97 45 1]
 P 618875 21193 801443 71962502
PT [3 0 98 45 1]
 P 621657 21193 801452 72082802
PT [3 0 99 45 1]
 P 622795 21193 801460 72203102
PT [3 0 100 45 1]
 P 623710 21193 801463 72323402
PT [3 0 101 45 1]
EMPTY QUEUE
 P 624299 21193 804862 72445332
PT [3 0 102 41 1]
 P 624299 21193 808252 72564002
PT [3 0 103 41 1]
 P 624299 21193 811642 72684302
PT [3 0 104 41 1]
 P 626158 21193 811650 72804602
PT [3 0 105 41 1]
 P 627009 21193 811659 72924902
PT [3 0 106 41 1]
 P 627921 21193 811662 73045202
PT [3 0 107 41 1]
EMPTY QUEUE
 P 628543 21193 815060 73167900
PT [3 0 108 38 1]
 P 628543 21193 818450 73285802
PT [3 0 109 38 1]
 P 628543 21193 821840 73406102
PT [3 0 110 38 1]
 P 630655 21193 821849 73526402
PT [3 0 111 38 1]
 P 632413 21193 821852 73646702
PT [3 0 112 38 1]
EMPTY QUEUE
 P 634245 21193 821869 73769399
PT [3 0 113 34 1]
 P 635136 21193 821873 73887302
PT [3 0 114 34 1]
 P 635136 21193 825263 74007602
PT [3 0 115 34 1]
 P 635136 21193 828653 74127902
PT [3 0 116 34 1]
 P 635136 21193 832043 74248202
PT [3 0 117 34 1]
EMPTY QUEUE
 P 637042 21193 832059 74370866
PT [3 0 118 30 1]
 P 638798 21193 832062 74488802
PT [3 0 119 30 1]
 P 640107 21193 832071 74609102
PT [3 0 120 30 1]
 P 640997 21193 832074 74729402
PT [3 0 121 30 1]
 P 640997 21193 835464 74849702
PT [3 0 122 30 1]
EMPTY QUEUE
 P 641553 21193 838863 74971791
PT [3 0 123 27 1]
 P 641553 21193 842253 75090302
PT [3 0 124 27 1]
 P 642902 21193 842261 75210602
PT [3 0 125 27 1]
 P 644656 21193 842265 75330902
PT [3 0 126 27 1]
 P 645965 21193 842273 75451202
PT [3 0 127 27 1]
EMPTY QUEUE
 P 646218 21193 845668 75573465
PT [3 0 128 27 1]
EMPTY QUEUE
 P 646710 21193 849067 75693463
PT [3 0 129 23 1]
 P 646710 21193 852457 75812102
PT [3 0 130 23 1]
 P 648019 21193 852460 75932402
PT [3 0 131 23 1]
 P 649368 21193 852469 76052702
PT [3 0 132 23 1]
 P 651302 21193 852478 76173002
PT [3 0 133 23 1]
EMPTY QUEUE
 P 651878 21193 857933 76296304
PT [3 0 134 23 1]
EMPTY QUEUE
 P 652499 21193 861332 76415392
PT [3 0 135 19 1]
 P 655333 21193 861335 76533902
PT [3 0 136 19 1]
 P 655333 21193 864725 76654202
PT [3 0 137 19 1]
 P 657764 21193 864733 76774502
PT [3 0 138 19 1]
 P 659028 21193 864742 76894802
PT [3 0 139 19 1]
EMPTY QUEUE
 P 659616 21193 868140 77016059
PT [3 0 140 16 1]
 P 661081 21193 868143 77135402
PT [3 0 141 16 1]
 P 661081 21193 871533 77255702
PT [3 0 142 16 1]
 P 661081 21193 874923 77376002
PT [3 0 143 16 1]
 P 662429 21193 874932 77496302
PT [3 0 144 16 1]
EMPTY QUEUE
 P 664504 21193 874950 77618167
PT [3 0 145 12 1]
 P 665615 21193 874953 77736902
PT [3 0 146 12 1]
 P 665615 21193 878343 77857202
PT [3 0 147 12 1]
 P 665615 21193 881733 77977502
PT [3 0 148 12 1]
 P 665615 21193 885123 78097802
PT [3 0 149 12 1]
EMPTY QUEUE
 P 668413 21193 885140 78220564
PT [3 0 150 9 1]
 P 669328 21193 885149 78338402
PT [3 0 151 9 1]
 P 670134 21193 885152 78458702
PT [3 0 152 9 1]
 P 670134 21193 888542 78579002
PT [3 0 153 9 1]
