using saved target 'z1'
../../../../contiki/tools/sky/serialdump-linux -b115200 /dev/ttyUSB0
connecting to /dev/ttyUSB0 (115200) [OK]
 P 0 0 62 22702
 P 0 0 3452 93852
 P 0 0 6842 166032
 P 0 0 10232 238212
 P 0 0 13622 310392
EMPTY QUEUE
 P 67 0 17014 384569
 P 67 0 20404 454752
 P 67 0 23794 526932
 P 67 0 27184 599112
 P 67 0 30574 671292
EMPTY QUEUE
 P 134 0 33966 743965
 P 134 0 37356 815652
 P 134 0 40746 887832
 P 134 0 44136 960012
 P 134 0 47526 1032192
EMPTY QUEUE
 P 201 0 50918 1104769
 P 201 0 54308 1176552
 P 201 0 57698 1248732
 P 201 0 61088 1320912
 P 1983 0 62696 1393092
EMPTY QUEUE
 P 2050 0 66088 1467493
 P 2050 0 69478 1537452
 P 2050 0 72868 1609632
 P 2050 0 76258 1681812
 P 4552 0 76267 1753992
EMPTY QUEUE
 P 5480 0 76278 1827785
 P 6951 0 76286 1898352
 P 6951 0 79676 1970532
 P 6951 0 83066 2042712
 P 6951 0 86456 2114892
EMPTY QUEUE
 P 9704 0 86466 2188717
 P 10855 0 86476 2259252
 P 10855 0 89866 2331432
 P 10855 0 93256 2403612
 P 10855 0 96646 2475792
EMPTY QUEUE
 P 12774 0 96656 2549009
 P 15142 0 96664 2620152
 P 15142 0 100054 2692332
 P 15142 0 103444 2764512
 P 15142 0 106834 2836692
EMPTY QUEUE
 P 17765 0 106845 2911221
 P 20549 0 106854 2981052
 P 20549 0 110244 3053232
 P 20549 0 113634 3125412
 P 20549 0 117024 3197592
EMPTY QUEUE
 P 23363 0 117034 3271769
 P 25060 0 117042 3341952
 P 25060 0 120432 3414132
 P 25060 0 123822 3486312
 P 25060 0 127212 3558492
EMPTY QUEUE
 P 27553 0 127222 3631165
 P 29698 0 127230 3702852
 P 29698 0 130620 3775032
 P 29698 0 134010 3847212
 P 29698 0 137400 3919392
EMPTY QUEUE
 P 31358 0 137411 3991969
 P 33440 0 137419 4063752
 P 33440 0 140809 4135932
 P 33440 0 144199 4208112
 P 33440 0 147589 4280292
EMPTY QUEUE
 P 35804 0 147599 4354693
 P 37310 0 147607 4424652
 P 37310 0 150997 4496832
 P 37310 0 154387 4569012
 P 37310 0 157777 4641192
EMPTY QUEUE
 P 40057 0 157787 4715753
 P 42523 0 157796 4785552
 P 42523 0 161186 4857732
 P 42523 0 164576 4929912
 P 42523 0 167966 5002092
EMPTY QUEUE
 P 42590 0 171358 5075661
 P 43458 0 171366 5146452
 P 44313 0 171374 5218632
 P 44313 0 174764 5290812
 P 44313 0 178154 5362992
EMPTY QUEUE
 P 44380 0 181546 5436977
 P 47231 0 181555 5507352
 P 50069 0 181564 5579532
 P 50069 0 184954 5651712
 P 50069 0 188344 5723892
EMPTY QUEUE
 P 50136 0 191736 5798165
 P 52413 0 191744 5868252
 P 54675 0 191752 5940432
 P 54675 0 195142 6012612
 P 54675 0 198532 6084792
EMPTY QUEUE
 P 54742 0 201924 6157689
 P 55930 0 201933 6229152
 P 57103 0 201941 6301332
 P 57103 0 205331 6373512
 P 57103 0 208721 6445692
EMPTY QUEUE
 P 57170 0 212113 6520157
 P 58807 0 212121 6590052
 P 60427 0 212130 6662232
 P 60427 0 215520 6734412
 P 60427 0 218910 6806592
EMPTY QUEUE
 P 60494 0 222302 6879937
 P 62067 0 222310 6950952
 P 63623 0 222318 7023132
 P 63623 0 225708 7095312
 P 63623 0 229098 7167492
EMPTY QUEUE
 P 63690 0 232490 7241637
 P 64688 0 232498 7311852
 P 65667 0 232507 7384032
 P 65667 0 235897 7456212
 P 65667 0 239287 7528392
EMPTY QUEUE
 P 65734 0 242679 7601673
 P 67692 0 242687 7672752
 P 69630 0 242696 7744932
 P 69630 0 246086 7817112
 P 69630 0 249476 7889292
EMPTY QUEUE
 P 69697 0 252868 7962605
 P 72103 0 252877 8033652
 P 74490 0 252885 8105832
 P 74490 0 256275 8178012
 P 74490 0 259665 8250192
EMPTY QUEUE
 P 74557 0 263057 8322897
 P 76900 0 263065 8394552
 P 79221 0 263073 8466732
 P 79221 0 266463 8538912
 P 79221 0 269853 8611092
EMPTY QUEUE
 P 79288 0 273245 8685109
 P 81055 0 273254 8755452
 P 82800 0 273263 8827632
 P 82800 0 276653 8899812
 P 82800 0 280043 8971992
EMPTY QUEUE
 P 82811 0 283435 9045601
EMPTY QUEUE
 P 85606 0 283445 9117965
 P 88310 0 283453 9188532
 P 88310 0 286843 9260712
 P 88310 0 290233 9332892
 P 88310 0 293623 9405072
EMPTY QUEUE
 P 89505 0 293633 9478897
 P 90608 0 293641 9549432
 P 90608 0 297031 9621612
 P 90608 0 300421 9693792
 P 90608 0 303811 9765972
EMPTY QUEUE
 P 91740 0 303821 9839189
 P 92778 0 303830 9910332
 P 92778 0 307220 9982512
 P 92778 0 310610 10054692
 P 92778 0 314000 10126872
EMPTY QUEUE
 P 95382 0 314010 10201401
 P 97892 0 314018 10271232
 P 97892 0 317408 10343412
 P 97892 0 320798 10415592
 P 97892 0 324188 10487772
EMPTY QUEUE
 P 99408 0 324199 10561949
 P 100829 0 324207 10632132
 P 100829 0 327597 10704312
 P 100829 0 330987 10776492
 P 100829 0 334377 10848672
EMPTY QUEUE
 P 102794 0 334387 10921345
 P 104662 0 334396 10993032
 P 104662 0 337786 11065212
 P 104662 0 341176 11137392
 P 104662 0 344566 11209572
EMPTY QUEUE
 P 106563 0 344577 11282149
 P 108367 0 344585 11353932
 P 108367 0 347975 11426112
 P 108367 0 351365 11498292
 P 108367 0 354755 11570472
EMPTY QUEUE
 P 108434 0 358147 11644873
 P 109661 0 358155 11714832
 P 112328 0 358163 11787012
 P 113812 0 358171 11859192
 P 113812 0 361561 11931372
46987 R 3.0 1 1 191 1
EMPTY QUEUE
 P 115713 272 361572 12005933
47267 R 2.0 1 1 553 2
 P 117036 544 361581 12075732
47554 R 5.0 1 2 623 3
 P 119574 816 361590 12147912
47829 R 3.0 2 1 649 4
 P 120416 1088 361598 12220092
48118 R 2.0 2 1 1021 5
 P 123212 1359 361607 12292272
48400 R 5.0 2 2 1086 6
EMPTY QUEUE
 P 126105 1630 361618 12365841
48680 R 3.0 3 1 1117 7
 P 128355 1901 361627 12436632
48958 R 3.0 4 1 1010 8
 P 129516 2172 361636 12508812
 P 129516 2172 365026 12580992
49524 R 4.0 1 2 2613 9
 P 131224 2444 365034 12653172
49810 R 3.0 5 1 1478 10
EMPTY QUEUE
 P 133956 2716 365044 12727157
50090 R 2.0 3 1 2608 11
 P 136112 2988 365052 12797532
50370 R 5.0 3 2 2673 12
 P 137945 3259 365061 12869712
50655 R 5.0 4 2 2573 13
 P 140482 3530 365070 12941892
50935 R 2.0 4 1 3070 14
 P 142574 3802 365079 13014072
51220 R 3.0 6 1 2504 15
EMPTY QUEUE
 P 145369 4074 365090 13088345
51494 R 5.0 5 2 3028 16
 P 146209 4346 365098 13158432
51784 R 3.0 7 1 2684 17
 P 149033 4618 365106 13230612
52061 R 4.0 2 2 4765 18
 P 150550 4889 365115 13302792
52346 R 5.0 6 2 3496 19
 P 152798 5161 365125 13374972
52628 R 2.0 5 1 4379 20
EMPTY QUEUE
 P 155342 5433 365135 13447869
52905 R 3.0 8 1 3422 21
 P 156501 5704 365145 13519332
53186 R 2.0 6 1 4553 22
 P 157378 5976 365153 13591512
53471 R 5.0 7 2 4237 23
 P 158985 6248 365162 13663692
53758 R 2.0 7 1 4740 24
 P 161846 6520 365171 13735872
54035 R 3.0 9 1 4167 25
EMPTY QUEUE
 P 163457 6793 365181 13810337
54316 R 2.0 8 1 4915 26
 P 164942 7065 365190 13880232
54596 R 3.0 10 1 4345 27
 P 165909 7336 365199 13952412
54879 R 4.0 3 2 7199 28
 P 167075 7607 365208 14024592
55162 R 2.0 9 1 5376 29
 P 168401 7878 365218 14096772
55442 R 5.0 8 2 5823 30
EMPTY QUEUE
 P 169307 8151 365229 14170117
55731 R 3.0 11 1 4712 31
 P 172129 8423 365237 14241132
56008 R 4.0 4 2 7945 32
 P 173519 8695 365245 14313312
56289 R 2.0 10 1 6120 33
 P 174845 8967 365253 14385492
 P 177091 8967 366463 14457672
56859 R 2.0 11 1 5921 34
EMPTY QUEUE
 P 179956 9239 366473 14531817
57135 R 3.0 12 1 10902 35
 P 181113 9510 366485 14602032
57419 R 2.0 12 1 5329 36
 P 182823 9783 366494 14674212
 P 182823 9783 369884 14746392
57984 R 2.0 13 1 5127 37
 P 184982 10054 369893 14818572
58268 R 5.0 9 2 8267 38
EMPTY QUEUE
 P 187710 10326 369903 14891853
58548 R 2.0 14 1 5306 39
 P 189805 10597 369912 14962932
58829 R 3.0 13 1 7041 40
 P 191634 10868 369921 15035112
59110 R 2.0 15 1 5100 41
 P 193153 11140 369929 15107292
59395 R 2.0 16 1 5002 42
 P 195632 11412 369937 15179472
59677 R 3.0 14 1 7122 43
EMPTY QUEUE
 P 198231 11684 369948 15252785
59953 R 2.0 17 1 4791 44
 P 199110 11956 369957 15323832
60242 R 3.0 15 1 7303 45
 P 201834 12228 369965 15396012
60525 R 2.0 18 1 4979 46
 P 204697 12501 369974 15468192
60805 R 3.0 16 1 7097 47
 P 207101 12773 369983 15540372
EMPTY QUEUE
 P 207168 12773 373375 15613077
61365 R 3.0 17 1 7274 48
 P 208739 13044 373384 15684732
61647 R 4.0 7 2 12431 49
 P 210131 13316 373393 15756912
61932 R 3.0 18 1 7073 50
 P 212406 13588 373401 15829092
62210 R 2.0 19 1 5897 51
 P 213734 13860 373409 15901272
EMPTY QUEUE
 P 216213 13860 373419 15975065
62780 R 2.0 20 1 5699 52
 P 219013 14132 373427 16045632
63061 R 3.0 19 1 7434 53
 P 221672 14403 373436 16117812
63340 R 2.0 21 1 5874 54
 P 223384 14676 373445 16189992
63622 R 3.0 20 1 7611 55
 P 225210 14947 373454 16262172
63905 R 2.0 22 1 5672 56
EMPTY QUEUE
 P 227437 15219 373465 16335997
64189 R 3.0 21 1 7025 57
 P 229967 15492 373473 16406532
64469 R 2.0 23 1 5851 58
 P 232064 15763 373482 16478712
64753 R 3.0 22 1 6438 59
 P 234786 16035 373490 16550892
65031 R 4.0 8 2 15431 60
 P 236307 16306 373499 16623072
65316 R 3.0 23 1 6232 61
EMPTY QUEUE
 P 238776 16577 373510 16696289
65598 R 2.0 24 1 5829 62
 P 241257 16849 373518 16767432
65877 R 3.0 24 1 6025 63
 P 242826 17122 373527 16839612
66156 R 2.0 25 1 6002 64
 P 243707 17394 373535 16911792
66438 R 3.0 25 1 5818 65
 P 244540 17667 373543 16983972
66728 R 2.0 26 1 6190 66
EMPTY QUEUE
 P 247472 17939 373554 17058501
67009 R 3.0 26 1 6006 67
 P 250289 18210 373563 17128332
67289 R 2.0 27 1 5600 68
 P 252578 18482 373572 17200512
67571 R 3.0 27 1 6183 69
 P 254818 18753 373582 17272692
67849 R 2.0 28 1 5391 70
 P 256020 19024 373591 17344872
68131 R 3.0 28 1 5975 71
EMPTY QUEUE
 P 257239 19297 373602 17419049
68415 R 2.0 29 1 5573 72
 P 258890 19569 373611 17489232
68696 R 3.0 29 1 5389 73
 P 260490 19841 373619 17561412
68978 R 2.0 30 1 5369 74
 P 262076 20113 373627 17633592
69260 R 3.0 30 1 5568 75
 P 263612 20384 373636 17705772
69540 R 2.0 31 1 5546 76
EMPTY QUEUE
 P 264689 20656 373646 17778445
69822 R 3.0 31 1 5362 77
 P 265648 20927 373655 17850132
70108 R 2.0 32 1 5346 78
 P 267619 21200 373664 17922312
70389 R 3.0 32 1 5546 79
 P 269538 21472 373672 17994492
70673 R 2.0 33 1 5528 80
 P 271956 21744 373682 18066672
70955 R 3.0 33 1 5343 81
EMPTY QUEUE
 P 274390 22016 373692 18139249
 P 276744 22016 374902 18211032
71519 R 3.0 34 1 5523 82
 P 279047 22287 374911 18283212
71799 R 2.0 34 1 11208 83
 P 280826 22559 374920 18355392
72080 R 3.0 35 1 5317 84
 P 282552 22831 374929 18427572
72366 R 2.0 35 1 6069 85
EMPTY QUEUE
 P 285358 23103 374939 18501973
72648 R 3.0 36 1 5500 86
 P 288044 23375 374947 18571932
72924 R 2.0 36 1 5858 87
 P 289183 23647 374955 18644112
73206 R 3.0 37 1 5290 88
 P 290270 23919 374964 18716292
73487 R 2.0 37 1 6038 89
 P 291345 24191 374973 18788472
73775 R 2.0 38 1 5558 90
EMPTY QUEUE
 P 293959 24463 374984 18863033
74053 R 2.0 39 1 5451 91
 P 295419 24734 374993 18932832
74337 R 2.0 40 1 5351 92
 P 297327 25005 375002 19005012
74618 R 2.0 41 1 4865 93
 P 299171 25276 375011 19077192
74898 R 2.0 42 1 4760 94
 P 300439 25547 375020 19149372
75184 R 2.0 43 1 4278 95
EMPTY QUEUE
 P 302734 25820 375030 19222941
75464 R 2.0 44 1 3406 96
 P 304482 26092 375038 19293732
75744 R 2.0 45 1 3303 97
 P 305910 26364 375046 19365912
76031 R 2.0 46 1 2822 98
 P 308554 26636 375054 19438092
76308 R 2.0 47 1 2714 99
 P 309854 26908 375063 19510272
76591 R 2.0 48 1 2613 100
EMPTY QUEUE
 P 311413 27180 375074 19584257
76871 R 4.0 13 2 25352 101
 P 312585 27452 375083 19654632
77158 R 2.0 49 1 2796 102
 P 314973 27723 375093 19726812
77435 R 2.0 50 1 2689 103
 P 316018 27996 375102 19798992
77717 R 4.0 14 2 25814 104
 P 317255 28267 375111 19871172
77998 R 4.0 15 2 25711 105
EMPTY QUEUE
 P 318239 28538 375122 19945445
78285 R 4.0 16 2 22541 106
 P 320372 28810 375130 20015532
78570 R 4.0 17 2 22058 107
 P 323209 29082 375140 20087712
78844 R 4.0 18 2 19261 108
 P 324190 29354 375148 20159892
79133 R 4.0 19 2 16093 109
 P 326899 29626 375156 20232072
79412 R 4.0 20 2 12916 110
EMPTY QUEUE
 P 328843 29898 375166 20304969
79696 R 4.0 21 2 10129 111
 P 331424 30170 375175 20376432
79979 R 4.0 22 2 6955 112
 P 334197 30442 375184 20448612
80260 R 4.0 23 2 5699 113
 P 336650 30715 375193 20520792
80538 R 4.0 24 2 5210 114
 P 338272 30986 375202 20592972
80823 R 4.0 25 2 4727 115
EMPTY QUEUE
 P 340665 31257 375213 20667437
81106 R 4.0 26 2 4625 116
 P 343183 31528 375222 20737332
81387 R 4.0 27 2 4522 117
 P 345382 31800 375231 20809512
81665 R 4.0 28 2 4417 118
 P 346748 32072 375239 20881692
81950 R 4.0 29 2 4317 119
 P 348818 32344 375247 20953872
82233 R 4.0 30 2 4216 120
EMPTY QUEUE
 P 351147 32617 375257 21027217
82513 R 4.0 31 2 4113 121
 P 353089 32889 375265 21098232
82792 R 4.0 32 2 4008 122
 P 354199 33161 375274 21170412
83077 R 4.0 33 2 3908 123
 P 356013 33433 375283 21242592
 P 357964 33433 375292 21314772
83639 R 4.0 34 2 4087 124
EMPTY QUEUE
 P 359429 33705 375303 21388565
83921 R 4.0 35 2 3984 125
 P 360764 33976 375312 21459132
84208 R 4.0 36 2 3888 126
 P 363571 34247 375321 21531312
84486 R 4.0 37 2 3782 127
 P 365290 34518 375330 21603492
84770 R 4.0 38 2 3681 128
 P 367457 34790 375338 21675672
85052 R 4.0 39 2 3580 129
EMPTY QUEUE
 P 369628 35063 375348 21749497
85329 R 3.0 38 1 17029 130
 P 370453 35336 375356 21820032
85613 R 4.0 40 2 3756 131
 P 371852 35609 375364 21892212
85894 R 4.0 41 2 3654 132
 P 373187 35881 375372 21964392
 P 375578 35881 376584 22036572
86456 R 3.0 39 1 17389 133
EMPTY QUEUE
 P 376468 36152 376595 22109789
86741 R 4.0 42 2 4116 134
 P 377963 36424 376604 22180932
87020 R 3.0 40 1 17569 135
 P 378786 36696 376613 22253112
87304 R 4.0 43 2 4296 136
 P 380186 36967 376622 22325292
87586 R 4.0 44 2 4193 137
 P 381363 37239 376631 22397472
87866 R 3.0 41 1 18031 138
EMPTY QUEUE
 P 382253 37510 376642 22472001
88151 R 4.0 45 2 4374 139
 P 383749 37783 376650 22541832
88430 R 3.0 42 1 17827 140
 P 384572 38054 376659 22614012
88714 R 4.0 46 2 4554 141
 P 385972 38326 376667 22686192
88995 R 4.0 47 2 4451 142
 P 387148 38598 376675 22758372
89276 R 3.0 43 1 18288 143
EMPTY QUEUE
 P 388037 38870 376685 22832549
89560 R 4.0 48 2 4632 144
 P 389533 39142 376694 22902732
89840 R 3.0 44 1 18084 145
 P 390355 39414 376702 22974912
90124 R 4.0 49 2 4811 146
 P 391755 39686 376711 23047092
90405 R 4.0 50 2 4709 147
 P 392932 39957 376720 23119272
90686 R 3.0 45 1 18546 148
EMPTY QUEUE
 P 393764 40229 376731 23191889
90975 R 3.0 46 1 18068 149
EMPTY QUEUE
 P 396636 40500 376742 23265245
91256 R 110.219 24 3 13785 150
 P 399029 40773 376750 23335812
91537 R 3.0 47 1 18245 151
 P 401258 41045 376758 23407992
91814 R 110.219 25 3 12746 152
 P 402307 41317 376766 23480172
92097 R 3.0 48 1 6517 153
 P 403448 41589 376775 23552352
92379 R 110.219 26 3 11711 154
EMPTY QUEUE
 P 404756 41861 376785 23626177
92662 R 3.0 49 1 5931 155
 P 406344 42132 376795 23696712
92942 R 110.219 27 3 11059 156
 P 407265 42404 376804 23768892
93226 R 3.0 50 1 6110 157
 P 408789 42676 376813 23841072
 P 408789 42676 380203 23913252
93788 R 5.0 15 2 41482 158
EMPTY QUEUE
 P 409804 42948 380213 23986469
94071 R 110.219 28 3 10591 159
 P 411206 43219 380222 24057612
94355 R 5.0 16 2 41665 160
 P 413114 43490 380231 24129792
94635 R 110.219 29 3 9555 161
 P 414452 43762 380239 24201972
94921 R 158.170 2 3 42389 162
 P 416807 44033 380248 24274152
95205 R 110.219 30 3 8526 163
EMPTY QUEUE
 P 419684 44305 380258 24348681
95485 R 5.0 17 2 42411 164
 P 421976 44578 380266 24418512
95764 R 110.219 31 3 7487 165
 P 423698 44850 380275 24490692
96046 R 5.0 18 2 40668 166
 P 425413 45122 380283 24562872
96330 R 110.219 32 3 6454 167
 P 427583 45394 380292 24635052
96614 R 5.0 19 2 37779 168
EMPTY QUEUE
 P 430325 45665 380303 24709229
96894 R 110.219 33 3 5419 169
 P 432432 45936 380312 24779412
97172 R 5.0 20 2 34497 170
 P 433507 46208 380321 24851592
97455 R 110.219 34 3 5535 171
 P 435038 46479 380330 24923772
97735 R 5.0 21 2 31605 172
 P 436048 46751 380338 24995952
EMPTY QUEUE
 P 436115 46751 383730 25068625
98305 R 5.0 22 2 28719 173
 P 438597 47022 383739 25140312
98584 R 5.0 23 2 25926 174
 P 440343 47293 383748 25212492
98867 R 5.0 24 2 7777 175
 P 442281 47565 383757 25284672
99145 R 110.219 35 3 6985 176
 P 443268 47837 383766 25356852
99429 R 5.0 25 2 7571 177
EMPTY QUEUE
 P 444952 48109 383777 25429429
99716 R 110.219 36 3 6517 178
 P 447668 48382 383786 25501212
99998 R 5.0 26 2 7756 179
 P 450501 48654 383794 25573392
100276 R 110.219 37 3 6632 180
 P 452385 48925 383803 25645572
100557 R 5.0 27 2 7546 181
 P 453874 49196 383812 25717752
100843 R 110.219 38 3 6751 182
EMPTY QUEUE
 P 456529 49467 383823 25792153
101121 R 5.0 28 2 7728 183
 P 458209 49738 383832 25862112
101408 R 110.219 40 3 6038 184
 P 460989 50010 383841 25934292
101684 R 5.0 29 2 7905 185
 P 462349 50282 383849 26006472
101970 R 110.219 41 3 6155 186
 P 464809 50554 383857 26078652
102253 R 5.0 30 2 7706 187
EMPTY QUEUE
 P 467453 50827 383867 26153213
102531 R 110.219 42 3 5884 188
 P 469081 51099 383876 26223012
102810 R 5.0 31 2 7879 189
 P 469897 51370 383885 26295192
103097 R 110.219 43 3 6004 190
 P 472229 51642 383894 26367372
103380 R 110.219 44 3 10689 191
 P 474754 51913 383903 26439552
103663 R 5.0 32 2 7965 192
EMPTY QUEUE
 P 477620 52185 383914 26513121
103943 R 110.219 45 3 5478 193
 P 479825 52456 383923 26583912
104225 R 5.0 33 2 8143 194
 P 482048 52728 383931 26656092
 P 482048 52728 387321 26728272
104785 R 5.0 34 2 7935 195
 P 483183 52999 387331 26800452
105068 R 110.219 46 3 6157 196
EMPTY QUEUE
 P 484751 53271 387341 26874437
105354 R 5.0 35 2 8121 197
 P 487389 53542 387350 26944812
105631 R 110.219 47 3 11873 198
 P 488571 53815 387359 27016992
105915 R 5.0 36 2 7912 199
 P 490377 54087 387367 27089172
106199 R 110.219 48 3 5949 200
 P 492774 54359 387376 27161352
106482 R 5.0 37 2 8096 201
EMPTY QUEUE
 P 495351 54632 387386 27235625
106758 R 110.219 49 3 6060 202
 P 496405 54903 387395 27305712
107046 R 5.0 38 2 7892 203
 P 499107 55174 387404 27377892
107323 R 110.219 50 3 6178 204
 P 500354 55445 387414 27450072
107609 R 5.0 39 2 8070 205
 P 502735 55717 387423 27522252
107888 R 5.0 40 2 7582 206
EMPTY QUEUE
 P 504351 55990 387434 27595149
108172 R 5.0 41 2 7482 207
 P 506604 56262 387442 27666612
108455 R 5.0 42 2 6998 208
 P 509049 56534 387450 27738792
108736 R 5.0 43 2 6893 209
 P 511174 56805 387459 27810972
 P 512100 56805 387468 27883152
109296 R 5.0 44 2 6686 210
EMPTY QUEUE
 P 513460 57076 387479 27957617
109581 R 5.0 45 2 5819 211
 P 515456 57347 387488 28027512
109864 R 5.0 46 2 5334 212
 P 517644 57619 387497 28099692
110144 R 5.0 47 2 5230 213
 P 519512 57891 387505 28171872
 P 519512 57891 390895 28244052
EMPTY QUEUE
 P 521722 57891 390905 28317397
110993 R 5.0 48 2 5311 214
 P 524358 58162 390914 28388412
111272 R 5.0 49 2 5207 215
 P 526162 58433 390923 28460592
111557 R 5.0 50 2 4722 216
 P 528669 58704 390932 28532772
111839 R 158.170 35 3 18285 217
 P 531368 58976 390941 28604952
EMPTY QUEUE
 P 534282 58976 390952 28679097
 P 536661 58976 392162 28749312
112681 R 158.170 36 3 18994 218
 P 538208 59248 392170 28821492
112966 R 158.170 37 3 16275 219
 P 540459 59519 392180 28893672
113248 R 158.170 38 3 14992 220
 P 542902 59790 392189 28965852
113530 R 158.170 39 3 13705 221
EMPTY QUEUE
 P 545316 60061 392200 29039133
 P 546724 60061 392208 29110212
114093 R 158.170 40 3 12671 222
 P 549006 60333 392217 29182392
114373 R 158.170 41 3 11383 223
 P 550712 60605 392225 29254572
114659 R 158.170 42 3 10100 224
 P 553378 60877 392233 29326752
114939 R 158.170 43 3 8813 225
EMPTY QUEUE
 P 555631 61149 392243 29400065
115220 R 158.170 44 3 7527 226
 P 557497 61421 392252 29471112
115498 R 158.170 45 3 7359 227
 P 558531 61692 392261 29543292
115783 R 158.170 46 3 7197 228
 P 560268 61963 392270 29615472
 P 561612 61963 392279 29687652
116346 R 158.170 47 3 7345 229
EMPTY QUEUE
 P 563065 62236 392289 29760357
116629 R 158.170 48 3 7182 230
 P 564898 62508 392297 29832012
116910 R 158.170 49 3 7048 231
 P 566507 62780 392305 29904192
117193 R 158.170 50 3 6914 232
 P 568276 63051 392314 29976372
 P 571093 63051 392322 30048552
EMPTY QUEUE
 P 571160 63051 395714 30122569
 P 571160 63051 399104 30192912
 P 571160 63051 402494 30265092
 P 572352 63051 402502 30337272
 P 574081 63051 402511 30409452
EMPTY QUEUE
 P 574148 63051 405903 30483117
 P 574148 63051 409293 30553812
 P 574148 63051 412683 30625992
 P 576299 63051 412692 30698172
 P 578477 63051 412700 30770352
EMPTY QUEUE
 P 578544 63051 416092 30844561
 P 578544 63051 419482 30914712
 P 578544 63051 422872 30986892
 P 581143 63051 422880 31059072
 P 582073 63051 422889 31131252
EMPTY QUEUE
 P 582084 63051 426281 31205309
EMPTY QUEUE
 P 582151 63051 429673 31277225
 P 582151 63051 433063 31347792
 P 584685 63051 433071 31419972
 P 586832 63051 433079 31492152
 P 586832 63051 436469 31564332
EMPTY QUEUE
 P 586899 63051 439861 31638157
 P 586899 63051 443251 31708692
 P 588856 63051 443260 31780872
 P 591707 63051 443268 31853052
 P 591707 63051 446658 31925232
EMPTY QUEUE
 P 591774 63051 450050 31998449
 P 591774 63051 453440 32069592
 P 592643 63051 453448 32141772
 P 593639 63051 453456 32213952
 P 593639 63051 456846 32286132
EMPTY QUEUE
 P 593706 63051 460238 32360661
 P 593706 63051 463628 32430492
 P 595022 63051 463637 32502672
 P 597746 63051 463645 32574852
 P 597746 63051 467035 32647032
EMPTY QUEUE
 P 597813 63051 470427 32721209
 P 597813 63051 473817 32791392
 P 599064 63051 473826 32863572
 P 600956 63051 473835 32935752
 P 600956 63051 477225 33007932
EMPTY QUEUE
 P 601023 63051 480617 33080605
 P 601023 63051 484007 33152292
 P 603747 63051 484015 33224472
 P 606344 63051 484023 33296652
 P 606344 63051 487413 33368832
EMPTY QUEUE
 P 606411 63051 490805 33441409
 P 606411 63051 494195 33513192
 P 608045 63051 494203 33585372
 P 610834 63051 494213 33657552
 P 610834 63051 497603 33729732
EMPTY QUEUE
 P 610901 63051 500995 33804133
 P 610901 63051 504385 33874092
 P 612983 63051 504394 33946272
 P 615453 63051 504402 34018452
 P 615453 63051 507792 34090632
EMPTY QUEUE
 P 615520 63051 511184 34165193
 P 615520 63051 514574 34234992
 P 617537 63051 514582 34307172
 P 619176 63051 514590 34379352
 P 619176 63051 517980 34451532
EMPTY QUEUE
 P 619243 63051 521372 34525101
 P 619243 63051 524762 34595892
 P 620683 63051 524770 34668072
 P 623026 63051 524778 34740252
 P 623026 63051 528168 34812432
EMPTY QUEUE
 P 623093 63051 531560 34886417
 P 623093 63051 534950 34956792
 P 625492 63051 534959 35028972
 P 628027 63051 534967 35101152
 P 628027 63051 538357 35173332
EMPTY QUEUE
 P 628094 63051 541749 35247605
 P 628094 63051 545139 35317692
 P 628893 63051 545147 35389872
 P 631108 63051 545156 35462052
 P 631108 63051 548546 35534232
EMPTY QUEUE
 P 631175 63051 551938 35607129
 P 631175 63051 555328 35678592
 P 633957 63051 555336 35750772
 P 635341 63051 555344 35822952
 P 635341 63051 558734 35895132
EMPTY QUEUE
 P 635408 63051 562126 35969597
 P 635408 63051 565516 36039492
 P 637613 63051 565525 36111672
 P 639701 63051 565534 36183852
 P 639701 63051 568924 36256032
EMPTY QUEUE
 P 639768 63051 572316 36329377
 P 639768 63051 575706 36400392
 P 640885 63051 575714 36472572
 P 643166 63051 575722 36544752
 P 643166 63051 579112 36616932
EMPTY QUEUE
 P 643233 63051 582504 36691077
 P 643233 63051 585894 36761292
 P 644797 63051 585902 36833472
 P 646758 63051 585910 36905652
 P 646758 63051 589300 36977832
EMPTY QUEUE
 P 646825 63051 592692 37051113
 P 646825 63051 596082 37122192
 P 648324 63051 596091 37194372
 P 649454 63051 596099 37266552
 P 649454 63051 599489 37338732
EMPTY QUEUE
 P 649521 63051 602881 37412045
 P 649521 63051 606271 37483092
 P 650444 63051 606279 37555272
 P 652278 63051 606287 37627452
 P 652278 63051 609677 37699632
EMPTY QUEUE
 P 652345 63051 613069 37772337
 P 652345 63051 616459 37843992
 P 654227 63051 616467 37916172
 P 656253 63051 616476 37988352
 P 656253 63051 619866 38060532
EMPTY QUEUE
 P 656320 63051 623258 38134549
 P 656320 63051 626648 38204892
 P 658649 63051 626657 38277072
 P 660356 63051 626665 38349252
 P 660356 63051 630055 38421432
EMPTY QUEUE
 P 660423 63051 633447 38495097
 P 660423 63051 636837 38565792
 P 662688 63051 636845 38637972
 P 665611 63051 636854 38710152
 P 665611 63051 640244 38782332
EMPTY QUEUE
 P 665678 63051 643636 38856541
 P 665678 63051 647026 38926692
 P 667366 63051 647034 38998872
 P 668946 63051 647042 39071052
 P 668946 63051 650432 39143232
EMPTY QUEUE
 P 669013 63051 653824 39217345
 P 669013 63051 657214 39287592
 P 671660 63051 657222 39359772
 P 673432 63051 657231 39431952
 P 673432 63051 660621 39504132
EMPTY QUEUE
 P 673499 63051 664013 39578021
 P 673499 63051 667403 39648492
 P 675666 63051 667411 39720672
 P 675666 63051 670801 39792852
 P 677119 63051 670809 39865032
EMPTY QUEUE
 P 677186 63051 674201 39939081
 P 677186 63051 677591 40009392
 P 679032 63051 677599 40081572
 P 679032 63051 680989 40153752
 P 681701 63051 680998 40225932
EMPTY QUEUE
 P 681768 63051 684390 40298989
 P 681768 63051 687780 40370292
 P 682781 63051 687788 40442472
 P 682781 63051 691178 40514652
 P 684107 63051 691186 40586832
EMPTY QUEUE
 P 684174 63051 694578 40660305
 P 684174 63051 697968 40731192
 P 685890 63051 697977 40803372
 P 685890 63051 701367 40875552
 P 687408 63051 701375 40947732
EMPTY QUEUE
 P 687475 63051 704767 41021493
 P 687475 63051 708157 41092092
 P 687475 63051 711547 41164272
 P 689287 63051 711555 41236452
 P 690709 63051 711564 41308632
EMPTY QUEUE
 P 690776 63051 714956 41383065
 P 690776 63051 718346 41452992
 P 690776 63051 721736 41525172
 P 692523 63051 721744 41597352
 P 693882 63051 721752 41669532
EMPTY QUEUE
 P 693949 63051 725144 41743485
 P 693949 63051 728534 41813892
 P 693949 63051 731924 41886072
 P 695119 63051 731933 41958252
 P 697950 63051 731942 42030432
EMPTY QUEUE
 P 698017 63051 735334 42103265
 P 698017 63051 738724 42174792
 P 698017 63051 742114 42246972
 P 700147 63051 742122 42319152
 P 701891 63051 742130 42391332
EMPTY QUEUE
 P 701958 63051 745522 42464965
 P 701958 63051 748912 42535692
 P 701958 63051 752302 42607872
 P 704535 63051 752310 42680052
 P 706727 63051 752319 42752232
EMPTY QUEUE
 P 706794 63051 755711 42825001
 P 706794 63051 759101 42896592
 P 706794 63051 762491 42968772
 P 709306 63051 762500 43040952
 P 711435 63051 762508 43113132
EMPTY QUEUE
 P 711502 63051 765900 43185933
 P 711502 63051 769290 43257492
 P 711502 63051 772680 43329672
 P 713438 63051 772688 43401852
 P 714991 63051 772696 43474032
EMPTY QUEUE
 P 715058 63051 776088 43548273
 P 715058 63051 779478 43618392
 P 715058 63051 782868 43690572
 P 715905 63051 782876 43762752
 P 717331 63051 782884 43834932
EMPTY QUEUE
 P 717398 63051 786276 43908437
 P 717398 63051 789666 43979292
 P 717398 63051 793056 44051472
 P 718692 63051 793065 44123652
 P 720054 63051 793073 44195832
EMPTY QUEUE
 P 720121 63051 796465 44268985
 P 720121 63051 799855 44340192
 P 720121 63051 803245 44412372
 P 721351 63051 803253 44484552
 P 724185 63051 803262 44556732
EMPTY QUEUE
 P 724252 63051 806654 44630429
 P 724252 63051 810044 44701092
 P 724252 63051 813434 44773272
 P 726953 63051 813442 44845452
 P 728700 63051 813450 44917632
EMPTY QUEUE
 P 728767 63051 816842 44991233
 P 728767 63051 820232 45061992
 P 728767 63051 823622 45134172
 P 730379 63051 823631 45206352
 P 732574 63051 823640 45278532
EMPTY QUEUE
 P 732641 63051 827032 45351909
 P 732641 63051 830422 45422892
 P 732641 63051 833812 45495072
 P 734701 63051 833820 45567252
 P 736225 63051 833828 45639432
EMPTY QUEUE
 P 736292 63051 837220 45712969
 P 736292 63051 840610 45783792
 P 736292 63051 844000 45855972
 P 738287 63051 844008 45928152
 P 739491 63051 844016 46000332
EMPTY QUEUE
 P 739558 63051 847408 46074925
 P 739558 63051 850798 46144692
 P 739558 63051 854188 46216872
 P 740976 63051 854196 46289052
 P 742405 63051 854204 46361232
EMPTY QUEUE
 P 742472 63051 857596 46434193
 P 742472 63051 860986 46505592
 P 742472 63051 864376 46577772
 P 744850 63051 864384 46649952
 P 746215 63051 864392 46722132
EMPTY QUEUE
 P 746282 63051 867784 46795381
 P 746282 63051 871174 46866492
 P 746282 63051 874564 46938672
 P 747059 63051 874572 47010852
 P 749896 63051 874581 47083032
EMPTY QUEUE
 P 749963 63051 877973 47156953
 P 749963 63051 881363 47227392
 P 749963 63051 884753 47299572
 P 752723 63051 884762 47371752
 P 754473 63051 884771 47443932
EMPTY QUEUE
 P 754540 63051 888163 47517373
 P 754540 63051 891553 47588292
 P 754540 63051 894943 47660472
 P 756723 63051 894952 47732652
 P 758921 63051 894961 47804832
EMPTY QUEUE
 P 758988 63051 898353 47879201
 P 758988 63051 901743 47949192
 P 758988 63051 905133 48021372
 P 760084 63051 905141 48093552
 P 762220 63051 905149 48165732
EMPTY QUEUE
 P 762287 63051 908541 48238853
 P 762287 63051 911931 48310092
 P 762287 63051 915321 48382272
 P 763829 63051 915329 48454452
 P 765388 63051 915338 48526632
EMPTY QUEUE
 P 765455 63051 918730 48600937
 P 765455 63051 922120 48670992
 P 765455 63051 925510 48743172
 P 766933 63051 925519 48815352
 P 769453 63051 925528 48887532
EMPTY QUEUE
 P 769520 63051 928920 48961869
 P 769520 63051 932310 49031892
 P 769520 63051 935700 49104072
 P 771029 63051 935708 49176252
 P 771029 63051 939098 49248432
EMPTY QUEUE
 P 772016 63051 939108 49322161
 P 772016 63051 942498 49392792
 P 772016 63051 945888 49464972
 P 772016 63051 949278 49537152
 P 773877 63051 949286 49609332
EMPTY QUEUE
 P 775377 63051 949296 49682325
 P 775377 63051 952686 49753692
 P 775377 63051 956076 49825872
 P 775377 63051 959466 49898052
 P 777684 63051 959475 49970232
EMPTY QUEUE
 P 779120 63051 959485 50042873
 P 779120 63051 962875 50114592
 P 779120 63051 966265 50186772
 P 779120 63051 969655 50258952
 P 781364 63051 969663 50331132
EMPTY QUEUE
 P 784272 63051 969674 50404317
 P 784272 63051 973064 50475492
 P 784272 63051 976454 50547672
 P 784272 63051 979844 50619852
 P 785938 63051 979852 50692032
EMPTY QUEUE
 P 787759 63051 979862 50765121
 P 787759 63051 983252 50836392
 P 787759 63051 986642 50908572
 P 787759 63051 990032 50980752
 P 790384 63051 990041 51052932
EMPTY QUEUE
 P 792653 63051 990052 51125797
 P 792653 63051 993442 51197292
 P 792653 63051 996832 51269472
 P 792653 63051 1000222 51341652
 P 793678 63051 1000230 51413832
EMPTY QUEUE
 P 795884 63051 1000240 51486857
 P 795884 63051 1003630 51558192
 P 795884 63051 1007020 51630372
 P 795884 63051 1010410 51702552
 P 796844 63051 1010418 51774732
EMPTY QUEUE
 P 798474 63051 1010429 51848813
 P 798474 63051 1013819 51919092
 P 798474 63051 1017209 51991272
 P 798474 63051 1020599 52063452
 P 800905 63051 1020608 52135632
EMPTY QUEUE
 P 803496 63051 1020618 52210129
 P 803496 63051 1024008 52279992
 P 803496 63051 1027398 52352172
 P 803496 63051 1030788 52424352
 P 804839 63051 1030796 52496532
EMPTY QUEUE
 P 804906 63051 1034188 52569269
 P 806438 63051 1034196 52640892
 P 806438 63051 1037586 52713072
 P 806438 63051 1040976 52785252
 P 808228 63051 1040984 52857432
EMPTY QUEUE
 P 808295 63051 1044376 52930841
 P 809508 63051 1044384 53001792
 P 809508 63051 1047774 53073972
 P 809508 63051 1051164 53146152
 P 811233 63051 1051172 53218332
EMPTY QUEUE
 P 811300 63051 1054564 53291261
 P 813729 63051 1054572 53362692
 P 813729 63051 1057962 53434872
 P 813729 63051 1061352 53507052
 P 814877 63051 1061361 53579232
EMPTY QUEUE
 P 814944 63051 1064753 53653089
 P 816029 63051 1064762 53723592
 P 816029 63051 1068152 53795772
 P 816029 63051 1071542 53867952
 P 818137 63051 1071550 53940132
EMPTY QUEUE
 P 818204 63051 1074942 54012741
 P 819482 63051 1074950 54084492
 P 819482 63051 1078340 54156672
 P 819482 63051 1081730 54228852
 P 822037 63051 1081738 54301032
EMPTY QUEUE
 P 822104 63051 1085130 54374825
 P 823062 63051 1085139 54445392
 P 823062 63051 1088529 54517572
 P 823062 63051 1091919 54589752
 P 825552 63051 1091928 54661932
EMPTY QUEUE
 P 825619 63051 1095320 54735757
 P 827794 63051 1095328 54806292
 P 827794 63051 1098718 54878472
 P 827794 63051 1102108 54950652
 P 829708 63051 1102116 55022832
EMPTY QUEUE
 P 829775 63051 1105508 55096049
 P 832654 63051 1105517 55167192
 P 832654 63051 1108907 55239372
 P 832654 63051 1112297 55311552
 P 833479 63051 1112305 55383732
EMPTY QUEUE
 P 833546 63051 1115697 55458261
 P 834570 63051 1115705 55528092
 P 834570 63051 1119095 55600272
 P 834570 63051 1122485 55672452
 P 835842 63051 1122494 55744632
EMPTY QUEUE
 P 835909 63051 1125886 55818809
 P 838661 63051 1125894 55888992
 P 838661 63051 1129284 55961172
 P 838661 63051 1132674 56033352
 P 839869 63051 1132682 56105532
EMPTY QUEUE
 P 839936 63051 1136074 56178205
 P 841857 63051 1136082 56249892
 P 841857 63051 1139472 56322072
 P 841857 63051 1142862 56394252
 P 844536 63051 1142870 56466432
EMPTY QUEUE
 P 844603 63051 1146262 56539009
 P 847228 63051 1146270 56610792
 P 847228 63051 1149660 56682972
 P 847228 63051 1153050 56755152
 P 848818 63051 1153059 56827332
EMPTY QUEUE
 P 848885 63051 1156451 56901733
 P 851702 63051 1156460 56971692
 P 851702 63051 1159850 57043872
 P 851702 63051 1163240 57116052
 P 853740 63051 1163248 57188232
EMPTY QUEUE
 P 853807 63051 1166640 57262793
 P 853807 63051 1170030 57332592
 P 855345 63051 1170038 57404772
 P 855345 63051 1173428 57476952
 P 857318 63051 1173436 57549132
EMPTY QUEUE
 P 857385 63051 1176828 57622701
 P 857385 63051 1180218 57693492
 P 858603 63051 1180227 57765672
 P 858603 63051 1183617 57837852
 P 859999 63051 1183626 57910032
EMPTY QUEUE
 P 860066 63051 1187018 57984017
 P 860066 63051 1190408 58054392
 P 862501 63051 1190416 58126572
 P 862501 63051 1193806 58198752
 P 864857 63051 1193814 58270932
EMPTY QUEUE
 P 864924 63051 1197206 58345205
 P 864924 63051 1200596 58415292
 P 866015 63051 1200605 58487472
 P 866015 63051 1203995 58559652
 P 866015 63051 1207385 58631832
EMPTY QUEUE
 P 866837 63051 1207395 58704729
 P 866837 63051 1210785 58776192
 P 868121 63051 1210793 58848372
 P 868121 63051 1214183 58920552
 P 868121 63051 1217573 58992732
EMPTY QUEUE
 P 870926 63051 1217584 59067197
 P 870926 63051 1220974 59137092
 P 871890 63051 1220982 59209272
 P 871890 63051 1224372 59281452
 P 871890 63051 1227762 59353632
EMPTY QUEUE
 P 874119 63051 1227772 59426977
 P 874119 63051 1231162 59497992
 P 875563 63051 1231171 59570172
 P 875563 63051 1234561 59642352
 P 875563 63051 1237951 59714532
EMPTY QUEUE
 P 875630 63051 1241343 59788677
 P 876384 63051 1241351 59858892
 P 877765 63051 1241359 59931072
 P 877765 63051 1244749 60003252
 P 877765 63051 1248139 60075432
EMPTY QUEUE
 P 877832 63051 1251531 60148713
 P 880568 63051 1251539 60219792
 P 883421 63051 1251548 60291972
 P 883421 63051 1254938 60364152
 P 883421 63051 1258328 60436332
EMPTY QUEUE
 P 883488 63051 1261720 60509645
 P 885648 63051 1261729 60580692
 P 886742 63051 1261737 60652872
 P 886742 63051 1265127 60725052
 P 886742 63051 1268517 60797232
EMPTY QUEUE
 P 886809 63051 1271909 60869937
 P 887880 63051 1271917 60941592
 P 889166 63051 1271926 61013772
 P 889166 63051 1275316 61085952
 P 889166 63051 1278706 61158132
EMPTY QUEUE
 P 889233 63051 1282098 61232149
 P 890751 63051 1282106 61302492
 P 891718 63051 1282114 61374672
 P 891718 63051 1285504 61446852
 P 891718 63051 1288894 61519032
EMPTY QUEUE
 P 891785 63051 1292286 61592697
 P 893238 63051 1292295 61663392
 P 895421 63051 1292303 61735572
 P 895421 63051 1295693 61807752
 P 895421 63051 1299083 61879932
EMPTY QUEUE
 P 895488 63051 1302475 61954141
 P 896365 63051 1302483 62024292
 P 899253 63051 1302491 62096472
 P 899253 63051 1305881 62168652
 P 899253 63051 1309271 62240832
EMPTY QUEUE
 P 899324 63051 1312663 62314950
EMPTY QUEUE
 P 901227 63051 1312673 62386805
 P 902259 63051 1312681 62457372
 P 902259 63051 1316071 62529552
 P 902259 63051 1319461 62601732
 P 902259 63051 1322851 62673912
EMPTY QUEUE
 P 904609 63051 1322862 62747737
 P 907369 63051 1322871 62818272
 P 907369 63051 1326261 62890452
 P 907369 63051 1329651 62962632
 P 907369 63051 1333041 63034812
EMPTY QUEUE
 P 909655 63051 1333051 63108029
 P 911584 63051 1333059 63179172
 P 911584 63051 1336449 63251352
 P 911584 63051 1339839 63323532
 P 911584 63051 1343229 63395712
EMPTY QUEUE
 P 913293 63051 1343239 63470241
 P 915926 63051 1343249 63540072
 P 915926 63051 1346639 63612252
 P 915926 63051 1350029 63684432
 P 915926 63051 1353419 63756612
EMPTY QUEUE
 P 918594 63051 1353430 63830789
 P 921420 63051 1353438 63900972
 P 921420 63051 1356828 63973152
 P 921420 63051 1360218 64045332
 P 921420 63051 1363608 64117512
EMPTY QUEUE
 P 922492 63051 1363618 64190190
EMPTY QUEUE
 P 924009 63051 1363629 64263485
 P 924009 63051 1367019 64334052
 P 924009 63051 1370409 64406232
 P 924009 63051 1373799 64478412
 P 924945 63051 1373807 64550592
EMPTY QUEUE
 P 926399 63051 1373817 64624417
 P 926399 63051 1377207 64694952
 P 926399 63051 1380597 64767132
 P 926399 63051 1383987 64839312
 P 928806 63051 1383996 64911492
EMPTY QUEUE
 P 931732 63051 1384006 64984709
 P 931732 63051 1387396 65055852
 P 931732 63051 1390786 65128032
 P 931732 63051 1394176 65200212
 P 933051 63051 1394184 65272392
EMPTY QUEUE
 P 934889 63051 1394195 65346921
 P 934889 63051 1397585 65416752
 P 934889 63051 1400975 65488932
 P 934889 63051 1404365 65561112
 P 936655 63051 1404373 65633292
EMPTY QUEUE
 P 938886 63051 1404383 65707413
EMPTY QUEUE
 P 938953 63051 1407775 65779265
 P 938953 63051 1411165 65849832
 P 938953 63051 1414555 65922012
 P 940654 63051 1414564 65994192
 P 942810 63051 1414573 66066372
EMPTY QUEUE
 P 942877 63051 1417965 66140197
 P 942877 63051 1421355 66210732
 P 942877 63051 1424745 66282912
 P 944002 63051 1424753 66355092
 P 945583 63051 1424762 66427272
EMPTY QUEUE
 P 945650 63051 1428154 66500489
 P 945650 63051 1431544 66571632
 P 945650 63051 1434934 66643812
 P 947734 63051 1434942 66715992
 P 949283 63051 1434951 66788172
EMPTY QUEUE
 P 949350 63051 1438343 66862701
 P 949350 63051 1441733 66932532
 P 949350 63051 1445123 67004712
 P 951881 63051 1445132 67076892
 P 953111 63051 1445140 67149072
EMPTY QUEUE
 P 953178 63051 1448532 67223249
 P 953178 63051 1451922 67293432
 P 953178 63051 1455312 67365612
 P 955645 63051 1455320 67437792
 P 958091 63051 1455328 67509972
EMPTY QUEUE
 P 958158 63051 1458720 67582645
 P 958158 63051 1462110 67654332
 P 958158 63051 1465500 67726512
 P 960048 63051 1465508 67798692
 P 961151 63051 1465516 67870872
EMPTY QUEUE
 P 961162 63051 1468908 67943393
EMPTY QUEUE
 P 961173 63051 1472300 68016789
EMPTY QUEUE
 P 961240 63051 1475692 68089025
 P 962393 63051 1475700 68159592
 P 962393 63051 1479090 68231772
 P 964616 63051 1479098 68303952
 P 964616 63051 1482488 68376132
EMPTY QUEUE
 P 964683 63051 1485880 68449957
 P 966027 63051 1485889 68520492
 P 966027 63051 1489279 68592672
 P 966027 63051 1492669 68664852
 P 968187 63051 1492677 68737032
EMPTY QUEUE
 P 968254 63051 1496069 68810249
 P 969278 63051 1496077 68881392
 P 969278 63051 1499467 68953572
 P 969278 63051 1502857 69025752
 P 970862 63051 1502865 69097932
EMPTY QUEUE
 P 970929 63051 1506257 69172461
 P 973168 63051 1506265 69242292
 P 973168 63051 1509655 69314472
 P 973168 63051 1513045 69386652
 P 975712 63051 1513054 69458832
EMPTY QUEUE
 P 975779 63051 1516446 69533009
 P 976673 63051 1516455 69603192
 P 976673 63051 1519845 69675372
 P 976673 63051 1523235 69747552
 P 977618 63051 1523243 69819732
EMPTY QUEUE
 P 977685 63051 1526635 69892405
 P 978771 63051 1526643 69964092
 P 978771 63051 1530033 70036272
 P 978771 63051 1533423 70108452
 P 981540 63051 1533432 70180632
EMPTY QUEUE
 P 981607 63051 1536824 70253209
 P 982372 63051 1536832 70324992
 P 982372 63051 1540222 70397172
 P 982372 63051 1543612 70469352
 P 984310 63051 1543620 70541532
EMPTY QUEUE
 P 984377 63051 1547012 70615933
 P 986357 63051 1547021 70685892
 P 986357 63051 1550411 70758072
 P 986357 63051 1553801 70830252
 P 988999 63051 1553810 70902432
EMPTY QUEUE
 P 989066 63051 1557202 70976993
 P 991750 63051 1557210 71046792
 P 991750 63051 1560600 71118972
 P 991750 63051 1563990 71191152
 P 994585 63051 1563998 71263332
EMPTY QUEUE
 P 994652 63051 1567390 71336901
 P 995479 63051 1567398 71407692
 P 995479 63051 1570788 71479872
 P 995479 63051 1574178 71552052
 P 997994 63051 1574186 71624232
EMPTY QUEUE
 P 998061 63051 1577578 71698217
 P 1000615 63051 1577587 71768592
 P 1000615 63051 1580977 71840772
 P 1000615 63051 1584367 71912952
 P 1002299 63051 1584375 71985132
EMPTY QUEUE
 P 1002366 63051 1587767 72059405
 P 1004088 63051 1587775 72129492
 P 1004088 63051 1591165 72201672
 P 1004088 63051 1594555 72273852
 P 1006476 63051 1594563 72346032
EMPTY QUEUE
 P 1006543 63051 1597955 72418929
 P 1008968 63051 1597963 72490392
 P 1008968 63051 1601353 72562572
 P 1008968 63051 1604743 72634752
 P 1011548 63051 1604752 72706932
EMPTY QUEUE
 P 1011615 63051 1608144 72781397
 P 1014231 63051 1608153 72851292
 P 1014231 63051 1611543 72923472
 P 1014231 63051 1614933 72995652
 P 1016492 63051 1614941 73067832
EMPTY QUEUE
 P 1016559 63051 1618333 73141177
 P 1018855 63051 1618341 73212192
 P 1018855 63051 1621731 73284372
 P 1018855 63051 1625121 73356552
 P 1020284 63051 1625130 73428732
EMPTY QUEUE
 P 1020351 63051 1628522 73502877
 P 1021814 63051 1628530 73573092
 P 1021814 63051 1631920 73645272
 P 1021814 63051 1635310 73717452
 P 1023948 63051 1635318 73789632
EMPTY QUEUE
 P 1024015 63051 1638710 73862913
 P 1024015 63051 1642100 73933992
 P 1026181 63051 1642108 74006172
 P 1026181 63051 1645498 74078352
 P 1027643 63051 1645506 74150532
EMPTY QUEUE
 P 1027710 63051 1648898 74223845
 P 1027710 63051 1652288 74294892
 P 1030067 63051 1652297 74367072
 P 1030067 63051 1655687 74439252
 P 1030067 63051 1659077 74511432
EMPTY QUEUE
 P 1031533 63051 1659088 74584137
 P 1031533 63051 1662478 74655792
 P 1031533 63051 1665868 74727972
 P 1032258 63051 1665876 74800152
 P 1032258 63051 1669266 74872332
EMPTY QUEUE
 P 1035196 63051 1669276 74946349
 P 1035196 63051 1672666 75016692
 P 1035196 63051 1676056 75088872
 P 1037904 63051 1676064 75161052
 P 1037904 63051 1679454 75233232
EMPTY QUEUE
 P 1039756 63051 1679464 75306897
 P 1039756 63051 1682854 75377592
 P 1039756 63051 1686244 75449772
 P 1041887 63051 1686253 75521952
 P 1041887 63051 1689643 75594132
EMPTY QUEUE
 P 1043418 63051 1689653 75668341
 P 1043418 63051 1693043 75738492
 P 1043418 63051 1696433 75810672
 P 1044461 63051 1696441 75882852
 P 1044461 63051 1699831 75955032
EMPTY QUEUE
 P 1045928 63051 1699842 76029145
 P 1045928 63051 1703232 76099392
 P 1045928 63051 1706622 76171572
 P 1047418 63051 1706630 76243752
 P 1047418 63051 1710020 76315932
EMPTY QUEUE
 P 1050358 63051 1710030 76389821
 P 1050358 63051 1713420 76460292
 P 1050358 63051 1716810 76532472
 P 1051783 63051 1716819 76604652
 P 1051783 63051 1720209 76676832
EMPTY QUEUE
 P 1053635 63051 1720220 76750881
 P 1053635 63051 1723610 76821192
 P 1053635 63051 1727000 76893372
 P 1054484 63051 1727008 76965552
 P 1054484 63051 1730398 77037732
EMPTY QUEUE
 P 1056785 63051 1730408 77110789
 P 1056785 63051 1733798 77182092
 P 1056785 63051 1737188 77254272
 P 1058593 63051 1737196 77326452
 P 1058593 63051 1740586 77398632
EMPTY QUEUE
 P 1060830 63051 1740597 77472105
 P 1060830 63051 1743987 77542992
 P 1060830 63051 1747377 77615172
 P 1063085 63051 1747386 77687352
 P 1063085 63051 1750776 77759532
EMPTY QUEUE
 P 1064747 63051 1750786 77833293
 P 1064747 63051 1754176 77903892
 P 1064747 63051 1757566 77976072
 P 1066938 63051 1757574 78048252
 P 1066938 63051 1760964 78120432
EMPTY QUEUE
 P 1069560 63051 1760974 78194865
 P 1069560 63051 1764364 78264792
 P 1069560 63051 1767754 78336972
 P 1071174 63051 1767762 78409152
 P 1071174 63051 1771152 78481332
EMPTY QUEUE
 P 1072196 63051 1771163 78555285
 P 1072196 63051 1774553 78625692
