using saved target 'z1'
../../../../contiki/tools/sky/serialdump-linux -b115200 /dev/ttyUSB1
connecting to /dev/ttyUSB1 (115200) [OK]
Rime started with address 2.0
MAC 02:00:00:00:00:00:00:00 Ref ID: 4841
Contiki-3.x-2125-g5d67a61 started. Node id is set to 2.

************************************************
RTIMER_SECOND = 32768. F_CPU=8000000.
CLOCK_SECOND=128.
DURSLOT = 6015.(0.1835 s).
DURSLEEP = 114285.
DURCYCLE = 120300 .(3.6712 s).
MAX_CLOCK_DRIFT = WAKEUP_ADVANCE_TIME = 327 (0.0033 s).
PERIODIC_BCAST_CYCLES_SENSOR = 917507.
PERIODIC_BCAST_CYCLES_SINK = 917507.
MAX_CYCLE_COUNTER = 27904.
MAX_COUNT_NO_RTS_CTS = 65535.
MAX_CHILD_NUM = 10.
MAX_TRY_TO_FIND_PARENT = 3.

**********Below is Related Settings**********
PRIMAC_CONF_COMPOWER = 1.
PRIMAC_CONF_COMPOWER_SUPPORT = 1.
SF = 18.
PRI_SYNC_SUPPORT = 1.
RANDOM_DRIFT_IN_COOJA_SUPPORT = 0.
ADCSC_SUPPORT = 1.
DATA_TX_SUPPORT = 1.
CYCLES_PER_PACKET = 2.
DATA_INTERVAL = 1.
RETX_LIMIT = 6.
TOTAL_DATA_NUM = -1.
MAX_DATA_QUEUE_BUFS = 10.
PROC_GRADE_BASED_ON_ADDR_SUPPORT = 1.
NODES_NUM_PER_GRADE = 2.
ADDRESS_FREE_SUPPORT = 1.
IS_COOJA_SIM = 0.
CROSS_PLATFORM_SUPPORT = 1.
************************************************

My address is 143.0.
nullmac PRIMAC, channel check rate 8 Hz, radio channel 26
Starting
Hello, world
 P 0 0 0 1971300
 P 0 0 3390 2091600
 P 0 0 6780 2211900
 P 0 0 10232 2334095
 P 0 0 13622 2452500
 P 0 0 17012 2572800
 P 0 0 20402 2693100
 P 0 0 23792 2813400
EMPTY QUEUE
 P 367 0 27192 2934566
PT [1 0 1 0 1]
 P 367 0 30582 3054000
PT [1 0 2 0 1]
 P 2471 0 31868 3174300
PT [1 0 3 0 1]
 P 4480 0 33249 3294600
PT [1 0 4 0 1]
 P 4480 0 36639 3414900
PT [1 0 5 0 1]
EMPTY QUEUE
 P 4815 0 40038 3536705
PT [1 0 6 -1 2]
 P 4815 0 43428 3655500
PT [1 0 7 -1 2]
rcv bro rts
 P 6163 0 43468 3775800
PT [1 0 8 -1 2]
 P 7604 0 43473 3896100
PT [1 0 9 -1 2]
 P 7604 0 46863 4016400
PT [1 0 10 -1 2]
EMPTY QUEUE
 P 7938 0 50263 4138652
PT [1 0 11 -2 2]
 P 7938 0 53653 4257000
PT [1 0 12 -2 2]
 P 9702 0 53661 4377300
PT [1 0 13 -2 2]
 P 12457 0 53664 4497600
PT [1 0 14 -2 2]
 P 12457 0 57054 4617900
PT [1 0 15 -2 2]
EMPTY QUEUE
 P 12793 0 60453 4740090
PT [1 0 16 -2 2]
 P 12793 0 63843 4858500
PT [1 0 17 -2 2]
 P 12793 0 67233 4978800
PT [1 0 18 -2 2]
 P 13694 0 67236 5099100
PT [1 0 19 -2 2]
 P 16034 0 67245 5219400
PT [1 0 20 -2 2]
EMPTY QUEUE
 P 16369 0 70645 5341013
PT [1 0 21 -3 2]
 P 16369 0 74035 5460000
PT [1 0 22 -3 2]
 P 16369 0 77425 5580300
PT [1 0 23 -3 2]
 P 19000 0 77428 5700600
PT [1 0 24 -3 2]
 P 21052 0 77437 5820900
PT [1 0 25 -3 2]
EMPTY QUEUE
 P 21386 0 80837 5943472
PT [1 0 26 -4 2]
 P 21386 0 84227 6061500
PT [1 0 27 -4 2]
 P 21386 0 87617 6181800
PT [1 0 28 -4 2]
 P 23378 0 87621 6302100
PT [1 0 29 -4 2]
 P 23378 0 91011 6422400
PT [1 0 30 -4 2]
EMPTY QUEUE
 P 24838 0 91030 6543374
PT [1 0 31 -4 2]
 P 24838 0 94420 6663000
PT [1 0 32 -4 2]
 P 24838 0 97810 6783300
PT [1 0 33 -4 2]
 P 27024 0 97813 6903600
PT [1 0 34 -4 2]
 P 27024 0 101203 7023900
PT [1 0 35 -4 2]
EMPTY QUEUE
 P 27358 0 104603 7146696
PT [1 0 36 -5 2]
 P 28419 0 104612 7264500
PT [1 0 37 -5 2]
 P 28419 0 108002 7384800
PT [1 0 38 -5 2]
 P 29423 0 108005 7505100
PT [1 0 39 -5 2]
 P 29423 0 111395 7625400
PT [1 0 40 -5 2]
EMPTY QUEUE
 P 29758 0 114794 7747364
PT [1 0 41 -6 2]
 P 29758 0 118184 7866000
PT [1 0 42 -6 2]
 P 32290 0 118193 7986300
PT [1 0 43 -6 2]
 P 34032 0 118196 8106600
PT [1 0 44 -6 2]
 P 34032 0 121586 8226900
PT [1 0 45 -6 2]
EMPTY QUEUE
 P 34367 0 124985 8349569
PT [1 0 46 -6 2]
 P 34367 0 128375 8467500
PT [1 0 47 -6 2]
 P 34367 0 131765 8587800
PT [1 0 48 -6 2]
 P 35811 0 131774 8708100
PT [1 0 49 -6 2]
 P 37651 0 131777 8828400
PT [1 0 50 -6 2]
EMPTY QUEUE
 P 37985 0 135177 8951260
PT [1 0 51 -7 2]
 P 37985 0 138567 9069000
PT [1 0 52 -7 2]
 P 37985 0 141957 9189300
PT [1 0 53 -7 2]
 P 37985 0 145347 9309600
PT [1 0 54 -7 2]
 P 39877 0 145356 9429900
PT [1 0 55 -7 2]
 P 42711 0 145359 9550200
PT [1 0 56 -7 2]
EMPTY QUEUE
 P 43045 0 148759 9672740
PT [1 0 57 -8 2]
 P 43045 0 152149 9790800
PT [1 0 58 -8 2]
 P 43045 0 155539 9911100
PT [1 0 59 -8 2]
 P 43045 0 158929 10031400
PT [1 0 60 -8 2]
 P 44873 0 158938 10151700
PT [1 0 61 -8 2]
 P 47037 0 158941 10272000
PT [1 0 62 -8 2]
 P 49041 0 158945 10392300
PT [1 0 63 -8 2]
EMPTY QUEUE
 P 49376 0 162344 10514009
PT [1 0 64 -9 2]
 P 49376 0 165734 10632900
PT [1 0 65 -9 2]
 P 49376 0 169124 10753200
PT [1 0 66 -9 2]
 P 50628 0 169133 10873500
PT [1 0 67 -9 2]
 P 51706 0 169136 10993800
PT [1 0 68 -9 2]
 P 53713 0 169139 11114100
PT [1 0 69 -9 2]
EMPTY QUEUE
 P 54048 0 172538 11236513
PT [1 0 70 -9 2]
 P 54048 0 175928 11354700
PT [1 0 71 -9 2]
 P 54048 0 179318 11475000
PT [1 0 72 -9 2]
 P 54048 0 182708 11595300
PT [1 0 73 -9 2]
 P 56261 0 182716 11715600
PT [1 0 74 -9 2]
 P 58942 0 182719 11835900
PT [1 0 75 -9 2]
 P 61010 344 182739 11958651
PT [1 0 76 -10 2]
 P 67698 1121 186226 12076500
PT [1 0 77 -10 2]
 P 70380 1121 186229 12196800
PT [1 0 78 -10 2]
 P 73062 1121 186232 12317100
PT [1 0 79 -10 2]
 P 74747 1193 186251 12438507
PT [1 0 80 -11 2]
 P 83657 2025 189717 12557700
PT [1 0 81 -11 2]
 P 86333 2097 189737 12680931
PT [1 0 82 -11 2]
 P 96265 2930 189824 12798300
PT [1 0 83 -11 2]
 P 98949 2930 189828 12918600
PT [1 0 84 -11 2]
 P 101633 2930 189831 13038900
PT [1 0 85 -11 2]
 P 103317 3002 189850 13160530
PT [1 0 86 -11 2]
 P 114822 3834 189931 13279500
PT [1 0 87 -11 2]
 P 117507 3834 189934 13399800
PT [1 0 88 -11 2]
 P 120193 3834 189937 13520100
PT [1 0 89 -11 2]
 P 122879 3834 189940 13640400
PT [1 0 90 -11 2]
 P 124733 3834 189944 13760700
PT [1 0 91 -11 2]
 P 126940 3834 189947 13881000
PT [1 0 92 -11 2]
 P 129201 3906 189967 14002567
PT [1 0 93 -12 2]
 P 137413 4738 190051 14121600
PT [1 0 94 -12 2]
 P 140005 4738 190054 14241900
PT [1 0 95 -12 2]
 P 142693 4738 190057 14362200
PT [1 0 96 -12 2]
 P 145912 4810 190078 14485239
PT [1 0 97 -13 2]
 P 155148 5642 190163 14602800
PT [1 0 98 -13 2]
 P 157037 5642 190166 14723100
PT [1 0 99 -13 2]
 P 158927 5642 190169 14843400
PT [1 0 100 -13 2]
 P 160547 5714 190188 14965350
PT [1 0 101 -13 2]
 P 166558 6274 193642 15084000
PT [1 0 102 -13 2]
 P 168449 6274 193645 15204300
PT [1 0 103 -13 2]
 P 169476 6274 193648 15324600
PT [1 0 104 -13 2]
 P 171575 6346 193668 15446294
PT [1 0 105 -14 2]
 P 177135 7178 197127 15565200
PT [1 0 106 -14 2]
 P 179235 7250 197147 15686639
PT [1 0 107 -14 2]
 P 189404 7811 197232 15805800
PT [1 0 108 -14 2]
 P 192097 7811 197235 15926100
PT [1 0 109 -14 2]
 P 193990 7811 197238 16046400
PT [1 0 110 -14 2]
 P 195084 7811 197241 16166700
PT [1 0 111 -14 2]
 P 196863 7883 197261 16288586
PT [1 0 112 -15 2]
 P 205975 8715 197345 16407300
PT [1 0 113 -15 2]
 P 208670 8715 197348 16527600
PT [1 0 114 -15 2]
 P 210533 8715 197351 16647900
PT [1 0 115 -15 2]
 P 213101 8715 197355 16768200
PT [1 0 116 -15 2]
 P 215777 8787 197374 16890022
PT [1 0 117 -15 2]
 P 221261 9965 200844 17010066
PT [1 0 118 -16 2]
 P 230825 10799 200926 17129100
PT [1 0 119 -16 2]
 P 231858 10799 200929 17249400
PT [1 0 120 -16 2]
 P 232891 10799 200932 17369700
PT [1 0 121 -16 2]
 P 235023 10871 200952 17492739
PT [1 0 122 -15 2]
 P 240066 11375 204440 17610300
PT [1 0 123 -16 2]
 P 241750 11719 204459 17732251
PT [1 0 124 -16 2]
 P 251796 12554 204539 17850900
PT [1 0 125 -16 2]
 P 254015 12554 204542 17971200
PT [1 0 126 -16 2]
 P 255914 12554 204545 18091500
PT [1 0 127 -16 2]
 P 258047 12626 204565 18213899
PT [1 0 128 -16 2]
 P 268060 13460 204653 18332100
PT [1 0 129 -17 2]
 P 269096 13460 204656 18452400
PT [1 0 130 -17 2]
 P 270133 13460 204659 18572700
PT [1 0 131 -17 2]
 P 272809 13532 204679 18695034
PT [1 0 132 -17 2]
 P 282193 14708 204779 18814758
PT [1 0 133 -18 2]
 P 290197 15540 204862 18933600
PT [1 0 134 -18 2]
 P 291235 15540 204865 19053900
PT [1 0 135 -18 2]
 P 293137 15540 204869 19174200
PT [1 0 136 -18 2]
 P 295300 15612 204890 19296918
PT [1 0 137 -18 2]
 P 305094 16444 204978 19414800
PT [1 0 138 -18 2]
 P 306197 16444 204982 19535100
PT [1 0 139 -18 2]
 P 308101 16444 204985 19655400
PT [1 0 140 -18 2]
 P 310458 16516 205005 19778567
PT [1 0 141 -17 2]
 P 317951 17348 205091 19896000
PT [1 0 142 -19 2]
 P 318992 17348 205094 20016300
PT [1 0 143 -19 2]
 P 320033 17348 205097 20136600
PT [1 0 144 -19 2]
 P 322069 17420 205118 20259703
PT [1 0 145 -19 2]
 P 332221 17980 205204 20377200
PT [1 0 146 -19 2]
 P 335087 17980 205208 20497500
PT [1 0 147 -19 2]
 P 336194 17980 205211 20617800
PT [1 0 148 -19 2]
 P 337401 18052 205231 20740326
PT [1 0 149 -20 2]
 P 346508 18884 205317 20858400
PT [1 0 150 -20 2]
 P 347552 18884 205320 20978700
PT [1 0 151 -20 2]
 P 350260 18884 205323 21099000
PT [1 0 152 -20 2]
 P 352969 18884 205326 21219300
PT [1 0 153 -20 2]
 P 355198 18884 205329 21339600
PT [1 0 154 -20 2]
 P 356244 18884 205333 21459900
PT [1 0 155 -20 2]
 P 358156 18956 205352 21581338
PT [1 0 156 -21 2]
 P 366951 19789 205431 21700500
PT [1 0 157 -19 2]
 P 369661 19789 205434 21820800
PT [1 0 158 -19 2]
 P 370662 19789 205437 21941100
PT [1 0 159 -19 2]
 P 371599 19789 205440 22061400
PT [1 0 160 -19 2]
 P 373703 19861 205460 22183287
PT [1 0 161 -21 2]
 P 382997 20693 205541 22302000
PT [1 0 162 -21 2]
 P 383938 20693 205544 22422300
PT [1 0 163 -21 2]
 P 384876 20693 205548 22542600
PT [1 0 164 -21 2]
 P 386659 20765 205568 22664422
PT [1 0 165 -22 2]
 P 394832 21597 205652 22783200
PT [1 0 166 -22 2]
 P 395772 21597 205655 22903500
PT [1 0 167 -22 2]
 P 396776 21597 205658 23023800
PT [1 0 168 -22 2]
 P 399381 21597 205662 23144100
PT [1 0 169 -22 2]
 P 401986 21597 205665 23264400
PT [1 0 170 -22 2]
 P 402927 21597 205668 23384700
PT [1 0 171 -22 2]
 P 403868 21597 205671 23505000
PT [1 0 172 -22 2]
 P 406474 21597 205674 23625300
PT [1 0 173 -22 2]
 P 407480 21597 205677 23745600
PT [1 0 174 -22 2]
 P 408422 21597 205680 23865900
PT [1 0 175 -22 2]
 P 411423 21669 205700 23987148
PT [1 0 176 -23 2]
 P 420339 22501 205784 24106500
PT [1 0 177 -23 2]
 P 422946 22501 205788 24226800
PT [1 0 178 -23 2]
 P 425554 22501 205791 24347100
PT [1 0 179 -23 2]
 P 428162 22501 205794 24467400
PT [1 0 180 -23 2]
 P 429170 22501 205798 24587700
PT [1 0 181 -23 2]
 P 430825 22573 205818 24709906
PT [1 0 182 -24 2]
 P 441404 23405 205903 24828300
PT [1 0 183 -23 2]
 P 444014 23405 205906 24948600
PT [1 0 184 -23 2]
 P 445824 23405 205909 25068900
PT [1 0 185 -23 2]
 P 447634 23405 205912 25189200
PT [1 0 186 -23 2]
 P 449482 23477 205931 25311854
PT [1 0 187 -25 2]
 P 458943 24038 206015 25429800
PT [1 0 188 -25 2]
 P 461554 24038 206019 25550100
PT [1 0 189 -25 2]
 P 462502 24038 206022 25670400
PT [1 0 190 -25 2]
 P 463450 24038 206025 25790700
PT [1 0 191 -25 2]
 P 464979 24110 206044 25913292
PT [1 0 192 -25 2]
 P 469832 24398 209497 26031300
PT [1 0 193 -25 2]
 P 472445 24398 209500 26151600
PT [1 0 194 -25 2]
 P 474578 24398 209504 26271900
PT [1 0 195 -25 2]
 P 477192 24398 209507 26392200
PT [1 0 196 -25 2]
 P 479006 24398 209510 26512500
PT [1 0 197 -25 2]
 P 479957 24398 209513 26632800
PT [1 0 198 -25 2]
 P 482061 24470 209533 26755135
PT [1 0 199 -26 2]
 P 483706 24614 212952 26873400
PT [1 0 200 -26 2]
 P 484658 24614 212955 26993700
PT [1 0 201 -26 2]
 P 485611 24614 212958 27114000
PT [1 0 202 -26 2]
 P 487298 24686 212978 27236398
PT [1 0 203 -27 2]
 P 496475 25519 213063 27354600
PT [1 0 204 -27 2]
 P 497428 25519 213066 27474900
PT [1 0 205 -27 2]
 P 498381 25519 213070 27595200
PT [1 0 206 -27 2]
 P 500517 25591 213090 27717535
PT [1 0 207 -27 2]
 P 509604 26426 213169 27835800
PT [1 0 208 -27 2]
 P 510558 26426 213173 27956100
PT [1 0 209 -27 2]
 P 511513 26426 213176 28076400
PT [1 0 210 -27 2]
 P 514192 26498 213196 28198158
PT [1 0 211 -28 2]
 P 523087 27331 213278 28317000
PT [1 0 212 -28 2]
 P 524907 27331 213281 28437300
PT [1 0 213 -28 2]
 P 526727 27331 213284 28557600
PT [1 0 214 -28 2]
 P 528191 27403 213303 28680319
PT [1 0 215 -28 2]
 P 533112 27893 215929 28798200
PT [1 0 216 -28 2]
 P 534069 27893 215932 28918500
PT [1 0 217 -28 2]
 P 535092 27893 215935 29038800
PT [1 0 218 -28 2]
 P 537483 27965 215956 29161198
PT [1 0 219 -29 2]
 P 541783 28685 219470 29279400
PT [1 0 220 -29 2]
 P 542742 28685 219473 29399700
PT [1 0 221 -29 2]
 P 543701 28685 219476 29520000
PT [1 0 222 -29 2]
 P 545389 28757 219496 29642014
PT [1 0 223 -29 2]
 P 553713 29590 219579 29760600
PT [1 0 224 -30 2]
 P 554673 29590 219582 29880900
PT [1 0 225 -30 2]
 P 555634 29590 219585 30001200
PT [1 0 226 -30 2]
 P 558313 29662 219606 30124174
PT [1 0 227 -30 2]
 P 567214 30494 219694 30241800
PT [1 0 228 -30 2]
 P 568176 30494 219697 30362100
PT [1 0 229 -30 2]
 P 569138 30494 219700 30482400
PT [1 0 230 -30 2]
 P 570603 30566 219720 30603776
PT [1 0 231 -30 2]
 P 579410 31400 219803 30723000
PT [1 0 232 -31 2]
 P 581238 31400 219806 30843300
PT [1 0 233 -31 2]
 P 583867 31400 219809 30963600
PT [1 0 234 -31 2]
 P 585695 31400 219812 31083900
PT [1 0 235 -31 2]
 P 586659 31400 219815 31204200
PT [1 0 236 -31 2]
 P 589339 31472 219836 31325511
PT [1 0 237 -31 2]
 P 598245 32032 219920 31444800
PT [1 0 238 -31 2]
 P 599274 32032 219923 31565100
PT [1 0 239 -31 2]
 P 601104 32032 219926 31685400
PT [1 0 240 -31 2]
 P 603734 32032 219929 31805700
PT [1 0 241 -31 2]
 P 605564 32032 219932 31926000
PT [1 0 242 -31 2]
 P 606531 32032 219935 32046300
PT [1 0 243 -31 2]
 P 607995 32104 219956 32169083
PT [1 0 244 -32 2]
 P 612127 32320 223399 32286900
PT [1 0 245 -32 2]
 P 614759 32320 223402 32407200
PT [1 0 246 -32 2]
 P 615727 32320 223405 32527500
PT [1 0 247 -32 2]
 P 616759 32320 223409 32647800
PT [1 0 248 -32 2]
 P 619151 32392 223429 32770198
PT [1 0 249 -33 2]
 P 627293 33224 223512 32888400
PT [1 0 250 -33 2]
 P 628262 33224 223516 33008700
PT [1 0 251 -33 2]
 P 630896 33224 223519 33129000
PT [1 0 252 -33 2]
 P 631930 33224 223522 33249300
PT [1 0 253 -33 2]
 P 632902 33224 223525 33369600
PT [1 0 254 -33 2]
 P 635584 33296 223545 33491934
PT [1 0 255 -34 2]
 P 644497 34128 223628 33610200
PT [1 0 256 -34 2]
 P 645469 34128 223631 33730500
PT [1 0 257 -34 2]
 P 646441 34128 223634 33850800
PT [1 0 258 -34 2]
 P 647637 34128 223645 33972040
PT [1 0 259 -34 2]
 P 655246 34128 223680 34091400
PT [1 0 260 -34 2]
 P 657883 34128 223683 34211700
PT [1 0 261 -34 2]
 P 658856 34128 223687 34332000
PT [1 0 262 -34 2]
 P 659894 34128 223690 34452300
PT [1 0 263 -34 2]
 P 662062 34200 223710 34574570
PT [1 0 264 -35 2]
 P 668059 34760 227169 34692900
PT [1 0 265 -35 2]
 P 669034 34760 227172 34813200
PT [1 0 266 -35 2]
 P 670010 34760 227175 34933500
PT [1 0 267 -35 2]
 P 670079 34760 233137 35057794
PT [1 0 268 -35 2]
 P 672047 34760 233140 35174100
PT [1 0 269 -35 2]
 P 674687 34760 233143 35294400
PT [1 0 270 -35 2]
 P 676528 34760 233146 35414700
PT [1 0 271 -35 2]
 P 677505 34760 233149 35535000
PT [1 0 272 -35 2]
 P 680089 34832 233169 35657398
PT [1 0 273 -36 2]
 P 687920 35665 233255 35775600
PT [1 0 274 -36 2]
 P 688898 35665 233258 35895900
PT [1 0 275 -36 2]
 P 689876 35665 233262 36016200
PT [1 0 276 -36 2]
 P 691885 35737 233281 36138534
PT [1 0 277 -37 2]
 P 701481 36570 233362 36256800
PT [1 0 278 -37 2]
 P 704124 36570 233366 36377100
PT [1 0 279 -37 2]
 P 705105 36570 233369 36497400
PT [1 0 280 -37 2]
 P 706085 36570 233372 36617700
PT [1 0 281 -37 2]
 P 708766 36642 233392 36739459
PT [1 0 282 -37 2]
 P 717692 37474 233478 36858300
PT [1 0 283 -37 2]
 P 719537 37474 233481 36978600
PT [1 0 284 -37 2]
 P 720519 37474 233484 37098900
PT [1 0 285 -37 2]
 P 721983 37546 233504 37221619
PT [1 0 286 -38 2]
 P 730937 38378 233589 37339500
PT [1 0 287 -38 2]
 P 733584 38378 233592 37459800
PT [1 0 288 -38 2]
 P 734567 38378 233595 37580100
PT [1 0 289 -38 2]
 P 735550 38378 233599 37700400
PT [1 0 290 -38 2]
 P 738230 38450 233619 37823567
PT [1 0 291 -38 2]
 P 747161 39010 233700 37941000
PT [1 0 292 -38 2]
 P 748147 39010 233703 38061300
PT [1 0 293 -38 2]
 P 749132 39010 233706 38181600
PT [1 0 294 -38 2]
 P 751813 39082 233726 38304703
PT [1 0 295 -39 2]
 P 757028 39586 237213 38422200
PT [1 0 296 -39 2]
 P 758014 39586 237216 38542500
PT [1 0 297 -39 2]
 P 759865 39586 237220 38662800
PT [1 0 298 -39 2]
 P 762546 39658 237239 38785326
PT [1 0 299 -39 2]
 P 767608 40506 240733 38904538
PT [1 0 300 -40 2]
 P 771342 40996 244169 39023700
PT [1 0 301 -40 2]
 P 772330 40996 244172 39144000
PT [1 0 302 -40 2]
 P 773318 40996 244175 39264300
PT [1 0 303 -40 2]
 P 775006 41068 244195 39386698
PT [1 0 304 -40 2]
 P 783557 41630 244281 39504900
PT [1 0 305 -40 2]
 P 784547 41630 244284 39625200
PT [1 0 306 -40 2]
 P 785536 41630 244288 39745500
PT [1 0 307 -40 2]
 P 787674 41702 244308 39867835
PT [1 0 308 -41 2]
 P 796799 42534 244393 39986100
PT [1 0 309 -41 2]
 P 797789 42534 244397 40106400
PT [1 0 310 -41 2]
 P 798780 42534 244400 40226700
PT [1 0 311 -41 2]
 P 800853 42606 244421 40348459
PT [1 0 312 -41 2]
 P 808701 43438 244508 40467300
PT [1 0 313 -41 2]
 P 809693 43438 244511 40587600
PT [1 0 314 -41 2]
 P 811549 43438 244514 40707900
PT [1 0 315 -41 2]
 P 813046 43510 244534 40830618
PT [1 0 316 -42 2]
 P 819613 44342 244619 40948500
PT [1 0 317 -42 2]
 P 821790 44342 244622 41068800
PT [1 0 318 -42 2]
 P 823968 44342 244625 41189100
PT [1 0 319 -42 2]
 P 826426 44414 244646 41312268
PT [1 0 320 -41 2]
 P 835879 45247 244734 41429700
PT [1 0 321 -42 2]
 P 836874 45247 244737 41550000
PT [1 0 322 -42 2]
 P 837933 45247 244740 41670300
PT [1 0 323 -42 2]
 P 840592 45247 244744 41790600
PT [1 0 324 -42 2]
 P 842452 45247 244747 41910900
PT [1 0 325 -42 2]
 P 843448 45247 244750 42031200
PT [1 0 326 -42 2]
 P 846128 45319 244771 42154302
PT [1 0 327 -43 2]
 P 855538 46496 244877 42274027
PT [1 0 328 -43 2]
 P 863520 47328 244962 42392100
PT [1 0 329 -43 2]
 P 864518 47328 244965 42512400
PT [1 0 330 -43 2]
 P 865516 47328 244968 42632700
PT [1 0 331 -43 2]
 P 867686 47400 244988 42754138
PT [1 0 332 -44 2]
 P 877457 47960 245075 42873300
PT [1 0 333 -44 2]
 P 878456 47960 245078 42993600
PT [1 0 334 -44 2]
 P 879455 47960 245082 43113900
PT [1 0 335 -44 2]
 P 881818 48032 245102 43235788
PT [1 0 336 -44 2]
 P 890160 48865 245184 43354500
PT [1 0 337 -44 2]
 P 891160 48865 245188 43474800
PT [1 0 338 -44 2]
 P 892161 48865 245191 43595100
PT [1 0 339 -44 2]
 P 894202 48937 245211 43716922
PT [1 0 340 -45 2]
 P 898102 49425 251222 43835700
PT [1 0 341 -45 2]
 P 899104 49425 251225 43956000
PT [1 0 342 -45 2]
 P 900106 49425 251228 44076300
PT [1 0 343 -45 2]
 P 902500 49497 251247 44198699
PT [1 0 344 -45 2]
 P 910620 50330 251326 44316900
PT [1 0 345 -45 2]
 P 911623 50330 251329 44437200
PT [1 0 346 -45 2]
 P 912627 50330 251332 44557500
PT [1 0 347 -45 2]
 P 914956 50402 251352 44679834
PT [1 0 348 -46 2]
 P 923840 51234 251436 44798100
PT [1 0 349 -46 2]
 P 924845 51234 251439 44918400
PT [1 0 350 -46 2]
 P 925850 51234 251442 45038700
PT [1 0 351 -46 2]
 P 928533 51306 251462 45160460
PT [1 0 352 -45 2]
 P 937488 52138 251546 45279300
PT [1 0 353 -46 2]
 P 939358 52138 251549 45399600
PT [1 0 354 -46 2]
 P 940364 52138 251553 45519900
PT [1 0 355 -46 2]
 P 941829 52210 251573 45642618
PT [1 0 356 -47 2]
 P 947124 52498 255030 45760500
PT [1 0 357 -47 2]
 P 948196 52498 255033 45880800
PT [1 0 358 -47 2]
 P 950868 52498 255036 46001100
PT [1 0 359 -47 2]
 P 951876 52498 255039 46121400
PT [1 0 360 -47 2]
 P 952885 52498 255042 46241700
PT [1 0 361 -47 2]
 P 954992 52570 255061 46364163
PT [1 0 362 -47 2]
 P 963562 53403 255147 46482300
PT [1 0 363 -48 2]
 P 965428 53403 255150 46602600
PT [1 0 364 -48 2]
 P 966434 53403 255153 46722900
PT [1 0 365 -48 2]
 P 969040 53403 255157 46843200
PT [1 0 366 -48 2]
 P 970965 53403 255160 46963500
PT [1 0 367 -48 2]
 P 972026 53403 255163 47083800
PT [1 0 368 -48 2]
 P 974708 53475 255182 47206710
PT [1 0 369 -49 2]
 P 979769 54323 258680 47326946
PT [1 0 370 -49 2]
 P 984612 54811 264459 47444700
PT [1 0 371 -49 2]
 P 986422 54811 264462 47565000
PT [1 0 372 -49 2]
 P 987368 54811 264465 47685300
PT [1 0 373 -49 2]
 P 989058 54883 264485 47807699
PT [1 0 374 -49 2]
 P 997379 55715 264567 47925900
PT [1 0 375 -49 2]
 P 998326 55715 264570 48046200
PT [1 0 376 -49 2]
 P 1000137 55715 264574 48166500
PT [1 0 377 -49 2]
 P 1002274 55787 264594 48288834
PT [1 0 378 -50 2]
 P 1012355 56619 264679 48407100
PT [1 0 379 -50 2]
 P 1014967 56619 264683 48527400
PT [1 0 380 -50 2]
 P 1017580 56619 264686 48647700
PT [1 0 381 -50 2]
 P 1019393 56619 264689 48768000
PT [1 0 382 -50 2]
 P 1020342 56619 264693 48888300
PT [1 0 383 -50 2]
 P 1022416 56691 264712 49010058
PT [1 0 384 -51 2]
 P 1030292 57524 264792 49128900
PT [1 0 385 -51 2]
 P 1031243 57524 264795 49249200
PT [1 0 386 -51 2]
 P 1032194 57524 264798 49369500
PT [1 0 387 -51 2]
 P 1033693 57596 264820 49492220
PT [1 0 388 -51 2]
 P 1040226 58431 264903 49610100
PT [1 0 389 -51 2]
 P 1042842 58431 264906 49730400
PT [1 0 390 -51 2]
 P 1043794 58431 264910 49850700
PT [1 0 391 -51 2]
 P 1045611 58431 264913 49971000
PT [1 0 392 -51 2]
 P 1048068 58503 264933 50094166
PT [1 0 393 -52 2]
 P 1057415 59337 265016 50211600
PT [1 0 394 -52 2]
 P 1060033 59337 265019 50331900
PT [1 0 395 -52 2]
 P 1061851 59337 265022 50452200
PT [1 0 396 -52 2]
 P 1062805 59337 265026 50572500
PT [1 0 397 -52 2]
 P 1065712 59409 265046 50695603
PT [1 0 398 -52 2]
 P 1075831 60241 265129 50813100
PT [1 0 399 -53 2]
 P 1077651 60241 265132 50933400
PT [1 0 400 -53 2]
 P 1078607 60241 265135 51053700
PT [1 0 401 -53 2]
 P 1081448 60313 265156 51176226
PT [1 0 402 -53 2]
 P 1086329 60529 271166 51294300
PT [1 0 403 -53 2]
 P 1088950 60529 271169 51414600
PT [1 0 404 -53 2]
 P 1090771 60529 271172 51534900
PT [1 0 405 -53 2]
 P 1091729 60529 271175 51655200
PT [1 0 406 -53 2]
 P 1094124 60601 271195 51777598
PT [1 0 407 -54 2]
 P 1102198 61433 271282 51895800
PT [1 0 408 -54 2]
 P 1103157 61433 271285 52016100
PT [1 0 409 -54 2]
 P 1104980 61433 271288 52136400
PT [1 0 410 -54 2]
 P 1107311 61505 271310 52258736
PT [1 0 411 -54 2]
 P 1117147 62065 271397 52377000
PT [1 0 412 -54 2]
 P 1119772 62065 271400 52497300
PT [1 0 413 -54 2]
 P 1120733 62065 271403 52617600
PT [1 0 414 -54 2]
 P 1122558 62065 271406 52737900
PT [1 0 415 -54 2]
 P 1124313 62137 271426 52859659
PT [1 0 416 -54 2]
 P 1132741 62969 271513 52978500
PT [1 0 417 -55 2]
 P 1133703 62969 271516 53098800
PT [1 0 418 -55 2]
 P 1134665 62969 271519 53219100
PT [1 0 419 -55 2]
 P 1137379 63041 271539 53341819
PT [1 0 420 -55 2]
 P 1144661 63873 271621 53459700
PT [1 0 421 -55 2]
 P 1147288 63873 271625 53580000
PT [1 0 422 -55 2]
 P 1149916 63873 271628 53700300
PT [1 0 423 -55 2]
 P 1150880 63873 271631 53820600
PT [1 0 424 -55 2]
 P 1151844 63873 271635 53940900
PT [1 0 425 -55 2]
 P 1155007 63945 271655 54064067
PT [1 0 426 -56 2]
 P 1165109 64778 271740 54181500
PT [1 0 427 -56 2]
 P 1167739 64778 271743 54301800
PT [1 0 428 -56 2]
 P 1168705 64778 271746 54422100
PT [1 0 429 -56 2]
 P 1169671 64778 271749 54542400
PT [1 0 430 -56 2]
 P 1170702 64778 271752 54662700
PT [1 0 431 -56 2]
 P 1172853 64778 271755 54783000
PT [1 0 432 -56 2]
 P 1173884 64778 271758 54903300
PT [1 0 433 -56 2]
 P 1176659 64778 271768 55025830
PT [1 0 434 -56 2]
 P 1185199 64778 271803 55143900
PT [1 0 435 -56 2]
 P 1186167 64778 271807 55264200
PT [1 0 436 -56 2]
 P 1187136 64778 271810 55384500
PT [1 0 437 -56 2]
 P 1189818 64850 271830 55506770
PT [1 0 438 -58 2]
 P 1194599 65138 275287 55625100
PT [1 0 439 -56 2]
 P 1195569 65138 275290 55745400
PT [1 0 440 -56 2]
 P 1196539 65138 275293 55865700
PT [1 0 441 -56 2]
 P 1198231 65210 275313 55987716
PT [1 0 442 -57 2]
 P 1206579 66043 275397 56106300
PT [1 0 443 -58 2]
 P 1209214 66043 275400 56226600
PT [1 0 444 -58 2]
 P 1210186 66043 275403 56346900
PT [1 0 445 -58 2]
 P 1212822 66043 275406 56467200
PT [1 0 446 -58 2]
 P 1213794 66043 275409 56587500
PT [1 0 447 -58 2]
 P 1214767 66043 275412 56707800
PT [1 0 448 -58 2]
 P 1216906 66115 275432 56830775
PT [1 0 449 -59 2]
 P 1224800 66947 275510 56948400
PT [1 0 450 -59 2]
 P 1225774 66947 275513 57068700
PT [1 0 451 -59 2]
 P 1226748 66947 275516 57189000
PT [1 0 452 -59 2]
 P 1228855 67019 275535 57311590
PT [1 0 453 -60 2]
 P 1235182 67852 279001 57429600
PT [1 0 454 -60 2]
 P 1237821 67852 279004 57549900
PT [1 0 455 -60 2]
 P 1238797 67852 279007 57670200
PT [1 0 456 -60 2]
 P 1239773 67852 279010 57790500
PT [1 0 457 -60 2]
 P 1242456 67924 279030 57912739
PT [1 0 458 -60 2]
 P 1252250 68756 279111 58031100
PT [1 0 459 -60 2]
 P 1253227 68756 279114 58151400
PT [1 0 460 -60 2]
 P 1254204 68756 279117 58271700
PT [1 0 461 -60 2]
 P 1255670 68828 279137 58394642
PT [1 0 462 -61 2]
 P 1261003 69388 282596 58512300
PT [1 0 463 -61 2]
 P 1261072 69388 288558 58635858
PT [1 0 464 -61 2]
 P 1262051 69388 288561 58752900
PT [1 0 465 -61 2]
 P 1263094 69388 288564 58873200
PT [1 0 466 -61 2]
