using saved target 'z1'
../../../../contiki/tools/sky/serialdump-linux -b115200 /dev/ttyUSB3
connecting to /dev/ttyUSB3 (115200) [OK]
Rime started with address 4.0
MAC 04:00:00:00:00:00:00:00 Ref ID: 4841
Contiki-3.x-2125-g5d67a61 started. Node id is set to 4.

************************************************
RTIMER_SECOND = 32768. F_CPU=8000000.
CLOCK_SECOND=128.
DURSLOT = 6015.(0.1835 s).
DURSLEEP = 66165.
DURCYCLE = 72180 .(2.2027 s).
MAX_CLOCK_DRIFT = WAKEUP_ADVANCE_TIME = 327 (0.0033 s).
PERIODIC_BCAST_CYCLES_SENSOR = 196611.
PERIODIC_BCAST_CYCLES_SINK = 196611.
MAX_CYCLE_COUNTER = 27904.
MAX_COUNT_NO_RTS_CTS = 65535.
MAX_CHILD_NUM = 10.
MAX_TRY_TO_FIND_PARENT = 3.

**********Below is Related Settings**********
PRIMAC_CONF_COMPOWER = 1.
PRIMAC_CONF_COMPOWER_SUPPORT = 1.
SF = 10.
PRI_SYNC_SUPPORT = 1.
RANDOM_DRIFT_IN_COOJA_SUPPORT = 0.
ADCSC_SUPPORT = 1.
DATA_TX_SUPPORT = 1.
CYCLES_PER_PACKET = 6.
DATA_INTERVAL = 7.
RETX_LIMIT = 6.
TOTAL_DATA_NUM = 50.
MAX_DATA_QUEUE_BUFS = 10.
PROC_GRADE_BASED_ON_ADDR_SUPPORT = 1.
NODES_NUM_PER_GRADE = 2.
ADDRESS_FREE_SUPPORT = 1.
IS_COOJA_SIM = 0.
CROSS_PLATFORM_SUPPORT = 1.
************************************************

My address is 233.0.
nullmac PRIMAC, channel check rate 8 Hz, radio channel 26
Starting
Hello, world
 P 0 0 0 2146469
 P 0 0 3451 2220352
 P 0 0 6841 2290829
 P 0 0 10231 2363009
 P 0 0 13621 2435189
 P 0 0 17011 2507369
EMPTY QUEUE
 P 463 0 20411 2580830
PT [143 0 1 4 1]
 P 463 0 23801 2651729
PT [143 0 2 4 1]
 P 463 0 27191 2723909
PT [143 0 3 4 1]
 P 463 0 30581 2796089
PT [143 0 4 4 1]
 P 1941 0 32493 2868269
PT [143 0 5 4 1]
EMPTY QUEUE
 P 3837 0 34620 2942306
PT [143 0 6 3 1]
 P 3837 0 38010 3012629
PT [143 0 7 3 1]
 P 3837 0 41400 3084809
PT [143 0 8 3 1]
 P 3837 0 44790 3156989
PT [143 0 9 3 1]
rcv bro rts
 P 5303 0 44830 3229169
PT [143 0 10 3 1]
 P 6746 0 44833 3301349
PT [143 0 11 3 1]
EMPTY QUEUE
 P 6815 0 50795 3378355
PT [143 0 12 3 1]
EMPTY QUEUE
 P 7406 0 54195 3448110
PT [143 0 13 3 1]
 P 7406 0 57585 3517889
PT [143 0 14 3 1]
 P 9613 0 57593 3590069
PT [143 0 15 3 1]
 P 11762 0 57596 3662249
PT [143 0 16 3 1]
 P 11762 0 60986 3734429
PT [143 0 17 3 1]
EMPTY QUEUE
 P 12258 0 64386 3808339
PT [143 0 18 3 1]
 P 12258 0 67776 3878789
PT [143 0 19 3 1]
 P 13724 0 67784 3950969
PT [143 0 20 3 1]
 P 14641 0 67787 4023149
PT [143 0 21 3 1]
 P 14641 0 71177 4095329
PT [143 0 22 3 1]
EMPTY QUEUE
 P 15264 0 74577 4170326
PT [143 0 23 3 1]
 P 15264 0 77967 4239689
PT [143 0 24 3 1]
 P 17949 0 77975 4311869
PT [143 0 25 3 1]
 P 19445 0 77978 4384049
PT [143 0 26 3 1]
 P 19445 0 81368 4456229
PT [143 0 27 3 1]
EMPTY QUEUE
 P 19941 0 84768 4529499
PT [143 0 28 3 1]
 P 19941 0 88158 4600589
PT [143 0 29 3 1]
 P 22616 0 88166 4672769
PT [143 0 30 3 1]
 P 23758 0 88169 4744949
PT [143 0 31 3 1]
 P 23758 0 91559 4817129
PT [143 0 32 3 1]
EMPTY QUEUE
 P 24285 0 94959 4890366
PT [143 0 33 3 1]
 P 24285 0 98350 4961489
PT [143 0 34 3 1]
 P 27064 0 98359 5033669
PT [143 0 35 3 1]
 P 28020 0 98362 5105849
PT [143 0 36 3 1]
 P 28020 0 101752 5178029
PT [143 0 37 3 1]
EMPTY QUEUE
 P 28515 0 105152 5252706
PT [143 0 38 3 1]
 P 28515 0 108542 5322389
PT [143 0 39 3 1]
 P 29438 0 108551 5394569
PT [143 0 40 3 1]
 P 31569 0 108554 5466749
PT [143 0 41 3 1]
 P 31569 0 111944 5538929
PT [143 0 42 3 1]
EMPTY QUEUE
 P 32064 0 115344 5612518
PT [143 0 43 3 1]
 P 32064 0 118734 5683289
PT [143 0 44 3 1]
 P 33824 0 118742 5755469
PT [143 0 45 3 1]
 P 34558 0 118745 5827649
PT [143 0 46 3 1]
 P 34558 0 122135 5899829
PT [143 0 47 3 1]
EMPTY QUEUE
 P 35117 0 125535 5973930
PT [143 0 48 3 1]
 P 35117 0 128925 6044189
PT [143 0 49 3 1]
 P 37442 0 128933 6116369
PT [143 0 50 3 1]
 P 38269 0 128936 6188549
PT [143 0 51 3 1]
 P 38269 0 132326 6260729
PT [143 0 52 3 1]
EMPTY QUEUE
 P 38764 0 135726 6334702
PT [143 0 53 3 1]
 P 38764 0 139116 6405089
PT [143 0 54 3 1]
 P 41448 0 139124 6477269
PT [143 0 55 3 1]
 P 43331 0 139128 6549449
PT [143 0 56 3 1]
 P 43331 0 142518 6621629
PT [143 0 57 3 1]
EMPTY QUEUE
 P 43826 0 145918 6695026
PT [143 0 58 3 1]
 P 43826 0 149308 6765989
PT [143 0 59 3 1]
 P 46022 0 149316 6838169
PT [143 0 60 3 1]
 P 47679 0 149319 6910349
PT [143 0 61 3 1]
 P 47679 0 152709 6982529
PT [143 0 62 3 1]
EMPTY QUEUE
 P 48174 0 156109 7056886
PT [143 0 63 3 1]
 P 48174 0 159499 7126889
PT [143 0 64 3 1]
 P 49392 0 159508 7199069
PT [143 0 65 3 1]
 P 52105 0 159512 7271249
PT [143 0 66 3 1]
 P 54487 0 159516 7343429
PT [143 0 67 3 1]
EMPTY QUEUE
 P 55079 0 162915 7418330
PT [143 0 68 3 1]
 P 55079 0 166305 7487789
PT [143 0 69 3 1]
 P 57754 0 166313 7559969
PT [143 0 70 3 1]
 P 57754 0 169703 7632149
PT [143 0 71 3 1]
 P 59922 0 169707 7704329
PT [143 0 72 3 1]
EMPTY QUEUE
 P 60546 0 173106 7779199
PT [143 0 73 3 1]
 P 60546 0 176496 7848689
PT [143 0 74 3 1]
 P 62306 0 176504 7920869
PT [143 0 75 3 1]
 P 62306 0 179894 7993049
PT [143 0 76 3 1]
 P 63971 0 179898 8065229
PT [143 0 77 3 1]
EMPTY QUEUE
 P 64040 0 185860 8141531
PT [143 0 78 3 1]
EMPTY QUEUE
 P 64633 0 189259 8211992
PT [143 0 79 3 1]
 P 66448 0 189267 8281769
PT [143 0 80 3 1]
 P 66448 0 192657 8353949
PT [143 0 81 3 1]
 P 67948 0 192660 8426129
PT [143 0 82 3 1]
 P 67948 0 196050 8498309
PT [143 0 83 3 1]
EMPTY QUEUE
 P 68572 0 199449 8572347
PT [143 0 84 3 1]
 P 70141 0 199457 8642669
PT [143 0 85 3 1]
 P 70141 0 202847 8714849
PT [143 0 86 3 1]
 P 72284 0 202850 8787029
PT [143 0 87 3 1]
 P 72284 0 206240 8859209
PT [143 0 88 3 1]
EMPTY QUEUE
 P 72907 0 209639 8934206
PT [143 0 89 4 1]
 P 74435 0 209648 9003569
PT [143 0 90 4 1]
 P 74435 0 213038 9075749
PT [143 0 91 4 1]
 P 75270 0 213042 9147929
PT [143 0 92 4 1]
 P 75270 0 216432 9220109
PT [143 0 93 4 1]
EMPTY QUEUE
 P 75829 0 219831 9293442
PT [143 0 94 4 1]
 P 76984 0 219839 9364469
PT [143 0 95 4 1]
 P 76984 0 223229 9436649
PT [143 0 96 4 1]
 P 78239 0 223232 9508829
PT [143 0 97 4 1]
 P 78239 0 226623 9581009
PT [143 0 98 4 1]
EMPTY QUEUE
 P 78766 0 230022 9654246
PT [143 0 99 4 1]
 P 81026 0 230030 9725369
PT [143 0 100 4 1]
 P 81026 0 233420 9797549
PT [143 0 101 4 1]
 P 83773 0 233423 9869729
PT [143 0 102 4 1]
 P 83773 0 236813 9941909
PT [143 0 103 4 1]
EMPTY QUEUE
 P 83839 0 240205 10016149
PT [143 0 104 4 1]
EMPTY QUEUE
 P 87144 0 240222 10087614
PT [143 0 105 4 1]
 P 87144 0 243612 10158449
PT [143 0 106 4 1]
 P 88272 0 243617 10230629
PT [143 0 107 4 1]
 P 88272 0 247007 10302809
PT [143 0 108 4 1]
 P 88272 0 250397 10374989
PT [143 0 109 4 1]
EMPTY QUEUE
 P 89723 0 250414 10449187
PT [143 0 110 5 1]
 P 89723 0 253804 10519349
PT [143 0 111 5 1]
 P 91422 0 253809 10591529
PT [143 0 112 5 1]
 P 91422 0 257199 10663709
PT [143 0 113 5 1]
 P 91422 0 260589 10735889
PT [143 0 114 5 1]
EMPTY QUEUE
 P 94569 0 260606 10810278
PT [143 0 115 4 1]
 P 94569 0 263996 10880249
PT [143 0 116 4 1]
 P 95860 0 263999 10952429
PT [143 0 117 4 1]
 P 95860 0 267389 11024609
PT [143 0 118 4 1]
 P 95860 0 270779 11096789
PT [143 0 119 4 1]
EMPTY QUEUE
 P 98170 0 270798 11170922
PT [143 0 120 4 1]
 P 98170 0 274188 11241149
PT [143 0 121 4 1]
 P 100092 0 274191 11313329
PT [143 0 122 4 1]
 P 100092 0 277581 11385509
PT [143 0 123 4 1]
 P 100092 0 280971 11457689
PT [143 0 124 4 1]
EMPTY QUEUE
 P 101933 0 280991 11531023
PT [143 0 125 4 1]
 P 101933 0 284381 11602049
PT [143 0 126 4 1]
 P 102841 0 284384 11674229
PT [143 0 127 4 1]
 P 102841 0 287774 11746409
PT [143 0 128 4 1]
 P 102841 0 291164 11818589
PT [143 0 129 4 1]
EMPTY QUEUE
 P 105376 0 291182 11892658
PT [143 0 130 4 1]
 P 105376 0 294572 11962949
PT [143 0 131 4 1]
 P 107555 0 294575 12035129
PT [143 0 132 4 1]
 P 108178 72 297977 12109088
PT [143 0 133 4 1]
 P 108178 72 301367 12179489
PT [143 0 134 4 1]
 P 109429 72 301376 12251669
PT [143 0 135 4 1]
 P 111100 144 301396 12325756
PT [143 0 136 4 1]
 P 112934 144 301399 12396029
PT [143 0 137 4 1]
 P 112934 144 304789 12468209
PT [143 0 138 4 1]
 P 113461 216 308191 12542456
PT [143 0 139 4 1]
 P 113461 216 311581 12612569
PT [143 0 140 4 1]
 P 115784 216 311589 12684749
PT [143 0 141 4 1]
 P 118474 216 311592 12756929
PT [143 0 142 4 1]
 P 118969 288 314994 12830568
PT [143 0 143 4 1]
 P 118969 288 318384 12901289
PT [143 0 144 4 1]
 P 119203 288 321780 12974710
PT [143 0 145 4 1]
 P 121998 360 321802 13047332
PT [143 0 146 4 1]
 P 122942 360 321805 13117829
PT [143 0 147 4 1]
 P 123011 466 325197 13191411
PT [143 0 148 4 1]
 P 123506 538 328599 13264736
PT [143 0 149 4 1]
 P 123506 538 331989 13334369
PT [143 0 150 4 1]
 P 125433 610 332010 13408552
PT [143 0 151 4 1]
 P 128272 965 332032 13481692
PT [143 0 152 4 1]
 P 130730 965 332035 13550909
PT [143 0 153 4 1]
 P 130730 965 335425 13623089
PT [143 0 154 4 1]
 P 130799 965 341387 13699615
PT [143 0 155 4 1]
 P 133467 1320 341408 13769100
PT [143 0 156 4 1]
 P 136498 1392 341424 13839629
PT [143 0 157 4 1]
 P 136801 1392 344820 13913631
PT [143 0 158 4 1]
 P 137360 1464 348222 13986600
PT [143 0 159 4 1]
 P 139567 1464 348225 14056169
PT [143 0 160 4 1]
 P 142705 1819 348246 14130320
PT [143 0 161 4 1]
 P 143200 1891 351649 14200529
PT [143 0 162 4 1]
 P 144926 1891 351652 14272709
PT [143 0 163 4 1]
 P 148158 2247 351673 14347469
PT [143 0 164 4 1]
 P 148815 2319 355078 14419713
PT [143 0 165 4 1]
 P 148815 2319 358468 14489249
PT [143 0 166 4 1]
 P 150271 2319 358471 14561429
PT [143 0 167 4 1]
 P 153426 2675 358491 14635677
PT [143 0 168 4 1]
 P 153953 2747 361893 14705789
PT [143 0 169 4 1]
 P 156965 3102 361914 14780452
PT [143 0 170 4 1]
 P 159448 3102 361917 14850149
PT [143 0 171 4 1]
 P 159943 3174 365319 14923660
PT [143 0 172 4 1]
 P 159943 3174 368709 14994509
PT [143 0 173 4 1]
 P 162210 3530 368730 15067956
PT [143 0 174 4 1]
 P 165173 3602 368745 15138869
PT [143 0 175 4 1]
 P 165173 3602 372135 15211049
PT [143 0 176 4 1]
 P 167631 3958 372155 15285265
PT [143 0 177 5 1]
 P 169343 4030 372175 15355409
PT [143 0 178 4 1]
 P 171729 4030 372178 15427589
PT [143 0 179 4 1]
 P 171740 4030 375570 15501135
PT [143 0 180 4 1]
 P 173963 4030 375573 15571949
PT [143 0 181 4 1]
 P 177111 4386 375593 15645684
PT [143 0 182 4 1]
 P 178167 4530 379005 15718600
PT [143 0 183 4 1]
 P 178167 4530 382395 15788489
PT [143 0 184 4 1]
 P 179898 4530 382398 15860669
PT [143 0 185 4 1]
 P 183097 4886 382418 15935397
PT [143 0 186 4 1]
 P 183657 4958 385819 16005029
PT [143 0 187 4 1]
 P 185129 4958 385822 16077209
PT [143 0 188 4 1]
 P 187289 4958 385826 16149389
PT [143 0 189 4 1]
 P 190408 5314 385847 16222900
PT [143 0 190 4 1]
 P 190968 5386 389248 16293749
PT [143 0 191 4 1]
 P 191844 5386 389251 16365929
PT [143 0 192 4 1]
 P 195131 5743 389271 16440240
PT [143 0 193 4 1]
 P 195755 5815 392672 16510289
PT [143 0 194 4 1]
 P 197072 5815 392675 16582469
PT [143 0 195 4 1]
 P 200292 6171 392695 16656844
PT [143 0 196 4 1]
 P 200788 6243 396096 16726829
PT [143 0 197 4 1]
 P 200788 6243 399486 16799009
PT [143 0 198 4 1]
 P 203694 6315 399505 16873800
PT [143 0 199 4 1]
 P 206098 6315 399509 16943369
PT [143 0 200 4 1]
 P 209262 6671 399528 17017618
PT [143 0 201 6 1]
 P 211489 6671 399531 17087729
PT [143 0 202 6 1]
 P 214756 7026 399551 17162936
PT [143 0 203 4 1]
 P 215348 7098 402952 17232089
PT [143 0 204 4 1]
 P 215844 7170 406355 17305602
PT [143 0 205 4 1]
 P 217578 7170 406358 17376449
PT [143 0 206 4 1]
 P 219077 7170 406361 17448629
PT [143 0 207 4 1]
 P 222253 7526 406380 17522139
PT [143 0 208 5 1]
 P 222748 7598 409781 17594287
PT [143 0 209 5 1]
 P 224912 7598 409784 17665169
PT [143 0 210 5 1]
 P 228053 7954 409804 17739415
PT [143 0 211 5 1]
 P 228395 7954 413200 17810782
PT [143 0 212 5 1]
 P 229275 7954 413203 17881709
PT [143 0 213 5 1]
 P 232466 8309 413223 17955475
PT [143 0 214 5 1]
 P 233094 8381 419196 18030223
PT [143 0 215 5 1]
 P 233621 8453 422597 18100827
PT [143 0 216 5 1]
 P 234930 8453 422601 18170429
PT [143 0 217 5 1]
 P 238107 8810 422621 18244644
PT [143 0 218 5 1]
 P 238698 8882 426022 18314789
PT [143 0 219 5 1]
 P 241044 8882 426031 18386969
PT [143 0 220 5 1]
 P 243452 8882 426034 18459149
PT [143 0 221 5 1]
 P 246647 9237 426054 18533012
PT [143 0 222 5 1]
 P 247239 9309 429456 18603509
PT [143 0 223 6 1]
 P 249458 9309 429459 18675689
PT [143 0 224 6 1]
 P 252682 9664 429480 18750866
PT [143 0 225 5 1]
 P 253209 9736 432882 18820049
PT [143 0 226 5 1]
 P 254947 9736 432885 18892229
PT [143 0 227 5 1]
 P 258103 10092 432905 18966572
PT [143 0 228 5 1]
 P 258598 10164 436307 19036589
PT [143 0 229 5 1]
 P 258598 10164 439697 19108769
PT [143 0 230 5 1]
 P 260066 10164 439700 19180949
PT [143 0 231 5 1]
 P 263272 10519 439721 19255996
PT [143 0 232 5 1]
 P 263895 10591 443123 19325309
PT [143 0 233 5 1]
 P 264518 10663 446525 19399268
PT [143 0 234 5 1]
 P 267614 11020 446547 19471896
PT [143 0 235 5 1]
 P 270097 11020 446550 19541849
PT [143 0 236 5 1]
 P 270166 11020 452512 19617799
PT [143 0 237 5 1]
 P 272497 11375 452533 19687829
PT [143 0 238 5 1]
 P 275471 11447 452548 19758389
PT [143 0 239 6 1]
 P 275540 11447 458510 19834723
PT [143 0 240 6 1]
 P 275823 11447 461906 19904839
PT [143 0 241 6 1]
 P 278268 11802 461926 19976516
PT [143 0 242 5 1]
 P 281161 11874 461941 20047109
PT [143 0 243 5 1]
 P 281230 11874 467903 20123443
PT [143 0 244 5 1]
 P 283148 12230 467924 20193152
PT [143 0 245 5 1]
 P 286278 12302 467940 20263649
PT [143 0 246 5 1]
 P 286347 12302 473902 20339983
PT [143 0 247 5 1]
 P 286842 12374 477304 20410556
PT [143 0 248 5 1]
 P 289027 12374 477307 20480189
PT [143 0 249 5 1]
 P 291486 12374 477311 20552369
PT [143 0 250 5 1]
 P 294609 12730 477331 20626552
PT [143 0 251 5 1]
 P 297625 12802 477351 20696729
PT [143 0 252 5 1]
 P 300042 13157 477371 20770336
PT [143 0 253 5 1]
 P 303044 13229 477387 20841089
PT [143 0 254 5 1]
 P 303044 13229 480777 20913269
PT [143 0 255 5 1]
 P 305523 13585 480797 20986748
PT [143 0 256 5 1]
 P 308559 13657 480812 21057629
PT [143 0 257 5 1]
 P 308559 13657 484202 21129809
PT [143 0 258 5 1]
 P 309054 13729 487604 21203992
PT [143 0 259 5 1]
 P 310787 14086 487626 21276364
PT [143 0 260 5 1]
 P 313248 14086 487629 21346349
PT [143 0 261 5 1]
 P 313248 14086 491019 21418529
PT [143 0 262 5 1]
 P 315399 14086 491022 21490709
PT [143 0 263 5 1]
 P 318457 14443 491042 21564764
PT [143 0 264 5 1]
 P 318952 14515 494444 21635069
PT [143 0 265 5 1]
 P 319021 14515 500406 21712235
PT [143 0 266 5 1]
 P 320789 14515 500411 21779429
PT [143 0 267 5 1]
 P 324032 14871 500432 21853260
PT [143 0 268 5 1]
 P 324995 14943 503841 21925648
PT [143 0 269 5 1]
 P 326505 14943 503844 21995969
PT [143 0 270 5 1]
 P 329192 15226 506425 22071599
PT [143 0 271 5 1]
 P 329757 15226 511891 22144771
PT [143 0 272 5 1]
 P 329969 15226 515287 22214528
PT [143 0 273 5 1]
 P 332133 15226 515290 22284689
PT [143 0 274 5 1]
 P 332915 15226 515293 22356869
PT [143 0 275 5 1]
 P 336099 15582 515314 22430733
PT [143 0 276 6 1]
 P 337809 15798 518741 22504193
PT [143 0 277 5 1]
 P 339560 15870 518756 22573409
PT [143 0 278 5 1]
 P 342719 16225 518778 22647720
PT [143 0 279 5 1]
 P 343215 16297 522180 22717769
PT [143 0 280 5 1]
 P 346257 16653 522200 22792784
PT [143 0 281 5 1]
 P 348580 16653 522203 22862129
PT [143 0 282 5 1]
 P 349075 16725 525605 22936312
PT [143 0 283 5 1]
 P 349075 16725 528995 23006489
PT [143 0 284 5 1]
 P 351377 16797 529016 23081344
PT [143 0 285 5 1]
 P 353772 16797 529020 23150849
PT [143 0 286 5 1]
 P 356872 17152 529041 23225032
PT [143 0 287 5 1]
 P 358957 17152 529044 23295209
PT [143 0 288 5 1]
 P 362256 17508 529064 23370449
PT [143 0 289 5 1]
 P 362847 17580 532467 23439569
PT [143 0 290 5 1]
 P 362847 17580 535857 23511749
PT [143 0 291 5 1]
 P 364439 17580 535860 23583929
PT [143 0 292 5 1]
 P 365915 17580 535863 23656109
PT [143 0 293 5 1]
 P 368079 17580 535866 23728289
PT [143 0 294 5 1]
 P 368861 17580 535869 23800469
PT [143 0 295 5 1]
EMPTY QUEUE
 P 371955 17580 535888 23875018
PT [143 0 296 5 1]
 P 375031 17936 535909 23946800
PT [143 0 297 5 1]
 P 377583 18291 539319 24019940
PT [143 0 298 5 1]
 P 378796 18291 539322 24089189
PT [143 0 299 5 1]
 P 381949 18646 539344 24162700
PT [143 0 300 5 1]
 P 384404 18646 539352 24233549
PT [143 0 301 5 1]
 P 384404 18646 542742 24305729
PT [143 0 302 5 1]
 P 386761 19002 542762 24379305
PT [143 0 303 5 1]
 P 389061 19002 542765 24450089
PT [143 0 304 5 1]
 P 389061 19002 546155 24522269
PT [143 0 305 5 1]
 P 391510 19357 546176 24596485
PT [143 0 306 5 1]
 P 393919 19357 546180 24666629
PT [143 0 307 5 1]
 P 393919 19357 549570 24738809
PT [143 0 308 5 1]
 P 393919 19357 552960 24810989
PT [143 0 309 5 1]
 P 395687 19713 552979 24885460
PT [143 0 310 5 1]
 P 398048 19713 552983 24955349
PT [143 0 311 5 1]
 P 398048 19713 556373 25027529
PT [143 0 312 5 1]
 P 400099 19713 556376 25099709
PT [143 0 313 5 1]
 P 402748 19713 556386 25171889
PT [143 0 314 5 1]
 P 405981 20068 556405 25245720
PT [143 0 315 5 1]
 P 405981 20068 559795 25316249
PT [143 0 316 5 1]
 P 407649 20068 559799 25388429
PT [143 0 317 5 1]
 P 410784 20424 559818 25462901
PT [143 0 318 5 1]
 P 410784 20424 563208 25532789
PT [143 0 319 5 1]
 P 412194 20424 563211 25604969
PT [143 0 320 5 1]
 P 415389 20779 563232 25679728
PT [143 0 321 6 1]
 P 415389 20779 566622 25749329
PT [143 0 322 6 1]
 P 415389 20779 570012 25821509
PT [143 0 323 6 1]
 P 417453 20779 570015 25893689
PT [143 0 324 6 1]
 P 420664 21134 570034 25968063
PT [143 0 325 6 1]
 P 420664 21134 573424 26038049
PT [143 0 326 6 1]
 P 420664 21134 576814 26110229
PT [143 0 327 6 1]
 P 421442 21134 576818 26182409
PT [143 0 328 6 1]
 P 424544 21490 576839 26255889
PT [143 0 329 7 1]
 P 424544 21490 580229 26326769
PT [143 0 330 7 1]
 P 424544 21490 583619 26398949
PT [143 0 331 7 1]
 P 424544 21490 587009 26471129
PT [143 0 332 7 1]
 P 425742 21490 587012 26543309
PT [143 0 333 7 1]
EMPTY QUEUE
 P 428597 21490 587030 26617250
PT [143 0 334 6 1]
 P 430916 21490 587034 26687669
PT [143 0 335 6 1]
 P 430916 21490 590424 26759849
PT [143 0 336 6 1]
 P 430916 21490 593814 26832029
PT [143 0 337 6 1]
 P 430916 21490 597204 26904209
PT [143 0 338 6 1]
EMPTY QUEUE
 P 433194 21490 597221 26978342
PT [143 0 339 6 1]
 P 435302 21490 597224 27048569
PT [143 0 340 6 1]
 P 435302 21490 600614 27120749
PT [143 0 341 6 1]
 P 435302 21490 604004 27192929
PT [143 0 342 6 1]
 P 435302 21490 607394 27265109
PT [143 0 343 6 1]
EMPTY QUEUE
 P 437844 21490 607411 27339050
PT [143 0 344 6 1]
 P 437844 21490 610801 27409469
PT [143 0 345 6 1]
 P 440168 21490 610804 27481649
PT [143 0 346 6 1]
 P 442479 21490 610807 27553829
PT [143 0 347 6 1]
 P 442479 21490 614197 27626009
PT [143 0 348 6 1]
EMPTY QUEUE
 P 444343 21490 614216 27701134
PT [143 0 349 6 1]
 P 444343 21490 617606 27770369
PT [143 0 350 6 1]
 P 444343 21490 620996 27842549
PT [143 0 351 6 1]
 P 446453 21490 620999 27914729
PT [143 0 352 6 1]
 P 446453 21490 624389 27986909
PT [143 0 353 6 1]
EMPTY QUEUE
 P 449266 21490 624399 28060157
PT [143 0 354 6 1]
EMPTY QUEUE
 P 449761 21490 627799 28133574
PT [143 0 355 6 1]
 P 449761 21490 631189 28203449
PT [143 0 356 6 1]
 P 451366 21490 631193 28275629
PT [143 0 357 6 1]
 P 451366 21490 634583 28347809
PT [143 0 358 6 1]
 P 453499 21490 634592 28419989
PT [143 0 359 6 1]
EMPTY QUEUE
 P 454122 21490 637992 28494026
PT [143 0 360 6 1]
 P 454122 21490 641382 28564349
PT [143 0 361 6 1]
 P 455563 21490 641386 28636529
PT [143 0 362 6 1]
 P 455563 21490 644776 28708709
PT [143 0 363 6 1]
 P 457068 21490 644784 28780889
PT [143 0 364 6 1]
EMPTY QUEUE
 P 457563 21490 648184 28855758
PT [143 0 365 6 1]
 P 457563 21490 651574 28925249
PT [143 0 366 6 1]
 P 459647 21490 651577 28997429
PT [143 0 367 6 1]
 P 459647 21490 654967 29069609
PT [143 0 368 6 1]
 P 462067 21490 654975 29141789
PT [143 0 369 6 1]
EMPTY QUEUE
 P 462595 21490 658375 29215091
PT [143 0 370 6 1]
 P 462595 21490 661765 29286149
PT [143 0 371 6 1]
 P 463370 21490 661769 29358329
PT [143 0 372 6 1]
 P 463370 21490 665159 29430509
PT [143 0 373 6 1]
 P 465639 21490 665168 29502689
PT [143 0 374 6 1]
EMPTY QUEUE
 P 466134 21490 668568 29575894
PT [143 0 375 6 1]
 P 466134 21490 671958 29647049
PT [143 0 376 6 1]
 P 467329 21490 671961 29719229
PT [143 0 377 6 1]
 P 467329 21490 675351 29791409
PT [143 0 378 6 1]
 P 469781 21490 675359 29863589
PT [143 0 379 6 1]
EMPTY QUEUE
 P 470277 21490 678759 29938267
PT [143 0 380 6 1]
 P 470277 21490 682149 30007949
PT [143 0 381 6 1]
 P 472965 21490 682153 30080129
PT [143 0 382 6 1]
 P 472965 21490 685543 30152309
PT [143 0 383 6 1]
 P 474597 21490 685552 30224489
PT [143 0 384 6 1]
EMPTY QUEUE
 P 475157 21490 688952 30298143
PT [143 0 385 7 1]
 P 475157 21490 692342 30368849
PT [143 0 386 7 1]
 P 476227 21490 692345 30441029
PT [143 0 387 7 1]
 P 476227 21490 695735 30513209
PT [143 0 388 7 1]
 P 477467 21490 695744 30585389
PT [143 0 389 7 1]
EMPTY QUEUE
 P 477963 21490 699144 30659427
PT [143 0 390 6 1]
 P 477963 21490 702534 30729749
PT [143 0 391 6 1]
 P 479601 21490 702537 30801929
PT [143 0 392 6 1]
 P 481991 21490 702540 30874109
PT [143 0 393 6 1]
 P 483749 21490 702549 30946289
PT [143 0 394 6 1]
EMPTY QUEUE
 P 484244 21490 705949 31020262
PT [143 0 395 6 1]
 P 484244 21490 709339 31090649
PT [143 0 396 6 1]
 P 484244 21490 712729 31162829
PT [143 0 397 6 1]
 P 486289 21490 712732 31235009
PT [143 0 398 6 1]
 P 488523 21490 712741 31307189
PT [143 0 399 6 1]
EMPTY QUEUE
 P 491649 21490 712759 31380682
PT [143 0 400 6 1]
 P 491649 21490 716149 31451549
PT [143 0 401 6 1]
 P 491649 21490 719539 31523729
PT [143 0 402 6 1]
 P 493322 21490 719542 31595909
PT [143 0 403 6 1]
 P 493322 21490 722932 31668089
PT [143 0 404 6 1]
EMPTY QUEUE
 P 496299 21490 722950 31742383
PT [143 0 405 6 1]
 P 496299 21490 726340 31812449
PT [143 0 406 6 1]
 P 496299 21490 729730 31884629
PT [143 0 407 6 1]
 P 497691 21490 729733 31956809
PT [143 0 408 6 1]
 P 497691 21490 733123 32028989
PT [143 0 409 6 1]
EMPTY QUEUE
 P 499485 21490 733134 32102887
PT [143 0 410 6 1]
EMPTY QUEUE
 P 500044 21490 736534 32175718
PT [143 0 411 7 1]
 P 500044 21490 739924 32245529
PT [143 0 412 7 1]
 P 502195 21490 739928 32317709
PT [143 0 413 7 1]
 P 502195 21490 743318 32389889
PT [143 0 414 7 1]
 P 504114 21490 743327 32462069
PT [143 0 415 7 1]
EMPTY QUEUE
 P 504706 21490 746728 32536076
PT [143 0 416 8 1]
 P 504706 21490 750118 32606429
PT [143 0 417 8 1]
 P 505430 21490 750121 32678609
PT [143 0 418 8 1]
 P 505430 21490 753511 32750789
PT [143 0 419 8 1]
 P 506704 21490 753519 32822969
PT [143 0 420 8 1]
EMPTY QUEUE
 P 507328 21490 756918 32897966
PT [143 0 421 7 1]
 P 507328 21490 760308 32967329
PT [143 0 422 7 1]
 P 507328 21490 763698 33039509
PT [143 0 423 7 1]
 P 509724 21490 763701 33111689
PT [143 0 424 7 1]
 P 512472 21490 763709 33183869
PT [143 0 425 7 1]
EMPTY QUEUE
 P 513096 21490 767108 33257267
PT [143 0 426 7 1]
 P 513096 21490 770498 33328229
PT [143 0 427 7 1]
 P 513096 21490 773888 33400409
PT [143 0 428 7 1]
 P 515147 21490 773891 33472589
PT [143 0 429 7 1]
 P 517280 21490 773899 33544769
PT [143 0 430 7 1]
EMPTY QUEUE
 P 517840 21490 777298 33618039
PT [143 0 431 7 1]
 P 517840 21490 780688 33689129
PT [143 0 432 7 1]
 P 517840 21490 784078 33761309
PT [143 0 433 7 1]
 P 519517 21490 784082 33833489
PT [143 0 434 7 1]
 P 521021 21490 784091 33905669
PT [143 0 435 7 1]
EMPTY QUEUE
 P 521549 21490 787490 33980379
PT [143 0 436 7 1]
 P 521549 21490 790880 34050029
PT [143 0 437 7 1]
 P 521549 21490 794270 34122209
PT [143 0 438 7 1]
 P 522945 21490 794273 34194389
PT [143 0 439 7 1]
 P 525364 21490 794282 34266569
PT [143 0 440 7 1]
EMPTY QUEUE
 P 525891 21490 797681 34340190
PT [143 0 441 8 1]
 P 525891 21490 801071 34410929
PT [143 0 442 8 1]
 P 525891 21490 804461 34483109
PT [143 0 443 8 1]
 P 528048 21490 804464 34555289
PT [143 0 444 8 1]
 P 530317 21490 804472 34627469
PT [143 0 445 8 1]
 P 532705 21490 804475 34699649
PT [143 0 446 8 1]
EMPTY QUEUE
 P 533200 21490 807874 34773686
PT [143 0 447 8 1]
 P 533200 21490 811264 34844009
PT [143 0 448 8 1]
 P 533200 21490 814654 34916189
PT [143 0 449 8 1]
 P 535652 21490 814663 34988369
PT [143 0 450 8 1]
 P 537694 21490 814666 35060549
PT [143 0 451 8 1]
EMPTY QUEUE
 P 538189 21490 818065 35134522
PT [143 0 452 8 1]
 P 538189 21490 821455 35204909
PT [143 0 453 8 1]
 P 538189 21490 824845 35277089
PT [143 0 454 8 1]
 P 539764 21490 824853 35349269
PT [143 0 455 8 1]
 P 541446 21490 824856 35421449
PT [143 0 456 8 1]
EMPTY QUEUE
 P 544569 21490 824874 35495006
PT [143 0 457 8 1]
 P 544569 21490 828264 35565809
PT [143 0 458 8 1]
 P 544569 21490 831654 35637989
PT [143 0 459 8 1]
 P 544569 21490 835044 35710169
PT [143 0 460 8 1]
 P 545970 21490 835047 35782349
PT [143 0 461 8 1]
EMPTY QUEUE
 P 548917 21490 835065 35856546
PT [143 0 462 8 1]
 P 548917 21490 838455 35926709
PT [143 0 463 8 1]
 P 548917 21490 841845 35998889
PT [143 0 464 8 1]
 P 548917 21490 845235 36071069
PT [143 0 465 8 1]
 P 551079 21490 845238 36143249
PT [143 0 466 8 1]
EMPTY QUEUE
 P 553302 21490 845257 36217638
PT [143 0 467 8 1]
 P 553302 21490 848647 36287609
PT [143 0 468 8 1]
 P 553302 21490 852037 36359789
PT [143 0 469 8 1]
 P 553302 21490 855427 36431969
PT [143 0 470 8 1]
 P 554036 21490 855430 36504149
PT [143 0 471 8 1]
EMPTY QUEUE
 P 556506 21490 855448 36578218
PT [143 0 472 8 1]
 P 556506 21490 858838 36648509
PT [143 0 473 8 1]
 P 556506 21490 862228 36720689
PT [143 0 474 8 1]
 P 556506 21490 865618 36792869
PT [143 0 475 8 1]
 P 557777 21490 865621 36865049
PT [143 0 476 8 1]
EMPTY QUEUE
 P 559587 21490 865639 36938382
PT [143 0 477 8 1]
 P 559587 21490 869029 37009409
PT [143 0 478 8 1]
 P 559587 21490 872419 37081589
PT [143 0 479 8 1]
 P 559587 21490 875809 37153769
PT [143 0 480 8 1]
 P 562233 21490 875812 37225949
PT [143 0 481 8 1]
EMPTY QUEUE
 P 565562 21490 875830 37299922
PT [143 0 482 8 1]
 P 565562 21490 879220 37370309
PT [143 0 483 8 1]
 P 565562 21490 882610 37442489
PT [143 0 484 8 1]
 P 565562 21490 886000 37514669
PT [143 0 485 8 1]
 P 566708 21490 886004 37586849
PT [143 0 486 8 1]
EMPTY QUEUE
 P 568855 21490 888584 37663119
PT [143 0 487 8 1]
EMPTY QUEUE
 P 568924 21490 894546 37735651
PT [143 0 488 8 1]
EMPTY QUEUE
 P 569515 21490 897946 37805790
PT [143 0 489 8 1]
 P 569515 21490 901336 37875569
PT [143 0 490 8 1]
 P 571113 21490 901339 37947749
PT [143 0 491 8 1]
 P 572672 21490 901348 38019929
PT [143 0 492 8 1]
 P 572672 21490 904738 38092109
PT [143 0 493 8 1]
EMPTY QUEUE
 P 573295 21490 908138 38166146
PT [143 0 494 8 1]
 P 573295 21490 911528 38236469
PT [143 0 495 8 1]
 P 574601 21490 911531 38308649
PT [143 0 496 8 1]
 P 576965 21490 911540 38380829
PT [143 0 497 8 1]
 P 576965 21490 914930 38453009
PT [143 0 498 8 1]
EMPTY QUEUE
 P 577588 21490 918330 38528006
PT [143 0 499 8 1]
 P 577588 21490 921720 38597369
PT [143 0 500 8 1]
 P 579409 21490 921724 38669549
PT [143 0 501 8 1]
 P 581733 21490 921732 38741729
PT [143 0 502 8 1]
 P 581733 21490 925122 38813909
PT [143 0 503 8 1]
EMPTY QUEUE
 P 582292 21490 928522 38887242
PT [143 0 504 8 1]
 P 582292 21490 931912 38958269
PT [143 0 505 8 1]
 P 583218 21490 931915 39030449
PT [143 0 506 8 1]
 P 585614 21490 931924 39102629
PT [143 0 507 8 1]
 P 585614 21490 935314 39174809
PT [143 0 508 8 1]
EMPTY QUEUE
 P 586141 21490 938714 39248046
PT [143 0 509 8 1]
 P 586141 21490 942104 39319169
PT [143 0 510 8 1]
 P 588219 21490 942107 39391349
PT [143 0 511 8 1]
 P 589906 21490 942115 39463529
PT [143 0 512 8 1]
 P 589906 21490 945505 39535709
PT [143 0 513 8 1]
EMPTY QUEUE
 P 590433 21490 948905 39610418
PT [143 0 514 8 1]
 P 590433 21490 952295 39680069
PT [143 0 515 8 1]
 P 592285 21490 952298 39752249
PT [143 0 516 8 1]
 P 593471 21490 952306 39824429
PT [143 0 517 8 1]
 P 593471 21490 955696 39896609
PT [143 0 518 8 1]
EMPTY QUEUE
 P 594096 21490 959095 39970328
PT [143 0 519 8 1]
 P 594096 21490 962485 40040969
PT [143 0 520 8 1]
 P 596686 21490 962488 40113149
PT [143 0 521 8 1]
 P 598500 21490 962497 40185329
PT [143 0 522 8 1]
 P 598500 21490 965887 40257509
PT [143 0 523 8 1]
EMPTY QUEUE
 P 599091 21490 969287 40331642
PT [143 0 524 8 1]
 P 599091 21490 972677 40401869
PT [143 0 525 8 1]
 P 600053 21490 972680 40474049
PT [143 0 526 8 1]
 P 602290 21490 972688 40546229
PT [143 0 527 8 1]
 P 602290 21490 976078 40618409
PT [143 0 528 8 1]
EMPTY QUEUE
 P 602915 21490 979477 40692512
PT [143 0 529 9 1]
 P 602915 21490 982867 40762769
PT [143 0 530 9 1]
 P 605252 21490 982870 40834949
PT [143 0 531 9 1]
 P 607385 21490 982878 40907129
PT [143 0 532 9 1]
 P 607385 21490 986268 40979309
PT [143 0 533 9 1]
EMPTY QUEUE
 P 607976 21490 989668 41052802
PT [143 0 534 8 1]
 P 607976 21490 993058 41123669
PT [143 0 535 8 1]
 P 609290 21490 993061 41195849
PT [143 0 536 8 1]
 P 610985 21490 993070 41268029
PT [143 0 537 8 1]
 P 610985 21490 996460 41340209
PT [143 0 538 8 1]
EMPTY QUEUE
 P 611481 21490 999859 41414566
PT [143 0 539 8 1]
 P 611481 21490 1003249 41484569
PT [143 0 540 8 1]
 P 612451 21490 1003252 41556749
PT [143 0 541 8 1]
 P 613700 21490 1003260 41628929
PT [143 0 542 8 1]
 P 616045 21490 1003263 41701109
PT [143 0 543 8 1]
EMPTY QUEUE
 P 619289 21490 1003280 41774731
PT [143 0 544 8 1]
 P 619289 21490 1006670 41845469
PT [143 0 545 8 1]
 P 619289 21490 1010061 41917649
PT [143 0 546 8 1]
 P 619289 21490 1013451 41989829
PT [143 0 547 8 1]
 P 621289 21490 1013455 42062009
PT [143 0 548 8 1]
EMPTY QUEUE
 P 624158 21490 1013473 42136207
PT [143 0 549 8 1]
 P 624158 21490 1016863 42206369
PT [143 0 550 8 1]
 P 624158 21490 1020253 42278549
PT [143 0 551 8 1]
 P 624158 21490 1023643 42350729
PT [143 0 552 8 1]
 P 625654 21490 1023646 42422909
PT [143 0 553 8 1]
EMPTY QUEUE
 P 627964 21490 1023664 42497331
PT [143 0 554 8 1]
 P 627964 21490 1027054 42567269
PT [143 0 555 8 1]
 P 627964 21490 1030444 42639449
PT [143 0 556 8 1]
 P 627964 21490 1033834 42711629
PT [143 0 557 8 1]
 P 629332 21490 1033837 42783809
PT [143 0 558 8 1]
EMPTY QUEUE
 P 631745 21490 1033855 42857878
PT [143 0 559 9 1]
 P 631745 21490 1037245 42928169
PT [143 0 560 9 1]
 P 631745 21490 1040635 43000349
PT [143 0 561 9 1]
 P 631745 21490 1044025 43072529
PT [143 0 562 9 1]
 P 633755 21490 1044028 43144709
PT [143 0 563 9 1]
EMPTY QUEUE
 P 635525 21490 1044045 43217947
PT [143 0 564 10 1]
 P 635525 21490 1047435 43289069
PT [143 0 565 10 1]
 P 635525 21490 1050825 43361249
PT [143 0 566 10 1]
 P 635525 21490 1054215 43433429
PT [143 0 567 10 1]
 P 636226 21490 1054218 43505609
PT [143 0 568 10 1]
EMPTY QUEUE
 P 639533 21490 1054235 43579614
PT [143 0 569 9 1]
 P 639533 21490 1057625 43649969
PT [143 0 570 9 1]
 P 639533 21490 1061015 43722149
PT [143 0 571 9 1]
 P 639533 21490 1064405 43794329
PT [143 0 572 9 1]
 P 640653 21490 1064408 43866509
PT [143 0 573 9 1]
EMPTY QUEUE
 P 643283 21490 1064425 43940643
PT [143 0 574 10 1]
 P 643283 21490 1067815 44010869
PT [143 0 575 10 1]
 P 643283 21490 1071205 44083049
PT [143 0 576 10 1]
 P 643283 21490 1074595 44155229
PT [143 0 577 10 1]
 P 645896 21490 1074599 44227409
PT [143 0 578 10 1]
EMPTY QUEUE
 P 647896 21490 1074617 44301222
PT [143 0 579 9 1]
 P 647896 21490 1078007 44371769
PT [143 0 580 9 1]
 P 647896 21490 1081397 44443949
PT [143 0 581 9 1]
 P 647896 21490 1084787 44516129
PT [143 0 582 9 1]
 P 648891 21490 1084790 44588309
PT [143 0 583 9 1]
EMPTY QUEUE
 P 651805 21490 1084808 44663338
PT [143 0 584 9 1]
 P 651805 21490 1088198 44732669
PT [143 0 585 9 1]
 P 651805 21490 1091588 44804849
PT [143 0 586 9 1]
 P 651805 21490 1094978 44877029
PT [143 0 587 9 1]
 P 653369 21490 1094981 44949209
PT [143 0 588 9 1]
EMPTY QUEUE
 P 655704 21490 1094991 45022457
PT [143 0 589 9 1]
EMPTY QUEUE
 P 656296 21490 1098390 45095971
PT [143 0 590 10 1]
 P 656296 21490 1101780 45165749
PT [143 0 591 10 1]
 P 656296 21490 1105170 45237929
PT [143 0 592 10 1]
 P 657452 21490 1105173 45310109
PT [143 0 593 10 1]
 P 659903 21490 1105182 45382289
PT [143 0 594 10 1]
EMPTY QUEUE
 P 660430 21490 1108582 45456230
PT [143 0 595 9 1]
 P 660430 21490 1111972 45526649
PT [143 0 596 9 1]
 P 660430 21490 1115362 45598829
PT [143 0 597 9 1]
 P 662219 21490 1115365 45671009
PT [143 0 598 9 1]
 P 663851 21490 1115373 45743189
PT [143 0 599 9 1]
EMPTY QUEUE
 P 664474 21490 1118773 45818186
PT [143 0 600 9 1]
 P 664474 21490 1122163 45887549
PT [143 0 601 9 1]
 P 664474 21490 1125553 45959729
PT [143 0 602 9 1]
 P 665249 21490 1125556 46031909
PT [143 0 603 9 1]
 P 666491 21490 1125564 46104089
PT [143 0 604 9 1]
EMPTY QUEUE
 P 667083 21490 1128964 46177455
PT [143 0 605 9 1]
 P 667083 21490 1132354 46248449
PT [143 0 606 9 1]
 P 667083 21490 1135744 46320629
PT [143 0 607 9 1]
 P 669129 21490 1135747 46392809
PT [143 0 608 9 1]
 P 670889 21490 1135756 46464989
PT [143 0 609 9 1]
EMPTY QUEUE
 P 671384 21490 1139157 46538194
PT [143 0 610 9 1]
 P 671384 21490 1142547 46609349
PT [143 0 611 9 1]
 P 671384 21490 1145937 46681529
PT [143 0 612 9 1]
 P 673085 21490 1145940 46753709
PT [143 0 613 9 1]
 P 675377 21490 1145948 46825889
PT [143 0 614 9 1]
EMPTY QUEUE
 P 676001 21490 1149348 46900695
PT [143 0 615 9 1]
 P 676001 21490 1152738 46970249
PT [143 0 616 9 1]
 P 676001 21490 1156128 47042429
PT [143 0 617 9 1]
 P 678558 21490 1156131 47114609
PT [143 0 618 9 1]
 P 680637 21490 1156139 47186789
PT [143 0 619 9 1]
EMPTY QUEUE
 P 681132 21490 1159539 47260378
PT [143 0 620 9 1]
 P 681132 21490 1162929 47331149
PT [143 0 621 9 1]
 P 681132 21490 1166319 47403329
PT [143 0 622 9 1]
 P 681943 21490 1166322 47475509
PT [143 0 623 9 1]
 P 683694 21490 1166330 47547689
PT [143 0 624 9 1]
EMPTY QUEUE
 P 684222 21490 1169730 47621759
PT [143 0 625 9 1]
 P 684222 21490 1173120 47692049
PT [143 0 626 9 1]
 P 684222 21490 1176510 47764229
PT [143 0 627 9 1]
 P 686526 21490 1176513 47836409
PT [143 0 628 9 1]
 P 687776 21490 1176521 47908589
PT [143 0 629 9 1]
EMPTY QUEUE
 P 688271 21490 1179921 47982562
PT [143 0 630 9 1]
 P 688271 21490 1183311 48052949
PT [143 0 631 9 1]
 P 688271 21490 1186701 48125129
PT [143 0 632 9 1]
 P 689434 21490 1186704 48197309
PT [143 0 633 9 1]
 P 691886 21490 1186713 48269489
PT [143 0 634 9 1]
EMPTY QUEUE
 P 692381 21490 1190113 48342886
PT [143 0 635 9 1]
 P 692381 21490 1193503 48413849
PT [143 0 636 9 1]
 P 692381 21490 1196893 48486029
PT [143 0 637 9 1]
 P 693318 21490 1196896 48558209
PT [143 0 638 9 1]
 P 695556 21490 1196904 48630389
PT [143 0 639 9 1]
EMPTY QUEUE
 P 696115 21490 1200304 48704810
PT [143 0 640 9 1]
 P 696115 21490 1203694 48774749
PT [143 0 641 9 1]
 P 696115 21490 1207084 48846929
PT [143 0 642 9 1]
 P 697662 21490 1207087 48919109
PT [143 0 643 9 1]
 P 700374 21490 1207095 48991289
PT [143 0 644 9 1]
EMPTY QUEUE
 P 703501 21490 1207113 49064783
PT [143 0 645 9 1]
 P 703501 21490 1210503 49135649
PT [143 0 646 9 1]
 P 703501 21490 1213893 49207829
PT [143 0 647 9 1]
 P 705935 21490 1213896 49280009
PT [143 0 648 9 1]
 P 705935 21490 1217286 49352189
PT [143 0 649 9 1]
EMPTY QUEUE
 P 708814 21490 1217305 49426386
PT [143 0 650 9 1]
 P 708814 21490 1220695 49496549
PT [143 0 651 9 1]
 P 708814 21490 1224085 49568729
PT [143 0 652 9 1]
 P 711222 21490 1224088 49640909
PT [143 0 653 9 1]
 P 711222 21490 1227478 49713089
PT [143 0 654 9 1]
EMPTY QUEUE
 P 713501 21490 1227496 49787479
PT [143 0 655 9 1]
 P 713501 21490 1230886 49857449
PT [143 0 656 9 1]
 P 713501 21490 1234276 49929629
PT [143 0 657 9 1]
 P 714281 21490 1234279 50001809
PT [143 0 658 9 1]
 P 714281 21490 1237669 50073989
PT [143 0 659 9 1]
EMPTY QUEUE
 P 716792 21490 1237686 50148155
PT [143 0 660 9 1]
 P 716792 21490 1241076 50218349
PT [143 0 661 9 1]
 P 716792 21490 1244466 50290529
PT [143 0 662 9 1]
 P 718820 21490 1244469 50362709
PT [143 0 663 9 1]
 P 718820 21490 1247859 50434889
PT [143 0 664 9 1]
EMPTY QUEUE
 P 720685 21490 1247877 50508224
PT [143 0 665 9 1]
 P 720685 21490 1251267 50579249
PT [143 0 666 9 1]
 P 720685 21490 1254657 50651429
PT [143 0 667 9 1]
 P 721499 21490 1254660 50723609
PT [143 0 668 9 1]
 P 721499 21490 1258050 50795789
PT [143 0 669 9 1]
EMPTY QUEUE
 P 724869 21490 1258067 50869859
PT [143 0 670 9 1]
 P 724869 21490 1261457 50940149
PT [143 0 671 9 1]
 P 724869 21490 1264847 51012329
PT [143 0 672 9 1]
 P 726038 21490 1264851 51084509
PT [143 0 673 9 1]
 P 726038 21490 1268242 51156689
PT [143 0 674 9 1]
EMPTY QUEUE
 P 728797 21490 1268259 51230951
PT [143 0 675 9 1]
 P 728797 21490 1271649 51301049
PT [143 0 676 9 1]
 P 728797 21490 1275039 51373229
PT [143 0 677 9 1]
 P 728797 21490 1278429 51445409
PT [143 0 678 9 1]
 P 731129 21490 1278432 51517589
PT [143 0 679 9 1]
EMPTY QUEUE
 P 733167 21490 1278449 51592170
PT [143 0 680 10 1]
 P 735743 21490 1278457 51661949
PT [143 0 681 10 1]
 P 735743 21490 1281847 51734129
PT [143 0 682 10 1]
 P 735743 21490 1285237 51806309
PT [143 0 683 10 1]
 P 737730 21490 1285240 51878489
PT [143 0 684 10 1]
EMPTY QUEUE
 P 738225 21490 1288641 51952399
PT [143 0 685 10 1]
 P 740676 21490 1288650 52022849
PT [143 0 686 10 1]
 P 740676 21490 1292040 52095029
PT [143 0 687 10 1]
 P 740676 21490 1295430 52167209
PT [143 0 688 10 1]
 P 742290 21490 1295433 52239389
PT [143 0 689 10 1]
EMPTY QUEUE
 P 742913 21490 1298834 52314387
PT [143 0 690 10 1]
 P 744640 21490 1298843 52383749
PT [143 0 691 10 1]
 P 744640 21490 1302233 52455929
PT [143 0 692 10 1]
 P 744640 21490 1305623 52528109
PT [143 0 693 10 1]
 P 744640 21490 1309013 52600289
PT [143 0 694 10 1]
 P 746915 21490 1309017 52672469
PT [143 0 695 10 1]
EMPTY QUEUE
 P 749385 21490 1309034 52746538
PT [143 0 696 10 1]
 P 749385 21490 1312424 52816829
PT [143 0 697 10 1]
 P 749385 21490 1315814 52889009
PT [143 0 698 10 1]
 P 749385 21490 1319204 52961189
PT [143 0 699 10 1]
 P 751447 21490 1319208 53033369
PT [143 0 700 10 1]
EMPTY QUEUE
 P 753289 21490 1319225 53106734
PT [143 0 701 10 1]
 P 753289 21490 1322615 53177729
PT [143 0 702 10 1]
 P 753289 21490 1326005 53249909
PT [143 0 703 10 1]
 P 753289 21490 1329395 53322089
PT [143 0 704 10 1]
 P 754847 21490 1329399 53394269
PT [143 0 705 10 1]
EMPTY QUEUE
 P 758272 21490 1329417 53468338
PT [143 0 706 10 1]
 P 758272 21490 1332807 53538629
PT [143 0 707 10 1]
 P 758272 21490 1336197 53610809
PT [143 0 708 10 1]
 P 758272 21490 1339587 53682989
PT [143 0 709 10 1]
 P 759666 21490 1339591 53755169
PT [143 0 710 10 1]
EMPTY QUEUE
 P 761810 21490 1339601 53828865
PT [143 0 711 10 1]
EMPTY QUEUE
 P 762401 21490 1343001 53901930
PT [143 0 712 10 1]
 P 762401 21490 1346391 53971709
PT [143 0 713 10 1]
 P 762401 21490 1349781 54043889
PT [143 0 714 10 1]
 P 764439 21490 1349784 54116069
PT [143 0 715 10 1]
 P 765999 21490 1349792 54188249
PT [143 0 716 10 1]
EMPTY QUEUE
 P 766494 21490 1353192 54262158
PT [143 0 717 10 1]
 P 766494 21490 1356582 54332609
PT [143 0 718 10 1]
 P 766494 21490 1359972 54404789
PT [143 0 719 10 1]
 P 767223 21490 1359975 54476969
PT [143 0 720 10 1]
 P 769587 21490 1359984 54549149
PT [143 0 721 10 1]
EMPTY QUEUE
 P 770210 21490 1363384 54624146
PT [143 0 722 10 1]
 P 770210 21490 1366774 54693509
PT [143 0 723 10 1]
 P 770210 21490 1370164 54765689
PT [143 0 724 10 1]
 P 771358 21490 1370167 54837869
PT [143 0 725 10 1]
 P 773682 21490 1370175 54910049
PT [143 0 726 10 1]
EMPTY QUEUE
 P 774177 21490 1373575 54983318
PT [143 0 727 10 1]
 P 774177 21490 1376965 55054409
PT [143 0 728 10 1]
 P 774177 21490 1380355 55126589
PT [143 0 729 10 1]
 P 776817 21490 1380358 55198769
PT [143 0 730 10 1]
 P 779213 21490 1380367 55270949
PT [143 0 731 10 1]
EMPTY QUEUE
 P 779740 21490 1383767 55344186
PT [143 0 732 10 1]
 P 779740 21490 1387157 55415309
PT [143 0 733 10 1]
 P 779740 21490 1390547 55487489
PT [143 0 734 10 1]
 P 780761 21490 1390551 55559669
PT [143 0 735 10 1]
 P 782448 21490 1390559 55631849
PT [143 0 736 10 1]
EMPTY QUEUE
 P 782943 21490 1393959 55706526
PT [143 0 737 10 1]
 P 782943 21490 1397350 55776209
PT [143 0 738 10 1]
 P 782943 21490 1400740 55848389
PT [143 0 739 10 1]
 P 784534 21490 1400743 55920569
PT [143 0 740 10 1]
 P 785720 21490 1400751 55992749
PT [143 0 741 10 1]
EMPTY QUEUE
 P 786216 21490 1404150 56066339
PT [143 0 742 10 1]
 P 786216 21490 1407540 56137109
PT [143 0 743 10 1]
 P 786216 21490 1410930 56209289
PT [143 0 744 10 1]
 P 787399 21490 1410933 56281469
PT [143 0 745 10 1]
 P 789213 21490 1410942 56353649
PT [143 0 746 10 1]
EMPTY QUEUE
 P 789772 21490 1414342 56427750
PT [143 0 747 10 1]
 P 789772 21490 1417732 56498009
PT [143 0 748 10 1]
 P 789772 21490 1421122 56570189
PT [143 0 749 10 1]
 P 791588 21490 1421125 56642369
PT [143 0 750 10 1]
 P 793825 21490 1421133 56714549
PT [143 0 751 10 1]
EMPTY QUEUE
 P 794320 21490 1424533 56788522
PT [143 0 752 10 1]
 P 794320 21490 1427923 56858909
PT [143 0 753 10 1]
 P 794320 21490 1431313 56931089
PT [143 0 754 10 1]
 P 795122 21490 1431316 57003269
PT [143 0 755 10 1]
 P 797255 21490 1431324 57075449
PT [143 0 756 10 1]
EMPTY QUEUE
 P 797750 21490 1434724 57148846
PT [143 0 757 10 1]
 P 797750 21490 1438114 57219809
PT [143 0 758 10 1]
 P 797750 21490 1441504 57291989
PT [143 0 759 10 1]
 P 799821 21490 1441508 57364169
PT [143 0 760 10 1]
 P 801517 21490 1441516 57436349
PT [143 0 761 10 1]
EMPTY QUEUE
 P 802108 21490 1444916 57510802
PT [143 0 762 10 1]
 P 802108 21490 1448306 57580709
PT [143 0 763 10 1]
 P 802108 21490 1451696 57652889
PT [143 0 764 10 1]
 P 803835 21490 1451699 57725069
PT [143 0 765 10 1]
 P 805140 21490 1451707 57797249
PT [143 0 766 10 1]
EMPTY QUEUE
 P 805764 21490 1455106 57872182
PT [143 0 767 10 1]
 P 805764 21490 1458496 57941609
PT [143 0 768 10 1]
 P 805764 21490 1461886 58013789
PT [143 0 769 10 1]
 P 808348 21490 1461889 58085969
PT [143 0 770 10 1]
 P 810744 21490 1461898 58158149
PT [143 0 771 10 1]
EMPTY QUEUE
 P 811368 21490 1465297 58233018
PT [143 0 772 10 1]
 P 811368 21490 1468687 58302509
PT [143 0 773 10 1]
 P 811368 21490 1472077 58374689
PT [143 0 774 10 1]
 P 812206 21490 1472080 58446869
PT [143 0 775 10 1]
 P 814498 21490 1472089 58519049
PT [143 0 776 10 1]
EMPTY QUEUE
 P 815058 21490 1475488 58593279
PT [143 0 777 10 1]
 P 815058 21490 1478878 58663409
PT [143 0 778 10 1]
 P 815058 21490 1482268 58735589
PT [143 0 779 10 1]
 P 817388 21490 1482271 58807769
PT [143 0 780 10 1]
 P 820103 21490 1482279 58879949
PT [143 0 781 10 1]
EMPTY QUEUE
 P 820631 21490 1485678 58953059
PT [143 0 782 10 1]
 P 820631 21490 1489068 59024309
PT [143 0 783 10 1]
 P 820631 21490 1492458 59096489
PT [143 0 784 10 1]
 P 821820 21490 1492461 59168669
PT [143 0 785 10 1]
 P 823794 21490 1492469 59240849
PT [143 0 786 10 1]
EMPTY QUEUE
 P 824322 21490 1495868 59314407
PT [143 0 787 10 1]
 P 824322 21490 1499258 59385209
PT [143 0 788 10 1]
 P 824322 21490 1502648 59457389
PT [143 0 789 10 1]
 P 825285 21490 1502652 59529569
PT [143 0 790 10 1]
 P 826216 21490 1502661 59601749
PT [143 0 791 10 1]
EMPTY QUEUE
 P 826840 21490 1506060 59675339
PT [143 0 792 10 1]
 P 826840 21490 1509450 59746109
PT [143 0 793 10 1]
 P 826840 21490 1512840 59818289
PT [143 0 794 10 1]
 P 828414 21490 1512843 59890469
PT [143 0 795 10 1]
 P 830993 21490 1512851 59962649
PT [143 0 796 10 1]
EMPTY QUEUE
 P 831584 21490 1516250 60037678
PT [143 0 797 11 1]
 P 831584 21490 1519640 60107009
PT [143 0 798 11 1]
 P 831584 21490 1523030 60179189
PT [143 0 799 11 1]
 P 834045 21490 1523033 60251369
PT [143 0 800 11 1]
 P 834882 21490 1523041 60323549
PT [143 0 801 11 1]
EMPTY QUEUE
 P 835507 21490 1526441 60397524
PT [143 0 802 11 1]
 P 835507 21490 1529831 60467909
PT [143 0 803 11 1]
 P 835507 21490 1533221 60540089
PT [143 0 804 11 1]
 P 837942 21490 1533224 60612269
PT [143 0 805 11 1]
 P 840647 21490 1533233 60684449
PT [143 0 806 11 1]
EMPTY QUEUE
 P 841270 21490 1536632 60758870
PT [143 0 807 11 1]
 P 841270 21490 1540022 60828809
PT [143 0 808 11 1]
 P 841270 21490 1543412 60900989
PT [143 0 809 11 1]
 P 842078 21490 1543415 60973169
PT [143 0 810 11 1]
 P 844601 21490 1543423 61045349
PT [143 0 811 11 1]
EMPTY QUEUE
 P 845194 21490 1546822 61119676
PT [143 0 812 11 1]
 P 845194 21490 1550212 61189709
PT [143 0 813 11 1]
 P 845194 21490 1553602 61261889
PT [143 0 814 11 1]
 P 847250 21490 1553605 61334069
PT [143 0 815 11 1]
 P 850053 21490 1553614 61406249
PT [143 0 816 11 1]
EMPTY QUEUE
 P 850644 21490 1557013 61479998
PT [143 0 817 11 1]
 P 850644 21490 1560403 61550609
PT [143 0 818 11 1]
 P 850644 21490 1563793 61622789
PT [143 0 819 11 1]
 P 850644 21490 1567183 61694969
PT [143 0 820 11 1]
 P 851545 21490 1567191 61767149
PT [143 0 821 11 1]
 P 853889 21490 1567194 61839329
PT [143 0 822 11 1]
EMPTY QUEUE
 P 854481 21490 1570594 61914039
PT [143 0 823 11 1]
 P 854481 21490 1573984 61983689
PT [143 0 824 11 1]
 P 854481 21490 1577374 62055869
PT [143 0 825 11 1]
 P 856773 21490 1577383 62128049
PT [143 0 826 11 1]
 P 858772 21490 1577387 62200229
PT [143 0 827 11 1]
EMPTY QUEUE
 P 859299 21490 1580787 62273274
PT [143 0 828 11 1]
 P 859299 21490 1584177 62344589
PT [143 0 829 11 1]
 P 859299 21490 1587567 62416769
PT [143 0 830 11 1]
 P 861186 21490 1587575 62488949
PT [143 0 831 11 1]
 P 862826 21490 1587578 62561129
PT [143 0 832 11 1]
EMPTY QUEUE
 P 863418 21490 1590978 62636223
PT [143 0 833 11 1]
 P 863418 21490 1594368 62705489
PT [143 0 834 11 1]
 P 863418 21490 1597758 62777669
PT [143 0 835 11 1]
 P 864406 21490 1597766 62849849
PT [143 0 836 11 1]
 P 865763 21490 1597770 62922029
PT [143 0 837 11 1]
EMPTY QUEUE
 P 866354 21490 1601170 62996546
PT [143 0 838 11 1]
 P 866354 21490 1604560 63066389
PT [143 0 839 11 1]
 P 866354 21490 1607950 63138569
PT [143 0 840 11 1]
 P 867126 21490 1607959 63210749
PT [143 0 841 11 1]
 P 869244 21490 1607962 63282929
PT [143 0 842 11 1]
EMPTY QUEUE
 P 869772 21490 1611362 63356295
PT [143 0 843 11 1]
 P 869772 21490 1614752 63427289
PT [143 0 844 11 1]
 P 869772 21490 1618142 63499469
PT [143 0 845 11 1]
 P 872064 21490 1618151 63571649
PT [143 0 846 11 1]
 P 872754 21490 1618155 63643829
PT [143 0 847 11 1]
EMPTY QUEUE
 P 873377 21490 1621555 63717738
PT [143 0 848 11 1]
 P 873377 21490 1624945 63788189
PT [143 0 849 11 1]
 P 873377 21490 1628335 63860369
PT [143 0 850 11 1]
 P 875805 21490 1628344 63932549
PT [143 0 851 11 1]
 P 877033 21490 1628347 64004729
PT [143 0 852 11 1]
EMPTY QUEUE
 P 877592 21490 1631747 64078510
PT [143 0 853 11 1]
 P 877592 21490 1635137 64149089
PT [143 0 854 11 1]
 P 877592 21490 1638527 64221269
PT [143 0 855 11 1]
 P 879725 21490 1638536 64293449
PT [143 0 856 11 1]
 P 882328 21490 1638540 64365629
PT [143 0 857 11 1]
EMPTY QUEUE
 P 882823 21490 1641940 64438770
PT [143 0 858 11 1]
 P 882823 21490 1645330 64509989
PT [143 0 859 11 1]
 P 882823 21490 1648720 64582169
PT [143 0 860 11 1]
 P 883595 21490 1648730 64654349
PT [143 0 861 11 1]
 P 884699 21490 1648733 64726529
PT [143 0 862 11 1]
EMPTY QUEUE
 P 885194 21490 1652133 64800630
PT [143 0 863 11 1]
 P 885194 21490 1655523 64870889
PT [143 0 864 11 1]
 P 885194 21490 1658913 64943069
PT [143 0 865 11 1]
 P 887359 21490 1658921 65015249
PT [143 0 866 11 1]
 P 888915 21490 1658925 65087429
PT [143 0 867 11 1]
EMPTY QUEUE
 P 889410 21490 1662325 65161978
PT [143 0 868 11 1]
 P 889410 21490 1665715 65231789
PT [143 0 869 11 1]
 P 889410 21490 1669105 65303969
PT [143 0 870 11 1]
 P 891042 21490 1669114 65376149
PT [143 0 871 11 1]
 P 892306 21490 1669117 65448329
PT [143 0 872 11 1]
EMPTY QUEUE
 P 892801 21490 1672517 65522814
PT [143 0 873 11 1]
 P 892801 21490 1675907 65592689
PT [143 0 874 11 1]
 P 892801 21490 1679297 65664869
PT [143 0 875 11 1]
 P 893819 21490 1679306 65737049
PT [143 0 876 11 1]
 P 895598 21490 1679309 65809229
PT [143 0 877 11 1]
EMPTY QUEUE
 P 896093 21490 1682709 65883138
PT [143 0 878 11 1]
 P 896093 21490 1686099 65953589
PT [143 0 879 11 1]
 P 896093 21490 1689489 66025769
PT [143 0 880 11 1]
 P 897121 21490 1689498 66097949
PT [143 0 881 11 1]
 P 898005 21490 1689501 66170129
PT [143 0 882 11 1]
EMPTY QUEUE
 P 898532 21490 1692901 66245030
PT [143 0 883 11 1]
 P 898532 21490 1696291 66314489
PT [143 0 884 11 1]
 P 898532 21490 1699681 66386669
PT [143 0 885 11 1]
 P 900823 21490 1699690 66458849
PT [143 0 886 11 1]
 P 902859 21490 1699693 66531029
PT [143 0 887 11 1]
EMPTY QUEUE
 P 903450 21490 1703093 66604394
PT [143 0 888 11 1]
 P 903450 21490 1706483 66675389
PT [143 0 889 11 1]
 P 903450 21490 1709873 66747569
PT [143 0 890 11 1]
 P 905400 21490 1709881 66819749
PT [143 0 891 11 1]
 P 907209 21490 1709884 66891929
PT [143 0 892 11 1]
EMPTY QUEUE
 P 907278 21490 1715846 66967271
PT [143 0 893 11 1]
EMPTY QUEUE
 P 907901 21490 1719246 67038722
PT [143 0 894 11 1]
 P 907901 21490 1722636 67108469
PT [143 0 895 11 1]
 P 909205 21490 1722644 67180649
PT [143 0 896 11 1]
 P 911752 21490 1722647 67252829
PT [143 0 897 11 1]
 P 911752 21490 1726037 67325009
PT [143 0 898 11 1]
EMPTY QUEUE
 P 912344 21490 1729436 67399014
PT [143 0 899 11 1]
 P 912344 21490 1732826 67469369
PT [143 0 900 11 1]
 P 913338 21490 1732836 67541549
PT [143 0 901 11 1]
 P 914257 21490 1732839 67613729
PT [143 0 902 11 1]
 P 914257 21490 1736229 67685909
PT [143 0 903 11 1]
EMPTY QUEUE
 P 914753 21490 1739628 67760779
PT [143 0 904 11 1]
 P 914753 21490 1743018 67830269
PT [143 0 905 11 1]
 P 915612 21490 1743027 67902449
PT [143 0 906 11 1]
 P 917907 21490 1743031 67974629
PT [143 0 907 11 1]
 P 917907 21490 1746421 68046809
PT [143 0 908 11 1]
EMPTY QUEUE
 P 918531 21490 1749820 68120207
PT [143 0 909 11 1]
 P 918531 21490 1753210 68191169
PT [143 0 910 11 1]
 P 919527 21490 1753218 68263349
PT [143 0 911 11 1]
 P 920798 21490 1753222 68335529
PT [143 0 912 11 1]
 P 920798 21490 1756612 68407709
PT [143 0 913 11 1]
EMPTY QUEUE
 P 921294 21490 1760011 68480915
PT [143 0 914 12 1]
 P 921294 21490 1763401 68552069
PT [143 0 915 12 1]
 P 923650 21490 1763410 68624249
PT [143 0 916 12 1]
 P 924576 21490 1763414 68696429
PT [143 0 917 12 1]
 P 924576 21490 1766804 68768609
PT [143 0 918 12 1]
EMPTY QUEUE
 P 924642 21490 1770196 68842849
PT [143 0 919 12 1]
EMPTY QUEUE
 P 924711 21490 1776158 68917411
PT [143 0 920 12 1]
EMPTY QUEUE
 P 926205 21490 1776175 68986496
PT [143 0 921 12 1]
 P 927860 21490 1776179 69057329
PT [143 0 922 12 1]
 P 930425 21490 1776187 69129509
PT [143 0 923 12 1]
 P 930425 21490 1779577 69201689
PT [143 0 924 12 1]
 P 930425 21490 1782967 69273869
PT [143 0 925 12 1]
EMPTY QUEUE
 P 930920 21490 1786366 69348066
PT [143 0 926 12 1]
 P 933345 21490 1786370 69418229
PT [143 0 927 12 1]
 P 935797 21490 1786378 69490409
PT [143 0 928 12 1]
 P 935797 21490 1789768 69562589
PT [143 0 929 12 1]
 P 935797 21490 1793159 69634769
PT [143 0 930 12 1]
EMPTY QUEUE
 P 936294 21490 1796558 69709160
PT [143 0 931 12 1]
 P 938810 21490 1796561 69779129
PT [143 0 932 12 1]
 P 940538 21490 1796569 69851309
PT [143 0 933 12 1]
 P 940538 21490 1799959 69923489
PT [143 0 934 12 1]
 P 940538 21490 1803349 69995669
PT [143 0 935 12 1]
EMPTY QUEUE
 P 941097 21490 1806748 70069802
PT [143 0 936 12 1]
 P 941867 21490 1806751 70140029
PT [143 0 937 12 1]
 P 943841 21490 1806759 70212209
PT [143 0 938 12 1]
 P 943841 21490 1810149 70284389
PT [143 0 939 12 1]
 P 943841 21490 1813539 70356569
PT [143 0 940 12 1]
EMPTY QUEUE
 P 943910 21490 1819501 70431943
PT [143 0 941 12 1]
 P 946047 21490 1819504 70500929
PT [143 0 942 12 1]
EMPTY QUEUE
 P 947857 21490 1819522 70574519
PT [143 0 943 12 1]
 P 947857 21490 1822912 70645289
PT [143 0 944 12 1]
 P 947857 21490 1826302 70717469
PT [143 0 945 12 1]
 P 947857 21490 1829692 70789649
PT [143 0 946 12 1]
 P 947857 21490 1833082 70861829
PT [143 0 947 12 1]
 P 950178 21490 1833085 70934009
PT [143 0 948 12 1]
EMPTY QUEUE
 P 953400 21490 1833103 71008302
PT [143 0 949 12 1]
 P 953400 21490 1836493 71078369
PT [143 0 950 12 1]
 P 953400 21490 1839883 71150549
PT [143 0 951 12 1]
 P 953400 21490 1843273 71222729
PT [143 0 952 12 1]
 P 955508 21490 1843276 71294909
PT [143 0 953 12 1]
EMPTY QUEUE
 P 958485 21490 1843294 71369395
PT [143 0 954 12 1]
 P 958485 21490 1846684 71439269
PT [143 0 955 12 1]
 P 958485 21490 1850074 71511449
PT [143 0 956 12 1]
 P 958485 21490 1853464 71583629
PT [143 0 957 12 1]
 P 960089 21490 1853467 71655809
PT [143 0 958 12 1]
EMPTY QUEUE
 P 962496 21490 1853485 71730006
PT [143 0 959 12 1]
 P 962496 21490 1856875 71800169
PT [143 0 960 12 1]
 P 962496 21490 1860265 71872349
PT [143 0 961 12 1]
 P 962496 21490 1863655 71944529
PT [143 0 962 12 1]
 P 963935 21490 1863658 72016709
PT [143 0 963 12 1]
EMPTY QUEUE
 P 966479 21490 1863676 72090075
PT [143 0 964 12 1]
 P 966479 21490 1867066 72161069
PT [143 0 965 12 1]
 P 966479 21490 1870456 72233249
PT [143 0 966 12 1]
 P 966479 21490 1873846 72305429
PT [143 0 967 12 1]
 P 968560 21490 1873849 72377609
PT [143 0 968 12 1]
EMPTY QUEUE
 P 970394 21490 1873867 72451615
PT [143 0 969 13 1]
 P 970394 21490 1877257 72521969
PT [143 0 970 13 1]
 P 970394 21490 1880647 72594149
PT [143 0 971 13 1]
 P 970394 21490 1884037 72666329
PT [143 0 972 13 1]
 P 971167 21490 1884040 72738509
PT [143 0 973 13 1]
EMPTY QUEUE
 P 974443 21490 1884058 72812675
PT [143 0 974 12 1]
 P 974443 21490 1887448 72882869
PT [143 0 975 12 1]
 P 974443 21490 1890838 72955049
PT [143 0 976 12 1]
 P 974443 21490 1894228 73027229
PT [143 0 977 12 1]
 P 975634 21490 1894231 73099409
PT [143 0 978 12 1]
EMPTY QUEUE
 P 978295 21490 1894249 73173254
PT [143 0 979 12 1]
 P 978295 21490 1897639 73243769
PT [143 0 980 12 1]
 P 978295 21490 1901029 73315949
PT [143 0 981 12 1]
 P 978295 21490 1904419 73388129
PT [143 0 982 12 1]
 P 980981 21490 1904422 73460309
PT [143 0 983 12 1]
EMPTY QUEUE
 P 983110 21490 1904440 73535466
PT [143 0 984 12 1]
 P 983110 21490 1907830 73604669
PT [143 0 985 12 1]
 P 983110 21490 1911220 73676849
PT [143 0 986 12 1]
 P 983110 21490 1914610 73749029
PT [143 0 987 12 1]
 P 984176 21490 1914613 73821209
PT [143 0 988 12 1]
EMPTY QUEUE
 P 987187 21490 1914631 73894990
PT [143 0 989 12 1]
 P 987187 21490 1918021 73965569
PT [143 0 990 12 1]
 P 987187 21490 1921411 74037749
PT [143 0 991 12 1]
 P 987187 21490 1924801 74109929
PT [143 0 992 12 1]
 P 988822 21490 1924805 74182109
PT [143 0 993 12 1]
EMPTY QUEUE
 P 991714 21490 1924823 74256114
PT [143 0 994 12 1]
 P 991714 21490 1928213 74326469
PT [143 0 995 12 1]
 P 991714 21490 1931603 74398649
PT [143 0 996 12 1]
 P 991714 21490 1934993 74470829
PT [143 0 997 12 1]
 P 992941 21490 1934996 74543009
PT [143 0 998 12 1]
EMPTY QUEUE
 P 996017 21490 1935014 74616694
PT [143 0 999 12 1]
 P 996017 21490 1938404 74687369
PT [143 0 1000 12 1]
 P 996017 21490 1941794 74759549
PT [143 0 1001 12 1]
 P 996017 21490 1945184 74831729
PT [143 0 1002 12 1]
 P 997877 21490 1945188 74903909
PT [143 0 1003 12 1]
EMPTY QUEUE
 P 1000101 21490 1945206 74978778
PT [143 0 1004 12 1]
 P 1000101 21490 1948596 75048269
PT [143 0 1005 12 1]
 P 1000101 21490 1951986 75120451
PT [143 0 1006 12 1]
 P 1000101 21490 1955376 75192633
PT [143 0 1007 12 1]
 P 1000942 21490 1955379 75264815
PT [143 0 1008 12 1]
EMPTY QUEUE
 P 1002767 21490 1955397 75338341
PT [143 0 1009 5 1]
 P 1002767 21490 1958787 75409176
PT [143 0 1010 5 1]
 P 1002767 21490 1962177 75481356
PT [143 0 1011 5 1]
 P 1002767 21490 1965567 75553536
PT [143 0 1012 5 1]
 P 1004877 21490 1965570 75625716
PT [143 0 1013 5 1]
EMPTY QUEUE
 P 1007157 21490 1965588 75699370
PT [143 0 1014 5 1]
 P 1007157 21490 1968978 75770076
PT [143 0 1015 5 1]
 P 1007157 21490 1972368 75842256
PT [143 0 1016 5 1]
 P 1007157 21490 1975758 75914436
PT [143 0 1017 5 1]
 P 1008922 21490 1975761 75986616
PT [143 0 1018 5 1]
EMPTY QUEUE
 P 1011838 21490 1975778 76060046
PT [143 0 1019 5 1]
 P 1011838 21490 1979168 76130976
PT [143 0 1020 5 1]
 P 1011838 21490 1982558 76203156
PT [143 0 1021 5 1]
 P 1011838 21490 1985948 76275336
PT [143 0 1022 5 1]
 P 1014460 21490 1985951 76347516
PT [143 0 1023 5 1]
EMPTY QUEUE
 P 1017098 21490 1985968 76422098
PT [143 0 1024 5 1]
 P 1017098 21490 1989358 76491876
PT [143 0 1025 5 1]
 P 1017098 21490 1992748 76564056
PT [143 0 1026 5 1]
 P 1017098 21490 1996138 76636236
PT [143 0 1027 5 1]
 P 1017973 21490 1996141 76708416
PT [143 0 1028 5 1]
EMPTY QUEUE
 P 1020284 21490 1996158 76781654
PT [143 0 1029 5 1]
 P 1020284 21490 1999548 76852776
PT [143 0 1030 5 1]
 P 1020284 21490 2002938 76924956
PT [143 0 1031 5 1]
 P 1020284 21490 2006328 76997136
PT [143 0 1032 5 1]
 P 1022653 21490 2006331 77069316
PT [143 0 1033 5 1]
EMPTY QUEUE
 P 1024527 21490 2006348 77142810
PT [143 0 1034 7 1]
 P 1024527 21490 2009738 77213676
PT [143 0 1035 7 1]
 P 1024527 21490 2013128 77285856
PT [143 0 1036 7 1]
 P 1024527 21490 2016518 77358036
PT [143 0 1037 7 1]
 P 1025754 21490 2016522 77430216
PT [143 0 1038 7 1]
EMPTY QUEUE
 P 1028796 21490 2016540 77503357
PT [143 0 1039 6 1]
 P 1028796 21490 2019930 77574576
PT [143 0 1040 6 1]
 P 1028796 21490 2023320 77646756
PT [143 0 1041 6 1]
 P 1028796 21490 2026710 77718936
PT [143 0 1042 6 1]
 P 1029797 21490 2026713 77791116
PT [143 0 1043 6 1]
EMPTY QUEUE
 P 1032103 21490 2029293 77867514
PT [143 0 1044 6 1]
EMPTY QUEUE
 P 1032694 21490 2032692 77937877
PT [143 0 1045 6 1]
 P 1032694 21490 2036082 78007656
PT [143 0 1046 6 1]
 P 1032694 21490 2039472 78079836
PT [143 0 1047 6 1]
 P 1034306 21490 2039475 78152016
PT [143 0 1048 6 1]
 P 1037019 21490 2039484 78224196
PT [143 0 1049 6 1]
EMPTY QUEUE
 P 1040274 21490 2039501 78297818
PT [143 0 1050 6 1]
 P 1040274 21490 2042891 78368556
PT [143 0 1051 6 1]
 P 1040274 21490 2046281 78440736
PT [143 0 1052 6 1]
 P 1042775 21490 2046284 78512916
PT [143 0 1053 6 1]
 P 1042775 21490 2049674 78585096
PT [143 0 1054 6 1]
