using saved target 'z1'
../../../../contiki/tools/sky/serialdump-linux -b115200 /dev/ttyUSB1
connecting to /dev/ttyUSB1 (115200) [OK]
Rime started with address 2.0
MAC 02:00:00:00:00:00:00:00 Ref ID: 4841
Contiki-3.x-2125-g5d67a61 started. Node id is set to 2.

************************************************
RTIMER_SECOND = 32768. F_CPU=8000000.
CLOCK_SECOND=128.
DURSLOT = 6015.(0.1835 s).
DURSLEEP = 114285.
DURCYCLE = 120300 .(3.6712 s).
MAX_CLOCK_DRIFT = WAKEUP_ADVANCE_TIME = 327 (0.0033 s).
PERIODIC_BCAST_CYCLES_SENSOR = 917507.
PERIODIC_BCAST_CYCLES_SINK = 917507.
MAX_CYCLE_COUNTER = 27904.
MAX_COUNT_NO_RTS_CTS = 65535.
MAX_CHILD_NUM = 10.
MAX_TRY_TO_FIND_PARENT = 3.

**********Below is Related Settings**********
PRIMAC_CONF_COMPOWER = 1.
PRIMAC_CONF_COMPOWER_SUPPORT = 1.
SF = 18.
PRI_SYNC_SUPPORT = 1.
RANDOM_DRIFT_IN_COOJA_SUPPORT = 0.
ADCSC_SUPPORT = 1.
DATA_TX_SUPPORT = 1.
CYCLES_PER_PACKET = 3.
DATA_INTERVAL = 3.
RETX_LIMIT = 6.
TOTAL_DATA_NUM = 50.
MAX_DATA_QUEUE_BUFS = 10.
PROC_GRADE_BASED_ON_ADDR_SUPPORT = 1.
NODES_NUM_PER_GRADE = 2.
ADDRESS_FREE_SUPPORT = 0.
IS_COOJA_SIM = 0.
CROSS_PLATFORM_SUPPORT = 1.
************************************************

My address is 2.0.
nullmac PRIMAC, channel check rate 8 Hz, radio channel 26
Starting
Hello, world
 P 0 0 0 1971872
 P 0 0 3390 2092172
 P 0 0 6780 2212472
 P 0 0 10232 2333611
 P 0 0 13622 2453072
 P 0 0 17012 2573372
 P 0 0 20402 2693672
 P 0 0 23792 2813972
EMPTY QUEUE
 P 69 0 29754 2939162
EMPTY QUEUE
 P 138 0 35716 3058150
EMPTY QUEUE
 P 2830 0 36786 3176180
PT [1 0 1 -4 2]
 P 3656 0 39350 3295172
PT [1 0 2 -4 2]
 P 3656 0 42740 3415472
PT [1 0 3 -4 2]
 P 3656 0 46130 3535772
PT [1 0 4 -4 2]
 P 3656 0 49520 3656072
PT [1 0 5 -4 2]
rcv bro rts
EMPTY QUEUE
 P 6328 0 49569 3777330
PT [1 0 6 -4 2]
 P 8378 0 49573 3896672
PT [1 0 7 -4 2]
 P 8378 0 52963 4016972
PT [1 0 8 -4 2]
 P 8378 0 56353 4137272
PT [1 0 9 -4 2]
 P 8378 0 59743 4257572
PT [1 0 10 -4 2]
EMPTY QUEUE
 P 10056 0 59761 4380045
PT [1 0 11 -5 2]
 P 11500 0 59764 4498172
PT [1 0 12 -5 2]
 P 11500 0 63154 4618472
PT [1 0 13 -5 2]
 P 11500 0 66544 4738772
PT [1 0 14 -5 2]
 P 11500 0 69934 4859072
PT [1 0 15 -5 2]
EMPTY QUEUE
 P 11831 0 73333 4981960
PT [1 0 16 -6 2]
 P 13881 0 73342 5099672
PT [1 0 17 -6 2]
 P 15519 0 73345 5219972
PT [1 0 18 -6 2]
 P 15519 0 76735 5340272
PT [1 0 19 -6 2]
 P 15519 0 80125 5460572
PT [1 0 20 -6 2]
EMPTY QUEUE
 P 15851 0 83524 5582373
PT [1 0 21 -7 2]
 P 16973 0 83533 5701172
PT [1 0 22 -7 2]
 P 17812 0 83536 5821472
PT [1 0 23 -7 2]
 P 17812 0 86926 5941772
PT [1 0 24 -7 2]
 P 17812 0 90316 6062072
PT [1 0 25 -7 2]
EMPTY QUEUE
 P 18144 0 93714 6184321
PT [1 0 26 -7 2]
 P 19202 0 93723 6302672
PT [1 0 27 -7 2]
 P 19202 0 97113 6422972
PT [1 0 28 -7 2]
 P 21261 0 97116 6543272
PT [1 0 29 -7 2]
 P 21261 0 100506 6663572
PT [1 0 30 -7 2]
EMPTY QUEUE
 P 21593 0 103904 6785757
PT [1 0 31 -8 2]
 P 24123 0 103913 6904172
PT [1 0 32 -8 2]
 P 24123 0 107303 7024472
PT [1 0 33 -8 2]
 P 26887 0 107307 7144772
PT [1 0 34 -8 2]
 P 26887 0 110697 7265072
PT [1 0 35 -8 2]
EMPTY QUEUE
 P 27218 0 114096 7386680
PT [1 0 36 -9 2]
 P 29204 0 114105 7505672
PT [1 0 37 -9 2]
 P 29204 0 117495 7625972
PT [1 0 38 -9 2]
 P 30114 0 117498 7746272
PT [1 0 39 -9 2]
 P 30114 0 120888 7866572
PT [1 0 40 -9 2]
EMPTY QUEUE
 P 30445 0 124287 7989140
PT [1 0 41 -10 2]
 P 30445 0 127677 8107172
PT [1 0 42 -10 2]
 P 32271 0 127686 8227472
PT [1 0 43 -10 2]
 P 34910 0 127689 8347772
PT [1 0 44 -10 2]
 P 34910 0 131079 8468072
PT [1 0 45 -10 2]
EMPTY QUEUE
 P 35242 0 134477 8589040
PT [1 0 46 -11 2]
 P 35242 0 137867 8708672
PT [1 0 47 -11 2]
 P 36780 0 137876 8828972
PT [1 0 48 -11 2]
 P 39005 0 137879 8949272
PT [1 0 49 -11 2]
 P 41311 0 137888 9069572
PT [1 0 50 -11 2]
EMPTY QUEUE
 P 41643 0 141286 9191053
PT [1 0 51 -11 2]
 P 41643 0 144676 9310172
PT [1 0 52 -11 2]
 P 41643 0 148066 9430472
PT [1 0 53 -11 2]
 P 41643 0 151456 9550772
PT [1 0 54 -11 2]
 P 42782 0 151459 9671072
PT [1 0 55 -11 2]
EMPTY QUEUE
 P 45195 0 151470 9792322
PT [1 0 56 -11 2]
EMPTY QUEUE
 P 47834 0 151488 9912854
PT [1 0 57 -12 2]
 P 47834 0 154878 10031972
PT [1 0 58 -12 2]
 P 47834 0 158268 10152272
PT [1 0 59 -12 2]
 P 49422 0 158271 10272572
PT [1 0 60 -12 2]
 P 49422 0 161661 10392872
PT [1 0 61 -12 2]
EMPTY QUEUE
 P 52196 0 161680 10514449
PT [1 0 62 -13 2]
 P 54502 0 161689 10633472
PT [1 0 63 -13 2]
 P 54502 0 165079 10753772
PT [1 0 64 -13 2]
 P 56027 0 165084 10874072
PT [1 0 65 -13 2]
 P 56027 0 168474 10994372
PT [1 0 66 -13 2]
EMPTY QUEUE
 P 56358 0 171873 11115628
PT [1 0 67 -14 2]
 P 56358 0 175263 11234972
PT [1 0 68 -14 2]
 P 58312 0 175272 11355272
PT [1 0 69 -14 2]
 P 59487 0 175275 11475572
PT [1 0 70 -14 2]
 P 59487 0 178665 11595872
PT [1 0 71 -14 2]
EMPTY QUEUE
 P 59819 0 182063 11718345
PT [1 0 72 -14 2]
 P 59819 0 185453 11836472
PT [1 0 73 -14 2]
 P 62552 343 185473 11957842
PT [1 0 74 -15 2]
 P 64923 415 185488 12077072
PT [1 0 75 -15 2]
 P 66388 415 185491 12197372
PT [1 0 76 -15 2]
 P 69026 758 185510 12319863
PT [1 0 77 -15 2]
 P 73158 1046 185562 12437972
PT [1 0 78 -15 2]
 P 75233 1046 185565 12558272
PT [1 0 79 -15 2]
 P 77518 1389 185585 12681402
PT [1 0 80 -16 2]
 P 88627 2834 186887 12801382
PT [1 0 81 -16 2]
 P 97163 3935 186961 12919172
PT [1 0 82 -16 2]
 P 98822 3935 186964 13039472
PT [1 0 83 -16 2]
 P 100289 3935 186967 13159772
PT [1 0 84 -16 2]
 P 102716 3935 186971 13280072
PT [1 0 85 -16 2]
 P 105003 4279 186990 13403170
PT [1 0 86 -17 2]
 P 115270 5380 187072 13520672
PT [1 0 87 -16 2]
 P 117364 5452 187092 13643194
PT [1 0 88 -17 2]
 P 125502 5795 187152 13763687
PT [1 0 89 -17 2]
 P 134427 7167 187235 13881572
PT [1 0 90 -17 2]
 P 136426 7239 187256 14004736
PT [1 0 91 -17 2]
 P 145870 7853 187309 14122172
PT [1 0 92 -17 2]
 P 147612 7925 187329 14243830
PT [1 0 93 -18 2]
 P 159429 9098 187430 14363970
PT [1 0 94 -18 2]
Warning: data sending process fails.
 P 170159 10265 187636 14485230
PT [1 0 95 -18 2]
 P 178637 11367 187720 14603372
PT [1 0 96 -18 2]
 P 181500 11439 187739 14726279
PT [1 0 97 -18 2]
 P 191724 13154 187838 14846514
PT [1 0 98 -18 2]
 P 200481 14183 187909 14964272
PT [1 0 99 -18 2]
 P 202767 14255 187929 15085994
PT [1 0 100 -19 2]
Warning: data sending process fails.
 P 213434 15423 188132 15206998
PT [1 0 101 -19 2]
 P 222649 15766 188185 15325172
PT [1 0 102 -18 2]
 P 223751 15766 188196 15446262
PT [1 0 103 -18 2]
 P 232646 15838 188253 15568602
PT [1 0 104 -19 2]
 P 242537 16940 188333 15686072
PT [1 0 105 -19 2]
 P 244344 17012 188353 15808882
PT [1 0 106 -20 2]
 P 251363 18456 189656 15928350
PT [1 0 107 -20 2]
Warning: data sending process fails.
 P 261487 19895 189861 16049354
PT [1 0 108 -20 2]
 P 272014 20997 189947 16167272
PT [1 0 109 -20 2]
 P 275102 21069 189966 16290147
PT [1 0 110 -20 2]
 P 283767 21827 190044 16409070
PT [1 0 111 -20 2]
 P 294502 23000 190141 16530330
PT [1 0 112 -21 2]
 P 304554 24101 190223 16648472
PT [1 0 113 -21 2]
 P 306414 24101 190226 16768772
PT [1 0 114 -21 2]
 P 307574 24101 192807 16893738
PT [1 0 115 -21 2]
 P 317237 24173 192866 17012203
PT [1 0 116 -21 2]
 P 325646 25292 192975 17131414
PT [1 0 117 -21 2]
 P 335523 26376 193016 17249972
PT [1 0 118 -21 2]
 P 338164 26719 193035 17372688
PT [1 0 119 -20 2]
 P 348896 28435 193135 17493434
PT [1 0 120 -22 2]
 P 357655 29664 193198 17610872
PT [1 0 121 -22 2]
 P 359080 30007 193218 17732373
PT [1 0 122 -21 2]
 P 361256 30560 193250 17852895
PT [1 0 123 -22 2]
 P 368152 31479 193355 17971772
PT [1 0 124 -22 2]
 P 370150 31822 193374 18093622
PT [1 0 125 -23 2]
 P 372078 31822 193377 18212372
PT [1 0 126 -23 2]
 P 373947 32165 193397 18335182
PT [1 0 127 -23 2]
 P 381721 33322 193443 18454874
PT [1 0 128 -23 2]
 P 383948 33322 193449 18573272
PT [1 0 129 -23 2]
 P 384280 33394 196849 18695091
PT [1 0 130 -23 2]
 P 384944 33538 200259 18813872
PT [1 0 131 -23 2]
 P 384944 33538 203649 18934172
PT [1 0 132 -23 2]
 P 387229 33881 203668 19056886
PT [1 0 133 -24 2]
 P 388423 33881 203671 19174772
PT [1 0 134 -24 2]
 P 391092 34224 203690 19296142
PT [1 0 135 -24 2]
 P 393305 34495 203703 19415372
PT [1 0 136 -24 2]
Warning: data sending process fails.
 P 393637 34561 207207 19537031
PT [1 0 137 -24 2]
 P 396432 34561 207210 19655972
PT [1 0 138 -24 2]
 P 396501 34561 213172 19780522
PT [1 0 139 -24 2]
 P 396832 34633 216573 19898090
PT [1 0 140 -25 2]
 P 398882 34633 216581 20016872
PT [1 0 141 -25 2]
 P 398882 34633 219971 20137172
PT [1 0 142 -25 2]
 P 399823 34633 219974 20257472
PT [1 0 143 -25 2]
 P 399823 34633 223364 20377772
PT [1 0 144 -25 2]
EMPTY QUEUE
 P 400155 34633 226762 20499028
PT [1 0 145 -26 2]
 P 402397 34633 226770 20618372
PT [1 0 146 -26 2]
 P 402397 34633 230160 20738672
PT [1 0 147 -26 2]
 P 405067 34633 230163 20858972
PT [1 0 148 -26 2]
 P 405067 34633 233553 20979272
PT [1 0 149 -26 2]
EMPTY QUEUE
 P 405078 34633 236945 21101418
PT [1 0 150 -26 2]
EMPTY QUEUE
 P 406468 34633 236961 21221053
PT [1 0 151 -26 2]
 P 406468 34633 240351 21340172
PT [1 0 152 -26 2]
 P 408308 34633 240354 21460472
PT [1 0 153 -26 2]
 P 408308 34633 243744 21580772
PT [1 0 154 -26 2]
 P 408308 34633 247134 21701072
PT [1 0 155 -26 2]
EMPTY QUEUE
 P 408640 34633 250532 21822329
PT [1 0 156 -27 2]
 P 411170 34633 250540 21941672
PT [1 0 157 -27 2]
 P 412227 34633 250543 22061972
PT [1 0 158 -27 2]
 P 412227 34633 253933 22182272
PT [1 0 159 -27 2]
 P 412227 34633 257323 22302572
PT [1 0 160 -27 2]
EMPTY QUEUE
 P 412558 34633 260722 22425044
PT [1 0 161 -28 2]
 P 414000 34633 260730 22543172
PT [1 0 162 -28 2]
 P 415506 34633 260734 22663472
PT [1 0 163 -28 2]
 P 415506 34633 264124 22783772
PT [1 0 164 -28 2]
 P 415506 34633 267514 22904072
PT [1 0 165 -28 2]
EMPTY QUEUE
 P 415517 34633 270906 23024874
PT [1 0 166 -28 2]
EMPTY QUEUE
 P 415848 34633 274305 23145948
PT [1 0 167 -29 2]
 P 417324 34633 274308 23264972
PT [1 0 168 -29 2]
 P 418897 34633 274312 23385272
PT [1 0 169 -29 2]
 P 420851 34633 274320 23505572
PT [1 0 170 -29 2]
 P 420851 34633 277710 23625872
PT [1 0 171 -29 2]
EMPTY QUEUE
 P 421182 34633 281109 23747128
PT [1 0 172 -30 2]
 P 421182 34633 284499 23866472
PT [1 0 173 -30 2]
 P 423204 34633 284502 23986772
PT [1 0 174 -30 2]
 P 425606 34633 284510 24107072
PT [1 0 175 -30 2]
 P 425606 34633 287900 24227372
PT [1 0 176 -30 2]
EMPTY QUEUE
 P 425938 34633 291298 24349845
PT [1 0 177 -30 2]
 P 425938 34633 294688 24467972
PT [1 0 178 -30 2]
 P 427897 34633 294691 24588272
PT [1 0 179 -30 2]
 P 427897 34633 298081 24708572
PT [1 0 180 -30 2]
 P 429243 34633 298089 24828872
PT [1 0 181 -30 2]
EMPTY QUEUE
 P 429575 34633 301488 24950001
PT [1 0 182 -31 2]
 P 429575 34633 304878 25069472
PT [1 0 183 -31 2]
 P 430960 34633 304881 25189772
PT [1 0 184 -31 2]
 P 432057 34633 304884 25310072
PT [1 0 185 -31 2]
 P 434107 34633 304892 25430372
PT [1 0 186 -31 2]
EMPTY QUEUE
 P 434438 34633 308291 25551692
PT [1 0 187 -32 2]
 P 434438 34633 311681 25670972
PT [1 0 188 -32 2]
 P 434438 34633 315071 25791272
PT [1 0 189 -32 2]
 P 435216 34633 315075 25911572
PT [1 0 190 -32 2]
 P 437458 34633 315083 26031872
PT [1 0 191 -32 2]
EMPTY QUEUE
 P 437789 34633 318482 26152872
PT [1 0 192 -33 2]
 P 437789 34633 321872 26272472
PT [1 0 193 -33 2]
 P 437789 34633 325262 26392772
PT [1 0 194 -33 2]
 P 439785 34633 325265 26513072
PT [1 0 195 -33 2]
 P 441708 34633 325274 26633372
PT [1 0 196 -33 2]
EMPTY QUEUE
 P 442040 34633 328672 26755589
PT [1 0 197 -33 2]
 P 442040 34633 332062 26873972
PT [1 0 198 -33 2]
 P 442040 34633 335452 26994272
PT [1 0 199 -33 2]
 P 444743 34633 335455 27114572
PT [1 0 200 -33 2]
 P 445833 34633 335463 27234872
PT [1 0 201 -33 2]
EMPTY QUEUE
 P 446165 34633 338862 27357793
PT [1 0 202 -34 2]
 P 446165 34633 342252 27475472
PT [1 0 203 -34 2]
 P 446165 34633 345642 27595772
PT [1 0 204 -34 2]
 P 446917 34633 345645 27716072
PT [1 0 205 -34 2]
 P 448359 34633 345653 27836372
PT [1 0 206 -34 2]
EMPTY QUEUE
 P 448690 34633 349052 27957436
PT [1 0 207 -35 2]
 P 448690 34633 352442 28076972
PT [1 0 208 -35 2]
 P 448690 34633 355832 28197272
PT [1 0 209 -35 2]
 P 451426 34633 355836 28317572
PT [1 0 210 -35 2]
 P 451426 34633 359226 28437872
PT [1 0 211 -35 2]
EMPTY QUEUE
 P 453650 34633 359242 28560667
PT [1 0 212 -35 2]
 P 453650 34633 362632 28678472
PT [1 0 213 -35 2]
 P 453650 34633 366022 28798772
PT [1 0 214 -35 2]
 P 455812 34633 366025 28919072
PT [1 0 215 -35 2]
 P 455812 34633 369415 29039372
PT [1 0 216 -35 2]
EMPTY QUEUE
 P 456144 34633 372813 29162325
PT [1 0 217 -36 2]
 P 459026 34633 372821 29279972
PT [1 0 218 -36 2]
 P 459026 34633 376211 29400272
PT [1 0 219 -36 2]
 P 461669 34633 376215 29520572
PT [1 0 220 -36 2]
 P 461669 34633 379605 29640872
PT [1 0 221 -36 2]
EMPTY QUEUE
 P 462001 34633 383004 29763249
PT [1 0 222 -37 2]
 P 462001 34633 386394 29881472
PT [1 0 223 -37 2]
 P 464156 34633 386403 30001772
PT [1 0 224 -37 2]
 P 466110 34633 386411 30122072
PT [1 0 225 -37 2]
 P 467571 34633 386414 30242372
PT [1 0 226 -37 2]
EMPTY QUEUE
 P 467902 34633 389813 30363852
PT [1 0 227 -38 2]
 P 467902 34633 393203 30482972
PT [1 0 228 -38 2]
 P 467902 34633 396593 30603272
PT [1 0 229 -38 2]
 P 470304 34633 396601 30723572
PT [1 0 230 -38 2]
 P 472503 34633 396604 30843872
PT [1 0 231 -38 2]
EMPTY QUEUE
 P 472834 34633 400003 30965288
PT [1 0 232 -39 2]
 P 472834 34633 403393 31084472
PT [1 0 233 -39 2]
 P 472834 34633 406783 31204772
PT [1 0 234 -39 2]
 P 472834 34633 410173 31325072
PT [1 0 235 -39 2]
 P 475172 34633 410181 31445372
PT [1 0 236 -39 2]
 P 477244 34633 410185 31565672
PT [1 0 237 -39 2]
EMPTY QUEUE
 P 477576 34633 413583 31688560
PT [1 0 238 -40 2]
 P 477576 34633 416973 31806272
PT [1 0 239 -40 2]
 P 477576 34633 420363 31926572
PT [1 0 240 -40 2]
 P 479338 34633 420371 32046872
PT [1 0 241 -40 2]
 P 479338 34633 423761 32167172
PT [1 0 242 -40 2]
 P 480580 34633 423764 32287472
PT [1 0 243 -40 2]
EMPTY QUEUE
 P 480912 34633 427162 32409273
PT [1 0 244 -40 2]
 P 480912 34633 430552 32528072
PT [1 0 245 -40 2]
 P 483634 34633 430560 32648372
PT [1 0 246 -40 2]
 P 483634 34633 433950 32768672
PT [1 0 247 -40 2]
 P 485582 34633 433953 32888972
PT [1 0 248 -40 2]
EMPTY QUEUE
 P 485916 34633 437352 33011223
PT [1 0 249 -41 2]
 P 485916 34633 440742 33129572
PT [1 0 250 -41 2]
 P 487038 34633 440750 33249872
PT [1 0 251 -41 2]
 P 487038 34633 444140 33370172
PT [1 0 252 -41 2]
 P 489179 34633 444143 33490472
PT [1 0 253 -41 2]
EMPTY QUEUE
 P 489510 34633 447542 33612656
PT [1 0 254 -42 2]
 P 489510 34633 450932 33731072
PT [1 0 255 -42 2]
 P 490568 34633 450941 33851372
PT [1 0 256 -42 2]
 P 490568 34633 454331 33971672
PT [1 0 257 -42 2]
 P 491527 34633 454334 34091972
PT [1 0 258 -42 2]
EMPTY QUEUE
 P 491858 34633 457733 34213580
PT [1 0 259 -43 2]
 P 491858 34633 461123 34332572
PT [1 0 260 -43 2]
 P 491858 34633 464513 34452872
PT [1 0 261 -43 2]
 P 493652 34633 464521 34573172
PT [1 0 262 -43 2]
 P 495348 34633 464524 34693472
PT [1 0 263 -43 2]
EMPTY QUEUE
 P 495680 34633 467922 34816041
PT [1 0 264 -43 2]
 P 495680 34633 471312 34934072
PT [1 0 265 -43 2]
 P 495680 34633 474702 35054372
PT [1 0 266 -43 2]
 P 495680 34633 478092 35174672
PT [1 0 267 -43 2]
 P 497611 34633 478100 35294972
PT [1 0 268 -43 2]
 P 499405 34633 478103 35415272
PT [1 0 269 -43 2]
EMPTY QUEUE
 P 502043 34633 478119 35536753
PT [1 0 270 -44 2]
 P 502043 34633 481509 35655872
PT [1 0 271 -44 2]
 P 502043 34633 484899 35776172
PT [1 0 272 -44 2]
 P 502043 34633 488289 35896472
PT [1 0 273 -44 2]
 P 502043 34633 491679 36016772
PT [1 0 274 -44 2]
EMPTY QUEUE
 P 504873 34633 491695 36138349
PT [1 0 275 -45 2]
 P 506477 34633 491698 36257372
PT [1 0 276 -45 2]
 P 508783 34633 491706 36377672
PT [1 0 277 -45 2]
 P 508783 34633 495096 36497972
PT [1 0 278 -45 2]
 P 508783 34633 498486 36618272
PT [1 0 279 -45 2]
EMPTY QUEUE
 P 509114 34633 501885 36739528
PT [1 0 280 -46 2]
 P 509114 34633 505275 36858872
PT [1 0 281 -46 2]
 P 511420 34633 505283 36979172
PT [1 0 282 -46 2]
 P 511420 34633 508673 37099472
PT [1 0 283 -46 2]
 P 511420 34633 512063 37219772
PT [1 0 284 -46 2]
EMPTY QUEUE
 P 511751 34633 515462 37342244
PT [1 0 285 -47 2]
 P 511751 34633 518854 37460372
PT [1 0 286 -47 2]
 P 514057 34633 518862 37580672
PT [1 0 287 -47 2]
 P 514057 34633 522252 37700972
PT [1 0 288 -47 2]
 P 514057 34633 525642 37821272
PT [1 0 289 -47 2]
EMPTY QUEUE
 P 514389 34633 529040 37942401
PT [1 0 290 -47 2]
 P 514389 34633 532430 38061872
PT [1 0 291 -47 2]
 P 516696 34633 532438 38182172
PT [1 0 292 -47 2]
 P 516696 34633 535828 38302472
PT [1 0 293 -47 2]
 P 516696 34633 539218 38422772
PT [1 0 294 -47 2]
EMPTY QUEUE
 P 517028 34633 542616 38544093
PT [1 0 295 -48 2]
 P 517028 34633 546006 38663372
PT [1 0 296 -48 2]
 P 519279 34633 546014 38783672
PT [1 0 297 -48 2]
 P 521585 34633 546022 38903972
PT [1 0 298 -48 2]
 P 521585 34633 549412 39024272
PT [1 0 299 -48 2]
EMPTY QUEUE
 P 521651 34633 552804 39145480
PT [1 0 300 -48 2]
EMPTY QUEUE
 P 521983 34633 556203 39266149
PT [1 0 301 -49 2]
 P 521983 34633 559593 39385172
PT [1 0 302 -49 2]
 P 522795 34633 559596 39505472
PT [1 0 303 -49 2]
 P 524749 34633 559604 39625772
PT [1 0 304 -49 2]
 P 524749 34633 562994 39746072
PT [1 0 305 -49 2]
EMPTY QUEUE
 P 525080 34633 566393 39867328
PT [1 0 306 -50 2]
 P 525080 34633 569783 39986672
PT [1 0 307 -50 2]
 P 527110 34633 569786 40106972
PT [1 0 308 -50 2]
 P 527110 34633 573176 40227272
PT [1 0 309 -50 2]
 P 529458 34633 573184 40347572
PT [1 0 310 -50 2]
EMPTY QUEUE
 P 532096 34633 573200 40469052
PT [1 0 311 -51 2]
 P 532096 34633 576590 40588172
PT [1 0 312 -51 2]
 P 534831 34633 576593 40708472
PT [1 0 313 -51 2]
 P 534831 34633 579983 40828772
PT [1 0 314 -51 2]
 P 534831 34633 583373 40949072
PT [1 0 315 -51 2]
EMPTY QUEUE
 P 537661 34633 583389 41070489
PT [1 0 316 -51 2]
 P 537661 34633 586779 41189672
PT [1 0 317 -51 2]
 P 537661 34633 590169 41309972
PT [1 0 318 -51 2]
 P 538446 34633 590172 41430272
PT [1 0 319 -51 2]
 P 538446 34633 593562 41550572
PT [1 0 320 -51 2]
EMPTY QUEUE
 P 538778 34633 596961 41673045
PT [1 0 321 -52 2]
 P 541116 34633 596969 41791172
PT [1 0 322 -52 2]
 P 541116 34633 600359 41911472
PT [1 0 323 -52 2]
 P 542782 34633 600362 42031772
PT [1 0 324 -52 2]
 P 542782 34633 603752 42152072
PT [1 0 325 -52 2]
EMPTY QUEUE
 P 543113 34633 607151 42273200
PT [1 0 326 -53 2]
 P 544874 34633 607160 42392672
PT [1 0 327 -53 2]
 P 544874 34633 610550 42512972
PT [1 0 328 -53 2]
 P 547246 34633 610553 42633272
PT [1 0 329 -53 2]
 P 547246 34633 613943 42753572
PT [1 0 330 -53 2]
EMPTY QUEUE
 P 547578 34633 617342 42874894
PT [1 0 331 -54 2]
 P 547578 34633 620732 42994172
PT [1 0 332 -54 2]
 P 549819 34633 620741 43114472
PT [1 0 333 -54 2]
 P 551264 34633 620744 43234772
PT [1 0 334 -54 2]
 P 551264 34633 624134 43355072
PT [1 0 335 -54 2]
EMPTY QUEUE
 P 551596 34633 627532 43476073
PT [1 0 336 -54 2]
 P 551596 34633 630922 43595672
PT [1 0 337 -54 2]
 P 551596 34633 634312 43715972
PT [1 0 338 -54 2]
 P 553517 34633 634321 43836272
PT [1 0 339 -54 2]
 P 554932 34633 634324 43956572
PT [1 0 340 -54 2]
EMPTY QUEUE
 P 555264 34633 637723 44078789
PT [1 0 341 -55 2]
 P 555264 34633 641113 44197172
PT [1 0 342 -55 2]
 P 555264 34633 644503 44317472
PT [1 0 343 -55 2]
 P 555264 34633 647893 44437772
PT [1 0 344 -55 2]
 P 556353 34633 647902 44558072
PT [1 0 345 -55 2]
 P 558122 34633 647906 44678372
PT [1 0 346 -55 2]
EMPTY QUEUE
 P 558188 34633 651298 44801020
PT [1 0 347 -55 2]
EMPTY QUEUE
 P 558520 34633 654696 44920249
PT [1 0 348 -56 2]
 P 558520 34633 658086 45039272
PT [1 0 349 -56 2]
 P 560313 34633 658095 45159572
PT [1 0 350 -56 2]
 P 560313 34633 661485 45279872
PT [1 0 351 -56 2]
 P 561828 34633 661488 45400172
PT [1 0 352 -56 2]
EMPTY QUEUE
 P 562159 34633 664888 45521429
PT [1 0 353 -57 2]
 P 562159 34633 668278 45640772
PT [1 0 354 -57 2]
 P 564144 34633 668287 45761072
PT [1 0 355 -57 2]
 P 564144 34633 671677 45881372
PT [1 0 356 -57 2]
 P 564861 34633 671680 46001672
PT [1 0 357 -57 2]
EMPTY QUEUE
 P 565192 34633 675079 46124144
PT [1 0 358 -58 2]
 P 565192 34633 678469 46242272
PT [1 0 359 -58 2]
 P 566857 34633 678478 46362572
PT [1 0 360 -58 2]
 P 566857 34633 681868 46482872
PT [1 0 361 -58 2]
 P 568791 34633 681871 46603172
PT [1 0 362 -58 2]
EMPTY QUEUE
 P 569123 34633 685269 46724301
PT [1 0 363 -58 2]
 P 569123 34633 688659 46843772
PT [1 0 364 -58 2]
 P 572004 34633 688668 46964072
PT [1 0 365 -58 2]
 P 572004 34633 692058 47084372
PT [1 0 366 -58 2]
 P 572004 34633 695448 47204672
PT [1 0 367 -58 2]
 P 573043 34633 695452 47324972
PT [1 0 368 -58 2]
EMPTY QUEUE
 P 573376 34633 698851 47446294
PT [1 0 369 -59 2]
 P 574913 34633 698860 47565572
PT [1 0 370 -59 2]
 P 576866 34633 698869 47685872
PT [1 0 371 -59 2]
 P 576866 34633 702259 47806172
PT [1 0 372 -59 2]
 P 577587 34633 702262 47926472
PT [1 0 373 -59 2]
EMPTY QUEUE
 P 577919 34633 705661 48047953
PT [1 0 374 -60 2]
 P 577919 34633 709051 48167072
PT [1 0 375 -60 2]
 P 580320 34633 709060 48287372
PT [1 0 376 -60 2]
 P 580320 34633 712450 48407672
PT [1 0 377 -60 2]
 P 581362 34633 712454 48527972
PT [1 0 378 -60 2]
EMPTY QUEUE
 P 581693 34633 715853 48649388
PT [1 0 379 -61 2]
 P 581693 34633 719243 48768572
PT [1 0 380 -61 2]
 P 581693 34633 722633 48888872
PT [1 0 381 -61 2]
 P 583038 34633 722642 49009172
PT [1 0 382 -61 2]
 P 583763 34633 722645 49129472
PT [1 0 383 -61 2]
EMPTY QUEUE
 P 583832 34633 728607 49254662
PT [1 0 384 -61 2]
EMPTY QUEUE
 P 584163 34633 732006 49371348
PT [1 0 385 -62 2]
 P 584163 34633 735396 49490372
PT [1 0 386 -62 2]
 P 584163 34633 738786 49610672
PT [1 0 387 -62 2]
 P 584163 34633 742176 49730972
PT [1 0 388 -62 2]
 P 586105 34633 742179 49851272
PT [1 0 389 -62 2]
EMPTY QUEUE
 P 588421 34633 742190 49972202
PT [1 0 390 -62 2]
EMPTY QUEUE
 P 588432 34633 745582 50092822
PT [1 0 391 -62 2]
EMPTY QUEUE
 P 588763 34633 748981 50213448
PT [1 0 392 -63 2]
 P 588763 34633 752371 50332472
PT [1 0 393 -63 2]
 P 588763 34633 755761 50452772
PT [1 0 394 -63 2]
 P 589810 34633 755765 50573072
PT [1 0 395 -63 2]
 P 592060 34633 755774 50693372
PT [1 0 396 -63 2]
EMPTY QUEUE
 P 594697 34633 755791 50814852
PT [1 0 397 -64 2]
 P 594697 34633 759181 50933972
PT [1 0 398 -64 2]
 P 594697 34633 762571 51054272
PT [1 0 399 -64 2]
 P 596610 34633 762574 51174572
PT [1 0 400 -64 2]
 P 596610 34633 765964 51294872
PT [1 0 401 -64 2]
EMPTY QUEUE
 P 599343 34633 765981 51416289
PT [1 0 402 -64 2]
 P 599343 34633 769371 51535472
PT [1 0 403 -64 2]
 P 599343 34633 772761 51655772
PT [1 0 404 -64 2]
 P 600681 34633 772765 51776072
PT [1 0 405 -64 2]
 P 600681 34633 776155 51896372
PT [1 0 406 -64 2]
EMPTY QUEUE
 P 601012 34633 779554 52018844
PT [1 0 407 -65 2]
 P 603349 34633 779563 52136972
PT [1 0 408 -65 2]
 P 603349 34633 782953 52257272
PT [1 0 409 -65 2]
 P 605649 34633 782956 52377572
PT [1 0 410 -65 2]
 P 605649 34633 786346 52497872
PT [1 0 411 -65 2]
EMPTY QUEUE
 P 605981 34633 789745 52619001
PT [1 0 412 -66 2]
 P 605981 34633 793135 52738472
PT [1 0 413 -66 2]
 P 607742 34633 793144 52858772
PT [1 0 414 -66 2]
 P 610267 34633 793148 52979072
PT [1 0 415 -66 2]
 P 610267 34633 796538 53099372
PT [1 0 416 -66 2]
EMPTY QUEUE
 P 610599 34633 799936 53220692
PT [1 0 417 -67 2]
 P 610599 34633 803326 53339972
PT [1 0 418 -67 2]
 P 610599 34633 806716 53460272
PT [1 0 419 -67 2]
 P 612710 34633 806719 53580572
PT [1 0 420 -67 2]
 P 614663 34633 806728 53700872
PT [1 0 421 -67 2]
 P 616198 34633 806732 53821172
PT [1 0 422 -67 2]
EMPTY QUEUE
 P 616530 34633 810130 53942173
PT [1 0 423 -67 2]
 P 616530 34633 813520 54061772
PT [1 0 424 -67 2]
 P 616530 34633 816910 54182072
PT [1 0 425 -67 2]
 P 618931 34633 816919 54302372
PT [1 0 426 -67 2]
 P 619668 34633 816922 54422672
PT [1 0 427 -67 2]
EMPTY QUEUE
 P 620001 34633 820320 54544890
PT [1 0 428 -68 2]
 P 620001 34633 823710 54663272
PT [1 0 429 -68 2]
 P 620001 34633 827100 54783572
PT [1 0 430 -68 2]
 P 620001 34633 830490 54903872
PT [1 0 431 -68 2]
 P 622338 34633 830499 55024172
PT [1 0 432 -68 2]
 P 623685 34633 830502 55144472
PT [1 0 433 -68 2]
EMPTY QUEUE
 P 624017 34633 833901 55267393
PT [1 0 434 -69 2]
 P 624017 34633 837291 55385072
PT [1 0 435 -69 2]
 P 624017 34633 840681 55505372
PT [1 0 436 -69 2]
 P 624017 34633 844071 55625672
PT [1 0 437 -69 2]
 P 624822 34633 844075 55745972
PT [1 0 438 -69 2]
EMPTY QUEUE
 P 627106 34633 844093 55867036
PT [1 0 439 -70 2]
 P 627106 34633 847483 55986572
PT [1 0 440 -70 2]
 P 627106 34633 850873 56106872
PT [1 0 441 -70 2]
 P 627106 34633 854263 56227172
PT [1 0 442 -70 2]
 P 629640 34633 854266 56347472
PT [1 0 443 -70 2]
EMPTY QUEUE
 P 632374 34633 854283 56470265
PT [1 0 444 -71 2]
 P 632374 34633 857673 56588072
PT [1 0 445 -71 2]
 P 632374 34633 861063 56708372
PT [1 0 446 -71 2]
 P 632374 34633 864453 56828672
PT [1 0 447 -71 2]
 P 634077 34633 864456 56948972
PT [1 0 448 -71 2]
EMPTY QUEUE
 P 636746 34633 864472 57070933
PT [1 0 449 -71 2]
 P 636746 34633 867862 57189572
PT [1 0 450 -71 2]
 P 636746 34633 871252 57309872
PT [1 0 451 -71 2]
 P 636746 34633 874642 57430172
PT [1 0 452 -71 2]
 P 637779 34633 874645 57550472
PT [1 0 453 -71 2]
EMPTY QUEUE
 P 639872 34633 874662 57673137
PT [1 0 454 -72 2]
 P 639872 34633 878052 57791072
PT [1 0 455 -72 2]
 P 639872 34633 881442 57911372
PT [1 0 456 -72 2]
 P 639872 34633 884832 58031672
PT [1 0 457 -72 2]
 P 642154 34633 884835 58151972
PT [1 0 458 -72 2]
EMPTY QUEUE
 P 642486 34633 888234 58273261
PT [1 0 459 -73 2]
 P 644439 34633 888242 58392572
PT [1 0 460 -73 2]
 P 644439 34633 891632 58512872
PT [1 0 461 -73 2]
 P 644439 34633 895022 58633172
PT [1 0 462 -73 2]
 P 645283 34633 895025 58753472
PT [1 0 463 -73 2]
EMPTY QUEUE
 P 645615 34633 898423 58875208
PT [1 0 464 -74 2]
 P 648016 34633 898431 58994072
PT [1 0 465 -74 2]
 P 648016 34633 901821 59114372
PT [1 0 466 -74 2]
 P 648016 34633 905211 59234672
PT [1 0 467 -74 2]
 P 649821 34633 905214 59354972
PT [1 0 468 -74 2]
EMPTY QUEUE
 P 650153 34633 908612 59476645
PT [1 0 469 -74 2]
 P 651498 34633 908620 59595572
PT [1 0 470 -74 2]
 P 651498 34633 912010 59715872
PT [1 0 471 -74 2]
 P 651498 34633 915400 59836172
PT [1 0 472 -74 2]
 P 653753 34633 915403 59956472
PT [1 0 473 -74 2]
EMPTY QUEUE
 P 654085 34633 918802 60077569
PT [1 0 474 -75 2]
 P 654085 34633 922192 60197072
PT [1 0 475 -75 2]
 P 656134 34633 922200 60317372
PT [1 0 476 -75 2]
 P 656134 34633 925590 60437672
PT [1 0 477 -75 2]
 P 656134 34633 928980 60557972
PT [1 0 478 -75 2]
 P 657686 34633 928984 60678272
PT [1 0 479 -75 2]
EMPTY QUEUE
 P 658017 34633 932383 60800328
PT [1 0 480 -76 2]
 P 658017 34633 935773 60918872
PT [1 0 481 -76 2]
 P 659138 34633 935781 61039172
PT [1 0 482 -76 2]
 P 659138 34633 939171 61159472
PT [1 0 483 -76 2]
 P 659892 34633 939174 61279772
PT [1 0 484 -76 2]
 P 661830 34633 939177 61400072
PT [1 0 485 -76 2]
EMPTY QUEUE
 P 662161 34633 942576 61522576
PT [1 0 486 -77 2]
 P 663218 34633 942584 61640672
PT [1 0 487 -77 2]
 P 663218 34633 945974 61760972
PT [1 0 488 -77 2]
 P 663218 34633 949364 61881272
PT [1 0 489 -77 2]
 P 665894 34633 949367 62001572
PT [1 0 490 -77 2]
EMPTY QUEUE
 P 666226 34633 952766 62124013
PT [1 0 491 -78 2]
 P 668755 34633 952774 62242172
PT [1 0 492 -78 2]
 P 668755 34633 956164 62362472
PT [1 0 493 -78 2]
 P 668755 34633 959554 62482772
PT [1 0 494 -78 2]
 P 669480 34633 959557 62603072
PT [1 0 495 -78 2]
EMPTY QUEUE
 P 669812 34633 962955 62724937
PT [1 0 496 -78 2]
 P 671253 34633 962963 62843672
PT [1 0 497 -78 2]
 P 671253 34633 966353 62963972
PT [1 0 498 -78 2]
 P 671253 34633 969743 63084272
PT [1 0 499 -78 2]
 P 673964 34633 969746 63204572
PT [1 0 500 -78 2]
EMPTY QUEUE
 P 674296 34633 973145 63327397
PT [1 0 501 -79 2]
 P 676186 34633 973153 63445172
PT [1 0 502 -79 2]
 P 676186 34633 976543 63565472
PT [1 0 503 -79 2]
 P 676186 34633 979933 63685772
PT [1 0 504 -79 2]
 P 678323 34633 979937 63806072
PT [1 0 505 -79 2]
EMPTY QUEUE
 P 678654 34633 983336 63927296
PT [1 0 506 -80 2]
 P 678654 34633 986726 64046672
PT [1 0 507 -80 2]
 P 680479 34633 986734 64166972
PT [1 0 508 -80 2]
 P 680479 34633 990124 64287272
PT [1 0 509 -80 2]
 P 683097 34633 990127 64407572
PT [1 0 510 -80 2]
EMPTY QUEUE
 P 683428 34633 993526 64528732
PT [1 0 511 -81 2]
 P 683428 34633 996916 64648172
PT [1 0 512 -81 2]
 P 683428 34633 1000306 64768472
PT [1 0 513 -81 2]
 P 684965 34633 1000314 64888772
PT [1 0 514 -81 2]
 P 686400 34633 1000317 65009072
PT [1 0 515 -81 2]
EMPTY QUEUE
 P 686732 34633 1003715 65131705
PT [1 0 516 -81 2]
 P 686732 34633 1007105 65249672
PT [1 0 517 -81 2]
 P 686732 34633 1010495 65369972
PT [1 0 518 -81 2]
 P 686732 34633 1013885 65490272
PT [1 0 519 -81 2]
 P 688461 34633 1013894 65610572
PT [1 0 520 -81 2]
 P 690634 34633 1013897 65730872
PT [1 0 521 -81 2]
EMPTY QUEUE
 P 690700 34633 1017289 65852144
PT [1 0 522 -81 2]
EMPTY QUEUE
 P 691032 34633 1020688 65972750
PT [1 0 523 -82 2]
 P 691032 34633 1024078 66091772
PT [1 0 524 -82 2]
 P 691032 34633 1027468 66212072
PT [1 0 525 -82 2]
 P 692441 34633 1027476 66332373
PT [1 0 526 -82 2]
 P 694711 34633 1027479 66452673
PT [1 0 527 -82 2]
EMPTY QUEUE
 P 695043 34633 1030877 66573930
PT [1 0 528 -84 2]
 P 695043 34633 1034267 66693273
PT [1 0 529 -84 2]
 P 695043 34633 1037657 66813573
PT [1 0 530 -84 2]
 P 697667 34633 1037665 66933873
PT [1 0 531 -84 2]
 P 698882 34633 1037668 67054173
PT [1 0 532 -84 2]
EMPTY QUEUE
 P 699213 34633 1041067 67176645
PT [1 0 533 -85 2]
 P 699213 34633 1044457 67294773
PT [1 0 534 -85 2]
 P 699213 34633 1047847 67415073
PT [1 0 535 -85 2]
 P 700493 34633 1047856 67535373
PT [1 0 536 -85 2]
 P 702414 34633 1047859 67655673
PT [1 0 537 -85 2]
EMPTY QUEUE
 P 702747 34633 1051257 67776802
PT [1 0 538 -85 2]
 P 702747 34633 1054647 67896273
PT [1 0 539 -85 2]
 P 702747 34633 1058037 68016573
PT [1 0 540 -85 2]
 P 704123 34633 1058045 68136873
PT [1 0 541 -85 2]
 P 706238 34633 1058049 68257173
PT [1 0 542 -85 2]
EMPTY QUEUE
 P 706570 34633 1061447 68378493
PT [1 0 543 -86 2]
 P 706570 34633 1064837 68497773
PT [1 0 544 -86 2]
 P 706570 34633 1068227 68618073
PT [1 0 545 -86 2]
 P 706570 34633 1071617 68738373
PT [1 0 546 -86 2]
 P 707503 34633 1071620 68858673
PT [1 0 547 -86 2]
EMPTY QUEUE
 P 710141 34633 1071636 68979675
PT [1 0 548 -87 2]
 P 710141 34633 1075026 69099273
PT [1 0 549 -87 2]
 P 710141 34633 1078416 69219573
PT [1 0 550 -87 2]
 P 710141 34633 1081806 69339873
PT [1 0 551 -87 2]
 P 711810 34633 1081809 69460173
PT [1 0 552 -87 2]
EMPTY QUEUE
 P 714637 34633 1081826 69582389
PT [1 0 553 -88 2]
 P 714637 34633 1085216 69700773
PT [1 0 554 -88 2]
 P 714637 34633 1088606 69821073
PT [1 0 555 -88 2]
 P 714637 34633 1091996 69941373
PT [1 0 556 -88 2]
 P 716500 34633 1091999 70061673
PT [1 0 557 -88 2]
EMPTY QUEUE
 P 716831 34633 1095398 70183281
PT [1 0 558 -89 2]
 P 719167 34633 1095406 70302273
PT [1 0 559 -89 2]
 P 719167 34633 1098796 70422573
PT [1 0 560 -89 2]
 P 719167 34633 1102186 70542873
PT [1 0 561 -89 2]
 P 720711 34633 1102189 70663173
PT [1 0 562 -89 2]
EMPTY QUEUE
 P 721043 34633 1105587 70785741
PT [1 0 563 -90 2]
 P 721043 34633 1108977 70903773
PT [1 0 564 -90 2]
 P 721043 34633 1112367 71024073
PT [1 0 565 -90 2]
 P 722995 34633 1112375 71144373
PT [1 0 566 -90 2]
 P 724125 34633 1112378 71264673
PT [1 0 567 -90 2]
EMPTY QUEUE
 P 724457 34633 1115776 71385642
PT [1 0 568 -90 2]
 P 724457 34633 1119166 71505273
PT [1 0 569 -90 2]
 P 724457 34633 1122556 71625573
PT [1 0 570 -90 2]
 P 726857 34633 1122564 71745873
PT [1 0 571 -90 2]
 P 726857 34633 1125954 71866173
PT [1 0 572 -90 2]
 P 728468 34633 1125958 71986473
PT [1 0 573 -90 2]
EMPTY QUEUE
 P 728800 34633 1129357 72109426
PT [1 0 574 -91 2]
 P 728800 34633 1132747 72227073
PT [1 0 575 -91 2]
 P 728800 34633 1136137 72347373
PT [1 0 576 -91 2]
 P 730145 34633 1136145 72467673
PT [1 0 577 -91 2]
 P 730145 34633 1139535 72587973
PT [1 0 578 -91 2]
 P 732622 34633 1139538 72708273
PT [1 0 579 -91 2]
EMPTY QUEUE
 P 732954 34633 1142937 72830650
PT [1 0 580 -92 2]
 P 732954 34633 1146327 72948873
PT [1 0 581 -92 2]
 P 732954 34633 1149717 73069173
PT [1 0 582 -92 2]
 P 735674 34633 1149725 73189473
PT [1 0 583 -92 2]
 P 736842 34633 1149728 73309773
PT [1 0 584 -92 2]
EMPTY QUEUE
 P 737174 34633 1153127 73431062
PT [1 0 585 -93 2]
 P 737174 34633 1156517 73550373
PT [1 0 586 -93 2]
 P 737174 34633 1159907 73670673
PT [1 0 587 -93 2]
 P 737174 34633 1163297 73790973
PT [1 0 588 -93 2]
 P 738239 34633 1163305 73911273
PT [1 0 589 -93 2]
EMPTY QUEUE
 P 740875 34633 1163321 74032754
PT [1 0 590 -94 2]
 P 742460 34633 1163324 74151873
PT [1 0 591 -94 2]
 P 742460 34633 1166714 74272173
PT [1 0 592 -94 2]
 P 742460 34633 1170104 74392473
PT [1 0 593 -94 2]
 P 742460 34633 1173494 74512773
PT [1 0 594 -94 2]
EMPTY QUEUE
 P 745289 34633 1173510 74634191
PT [1 0 595 -94 2]
 P 746075 34633 1173513 74753373
PT [1 0 596 -94 2]
 P 746075 34633 1176903 74873673
PT [1 0 597 -94 2]
 P 746075 34633 1180293 74993973
PT [1 0 598 -94 2]
 P 746075 34633 1183683 75114273
PT [1 0 599 -94 2]
EMPTY QUEUE
 P 746407 34633 1187082 75236746
PT [1 0 600 -95 2]
 P 748583 34633 1187090 75354873
PT [1 0 601 -95 2]
 P 749979 34633 1187093 75475173
PT [1 0 602 -95 2]
 P 749979 34633 1190483 75595473
PT [1 0 603 -95 2]
 P 749979 34633 1193873 75715773
PT [1 0 604 -95 2]
EMPTY QUEUE
 P 750310 34633 1197272 75836901
PT [1 0 605 -96 2]
 P 750310 34633 1200662 75956373
PT [1 0 606 -96 2]
 P 751654 34633 1200670 76076673
PT [1 0 607 -96 2]
 P 752508 34633 1200673 76196973
PT [1 0 608 -96 2]
 P 752508 34633 1204063 76317273
PT [1 0 609 -96 2]
EMPTY QUEUE
 P 752840 34633 1207461 76438593
PT [1 0 610 -97 2]
 P 752840 34633 1210851 76557873
PT [1 0 611 -97 2]
 P 754889 34633 1210859 76678173
PT [1 0 612 -97 2]
 P 757632 34633 1210862 76798473
PT [1 0 613 -97 2]
 P 757632 34633 1214252 76918773
PT [1 0 614 -97 2]
EMPTY QUEUE
 P 757964 34633 1217650 77039774
PT [1 0 615 -97 2]
 P 757964 34633 1221040 77159373
PT [1 0 616 -97 2]
 P 760204 34633 1221048 77279673
PT [1 0 617 -97 2]
 P 762373 34633 1221051 77399973
PT [1 0 618 -97 2]
 P 763486 34633 1221054 77520273
PT [1 0 619 -97 2]
EMPTY QUEUE
 P 766122 34633 1221071 77641754
PT [1 0 620 -97 2]
 P 766122 34633 1224461 77760873
PT [1 0 621 -97 2]
 P 766122 34633 1227851 77881173
PT [1 0 622 -97 2]
 P 766122 34633 1231241 78001473
PT [1 0 623 -97 2]
 P 766917 34633 1231244 78121773
PT [1 0 624 -97 2]
EMPTY QUEUE
 P 767249 34633 1234643 78243030
PT [1 0 625 -99 2]
 P 769649 34633 1234651 78362373
PT [1 0 626 -99 2]
 P 769649 34633 1238041 78482673
PT [1 0 627 -99 2]
 P 769649 34633 1241431 78602973
PT [1 0 628 -99 2]
