 P 0 0 62 57882
 P 0 0 3452 177151
 P 0 0 6842 297451
 P 0 0 10232 417751
 P 0 0 13622 538051
 P 69 0 17014 660350
 P 69 0 20404 778651
 P 69 0 23794 898951
 P 69 0 27184 1019251
 P 69 0 30574 1139551
 P 138 0 33966 1260346
 P 138 0 37356 1380151
 P 138 0 40746 1500451
 P 138 0 44136 1620751
 P 138 0 47526 1741051
 P 207 0 50918 1861750
 P 207 0 54308 1981651
 P 207 0 57698 2101951
 P 207 0 61088 2222251
 P 2505 0 62180 2342551
 P 2574 0 65572 2465074
 P 2574 0 68962 2583151
 P 2574 0 72352 2703451
 P 2574 0 75742 2823751
 P 3604 0 75782 2944051
 P 4701 0 75823 3066734
 P 4701 0 79213 3184651
 P 4701 0 82603 3304951
 P 4701 0 85993 3425251
 P 6406 0 86001 3545551
 P 8174 0 86011 3667242
 P 8174 0 89401 3786151
 P 8174 0 92791 3906451
 P 8174 0 96181 4026751
 P 10327 0 96189 4147051
 P 12542 0 96199 4269158
 P 12542 0 99589 4387651
 P 12542 0 102979 4507951
 P 12542 0 106369 4628251
 P 14633 0 106377 4748551
 P 16783 0 106387 4870946
 P 16783 0 109777 4989151
 P 16783 0 113167 5109451
 P 16783 0 116557 5229751
 P 18298 0 116564 5350051
 P 19871 0 116574 5471070
 P 19871 0 119964 5590651
 P 19871 0 123354 5710951
 P 19871 0 126744 5831251
 P 22346 0 126752 5951551
 P 24878 0 126762 6074138
 P 24878 0 130152 6192151
 P 24878 0 133542 6312451
 P 24878 0 136932 6432751
 P 25754 0 136940 6553051
 P 26685 0 136950 6674518
 P 26685 0 140340 6793651
 P 26685 0 143730 6913951
 P 26685 0 147120 7034251
 P 29386 0 147127 7154551
 P 29455 0 150519 7276818
 P 32299 0 150527 7395151
 P 32299 0 153917 7515451
 P 32299 0 157307 7635751
 P 34168 0 157315 7756051
 P 34237 0 160707 7877454
 P 34237 0 164097 7996651
 P 36792 0 164105 8116951
 P 36792 0 167495 8237251
 P 39366 0 167503 8357551
 P 39435 0 170895 8478986
 P 39435 0 174285 8598151
 P 39435 0 177675 8718451
 P 42181 0 177682 8838751
 P 44948 0 177690 8959051
 P 45017 0 181082 9079878
 P 45017 0 184472 9199651
 P 45017 0 187862 9319951
 P 45017 0 191252 9440251
 P 47441 0 191260 9560551
 P 49957 0 191270 9682690
 P 49957 0 194660 9801151
 P 49957 0 198050 9921451
 P 49957 0 201440 10041751
 P 49957 0 204830 10162051
 P 51617 0 204840 10283838
 P 53233 0 204847 10402651
 P 53233 0 208237 10522951
 P 53233 0 211627 10643251
 P 53233 0 215017 10763551
 P 55596 0 215027 10885882
 P 57917 0 215035 11004151
 P 57917 0 218425 11124451
 P 57917 0 221815 11244751
 P 57917 0 225205 11365051
 P 60471 0 225215 11487286
 P 62441 0 225222 11605651
 P 62441 0 228612 11725951
 P 62441 0 232002 11846251
 P 62441 0 235392 11966551
 P 64674 0 235401 12088562
 P 69843 816 235425 12327451
 P 72199 1088 235432 12447751
 P 79998 2177 238854 12688351
 P 81904 2449 238862 12808651
 P 83047 2721 238872 12930822
 P 88183 3537 238898 13169551
 P 93292 4626 238931 13289851
 P 94941 4898 238939 13410151
 P 105040 6254 238982 13771051
 P 109278 7071 239006 13892230
 P 114536 7887 239032 14011651
 P 120974 8703 239056 14131951
 P 122238 8976 239065 14252251
 P 126245 9793 239092 14372551
 P 133880 11149 239138 14614446
 P 139613 11964 239163 14733451
 P 144674 12780 239185 14974051
 P 146712 13052 239192 15094351
 P 155159 14955 239247 15334951
 P 158034 15227 239258 15456834
 P 163005 16041 239284 15575551
 P 167359 16857 239310 15695851
 P 173936 17945 242734 15936451
 P 176348 18217 242742 16056751
 P 180802 19032 242769 16179306
 P 185678 19847 242796 16297351
 P 191343 20663 242822 16417651
 P 193126 20935 242830 16537951
 P 194449 21207 242838 16658251
 P 198591 21752 246246 16780326
 P 199690 22024 246255 16898851
 P 203882 22842 246283 17019151
 P 213543 24746 246342 17259751
 P 215455 25018 246350 17380051
 P 227167 26924 246409 17621306
 P 228601 27197 246416 17740951
 P 239653 29102 246470 17981551
 P 242222 29374 246479 18101851
 P 249669 30735 246521 18342451
 P 252550 31552 246547 18464206
 P 258066 32368 246572 18583051
 P 258066 32368 249962 18703351
 P 261474 33185 249985 18943951
 P 272719 35087 250043 19184551
 P 275227 35359 250052 19305442
 P 287083 37263 250104 19545451
 P 292057 38079 250127 19665751
 P 296851 38894 250154 19786051
 P 298286 39165 250163 19906351
 P 300024 39437 250173 20027274
 P 307410 41070 250221 20267251
 P 309495 41342 250229 20387551
 P 316588 42703 250265 20507851
 P 318984 42976 250274 20628151
 P 320881 43249 250285 20750514
 P 330005 44882 250334 20989051
 P 334571 45698 250356 21109351
 P 340569 46516 250380 21229651
 P 341558 46788 250387 21349951
 P 353384 48148 250428 21591878
 P 358779 48964 250453 21710851
 P 362119 49507 253860 21831151
 P 363209 49779 253869 21951451
 P 366300 50595 253895 22071751
 P 367967 50867 253904 22193026
 P 374277 51956 253933 22312351
 P 383468 53313 253978 22552951
 P 385261 53585 253985 22673251
 P 393591 54946 254024 22913851
 P 403482 56579 254078 23155970
 P 405497 56850 254087 23274751
 P 406744 57122 254095 23395051
 P 411295 58209 254128 23515351
 P 417582 59026 254153 23635651
 P 422082 59842 254181 23757374
 P 425554 60387 257588 23876251
 P 426416 60659 257596 23996551
 P 431934 61477 257621 24116851
 P 434364 61749 257629 24237151
 P 439312 62564 257657 24358650
 P 444283 63653 257689 24477751
 P 446104 63924 257698 24598051
 P 450181 64739 257724 24718351
 P 458732 66100 257765 24958951
 P 464097 66916 257793 25080610
 P 465090 67187 257802 25199551
 P 476259 68545 257844 25440151
 P 481224 69362 257867 25560451
 P 483530 69634 257874 25680751
 P 493222 71539 257929 25923766
 P 494249 71811 257938 26041651
 P 498790 72354 257956 26161951
 P 501280 72625 257965 26282251
 P 508846 73712 259211 26402551
 P 514398 74801 259244 26523634
 P 520204 75617 259269 26763451
 P 525159 76432 259296 26883751
 P 527999 76976 262704 27004051
 P 537554 78610 262752 27364951
 P 542493 79426 262779 27486322
 P 546767 80244 262800 27605551
 P 553013 81059 262823 27725851
 P 560147 81874 262848 27966451
 P 564689 82691 262874 28207051
 P 567419 82964 262883 28329094
 P 583664 85687 262962 28688251
 P 587283 86504 262984 28808551
 P 587283 86504 266374 28928851
 P 588216 86776 266382 29049151
 P 595531 88139 266425 29170714
 P 602427 89227 266459 29289751
 P 608749 90044 266482 29410051
 P 611539 90315 266491 29530351
 P 615941 91130 266518 29650651
 P 617182 91402 266528 29773142
 P 618212 91674 266536 29891251
 P 640223 94940 266635 30372451
 P 642022 95211 266644 30492751
 P 649112 96026 266670 30613051
 P 653747 96691 266696 30734294
 P 655397 96963 266705 30853651
 P 657144 97507 266721 30973951
 P 658313 97779 266729 31094251
 P 661999 98595 266753 31214551
 P 664092 98866 266764 31336978
 P 684542 101853 266858 31695751
 P 691408 102668 266883 31816051
 P 692544 102940 266892 31936351
 P 697179 103757 266920 32056651
 P 703045 105116 266965 32299410
 P 706281 105660 270373 32417551
 P 707538 105932 270381 32537851
 P 711845 106748 270404 32658151
 P 718597 107836 270434 32778451
 P 721428 108108 270445 32900302
 P 723426 108380 270454 33019051
 P 728614 109470 270489 33139351
 P 730577 109743 270497 33259651
 P 736871 110831 270529 33379951
 P 741829 111646 270556 33501066
 P 743857 111919 270563 33620551
 P 749196 113007 273981 33861151
 P 752119 113278 273990 33981451
 P 764741 115180 274053 34222051
 P 766869 115452 274063 34342814
 P 772985 116813 274104 34582951
 P 775885 117627 274131 34703251
 P 785008 118988 274172 34943851
 P 786748 119261 274180 35064151
 P 791447 120077 274206 35185458
 P 793510 120621 274223 35304751
 P 801862 121982 274265 35545351
 P 809217 123069 274301 35665651
 P 815513 123885 274327 35906251
 P 820530 124701 274353 36027462
 P 825441 125517 274377 36146851
 P 829717 126334 274402 36267151
 P 835878 127150 274427 36507751
 P 838420 127421 274436 36628051
 P 849923 129321 274499 36869338
 P 852209 129593 274507 36988951
 P 858539 130954 274546 37229551
 P 864665 131771 274571 37349851
 P 872669 133130 274616 37590451
 P 878071 133947 274642 37711598
 P 879261 134220 274650 37831051
 P 884680 135036 274674 37951351
 P 893570 136397 274712 38191951
 P 894918 136669 274720 38312251
 P 899817 137485 274746 38434454
 P 901241 137757 274754 38552851
 P 905519 138573 274779 38673151
 P 909942 139662 274808 38793451
 P 915148 140478 274832 38913751
 P 920115 141292 274861 39156670
 P 922244 141563 274870 39274651
 P 931787 143465 274930 39515251
 P 934684 143737 274938 39635551
 P 943920 145098 274979 39876151
 P 950908 145915 275005 39997010
 P 955396 146732 275032 40116751
 P 957669 147004 275041 40237051
 P 967095 148366 275082 40477651
 P 971516 149183 275106 40597951
 P 975161 149999 275132 40719482
 P 976889 150271 275141 40838551
 P 978988 150542 275150 40958851
 P 987507 152174 275200 41199451
 P 988614 152446 275208 41319751
 P 1000241 154353 275267 41561102
 P 1002117 154625 275276 41680651
 P 1006909 155441 275302 41800951
 P 1012180 156800 275346 42041551
 P 1017931 157616 275370 42161851
 P 1020068 157888 275380 42283830
 P 1025383 159248 275422 42522751
 P 1032064 160064 275445 42643051
 P 1035468 160608 278849 42763351
 P 1037217 160880 278858 42883651
 P 1042526 161696 278885 43004382
 P 1045725 162512 278911 43124251
 P 1053236 163328 278935 43244551
 P 1057276 163873 282341 43364851
 P 1057276 163873 285731 43485151
 P 1062763 164690 285758 43727366
 P 1067693 165506 285780 43846051
 P 1070467 165778 285788 43966351
 P 1084068 168226 285863 44206951
 P 1086107 168498 285871 44327251
 P 1093801 169587 285906 44449198
 P 1098308 170402 285931 44567851
 P 1106345 171761 285975 44808451
 P 1109024 172033 285983 44928751
 P 1112600 172850 286007 45049051
 P 1114261 173121 286018 45170390
 P 1121120 174207 286054 45289651
 P 1124258 174749 289462 45409951
 P 1126841 175021 289470 45530251
 P 1132337 175837 289494 45650551
 P 1137360 176653 289520 45773202
 P 1142345 177469 289545 45891151
 P 1144393 178013 292952 46011451
 P 1147242 178830 292978 46252051
 P 1153153 179644 293004 46372351
 P 1158656 180458 293031 46494650
 P 1162071 181274 293053 46612951
 P 1163760 181546 293061 46733251
 P 1165381 181817 293070 46853551
 P 1169275 182631 293096 46973851
 P 1183985 184808 293163 47335246
 P 1185765 185079 293172 47455051
 P 1187999 185351 293180 47575351
 P 1203645 187799 293251 47936251
 P 1204824 188070 293260 48056551
 P 1207120 188343 293269 48177250
 P 1212323 189160 293291 48297151
 P 1221189 190520 293331 48417451
 P 1225495 191336 293355 48537751
 P 1231285 192154 296768 48658051
 P 1234006 192426 296779 48780574
 P 1238929 193243 296806 48898651
 P 1249475 195151 296862 49259551
 P 1250847 195423 296870 49379851
 P 1258290 196784 296912 49620451
 P 1262810 197599 296941 49743134
 P 1264087 197870 296950 49861051
 P 1276310 199772 297010 50101651
 P 1277235 200045 297018 50221951
 P 1287739 201678 297067 50462551
 P 1290958 202495 297092 50584242
 P 1294492 203037 300500 50703151
 P 1296554 203310 300510 50823451
 P 1301590 204127 300536 50943751
 P 1307778 204943 300560 51064051
 P 1313730 205760 300586 51186158
 P 1314734 206304 303992 51304651
 P 1317499 206577 304001 51424951
 P 1323622 207392 304028 51545251
 P 1330252 208748 304072 51785851
 P 1332989 209019 304083 51908246
 P 1339576 210108 304118 52026451
 P 1341624 210380 304125 52146751
 P 1346997 211196 304147 52267051
 P 1355063 212555 304190 52507651
 P 1356807 212828 304199 52628670
 P 1363664 213645 304222 52748251
 P 1366320 213918 304232 52868551
 P 1371781 215005 304265 52988851
 P 1378713 216363 304310 53229451
 P 1384987 217179 304340 53352038
 P 1387780 217451 304348 53470051
 P 1392458 218269 304374 53590351
 P 1401074 219629 304414 53830951
 P 1403252 219901 304421 53951251
 P 1409271 220445 305647 54072718
 P 1413051 221532 305682 54191851
 P 1415805 221803 305691 54312151
 P 1422902 222892 305724 54432451
 P 1426488 223709 305748 54552751
 P 1431585 224525 305775 54795318
 P 1442092 225884 305816 55033951
 P 1446468 226426 309224 55154251
 P 1448871 226698 309232 55274551
 P 1452933 227515 309258 55394851
 P 1461738 228603 309291 55516254
 P 1469225 229964 309331 55755751
 P 1470830 230236 309340 55876051
 P 1474894 231052 309367 55996351
 P 1475826 231324 309375 56116651
 P 1477851 231597 309385 56238086
 P 1484150 232684 309418 56357251
 P 1489777 233773 309454 56477551
 P 1491382 234045 309461 56597851
 P 1492153 234317 309469 56718151
 P 1497884 235134 309496 56838978
 P 1507898 237032 309558 57079051
 P 1513879 237848 309580 57199351
 P 1518742 238665 309605 57439951
 P 1519836 238937 309614 57560251
 P 1532449 240841 309678 57802690
 P 1536167 241656 309703 58041451
 P 1537417 241928 309712 58161751
 P 1545278 242745 314335 58282051
 P 1556202 244651 314389 58522651
 P 1559094 244922 314400 58644438
 P 1565302 245736 314425 58763251
 P 1567343 246553 314448 58883551
