using saved target 'z1'
../../../../contiki/tools/sky/serialdump-linux -b115200 /dev/ttyUSB3
connecting to /dev/ttyUSB3 (115200) [OK]
Rime started with address 4.0
MAC 04:00:00:00:00:00:00:00 Ref ID: 4841
Contiki-3.x-2125-g5d67a61 started. Node id is set to 4.

************************************************
RTIMER_SECOND = 32768. F_CPU=8000000.
CLOCK_SECOND=128.
DURSLOT = 6015.(0.1835 s).
DURSLEEP = 66165.
DURCYCLE = 72180 .(2.2027 s).
MAX_CLOCK_DRIFT = WAKEUP_ADVANCE_TIME = 327 (0.0033 s).
PERIODIC_BCAST_CYCLES_SENSOR = 196611.
PERIODIC_BCAST_CYCLES_SINK = 196611.
MAX_CYCLE_COUNTER = 27904.
MAX_COUNT_NO_RTS_CTS = 65535.
MAX_CHILD_NUM = 10.
MAX_TRY_TO_FIND_PARENT = 3.

**********Below is Related Settings**********
PRIMAC_CONF_COMPOWER = 1.
PRIMAC_CONF_COMPOWER_SUPPORT = 1.
SF = 10.
PRI_SYNC_SUPPORT = 1.
RANDOM_DRIFT_IN_COOJA_SUPPORT = 0.
ADCSC_SUPPORT = 1.
DATA_TX_SUPPORT = 1.
CYCLES_PER_PACKET = 3.
DATA_INTERVAL = 1.
RETX_LIMIT = 6.
TOTAL_DATA_NUM = 50.
MAX_DATA_QUEUE_BUFS = 10.
PROC_GRADE_BASED_ON_ADDR_SUPPORT = 1.
NODES_NUM_PER_GRADE = 2.
ADDRESS_FREE_SUPPORT = 0.
IS_COOJA_SIM = 0.
CROSS_PLATFORM_SUPPORT = 1.
************************************************

My address is 4.0.
nullmac PRIMAC, channel check rate 8 Hz, radio channel 26
Starting
Hello, world
 P 0 0 0 2129715
 P 0 0 3452 2203821
 P 0 0 6842 2274075
 P 0 0 10232 2346255
 P 0 0 13622 2418435
 P 0 0 17012 2490615
EMPTY QUEUE
 P 364 0 20411 2564968
PT [2 0 1 -2 1]
 P 364 0 23801 2634975
PT [2 0 2 -2 1]
 P 364 0 27191 2707155
PT [2 0 3 -2 1]
 P 364 0 30581 2779335
PT [2 0 4 -2 1]
 P 3115 0 31220 2851515
PT [2 0 5 -2 1]
EMPTY QUEUE
 P 5603 0 34763 2927145
PT [2 0 6 -2 1]
EMPTY QUEUE
 P 5672 0 40725 3000285
PT [2 0 7 -2 1]
EMPTY QUEUE
 P 6164 0 44124 3070324
PT [2 0 8 -2 1]
 P 6164 0 47514 3140235
PT [2 0 9 -2 1]
rcv bro rts
 P 7211 0 47555 3212415
PT [2 0 10 -2 1]
 P 8494 0 47559 3284595
PT [2 0 11 -2 1]
 P 8494 0 50949 3356775
PT [2 0 12 -2 1]
EMPTY QUEUE
 P 9114 0 54348 3431544
PT [2 0 13 -2 1]
 P 9114 0 57738 3501135
PT [2 0 14 -2 1]
 P 10521 0 57747 3573315
PT [2 0 15 -2 1]
 P 11905 0 57750 3645495
PT [2 0 16 -2 1]
 P 11905 0 61140 3717675
PT [2 0 17 -2 1]
EMPTY QUEUE
 P 12493 0 64539 3792092
PT [2 0 18 -2 1]
 P 12493 0 67929 3862035
PT [2 0 19 -2 1]
 P 14779 0 67937 3934215
PT [2 0 20 -2 1]
 P 17031 0 67940 4006395
PT [2 0 21 -2 1]
 P 17031 0 71330 4078575
PT [2 0 22 -2 1]
EMPTY QUEUE
 P 17100 0 77292 4154205
PT [2 0 23 -2 1]
EMPTY QUEUE
 P 17722 0 80690 4225334
PT [2 0 24 0 1]
 P 19125 0 80698 4295115
PT [2 0 25 0 1]
 P 19981 0 80701 4367295
PT [2 0 26 0 1]
 P 21238 0 80705 4439475
PT [2 0 27 0 1]
 P 21238 0 84095 4511655
PT [2 0 28 0 1]
EMPTY QUEUE
 P 21858 0 87494 4586424
PT [2 0 29 -2 1]
 P 24591 0 87502 4656015
PT [2 0 30 -2 1]
 P 24591 0 90892 4728195
PT [2 0 31 -2 1]
 P 25922 0 90895 4800375
PT [2 0 32 -2 1]
 P 25922 0 94285 4872555
PT [2 0 33 -2 1]
EMPTY QUEUE
 P 26414 0 97684 4946876
PT [2 0 34 -2 1]
 P 29028 0 97692 5016915
PT [2 0 35 -2 1]
 P 29028 0 101082 5089097
PT [2 0 36 -2 1]
 P 30904 0 101085 5161277
PT [2 0 37 -2 1]
 P 30904 0 104475 5233457
PT [2 0 38 -2 1]
EMPTY QUEUE
 P 31524 0 107874 5307074
PT [2 0 39 -4 1]
 P 34349 0 107884 5377817
PT [2 0 40 -4 1]
 P 34349 0 111274 5449997
PT [2 0 41 -4 1]
 P 36764 0 111277 5522177
PT [2 0 42 -4 1]
 P 36764 0 114667 5594357
PT [2 0 43 -4 1]
EMPTY QUEUE
 P 37320 0 118066 5668614
PT [2 0 44 -4 1]
 P 38180 0 118074 5738717
PT [2 0 45 -4 1]
 P 38180 0 121464 5810897
PT [2 0 46 -4 1]
 P 39390 0 121467 5883077
PT [2 0 47 -4 1]
 P 39390 0 124857 5955257
PT [2 0 48 -4 1]
EMPTY QUEUE
 P 39946 0 128256 6029706
PT [2 0 49 -4 1]
 P 41754 0 128264 6099617
PT [2 0 50 -4 1]
 P 41754 0 131654 6171797
PT [2 0 51 -4 1]
 P 43087 0 131657 6243977
PT [2 0 52 -4 1]
 P 43087 0 135047 6316157
PT [2 0 53 -4 1]
EMPTY QUEUE
 P 43156 0 141009 6392363
PT [2 0 54 -4 1]
EMPTY QUEUE
 P 46038 0 141027 6462562
PT [2 0 55 -4 1]
 P 46038 0 144417 6532697
PT [2 0 56 -4 1]
 P 47473 0 144420 6604877
PT [2 0 57 -4 1]
 P 47473 0 147810 6677057
PT [2 0 58 -4 1]
 P 47473 0 151200 6749237
PT [2 0 59 -4 1]
EMPTY QUEUE
 P 50698 0 151217 6823783
PT [2 0 60 -4 1]
 P 50698 0 154607 6893597
PT [2 0 61 -4 1]
 P 52956 0 154611 6965777
PT [2 0 62 -4 1]
 P 52956 0 158001 7037957
PT [2 0 63 -4 1]
 P 52956 0 161391 7110137
PT [2 0 64 -4 1]
EMPTY QUEUE
 P 55711 0 161408 7184746
PT [2 0 65 -4 1]
 P 55711 0 164798 7254497
PT [2 0 66 -4 1]
 P 56573 0 164801 7326677
PT [2 0 67 -4 1]
 P 56573 0 168191 7398857
PT [2 0 68 -4 1]
 P 56573 0 171581 7471037
PT [2 0 69 -4 1]
EMPTY QUEUE
 P 58429 0 171599 7545039
PT [2 0 70 -4 1]
 P 58429 0 174989 7615397
PT [2 0 71 -4 1]
 P 59988 0 174992 7687577
PT [2 0 72 -4 1]
 P 59988 0 178382 7759757
PT [2 0 73 -4 1]
 P 59988 0 181772 7831937
PT [2 0 74 -4 1]
EMPTY QUEUE
 P 62671 0 184352 7908943
PT [2 0 75 -4 1]
EMPTY QUEUE
 P 63291 0 187751 7978694
PT [2 0 76 -4 1]
 P 64379 0 187754 8048477
PT [2 0 77 -4 1]
 P 64379 0 191144 8120657
PT [2 0 78 -4 1]
 P 64379 0 194534 8192837
PT [2 0 79 -4 1]
 P 66189 0 194542 8265017
PT [2 0 80 -4 1]
EMPTY QUEUE
 P 66809 0 197941 8339786
PT [2 0 81 -4 1]
 P 67828 0 197945 8409377
PT [2 0 82 -4 1]
 P 67828 0 201335 8481557
PT [2 0 83 -4 1]
 P 67828 0 204725 8553737
PT [2 0 84 -4 1]
 P 69581 0 204734 8625917
PT [2 0 85 -4 1]
EMPTY QUEUE
 P 70073 0 208133 8700238
PT [2 0 86 -4 1]
 P 72149 0 208136 8770277
PT [2 0 87 -4 1]
 P 72149 0 211526 8842457
PT [2 0 88 -4 1]
 P 72149 0 214916 8914637
PT [2 0 89 -4 1]
 P 73767 0 214925 8986817
PT [2 0 90 -4 1]
EMPTY QUEUE
 P 74387 0 218324 9060434
PT [2 0 91 -4 1]
 P 75186 0 218328 9131177
PT [2 0 92 -4 1]
 P 75186 0 221718 9203357
PT [2 0 93 -4 1]
 P 75186 0 225108 9275537
PT [2 0 94 -4 1]
 P 76653 0 225117 9347717
PT [2 0 95 -4 1]
EMPTY QUEUE
 P 77209 0 228516 9421974
PT [2 0 96 -4 1]
 P 77982 0 228519 9492077
PT [2 0 97 -4 1]
 P 77982 0 231909 9564257
PT [2 0 98 -4 1]
 P 77982 0 235299 9636437
PT [2 0 99 -4 1]
 P 79185 0 235307 9708617
PT [2 0 100 -4 1]
EMPTY QUEUE
 P 79741 0 238706 9783066
PT [2 0 101 -4 1]
 P 81689 0 238709 9852977
PT [2 0 102 -4 1]
 P 81689 0 242099 9925157
PT [2 0 103 -4 1]
 P 81689 0 245489 9997337
PT [2 0 104 -4 1]
 P 83888 0 245497 10069517
PT [2 0 105 -4 1]
EMPTY QUEUE
 P 84445 0 248896 10143647
PT [2 0 106 -4 1]
 P 86049 0 248899 10213877
PT [2 0 107 -4 1]
 P 86049 0 252289 10286057
PT [2 0 108 -4 1]
 P 86049 0 255679 10358237
PT [2 0 109 -4 1]
 P 88876 0 255688 10430417
PT [2 0 110 -4 1]
EMPTY QUEUE
 P 89432 0 259088 10503716
PT [2 0 111 -4 1]
 P 92209 0 259091 10574777
PT [2 0 112 -4 1]
 P 92209 0 262481 10646957
PT [2 0 113 -4 1]
 P 92209 0 265871 10719137
PT [2 0 114 -4 1]
 P 93102 0 265879 10791317
PT [2 0 115 -4 1]
EMPTY QUEUE
 P 93627 0 269278 10865287
PT [2 0 116 -4 1]
 P 94721 0 269281 10935677
PT [2 0 117 -4 1]
 P 94721 0 272671 11007857
PT [2 0 118 -4 1]
 P 94721 0 276061 11080037
PT [2 0 119 -4 1]
 P 97422 0 276069 11152217
PT [2 0 120 -4 1]
EMPTY QUEUE
 P 97914 0 279468 11226346
PT [2 0 121 -4 1]
 P 99769 0 279471 11296577
PT [2 0 122 -4 1]
 P 99769 0 282861 11368757
PT [2 0 123 -4 1]
 P 99769 0 286251 11440937
PT [2 0 124 -4 1]
 P 101460 0 286259 11513117
PT [2 0 125 -4 1]
EMPTY QUEUE
 P 102017 0 289658 11586991
PT [2 0 126 -4 1]
 P 102826 0 289661 11657477
PT [2 0 127 -4 1]
 P 102826 0 293051 11729657
PT [2 0 128 -4 1]
 P 102826 0 296441 11801837
PT [2 0 129 -4 1]
 P 104713 72 296459 11877200
PT [2 0 130 -4 1]
 P 106247 216 299875 11948263
PT [2 0 131 -3 1]
 P 108359 216 299879 12018377
PT [2 0 132 -3 1]
 P 108843 216 303274 12092816
PT [2 0 133 -3 1]
 P 108912 216 309236 12167147
PT [2 0 134 -3 1]
 P 111198 216 309252 12237187
PT [2 0 135 -3 1]
Warning: retx limit drop data
 P 112705 216 311840 12309227
PT [2 0 136 -3 1]
 P 115650 288 311861 12379277
PT [2 0 137 -3 1]
 P 115661 288 315253 12453111
PT [2 0 138 -3 1]
 P 116282 288 318651 12526035
PT [2 0 139 -3 1]
Warning: retx limit drop data
 P 117465 288 324629 12600407
PT [2 0 140 -3 1]
 P 119798 288 324646 12670043
PT [2 0 141 -3 1]
 P 122994 360 324667 12740177
PT [2 0 142 -3 1]
 P 123160 360 328062 12814169
PT [2 0 143 -3 1]
 P 123229 360 334024 12888947
PT [2 0 144 -3 1]
 P 123298 360 339986 12961127
PT [2 0 145 -3 1]
 P 125226 360 340002 13030944
PT [2 0 146 -3 1]
 P 127727 432 340023 13101077
PT [2 0 147 -3 1]
 P 128022 432 343418 13175198
PT [2 0 148 -3 1]
 P 129121 432 343421 13245437
PT [2 0 149 -3 1]
 P 132550 432 343439 13319664
PT [2 0 150 -3 1]
 P 136974 786 343478 13389797
PT [2 0 151 -3 1]
 P 138462 786 343496 13463831
PT [2 0 152 -3 1]
 P 143274 1213 343537 13534157
PT [2 0 153 -3 1]
 P 144733 1496 343553 13607487
PT [2 0 154 -3 1]
 P 149455 1923 343594 13678517
PT [2 0 155 -3 1]
 P 150884 2206 343612 13752679
PT [2 0 156 -3 1]
 P 155629 2633 343656 13822877
PT [2 0 157 -3 1]
 P 157161 2988 343674 13897600
PT [2 0 158 -3 1]
 P 162079 3697 343715 13967237
PT [2 0 159 -3 1]
 P 163581 3980 343731 14041527
PT [2 0 160 -3 1]
 P 167677 4285 343777 14114334
PT [2 0 161 -3 1]
 P 172459 4994 343818 14183777
PT [2 0 162 -3 1]
 P 173914 5277 343835 14258771
PT [2 0 163 -3 1]
Warning: data sending process fails.
 P 177864 5644 343988 14330872
PT [2 0 164 -3 1]
 P 182506 6355 344029 14400317
PT [2 0 165 -3 1]
 P 184038 6710 344050 14475554
PT [2 0 166 -2 1]
 P 188990 7420 344092 14544677
PT [2 0 167 -3 1]
 P 190492 7776 344110 14619720
PT [2 0 168 -3 1]
 P 195353 8487 344149 14689037
PT [2 0 169 -3 1]
 P 196761 8842 344169 14763312
PT [2 0 170 -3 1]
 P 201043 9481 346771 14833397
PT [2 0 171 -3 1]
 P 202359 9553 346789 14907737
PT [2 0 172 -3 1]
 P 207136 10262 346830 14977757
PT [2 0 173 -3 1]
 P 208572 10617 346850 15051936
PT [2 0 174 -3 1]
 P 213431 11327 346892 15122117
PT [2 0 175 -3 1]
 P 214989 11564 346910 15195624
PT [2 0 176 -3 1]
 P 218809 11847 349502 15266477
PT [2 0 177 -3 1]
 P 220282 11919 349521 15341488
PT [2 0 178 -3 1]
 P 224505 12557 352125 15410837
PT [2 0 179 -3 1]
 P 225947 12629 352145 15485304
PT [2 0 180 -3 1]
 P 230631 13338 352186 15555197
PT [2 0 181 -3 1]
 P 232163 13693 352206 15629472
PT [2 0 182 -3 1]
 P 236070 14120 352238 15699557
PT [2 0 183 -3 1]
 P 236627 14192 355638 15773128
PT [2 0 184 -3 1]
 P 238365 14408 359059 15845341
PT [2 0 185 -3 1]
 P 240100 14408 362474 15917631
PT [2 0 186 -3 1]
 P 241771 14624 365894 15990212
PT [2 0 187 -3 1]
Warning: data sending process fails.
 P 244201 14762 366029 16061978
PT [2 0 188 -3 1]
 P 246594 14762 366032 16132637
PT [2 0 189 -3 1]
 P 246594 14762 369422 16204817
PT [2 0 190 -3 1]
 P 246594 14762 372812 16276997
PT [2 0 191 -3 1]
 P 246594 14762 376202 16349177
PT [2 0 192 -3 1]
EMPTY QUEUE
 P 249910 14762 376219 16423659
PT [2 0 193 -4 1]
 P 251208 14762 376222 16493537
PT [2 0 194 -4 1]
 P 251208 14762 379612 16565717
PT [2 0 195 -4 1]
 P 251208 14762 383002 16637897
PT [2 0 196 -4 1]
 P 251208 14762 386392 16710077
PT [2 0 197 -4 1]
EMPTY QUEUE
 P 253351 14762 386408 16785006
PT [2 0 198 -4 1]
 P 254653 14762 386412 16854437
PT [2 0 199 -4 1]
 P 254653 14762 389802 16926617
PT [2 0 200 -4 1]
 P 254653 14762 393192 16998797
PT [2 0 201 -4 1]
 P 254653 14762 396582 17070977
PT [2 0 202 -4 1]
EMPTY QUEUE
 P 256168 14762 396598 17145715
PT [2 0 203 -4 1]
 P 257689 14762 396601 17215337
PT [2 0 204 -4 1]
 P 257689 14762 399991 17287517
PT [2 0 205 -4 1]
 P 257689 14762 403381 17359697
PT [2 0 206 -4 1]
 P 257689 14762 406771 17431877
PT [2 0 207 -4 1]
EMPTY QUEUE
 P 259800 14762 406787 17506166
PT [2 0 208 -4 1]
 P 262027 14762 406790 17576237
PT [2 0 209 -4 1]
 P 262027 14762 410180 17648417
PT [2 0 210 -4 1]
 P 262027 14762 413570 17720597
PT [2 0 211 -4 1]
 P 262027 14762 416960 17792777
PT [2 0 212 -4 1]
EMPTY QUEUE
 P 264846 14762 416976 17865946
PT [2 0 213 -4 1]
 P 265796 14762 416979 17937137
PT [2 0 214 -4 1]
 P 265796 14762 420369 18009317
PT [2 0 215 -4 1]
 P 265796 14762 423759 18081497
PT [2 0 216 -4 1]
 P 265796 14762 427149 18153677
PT [2 0 217 -4 1]
EMPTY QUEUE
 P 267779 14762 427165 18227232
PT [2 0 218 -4 1]
 P 269308 14762 427168 18298037
PT [2 0 219 -4 1]
 P 269308 14762 430558 18370217
PT [2 0 220 -4 1]
 P 269308 14762 433948 18442397
PT [2 0 221 -4 1]
 P 269308 14762 437338 18514577
PT [2 0 222 -4 1]
EMPTY QUEUE
 P 272510 14762 437354 18588066
PT [2 0 223 -4 1]
 P 273684 14762 437357 18658937
PT [2 0 224 -4 1]
 P 273684 14762 440747 18731117
PT [2 0 225 -4 1]
 P 273684 14762 444137 18803297
PT [2 0 226 -4 1]
 P 273684 14762 447527 18875477
PT [2 0 227 -4 1]
EMPTY QUEUE
 P 276846 14762 447543 18950405
PT [2 0 228 -4 1]
 P 277834 14762 447546 19019837
PT [2 0 229 -4 1]
 P 277834 14762 450936 19092017
PT [2 0 230 -4 1]
 P 277834 14762 454326 19164197
PT [2 0 231 -4 1]
 P 277834 14762 457716 19236377
PT [2 0 232 -4 1]
EMPTY QUEUE
 P 281164 14762 457732 19310282
PT [2 0 233 -4 1]
 P 283327 14762 457735 19380737
PT [2 0 234 -4 1]
 P 283327 14762 461125 19452917
PT [2 0 235 -4 1]
 P 283327 14762 464515 19525097
PT [2 0 236 -4 1]
 P 283327 14762 467905 19597277
PT [2 0 237 -4 1]
EMPTY QUEUE
 P 284745 14762 467921 19671790
PT [2 0 238 -4 1]
 P 285512 14762 467924 19741637
PT [2 0 239 -4 1]
 P 286373 14762 467932 19813817
PT [2 0 240 -4 1]
 P 286373 14762 471322 19885997
PT [2 0 241 -4 1]
 P 286373 14762 474712 19958177
PT [2 0 242 -4 1]
EMPTY QUEUE
 P 286961 14762 478110 20032913
PT [2 0 243 -4 1]
 P 287822 14762 478113 20102537
PT [2 0 244 -4 1]
 P 289455 14762 478121 20174717
PT [2 0 245 -4 1]
 P 289455 14762 481511 20246897
PT [2 0 246 -4 1]
 P 289455 14762 484901 20319077
PT [2 0 247 -4 1]
EMPTY QUEUE
 P 290012 14762 488299 20393462
PT [2 0 248 -4 1]
 P 291928 14762 488302 20463437
PT [2 0 249 -4 1]
 P 293290 14762 488310 20535617
PT [2 0 250 -4 1]
 P 293290 14762 491700 20607797
PT [2 0 251 -4 1]
 P 293290 14762 495090 20679977
PT [2 0 252 -4 1]
EMPTY QUEUE
 P 293879 14762 498488 20753562
PT [2 0 253 -4 1]
 P 295569 14762 498491 20824337
PT [2 0 254 -4 1]
 P 298309 14762 498499 20896517
PT [2 0 255 -4 1]
 P 298309 14762 501889 20968697
PT [2 0 256 -4 1]
 P 298309 14762 505279 21040877
PT [2 0 257 -4 1]
EMPTY QUEUE
 P 298834 14762 508677 21115102
PT [2 0 258 -4 1]
 P 301580 14762 508680 21185237
PT [2 0 259 -4 1]
 P 302689 14762 508683 21257417
PT [2 0 260 -4 1]
 P 303563 14762 508691 21329597
PT [2 0 261 -4 1]
 P 303563 14762 512081 21401777
PT [2 0 262 -4 1]
EMPTY QUEUE
 P 304119 14762 515479 21476225
PT [2 0 263 -4 1]
 P 304119 14762 518869 21546137
PT [2 0 264 -4 1]
 P 305871 14762 518872 21618317
PT [2 0 265 -4 1]
 P 307518 14762 518880 21690497
PT [2 0 266 -4 1]
 P 307518 14762 522270 21762677
PT [2 0 267 -4 1]
EMPTY QUEUE
 P 308138 14762 525668 21836869
PT [2 0 268 -4 1]
 P 308138 14762 529058 21907037
PT [2 0 269 -4 1]
 P 308844 14762 529061 21979217
PT [2 0 270 -4 1]
 P 310207 14762 529069 22051397
PT [2 0 271 -4 1]
 P 310207 14762 532459 22123577
PT [2 0 272 -4 1]
EMPTY QUEUE
 P 310731 14762 535857 22196841
PT [2 0 273 -4 1]
 P 310731 14762 539247 22267937
PT [2 0 274 -4 1]
 P 312762 14762 539250 22340117
PT [2 0 275 -4 1]
 P 315503 14762 539258 22412297
PT [2 0 276 -4 1]
 P 315503 14762 542648 22484477
PT [2 0 277 -4 1]
EMPTY QUEUE
 P 315995 14762 546046 22558413
PT [2 0 278 -4 1]
 P 315995 14762 549436 22628837
PT [2 0 279 -4 1]
 P 317745 14762 549439 22701017
PT [2 0 280 -4 1]
 P 319266 14762 549447 22773197
PT [2 0 281 -4 1]
 P 319266 14762 552837 22845377
PT [2 0 282 -4 1]
EMPTY QUEUE
 P 319854 14762 556235 22919602
PT [2 0 283 -4 1]
 P 319854 14762 559625 22989737
PT [2 0 284 -4 1]
 P 321854 14762 559628 23061917
PT [2 0 285 -4 1]
 P 322875 14762 559636 23134097
PT [2 0 286 -4 1]
 P 322875 14762 563026 23206277
PT [2 0 287 -4 1]
EMPTY QUEUE
 P 323495 14762 566424 23280214
PT [2 0 288 -4 1]
 P 323495 14762 569814 23350637
PT [2 0 289 -4 1]
 P 324799 14762 569818 23422817
PT [2 0 290 -4 1]
 P 326291 14762 569826 23494997
PT [2 0 291 -4 1]
 P 326291 14762 573216 23567177
PT [2 0 292 -4 1]
EMPTY QUEUE
 P 326815 14762 576614 23642234
PT [2 0 293 -4 1]
 P 326815 14762 580004 23711537
PT [2 0 294 -4 1]
 P 327797 14762 580007 23783717
PT [2 0 295 -4 1]
 P 330029 14762 580015 23855897
PT [2 0 296 -4 1]
 P 330029 14762 583405 23928077
PT [2 0 297 -4 1]
EMPTY QUEUE
 P 330617 14762 586803 24001854
PT [2 0 298 -3 1]
 P 330617 14762 590193 24072437
PT [2 0 299 -3 1]
 P 332019 14762 590196 24144617
PT [2 0 300 -3 1]
 P 333478 14762 590204 24216797
PT [2 0 301 -3 1]
 P 333478 14762 593594 24288977
PT [2 0 302 -3 1]
EMPTY QUEUE
 P 334004 14762 596992 24362884
PT [2 0 303 -4 1]
 P 334004 14762 600382 24433337
PT [2 0 304 -4 1]
 P 336581 14762 600385 24505517
PT [2 0 305 -4 1]
 P 339258 14762 600393 24577697
PT [2 0 306 -4 1]
 P 339258 14762 603783 24649877
PT [2 0 307 -4 1]
EMPTY QUEUE
 P 339750 14762 607181 24723430
PT [2 0 308 -3 1]
 P 339750 14762 610571 24794237
PT [2 0 309 -3 1]
 P 341950 14762 610574 24866417
PT [2 0 310 -3 1]
 P 344619 14762 610582 24938597
PT [2 0 311 -3 1]
 P 344619 14762 613972 25010777
PT [2 0 312 -3 1]
EMPTY QUEUE
 P 345113 14762 617370 25085547
PT [2 0 313 -4 1]
 P 345113 14762 620760 25155137
PT [2 0 314 -4 1]
 P 345814 14762 620764 25227317
PT [2 0 315 -4 1]
 P 348587 14762 620772 25299497
PT [2 0 316 -4 1]
 P 348587 14762 624162 25371677
PT [2 0 317 -4 1]
EMPTY QUEUE
 P 349111 14762 627560 25445134
PT [2 0 318 -3 1]
 P 349111 14762 630950 25516037
PT [2 0 319 -3 1]
 P 351696 14762 630953 25588217
PT [2 0 320 -3 1]
 P 352612 14762 630961 25660397
PT [2 0 321 -3 1]
 P 352612 14762 634351 25732577
PT [2 0 322 -3 1]
EMPTY QUEUE
 P 353234 14762 637749 25806324
PT [2 0 323 -3 1]
 P 353234 14762 641139 25876937
PT [2 0 324 -3 1]
 P 354574 14762 641142 25949117
PT [2 0 325 -3 1]
 P 356326 14762 641151 26021297
PT [2 0 326 -3 1]
 P 356326 14762 644541 26093477
PT [2 0 327 -3 1]
EMPTY QUEUE
 P 356818 14762 647939 26166774
PT [2 0 328 -3 1]
 P 356818 14762 651329 26237837
PT [2 0 329 -3 1]
 P 358259 14762 651332 26310017
PT [2 0 330 -3 1]
 P 360578 14762 651341 26382197
PT [2 0 331 -3 1]
 P 360578 14762 654731 26454377
PT [2 0 332 -3 1]
EMPTY QUEUE
 P 361134 14762 658129 26528954
PT [2 0 333 -3 1]
 P 361134 14762 661519 26598737
PT [2 0 334 -3 1]
 P 361868 14762 661523 26670917
PT [2 0 335 -3 1]
 P 364547 14762 661532 26743097
PT [2 0 336 -3 1]
 P 364547 14762 664922 26815277
PT [2 0 337 -3 1]
EMPTY QUEUE
 P 365039 14762 668320 26888446
PT [2 0 338 -3 1]
 P 365039 14762 671710 26959637
PT [2 0 339 -3 1]
 P 367212 14762 671713 27031817
PT [2 0 340 -3 1]
 P 369403 14762 671721 27103997
PT [2 0 341 -3 1]
 P 369403 14762 675111 27176177
PT [2 0 342 -3 1]
EMPTY QUEUE
 P 369472 14762 681073 27251679
PT [2 0 343 -3 1]
EMPTY QUEUE
 P 370093 14762 684471 27322935
PT [2 0 344 -2 1]
 P 371340 14762 684474 27392717
PT [2 0 345 -2 1]
 P 372552 14762 684482 27464897
PT [2 0 346 -2 1]
 P 372552 14762 687872 27537077
PT [2 0 347 -2 1]
 P 372552 14762 691262 27609257
PT [2 0 348 -2 1]
EMPTY QUEUE
 P 373172 14762 694660 27684026
PT [2 0 349 -3 1]
 P 374743 14762 694663 27753617
PT [2 0 350 -3 1]
 P 377412 14762 694672 27825797
PT [2 0 351 -3 1]
 P 377412 14762 698062 27897977
PT [2 0 352 -3 1]
 P 377412 14762 701452 27970157
PT [2 0 353 -3 1]
EMPTY QUEUE
 P 377904 14762 704850 28044478
PT [2 0 354 -3 1]
 P 380554 14762 704853 28114517
PT [2 0 355 -3 1]
 P 382307 14762 704863 28186697
PT [2 0 356 -3 1]
 P 382307 14762 708253 28258877
PT [2 0 357 -3 1]
 P 382307 14762 711643 28331057
PT [2 0 358 -3 1]
EMPTY QUEUE
 P 382927 14762 715041 28404674
PT [2 0 359 -3 1]
 P 385296 14762 715044 28475417
PT [2 0 360 -3 1]
 P 387106 14762 715053 28547597
PT [2 0 361 -3 1]
 P 387106 14762 718443 28619777
PT [2 0 362 -3 1]
 P 387106 14762 721833 28691957
PT [2 0 363 -3 1]
EMPTY QUEUE
 P 387662 14762 725231 28766214
PT [2 0 364 -3 1]
 P 388850 14762 725234 28836317
PT [2 0 365 -3 1]
 P 390413 14762 725242 28908497
PT [2 0 366 -3 1]
 P 390413 14762 728632 28980677
PT [2 0 367 -3 1]
 P 390413 14762 732022 29052857
PT [2 0 368 -3 1]
EMPTY QUEUE
 P 390969 14762 735420 29127306
PT [2 0 369 -3 1]
 P 391908 14762 735423 29197217
PT [2 0 370 -3 1]
 P 393429 14762 735432 29269397
PT [2 0 371 -3 1]
 P 393429 14762 738822 29341577
PT [2 0 372 -3 1]
 P 393429 14762 742212 29413757
PT [2 0 373 -3 1]
EMPTY QUEUE
 P 393985 14762 745610 29487886
PT [2 0 374 -3 1]
 P 396575 14762 745613 29558117
PT [2 0 375 -3 1]
 P 397722 14762 745622 29630297
PT [2 0 376 -3 1]
 P 397722 14762 749012 29702477
PT [2 0 377 -3 1]
 P 397722 14762 752402 29774657
PT [2 0 378 -3 1]
EMPTY QUEUE
 P 398278 14762 755800 29847954
PT [2 0 379 -3 1]
 P 400459 14762 755804 29919017
PT [2 0 380 -3 1]
 P 402714 14762 755812 29991197
PT [2 0 381 -3 1]
 P 402714 14762 759202 30063377
PT [2 0 382 -3 1]
 P 402714 14762 762592 30135557
PT [2 0 383 -3 1]
EMPTY QUEUE
 P 403238 14762 765990 30209526
PT [2 0 384 -3 1]
 P 403238 14762 769380 30279917
PT [2 0 385 -3 1]
 P 406011 14762 769388 30352097
PT [2 0 386 -3 1]
 P 407273 14762 769391 30424277
PT [2 0 387 -3 1]
 P 407273 14762 772781 30496457
PT [2 0 388 -3 1]
EMPTY QUEUE
 P 407765 14762 776179 30570586
PT [2 0 389 -3 1]
 P 407765 14762 779569 30640817
PT [2 0 390 -3 1]
 P 408715 14762 779577 30712997
PT [2 0 391 -3 1]
 P 409919 14762 779580 30785177
PT [2 0 392 -3 1]
 P 409919 14762 782970 30857357
PT [2 0 393 -3 1]
EMPTY QUEUE
 P 410475 14762 786368 30931231
PT [2 0 394 -3 1]
 P 410475 14762 789758 31001717
PT [2 0 395 -3 1]
 P 413120 14762 789767 31073897
PT [2 0 396 -3 1]
 P 415014 14762 789770 31146077
PT [2 0 397 -3 1]
 P 415014 14762 793160 31218257
PT [2 0 398 -3 1]
EMPTY QUEUE
 P 415604 14762 796558 31293380
PT [2 0 399 -3 1]
 P 415604 14762 799948 31362617
PT [2 0 400 -3 1]
 P 417349 14762 799956 31434797
PT [2 0 401 -3 1]
 P 419662 14762 799960 31506977
PT [2 0 402 -3 1]
 P 419662 14762 803350 31579157
PT [2 0 403 -3 1]
EMPTY QUEUE
 P 420186 14762 806748 31652870
PT [2 0 404 -3 1]
 P 420186 14762 810138 31723517
PT [2 0 405 -3 1]
 P 421429 14762 810147 31795697
PT [2 0 406 -3 1]
 P 422657 14762 810150 31867877
PT [2 0 407 -3 1]
 P 422657 14762 813540 31940057
PT [2 0 408 -3 1]
EMPTY QUEUE
 P 422726 14762 819502 32016071
PT [2 0 409 -3 1]
EMPTY QUEUE
 P 423346 14762 822900 32086815
PT [2 0 410 -3 1]
 P 425250 14762 822909 32156597
PT [2 0 411 -3 1]
 P 426483 14762 822912 32228777
PT [2 0 412 -3 1]
 P 426483 14762 826302 32300957
PT [2 0 413 -3 1]
 P 426483 14762 829692 32373137
PT [2 0 414 -3 1]
EMPTY QUEUE
 P 427103 14762 833090 32447906
PT [2 0 415 -3 1]
 P 428346 14762 833099 32517497
PT [2 0 416 -3 1]
 P 429797 14762 833103 32589677
PT [2 0 417 -3 1]
 P 429797 14762 836493 32661857
PT [2 0 418 -3 1]
 P 429797 14762 839883 32734037
PT [2 0 419 -3 1]
EMPTY QUEUE
 P 430289 14762 843281 32808358
PT [2 0 420 -3 1]
 P 431492 14762 843289 32878397
PT [2 0 421 -3 1]
 P 433650 14762 843292 32950577
PT [2 0 422 -3 1]
 P 433650 14762 846682 33022757
PT [2 0 423 -3 1]
 P 433650 14762 850072 33094937
PT [2 0 424 -3 1]
EMPTY QUEUE
 P 434270 14762 853470 33168554
PT [2 0 425 -3 1]
 P 436533 14762 853479 33239297
PT [2 0 426 -3 1]
 P 437413 14762 853482 33311477
PT [2 0 427 -3 1]
 P 437413 14762 856872 33383657
PT [2 0 428 -3 1]
 P 437413 14762 860262 33455837
PT [2 0 429 -3 1]
EMPTY QUEUE
 P 437424 14762 863654 33529543
PT [2 0 430 -3 1]
EMPTY QUEUE
 P 440202 14762 863670 33602178
PT [2 0 431 -3 1]
 P 441661 14762 863673 33672377
PT [2 0 432 -3 1]
 P 441661 14762 867063 33744557
PT [2 0 433 -3 1]
 P 441661 14762 870453 33816737
PT [2 0 434 -3 1]
 P 441661 14762 873843 33888917
PT [2 0 435 -3 1]
EMPTY QUEUE
 P 443555 14762 873860 33963526
PT [2 0 436 -3 1]
 P 444661 14762 873863 34033277
PT [2 0 437 -3 1]
 P 444661 14762 877253 34105457
PT [2 0 438 -3 1]
 P 444661 14762 880643 34177637
PT [2 0 439 -3 1]
 P 444661 14762 884033 34249817
PT [2 0 440 -3 1]
EMPTY QUEUE
 P 447535 14762 884050 34324362
PT [2 0 441 -3 1]
 P 448455 14762 884053 34394177
PT [2 0 442 -3 1]
 P 448455 14762 887443 34466357
PT [2 0 443 -3 1]
 P 448455 14762 890833 34538537
PT [2 0 444 -3 1]
 P 448455 14762 894223 34610717
PT [2 0 445 -3 1]
EMPTY QUEUE
 P 451085 14762 894239 34684686
PT [2 0 446 -3 1]
 P 453180 14762 894242 34755077
PT [2 0 447 -3 1]
 P 453180 14762 897632 34827257
PT [2 0 448 -3 1]
 P 453180 14762 901022 34899437
PT [2 0 449 -3 1]
 P 453180 14762 904412 34971617
PT [2 0 450 -3 1]
EMPTY QUEUE
 P 456278 14762 904428 35046514
PT [2 0 451 -3 1]
 P 456278 14762 907818 35115977
PT [2 0 452 -3 1]
 P 457506 14762 907821 35188157
PT [2 0 453 -3 1]
 P 457506 14762 911211 35260337
PT [2 0 454 -3 1]
 P 457506 14762 914601 35332517
PT [2 0 455 -3 1]
EMPTY QUEUE
 P 459210 14762 914617 35405782
PT [2 0 456 -3 1]
 P 459210 14762 918007 35476877
PT [2 0 457 -3 1]
 P 460510 14762 918010 35549057
PT [2 0 458 -3 1]
 P 460510 14762 921400 35621237
PT [2 0 459 -3 1]
 P 460510 14762 924790 35693417
PT [2 0 460 -3 1]
EMPTY QUEUE
 P 463321 14762 924807 35766682
PT [2 0 461 -3 1]
 P 463321 14762 928197 35837777
PT [2 0 462 -3 1]
 P 465168 14762 928200 35909957
PT [2 0 463 -3 1]
 P 465168 14762 931590 35982137
PT [2 0 464 -3 1]
 P 465168 14762 934980 36054317
PT [2 0 465 -3 1]
EMPTY QUEUE
 P 466904 14762 934996 36129086
PT [2 0 466 -3 1]
 P 466904 14762 938386 36198677
PT [2 0 467 -3 1]
 P 469289 14762 938389 36270857
PT [2 0 468 -3 1]
 P 469289 14762 941779 36343037
PT [2 0 469 -3 1]
 P 469289 14762 945169 36415217
PT [2 0 470 -3 1]
EMPTY QUEUE
 P 471560 14762 945186 36488836
PT [2 0 471 -3 1]
 P 471560 14762 948576 36559577
PT [2 0 472 -3 1]
 P 472740 14762 948579 36631757
PT [2 0 473 -3 1]
 P 472740 14762 951969 36703937
PT [2 0 474 -3 1]
 P 472740 14762 955359 36776117
PT [2 0 475 -3 1]
EMPTY QUEUE
 P 474061 14762 955375 36850150
PT [2 0 476 -3 1]
 P 474061 14762 958765 36920477
PT [2 0 477 -3 1]
 P 475365 14762 958768 36992657
PT [2 0 478 -3 1]
 P 475365 14762 962158 37064837
PT [2 0 479 -3 1]
 P 475365 14762 965548 37137017
PT [2 0 480 -3 1]
EMPTY QUEUE
 P 477698 14762 965564 37211083
PT [2 0 481 -3 1]
 P 477698 14762 968954 37281377
PT [2 0 482 -3 1]
 P 479103 14762 968957 37353557
PT [2 0 483 -3 1]
 P 479103 14762 972347 37425737
PT [2 0 484 -3 1]
 P 479103 14762 975737 37497917
PT [2 0 485 -3 1]
EMPTY QUEUE
 P 481568 14762 975748 37570823
PT [2 0 486 -3 1]
EMPTY QUEUE
 P 482060 14762 979146 37644546
PT [2 0 487 -3 1]
 P 484290 14762 979150 37714457
PT [2 0 488 -3 1]
 P 484290 14762 982540 37786637
PT [2 0 489 -3 1]
 P 484290 14762 985930 37858817
PT [2 0 490 -3 1]
 P 486545 14762 985938 37930997
PT [2 0 491 -3 1]
EMPTY QUEUE
 P 487165 14762 989336 38005766
PT [2 0 492 -3 1]
 P 487999 14762 989340 38075357
PT [2 0 493 -3 1]
 P 487999 14762 992730 38147537
PT [2 0 494 -3 1]
 P 487999 14762 996120 38219717
PT [2 0 495 -3 1]
 P 489626 14762 996128 38291897
PT [2 0 496 -3 1]
EMPTY QUEUE
 P 490246 14762 999526 38366346
PT [2 0 497 -3 1]
 P 491777 14762 999530 38436257
PT [2 0 498 -3 1]
 P 491777 14762 1002920 38508437
PT [2 0 499 -3 1]
 P 491777 14762 1006310 38580617
PT [2 0 500 -3 1]
 P 494412 14762 1006319 38652797
PT [2 0 501 -3 1]
EMPTY QUEUE
 P 494904 14762 1009717 38726286
PT [2 0 502 -3 1]
 P 495963 14762 1009720 38797157
PT [2 0 503 -3 1]
 P 495963 14762 1013110 38869337
PT [2 0 504 -3 1]
 P 495963 14762 1016500 38941517
PT [2 0 505 -3 1]
 P 498449 14762 1016508 39013697
PT [2 0 506 -3 1]
EMPTY QUEUE
 P 499069 14762 1019906 39088018
PT [2 0 507 -3 1]
 P 500060 14762 1019909 39158057
PT [2 0 508 -3 1]
 P 500060 14762 1023299 39230237
PT [2 0 509 -3 1]
 P 500060 14762 1026689 39302417
PT [2 0 510 -3 1]
 P 501454 14762 1026698 39374597
PT [2 0 511 -3 1]
EMPTY QUEUE
 P 501523 14762 1032660 39451123
PT [2 0 512 -3 1]
 P 503571 14762 1032663 39518957
PT [2 0 513 -3 1]
EMPTY QUEUE
 P 504063 14762 1036061 39593406
PT [2 0 514 -3 1]
 P 504063 14762 1039451 39663317
PT [2 0 515 -3 1]
 P 505912 14762 1039459 39735497
PT [2 0 516 -3 1]
 P 505912 14762 1042849 39807677
PT [2 0 517 -3 1]
 P 506682 14762 1042853 39879857
PT [2 0 518 -3 1]
EMPTY QUEUE
 P 507302 14762 1046251 39954626
PT [2 0 519 -3 1]
 P 507302 14762 1049641 40024217
PT [2 0 520 -3 1]
 P 508696 14762 1049649 40096397
PT [2 0 521 -3 1]
 P 508696 14762 1053039 40168577
PT [2 0 522 -3 1]
 P 509440 14762 1053042 40240757
PT [2 0 523 -3 1]
EMPTY QUEUE
 P 509506 14762 1056434 40314645
PT [2 0 524 -3 1]
EMPTY QUEUE
 P 510126 14762 1059832 40387514
PT [2 0 525 -3 1]
 P 512357 14762 1059840 40457297
PT [2 0 526 -3 1]
 P 512357 14762 1063230 40529477
PT [2 0 527 -3 1]
 P 514278 14762 1063233 40601657
PT [2 0 528 -3 1]
 P 514278 14762 1066623 40673837
PT [2 0 529 -3 1]
EMPTY QUEUE
 P 514866 14762 1070021 40748575
PT [2 0 530 -3 1]
 P 517693 14762 1070031 40818197
PT [2 0 531 -3 1]
 P 517693 14762 1073421 40890377
PT [2 0 532 -3 1]
 P 519269 14762 1073424 40962557
PT [2 0 533 -3 1]
 P 521947 14762 1073428 41034737
PT [2 0 534 -3 1]
EMPTY QUEUE
 P 522471 14762 1076826 41109090
PT [2 0 535 -3 1]
 P 524701 14762 1076835 41179097
PT [2 0 536 -3 1]
 P 524701 14762 1080225 41251277
PT [2 0 537 -3 1]
 P 524701 14762 1083615 41323457
PT [2 0 538 -3 1]
 P 525697 14762 1083618 41395637
PT [2 0 539 -3 1]
EMPTY QUEUE
 P 526221 14762 1087016 41469158
PT [2 0 540 -3 1]
 P 528984 14762 1087025 41539997
PT [2 0 541 -3 1]
 P 528984 14762 1090415 41612177
PT [2 0 542 -3 1]
 P 528984 14762 1093805 41684357
PT [2 0 543 -3 1]
 P 530622 14762 1093808 41756537
PT [2 0 544 -3 1]
EMPTY QUEUE
 P 530691 14762 1099770 41832871
PT [2 0 545 -3 1]
EMPTY QUEUE
 P 533372 14762 1102351 41904955
PT [2 0 546 -3 1]
EMPTY QUEUE
 P 533992 14762 1105749 41975474
PT [2 0 547 -3 1]
 P 533992 14762 1109139 42045257
PT [2 0 548 -3 1]
 P 533992 14762 1112529 42117437
PT [2 0 549 -3 1]
 P 535189 14762 1112532 42189617
PT [2 0 550 -3 1]
 P 536520 14762 1112540 42261797
PT [2 0 551 -3 1]
EMPTY QUEUE
 P 537141 14762 1115939 42336567
PT [2 0 552 -2 1]
 P 537141 14762 1119329 42406157
PT [2 0 553 -2 1]
 P 537141 14762 1122719 42478337
PT [2 0 554 -2 1]
 P 538279 14762 1122722 42550517
PT [2 0 555 -2 1]
 P 539301 14762 1122730 42622697
PT [2 0 556 -2 1]
EMPTY QUEUE
 P 539793 14762 1126128 42697018
PT [2 0 557 -3 1]
 P 539793 14762 1129518 42767057
PT [2 0 558 -3 1]
 P 539793 14762 1132908 42839237
PT [2 0 559 -3 1]
 P 541609 14762 1132911 42911417
PT [2 0 560 -3 1]
 P 543927 14762 1132919 42983597
PT [2 0 561 -3 1]
EMPTY QUEUE
 P 544547 14762 1136317 43057214
PT [2 0 562 -3 1]
 P 544547 14762 1139707 43127957
PT [2 0 563 -3 1]
 P 544547 14762 1143097 43200137
PT [2 0 564 -3 1]
 P 546782 14762 1143101 43272317
PT [2 0 565 -3 1]
 P 547643 14762 1143110 43344497
PT [2 0 566 -3 1]
EMPTY QUEUE
 P 548199 14762 1146508 43418754
PT [2 0 567 -3 1]
 P 548199 14762 1149898 43488857
PT [2 0 568 -3 1]
 P 548199 14762 1153288 43561037
PT [2 0 569 -3 1]
 P 549348 14762 1153291 43633217
PT [2 0 570 -3 1]
 P 551127 14762 1153299 43705397
PT [2 0 571 -3 1]
EMPTY QUEUE
 P 551196 14762 1159261 43781923
PT [2 0 572 -3 1]
EMPTY QUEUE
 P 551207 14762 1162653 43851539
PT [2 0 573 -3 1]
EMPTY QUEUE
 P 551461 14762 1166048 43923965
PT [2 0 574 -3 1]
 P 552615 14762 1166051 43994117
PT [2 0 575 -3 1]
EMPTY QUEUE
 P 554480 14762 1166067 44068214
PT [2 0 576 -3 1]
 P 554480 14762 1169457 44138477
PT [2 0 577 -3 1]
 P 554480 14762 1172847 44210657
PT [2 0 578 -3 1]
 P 554480 14762 1176237 44282837
PT [2 0 579 -3 1]
 P 555854 14762 1176240 44355017
PT [2 0 580 -3 1]
EMPTY QUEUE
 P 557614 14762 1176257 44429690
PT [2 0 581 -3 1]
 P 557614 14762 1179647 44499377
PT [2 0 582 -3 1]
 P 557614 14762 1183037 44571557
PT [2 0 583 -3 1]
 P 557614 14762 1186427 44643737
PT [2 0 584 -3 1]
 P 559694 14762 1186430 44715917
PT [2 0 585 -3 1]
EMPTY QUEUE
 P 561939 14762 1186447 44790494
PT [2 0 586 -3 1]
 P 561939 14762 1189837 44860277
PT [2 0 587 -3 1]
 P 561939 14762 1193227 44932457
PT [2 0 588 -3 1]
 P 561939 14762 1196617 45004637
PT [2 0 589 -3 1]
 P 562741 14762 1196620 45076817
PT [2 0 590 -3 1]
EMPTY QUEUE
 P 565455 14762 1196638 45150755
PT [2 0 591 -3 1]
 P 565455 14762 1200028 45221177
PT [2 0 592 -3 1]
 P 565455 14762 1203418 45293357
PT [2 0 593 -3 1]
 P 565455 14762 1206808 45365537
PT [2 0 594 -3 1]
 P 566836 14762 1206811 45437717
PT [2 0 595 -3 1]
EMPTY QUEUE
 P 569431 14762 1206829 45512614
PT [2 0 596 -3 1]
 P 569431 14762 1210219 45582077
PT [2 0 597 -3 1]
 P 569431 14762 1213609 45654257
PT [2 0 598 -3 1]
 P 569431 14762 1216999 45726437
PT [2 0 599 -3 1]
 P 570458 14762 1217002 45798617
PT [2 0 600 -3 1]
EMPTY QUEUE
 P 572790 14762 1217019 45871882
PT [2 0 601 -3 1]
 P 572790 14762 1220409 45942977
PT [2 0 602 -3 1]
 P 572790 14762 1223799 46015157
PT [2 0 603 -3 1]
 P 572790 14762 1227189 46087337
PT [2 0 604 -3 1]
 P 573632 14762 1227192 46159517
PT [2 0 605 -3 1]
EMPTY QUEUE
 P 575399 14762 1227208 46232782
PT [2 0 606 -3 1]
 P 575399 14762 1230598 46303877
PT [2 0 607 -3 1]
 P 575399 14762 1233988 46376057
PT [2 0 608 -3 1]
 P 575399 14762 1237378 46448237
PT [2 0 609 -3 1]
 P 577415 14762 1237381 46520417
PT [2 0 610 -3 1]
EMPTY QUEUE
 P 578886 14762 1237398 46595154
PT [2 0 611 -3 1]
 P 578886 14762 1240788 46664777
PT [2 0 612 -3 1]
 P 578886 14762 1244178 46736957
PT [2 0 613 -3 1]
 P 578886 14762 1247568 46809137
PT [2 0 614 -3 1]
 P 579506 14762 1247571 46881317
PT [2 0 615 -3 1]
EMPTY QUEUE
 P 581369 14762 1247588 46954998
PT [2 0 616 -3 1]
 P 581369 14762 1250978 47025677
PT [2 0 617 -3 1]
 P 581369 14762 1254368 47097857
PT [2 0 618 -3 1]
 P 581369 14762 1257758 47170037
PT [2 0 619 -3 1]
 P 582081 14762 1257761 47242217
PT [2 0 620 -3 1]
EMPTY QUEUE
 P 585243 14762 1257777 47316314
PT [2 0 621 -3 1]
 P 585243 14762 1261167 47386577
PT [2 0 622 -3 1]
 P 585243 14762 1264557 47458757
PT [2 0 623 -3 1]
 P 585243 14762 1267947 47530937
PT [2 0 624 -3 1]
 P 587011 14762 1267950 47603117
PT [2 0 625 -3 1]
EMPTY QUEUE
 P 590212 14762 1267966 47677182
PT [2 0 626 -3 1]
 P 590212 14762 1271356 47747477
PT [2 0 627 -3 1]
 P 590212 14762 1274746 47819657
PT [2 0 628 -3 1]
 P 590212 14762 1278136 47891837
PT [2 0 629 -3 1]
 P 591755 14762 1278139 47964017
PT [2 0 630 -3 1]
EMPTY QUEUE
 P 594884 14762 1278157 48037442
PT [2 0 631 -3 1]
 P 594884 14762 1281547 48108377
PT [2 0 632 -3 1]
 P 594884 14762 1284937 48180557
PT [2 0 633 -3 1]
 P 594884 14762 1288327 48252737
PT [2 0 634 -3 1]
 P 597483 14762 1288330 48324917
PT [2 0 635 -3 1]
EMPTY QUEUE
 P 600049 14762 1288347 48399334
PT [2 0 636 -3 1]
 P 600049 14762 1291737 48469277
PT [2 0 637 -3 1]
 P 600049 14762 1295127 48541457
PT [2 0 638 -3 1]
 P 600049 14762 1298517 48613637
PT [2 0 639 -3 1]
 P 601084 14762 1298520 48685817
PT [2 0 640 -3 1]
EMPTY QUEUE
 P 602812 14762 1298536 48760746
PT [2 0 641 -3 1]
 P 602812 14762 1301926 48830177
PT [2 0 642 -3 1]
 P 602812 14762 1305316 48902357
PT [2 0 643 -3 1]
 P 602812 14762 1308706 48974537
PT [2 0 644 -3 1]
 P 604489 14762 1308709 49046717
PT [2 0 645 -3 1]
EMPTY QUEUE
 P 607466 14762 1308726 49121486
PT [2 0 646 -3 1]
 P 607466 14762 1312116 49191077
PT [2 0 647 -3 1]
 P 607466 14762 1315506 49263257
PT [2 0 648 -3 1]
 P 607466 14762 1318896 49335437
PT [2 0 649 -3 1]
 P 608216 14762 1318899 49407617
PT [2 0 650 -3 1]
EMPTY QUEUE
 P 609563 14762 1318917 49481779
PT [2 0 651 -2 1]
 P 609563 14762 1322307 49551977
PT [2 0 652 -2 1]
 P 609563 14762 1325697 49624157
PT [2 0 653 -2 1]
 P 609563 14762 1329087 49696337
PT [2 0 654 -2 1]
 P 611497 14762 1329090 49768517
PT [2 0 655 -2 1]
EMPTY QUEUE
 P 614698 14762 1329108 49841686
PT [2 0 656 -3 1]
 P 614698 14762 1332498 49912877
PT [2 0 657 -3 1]
 P 614698 14762 1335888 49985057
PT [2 0 658 -3 1]
 P 614698 14762 1339278 50057237
PT [2 0 659 -3 1]
 P 616469 14762 1339281 50129417
PT [2 0 660 -3 1]
EMPTY QUEUE
 P 618070 14762 1339298 50203066
PT [2 0 661 -3 1]
 P 618070 14762 1342688 50273777
PT [2 0 662 -3 1]
 P 618070 14762 1346078 50345957
PT [2 0 663 -3 1]
 P 618070 14762 1349468 50418137
PT [2 0 664 -3 1]
 P 619974 14762 1349471 50490317
PT [2 0 665 -3 1]
EMPTY QUEUE
 P 622889 14762 1349487 50563871
PT [2 0 666 -3 1]
 P 622889 14762 1352877 50634677
PT [2 0 667 -3 1]
 P 622889 14762 1356267 50706857
PT [2 0 668 -3 1]
 P 622889 14762 1359657 50779037
PT [2 0 669 -3 1]
 P 624216 14762 1359660 50851217
PT [2 0 670 -3 1]
EMPTY QUEUE
 P 625839 14762 1362240 50928287
PT [2 0 671 -3 1]
EMPTY QUEUE
 P 626459 14762 1365639 50997974
PT [2 0 672 -3 1]
 P 626459 14762 1369029 51067757
PT [2 0 673 -3 1]
 P 626459 14762 1372419 51139937
PT [2 0 674 -3 1]
 P 627345 14762 1372422 51212117
PT [2 0 675 -3 1]
 P 629671 14762 1372431 51284297
PT [2 0 676 -3 1]
EMPTY QUEUE
 P 630291 14762 1375830 51359066
PT [2 0 677 -3 1]
 P 630291 14762 1379220 51428657
PT [2 0 678 -3 1]
 P 630291 14762 1382610 51500837
PT [2 0 679 -3 1]
 P 631715 14762 1382613 51573017
PT [2 0 680 -3 1]
 P 633715 14762 1382622 51645197
PT [2 0 681 -3 1]
EMPTY QUEUE
 P 634208 14762 1386020 51719519
PT [2 0 682 -3 1]
 P 634208 14762 1389410 51789557
PT [2 0 683 -3 1]
 P 634208 14762 1392800 51861737
PT [2 0 684 -3 1]
 P 636689 14762 1392803 51933917
PT [2 0 685 -3 1]
 P 638952 14762 1392812 52006097
PT [2 0 686 -3 1]
EMPTY QUEUE
 P 639572 14762 1396211 52079714
PT [2 0 687 -3 1]
 P 639572 14762 1399601 52150457
PT [2 0 688 -3 1]
 P 639572 14762 1402991 52222637
PT [2 0 689 -3 1]
 P 641795 14762 1402994 52294817
PT [2 0 690 -3 1]
 P 643061 14762 1403003 52366997
PT [2 0 691 -3 1]
EMPTY QUEUE
 P 643618 14762 1406401 52441255
PT [2 0 692 -3 1]
 P 643618 14762 1409791 52511357
PT [2 0 693 -3 1]
 P 643618 14762 1413181 52583537
PT [2 0 694 -3 1]
 P 644222 14762 1413184 52655717
PT [2 0 695 -3 1]
 P 645211 14762 1413193 52727897
PT [2 0 696 -3 1]
EMPTY QUEUE
 P 645768 14762 1416592 52802347
PT [2 0 697 -3 1]
 P 645768 14762 1419982 52872257
PT [2 0 698 -3 1]
 P 645768 14762 1423372 52944437
PT [2 0 699 -3 1]
 P 648374 14762 1423375 53016617
PT [2 0 700 -3 1]
 P 649418 14762 1423384 53088797
PT [2 0 701 -3 1]
EMPTY QUEUE
 P 649975 14762 1426783 53162927
PT [2 0 702 -3 1]
 P 649975 14762 1430173 53233157
PT [2 0 703 -3 1]
 P 649975 14762 1433563 53305337
PT [2 0 704 -3 1]
 P 651217 14762 1433566 53377517
PT [2 0 705 -3 1]
 P 652396 14762 1433575 53449697
PT [2 0 706 -3 1]
EMPTY QUEUE
 P 652953 14762 1436974 53522995
PT [2 0 707 -2 1]
 P 652953 14762 1440364 53594057
PT [2 0 708 -2 1]
 P 652953 14762 1443754 53666237
PT [2 0 709 -2 1]
 P 654414 14762 1443757 53738417
PT [2 0 710 -2 1]
 P 655267 14762 1443765 53810597
PT [2 0 711 -2 1]
EMPTY QUEUE
 P 655791 14762 1447164 53884566
PT [2 0 712 -3 1]
 P 655791 14762 1450554 53954957
PT [2 0 713 -3 1]
 P 655791 14762 1453944 54027137
PT [2 0 714 -3 1]
 P 656430 14762 1453947 54099317
PT [2 0 715 -3 1]
 P 658567 14762 1453955 54171497
PT [2 0 716 -3 1]
EMPTY QUEUE
 P 659059 14762 1457354 54245626
PT [2 0 717 -3 1]
 P 659059 14762 1460744 54315857
PT [2 0 718 -3 1]
 P 659059 14762 1464134 54388037
PT [2 0 719 -3 1]
 P 661255 14762 1464137 54460217
PT [2 0 720 -3 1]
 P 663733 14762 1464146 54532397
PT [2 0 721 -3 1]
EMPTY QUEUE
 P 663744 14762 1467538 54605719
PT [2 0 722 -3 1]
EMPTY QUEUE
 P 664249 14762 1470933 54679036
PT [2 0 723 -3 1]
EMPTY QUEUE
 P 664837 14762 1474332 54751302
PT [2 0 724 -3 1]
 P 665987 14762 1474335 54821117
PT [2 0 725 -3 1]
 P 667391 14762 1474343 54893297
PT [2 0 726 -3 1]
 P 667391 14762 1477733 54965477
PT [2 0 727 -3 1]
 P 667391 14762 1481123 55037657
PT [2 0 728 -3 1]
EMPTY QUEUE
 P 667916 14762 1484522 55112331
PT [2 0 729 -3 1]
 P 669509 14762 1484525 55182017
PT [2 0 730 -3 1]
 P 670362 14762 1484533 55254197
PT [2 0 731 -3 1]
 P 670362 14762 1487923 55326377
PT [2 0 732 -3 1]
 P 670362 14762 1491313 55398557
PT [2 0 733 -3 1]
EMPTY QUEUE
 P 670919 14762 1494712 55472943
PT [2 0 734 -2 1]
 P 673473 14762 1494715 55542917
PT [2 0 735 -2 1]
 P 675290 14762 1494723 55615097
PT [2 0 736 -2 1]
 P 675290 14762 1498113 55687277
PT [2 0 737 -2 1]
 P 675290 14762 1501503 55759457
PT [2 0 738 -2 1]
EMPTY QUEUE
 P 675911 14762 1504902 55833075
PT [2 0 739 -3 1]
 P 678302 14762 1504906 55903817
PT [2 0 740 -3 1]
 P 679792 14762 1504915 55975997
PT [2 0 741 -3 1]
 P 679792 14762 1508305 56048177
PT [2 0 742 -3 1]
 P 679792 14762 1511695 56120357
PT [2 0 743 -3 1]
EMPTY QUEUE
 P 679861 14762 1517657 56196691
PT [2 0 744 -3 1]
 P 680952 14762 1517660 56264717
PT [2 0 745 -3 1]
EMPTY QUEUE
 P 682656 14762 1517677 56338942
PT [2 0 746 -3 1]
 P 682656 14762 1521067 56409077
PT [2 0 747 -3 1]
 P 682656 14762 1524457 56481257
PT [2 0 748 -3 1]
 P 682656 14762 1527847 56553437
PT [2 0 749 -3 1]
 P 683616 14762 1527850 56625617
PT [2 0 750 -3 1]
EMPTY QUEUE
 P 686619 14762 1527868 56700290
PT [2 0 751 -3 1]
 P 686619 14762 1531258 56769977
PT [2 0 752 -3 1]
 P 686619 14762 1534648 56842157
PT [2 0 753 -3 1]
 P 686619 14762 1538038 56914337
PT [2 0 754 -3 1]
 P 689113 14762 1538041 56986517
PT [2 0 755 -3 1]
EMPTY QUEUE
 P 692314 14762 1538059 57060998
PT [2 0 756 -3 1]
 P 692314 14762 1541449 57130877
PT [2 0 757 -3 1]
 P 692314 14762 1544839 57203057
PT [2 0 758 -3 1]
 P 692314 14762 1548229 57275237
PT [2 0 759 -3 1]
 P 694518 14762 1548232 57347417
PT [2 0 760 -3 1]
EMPTY QUEUE
 P 696501 14762 1548249 57421450
PT [2 0 761 -3 1]
 P 696501 14762 1551639 57491777
PT [2 0 762 -3 1]
 P 696501 14762 1555029 57563957
PT [2 0 763 -3 1]
 P 696501 14762 1558419 57636137
PT [2 0 764 -3 1]
 P 698360 14762 1558422 57708317
PT [2 0 765 -3 1]
 P 699537 14762 1558426 57780497
PT [2 0 766 -3 1]
EMPTY QUEUE
 P 700944 14762 1558443 57855458
PT [2 0 767 -3 1]
 P 700944 14762 1561833 57924857
PT [2 0 768 -3 1]
 P 700944 14762 1565223 57997037
PT [2 0 769 -3 1]
 P 700944 14762 1568613 58069217
PT [2 0 770 -3 1]
 P 702195 14762 1568616 58141397
PT [2 0 771 -3 1]
EMPTY QUEUE
 P 704431 14762 1568635 58214695
PT [2 0 772 -3 1]
 P 704431 14762 1572025 58285757
PT [2 0 773 -3 1]
 P 704431 14762 1575415 58357937
PT [2 0 774 -3 1]
 P 704431 14762 1578805 58430117
PT [2 0 775 -3 1]
 P 706229 14762 1578808 58502297
PT [2 0 776 -3 1]
EMPTY QUEUE
 P 708060 14762 1578825 58575530
PT [2 0 777 -3 1]
 P 708060 14762 1582215 58646657
PT [2 0 778 -3 1]
 P 708060 14762 1585605 58718837
PT [2 0 779 -3 1]
 P 708060 14762 1588995 58791017
PT [2 0 780 -3 1]
 P 710396 14762 1588998 58863197
PT [2 0 781 -3 1]
EMPTY QUEUE
 P 713684 14762 1589016 58937870
PT [2 0 782 -3 1]
 P 713684 14762 1592406 59007557
PT [2 0 783 -3 1]
 P 713684 14762 1595796 59079737
PT [2 0 784 -3 1]
 P 713684 14762 1599186 59151917
PT [2 0 785 -3 1]
 P 714815 14762 1599189 59224097
PT [2 0 786 -3 1]
EMPTY QUEUE
 P 716838 14762 1599206 59297746
PT [2 0 787 -3 1]
 P 716838 14762 1602596 59368457
PT [2 0 788 -3 1]
 P 716838 14762 1605986 59440637
PT [2 0 789 -3 1]
 P 716838 14762 1609376 59512817
PT [2 0 790 -3 1]
 P 718093 14762 1609379 59584997
PT [2 0 791 -3 1]
EMPTY QUEUE
 P 719179 14762 1609389 59658542
PT [2 0 792 -3 1]
EMPTY QUEUE
 P 719735 14762 1612788 59731690
PT [2 0 793 -3 1]
 P 719735 14762 1616178 59801537
PT [2 0 794 -3 1]
 P 719735 14762 1619568 59873717
PT [2 0 795 -3 1]
 P 721091 14762 1619571 59945897
PT [2 0 796 -3 1]
 P 722525 14762 1619579 60018077
PT [2 0 797 -3 1]
 P 723696 14762 1619582 60090257
PT [2 0 798 -3 1]
EMPTY QUEUE
 P 723765 14762 1625544 60167039
PT [2 0 799 -3 1]
EMPTY QUEUE
 P 724353 14762 1628943 60236982
PT [2 0 800 -3 1]
 P 724353 14762 1632333 60306797
PT [2 0 801 -3 1]
 P 726640 14762 1632342 60378977
PT [2 0 802 -3 1]
 P 727753 14762 1632345 60451157
PT [2 0 803 -3 1]
 P 727753 14762 1635735 60523337
PT [2 0 804 -3 1]
EMPTY QUEUE
 P 728309 14762 1639134 60598042
PT [2 0 805 -3 1]
 P 728309 14762 1642524 60667697
PT [2 0 806 -3 1]
 P 729712 14762 1642532 60739877
PT [2 0 807 -3 1]
 P 731372 14762 1642535 60812057
PT [2 0 808 -3 1]
 P 731372 14762 1645925 60884237
PT [2 0 809 -3 1]
EMPTY QUEUE
 P 731961 14762 1649324 60958655
PT [2 0 810 -3 1]
 P 731961 14762 1652714 61028597
PT [2 0 811 -3 1]
 P 734694 14762 1652722 61100777
PT [2 0 812 -3 1]
 P 736927 14762 1652725 61172957
PT [2 0 813 -3 1]
 P 736927 14762 1656115 61245137
PT [2 0 814 -3 1]
EMPTY QUEUE
 P 737451 14762 1659514 61318658
PT [2 0 815 -3 1]
 P 737451 14762 1662904 61389497
PT [2 0 816 -3 1]
 P 740065 14762 1662912 61461677
PT [2 0 817 -3 1]
 P 741093 14762 1662915 61533857
PT [2 0 818 -3 1]
 P 741093 14762 1666305 61606037
PT [2 0 819 -3 1]
EMPTY QUEUE
 P 741586 14762 1669704 61680231
PT [2 0 820 -3 1]
 P 741586 14762 1673094 61750397
PT [2 0 821 -3 1]
 P 744413 14762 1673103 61822577
PT [2 0 822 -3 1]
 P 745565 14762 1673106 61894757
PT [2 0 823 -3 1]
 P 745565 14762 1676496 61966937
PT [2 0 824 -3 1]
EMPTY QUEUE
 P 746185 14762 1679895 62041450
PT [2 0 825 -3 1]
 P 746185 14762 1683285 62111297
PT [2 0 826 -3 1]
 P 747046 14762 1683293 62183477
PT [2 0 827 -3 1]
 P 748298 14762 1683296 62255657
PT [2 0 828 -3 1]
 P 748298 14762 1686686 62327837
PT [2 0 829 -3 1]
EMPTY QUEUE
 P 748887 14762 1690085 62401999
PT [2 0 830 -3 1]
 P 748887 14762 1693475 62472197
PT [2 0 831 -3 1]
 P 750696 14762 1693483 62544377
PT [2 0 832 -3 1]
 P 752772 14762 1693486 62616557
PT [2 0 833 -3 1]
 P 752772 14762 1696876 62688737
PT [2 0 834 -3 1]
EMPTY QUEUE
 P 753296 14762 1700275 62762002
PT [2 0 835 -3 1]
 P 753296 14762 1703665 62833097
PT [2 0 836 -3 1]
 P 755558 14762 1703674 62905277
PT [2 0 837 -3 1]
 P 756238 14762 1703677 62977457
PT [2 0 838 -3 1]
 P 756238 14762 1707067 63049637
PT [2 0 839 -3 1]
EMPTY QUEUE
 P 756762 14762 1710466 63123606
PT [2 0 840 -3 1]
 P 756762 14762 1713856 63193997
PT [2 0 841 -3 1]
 P 759494 14762 1713865 63266177
PT [2 0 842 -3 1]
 P 760871 14762 1713868 63338357
PT [2 0 843 -3 1]
 P 760871 14762 1717258 63410537
PT [2 0 844 -3 1]
EMPTY QUEUE
 P 760940 14762 1723220 63486807
PT [2 0 845 -3 1]
EMPTY QUEUE
 P 761560 14762 1726619 63557294
PT [2 0 846 -3 1]
 P 763696 14762 1726627 63627077
PT [2 0 847 -3 1]
 P 764602 14762 1726630 63699257
PT [2 0 848 -3 1]
 P 764602 14762 1730020 63771437
PT [2 0 849 -3 1]
 P 764602 14762 1733410 63843617
PT [2 0 850 -3 1]
EMPTY QUEUE
 P 765223 14762 1736809 63918387
PT [2 0 851 -2 1]
 P 766490 14762 1736817 63987977
PT [2 0 852 -2 1]
 P 767327 14762 1736820 64060157
PT [2 0 853 -2 1]
 P 767327 14762 1740210 64132337
PT [2 0 854 -2 1]
 P 767327 14762 1743600 64204517
PT [2 0 855 -2 1]
EMPTY QUEUE
 P 767820 14762 1746999 64278839
PT [2 0 856 -2 1]
 P 770433 14762 1747008 64348877
PT [2 0 857 -2 1]
 P 772328 14762 1747011 64421057
PT [2 0 858 -2 1]
 P 772328 14762 1750401 64493237
PT [2 0 859 -2 1]
 P 772328 14762 1753791 64565417
PT [2 0 860 -2 1]
EMPTY QUEUE
 P 772948 14762 1757190 64639034
PT [2 0 861 -3 1]
 P 774756 14762 1757199 64709777
PT [2 0 862 -3 1]
 P 775373 14762 1757202 64781957
PT [2 0 863 -3 1]
 P 775373 14762 1760592 64854137
PT [2 0 864 -3 1]
 P 775373 14762 1763982 64926317
PT [2 0 865 -3 1]
EMPTY QUEUE
 P 775929 14762 1767381 65000574
PT [2 0 866 -3 1]
 P 777684 14762 1767390 65070677
PT [2 0 867 -3 1]
 P 778274 14762 1767393 65142857
PT [2 0 868 -3 1]
 P 778274 14762 1770783 65215037
PT [2 0 869 -3 1]
 P 778274 14762 1774173 65287217
PT [2 0 870 -3 1]
EMPTY QUEUE
 P 778830 14762 1777572 65361666
PT [2 0 871 -3 1]
 P 780447 14762 1777580 65431577
PT [2 0 872 -3 1]
 P 782213 14762 1777583 65503757
PT [2 0 873 -3 1]
 P 782213 14762 1780973 65575937
PT [2 0 874 -3 1]
 P 782213 14762 1784363 65648117
PT [2 0 875 -3 1]
EMPTY QUEUE
 P 782769 14762 1787762 65722246
PT [2 0 876 -3 1]
 P 784236 14762 1787771 65792477
PT [2 0 877 -3 1]
 P 785656 14762 1787774 65864657
PT [2 0 878 -3 1]
 P 785656 14762 1791164 65936837
PT [2 0 879 -3 1]
 P 785656 14762 1794554 66009017
PT [2 0 880 -3 1]
EMPTY QUEUE
 P 786212 14762 1797953 66082314
PT [2 0 881 -3 1]
 P 787416 14762 1797961 66153377
PT [2 0 882 -3 1]
 P 790010 14762 1797965 66225557
PT [2 0 883 -3 1]
 P 790010 14762 1801355 66297737
PT [2 0 884 -3 1]
 P 790010 14762 1804745 66369917
PT [2 0 885 -3 1]
EMPTY QUEUE
 P 790076 14762 1808137 66443421
PT [2 0 886 -3 1]
EMPTY QUEUE
 P 792862 14762 1808155 66516290
PT [2 0 887 -3 1]
 P 793775 14762 1808158 66586457
PT [2 0 888 -3 1]
 P 793775 14762 1811548 66658637
PT [2 0 889 -3 1]
 P 793775 14762 1814938 66730817
PT [2 0 890 -3 1]
 P 793775 14762 1818328 66802997
PT [2 0 891 -3 1]
EMPTY QUEUE
 P 797160 14762 1818345 66877607
PT [2 0 892 -3 1]
 P 798832 14762 1818349 66947357
PT [2 0 893 -3 1]
 P 798832 14762 1821739 67019537
PT [2 0 894 -3 1]
 P 798832 14762 1825129 67091717
PT [2 0 895 -3 1]
 P 798832 14762 1828519 67163897
PT [2 0 896 -3 1]
EMPTY QUEUE
 P 800314 14762 1828537 67238474
PT [2 0 897 -3 1]
 P 800941 14762 1828540 67308257
PT [2 0 898 -3 1]
 P 800941 14762 1831930 67380437
PT [2 0 899 -3 1]
 P 800941 14762 1835320 67452617
PT [2 0 900 -3 1]
 P 800941 14762 1838710 67524797
PT [2 0 901 -3 1]
EMPTY QUEUE
 P 804166 14762 1838728 67598735
PT [2 0 902 -3 1]
 P 806095 14762 1838731 67669157
PT [2 0 903 -3 1]
 P 806095 14762 1842121 67741337
PT [2 0 904 -3 1]
 P 806095 14762 1845511 67813517
PT [2 0 905 -3 1]
 P 806095 14762 1848901 67885697
PT [2 0 906 -3 1]
EMPTY QUEUE
 P 808342 14762 1848918 67960627
PT [2 0 907 -2 1]
 P 809990 14762 1848921 68030057
PT [2 0 908 -2 1]
 P 809990 14762 1852311 68102237
PT [2 0 909 -2 1]
 P 809990 14762 1855701 68174417
PT [2 0 910 -2 1]
 P 809990 14762 1859091 68246597
PT [2 0 911 -2 1]
EMPTY QUEUE
 P 811909 14762 1859108 68319990
PT [2 0 912 -3 1]
 P 813809 14762 1859111 68390957
PT [2 0 913 -3 1]
 P 813809 14762 1862501 68463137
PT [2 0 914 -3 1]
 P 813809 14762 1865891 68535317
PT [2 0 915 -3 1]
 P 813809 14762 1869281 68607497
PT [2 0 916 -3 1]
EMPTY QUEUE
 P 816182 14762 1869298 68680730
PT [2 0 917 -3 1]
 P 817387 14762 1869301 68751857
PT [2 0 918 -3 1]
 P 817387 14762 1872691 68824037
PT [2 0 919 -3 1]
 P 817387 14762 1876081 68896217
PT [2 0 920 -3 1]
 P 817387 14762 1879471 68968397
PT [2 0 921 -3 1]
EMPTY QUEUE
 P 818755 14762 1882051 69045211
PT [2 0 922 -3 1]
 P 819638 14762 1882054 69112757
PT [2 0 923 -3 1]
EMPTY QUEUE
 P 819884 14762 1887839 69189347
PT [2 0 924 -3 1]
EMPTY QUEUE
 P 819953 14762 1893801 69261527
PT [2 0 925 -3 1]
EMPTY QUEUE
 P 820574 14762 1897200 69331695
PT [2 0 926 -3 1]
 P 821722 14762 1897208 69401477
PT [2 0 927 -3 1]
 P 823024 14762 1897211 69473657
PT [2 0 928 -3 1]
 P 823024 14762 1900601 69545837
PT [2 0 929 -3 1]
 P 823024 14762 1903991 69618017
PT [2 0 930 -3 1]
EMPTY QUEUE
 P 823093 14762 1909953 69694799
PT [2 0 931 -3 1]
EMPTY QUEUE
 P 826031 14762 1909970 69764422
PT [2 0 932 -3 1]
 P 828509 14762 1909973 69834557
PT [2 0 933 -3 1]
 P 828509 14762 1913363 69906737
PT [2 0 934 -3 1]
 P 828509 14762 1916753 69978917
PT [2 0 935 -3 1]
 P 828509 14762 1920143 70051097
PT [2 0 936 -3 1]
EMPTY QUEUE
 P 830745 14762 1922723 70127783
PT [2 0 937 -3 1]
 P 832845 14762 1922726 70195457
PT [2 0 938 -3 1]
EMPTY QUEUE
 P 832914 14762 1928688 70272047
PT [2 0 939 -3 1]
EMPTY QUEUE
 P 833534 14762 1932087 70342214
PT [2 0 940 -3 1]
 P 833534 14762 1935477 70411997
PT [2 0 941 -3 1]
 P 834928 14762 1935485 70484177
PT [2 0 942 -3 1]
 P 835527 14762 1935489 70556357
PT [2 0 943 -3 1]
 P 835527 14762 1938879 70628537
PT [2 0 944 -3 1]
EMPTY QUEUE
 P 836147 14762 1942278 70703306
PT [2 0 945 -3 1]
 P 836147 14762 1945668 70772897
PT [2 0 946 -3 1]
 P 838409 14762 1945676 70845077
PT [2 0 947 -3 1]
 P 840893 14762 1945679 70917257
PT [2 0 948 -3 1]
 P 840893 14762 1949069 70989437
PT [2 0 949 -3 1]
EMPTY QUEUE
 P 841385 14762 1952468 71063758
PT [2 0 950 -3 1]
 P 841385 14762 1955858 71133797
PT [2 0 951 -3 1]
 P 843512 14762 1955866 71205977
PT [2 0 952 -3 1]
 P 844751 14762 1955870 71278157
PT [2 0 953 -3 1]
 P 844751 14762 1959260 71350337
PT [2 0 954 -3 1]
EMPTY QUEUE
 P 845371 14762 1962659 71423954
PT [2 0 955 -3 1]
 P 845371 14762 1966049 71494697
PT [2 0 956 -3 1]
 P 847888 14762 1966057 71566877
PT [2 0 957 -3 1]
 P 849228 14762 1966060 71639057
PT [2 0 958 -3 1]
 P 849228 14762 1969450 71711237
PT [2 0 959 -3 1]
EMPTY QUEUE
 P 849784 14762 1972849 71785494
PT [2 0 960 -3 1]
 P 849784 14762 1976239 71855597
PT [2 0 961 -3 1]
 P 851051 14762 1976247 71927777
PT [2 0 962 -3 1]
 P 851687 14762 1976250 71999957
PT [2 0 963 -3 1]
 P 851687 14762 1979640 72072137
PT [2 0 964 -3 1]
EMPTY QUEUE
 P 852243 14762 1983039 72146586
PT [2 0 965 -3 1]
 P 852243 14762 1986429 72216497
PT [2 0 966 -3 1]
 P 854443 14762 1986437 72288677
PT [2 0 967 -3 1]
 P 856518 14762 1986440 72360857
PT [2 0 968 -3 1]
 P 856518 14762 1989830 72433037
PT [2 0 969 -3 1]
EMPTY QUEUE
 P 857074 14762 1993229 72507167
PT [2 0 970 -3 1]
 P 857074 14762 1996619 72577397
PT [2 0 971 -3 1]
 P 858277 14762 1996627 72649577
PT [2 0 972 -3 1]
 P 859424 14762 1996630 72721757
PT [2 0 973 -3 1]
 P 859424 14762 2000020 72793937
PT [2 0 974 -3 1]
EMPTY QUEUE
 P 859917 14762 2003419 72867171
PT [2 0 975 -3 1]
 P 859917 14762 2006809 72938297
PT [2 0 976 -3 1]
 P 861607 14762 2006818 73010477
PT [2 0 977 -3 1]
 P 863078 14762 2006821 73082657
PT [2 0 978 -3 1]
 P 863078 14762 2010211 73154837
PT [2 0 979 -3 1]
EMPTY QUEUE
 P 863698 14762 2013610 73228902
PT [2 0 980 -3 1]
 P 863698 14762 2017000 73299197
PT [2 0 981 -3 1]
 P 864582 14762 2017009 73371377
PT [2 0 982 -3 1]
 P 867133 14762 2017012 73443557
PT [2 0 983 -3 1]
 P 867133 14762 2020402 73515737
PT [2 0 984 -3 1]
EMPTY QUEUE
 P 867722 14762 2023801 73589963
PT [2 0 985 -3 1]
 P 867722 14762 2027191 73660097
PT [2 0 986 -3 1]
 P 869412 14762 2027199 73732277
PT [2 0 987 -3 1]
 P 871681 14762 2027202 73804457
PT [2 0 988 -3 1]
 P 871681 14762 2030592 73876637
PT [2 0 989 -3 1]
EMPTY QUEUE
 P 872205 14762 2033991 73950478
PT [2 0 990 -3 1]
 P 872205 14762 2037381 74020997
PT [2 0 991 -3 1]
 P 874715 14762 2037389 74093177
PT [2 0 992 -3 1]
 P 875802 14762 2037392 74165357
PT [2 0 993 -3 1]
 P 875802 14762 2040782 74237537
PT [2 0 994 -3 1]
EMPTY QUEUE
 P 876327 14762 2044181 74312595
PT [2 0 995 -3 1]
 P 876327 14762 2047571 74381897
PT [2 0 996 -3 1]
 P 878525 14762 2047580 74454077
PT [2 0 997 -3 1]
 P 879363 14762 2047583 74526257
PT [2 0 998 -3 1]
 P 879363 14762 2050973 74598437
PT [2 0 999 -3 1]
EMPTY QUEUE
 P 879855 14762 2054372 74672118
PT [2 0 1000 -3 1]
 P 879855 14762 2057762 74742797
PT [2 0 1001 -3 1]
 P 881536 14762 2057771 74814977
PT [2 0 1002 -3 1]
 P 884026 14762 2057774 74887157
PT [2 0 1003 -3 1]
 P 884026 14762 2061164 74959337
PT [2 0 1004 -3 1]
EMPTY QUEUE
 P 884518 14762 2064563 75033210
PT [2 0 1005 -3 1]
 P 884518 14762 2067953 75103697
PT [2 0 1006 -3 1]
 P 887101 14762 2067961 75175877
PT [2 0 1007 -3 1]
 P 889183 14762 2067964 75248057
PT [2 0 1008 -3 1]
 P 889183 14762 2071354 75320237
PT [2 0 1009 -3 1]
EMPTY QUEUE
 P 889803 14762 2074753 75393918
PT [2 0 1010 -3 1]
 P 889803 14762 2078143 75464597
PT [2 0 1011 -3 1]
 P 892344 14762 2078151 75536777
PT [2 0 1012 -3 1]
 P 894199 14762 2078154 75608957
PT [2 0 1013 -3 1]
 P 894199 14762 2081544 75681137
PT [2 0 1014 -3 1]
EMPTY QUEUE
 P 894787 14762 2084943 75756002
PT [2 0 1015 -3 1]
 P 894787 14762 2088333 75825497
PT [2 0 1016 -3 1]
 P 896126 14762 2088342 75897677
PT [2 0 1017 -3 1]
 P 898083 14762 2088345 75969857
PT [2 0 1018 -3 1]
 P 898083 14762 2091735 76042037
PT [2 0 1019 -3 1]
EMPTY QUEUE
 P 898607 14762 2095135 76115495
PT [2 0 1020 -3 1]
 P 898607 14762 2098525 76186397
PT [2 0 1021 -3 1]
 P 900510 14762 2098533 76258577
PT [2 0 1022 -3 1]
 P 902431 14762 2098536 76330757
PT [2 0 1023 -3 1]
 P 902431 14762 2101926 76402937
PT [2 0 1024 -3 1]
EMPTY QUEUE
 P 902955 14762 2105325 76476586
PT [2 0 1025 -3 1]
 P 902955 14762 2108715 76547297
PT [2 0 1026 -3 1]
 P 904293 14762 2108723 76619477
PT [2 0 1027 -3 1]
 P 905200 14762 2108726 76691657
PT [2 0 1028 -3 1]
 P 905200 14762 2112116 76763837
PT [2 0 1029 -3 1]
EMPTY QUEUE
 P 905692 14762 2115515 76837134
PT [2 0 1030 -3 1]
 P 905692 14762 2118905 76908197
PT [2 0 1031 -3 1]
 P 907978 14762 2118913 76980377
PT [2 0 1032 -3 1]
 P 909263 14762 2118916 77052557
PT [2 0 1033 -3 1]
 P 909263 14762 2122306 77124737
PT [2 0 1034 -3 1]
EMPTY QUEUE
 P 909819 14762 2125705 77199314
PT [2 0 1035 -3 1]
 P 909819 14762 2129095 77269097
PT [2 0 1036 -3 1]
 P 912592 14762 2129104 77341277
PT [2 0 1037 -3 1]
 P 914392 14762 2129107 77413457
PT [2 0 1038 -3 1]
 P 914392 14762 2132497 77485637
PT [2 0 1039 -3 1]
EMPTY QUEUE
 P 914948 14762 2135896 77558870
PT [2 0 1040 -3 1]
 P 914948 14762 2139286 77629997
PT [2 0 1041 -3 1]
 P 917234 14762 2139294 77702177
PT [2 0 1042 -3 1]
 P 919701 14762 2139297 77774357
PT [2 0 1043 -3 1]
 P 919701 14762 2142687 77846537
PT [2 0 1044 -3 1]
EMPTY QUEUE
 P 920322 14762 2146085 77920026
PT [2 0 1045 -3 1]
 P 920322 14762 2149475 77990897
PT [2 0 1046 -3 1]
 P 923031 14762 2149484 78063077
PT [2 0 1047 -3 1]
 P 924835 14762 2149488 78135257
PT [2 0 1048 -3 1]
 P 924835 14762 2152878 78207437
PT [2 0 1049 -3 1]
EMPTY QUEUE
 P 925455 14762 2156277 78280606
PT [2 0 1050 -3 1]
 P 925455 14762 2159667 78351797
PT [2 0 1051 -3 1]
 P 928125 14762 2159675 78423977
PT [2 0 1052 -3 1]
 P 930052 14762 2159678 78496157
PT [2 0 1053 -3 1]
 P 930052 14762 2163068 78568337
PT [2 0 1054 -3 1]
