using saved target 'z1'
../../../../contiki/tools/sky/serialdump-linux -b115200 /dev/ttyUSB2
connecting to /dev/ttyUSB2 (115200) [OK]
Rime started with address 3.0
MAC 03:00:00:00:00:00:00:00 Ref ID: 4841
Contiki-3.x-2125-g5d67a61 started. Node id is set to 3.

************************************************
RTIMER_SECOND = 32768. F_CPU=8000000.
CLOCK_SECOND=128.
DURSLOT = 6015.(0.1835 s).
DURSLEEP = 66165.
DURCYCLE = 72180 .(2.2027 s).
MAX_CLOCK_DRIFT = WAKEUP_ADVANCE_TIME = 327 (0.0049 s).
PERIODIC_BCAST_CYCLES_SENSOR = 4259843.
PERIODIC_BCAST_CYCLES_SINK = 4259843.
MAX_CYCLE_COUNTER = 41728.
MAX_COUNT_NO_RTS_CTS = 65535.
MAX_CHILD_NUM = 10.
MAX_TRY_TO_FIND_PARENT = 3.

**********Below is Related Settings**********
PRIMAC_CONF_COMPOWER = 1.
PRIMAC_CONF_COMPOWER_SUPPORT = 1.
SF = 10.
PRI_SYNC_SUPPORT = 1.
RANDOM_DRIFT_IN_COOJA_SUPPORT = 0.
ADCSC_SUPPORT = 1.
DATA_TX_SUPPORT = 1.
CYCLES_PER_PACKET = 4.
DATA_INTERVAL = 9.
RETX_LIMIT = 6.
TOTAL_DATA_NUM = 100.
MAX_DATA_QUEUE_BUFS = 10.
PROC_GRADE_BASED_ON_ADDR_SUPPORT = 1.
NODES_NUM_PER_GRADE = 2.
ADDRESS_FREE_SUPPORT = 0.
IS_COOJA_SIM = 0.
CROSS_PLATFORM_SUPPORT = 0.
************************************************

My address is 3.0.
nullmac PRIMAC, channel check rate 8 Hz, radio channel 26
Starting
Hello, world
 P 0 0 0 1211662
 P 0 0 3443 1285215
 P 0 0 6833 1356022
 P 0 0 10223 1428202
 P 0 0 13613 1500382
 P 0 0 17003 1572562
EMPTY QUEUE
 P 339 0 20397 1647109
PT [2 0 1 0 1]
 P 339 0 23787 1716922
PT [2 0 2 0 1]
 P 339 0 27177 1789102
PT [2 0 3 0 1]
 P 339 0 30567 1861282
PT [2 0 4 0 1]
 P 2649 0 31647 1933462
PT [2 0 5 0 1]
EMPTY QUEUE
 P 3148 0 35041 2006793
PT [2 0 6 1 1]
 P 3955 0 37624 2077822
PT [2 0 7 1 1]
 P 3955 0 41014 2150002
PT [2 0 8 1 1]
 P 3955 0 44404 2222182
PT [2 0 9 1 1]
 P 6265 0 44409 2294362
PT [2 0 10 1 1]
EMPTY QUEUE
 P 6731 0 47803 2368109
PT [2 0 11 2 1]
 P 8761 0 47807 2438722
PT [2 0 12 2 1]
 P 10376 0 47810 2510902
PT [2 0 13 2 1]
 P 11991 0 47813 2583082
PT [2 0 14 2 1]
 P 13311 0 47818 2655262
PT [2 0 15 2 1]
EMPTY QUEUE
 P 15043 0 50397 2731138
PT [2 0 16 2 1]
EMPTY QUEUE
 P 15639 0 53790 2800550
PT [2 0 17 4 1]
 P 15639 0 57180 2871802
PT [2 0 18 4 1]
 P 15639 0 60570 2943982
PT [2 0 19 4 1]
 P 17376 0 60575 3016162
PT [2 0 20 4 1]
 P 18572 0 60581 3088342
PT [2 0 21 4 1]
EMPTY QUEUE
 P 19168 0 63974 3162442
PT [2 0 22 5 1]
 P 19168 0 67364 3232702
PT [2 0 23 5 1]
 P 19168 0 70754 3304882
PT [2 0 24 5 1]
 P 21194 0 70760 3377062
PT [2 0 25 5 1]
 P 23320 0 70766 3449242
PT [2 0 26 5 1]
EMPTY QUEUE
 P 23787 0 74160 3522542
PT [2 0 27 6 1]
 P 23787 0 77550 3593602
PT [2 0 28 6 1]
 P 23787 0 80940 3665782
PT [2 0 29 6 1]
 P 26486 0 80946 3737962
PT [2 0 30 6 1]
 P 27366 0 80952 3810142
PT [2 0 31 6 1]
EMPTY QUEUE
 P 27962 0 84346 3884819
PT [2 0 32 7 1]
 P 27962 0 87736 3954502
PT [2 0 33 7 1]
 P 27962 0 91126 4026682
PT [2 0 34 7 1]
 P 30182 0 91132 4098862
PT [2 0 35 7 1]
 P 32248 0 91138 4171042
PT [2 0 36 7 1]
EMPTY QUEUE
 P 32716 0 94532 4244150
PT [2 0 37 8 1]
 P 32716 0 97922 4315402
PT [2 0 38 8 1]
 P 32716 0 101312 4387582
PT [2 0 39 8 1]
 P 33817 0 101318 4459762
PT [2 0 40 8 1]
 P 35918 0 101324 4531942
PT [2 0 41 8 1]
EMPTY QUEUE
 P 36515 0 104718 4606683
PT [2 0 42 9 1]
 P 36515 0 108108 4676302
PT [2 0 43 9 1]
 P 36515 0 111498 4748482
PT [2 0 44 9 1]
 P 38417 0 111504 4820662
PT [2 0 45 9 1]
 P 39911 0 111510 4892842
PT [2 0 46 9 1]
EMPTY QUEUE
 P 40475 0 114904 4967390
PT [2 0 47 10 1]
 P 40475 0 118294 5037202
PT [2 0 48 10 1]
 P 40475 0 121684 5109382
PT [2 0 49 10 1]
 P 41514 0 121690 5181562
PT [2 0 50 10 1]
 P 44322 0 121696 5253742
PT [2 0 51 10 1]
EMPTY QUEUE
 P 44822 0 125090 5327938
PT [2 0 52 11 1]
 P 44822 0 128480 5398102
PT [2 0 53 11 1]
 P 44822 0 131870 5470282
PT [2 0 54 11 1]
 P 45894 0 131876 5542462
PT [2 0 55 11 1]
 P 48352 0 131882 5614642
PT [2 0 56 11 1]
EMPTY QUEUE
 P 48851 0 135276 5687910
PT [2 0 57 12 1]
 P 48851 0 138666 5759002
PT [2 0 58 12 1]
 P 48851 0 142056 5831182
PT [2 0 59 12 1]
 P 51364 0 142062 5903362
PT [2 0 60 12 1]
 P 52320 0 142068 5975542
PT [2 0 61 12 1]
EMPTY QUEUE
 P 52788 0 145462 6048746
PT [2 0 62 13 1]
 P 52788 0 148852 6119902
PT [2 0 63 13 1]
 P 52788 0 152242 6192082
PT [2 0 64 13 1]
 P 54182 337 152253 6266296
PT [2 0 65 14 1]
 P 57664 745 152272 6338636
PT [2 0 66 14 1]
 P 57664 745 155662 6408622
PT [2 0 67 14 1]
 P 57664 745 159052 6480802
PT [2 0 68 14 1]
 P 60303 978 159063 6555111
PT [2 0 69 14 1]
 P 63063 1387 159079 6626908
PT [2 0 70 15 1]
 P 63063 1387 162469 6697342
PT [2 0 71 15 1]
 P 63063 1387 165859 6769522
PT [2 0 72 15 1]
 P 64779 1724 165871 6843639
PT [2 0 73 15 1]
 P 68070 2132 165887 6916715
PT [2 0 74 16 1]
 P 68070 2132 169277 6986062
PT [2 0 75 16 1]
 P 68070 2132 172667 7058242
PT [2 0 76 16 1]
 P 70510 2469 172678 7132647
PT [2 0 77 16 1]
 P 72737 2806 175261 7205468
PT [2 0 78 16 1]
 P 73333 2878 178656 7274782
PT [2 0 79 16 1]
 P 73333 2878 182046 7346962
PT [2 0 80 16 1]
 P 75117 3215 182058 7421688
PT [2 0 81 17 1]
 P 78442 3624 182076 7494315
PT [2 0 82 17 1]
 P 78442 3624 185466 7563502
PT [2 0 83 17 1]
 P 78442 3624 188856 7635682
PT [2 0 84 17 1]
 P 80915 3960 188869 7710536
PT [2 0 85 18 1]
 P 83714 4369 188887 7781309
PT [2 0 86 18 1]
 P 83714 4369 192277 7852222
PT [2 0 87 18 1]
 P 83714 4369 195667 7924402
PT [2 0 88 18 1]
 P 85469 4707 195680 7998776
PT [2 0 89 19 1]
 P 88924 5115 195699 8071244
PT [2 0 90 19 1]
 P 88924 5115 199089 8140942
PT [2 0 91 19 1]
 P 88924 5115 202479 8213122
PT [2 0 92 19 1]
 P 91336 5453 202492 8286824
PT [2 0 93 20 1]
 P 94137 5862 202510 8360412
PT [2 0 94 20 1]
 P 94137 5862 205900 8429662
PT [2 0 95 20 1]
 P 94137 5862 209290 8501842
PT [2 0 96 20 1]
 P 95830 6198 209304 8575320
PT [2 0 97 20 1]
 P 99159 6606 209321 8647500
PT [2 0 98 21 1]
 P 99159 6606 212711 8718382
PT [2 0 99 21 1]
 P 99159 6606 216101 8790562
PT [2 0 100 21 1]
 P 101572 6943 216113 8864711
PT [2 0 101 21 1]
 P 104471 7351 216131 8937116
PT [2 0 102 22 1]
 P 104471 7351 219521 9007102
PT [2 0 103 22 1]
 P 104471 7351 222911 9079282
PT [2 0 104 22 1]
 P 105035 7423 226307 9153400
PT [2 0 105 22 1]
 P 106798 7760 226318 9226764
PT [2 0 106 22 1]
 P 109693 8096 226329 9297663
PT [2 0 107 22 1]
 P 109693 8096 229719 9368002
PT [2 0 108 22 1]
 P 109704 8096 233111 9441867
PT [2 0 109 22 1]
 P 111711 8361 235688 9517146
PT [2 0 110 22 1]
 P 113482 8626 238266 9589326
PT [2 0 111 22 1]
 P 114077 8698 241661 9657891
PT [2 0 112 23 1]
 P 115142 8842 245062 9728902
PT [2 0 113 24 1]
 P 116875 9172 245075 9803557
PT [2 0 114 24 1]
 P 120899 9653 245099 9875199
PT [2 0 115 24 1]
 P 120899 9653 248489 9945442
PT [2 0 116 24 1]
 P 120899 9653 251879 10017622
PT [2 0 117 24 1]
 P 123412 9989 251892 10091644
PT [2 0 118 25 1]
 P 126127 10398 251911 10164497
PT [2 0 119 26 1]
 P 126127 10398 255301 10234162
PT [2 0 120 26 1]
 P 126127 10398 258691 10306342
PT [2 0 121 26 1]
 P 127831 10734 258703 10381196
PT [2 0 122 26 1]
 P 131164 11142 258722 10453248
PT [2 0 123 26 1]
 P 131164 11142 262112 10522882
PT [2 0 124 26 1]
 P 131164 11142 265502 10595062
PT [2 0 125 26 1]
 P 133583 11479 265513 10669179
PT [2 0 126 26 1]
 P 136333 11888 265531 10741872
PT [2 0 127 27 1]
 P 136333 11888 268921 10811602
PT [2 0 128 27 1]
 P 136333 11888 272311 10883782
PT [2 0 129 27 1]
 P 138104 12225 272322 10958123
PT [2 0 130 27 1]
 P 141599 12634 272342 11030976
PT [2 0 131 28 1]
 P 141599 12634 275732 11100322
PT [2 0 132 28 1]
 P 141599 12634 279122 11172502
PT [2 0 133 28 1]
 P 144235 12972 279135 11246299
PT [2 0 134 28 1]
 P 147633 13381 279153 11318735
PT [2 0 135 28 1]
 P 147633 13381 282543 11389042
PT [2 0 136 28 1]
 P 147633 13381 285933 11461222
PT [2 0 137 28 1]
 P 149025 13718 285945 11536460
PT [2 0 138 29 1]
 P 152362 14127 285963 11607999
PT [2 0 139 29 1]
 P 152362 14127 289353 11677762
PT [2 0 140 29 1]
 P 152362 14127 292743 11749942
PT [2 0 141 29 1]
 P 154784 14463 292756 11824956
PT [2 0 142 30 1]
 P 157542 14872 292774 11897136
PT [2 0 143 30 1]
 P 157542 14872 296164 11966482
PT [2 0 144 30 1]
 P 157542 14872 299554 12038662
PT [2 0 145 30 1]
 P 159321 15209 299566 12112364
PT [2 0 146 31 1]
 P 159917 15281 302962 12183022
PT [2 0 147 31 1]
 P 162725 15619 302973 12256789
PT [2 0 148 32 1]
 P 162725 15619 306363 12327382
PT [2 0 149 32 1]
 P 165148 15955 306375 12401051
PT [2 0 150 31 1]
 P 168517 16364 306393 12473072
PT [2 0 151 32 1]
 P 168517 16364 309783 12543922
PT [2 0 152 32 1]
 P 168517 16364 313173 12616102
PT [2 0 153 32 1]
 P 169018 16436 316568 12690188
PT [2 0 154 32 1]
 P 170481 16774 316578 12762847
PT [2 0 155 32 1]
 P 172848 17040 319157 12836818
PT [2 0 156 32 1]
 P 173444 17112 322554 12905993
PT [2 0 157 33 1]
 P 174038 17184 325950 12979995
PT [2 0 158 33 1]
 P 176592 17521 325961 13051343
PT [2 0 159 33 1]
 P 178922 17859 325972 13124228
PT [2 0 160 34 1]
 P 178922 17859 329362 13193542
PT [2 0 161 34 1]
 P 178922 17859 332752 13265722
PT [2 0 162 34 1]
 P 180644 18196 332764 13340831
PT [2 0 163 34 1]
 P 184081 18604 332782 13411891
PT [2 0 164 34 1]
 P 184081 18604 336172 13482262
PT [2 0 165 34 1]
 P 184081 18604 339562 13554442
PT [2 0 166 34 1]
 P 186590 18676 339573 13627792
PT [2 0 167 35 1]
 P 188793 19013 339585 13701827
PT [2 0 168 35 1]
 P 191700 19349 339596 13773559
PT [2 0 169 35 1]
 P 191700 19349 342986 13843162
PT [2 0 170 35 1]
 P 193489 19686 342998 13916768
PT [2 0 171 36 1]
 P 196865 20095 343016 13990195
PT [2 0 172 36 1]
 P 196865 20095 346406 14059702
PT [2 0 173 36 1]
 P 196865 20095 349796 14131882
PT [2 0 174 36 1]
 P 199357 20431 349809 14205904
PT [2 0 175 37 1]
 P 201613 20503 349821 14276242
PT [2 0 176 37 1]
 P 203883 20839 349834 14351351
PT [2 0 177 37 1]
 P 203883 20839 353224 14420602
PT [2 0 178 37 1]
 P 205708 21176 353236 14494913
PT [2 0 179 38 1]
 P 209118 21584 353255 14566451
PT [2 0 180 38 1]
 P 209118 21584 356645 14637142
PT [2 0 181 38 1]
 P 209118 21584 360035 14709322
PT [2 0 182 38 1]
 P 211580 21921 360047 14783343
PT [2 0 183 38 1]
 P 214515 22330 360065 14855588
PT [2 0 184 39 1]
 P 214515 22330 363455 14925862
PT [2 0 185 39 1]
 P 214515 22330 366845 14998042
PT [2 0 186 39 1]
 P 216372 22666 366858 15072831
PT [2 0 187 39 1]
 P 219687 23074 366877 15144981
PT [2 0 188 41 1]
 P 219687 23074 370267 15214582
PT [2 0 189 41 1]
 P 219687 23074 373657 15286762
PT [2 0 190 41 1]
 P 222184 23411 373669 15361520
PT [2 0 191 40 1]
 P 224461 23483 374883 15431122
PT [2 0 192 40 1]
 P 226194 23820 374894 15506199
PT [2 0 193 40 1]
 P 226194 23820 378284 15575482
PT [2 0 194 40 1]
 P 228921 24157 378295 15649024
PT [2 0 195 41 1]
 P 232333 24566 378313 15721171
PT [2 0 196 41 1]
 P 232333 24566 381703 15792022
PT [2 0 197 41 1]
 P 232333 24566 385093 15864202
PT [2 0 198 41 1]
 P 234895 24902 385106 15938480
PT [2 0 199 42 1]
 P 236907 25311 385123 16010724
PT [2 0 200 42 1]
 P 236907 25311 388513 16080742
PT [2 0 201 42 1]
 P 236907 25311 391903 16152922
PT [2 0 202 42 1]
 P 237406 25383 395298 16226976
PT [2 0 203 43 1]
 P 240040 25720 395311 16300372
PT [2 0 204 43 1]
 P 240040 25720 398701 16369462
PT [2 0 205 43 1]
 P 242923 26057 398713 16443451
PT [2 0 206 43 1]
 P 242923 26057 402103 16513822
PT [2 0 207 43 1]
 P 245487 26393 402115 16588037
PT [2 0 208 44 1]
 P 248399 26802 402134 16661048
PT [2 0 209 44 1]
 P 248399 26802 405524 16730362
PT [2 0 210 44 1]
 P 248399 26802 408914 16802542
PT [2 0 211 44 1]
 P 250205 27138 408926 16876980
PT [2 0 212 44 1]
 P 253589 27546 408943 16948616
PT [2 0 213 45 1]
 P 253589 27546 412333 17019082
PT [2 0 214 45 1]
 P 253589 27546 415723 17091262
PT [2 0 215 45 1]
 P 256091 27883 415734 17164835
PT [2 0 216 45 1]
 P 258345 27955 416948 17235622
PT [2 0 217 45 1]
 P 260216 28292 416960 17309132
PT [2 0 218 46 1]
 P 260216 28292 420350 17379982
PT [2 0 219 46 1]
 P 262889 28629 420362 17453556
PT [2 0 220 46 1]
 P 266403 29039 420381 17526727
PT [2 0 221 46 1]
 P 266403 29039 423771 17596522
PT [2 0 222 46 1]
 P 266403 29039 427161 17668702
PT [2 0 223 46 1]
 P 267957 29376 427175 17742692
PT [2 0 224 47 1]
 P 271376 29785 427193 17814263
PT [2 0 225 47 1]
 P 271376 29785 430583 17885242
PT [2 0 226 47 1]
 P 271376 29785 433973 17957422
PT [2 0 227 47 1]
 P 273881 30121 433985 18032532
PT [2 0 228 48 1]
 P 276704 30530 434004 18104296
PT [2 0 229 48 1]
 P 276704 30530 437394 18173962
PT [2 0 230 48 1]
 P 276704 30530 440784 18246142
PT [2 0 231 48 1]
 P 278549 30866 440796 18319780
PT [2 0 232 49 1]
 P 281970 31275 440813 18393208
PT [2 0 233 49 1]
 P 281970 31275 444203 18462682
PT [2 0 234 49 1]
 P 281970 31275 447593 18534862
PT [2 0 235 49 1]
 P 284443 31611 447605 18608851
PT [2 0 236 49 1]
 P 287173 32020 447622 18681384
PT [2 0 237 50 1]
 P 287173 32020 451012 18751402
PT [2 0 238 50 1]
 P 287173 32020 454402 18823582
PT [2 0 239 50 1]
 P 288925 32358 454413 18898339
PT [2 0 240 50 1]
 P 291905 32694 456999 18970936
PT [2 0 241 51 1]
 P 292501 32766 460395 19040122
PT [2 0 242 51 1]
 P 292501 32766 463785 19112302
PT [2 0 243 51 1]
 P 295073 33103 463797 19187059
PT [2 0 244 51 1]
 P 297838 33512 463814 19259591
PT [2 0 245 51 1]
 P 297838 33512 467204 19328842
PT [2 0 246 51 1]
 P 297838 33512 470594 19401022
PT [2 0 247 51 1]
 P 298370 33584 473990 19475076
PT [2 0 248 52 1]
 P 299716 33849 476570 19549046
PT [2 0 249 52 1]
 P 302640 34187 476583 19620555
PT [2 0 250 52 1]
 P 303236 34259 479978 19689742
PT [2 0 251 52 1]
 P 303704 34331 483374 19763956
PT [2 0 252 53 1]
 P 306182 34668 483386 19836872
PT [2 0 253 53 1]
 P 308451 35005 483399 19909243
PT [2 0 254 53 1]
 P 308451 35005 486789 19978462
PT [2 0 255 53 1]
 P 308451 35005 490179 20050642
PT [2 0 256 53 1]
 P 310274 35341 490192 20125496
PT [2 0 257 54 1]
 P 313635 35750 490210 20196203
PT [2 0 258 54 1]
 P 313635 35750 493600 20267182
PT [2 0 259 54 1]
 P 313635 35750 496990 20339362
PT [2 0 260 54 1]
 P 316146 36086 497003 20413736
PT [2 0 261 55 1]
 P 318983 36494 497022 20486108
PT [2 0 262 55 1]
 P 318983 36494 500412 20555902
PT [2 0 263 55 1]
 P 318983 36494 503802 20628082
PT [2 0 264 55 1]
 P 320809 36831 503812 20701847
PT [2 0 265 55 1]
 P 324237 37240 503828 20775372
PT [2 0 266 56 1]
 P 324237 37240 507218 20844622
PT [2 0 267 56 1]
 P 324237 37240 510608 20916802
PT [2 0 268 56 1]
 P 326781 37576 510621 20990375
PT [2 0 269 56 1]
 P 329623 37978 510637 21062524
PT [2 0 270 57 1]
 P 330187 38050 514032 21133342
PT [2 0 271 57 1]
 P 330187 38050 517422 21205522
PT [2 0 272 57 1]
 P 332017 38387 517434 21279383
PT [2 0 273 57 1]
 P 335286 38795 517453 21351723
PT [2 0 274 57 1]
 P 335286 38795 520843 21422062
PT [2 0 275 57 1]
 P 335286 38795 524233 21494242
PT [2 0 276 57 1]
 P 337768 39132 524245 21569512
PT [2 0 277 58 1]
 P 340739 39541 524263 21641115
PT [2 0 278 58 1]
 P 340739 39541 527653 21710782
PT [2 0 279 58 1]
 P 340739 39541 531043 21782962
PT [2 0 280 58 1]
 P 342604 39878 531055 21858072
PT [2 0 281 59 1]
 P 345970 40287 531073 21930187
PT [2 0 282 59 1]
 P 345970 40287 534463 21999502
PT [2 0 283 59 1]
 P 345970 40287 537853 22071682
PT [2 0 284 59 1]
 P 348486 40623 537865 22145384
PT [2 0 285 60 1]
 P 351366 41032 537884 22217693
PT [2 0 286 60 1]
 P 351366 41032 541274 22288222
PT [2 0 287 60 1]
 P 351366 41032 544664 22360402
PT [2 0 288 60 1]
 P 353202 41369 544676 22434136
PT [2 0 289 61 1]
 P 356065 41706 547260 22507628
PT [2 0 290 61 1]
 P 356661 41778 550656 22576942
PT [2 0 291 61 1]
 P 356661 41778 554046 22649122
PT [2 0 292 61 1]
 P 359242 42116 554059 22723879
PT [2 0 293 61 1]
 P 362444 42525 554076 22796445
PT [2 0 294 62 1]
 P 362444 42525 557466 22865662
PT [2 0 295 62 1]
 P 362444 42525 560856 22937842
PT [2 0 296 62 1]
 P 362943 42597 564252 23011863
PT [2 0 297 62 1]
 P 364461 42934 564264 23084011
PT [2 0 298 62 1]
 P 366857 43199 566842 23157469
PT [2 0 299 62 1]
 P 367453 43271 570238 23227732
PT [2 0 300 63 1]
 P 368049 43343 573634 23301736
PT [2 0 301 63 1]
 P 370600 43679 573647 23373051
PT [2 0 302 63 1]
 P 372985 44016 573658 23445966
PT [2 0 303 63 1]
 P 372985 44016 577048 23515282
PT [2 0 304 63 1]
 P 372985 44016 580438 23587462
PT [2 0 305 63 1]
 P 374764 44353 580451 23662572
PT [2 0 306 64 1]
 P 377759 44689 583037 23735485
PT [2 0 307 64 1]
 P 378355 44761 586432 23805171
PT [2 0 308 64 1]
 P 378355 44761 589822 23876182
PT [2 0 309 64 1]
 P 380941 45098 589835 23951516
PT [2 0 310 65 1]
 P 383797 45507 589854 24023312
PT [2 0 311 66 1]
 P 383797 45507 593244 24092722
PT [2 0 312 66 1]
 P 383797 45507 596634 24164902
PT [2 0 313 66 1]
 P 385612 45844 596647 24240045
PT [2 0 314 66 1]
 P 388954 46253 596665 24311072
PT [2 0 315 66 1]
 P 388954 46253 600055 24381442
PT [2 0 316 66 1]
 P 388954 46253 603445 24453622
PT [2 0 317 66 1]
 P 391398 46325 603456 24526876
PT [2 0 318 67 1]
 P 393726 46662 603469 24601072
PT [2 0 319 67 1]
 P 396634 46999 603481 24672708
PT [2 0 320 67 1]
 P 396634 46999 606871 24742342
PT [2 0 321 67 1]
 P 398452 47336 606881 24815915
PT [2 0 322 67 1]
 P 398984 47408 610276 24886702
PT [2 0 323 67 1]
 P 401893 47745 610288 24961588
PT [2 0 324 68 1]
 P 401893 47745 613678 25031062
PT [2 0 325 68 1]
 P 404385 48081 613691 25105051
PT [2 0 326 68 1]
 P 404948 48153 617087 25175422
PT [2 0 327 68 1]
 P 407343 48490 617099 25249860
PT [2 0 328 69 1]
 P 407343 48490 620489 25319782
PT [2 0 329 69 1]
 P 409164 48828 620501 25394572
PT [2 0 330 69 1]
 P 412542 49236 620520 25465662
PT [2 0 331 69 1]
 P 412542 49236 623910 25536322
PT [2 0 332 69 1]
 P 412542 49236 627300 25608502
PT [2 0 333 69 1]
 P 415068 49573 627312 25682972
PT [2 0 334 70 1]
 P 418030 49982 627330 25754287
PT [2 0 335 70 1]
 P 418030 49982 630720 25825042
PT [2 0 336 70 1]
 P 418030 49982 634110 25897222
PT [2 0 337 70 1]
 P 420392 50054 634753 25970636
PT [2 0 338 71 1]
 P 423240 50391 634766 26044417
PT [2 0 339 71 1]
 P 426183 50727 634780 26115507
PT [2 0 340 71 1]
 P 426183 50727 638170 26185942
PT [2 0 341 71 1]
 P 428744 51064 638180 26260284
PT [2 0 342 72 1]
 P 430909 51473 638198 26333488
PT [2 0 343 72 1]
 P 430909 51473 641588 26402482
PT [2 0 344 72 1]
 P 430909 51473 644978 26474662
PT [2 0 345 72 1]
 P 431377 51545 648373 26548267
PT [2 0 346 72 1]
 P 434069 51882 648384 26621440
PT [2 0 347 73 1]
 P 436919 52220 648396 26694068
PT [2 0 348 73 1]
 P 436919 52220 651786 26763382
PT [2 0 349 73 1]
 P 436919 52220 655176 26835562
PT [2 0 350 73 1]
 P 439449 52556 655188 26910575
PT [2 0 351 73 1]
 P 442291 52965 655204 26981412
PT [2 0 352 74 1]
 P 442291 52965 658594 27052102
PT [2 0 353 74 1]
 P 442291 52965 661984 27124282
PT [2 0 354 74 1]
 P 444153 53302 661996 27198175
PT [2 0 355 74 1]
 P 447567 53711 662015 27270165
PT [2 0 356 76 1]
 P 447567 53711 665405 27340822
PT [2 0 357 76 1]
 P 447567 53711 668795 27413002
PT [2 0 358 76 1]
 P 450099 54047 668808 27488209
PT [2 0 359 75 1]
 P 453006 54456 668826 27558787
PT [2 0 360 75 1]
 P 453006 54456 672216 27629542
PT [2 0 361 75 1]
 P 453006 54456 675606 27701722
PT [2 0 362 75 1]
 P 454904 54793 675618 27775072
PT [2 0 363 76 1]
 P 458256 55201 675637 27847795
PT [2 0 364 76 1]
 P 458256 55201 679027 27918262
PT [2 0 365 76 1]
 P 458256 55201 682417 27990442
PT [2 0 366 76 1]
 P 460822 55538 682429 28065360
PT [2 0 367 77 1]
 P 463171 55875 682443 28137668
PT [2 0 368 77 1]
 P 463702 55947 685839 28206982
PT [2 0 369 77 1]
 P 463702 55947 689229 28279162
PT [2 0 370 77 1]
 P 465603 56284 689242 28353888
PT [2 0 371 78 1]
 P 469021 56693 689260 28426452
PT [2 0 372 78 1]
 P 469021 56693 692650 28495702
PT [2 0 373 78 1]
 P 469021 56693 696040 28567882
PT [2 0 374 78 1]
 P 471556 57029 696053 28642734
PT [2 0 375 78 1]
 P 474408 57438 696072 28713508
PT [2 0 376 79 1]
 P 474408 57438 699462 28784422
PT [2 0 377 79 1]
 P 474408 57438 702852 28856602
PT [2 0 378 79 1]
 P 476311 57776 702865 28931007
PT [2 0 379 79 1]
 P 479763 58186 702881 29003347
PT [2 0 380 79 1]
 P 479763 58186 706271 29073142
PT [2 0 381 79 1]
 P 479763 58186 709661 29145322
PT [2 0 382 79 1]
 P 482267 58522 709674 29219055
PT [2 0 383 80 1]
 P 485118 58930 709693 29292675
PT [2 0 384 80 1]
 P 485118 58930 713083 29361862
PT [2 0 385 80 1]
 P 485118 58930 716473 29434042
PT [2 0 386 80 1]
 P 487026 59267 716484 29507616
PT [2 0 387 81 1]
 P 490547 59675 716502 29579798
PT [2 0 388 82 1]
 P 490547 59675 719892 29650582
PT [2 0 389 82 1]
 P 490547 59675 723282 29722762
PT [2 0 390 82 1]
 P 491016 59747 726678 29797649
PT [2 0 391 83 1]
 P 493523 60083 726690 29868771
PT [2 0 392 82 1]
 P 495847 60420 726702 29941399
PT [2 0 393 82 1]
 P 495847 60420 730092 30011482
PT [2 0 394 82 1]
 P 496314 60492 733488 30085504
PT [2 0 395 83 1]
 P 498192 60830 733501 30158963
PT [2 0 396 83 1]
 P 501052 61167 733515 30229769
PT [2 0 397 83 1]
 P 501052 61167 736905 30300202
PT [2 0 398 83 1]
 P 501052 61167 740295 30372382
PT [2 0 399 83 1]
 P 503593 61504 740307 30446532
PT [2 0 400 84 1]
 P 506485 61913 740326 30519544
PT [2 0 401 84 1]
 P 506485 61913 743716 30588922
PT [2 0 402 84 1]
 P 506485 61913 747106 30661102
PT [2 0 403 84 1]
 P 508303 62249 747118 30735475
PT [2 0 404 84 1]
 P 511729 62658 747136 30807144
PT [2 0 405 85 1]
 P 511729 62658 750526 30877642
PT [2 0 406 85 1]
 P 511729 62658 753916 30949822
PT [2 0 407 85 1]
 P 514302 62994 753929 31023427
PT [2 0 408 85 1]
 P 517066 63402 753946 31097272
PT [2 0 409 86 1]
 P 517066 63402 757336 31166362
PT [2 0 410 86 1]
 P 517066 63402 760726 31238542
PT [2 0 411 86 1]
 P 518723 63739 760737 31312595
PT [2 0 412 86 1]
 P 521739 64075 763323 31385894
PT [2 0 413 86 1]
 P 522334 64147 766718 31456252
PT [2 0 414 87 1]
 P 522334 64147 770108 31527262
PT [2 0 415 87 1]
 P 524942 64483 770120 31602596
PT [2 0 416 87 1]
 P 527580 64892 770137 31674391
PT [2 0 417 87 1]
 P 527580 64892 773527 31743802
PT [2 0 418 87 1]
 P 527580 64892 776917 31815982
PT [2 0 419 87 1]
 P 529274 65229 776929 31891125
PT [2 0 420 88 1]
 P 532638 65637 776948 31962152
PT [2 0 421 88 1]
 P 532638 65637 780338 32032522
PT [2 0 422 88 1]
 P 532638 65637 783728 32104702
PT [2 0 423 88 1]
 P 535260 65709 784942 32178084
PT [2 0 424 89 1]
 P 536666 66046 784954 32251256
PT [2 0 425 89 1]
 P 539596 66384 784967 32323915
PT [2 0 426 89 1]
 P 539596 66384 788357 32393422
PT [2 0 427 89 1]
 P 542112 66721 788367 32468148
PT [2 0 428 90 1]
 P 544979 67129 788386 32540136
PT [2 0 429 90 1]
 P 544979 67129 791776 32609962
PT [2 0 430 90 1]
 P 544979 67129 795166 32682142
PT [2 0 431 90 1]
 P 546644 67466 795177 32756741
PT [2 0 432 90 1]
 P 549523 67803 795189 32829399
PT [2 0 433 91 1]
 P 550023 67875 798584 32898682
PT [2 0 434 91 1]
 P 550023 67875 801974 32970862
PT [2 0 435 91 1]
 P 552506 68211 801987 33045491
PT [2 0 436 91 1]
 P 555664 68622 802004 33118183
PT [2 0 437 91 1]
 P 555664 68622 805394 33187402
PT [2 0 438 91 1]
 P 555664 68622 808784 33259582
PT [2 0 439 91 1]
 P 556132 68694 812180 33333572
PT [2 0 440 92 1]
 P 557576 69031 812193 33405783
PT [2 0 441 92 1]
 P 560446 69368 812203 33477323
PT [2 0 442 92 1]
 P 560446 69368 815593 33548302
PT [2 0 443 92 1]
 P 560978 69440 818989 33623028
PT [2 0 444 93 1]
 P 563558 69776 819002 33695431
PT [2 0 445 93 1]
 P 565739 70113 819015 33767227
PT [2 0 446 93 1]
 P 565739 70113 822405 33837022
PT [2 0 447 93 1]
 P 565739 70113 825795 33909202
PT [2 0 448 93 1]
 P 567507 70450 825808 33983000
PT [2 0 449 94 1]
 P 571069 70858 825827 34056587
PT [2 0 450 94 1]
 P 571069 70858 829217 34125742
PT [2 0 451 94 1]
 P 571069 70858 832607 34197922
PT [2 0 452 94 1]
 P 573654 71195 832620 34271498
PT [2 0 453 95 1]
 P 576339 71603 832639 34343580
PT [2 0 454 95 1]
 P 576339 71603 836029 34414462
PT [2 0 455 95 1]
 P 576339 71603 839419 34486642
PT [2 0 456 95 1]
 P 578016 71940 839430 34560792
PT [2 0 457 96 1]
 P 581421 72349 839448 34633100
PT [2 0 458 96 1]
 P 581421 72349 842838 34703182
PT [2 0 459 96 1]
 P 581421 72349 846228 34775362
PT [2 0 460 96 1]
 P 583912 72686 846240 34849545
PT [2 0 461 96 1]
 P 586634 73095 846255 34921468
PT [2 0 462 97 1]
 P 586634 73095 849645 34991902
PT [2 0 463 97 1]
 P 586634 73095 853035 35064082
PT [2 0 464 97 1]
 P 588376 73432 853047 35138231
PT [2 0 465 97 1]
 P 591846 73841 853063 35211243
PT [2 0 466 97 1]
 P 591846 73841 856453 35280622
PT [2 0 467 97 1]
 P 591846 73841 859843 35352802
PT [2 0 468 97 1]
 P 594432 74177 859856 35427272
PT [2 0 469 98 1]
 P 597122 74587 859874 35498843
PT [2 0 470 98 1]
 P 597122 74587 863264 35569342
PT [2 0 471 98 1]
 P 597122 74587 866654 35641522
PT [2 0 472 98 1]
 P 597122 74587 870044 35713702
PT [2 0 473 98 1]
 P 599690 74587 870050 35785882
PT [2 0 474 98 1]
EMPTY QUEUE
 P 601468 74587 870060 35859405
PT [2 0 475 99 1]
 P 601468 74587 873450 35930242
PT [2 0 476 99 1]
 P 601468 74587 876840 36002422
PT [2 0 477 99 1]
 P 601468 74587 880230 36074602
PT [2 0 478 99 1]
 P 603941 74587 880236 36146782
PT [2 0 479 99 1]
EMPTY QUEUE
 P 606585 74587 880246 36219953
PT [2 0 480 100 1]
 P 606585 74587 883636 36291142
PT [2 0 481 100 1]
 P 606585 74587 887026 36363322
PT [2 0 482 100 1]
 P 606585 74587 890416 36435502
PT [2 0 483 100 1]
 P 608835 74587 890422 36507682
PT [2 0 484 100 1]
EMPTY QUEUE
 P 610201 74587 890432 36581942
PT [2 0 485 101 1]
 P 610201 74587 893822 36652042
PT [2 0 486 101 1]
 P 610201 74587 897212 36724222
PT [2 0 487 101 1]
 P 610201 74587 900602 36796402
PT [2 0 488 101 1]
 P 612612 74587 900608 36868582
PT [2 0 489 101 1]
EMPTY QUEUE
 P 615164 74587 900617 36942810
PT [2 0 490 102 1]
 P 615164 74587 904007 37012942
PT [2 0 491 102 1]
 P 615164 74587 907397 37085122
PT [2 0 492 102 1]
 P 615164 74587 910787 37157302
PT [2 0 493 102 1]
 P 616584 74587 910793 37229482
PT [2 0 494 102 1]
EMPTY QUEUE
 P 619204 74587 910802 37304095
PT [2 0 495 105 1]
 P 619204 74587 914192 37373842
PT [2 0 496 105 1]
 P 619204 74587 917582 37446022
PT [2 0 497 105 1]
 P 619204 74587 920972 37518202
PT [2 0 498 105 1]
 P 621041 74587 920978 37590382
PT [2 0 499 105 1]
EMPTY QUEUE
 P 623150 74587 920988 37665315
PT [2 0 500 106 1]
 P 623150 74587 924378 37734742
PT [2 0 501 106 1]
 P 623150 74587 927768 37806922
PT [2 0 502 106 1]
 P 623150 74587 931158 37879102
PT [2 0 503 106 1]
 P 625277 74587 931163 37951282
PT [2 0 504 106 1]
EMPTY QUEUE
 P 628572 74587 931172 38025670
PT [2 0 505 106 1]
 P 628572 74587 934562 38095642
PT [2 0 506 106 1]
 P 628572 74587 937952 38167822
PT [2 0 507 106 1]
 P 628572 74587 941342 38240002
PT [2 0 508 106 1]
 P 631372 74587 941347 38312182
PT [2 0 509 106 1]
EMPTY QUEUE
 P 634381 74587 941356 38387114
PT [2 0 510 107 1]
 P 634381 74587 944746 38456542
PT [2 0 511 107 1]
 P 634381 74587 948136 38528722
PT [2 0 512 107 1]
 P 634381 74587 951526 38600902
PT [2 0 513 107 1]
 P 636702 74587 951531 38673082
PT [2 0 514 107 1]
EMPTY QUEUE
 P 638145 74587 951540 38746766
PT [2 0 515 108 1]
 P 638145 74587 954930 38817442
PT [2 0 516 108 1]
 P 638145 74587 958320 38889622
PT [2 0 517 108 1]
 P 638145 74587 961710 38961802
PT [2 0 518 108 1]
 P 639347 74587 961716 39033982
PT [2 0 519 108 1]
EMPTY QUEUE
 P 639815 74587 965110 39107091
PT [2 0 520 109 1]
 P 641529 74587 965116 39178342
PT [2 0 521 109 1]
 P 641529 74587 968506 39250522
PT [2 0 522 109 1]
 P 641529 74587 971896 39322702
PT [2 0 523 109 1]
 P 643533 74587 971902 39394882
PT [2 0 524 109 1]
EMPTY QUEUE
 P 644098 74587 975297 39469592
PT [2 0 525 110 1]
 P 645340 74587 975303 39539242
PT [2 0 526 110 1]
 P 647056 74587 975308 39611422
PT [2 0 527 110 1]
 P 647056 74587 978698 39683602
PT [2 0 528 110 1]
 P 648196 74587 978704 39755782
PT [2 0 529 110 1]
EMPTY QUEUE
 P 648791 74587 982098 39830874
PT [2 0 530 111 1]
 P 648791 74587 985488 39900142
PT [2 0 531 111 1]
 P 650029 74587 985493 39972322
PT [2 0 532 111 1]
 P 650029 74587 988883 40044502
PT [2 0 533 111 1]
 P 651202 74587 988889 40116682
PT [2 0 534 111 1]
EMPTY QUEUE
 P 651670 74587 992283 40191358
PT [2 0 535 112 1]
 P 651670 74587 995673 40261042
PT [2 0 536 112 1]
 P 653839 74587 995679 40333222
PT [2 0 537 112 1]
 P 653839 74587 999069 40405402
PT [2 0 538 112 1]
 P 656453 74587 999075 40477582
PT [2 0 539 112 1]
EMPTY QUEUE
 P 656953 74587 1002469 40551362
PT [2 0 540 113 1]
 P 656953 74587 1005859 40621942
PT [2 0 541 113 1]
 P 657875 74587 1005864 40694122
PT [2 0 542 113 1]
 P 657875 74587 1009254 40766302
PT [2 0 543 113 1]
 P 659754 74587 1009260 40838482
PT [2 0 544 113 1]
EMPTY QUEUE
 P 660254 74587 1012654 40912230
PT [2 0 545 114 1]
 P 660254 74587 1016044 40982842
PT [2 0 546 114 1]
 P 662362 74587 1016049 41055022
PT [2 0 547 114 1]
 P 662362 74587 1019439 41127202
PT [2 0 548 114 1]
 P 663843 74587 1019446 41199382
PT [2 0 549 114 1]
EMPTY QUEUE
 P 666702 74587 1019456 41274186
PT [2 0 550 115 1]
 P 666702 74587 1022846 41343742
PT [2 0 551 115 1]
 P 668844 74587 1022851 41415922
PT [2 0 552 115 1]
 P 668844 74587 1026241 41488102
PT [2 0 553 115 1]
 P 668844 74587 1029631 41560282
PT [2 0 554 115 1]
EMPTY QUEUE
 P 671417 74587 1029641 41634734
PT [2 0 555 116 1]
 P 671417 74587 1033031 41704642
PT [2 0 556 116 1]
 P 672953 74587 1033036 41776822
PT [2 0 557 116 1]
 P 672953 74587 1036426 41849002
PT [2 0 558 116 1]
 P 672953 74587 1039816 41921182
PT [2 0 559 116 1]
EMPTY QUEUE
 P 676071 74587 1039826 41996114
PT [2 0 560 117 1]
 P 676071 74587 1043216 42065542
PT [2 0 561 117 1]
 P 678921 74587 1043221 42137722
PT [2 0 562 117 1]
 P 678921 74587 1046611 42209902
PT [2 0 563 117 1]
 P 678921 74587 1050001 42282082
PT [2 0 564 117 1]
EMPTY QUEUE
 P 681976 74587 1050012 42355862
PT [2 0 565 118 1]
 P 681976 74587 1053402 42426442
PT [2 0 566 118 1]
 P 684476 74587 1053407 42498622
PT [2 0 567 118 1]
 P 684476 74587 1056797 42570802
PT [2 0 568 118 1]
 P 684476 74587 1060187 42642982
PT [2 0 569 118 1]
EMPTY QUEUE
 P 685006 74587 1063581 42716153
PT [2 0 570 119 1]
 P 687403 74587 1063586 42787342
PT [2 0 571 119 1]
 P 688401 74587 1063591 42859522
PT [2 0 572 119 1]
 P 688401 74587 1066981 42931702
PT [2 0 573 119 1]
 P 688401 74587 1070371 43003882
PT [2 0 574 119 1]
EMPTY QUEUE
 P 688931 74587 1073765 43078557
PT [2 0 575 120 1]
 P 690977 74587 1073770 43148242
PT [2 0 576 120 1]
 P 691881 74587 1073775 43220422
PT [2 0 577 120 1]
 P 691881 74587 1077165 43292602
PT [2 0 578 120 1]
 P 691881 74587 1080555 43364782
PT [2 0 579 120 1]
EMPTY QUEUE
 P 692475 74587 1083949 43439361
PT [2 0 580 121 1]
 P 695066 74587 1083955 43509142
PT [2 0 581 121 1]
 P 697796 74587 1083960 43581322
PT [2 0 582 121 1]
 P 697796 74587 1087350 43653502
PT [2 0 583 121 1]
 P 697796 74587 1090740 43725682
PT [2 0 584 121 1]
EMPTY QUEUE
 P 698295 74587 1094134 43799877
PT [2 0 585 122 1]
 P 700799 74587 1094140 43870042
PT [2 0 586 122 1]
 P 703199 74587 1094146 43942222
PT [2 0 587 122 1]
 P 704939 74587 1094153 44014402
PT [2 0 588 122 1]
 P 704939 74587 1097543 44086582
PT [2 0 589 122 1]
EMPTY QUEUE
 P 704996 74587 1103505 44163705
PT [2 0 590 122 1]
EMPTY QUEUE
 P 705464 74587 1106898 44231742
PT [2 0 591 123 1]
 P 707514 74587 1106904 44303122
PT [2 0 592 123 1]
 P 708776 74587 1106910 44375302
PT [2 0 593 123 1]
 P 708776 74587 1110300 44447482
PT [2 0 594 123 1]
 P 708776 74587 1113690 44519662
PT [2 0 595 123 1]
EMPTY QUEUE
 P 709372 74587 1117083 44593762
PT [2 0 596 124 1]
 P 711966 74587 1117089 44664022
PT [2 0 597 124 1]
 P 714158 74587 1117095 44736202
PT [2 0 598 124 1]
 P 714158 74587 1120485 44808382
PT [2 0 599 124 1]
 P 714158 74587 1123875 44880562
PT [2 0 600 124 1]
EMPTY QUEUE
 P 714721 74587 1127268 44953958
PT [2 0 601 126 1]
 P 717220 74587 1127274 45024922
PT [2 0 602 126 1]
 P 718166 74587 1127280 45097102
PT [2 0 603 126 1]
 P 718166 74587 1130670 45169282
PT [2 0 604 126 1]
 P 718166 74587 1134060 45241462
PT [2 0 605 126 1]
EMPTY QUEUE
 P 718666 74587 1137453 45316042
PT [2 0 606 127 1]
 P 720942 74587 1137459 45385822
PT [2 0 607 127 1]
 P 723074 74587 1137465 45458002
PT [2 0 608 127 1]
 P 723074 74587 1140855 45530182
PT [2 0 609 127 1]
 P 723074 74587 1144245 45602362
PT [2 0 610 127 1]
EMPTY QUEUE
 P 723574 74587 1147638 45675503
PT [2 0 611 128 1]
 P 726011 74587 1147644 45746722
PT [2 0 612 128 1]
 P 728177 74587 1147650 45818902
PT [2 0 613 128 1]
 P 728177 74587 1151040 45891082
PT [2 0 614 128 1]
 P 728177 74587 1154430 45963262
PT [2 0 615 128 1]
EMPTY QUEUE
 P 728645 74587 1157823 46037874
PT [2 0 616 129 1]
 P 730091 74587 1157829 46107622
PT [2 0 617 129 1]
 P 731651 74587 1157835 46179802
PT [2 0 618 129 1]
 P 731651 74587 1161225 46251982
PT [2 0 619 129 1]
 P 731651 74587 1164615 46324162
PT [2 0 620 129 1]
EMPTY QUEUE
 P 732182 74587 1168009 46398678
PT [2 0 621 130 1]
 P 734045 74587 1168015 46468522
PT [2 0 622 130 1]
 P 736919 74587 1168021 46540702
PT [2 0 623 130 1]
 P 736919 74587 1171411 46612882
PT [2 0 624 130 1]
 P 736919 74587 1174801 46685062
PT [2 0 625 130 1]
EMPTY QUEUE
 P 737451 74587 1178195 46759290
PT [2 0 626 131 1]
 P 739603 74587 1178201 46829422
PT [2 0 627 131 1]
 P 742127 74587 1178207 46901602
PT [2 0 628 131 1]
 P 742127 74587 1181597 46973782
PT [2 0 629 131 1]
 P 742127 74587 1184987 47045962
PT [2 0 630 131 1]
EMPTY QUEUE
 P 742691 74587 1188381 47119294
PT [2 0 631 132 1]
 P 745516 74587 1188387 47190322
PT [2 0 632 132 1]
 P 746538 74587 1188393 47262502
PT [2 0 633 132 1]
 P 746538 74587 1191783 47334682
PT [2 0 634 132 1]
 P 746538 74587 1195173 47406862
PT [2 0 635 132 1]
EMPTY QUEUE
 P 747070 74587 1198567 47480130
PT [2 0 636 133 1]
 P 749416 74587 1198573 47551222
PT [2 0 637 133 1]
 P 750344 74587 1198579 47623402
PT [2 0 638 133 1]
 P 750344 74587 1201969 47695582
PT [2 0 639 133 1]
 P 750344 74587 1205359 47767762
PT [2 0 640 133 1]
EMPTY QUEUE
 P 750907 74587 1208753 47841414
PT [2 0 641 134 1]
 P 752135 74587 1208758 47912122
PT [2 0 642 134 1]
 P 754889 74587 1208764 47984302
PT [2 0 643 134 1]
 P 754889 74587 1212154 48056482
PT [2 0 644 134 1]
 P 754889 74587 1215544 48128662
PT [2 0 645 134 1]
EMPTY QUEUE
 P 755389 74587 1218938 48202474
PT [2 0 646 135 1]
 P 757418 74587 1218943 48273022
PT [2 0 647 135 1]
 P 760334 74587 1218949 48345202
PT [2 0 648 135 1]
 P 760334 74587 1222339 48417382
PT [2 0 649 135 1]
 P 760334 74587 1225729 48489562
PT [2 0 650 135 1]
EMPTY QUEUE
 P 760865 74587 1229123 48562990
PT [2 0 651 136 1]
 P 762031 74587 1229128 48633922
PT [2 0 652 136 1]
 P 763957 74587 1229134 48706102
PT [2 0 653 136 1]
 P 763957 74587 1232524 48778282
PT [2 0 654 136 1]
 P 763957 74587 1235914 48850462
PT [2 0 655 136 1]
EMPTY QUEUE
 P 764553 74587 1239308 48924435
PT [2 0 656 137 1]
 P 765752 74587 1239313 48994822
PT [2 0 657 137 1]
 P 768096 74587 1239319 49067002
PT [2 0 658 137 1]
 P 768096 74587 1242709 49139182
PT [2 0 659 137 1]
 P 768096 74587 1246099 49211362
PT [2 0 660 137 1]
EMPTY QUEUE
 P 768596 74587 1249493 49286102
PT [2 0 661 138 1]
 P 771237 74587 1249499 49355722
PT [2 0 662 138 1]
 P 773871 74587 1249505 49427902
PT [2 0 663 138 1]
 P 773871 74587 1252895 49500082
PT [2 0 664 138 1]
 P 773871 74587 1256285 49572262
PT [2 0 665 138 1]
EMPTY QUEUE
 P 774338 74587 1259679 49645657
PT [2 0 666 139 1]
 P 776243 74587 1259685 49716622
PT [2 0 667 139 1]
 P 777503 74587 1259691 49788802
PT [2 0 668 139 1]
 P 777503 74587 1263081 49860982
PT [2 0 669 139 1]
 P 777503 74587 1266471 49933162
PT [2 0 670 139 1]
EMPTY QUEUE
 P 778066 74587 1269865 50006749
PT [2 0 671 140 1]
 P 779620 74587 1269871 50077522
PT [2 0 672 140 1]
 P 782450 74587 1269877 50149702
PT [2 0 673 140 1]
 P 782450 74587 1273267 50221882
PT [2 0 674 140 1]
 P 782450 74587 1276657 50294062
PT [2 0 675 140 1]
EMPTY QUEUE
 P 783045 74587 1280051 50368673
PT [2 0 676 141 1]
 P 785144 74587 1280057 50438422
PT [2 0 677 141 1]
 P 786856 74587 1280063 50510602
PT [2 0 678 141 1]
 P 786856 74587 1283453 50582782
PT [2 0 679 141 1]
 P 786856 74587 1286843 50654962
PT [2 0 680 141 1]
EMPTY QUEUE
 P 787354 74587 1290237 50728805
PT [2 0 681 142 1]
 P 789358 74587 1290243 50799322
PT [2 0 682 142 1]
 P 791872 74587 1290249 50871502
PT [2 0 683 142 1]
 P 791872 74587 1293639 50943682
PT [2 0 684 142 1]
 P 791872 74587 1297029 51015862
PT [2 0 685 142 1]
EMPTY QUEUE
 P 792434 74587 1300423 51088969
PT [2 0 686 143 1]
 P 794215 74587 1300429 51160222
PT [2 0 687 143 1]
 P 795867 74587 1300435 51232402
PT [2 0 688 143 1]
 P 795867 74587 1303825 51304582
PT [2 0 689 143 1]
 P 795867 74587 1307215 51376762
PT [2 0 690 143 1]
EMPTY QUEUE
 P 796365 74587 1310609 51450413
PT [2 0 691 144 1]
 P 798307 74587 1310615 51521122
PT [2 0 692 144 1]
 P 799993 74587 1310621 51593302
PT [2 0 693 144 1]
 P 799993 74587 1314011 51665482
PT [2 0 694 144 1]
 P 799993 74587 1317401 51737662
PT [2 0 695 144 1]
EMPTY QUEUE
 P 800460 74587 1320795 51810737
PT [2 0 696 145 1]
 P 803459 74587 1320801 51882022
PT [2 0 697 145 1]
 P 804539 74587 1320807 51954202
PT [2 0 698 145 1]
 P 804539 74587 1324197 52026382
PT [2 0 699 145 1]
 P 804539 74587 1327587 52098562
PT [2 0 700 145 1]
EMPTY QUEUE
 P 805006 74587 1330981 52173526
PT [2 0 701 146 1]
 P 806374 74587 1330987 52242922
PT [2 0 702 146 1]
 P 808768 74587 1330993 52315102
PT [2 0 703 146 1]
 P 808768 74587 1334383 52387282
PT [2 0 704 146 1]
 P 808768 74587 1337773 52459462
PT [2 0 705 146 1]
EMPTY QUEUE
 P 809267 74587 1341167 52534170
PT [2 0 706 147 1]
 P 810924 74587 1341173 52603822
PT [2 0 707 147 1]
 P 812968 74587 1341179 52676002
PT [2 0 708 147 1]
 P 812968 74587 1344569 52748182
PT [2 0 709 147 1]
 P 812968 74587 1347959 52820362
PT [2 0 710 147 1]
EMPTY QUEUE
 P 813564 74587 1351352 52894239
PT [2 0 711 150 1]
 P 815894 74587 1351358 52964722
PT [2 0 712 150 1]
 P 818484 74587 1351364 53036902
PT [2 0 713 150 1]
 P 818484 74587 1354754 53109082
PT [2 0 714 150 1]
 P 818484 74587 1358144 53181262
PT [2 0 715 150 1]
EMPTY QUEUE
 P 818952 74587 1361537 53254978
PT [2 0 716 149 1]
 P 820803 74587 1361543 53325622
PT [2 0 717 149 1]
 P 823299 74587 1361549 53397802
PT [2 0 718 149 1]
 P 823299 74587 1364939 53469982
PT [2 0 719 149 1]
 P 823299 74587 1368329 53542162
PT [2 0 720 149 1]
EMPTY QUEUE
 P 823830 74587 1371722 53616294
PT [2 0 721 151 1]
 P 826610 74587 1371728 53686522
PT [2 0 722 151 1]
 P 828884 74587 1371734 53758702
PT [2 0 723 151 1]
 P 828884 74587 1375124 53830882
PT [2 0 724 151 1]
 P 828884 74587 1378514 53903062
PT [2 0 725 151 1]
EMPTY QUEUE
 P 829351 74587 1381907 53977354
PT [2 0 726 152 1]
 P 830884 74587 1381913 54047422
PT [2 0 727 152 1]
 P 830884 74587 1385303 54119602
PT [2 0 728 152 1]
 P 832681 74587 1385308 54191782
PT [2 0 729 152 1]
 P 832681 74587 1388698 54263962
PT [2 0 730 152 1]
EMPTY QUEUE
 P 833148 74587 1392091 54337838
PT [2 0 731 153 1]
 P 835866 74587 1392097 54408322
PT [2 0 732 153 1]
 P 835866 74587 1395487 54480502
PT [2 0 733 153 1]
 P 837185 74587 1395492 54552682
PT [2 0 734 153 1]
 P 837185 74587 1398882 54624862
PT [2 0 735 153 1]
EMPTY QUEUE
 P 837748 74587 1402275 54699314
PT [2 0 736 154 1]
 P 840499 74587 1402281 54769222
PT [2 0 737 154 1]
 P 840499 74587 1405671 54841402
PT [2 0 738 154 1]
 P 842701 74587 1405676 54913582
PT [2 0 739 154 1]
 P 844502 74587 1405682 54985762
PT [2 0 740 154 1]
EMPTY QUEUE
 P 845097 74587 1409076 55060694
PT [2 0 741 155 1]
 P 847242 74587 1409081 55130122
PT [2 0 742 155 1]
 P 847242 74587 1412471 55202302
PT [2 0 743 155 1]
 P 847242 74587 1415861 55274482
PT [2 0 744 155 1]
 P 848565 74587 1415868 55346662
PT [2 0 745 155 1]
EMPTY QUEUE
 P 849033 74587 1419262 55421050
PT [2 0 746 156 1]
 P 850443 74587 1419267 55491022
PT [2 0 747 156 1]
 P 850443 74587 1422657 55563202
PT [2 0 748 156 1]
 P 850443 74587 1426047 55635382
PT [2 0 749 156 1]
 P 852696 74587 1426053 55707562
PT [2 0 750 156 1]
EMPTY QUEUE
 P 853195 74587 1429447 55782462
PT [2 0 751 157 1]
 P 854254 74587 1429452 55851922
PT [2 0 752 157 1]
 P 854254 74587 1432842 55924102
PT [2 0 753 157 1]
 P 854254 74587 1436232 55996282
PT [2 0 754 157 1]
 P 855261 74587 1436238 56068462
PT [2 0 755 157 1]
EMPTY QUEUE
 P 855761 74587 1439632 56142178
PT [2 0 756 158 1]
 P 857365 74587 1439637 56212822
PT [2 0 757 158 1]
 P 857365 74587 1443027 56285002
PT [2 0 758 158 1]
 P 857365 74587 1446417 56357182
PT [2 0 759 158 1]
 P 859558 74587 1446423 56429362
PT [2 0 760 158 1]
EMPTY QUEUE
 P 859617 74587 1452385 56505942
PT [2 0 761 158 1]
EMPTY QUEUE
 P 861720 74587 1452395 56576473
PT [2 0 762 159 1]
 P 861720 74587 1455785 56645902
PT [2 0 763 159 1]
 P 861720 74587 1459175 56718082
PT [2 0 764 159 1]
 P 863947 74587 1459181 56790262
PT [2 0 765 159 1]
 P 863947 74587 1462571 56862442
PT [2 0 766 159 1]
EMPTY QUEUE
 P 865828 74587 1462581 56936957
PT [2 0 767 160 1]
 P 865828 74587 1465971 57006802
PT [2 0 768 160 1]
 P 865828 74587 1469361 57078982
PT [2 0 769 160 1]
 P 867449 74587 1469368 57151162
PT [2 0 770 160 1]
 P 867449 74587 1472758 57223342
PT [2 0 771 160 1]
EMPTY QUEUE
 P 868798 74587 1472766 57297805
PT [2 0 772 160 1]
EMPTY QUEUE
 P 868809 74587 1476158 57368043
PT [2 0 773 160 1]
EMPTY QUEUE
 P 869276 74587 1479551 57440682
PT [2 0 774 162 1]
 P 872211 74587 1479557 57512062
PT [2 0 775 162 1]
 P 872211 74587 1482947 57584242
PT [2 0 776 162 1]
 P 874552 74587 1482953 57656422
PT [2 0 777 162 1]
 P 874552 74587 1486343 57728602
PT [2 0 778 162 1]
EMPTY QUEUE
 P 875147 74587 1489736 57802702
PT [2 0 1 0 1]
 P 877569 74587 1489742 57873125
PT [2 0 2 0 1]
 P 877569 74587 1493132 57945305
PT [2 0 3 0 1]
 P 880164 74587 1493138 58017485
PT [2 0 4 0 1]
 P 880164 74587 1496528 58089665
PT [2 0 5 0 1]
EMPTY QUEUE
 P 880696 74587 1499922 58163029
PT [2 0 6 1 1]
 P 881616 74587 1499928 58234025
PT [2 0 7 1 1]
 P 881616 74587 1503318 58306205
PT [2 0 8 1 1]
 P 882452 74587 1503324 58378385
PT [2 0 9 1 1]
 P 882452 74587 1506714 58450565
PT [2 0 10 1 1]
EMPTY QUEUE
 P 882983 74587 1510108 58525177
PT [2 0 11 2 1]
 P 883809 74587 1510114 58594925
PT [2 0 12 2 1]
 P 883809 74587 1513504 58667105
PT [2 0 13 2 1]
 P 885318 74587 1513510 58739285
PT [2 0 14 2 1]
 P 885318 74587 1516900 58811465
PT [2 0 15 2 1]
EMPTY QUEUE
 P 885850 74587 1520294 58884638
PT [2 0 16 4 1]
 P 888502 74587 1520300 58955825
PT [2 0 17 4 1]
 P 888502 74587 1523690 59028005
PT [2 0 18 4 1]
 P 889532 74587 1523696 59100185
PT [2 0 19 4 1]
 P 889532 74587 1527086 59172365
PT [2 0 20 4 1]
EMPTY QUEUE
 P 890064 74587 1530480 59247041
PT [2 0 21 4 1]
 P 892878 74587 1530486 59316725
PT [2 0 22 4 1]
 P 892878 74587 1533876 59388905
PT [2 0 23 4 1]
 P 894837 74587 1533882 59461085
PT [2 0 24 4 1]
 P 894837 74587 1537272 59533265
PT [2 0 25 4 1]
EMPTY QUEUE
 P 895337 74587 1540666 59607749
PT [2 0 26 5 1]
 P 897161 74587 1540672 59677625
PT [2 0 27 5 1]
 P 897161 74587 1544062 59749805
PT [2 0 28 5 1]
 P 897873 74587 1544068 59821985
PT [2 0 29 5 1]
 P 897873 74587 1547458 59894165
PT [2 0 30 5 1]
EMPTY QUEUE
 P 898340 74587 1550852 59968329
PT [2 0 31 6 1]
 P 900582 74587 1550858 60038525
PT [2 0 32 6 1]
 P 900582 74587 1554248 60110705
PT [2 0 33 6 1]
 P 902479 74587 1554254 60182885
PT [2 0 34 6 1]
 P 902479 74587 1557644 60255065
PT [2 0 35 6 1]
EMPTY QUEUE
 P 902536 74587 1563606 60330460
PT [2 0 36 6 1]
EMPTY QUEUE
 P 905662 74587 1563616 60402176
PT [2 0 37 7 1]
 P 906818 74587 1563622 60471605
PT [2 0 38 7 1]
 P 908748 74587 1563628 60543785
PT [2 0 39 7 1]
 P 908748 74587 1567018 60615965
PT [2 0 40 7 1]
 P 908748 74587 1570408 60688145
PT [2 0 41 7 1]
EMPTY QUEUE
 P 909343 74587 1573802 60762661
PT [2 0 42 9 1]
 P 912069 74587 1573808 60832505
PT [2 0 43 9 1]
 P 913394 74587 1573813 60904685
PT [2 0 44 9 1]
 P 913394 74587 1577203 60976865
PT [2 0 45 9 1]
 P 913394 74587 1580593 61049045
PT [2 0 46 9 1]
EMPTY QUEUE
 P 913861 74587 1583987 61123912
PT [2 0 47 9 1]
 P 915469 74587 1583993 61193405
PT [2 0 48 9 1]
 P 918105 74587 1583999 61265585
PT [2 0 49 9 1]
 P 918105 74587 1587389 61337765
PT [2 0 50 9 1]
 P 918105 74587 1590779 61409945
PT [2 0 51 9 1]
EMPTY QUEUE
 P 918699 74587 1594173 61483756
PT [2 0 52 10 1]
 P 921109 74587 1594179 61554305
PT [2 0 53 10 1]
 P 923394 74587 1594185 61626485
PT [2 0 54 10 1]
 P 923394 74587 1597575 61698665
PT [2 0 55 10 1]
 P 923394 74587 1600965 61770845
PT [2 0 56 10 1]
EMPTY QUEUE
 P 923861 74587 1604359 61845264
PT [2 0 57 11 1]
 P 925409 74587 1604365 61915205
PT [2 0 58 11 1]
 P 926191 74587 1604371 61987385
PT [2 0 59 11 1]
 P 926191 74587 1607761 62059565
PT [2 0 60 11 1]
 P 926191 74587 1611151 62131745
PT [2 0 61 11 1]
EMPTY QUEUE
 P 926785 74587 1614545 62206388
PT [2 0 62 12 1]
 P 928367 74587 1614551 62276105
PT [2 0 63 12 1]
 P 929055 74587 1614556 62348285
PT [2 0 64 12 1]
 P 929055 74587 1617946 62420465
PT [2 0 65 12 1]
 P 929055 74587 1621336 62492645
PT [2 0 66 12 1]
EMPTY QUEUE
 P 929618 74587 1624730 62566201
PT [2 0 67 13 1]
 P 930594 74587 1624736 62637005
PT [2 0 68 13 1]
 P 933107 74587 1624741 62709185
PT [2 0 69 13 1]
 P 933107 74587 1628131 62781365
PT [2 0 70 13 1]
 P 933107 74587 1631521 62853545
PT [2 0 71 13 1]
EMPTY QUEUE
 P 933118 74587 1634913 62927922
PT [2 0 72 13 1]
EMPTY QUEUE
 P 935907 74587 1634922 63000561
PT [2 0 73 15 1]
 P 938581 74587 1634927 63070085
PT [2 0 74 15 1]
 P 938581 74587 1638317 63142265
PT [2 0 75 15 1]
 P 938581 74587 1641707 63214445
PT [2 0 76 15 1]
 P 938581 74587 1645097 63286625
PT [2 0 77 15 1]
EMPTY QUEUE
 P 941021 74587 1645108 63361046
PT [2 0 78 16 1]
 P 942704 74587 1645113 63430985
PT [2 0 79 16 1]
 P 942704 74587 1648503 63503165
PT [2 0 80 16 1]
 P 942704 74587 1651893 63575345
PT [2 0 81 16 1]
 P 942704 74587 1655283 63647525
PT [2 0 82 16 1]
EMPTY QUEUE
 P 945658 74587 1655293 63722393
PT [2 0 83 17 1]
 P 947758 74587 1655299 63791885
PT [2 0 84 17 1]
 P 947758 74587 1658689 63864065
PT [2 0 85 17 1]
 P 947758 74587 1662079 63936245
PT [2 0 86 17 1]
 P 947758 74587 1665469 64008425
PT [2 0 87 17 1]
EMPTY QUEUE
 P 950682 74587 1665479 64082173
PT [2 0 88 18 1]
 P 953071 74587 1665485 64152785
PT [2 0 89 18 1]
 P 953071 74587 1668875 64224965
PT [2 0 90 18 1]
 P 953071 74587 1672265 64297145
PT [2 0 91 18 1]
 P 953071 74587 1675655 64369325
PT [2 0 92 18 1]
EMPTY QUEUE
 P 955775 74587 1675664 64443809
PT [2 0 93 19 1]
 P 956789 74587 1675670 64513685
PT [2 0 94 19 1]
 P 956789 74587 1679060 64585865
PT [2 0 95 19 1]
 P 956789 74587 1682450 64658045
PT [2 0 96 19 1]
 P 956789 74587 1685840 64730225
PT [2 0 97 19 1]
EMPTY QUEUE
 P 959588 74587 1685850 64804741
PT [2 0 98 20 1]
 P 962171 74587 1685856 64874585
PT [2 0 99 20 1]
 P 962171 74587 1689246 64946765
PT [2 0 100 20 1]
 P 962171 74587 1692636 65018945
PT [2 0 101 20 1]
 P 962171 74587 1696026 65091125
PT [2 0 102 20 1]
EMPTY QUEUE
 P 964108 74587 1696036 65164713
PT [2 0 103 21 1]
 P 965572 74587 1696042 65235485
PT [2 0 104 21 1]
 P 965572 74587 1699432 65307665
PT [2 0 105 21 1]
 P 965572 74587 1702822 65379845
PT [2 0 106 21 1]
 P 965572 74587 1706212 65452025
PT [2 0 107 21 1]
EMPTY QUEUE
 P 967895 74587 1706222 65526957
PT [2 0 108 22 1]
 P 970160 74587 1706228 65596385
PT [2 0 109 22 1]
 P 970160 74587 1709618 65668565
PT [2 0 110 22 1]
 P 970160 74587 1713008 65740745
PT [2 0 111 22 1]
 P 970160 74587 1716398 65812925
PT [2 0 112 22 1]
EMPTY QUEUE
 P 972710 74587 1716408 65886994
PT [2 0 113 23 1]
 P 974112 74587 1716414 65957285
PT [2 0 114 23 1]
 P 974112 74587 1719804 66029465
PT [2 0 115 23 1]
 P 974112 74587 1723194 66101645
PT [2 0 116 23 1]
 P 974112 74587 1726584 66173825
PT [2 0 117 23 1]
EMPTY QUEUE
 P 976849 74587 1726591 66248010
PT [2 0 118 23 1]
EMPTY QUEUE
 P 978790 74587 1726601 66319016
PT [2 0 119 24 1]
 P 980929 74587 1726607 66390365
PT [2 0 120 24 1]
 P 980929 74587 1729997 66462545
PT [2 0 121 24 1]
 P 980929 74587 1733387 66534725
PT [2 0 122 24 1]
 P 983175 74587 1733393 66606905
PT [2 0 123 24 1]
EMPTY QUEUE
 P 983642 74587 1736787 66680876
PT [2 0 124 25 1]
 P 985432 74587 1736792 66751265
PT [2 0 125 25 1]
 P 985432 74587 1740182 66823445
PT [2 0 126 25 1]
 P 985432 74587 1743572 66895625
PT [2 0 127 25 1]
 P 986560 74587 1743578 66967805
PT [2 0 128 25 1]
EMPTY QUEUE
 P 987026 74587 1746972 67041104
PT [2 0 129 26 1]
 P 989359 74587 1746978 67112165
PT [2 0 130 26 1]
 P 989359 74587 1750368 67184345
PT [2 0 131 26 1]
 P 989359 74587 1753758 67256525
PT [2 0 132 26 1]
 P 991289 74587 1753764 67328705
PT [2 0 133 26 1]
EMPTY QUEUE
 P 991883 74587 1757158 67403381
PT [2 0 134 27 1]
 P 994121 74587 1757164 67473065
PT [2 0 135 27 1]
 P 994121 74587 1760554 67545245
PT [2 0 136 27 1]
 P 994121 74587 1763944 67617425
PT [2 0 137 27 1]
 P 995189 74587 1763950 67689605
PT [2 0 138 27 1]
EMPTY QUEUE
 P 995753 74587 1767344 67762810
PT [2 0 139 28 1]
 P 997768 74587 1767350 67833965
PT [2 0 140 28 1]
 P 997768 74587 1770740 67906145
PT [2 0 141 28 1]
 P 997768 74587 1774130 67978325
PT [2 0 142 28 1]
 P 998870 74587 1774136 68050505
PT [2 0 143 28 1]
EMPTY QUEUE
 P 999369 74587 1777529 68125149
PT [2 0 144 29 1]
 P 1001546 74587 1777534 68194865
PT [2 0 145 29 1]
 P 1001546 74587 1780924 68267045
PT [2 0 146 29 1]
 P 1001546 74587 1784314 68339225
PT [2 0 147 29 1]
 P 1004091 74587 1784319 68411405
PT [2 0 148 29 1]
EMPTY QUEUE
 P 1004590 74587 1787712 68485889
PT [2 0 149 30 1]
 P 1005776 74587 1787717 68555765
PT [2 0 150 30 1]
 P 1005776 74587 1791107 68627945
PT [2 0 151 30 1]
 P 1005776 74587 1794497 68700125
PT [2 0 152 30 1]
