364602508 1 46655 R 2.0 1 1 25 1
364732535 1 46672 R 6.0 1 3 158 2
366786855 1 46935 R 3.0 1 1 289 3
367495757 1 47026 R 5.0 1 2 363 4
367691980 1 47051 R 7.0 1 3 552 5
368960348 1 47213 R 2.0 2 1 199 6
369684839 1 47306 R 4.0 1 2 631 7
370456292 1 47405 R 4.0 2 2 345 8
371211971 1 47501 R 6.0 2 3 603 9
371889753 1 47588 R 2.0 3 1 190 10
372070420 1 47611 R 4.0 3 2 169 11
373415897 1 47783 R 6.0 3 3 501 12
373569166 1 47803 R 6.0 4 3 137 13
373765219 1 47828 R 2.0 4 1 46 14
375614904 1 48065 R 3.0 2 1 1035 15
376324538 1 48156 R 3.0 3 1 741 16
377033459 1 48246 R 3.0 4 1 448 17
377789374 1 48343 R 5.0 2 2 1297 18
378529516 1 48438 R 5.0 3 2 1008 19
379253797 1 48531 R 3.0 5 1 348 20
379973372 1 48623 R 2.0 5 1 456 21
380721358 1 48718 R 2.0 6 1 168 22
381453593 1 48812 R 4.0 4 2 985 23
382170269 1 48904 R 4.0 5 2 694 24
382933821 1 49002 R 6.0 5 3 950 25
383681746 1 49097 R 4.0 6 2 503 26
384381052 1 49187 R 5.0 4 2 1373 27
385144628 1 49285 R 7.0 2 3 2401 28
385892596 1 49380 R 7.0 3 3 2113 29
386586566 1 49469 R 2.0 7 1 535 30
387342477 1 49566 R 6.0 6 3 1131 31
388082379 1 49661 R 6.0 7 3 842 32
388806879 1 49753 R 2.0 8 1 435 33
388964161 1 49774 R 4.0 7 2 794 34
389148640 1 49797 R 4.0 8 2 435 35
389376149 1 49826 R 6.0 8 3 624 36
389537214 1 49847 R 2.0 9 1 145 37
389710036 1 49869 R 6.0 9 3 282 38
391008685 1 50035 R 4.0 9 2 289 39
393233104 1 50320 R 5.0 5 2 2122 40
393949808 1 50412 R 3.0 6 1 1846 41
394650926 1 50501 R 3.0 7 1 1551 42
395444648 1 50603 R 2.0 10 1 517 43
396137886 1 50692 R 6.0 10 3 721 44
396878096 1 50786 R 2.0 11 1 316 45
397601547 1 50879 R 7.0 4 3 3228 46
398333816 1 50973 R 5.0 6 2 2391 47
399113116 1 51073 R 3.0 8 1 1738 48
399805490 1 51161 R 4.0 10 2 1030 49
400576602 1 51260 R 4.0 11 2 746 50
400741609 1 51281 R 6.0 11 3 927 51
402016827 1 51444 R 5.0 7 2 2477 52
402764716 1 51540 R 3.0 9 1 1822 53
403497254 1 51634 R 3.0 10 1 1532 54
404196144 1 51723 R 2.0 12 1 869 55
404944037 1 51819 R 4.0 12 2 921 56
405676336 1 51913 R 2.0 13 1 674 57
406455731 1 52012 R 6.0 12 3 1274 58
407156563 1 52102 R 2.0 14 1 480 59
407904485 1 52198 R 4.0 13 2 915 60
408619303 1 52289 R 7.0 5 3 4518 61
409382796 1 52387 R 7.0 6 3 3968 62
410068219 1 52475 R 7.0 7 3 3672 63
410839608 1 52574 R 4.0 14 2 907 64
411556461 1 52665 R 6.0 13 3 1543 65
411780029 1 52694 R 6.0 14 3 1188 66
413008126 1 52851 R 2.0 15 1 845 67
413800296 1 52952 R 6.0 15 3 1061 68
413953318 1 52972 R 4.0 15 2 921 69
415259714 1 53139 R 2.0 16 1 749 70
415401316 1 53157 R 4.0 16 2 722 71
415632667 1 53187 R 6.0 16 3 914 72
415782084 1 53206 R 2.0 17 1 432 73
415990027 1 53233 R 6.0 17 3 576 74
416147222 1 53253 R 4.0 17 2 434 75
417471298 1 53422 R 5.0 8 2 4072 76
418187972 1 53514 R 5.0 9 2 3780 77
418889222 1 53604 R 5.0 10 2 3486 78
419617381 1 53697 R 6.0 18 3 655 79
420380896 1 53795 R 2.0 18 1 637 80
421128854 1 53891 R 2.0 19 1 348 81
421861156 1 53984 R 4.0 18 2 781 82
422014407 1 54004 R 4.0 19 2 418 83
422210669 1 54029 R 6.0 19 3 603 84
422403019 1 54054 R 2.0 20 1 127 85
422607099 1 54080 R 6.0 20 3 269 86
424067051 1 54267 R 3.0 11 1 3012 87
424775768 1 54357 R 7.0 8 3 5170 88
425531474 1 54454 R 7.0 9 3 4883 89
426271760 1 54549 R 3.0 12 1 2911 90
426996283 1 54642 R 7.0 10 3 4686 91
427705171 1 54732 R 3.0 13 1 2326 92
428432322 1 54825 R 2.0 21 1 515 93
429164623 1 54919 R 2.0 22 1 225 94
429943971 1 55019 R 4.0 20 2 1049 95
430644814 1 55109 R 4.0 21 2 754 96
431392738 1 55204 R 4.0 22 2 465 97
432125070 1 55298 R 2.0 23 1 220 98
432886907 1 55396 R 3.0 14 1 2605 99
433572601 1 55483 R 5.0 11 2 4981 100
434304869 1 55577 R 3.0 15 1 2019 101
435044886 1 55672 R 6.0 21 3 1476 102
435808531 1 55770 R 6.0 22 3 1190 103
436556154 1 55865 R 6.0 23 3 903 104
437288453 1 55959 R 2.0 24 1 497 105
438005126 1 56051 R 4.0 23 2 928 106
438166239 1 56071 R 4.0 24 2 565 107
439457093 1 56237 R 6.0 24 3 889 108
439637663 1 56260 R 2.0 25 1 413 109
439814427 1 56282 R 4.0 25 2 391 110
440002875 1 56306 R 6.0 25 3 576 111
440218659 1 56334 R 6.0 26 3 221 112
440414918 1 56359 R 2.0 26 1 129 113
441692253 1 56523 R 3.0 16 1 2580 114
442393367 1 56612 R 3.0 17 1 2286 115
443141235 1 56708 R 7.0 11 3 6368 116
443869380 1 56801 R 2.0 27 1 187 117
444617344 1 56897 R 4.0 26 2 622 118
445349606 1 56991 R 4.0 27 2 332 119
446066349 1 57083 R 6.0 27 3 583 120
446829867 1 57180 R 2.0 28 1 182 121
446967501 1 57198 R 6.0 28 3 315 122
448279045 1 57366 R 5.0 12 2 6480 123
448995850 1 57458 R 7.0 12 3 6734 124
449759341 1 57555 R 3.0 18 1 2845 125
450512815 1 57652 R 4.0 28 2 609 126
451229555 1 57743 R 2.0 29 1 361 127
451421855 1 57768 R 4.0 29 2 342 128
452709955 1 57933 R 3.0 19 1 2839 129
453442258 1 58027 R 7.0 13 3 6919 130
454158992 1 58118 R 5.0 14 2 6464 131
454915435 1 58215 R 6.0 29 3 949 132
455639894 1 58308 R 2.0 30 1 542 133
456348756 1 58399 R 2.0 31 1 248 134
457104595 1 58495 R 4.0 30 2 684 135
457844642 1 58590 R 6.0 30 3 940 136
458025273 1 58613 R 4.0 31 2 419 137
459308325 1 58778 R 6.0 31 3 743 138
459461528 1 58797 R 2.0 32 1 263 139
459657810 1 58822 R 6.0 32 3 403 140
459850128 1 58847 R 4.0 32 2 268 141
461508091 1 59059 R 2.0 33 1 141 142
461657452 1 59078 R 4.0 33 2 116 143
463674511 1 59336 R 2.0 34 1 34 144
463859222 1 59360 R 6.0 34 3 174 145
465873808 1 59618 R 3.0 20 1 3756 146
466621737 1 59714 R 5.0 15 2 7675 147
467354093 1 59807 R 3.0 21 1 3177 148
468102737 1 59903 R 2.0 35 1 217 149
468842777 1 59998 R 4.0 34 2 652 150
469567262 1 60091 R 4.0 35 2 360 151
470335936 1 60189 R 3.0 22 1 3175 152
471036983 1 60279 R 3.0 23 1 2881 153
471785006 1 60375 R 7.0 14 3 8883 154
472541386 1 60471 R 6.0 35 3 902 155
473234655 1 60560 R 2.0 36 1 490 156
473974736 1 60655 R 4.0 36 2 540 157
474720005 1 60750 R 3.0 24 1 2968 158
475436671 1 60842 R 5.0 16 2 8420 159
476200223 1 60940 R 7.0 16 3 8680 160
476902074 1 61030 R 2.0 37 1 575 161
477673548 1 61128 R 6.0 36 3 1175 162
478366579 1 61217 R 4.0 37 2 719 163
479106693 1 61312 R 2.0 38 1 473 164
479831450 1 61404 R 6.0 37 3 1066 165
480019661 1 61429 R 4.0 38 2 545 166
481349498 1 61599 R 6.0 38 3 877 167
481479372 1 61615 R 2.0 39 1 393 168
481683474 1 61642 R 6.0 39 3 535 169
481852360 1 61663 R 4.0 39 2 397 170
482064240 1 61690 R 6.0 40 3 200 171
482209684 1 61709 R 2.0 40 1 103 172
483493928 1 61873 R 3.0 25 1 3707 173
484288694 1 61975 R 7.0 17 3 9332 174
485005367 1 62067 R 7.0 18 3 9040 175
485734528 1 62160 R 2.0 41 1 170 176
486490234 1 62257 R 4.0 40 2 607 177
487167913 1 62344 R 4.0 41 2 309 178
487954867 1 62444 R 6.0 41 3 571 179
488143107 1 62468 R 2.0 42 1 94 180
488296568 1 62488 R 6.0 42 3 230 181
490153684 1 62726 R 4.0 42 2 306 182
492314789 1 63002 R 3.0 26 1 2916 183
493062654 1 63098 R 7.0 19 3 9686 184
493794952 1 63192 R 5.0 17 2 8466 185
494511688 1 63284 R 3.0 27 1 2813 186
495275209 1 63381 R 5.0 18 2 7887 187
496023066 1 63477 R 3.0 28 1 2623 188
496733643 1 63568 R 2.0 43 1 810 189
497466152 1 63662 R 6.0 43 3 1020 190
498182688 1 63753 R 2.0 44 1 611 191
498946203 1 63851 R 2.0 45 1 325 192
499694304 1 63947 R 4.0 43 2 1144 193
500426385 1 64041 R 4.0 44 2 853 194
501160878 1 64135 R 3.0 29 1 2896 195
501877615 1 64226 R 5.0 19 2 8348 196
502641141 1 64324 R 3.0 30 1 2318 197
503326559 1 64412 R 3.0 31 1 2022 198
504058897 1 64506 R 5.0 20 2 7859 199
504838100 1 64605 R 3.0 32 1 1447 200
505548820 1 64696 R 6.0 44 3 1669 201
506312339 1 64794 R 4.0 45 2 1223 202
506997553 1 64882 R 2.0 46 1 971 203
507741846 1 64977 R 5.0 21 2 7179 204
508489948 1 65073 R 7.0 23 3 10126 205
509222107 1 65166 R 5.0 22 2 6984 206
509932887 1 65257 R 6.0 45 3 1847 207
510712033 1 65357 R 6.0 46 3 1563 208
511413046 1 65447 R 2.0 47 1 1153 209
512160975 1 65543 R 4.0 46 2 1587 210
512893089 1 65636 R 2.0 48 1 958 211
513609966 1 65728 R 4.0 47 2 1390 212
514344269 1 65822 R 3.0 33 1 2280 213
515107814 1 65920 R 5.0 23 2 6202 214
515855745 1 66016 R 5.0 24 2 5913 215
516588312 1 66109 R 7.0 25 3 10394 216
517304684 1 66201 R 5.0 25 2 5715 217
518005734 1 66291 R 5.0 26 2 5421 218
518753752 1 66387 R 3.0 34 1 1692 219
519485961 1 66480 R 7.0 27 3 9997 220
520265131 1 66580 R 3.0 35 1 1502 221
520966178 1 66670 R 3.0 36 1 1208 222
521714143 1 66765 R 7.0 28 3 9898 223
522446440 1 66859 R 7.0 29 3 9608 224
523163085 1 66951 R 7.0 30 3 9316 225
523926632 1 67049 R 5.0 27 2 3490 226
524612124 1 67136 R 7.0 31 3 9117 227
525387290 1 67236 R 6.0 47 3 3057 228
525556240 1 67257 R 2.0 49 1 2195 229
525768085 1 67284 R 4.0 48 2 2562 230
525913567 1 67303 R 6.0 48 3 2741 231
526133300 1 67331 R 4.0 49 2 2224 232
526317806 1 67355 R 2.0 50 1 1908 233
527609652 1 67520 R 5.0 28 2 3194 234
528326291 1 67612 R 7.0 32 3 9208 235
529027439 1 67702 R 7.0 33 3 8914 236
529775301 1 67797 R 5.0 29 2 3087 237
530507596 1 67891 R 5.0 30 2 2797 238
530692106 1 67915 R 7.0 35 3 7206 239
531958489 1 68077 R 7.0 36 3 6601 240
532182156 1 68105 R 7.0 37 3 5860 241
532355042 1 68127 R 7.0 38 3 4731 242
532555117 1 68153 R 7.0 39 3 4373 243
532735744 1 68176 R 7.0 40 3 4012 244
532912470 1 68199 R 7.0 41 3 3651 245
534175932 1 68361 R 4.0 50 2 2869 246
534356501 1 68384 R 6.0 49 3 3437 247
534533263 1 68406 R 6.0 50 3 3075 248
538562928 1 68922 R 7.0 42 3 3990 249
538802090 1 68953 R 7.0 43 3 3637 250
