using saved target 'z1'
../../../../contiki/tools/sky/serialdump-linux -b115200 /dev/ttyUSB1
connecting to /dev/ttyUSB1 (115200) [OK]
Rime started with address 2.0
MAC 02:00:00:00:00:00:00:00 Ref ID: 4841
Contiki-3.x-2125-g5d67a61 started. Node id is set to 2.

************************************************
RTIMER_SECOND = 32768. F_CPU=8000000.
CLOCK_SECOND=128.
DURSLOT = 6015.(0.1835 s).
DURSLEEP = 114285.
DURCYCLE = 120300 .(3.6712 s).
MAX_CLOCK_DRIFT = WAKEUP_ADVANCE_TIME = 327 (0.0033 s).
PERIODIC_BCAST_CYCLES_SENSOR = 917507.
PERIODIC_BCAST_CYCLES_SINK = 917507.
MAX_CYCLE_COUNTER = 27904.
MAX_COUNT_NO_RTS_CTS = 65535.
MAX_CHILD_NUM = 10.
MAX_TRY_TO_FIND_PARENT = 3.

**********Below is Related Settings**********
PRIMAC_CONF_COMPOWER = 1.
PRIMAC_CONF_COMPOWER_SUPPORT = 1.
SF = 18.
PRI_SYNC_SUPPORT = 1.
RANDOM_DRIFT_IN_COOJA_SUPPORT = 0.
ADCSC_SUPPORT = 1.
DATA_TX_SUPPORT = 1.
CYCLES_PER_PACKET = 3.
DATA_INTERVAL = 5.
RETX_LIMIT = 6.
TOTAL_DATA_NUM = -1.
MAX_DATA_QUEUE_BUFS = 10.
PROC_GRADE_BASED_ON_ADDR_SUPPORT = 1.
NODES_NUM_PER_GRADE = 2.
ADDRESS_FREE_SUPPORT = 0.
IS_COOJA_SIM = 0.
CROSS_PLATFORM_SUPPORT = 1.
************************************************

My address is 2.0.
nullmac PRIMAC, channel check rate 8 Hz, radio channel 26
Starting
Hello, world
 P 0 0 0 1964663
 P 0 0 3390 2084963
 P 0 0 6780 2205263
 P 0 0 10232 2326402
 P 0 0 13622 2445863
 P 0 0 17012 2566163
 P 0 0 20402 2686463
 P 0 0 23792 2806763
EMPTY QUEUE
 P 69 0 29754 2931953
EMPTY QUEUE
 P 138 0 35716 3050941
EMPTY QUEUE
 P 2831 0 36786 3168972
PT [1 0 1 -3 2]
 P 3658 0 39349 3287963
PT [1 0 2 -3 2]
 P 3658 0 42739 3408263
PT [1 0 3 -3 2]
 P 3658 0 46129 3528563
PT [1 0 4 -3 2]
 P 3658 0 49519 3648863
PT [1 0 5 -3 2]
rcv bro rts
EMPTY QUEUE
 P 6329 0 49567 3770120
PT [1 0 6 -4 2]
 P 8380 0 49571 3889463
PT [1 0 7 -4 2]
 P 8380 0 52961 4009763
PT [1 0 8 -4 2]
 P 8380 0 56351 4130063
PT [1 0 9 -4 2]
 P 8380 0 59741 4250363
PT [1 0 10 -4 2]
EMPTY QUEUE
 P 10060 0 59758 4372836
PT [1 0 11 -4 2]
 P 11505 0 59761 4490963
PT [1 0 12 -4 2]
 P 11505 0 63151 4611263
PT [1 0 13 -4 2]
 P 11505 0 66541 4731563
PT [1 0 14 -4 2]
 P 11505 0 69931 4851863
PT [1 0 15 -4 2]
EMPTY QUEUE
 P 11837 0 73329 4974752
PT [1 0 16 -5 2]
 P 13888 0 73337 5092463
PT [1 0 17 -5 2]
 P 15527 0 73340 5212763
PT [1 0 18 -5 2]
 P 15527 0 76730 5333063
PT [1 0 19 -5 2]
 P 15527 0 80120 5453363
PT [1 0 20 -5 2]
EMPTY QUEUE
 P 15859 0 83519 5575164
PT [1 0 21 -6 2]
 P 16982 0 83527 5693963
PT [1 0 22 -6 2]
 P 17822 0 83531 5814263
PT [1 0 23 -6 2]
 P 17822 0 86921 5934563
PT [1 0 24 -6 2]
 P 17822 0 90311 6054863
PT [1 0 25 -6 2]
EMPTY QUEUE
 P 18154 0 93709 6177111
PT [1 0 26 -6 2]
 P 19213 0 93717 6295463
PT [1 0 27 -6 2]
 P 19213 0 97107 6415763
PT [1 0 28 -6 2]
 P 21271 0 97111 6536063
PT [1 0 29 -6 2]
 P 21271 0 100501 6656363
PT [1 0 30 -6 2]
EMPTY QUEUE
 P 21603 0 103899 6778548
PT [1 0 31 -7 2]
 P 24135 0 103908 6896963
PT [1 0 32 -7 2]
 P 24135 0 107298 7017263
PT [1 0 33 -7 2]
 P 26900 0 107301 7137563
PT [1 0 34 -7 2]
 P 26900 0 110691 7257863
PT [1 0 35 -7 2]
EMPTY QUEUE
 P 27231 0 114090 7379471
PT [1 0 36 -8 2]
 P 28674 0 114098 7498463
PT [1 0 37 -8 2]
 P 28674 0 117488 7618763
PT [1 0 38 -8 2]
 P 29584 0 117491 7739063
PT [1 0 39 -8 2]
 P 29584 0 120881 7859363
PT [1 0 40 -8 2]
EMPTY QUEUE
 P 29915 0 124280 7981931
PT [1 0 41 -9 2]
 P 31806 0 124288 8099963
PT [1 0 42 -9 2]
 P 31806 0 127678 8220263
PT [1 0 43 -9 2]
 P 31806 0 131068 8340563
PT [1 0 44 -9 2]
 P 34446 0 131071 8460863
PT [1 0 45 -9 2]
EMPTY QUEUE
 P 34778 0 134469 8581832
PT [1 0 46 -9 2]
 P 34778 0 137859 8701463
PT [1 0 47 -9 2]
 P 37661 0 137867 8821763
PT [1 0 48 -9 2]
 P 37661 0 141257 8942063
PT [1 0 49 -9 2]
 P 37661 0 144647 9062363
PT [1 0 50 -9 2]
 P 39887 0 144650 9182663
PT [1 0 51 -9 2]
EMPTY QUEUE
 P 40219 0 148048 9305616
PT [1 0 52 -10 2]
 P 40219 0 151438 9423263
PT [1 0 53 -10 2]
 P 42430 0 151446 9543563
PT [1 0 54 -10 2]
 P 42430 0 154836 9663863
PT [1 0 55 -10 2]
 P 42430 0 158226 9784163
PT [1 0 56 -10 2]
 P 45139 0 158229 9904463
PT [1 0 57 -10 2]
EMPTY QUEUE
 P 45471 0 161627 10026840
PT [1 0 58 -11 2]
 P 45471 0 165017 10145063
PT [1 0 59 -11 2]
 P 46882 0 165025 10265363
PT [1 0 60 -11 2]
 P 46882 0 168415 10385663
PT [1 0 61 -11 2]
 P 46882 0 171805 10505963
PT [1 0 62 -11 2]
 P 48408 0 171808 10626263
PT [1 0 63 -11 2]
EMPTY QUEUE
 P 48739 0 175207 10747551
PT [1 0 64 -12 2]
 P 48739 0 178597 10866863
PT [1 0 65 -12 2]
 P 50758 0 178606 10987163
PT [1 0 66 -12 2]
 P 50758 0 181996 11107463
PT [1 0 67 -12 2]
 P 50758 0 185386 11227763
PT [1 0 68 -12 2]
 P 53022 0 185389 11348063
PT [1 0 69 -12 2]
EMPTY QUEUE
 P 53353 0 188788 11469799
PT [1 0 70 -13 2]
 P 53353 0 192178 11588663
PT [1 0 71 -13 2]
 P 54828 0 192187 11708963
PT [1 0 72 -13 2]
 P 54828 0 195577 11829263
PT [1 0 73 -13 2]
 P 54828 0 198967 11949563
PT [1 0 74 -13 2]
 P 56475 344 198986 12071509
PT [1 0 75 -13 2]
 P 57985 416 198999 12190163
PT [1 0 76 -14 2]
 P 60027 416 199003 12310463
PT [1 0 77 -14 2]
 P 62728 759 199023 12432761
PT [1 0 78 -14 2]
 P 68542 1661 199096 12553157
PT [1 0 79 -14 2]
 P 71021 2005 199116 12673650
PT [1 0 80 -14 2]
 P 73429 2077 199130 12791663
PT [1 0 81 -14 2]
 P 73761 2149 202531 12913931
PT [1 0 82 -14 2]
 P 74589 2149 202535 13032263
PT [1 0 83 -14 2]
 P 75818 2492 202555 13153697
PT [1 0 84 -15 2]
 P 80754 3323 208579 13276793
PT [1 0 85 -15 2]
 P 83552 3666 208599 13394585
PT [1 0 86 -15 2]
 P 85083 4081 208629 13515878
PT [1 0 87 -15 2]
 P 89293 4496 208662 13633763
PT [1 0 88 -15 2]
 P 91484 4840 208681 13756253
PT [1 0 89 -15 2]
Warning: data sending process fails.
 P 100413 6078 208873 13877097
PT [1 0 90 -16 2]
 P 102844 6078 208876 13994663
PT [1 0 91 -16 2]
 P 105609 6421 208896 14116865
PT [1 0 92 -16 2]
 P 111979 7251 208961 14235263
PT [1 0 93 -16 2]
 P 114618 7594 208980 14357210
PT [1 0 94 -16 2]
 P 119646 8352 209028 14478310
PT [1 0 95 -16 2]
 P 123841 9110 209076 14598257
PT [1 0 96 -16 2]
 P 128663 9526 209108 14716463
PT [1 0 97 -17 2]
 P 131717 9869 209128 14837865
PT [1 0 98 -17 2]
 P 136665 10284 209162 14957063
PT [1 0 99 -17 2]
 P 138921 10627 209182 15079395
PT [1 0 100 -17 2]
 P 144434 11457 209248 15197663
PT [1 0 101 -16 2]
 P 146561 11800 209267 15319737
PT [1 0 102 -17 2]
 P 149212 12215 209296 15440901
PT [1 0 103 -17 2]
 P 153049 12974 212734 15558563
PT [1 0 104 -16 2]
 P 155335 13318 212754 15680061
PT [1 0 105 -18 2]
 P 162480 14148 212819 15799163
PT [1 0 106 -18 2]
 P 164159 14491 212839 15920406
PT [1 0 107 -18 2]
 P 170112 15249 212893 16039763
PT [1 0 108 -18 2]
 P 172687 15592 212912 16160973
PT [1 0 109 -18 2]
 P 176776 16007 212945 16280363
PT [1 0 110 -18 2]
 P 178167 16350 212964 16403269
PT [1 0 111 -19 2]
 P 183023 16494 212997 16520963
PT [1 0 112 -19 2]
 P 185309 16837 213017 16642621
PT [1 0 113 -19 2]
 P 196193 18210 213100 16761563
PT [1 0 114 -19 2]
 P 198287 18553 213119 16883414
PT [1 0 115 -19 2]
 P 206825 19456 213194 17002163
PT [1 0 116 -19 2]
 P 208280 19799 213213 17125069
PT [1 0 117 -19 2]
 P 211481 20215 213244 17242763
PT [1 0 118 -19 2]
 P 212903 20558 213264 17364677
PT [1 0 119 -20 2]
 P 221345 21659 213338 17483363
PT [1 0 120 -20 2]
 P 223343 22003 213358 17605053
PT [1 0 121 -20 2]
 P 227424 22834 213418 17725931
PT [1 0 122 -20 2]
 P 232093 23249 213450 17844263
PT [1 0 123 -20 2]
 P 234157 23592 213469 17966050
PT [1 0 124 -20 2]
 P 240082 24350 213516 18087789
PT [1 0 125 -21 2]
 P 245423 24766 213549 18205163
PT [1 0 126 -21 2]
Warning: data sending process fails.
 P 247037 25102 213673 18328262
PT [1 0 127 -21 2]
 P 251143 25589 213720 18445763
PT [1 0 128 -21 2]
 P 252853 25661 213739 18567582
PT [1 0 129 -21 2]
 P 255473 26076 213768 18687722
PT [1 0 130 -21 2]
 P 267132 27669 213863 18808213
PT [1 0 131 -21 2]
 P 268628 27741 213876 18926963
PT [1 0 132 -21 2]
 P 268907 27741 219628 19051833
PT [1 0 133 -21 2]
 P 271192 28084 219648 19168985
PT [1 0 134 -22 2]
 P 280639 29456 219732 19287863
PT [1 0 135 -22 2]
 P 283023 29799 219750 19410290
PT [1 0 136 -22 2]
 P 289846 30430 219812 19528463
PT [1 0 137 -22 2]
 P 291301 30773 219831 19651657
PT [1 0 138 -22 2]
 P 295318 31604 219888 19770741
PT [1 0 139 -23 2]
 P 299330 31875 219900 19889363
PT [1 0 140 -23 2]
 P 301103 32218 219920 20011309
PT [1 0 141 -23 2]
 P 307819 33391 220005 20131201
PT [1 0 142 -23 2]
 P 310204 33391 220008 20250263
PT [1 0 143 -23 2]
 P 311787 33734 220028 20371987
PT [1 0 144 -23 2]
 P 319536 34979 220114 20491806
PT [1 0 145 -22 2]
 P 322316 35051 220128 20611163
PT [1 0 146 -23 2]
 P 325242 35394 220148 20733013
PT [1 0 147 -24 2]
 P 332902 36153 220202 20851763
PT [1 0 148 -24 2]
 P 334164 36496 220222 20973965
PT [1 0 149 -24 2]
 P 338733 37327 220287 21092363
PT [1 0 150 -24 2]
 P 340380 37670 220307 21214309
PT [1 0 151 -24 2]
 P 345931 38428 220359 21332963
PT [1 0 152 -24 2]
 P 347483 38771 220378 21455646
PT [1 0 153 -23 2]
 P 352979 39601 220442 21573563
PT [1 0 154 -25 2]
 P 355425 39944 220462 21694965
PT [1 0 155 -25 2]
 P 360065 40702 220513 21816193
PT [1 0 156 -25 2]
 P 363048 41117 220547 21934463
PT [1 0 157 -25 2]
 P 366071 41460 220566 22056057
PT [1 0 158 -25 2]
 P 371866 42218 220614 22176517
PT [1 0 159 -25 2]
 P 375652 42633 220646 22295363
PT [1 0 160 -25 2]
 P 378738 42976 220666 22416637
PT [1 0 161 -26 2]
 P 381882 43391 220700 22535963
PT [1 0 162 -26 2]
 P 383787 43735 220719 22658678
PT [1 0 163 -26 2]
 P 389831 44566 220786 22776563
PT [1 0 164 -26 2]
 P 392118 44909 220805 22899021
PT [1 0 165 -26 2]
 P 400021 45740 220869 23017163
PT [1 0 166 -26 2]
 P 401700 46083 220888 23139365
PT [1 0 167 -27 2]
 P 407000 46841 220940 23257763
PT [1 0 168 -27 2]
 P 409575 47186 220960 23379678
PT [1 0 169 -27 2]
 P 413426 47601 220994 23498363
PT [1 0 170 -27 2]
 P 414817 47944 221012 23621206
PT [1 0 171 -27 2]
 P 423196 49047 221085 23738963
PT [1 0 172 -27 2]
 P 425419 49390 221104 23860429
PT [1 0 173 -27 2]
 P 429060 49878 221146 23979563
PT [1 0 174 -28 2]
 P 432275 50221 221165 24101350
PT [1 0 175 -28 2]
 P 437799 51395 221244 24222417
PT [1 0 176 -28 2]
 P 439542 51738 221263 24343165
PT [1 0 177 -28 2]
 P 445159 52153 221296 24460763
PT [1 0 178 -28 2]
 P 447509 52496 221315 24582389
PT [1 0 179 -28 2]
 P 452110 53670 221390 24702434
PT [1 0 180 -28 2]
 P 453514 53670 221393 24821663
PT [1 0 181 -28 2]
 P 455159 54013 221413 24943225
PT [1 0 182 -29 2]
 P 463832 54844 221477 25062263
PT [1 0 183 -29 2]
 P 465864 55188 221497 25183570
PT [1 0 184 -29 2]
 P 468654 55947 221546 25305182
PT [1 0 185 -29 2]
 P 472450 56362 221578 25423163
PT [1 0 186 -29 2]
 P 474291 56705 221596 25545942
PT [1 0 187 -29 2]
 P 479219 57192 221637 25663763
PT [1 0 188 -29 2]
 P 480514 57535 221656 25786605
PT [1 0 189 -30 2]
 P 485692 58294 221709 25904363
PT [1 0 190 -30 2]
 P 487884 58637 221729 26027430
PT [1 0 191 -30 2]
 P 491112 59052 221759 26146930
PT [1 0 192 -30 2]
 P 499888 60154 221827 26265263
PT [1 0 193 -30 2]
 P 501361 60154 221830 26385563
PT [1 0 194 -30 2]
 P 502689 60497 221848 26507734
PT [1 0 195 -31 2]
 P 510387 61399 221922 26626163
PT [1 0 196 -31 2]
 P 513122 61742 221941 26749133
PT [1 0 197 -31 2]
 P 521735 62843 222012 26866763
PT [1 0 198 -31 2]
 P 524791 63186 222030 26989894
PT [1 0 199 -31 2]
 P 528975 63601 222062 27107363
PT [1 0 200 -31 2]
 P 531231 63944 222080 27228605
PT [1 0 201 -31 2]
 P 536184 65117 222154 27350697
PT [1 0 202 -32 2]
 P 538503 65460 222173 27470165
PT [1 0 203 -32 2]
 P 542270 65876 222207 27588563
PT [1 0 204 -32 2]
 P 544428 66220 222226 27710541
PT [1 0 205 -32 2]
 P 550553 67051 222290 27829163
PT [1 0 206 -32 2]
 P 553097 67394 222308 27951909
PT [1 0 207 -32 2]
 P 557061 67809 222340 28069763
PT [1 0 208 -32 2]
 P 558804 68152 222358 28192157
PT [1 0 209 -33 2]
 P 566881 68910 222411 28310363
PT [1 0 210 -33 2]
 P 568496 69253 222430 28432086
PT [1 0 211 -33 2]
 P 573979 70084 222497 28550963
PT [1 0 212 -33 2]
 P 575627 70428 222517 28673454
PT [1 0 213 -33 2]
 P 582973 71258 222578 28791563
PT [1 0 214 -33 2]
 P 585005 71601 222596 28912773
PT [1 0 215 -33 2]
 P 588267 72016 222628 29032163
PT [1 0 216 -33 2]
 P 589498 72359 222647 29155069
PT [1 0 217 -34 2]
 P 597542 73461 222721 29272763
PT [1 0 218 -34 2]
 P 598838 73805 222741 29395062
PT [1 0 219 -34 2]
 P 601664 74292 222786 29513363
PT [1 0 220 -34 2]
 P 604848 74635 222805 29635469
PT [1 0 221 -34 2]
 P 609051 75122 222847 29753963
PT [1 0 222 -34 2]
 P 611947 75465 222866 29875365
PT [1 0 223 -35 2]
 P 619997 76567 222938 29994563
PT [1 0 224 -35 2]
 P 621932 76909 222958 30117789
PT [1 0 225 -35 2]
 P 626058 77325 222992 30235163
PT [1 0 226 -35 2]
 P 628345 77668 223011 30358166
PT [1 0 227 -35 2]
 P 636594 78841 223091 30477185
PT [1 0 228 -35 2]
 P 639022 79255 223120 30598477
PT [1 0 229 -35 2]
 P 643576 79255 224334 30716363
PT [1 0 230 -35 2]
 P 646151 79598 224354 30838405
PT [1 0 231 -36 2]
 P 652149 80699 224429 30956963
PT [1 0 232 -36 2]
 P 652218 80699 230391 31081833
PT [1 0 233 -36 2]
 P 655081 81042 230413 31198988
PT [1 0 234 -36 2]
 P 663132 82144 230485 31317863
PT [1 0 235 -36 2]
 P 665291 82487 230504 31439105
PT [1 0 236 -36 2]
 P 672100 83118 230566 31558463
PT [1 0 237 -37 2]
 P 673972 83460 230586 31681498
PT [1 0 238 -37 2]
 P 680048 84218 230640 31799063
PT [1 0 239 -37 2]
 P 681791 84560 230660 31921041
PT [1 0 240 -37 2]
 P 689733 85663 230736 32039663
PT [1 0 241 -37 2]
 P 689802 85663 236698 32164469
PT [1 0 242 -37 2]
 P 691500 85663 236701 32280263
PT [1 0 243 -37 2]
 P 693787 86006 236720 32401985
PT [1 0 244 -38 2]
 P 704795 87378 236803 32520863
PT [1 0 245 -38 2]
 P 707434 87721 236823 32643290
PT [1 0 246 -38 2]
 P 711920 88423 236898 32764197
PT [1 0 247 -38 2]
 P 713940 88423 236901 32881763
PT [1 0 248 -38 2]
 P 716612 88765 236920 33003965
PT [1 0 249 -38 2]
 P 726154 90134 237000 33122363
PT [1 0 250 -38 2]
 P 728303 90134 237003 33242663
PT [1 0 251 -38 2]
 P 730557 90476 237023 33365313
PT [1 0 252 -39 2]
 P 737378 91580 237098 33483263
PT [1 0 253 -39 2]
 P 739697 91923 237118 33606330
PT [1 0 254 -39 2]
 P 746372 92970 237216 33723863
PT [1 0 255 -39 2]
 P 749588 93313 237235 33845873
PT [1 0 256 -39 2]
 P 753817 94069 237283 33966717
PT [1 0 257 -39 2]
 P 756982 94483 237312 34086217
PT [1 0 258 -40 2]
 P 759559 94825 237333 34206611
PT [1 0 259 -40 2]
 P 763852 95095 237345 34325363
PT [1 0 260 -40 2]
 P 765947 95439 237366 34446863
PT [1 0 261 -40 2]
 P 773060 96411 237454 34565963
PT [1 0 262 -40 2]
 P 774516 96754 237472 34688421
PT [1 0 263 -40 2]
 P 779017 97582 237533 34806563
PT [1 0 264 -40 2]
 P 781145 97926 237552 34928765
PT [1 0 265 -41 2]
 P 786625 98682 237604 35047163
PT [1 0 266 -41 2]
 P 788624 99024 237624 35169077
PT [1 0 267 -41 2]
 P 792366 99438 237658 35287763
PT [1 0 268 -41 2]
 P 795005 99780 237677 35410606
PT [1 0 269 -41 2]
 P 800367 100608 237736 35530458
PT [1 0 270 -41 2]
 P 801146 100608 237740 35648663
PT [1 0 271 -41 2]
 P 802826 100950 237759 35771249
PT [1 0 272 -42 2]
 P 813559 102318 237841 35889263
PT [1 0 273 -42 2]
 P 814949 102660 237862 36011274
PT [1 0 274 -42 2]
 P 819813 103291 237928 36129863
PT [1 0 275 -42 2]
 P 821941 103633 237947 36251618
PT [1 0 276 -42 2]
 P 827715 104731 238014 36371885
PT [1 0 277 -42 2]
 P 829169 104731 238017 36490763
PT [1 0 278 -42 2]
 P 832384 105073 238036 36612421
PT [1 0 279 -43 2]
 P 837908 106243 238117 36733489
PT [1 0 280 -43 2]
 P 842006 106657 238151 36851663
PT [1 0 281 -43 2]
 P 844934 106999 238171 36972970
PT [1 0 282 -43 2]
 P 850251 107413 238205 37092263
PT [1 0 283 -43 2]
 P 851867 107755 238224 37214881
PT [1 0 284 -43 2]
 P 857686 108583 238285 37332863
PT [1 0 285 -43 2]
 P 859174 108925 238304 37454201
PT [1 0 286 -44 2]
 P 867123 109683 238357 37573463
PT [1 0 287 -44 2]
 P 869153 110025 238377 37695153
PT [1 0 288 -44 2]
 P 874680 110855 238441 37814063
PT [1 0 289 -44 2]
 P 877096 111197 238460 37935498
PT [1 0 290 -44 2]
 P 881391 111611 238492 38054663
PT [1 0 291 -44 2]
 P 884031 111953 238511 38176897
PT [1 0 292 -44 2]
 P 887527 112439 238550 38296557
PT [1 0 293 -45 2]
 P 893619 112979 238571 38415563
PT [1 0 294 -45 2]
 P 895713 113322 238590 38538565
PT [1 0 295 -45 2]
 P 903160 114422 238664 38656163
PT [1 0 296 -44 2]
 P 904551 114764 238684 38777662
PT [1 0 297 -45 2]
 P 907958 115394 238747 38896763
PT [1 0 298 -45 2]
 P 910087 115736 238766 39018006
PT [1 0 299 -44 2]
 P 916195 116908 238843 39140097
PT [1 0 300 -46 2]
 P 917753 116908 238846 39257663
PT [1 0 301 -46 2]
 P 920968 117250 238866 39379865
PT [1 0 302 -46 2]
 P 926498 118421 238949 39499910
PT [1 0 303 -46 2]
 P 927941 118493 238963 39618563
PT [1 0 304 -46 2]
 P 929685 118835 238982 39740861
PT [1 0 305 -46 2]
 P 937612 119592 239034 39859163
PT [1 0 306 -46 2]
 P 939228 119935 239053 39981557
PT [1 0 307 -47 2]
 P 943416 120765 239117 40099763
PT [1 0 308 -47 2]
 P 944905 121107 239138 40221902
PT [1 0 309 -47 2]
 P 953118 121863 239192 40340363
PT [1 0 310 -47 2]
 P 955150 122205 239214 40461958
PT [1 0 311 -47 2]
 P 961936 123033 239276 40580963
PT [1 0 312 -47 2]
 P 964351 123375 239295 40703325
PT [1 0 313 -47 2]
 P 969263 123789 239327 40821563
PT [1 0 314 -48 2]
 P 971904 124131 239348 40943062
PT [1 0 315 -48 2]
 P 975066 124545 239379 41064993
PT [1 0 316 -48 2]
 P 977909 124960 239409 41183726
PT [1 0 317 -48 2]
 P 986711 126061 239481 41302763
PT [1 0 318 -48 2]
 P 988167 126404 239499 41423973
PT [1 0 319 -48 2]
 P 992184 127234 239555 41544593
PT [1 0 320 -48 2]
 P 996164 127847 239582 41666141
PT [1 0 321 -49 2]
 P 1000897 128334 239625 41783963
PT [1 0 322 -49 2]
 P 1002896 128677 239644 41906805
PT [1 0 323 -49 2]
 P 1006642 129435 239693 42026369
PT [1 0 324 -49 2]
 P 1009541 129850 239726 42144863
PT [1 0 325 -49 2]
 P 1011829 130193 239744 42267129
PT [1 0 326 -49 2]
 P 1019101 131024 239804 42385463
PT [1 0 327 -49 2]
 P 1021774 131368 239822 42507474
PT [1 0 328 -50 2]
 P 1025840 132126 239871 42628317
PT [1 0 329 -50 2]
 P 1030338 132541 239905 42746363
PT [1 0 330 -50 2]
 P 1031794 132884 239924 42869334
PT [1 0 331 -50 2]
 P 1035976 133299 239957 42986963
PT [1 0 332 -50 2]
 P 1037399 133642 239975 43108685
PT [1 0 333 -50 2]
 P 1043457 134472 240035 43227563
PT [1 0 334 -50 2]
 P 1045776 134815 240054 43350053
PT [1 0 335 -51 2]
 P 1052300 135573 240107 43468163
PT [1 0 336 -51 2]
 P 1053882 135916 240126 43589469
PT [1 0 337 -51 2]
 P 1060293 136746 240189 43708763
PT [1 0 338 -51 2]
 P 1063285 137089 240207 43831862
PT [1 0 339 -51 2]
 P 1067757 137504 240240 43949363
PT [1 0 340 -51 2]
 P 1070717 137848 240258 44070701
PT [1 0 341 -51 2]
 P 1072997 138335 240297 44192409
PT [1 0 342 -52 2]
 P 1077795 138877 240317 44310263
PT [1 0 343 -52 2]
 P 1079441 139220 240337 44432369
PT [1 0 344 -52 2]
 P 1087959 140321 240411 44550863
PT [1 0 345 -52 2]
 P 1090439 140664 240430 44673001
PT [1 0 346 -52 2]
 P 1094149 141295 240492 44791463
PT [1 0 347 -52 2]
 P 1096598 141638 240511 44913346
PT [1 0 348 -53 2]
 P 1102893 142812 240589 45033389
PT [1 0 349 -53 2]
 P 1105203 142812 240592 45152363
PT [1 0 350 -53 2]
 P 1108226 143155 240612 45274181
PT [1 0 351 -53 2]
 P 1116241 143985 240677 45392963
PT [1 0 352 -53 2]
 P 1119138 144329 240697 45514527
PT [1 0 353 -52 2]
 P 1121632 144744 240729 45633563
PT [1 0 354 -53 2]
 P 1124273 145087 240748 45755414
PT [1 0 355 -54 2]
 P 1129634 145917 240807 45877057
PT [1 0 356 -54 2]
 P 1131339 145917 240810 45994463
PT [1 0 357 -54 2]
 P 1132500 145917 240813 46114763
PT [1 0 358 -54 2]
 P 1134596 146260 240833 46237383
PT [1 0 359 -54 2]
 P 1144878 147633 240914 46355363
PT [1 0 360 -54 2]
 P 1146269 147976 240933 46477661
PT [1 0 361 -54 2]
 P 1155369 149349 241013 46595963
PT [1 0 362 -54 2]
 P 1157367 149692 241033 46717429
PT [1 0 363 -55 2]
 P 1161056 150179 241080 46836563
PT [1 0 364 -55 2]
 P 1162640 150522 241100 46958286
PT [1 0 365 -55 2]
 P 1168574 151225 241178 47077163
PT [1 0 366 -55 2]
 P 1170638 151568 241197 47198407
PT [1 0 367 -55 2]
 P 1178400 152669 241268 47317763
PT [1 0 368 -54 2]
 P 1180016 153012 241287 47440957
PT [1 0 369 -56 2]
 P 1183390 153499 241329 47558363
PT [1 0 370 -56 2]
 P 1185102 153843 241349 47680341
PT [1 0 371 -56 2]
 P 1191362 155018 241432 47801409
PT [1 0 372 -56 2]
 P 1193712 155018 241435 47919263
PT [1 0 373 -56 2]
 P 1195743 155362 241454 48041945
PT [1 0 374 -56 2]
 P 1202200 156536 241533 48160966
PT [1 0 375 -56 2]
 P 1204615 156536 241536 48280163
PT [1 0 376 -56 2]
 P 1206453 156879 241556 48403037
PT [1 0 377 -57 2]
 P 1215051 157709 241620 48520763
PT [1 0 378 -57 2]
 P 1216250 158052 241640 48642357
PT [1 0 379 -57 2]
 P 1221448 158539 241685 48761363
PT [1 0 380 -57 2]
 P 1223640 158882 241704 48884301
PT [1 0 381 -57 2]
 P 1232945 159983 241776 49001963
PT [1 0 382 -57 2]
 P 1235713 160326 241795 49124677
PT [1 0 383 -58 2]
 P 1239701 160813 241837 49242563
PT [1 0 384 -58 2]
 P 1241027 161156 241857 49363805
PT [1 0 385 -58 2]
 P 1247089 161915 241911 49483163
PT [1 0 386 -58 2]
 P 1249826 162259 241931 49604375
PT [1 0 387 -57 2]
 P 1256284 163432 242010 49725442
PT [1 0 388 -58 2]
 P 1257423 163432 242014 49844063
PT [1 0 389 -58 2]
 P 1260479 163775 242033 49965977
PT [1 0 390 -59 2]
 P 1267674 164876 242103 50084663
PT [1 0 391 -59 2]
 P 1270537 165219 242123 50206353
PT [1 0 392 -59 2]
 P 1273679 165706 242168 50325263
PT [1 0 393 -59 2]
 P 1275999 166049 242188 50447530
PT [1 0 394 -59 2]
 P 1280719 166880 242249 50567894
PT [1 0 395 -59 2]
 P 1284277 167151 242261 50686163
PT [1 0 396 -59 2]
 P 1286148 167494 242281 50808334
PT [1 0 397 -60 2]
 P 1292842 168739 242368 50929434
PT [1 0 398 -58 2]
 P 1293651 168739 242371 51047063
PT [1 0 399 -58 2]
 P 1296610 169082 242391 51168689
PT [1 0 400 -60 2]
 P 1302739 169912 242458 51287663
PT [1 0 401 -60 2]
 P 1304549 170255 242476 51409033
PT [1 0 402 -60 2]
 P 1308804 170670 242508 51528263
PT [1 0 403 -60 2]
 P 1310452 171013 242527 51650689
PT [1 0 404 -61 2]
 P 1313493 171500 245956 51768863
PT [1 0 405 -61 2]
 P 1316132 171844 245976 51890073
PT [1 0 406 -61 2]
 P 1319102 172259 246007 52011365
PT [1 0 407 -61 2]
 P 1322074 172674 246038 52130994
PT [1 0 408 -61 2]
 P 1322406 172746 249439 52250063
PT [1 0 409 -61 2]
 P 1325046 173089 249458 52372841
PT [1 0 410 -61 2]
 P 1328019 173504 249487 52491702
PT [1 0 411 -62 2]
 P 1330990 173919 249517 52613505
PT [1 0 412 -62 2]
 P 1331321 173991 252918 52731263
PT [1 0 413 -62 2]
 P 1333962 174334 252938 52853947
PT [1 0 414 -62 2]
 P 1336934 174749 252969 52973958
PT [1 0 415 -62 2]
 P 1337598 174893 256380 53094449
PT [1 0 416 -62 2]
 P 1340238 175236 256399 53214429
PT [1 0 417 -62 2]
 P 1342880 175580 256417 53333897
PT [1 0 418 -63 2]
 P 1345851 175996 256447 53454549
PT [1 0 419 -63 2]
 P 1346182 176068 259848 53573363
PT [1 0 420 -63 2]
 P 1346513 176140 263249 53695597
PT [1 0 421 -63 2]
 P 1349154 176484 263269 53815835
PT [1 0 422 -62 2]
 P 1354182 177243 263320 53936038
PT [1 0 423 -63 2]
 P 1363899 178616 263401 54054563
PT [1 0 424 -63 2]
 P 1366538 178959 263420 54176061
PT [1 0 425 -64 2]
 P 1371900 179789 263479 54296425
PT [1 0 426 -64 2]
 P 1374871 180204 263510 54417590
PT [1 0 427 -64 2]
 P 1378033 180619 263542 54538625
PT [1 0 428 -64 2]
 P 1380417 180963 263563 54657070
PT [1 0 429 -64 2]
 P 1390935 182335 263646 54776363
PT [1 0 430 -63 2]
 P 1393575 182678 263666 54899142
PT [1 0 431 -64 2]
 P 1404311 184394 263762 55018353
PT [1 0 432 -65 2]
 P 1412784 185496 263833 55137263
PT [1 0 433 -65 2]
 P 1415038 185839 263853 55260137
PT [1 0 434 -65 2]
 P 1418471 186470 263920 55377863
PT [1 0 435 -65 2]
 P 1421112 186813 263940 55499459
PT [1 0 436 -65 2]
 P 1424276 187228 263970 55620237
PT [1 0 437 -65 2]
 P 1431658 187987 264021 55738763
PT [1 0 438 -65 2]
 P 1434297 188330 264040 55860037
PT [1 0 439 -66 2]
 P 1437462 188745 264070 55980562
PT [1 0 440 -66 2]
 P 1444086 189576 264134 56099663
PT [1 0 441 -66 2]
 P 1446183 189920 264153 56220905
PT [1 0 442 -66 2]
 P 1454503 191021 264225 56340263
PT [1 0 443 -66 2]
 P 1456319 191021 264228 56460563
PT [1 0 444 -66 2]
 P 1457712 191364 264246 56583757
PT [1 0 445 -66 2]
 P 1465201 192465 264314 56701163
PT [1 0 446 -66 2]
 P 1467658 192465 264317 56821463
PT [1 0 447 -66 2]
 P 1469882 192808 264336 56943409
PT [1 0 448 -67 2]
 P 1475365 193712 264410 57062063
PT [1 0 449 -67 2]
 P 1478006 194055 264429 57184170
PT [1 0 450 -67 2]
 P 1481312 194542 264470 57303831
PT [1 0 451 -66 2]
 P 1483954 194885 264488 57424066
PT [1 0 452 -67 2]
 P 1486927 195300 264516 57545101
PT [1 0 453 -68 2]
 P 1487259 195372 267916 57663563
PT [1 0 454 -68 2]
 P 1489899 195715 267935 57785797
PT [1 0 455 -68 2]
 P 1492871 196130 267965 57907089
PT [1 0 456 -68 2]
 P 1495845 196545 267995 58026718
PT [1 0 457 -68 2]
 P 1496177 196617 271396 58144763
PT [1 0 458 -68 2]
 P 1498818 196960 271414 58266517
PT [1 0 459 -68 2]
 P 1501792 197375 271442 58387425
PT [1 0 460 -69 2]
 P 1504765 197790 271471 58507182
PT [1 0 461 -69 2]
 P 1505096 197862 274872 58625963
PT [1 0 462 -69 2]
 P 1507736 198205 274891 58747621
PT [1 0 463 -69 2]
 P 1510709 198620 274921 58867635
PT [1 0 464 -69 2]
