using saved target 'z1'
../../../../contiki/tools/sky/serialdump-linux -b115200 /dev/ttyUSB3
connecting to /dev/ttyUSB3 (115200) [OK]
Rime started with address 4.0
MAC 04:00:00:00:00:00:00:00 Ref ID: 4841
Contiki-3.x-2125-g5d67a61 started. Node id is set to 4.

************************************************
RTIMER_SECOND = 32768. F_CPU=8000000.
CLOCK_SECOND=128.
DURSLOT = 6015.(0.1835 s).
DURSLEEP = 66165.
DURCYCLE = 72180 .(2.2027 s).
MAX_CLOCK_DRIFT = WAKEUP_ADVANCE_TIME = 327 (0.0033 s).
PERIODIC_BCAST_CYCLES_SENSOR = 196611.
PERIODIC_BCAST_CYCLES_SINK = 196611.
MAX_CYCLE_COUNTER = 27904.
MAX_COUNT_NO_RTS_CTS = 65535.
MAX_CHILD_NUM = 10.
MAX_TRY_TO_FIND_PARENT = 3.

**********Below is Related Settings**********
PRIMAC_CONF_COMPOWER = 1.
PRIMAC_CONF_COMPOWER_SUPPORT = 1.
SF = 10.
PRI_SYNC_SUPPORT = 1.
RANDOM_DRIFT_IN_COOJA_SUPPORT = 0.
ADCSC_SUPPORT = 1.
DATA_TX_SUPPORT = 1.
CYCLES_PER_PACKET = 6.
DATA_INTERVAL = 7.
RETX_LIMIT = 6.
TOTAL_DATA_NUM = 50.
MAX_DATA_QUEUE_BUFS = 10.
PROC_GRADE_BASED_ON_ADDR_SUPPORT = 1.
NODES_NUM_PER_GRADE = 2.
ADDRESS_FREE_SUPPORT = 0.
IS_COOJA_SIM = 0.
CROSS_PLATFORM_SUPPORT = 1.
************************************************

My address is 4.0.
nullmac PRIMAC, channel check rate 8 Hz, radio channel 26
Starting
Hello, world
 P 0 0 0 2136916
 P 0 0 3451 2211023
 P 0 0 6841 2281276
 P 0 0 10231 2353456
 P 0 0 13621 2425636
 P 0 0 17011 2497816
EMPTY QUEUE
 P 364 0 20410 2572169
PT [2 0 1 -2 1]
 P 364 0 23800 2642176
PT [2 0 2 -2 1]
 P 364 0 27190 2714356
PT [2 0 3 -2 1]
 P 364 0 30580 2786536
PT [2 0 4 -2 1]
 P 3115 0 31220 2858716
PT [2 0 5 -2 1]
EMPTY QUEUE
 P 6154 0 32200 2932333
PT [2 0 6 -2 1]
 P 6154 0 35590 3003076
PT [2 0 7 -2 1]
 P 6154 0 38980 3075256
PT [2 0 8 -2 1]
 P 6154 0 42370 3147436
PT [2 0 9 -2 1]
rcv bro rts
 P 7201 0 42411 3219616
PT [2 0 10 -2 1]
rcv bro rts
EMPTY QUEUE
 P 8634 0 42461 3293809
PT [2 0 11 -2 1]
 P 9905 0 42464 3363976
PT [2 0 12 -2 1]
 P 9905 0 45854 3436156
PT [2 0 13 -2 1]
 P 9905 0 49244 3508336
PT [2 0 14 -2 1]
 P 9905 0 52634 3580516
PT [2 0 15 -2 1]
EMPTY QUEUE
 P 12047 0 52651 3655094
PT [2 0 16 -2 1]
 P 13375 0 52654 3724876
PT [2 0 17 -2 1]
 P 13375 0 56044 3797056
PT [2 0 18 -2 1]
 P 13375 0 59434 3869236
PT [2 0 19 -2 1]
 P 13375 0 62824 3941416
PT [2 0 20 -2 1]
EMPTY QUEUE
 P 15260 0 62842 4015929
PT [2 0 21 -2 1]
 P 17134 0 62846 4085776
PT [2 0 22 -2 1]
 P 17134 0 66236 4157956
PT [2 0 23 -2 1]
 P 17134 0 69626 4230136
PT [2 0 24 -2 1]
 P 17134 0 73016 4302316
PT [2 0 25 -2 1]
EMPTY QUEUE
 P 20367 0 73033 4376222
PT [2 0 26 -2 1]
 P 22780 0 73037 4446676
PT [2 0 27 -2 1]
 P 22780 0 76427 4518856
PT [2 0 28 -2 1]
 P 22780 0 79817 4591036
PT [2 0 29 -2 1]
 P 22780 0 83207 4663216
PT [2 0 30 -2 1]
EMPTY QUEUE
 P 24858 0 83224 4738145
PT [2 0 31 -2 1]
 P 26067 0 83227 4807576
PT [2 0 32 -2 1]
 P 26067 0 86617 4879756
PT [2 0 33 -2 1]
 P 26067 0 90007 4951936
PT [2 0 34 -2 1]
 P 26067 0 93397 5024116
PT [2 0 35 -2 1]
EMPTY QUEUE
 P 27645 0 93413 5097445
PT [2 0 36 -2 1]
 P 28977 0 93416 5168476
PT [2 0 37 -2 1]
 P 28977 0 96806 5240656
PT [2 0 38 -2 1]
 P 28977 0 100196 5312836
PT [2 0 39 -2 1]
 P 28977 0 103586 5385016
PT [2 0 40 -2 1]
EMPTY QUEUE
 P 31056 0 103602 5458313
PT [2 0 41 -2 1]
 P 32489 0 103605 5529376
PT [2 0 42 -2 1]
 P 32489 0 106995 5601556
PT [2 0 43 -2 1]
 P 32489 0 110385 5673736
PT [2 0 44 -2 1]
 P 32489 0 113775 5745916
PT [2 0 45 -2 1]
EMPTY QUEUE
 P 35277 0 113791 5820653
PT [2 0 46 -2 1]
 P 37535 0 113794 5890276
PT [2 0 47 -2 1]
 P 37535 0 117184 5962456
PT [2 0 48 -2 1]
 P 37535 0 120574 6034636
PT [2 0 49 -2 1]
 P 37535 0 123964 6106816
PT [2 0 50 -2 1]
EMPTY QUEUE
 P 39583 0 123980 6180498
PT [2 0 51 -2 1]
 P 40445 0 123983 6251176
PT [2 0 52 -2 1]
 P 40445 0 127373 6323356
PT [2 0 53 -2 1]
 P 40445 0 130763 6395536
PT [2 0 54 -2 1]
 P 40445 0 134153 6467716
PT [2 0 55 -2 1]
EMPTY QUEUE
 P 43648 0 134169 6541782
PT [2 0 56 -1 1]
 P 45207 0 134172 6612076
PT [2 0 57 -1 1]
 P 45207 0 137562 6684256
PT [2 0 58 -1 1]
 P 45207 0 140952 6756436
PT [2 0 59 -1 1]
 P 45207 0 144342 6828616
PT [2 0 60 -1 1]
EMPTY QUEUE
 P 48432 0 144359 6902649
PT [2 0 61 -1 1]
 P 49519 0 144362 6972976
PT [2 0 62 -1 1]
 P 49519 0 147752 7045156
PT [2 0 63 -1 1]
 P 49519 0 151142 7117336
PT [2 0 64 -1 1]
 P 49519 0 154532 7189516
PT [2 0 65 -1 1]
EMPTY QUEUE
 P 52912 0 154549 7263037
PT [2 0 66 -1 1]
 P 53931 0 154552 7333876
PT [2 0 67 -1 1]
 P 53931 0 157942 7406056
PT [2 0 68 -1 1]
 P 53931 0 161332 7478236
PT [2 0 69 -1 1]
 P 53931 0 164722 7550416
PT [2 0 70 -1 1]
EMPTY QUEUE
 P 55371 0 164738 7624801
PT [2 0 71 -1 1]
 P 57447 0 164741 7694776
PT [2 0 72 -1 1]
 P 57447 0 168131 7766956
PT [2 0 73 -1 1]
 P 57447 0 171521 7839136
PT [2 0 74 -1 1]
 P 57447 0 174911 7911316
PT [2 0 75 -1 1]
EMPTY QUEUE
 P 59692 0 174927 7986117
PT [2 0 76 -1 1]
 P 60490 0 174930 8055676
PT [2 0 77 -1 1]
 P 60490 0 178320 8127856
PT [2 0 78 -1 1]
 P 60490 0 181710 8200036
PT [2 0 79 -1 1]
 P 60490 0 185100 8272216
PT [2 0 80 -1 1]
EMPTY QUEUE
 P 63429 0 185116 8347081
PT [2 0 81 -1 1]
 P 64201 0 185119 8416576
PT [2 0 82 -1 1]
 P 64201 0 188509 8488756
PT [2 0 83 -1 1]
 P 64201 0 191899 8560936
PT [2 0 84 -1 1]
 P 64201 0 195289 8633116
PT [2 0 85 -1 1]
EMPTY QUEUE
 P 67466 0 195306 8707373
PT [2 0 86 -1 1]
 P 69413 0 195309 8777476
PT [2 0 87 -1 1]
 P 69413 0 198699 8849656
PT [2 0 88 -1 1]
 P 69413 0 202089 8921836
PT [2 0 89 -1 1]
 P 69413 0 205479 8994016
PT [2 0 90 -1 1]
EMPTY QUEUE
 P 72129 0 205496 9067121
PT [2 0 91 -1 1]
 P 73731 0 205499 9138376
PT [2 0 92 -1 1]
 P 73731 0 208889 9210556
PT [2 0 93 -1 1]
 P 73731 0 212279 9282736
PT [2 0 94 -1 1]
 P 73731 0 215669 9354916
PT [2 0 95 -1 1]
EMPTY QUEUE
 P 75468 0 215686 9428469
PT [2 0 96 -1 1]
 P 78245 0 215689 9499276
PT [2 0 97 -1 1]
 P 78245 0 219079 9571456
PT [2 0 98 -1 1]
 P 78245 0 222469 9643636
PT [2 0 99 -1 1]
 P 78245 0 225859 9715816
PT [2 0 100 -1 1]
EMPTY QUEUE
 P 81406 0 225875 9789273
PT [2 0 101 -1 1]
 P 82500 0 225878 9860176
PT [2 0 102 -1 1]
 P 82500 0 229268 9932356
PT [2 0 103 -1 1]
 P 82500 0 232658 10004536
PT [2 0 104 -1 1]
 P 82500 0 236048 10076716
PT [2 0 105 -1 1]
EMPTY QUEUE
 P 84809 0 236067 10151710
PT [2 0 106 -1 1]
 P 86664 0 236070 10221076
PT [2 0 107 -1 1]
 P 86664 0 239460 10293256
PT [2 0 108 -1 1]
 P 86664 0 242850 10365436
PT [2 0 109 -1 1]
 P 86664 0 246240 10437616
PT [2 0 110 -1 1]
EMPTY QUEUE
 P 89029 0 246256 10511521
PT [2 0 111 -1 1]
 P 89838 0 246259 10581976
PT [2 0 112 -1 1]
 P 89838 0 249649 10654156
PT [2 0 113 -1 1]
 P 89838 0 253039 10726336
PT [2 0 114 -1 1]
 P 89838 0 256429 10798516
PT [2 0 115 -1 1]
EMPTY QUEUE
 P 91988 0 256446 10872901
PT [2 0 116 -1 1]
 P 94099 0 256449 10942876
PT [2 0 117 -1 1]
 P 94099 0 259839 11015056
PT [2 0 118 -1 1]
 P 94099 0 263229 11087236
PT [2 0 119 -1 1]
 P 94099 0 266619 11159416
PT [2 0 120 -1 1]
EMPTY QUEUE
 P 96176 0 266635 11233705
PT [2 0 121 -1 1]
 P 98005 0 266638 11303776
PT [2 0 122 -1 1]
 P 98005 0 270028 11375956
PT [2 0 123 -1 1]
 P 98005 0 273418 11448136
PT [2 0 124 -1 1]
 P 98005 0 276808 11520316
PT [2 0 125 -1 1]
EMPTY QUEUE
 P 99740 0 276824 11594061
PT [2 0 126 -1 1]
 P 101821 0 276827 11664676
PT [2 0 127 -1 1]
 P 101821 0 280217 11736856
PT [2 0 128 -1 1]
 P 101821 0 283607 11809036
PT [2 0 129 -1 1]
 P 101821 0 286997 11881216
PT [2 0 130 -1 1]
EMPTY QUEUE
 P 104598 0 287014 11955857
PT [2 0 131 -1 1]
 P 105984 0 287017 12025576
PT [2 0 132 -1 1]
 P 106508 72 290418 12098955
PT [2 0 133 -1 1]
 P 106508 72 293808 12169936
PT [2 0 134 -1 1]
 P 106508 72 297198 12242116
PT [2 0 135 -1 1]
 P 109867 144 297218 12317287
PT [2 0 136 -1 1]
 P 110931 144 297221 12386476
PT [2 0 137 -1 1]
 P 110931 144 300611 12458656
PT [2 0 138 -1 1]
 P 111000 144 306573 12535790
PT [2 0 139 -1 1]
 P 111524 216 309974 12605559
PT [2 0 140 -1 1]
 P 112472 216 309983 12675196
PT [2 0 141 -1 1]
 P 113955 216 309986 12747376
PT [2 0 142 -1 1]
 P 114543 288 313387 12822355
PT [2 0 143 -1 1]
 P 114543 288 316777 12891736
PT [2 0 144 -1 1]
 P 114612 288 322739 12968422
PT [2 0 145 -1 1]
 P 117781 360 322758 13038287
PT [2 0 146 -1 1]
 P 120439 360 322761 13108276
PT [2 0 147 -1 1]
 P 120505 360 326153 13182484
PT [2 0 148 -1 1]
 P 121125 432 329554 13255275
PT [2 0 149 -1 1]
 P 121125 432 332944 13324816
PT [2 0 150 -1 1]
 P 122872 432 332952 13396996
PT [2 0 151 -1 1]
 P 124653 787 332971 13471783
PT [2 0 152 -1 1]
 P 126554 859 332986 13541356
PT [2 0 153 -1 1]
 P 126554 859 336376 13613536
PT [2 0 154 -1 1]
 P 126916 859 339771 13687884
PT [2 0 155 -1 1]
 P 128293 859 339774 13757896
PT [2 0 156 -1 1]
 P 129782 1067 339794 13832267
PT [2 0 157 -1 1]
 P 131626 1139 339808 13902256
PT [2 0 158 -1 1]
 P 131637 1139 343200 13976314
PT [2 0 159 -1 1]
 P 132965 1139 343203 14046616
PT [2 0 160 -1 1]
 P 134414 1494 343224 14121019
PT [2 0 161 -1 1]
 P 135430 1638 346636 14190976
PT [2 0 162 -1 1]
 P 137685 1994 346656 14265763
PT [2 0 163 -1 1]
 P 138965 1994 346659 14335336
PT [2 0 164 -1 1]
 P 139489 2066 350060 14409099
PT [2 0 165 -1 1]
 P 139489 2066 353450 14479696
PT [2 0 166 -1 1]
 P 141286 2422 353469 14554132
PT [2 0 167 -1 1]
 P 143241 2494 353484 14624056
PT [2 0 168 -1 1]
 P 143241 2494 356874 14696236
PT [2 0 169 -1 1]
 P 144584 2494 356877 14768416
PT [2 0 170 -1 1]
 P 145970 2849 356897 14841923
PT [2 0 171 -1 1]
 P 146558 2921 360298 14912776
PT [2 0 172 -1 1]
 P 146558 2921 363688 14984956
PT [2 0 173 -1 1]
 P 148835 3276 363707 15058527
PT [2 0 174 -1 1]
 P 150707 3348 363721 15129316
PT [2 0 175 -1 1]
 P 150707 3348 367111 15201496
PT [2 0 176 -1 1]
 P 152081 3631 369691 15277222
PT [2 0 177 -1 1]
 P 153461 3631 369695 15345856
PT [2 0 178 -1 1]
 P 153954 3703 373096 15420548
PT [2 0 179 -1 1]
 P 154643 3775 379069 15494818
PT [2 0 180 -1 1]
 P 155989 3775 379072 15562396
PT [2 0 181 -1 1]
 P 157364 4130 379093 15636735
PT [2 0 182 -1 1]
 P 158126 4202 382500 15708769
PT [2 0 183 -1 1]
 P 158650 4274 385901 15781479
PT [2 0 184 -1 1]
 P 160884 4629 385920 15853883
PT [2 0 185 -1 1]
 P 162170 4629 385923 15923296
PT [2 0 186 -1 1]
 P 162474 4629 389318 15997650
PT [2 0 187 -1 1]
 P 164324 4984 389337 16069879
PT [2 0 188 -1 1]
 P 166294 5056 389351 16139836
PT [2 0 189 -1 1]
 P 166363 5231 392743 16214127
PT [2 0 190 -1 1]
 P 166919 5303 396144 16286771
PT [2 0 191 -1 1]
 P 168266 5303 396147 16356376
PT [2 0 192 -1 1]
 P 169673 5657 396167 16431291
PT [2 0 193 -1 1]
 P 170229 5729 399568 16500736
PT [2 0 194 -1 1]
 P 172505 6084 399587 16575555
PT [2 0 195 -1 1]
 P 173804 6084 399590 16645096
PT [2 0 196 -1 1]
 P 174328 6156 402993 16718860
PT [2 0 197 -1 1]
 P 174328 6156 406383 16789456
PT [2 0 198 -1 1]
 P 176210 6511 406404 16863988
PT [2 0 199 -1 1]
 P 178201 6583 406419 16933816
PT [2 0 200 -1 1]
 P 178201 6583 409809 17005996
PT [2 0 201 -1 1]
 P 179550 6583 409812 17078176
PT [2 0 202 -1 1]
 P 181032 6939 409831 17151779
PT [2 0 203 -1 1]
 P 181588 7011 413232 17222536
PT [2 0 204 -1 1]
 P 181588 7011 416622 17294716
PT [2 0 205 -1 1]
 P 183770 7365 416642 17368192
PT [2 0 206 -1 1]
 P 185552 7437 416655 17439076
PT [2 0 207 0 1]
 P 185552 7437 420045 17511256
PT [2 0 208 0 1]
 P 186172 7509 423446 17585563
PT [2 0 209 -1 1]
 P 187958 7863 423466 17657807
PT [2 0 210 -1 1]
 P 189332 7863 423469 17727796
PT [2 0 211 -1 1]
 P 189401 7863 429431 17803970
PT [2 0 212 -1 1]
 P 190751 7863 429435 17872156
PT [2 0 213 -1 1]
 P 192202 8218 429456 17946560
PT [2 0 214 -1 1]
 P 192763 8290 435429 18021022
PT [2 0 215 -1 1]
 P 193351 8362 438830 18091303
PT [2 0 216 -1 1]
 P 195660 8717 438849 18163707
PT [2 0 217 -1 1]
 P 196951 8717 438852 18233056
PT [2 0 218 -1 1]
 P 197443 8789 442253 18307843
PT [2 0 219 -1 1]
 P 199304 9144 442272 18380023
PT [2 0 220 -1 1]
 P 200693 9144 442275 18449596
PT [2 0 221 -1 1]
 P 201281 9216 445676 18523423
PT [2 0 222 -1 1]
 P 201281 9216 449066 18593956
PT [2 0 223 -1 1]
 P 202635 9216 449070 18666136
PT [2 0 224 -1 1]
 P 204075 9570 449090 18740635
PT [2 0 225 -1 1]
 P 204632 9642 452490 18810496
PT [2 0 226 -1 1]
 P 206909 9996 452510 18884099
PT [2 0 227 -1 1]
 P 208214 9996 452513 18954856
PT [2 0 228 -1 1]
 P 208803 10068 455914 19029260
PT [2 0 229 -1 1]
 P 208803 10068 459304 19099216
PT [2 0 230 -1 1]
 P 210718 10424 459324 19172819
PT [2 0 231 -1 1]
 P 212622 10496 459337 19243576
PT [2 0 232 -1 1]
 P 212622 10496 462727 19315756
PT [2 0 233 -1 1]
 P 212633 10496 466119 19389206
PT [2 0 234 -1 1]
 P 213976 10496 466122 19460116
PT [2 0 235 -1 1]
 P 215480 10850 466141 19534583
PT [2 0 236 -1 1]
 P 216383 10922 469546 19606627
PT [2 0 237 1 1]
 P 218564 11277 469565 19678815
PT [2 0 238 -1 1]
 P 220384 11349 469578 19748836
PT [2 0 239 -1 1]
 P 220384 11349 472968 19821016
PT [2 0 240 -1 1]
 P 221005 11421 476368 19895931
PT [2 0 241 -1 1]
 P 222823 11776 476388 19967951
PT [2 0 242 -1 1]
 P 224204 11776 476391 20037556
PT [2 0 243 -1 1]
 P 224390 11776 479786 20110736
PT [2 0 244 -1 1]
 P 225747 11776 479789 20181916
PT [2 0 245 -1 1]
 P 227262 12131 479807 20256383
PT [2 0 246 -1 1]
 P 227825 12203 485779 20330782
PT [2 0 247 1 1]
 P 228446 12275 489179 20401095
PT [2 0 248 -1 1]
 P 230628 12630 489198 20473339
PT [2 0 249 -1 1]
 P 231925 12630 489202 20542816
PT [2 0 250 -1 1]
Warning: data sending process fails.
 P 232483 12696 492706 20617766
PT [2 0 251 -1 1]
 P 234281 13050 492725 20689719
PT [2 0 252 0 1]
 P 236168 13122 492738 20759356
PT [2 0 253 0 1]
 P 236566 13122 496133 20833164
PT [2 0 254 0 1]
 P 237186 13194 499533 20906354
PT [2 0 255 0 1]
 P 238546 13194 499536 20975896
PT [2 0 256 0 1]
 P 240017 13549 499554 21050874
PT [2 0 257 -1 1]
 P 241421 13549 502129 21120256
PT [2 0 258 -1 1]
 P 242041 13621 505529 21195074
PT [2 0 259 0 1]
 P 243352 13621 505532 21264616
PT [2 0 260 0 1]
 P 244683 13975 505551 21339498
PT [2 0 261 0 1]
 P 246589 14047 505565 21408976
PT [2 0 262 0 1]
 P 248116 14308 505584 21483826
PT [2 0 263 0 1]
 P 249996 14380 505598 21553336
PT [2 0 264 0 1]
 P 249996 14380 508988 21625516
PT [2 0 265 0 1]
 P 250065 14380 514950 21701562
PT [2 0 266 0 1]
 P 251290 14380 514953 21769876
PT [2 0 267 0 1]
 P 252762 14735 514972 21844310
PT [2 0 268 0 1]
 P 254486 14807 514985 21914236
PT [2 0 269 0 1]
 P 255797 14807 514988 21986416
PT [2 0 270 0 1]
 P 257202 15162 515006 22061042
PT [2 0 271 0 1]
Warning: data sending process fails.
 P 258314 15300 518520 22132488
PT [2 0 272 0 1]
 P 258780 15300 521915 22204653
PT [2 0 273 0 1]
 P 260947 15655 521935 22277326
PT [2 0 274 0 1]
 P 262691 15727 521948 22347316
PT [2 0 275 0 1]
 P 262760 15727 527910 22424002
PT [2 0 276 0 1]
 P 263316 15799 531310 22494250
PT [2 0 277 0 1]
 P 264533 15799 531313 22563856
PT [2 0 278 0 1]
 P 265942 16154 531331 22638772
PT [2 0 279 0 1]
 P 266498 16226 534731 22708216
PT [2 0 280 0 1]
 P 268774 16581 534751 22783034
PT [2 0 281 0 1]
 P 270053 16581 534754 22852576
PT [2 0 282 0 1]
 P 270577 16653 538154 22926338
PT [2 0 283 0 1]
 P 270577 16653 541544 22996936
PT [2 0 284 0 1]
 P 272460 17007 541564 23071468
PT [2 0 285 0 1]
 P 274310 17079 541577 23141296
PT [2 0 286 0 1]
 P 274310 17079 544967 23213476
PT [2 0 287 0 1]
 P 275516 17079 544970 23285656
PT [2 0 288 0 1]
 P 276999 17434 544989 23359260
PT [2 0 289 1 1]
 P 277556 17506 548390 23430016
PT [2 0 290 1 1]
 P 277556 17506 551780 23502196
PT [2 0 291 1 1]
 P 279737 17860 551799 23575670
PT [2 0 292 0 1]
 P 281004 17860 551802 23646556
PT [2 0 293 0 1]
 P 281004 17860 555192 23718736
PT [2 0 294 0 1]
 P 282247 17860 555195 23790916
PT [2 0 295 0 1]
 P 283554 18216 555213 23865096
PT [2 0 296 0 1]
 P 284772 18216 555216 23935276
PT [2 0 297 0 1]
 P 284772 18216 558606 24007456
PT [2 0 298 0 1]
 P 286076 18216 558609 24079636
PT [2 0 299 0 1]
 P 287494 18571 558628 24154040
PT [2 0 300 0 1]
 P 287494 18571 562018 24223996
PT [2 0 301 0 1]
 P 287494 18571 565408 24296176
PT [2 0 302 0 1]
 P 289127 18571 565416 24368356
PT [2 0 303 0 1]
 P 289976 18571 565425 24440536
PT [2 0 304 0 1]
EMPTY QUEUE
 P 291433 18571 565442 24515114
PT [2 0 305 1 1]
 P 292257 18571 565450 24584896
PT [2 0 306 1 1]
 P 293069 18571 565458 24657076
PT [2 0 307 1 1]
 P 293869 18571 565466 24729256
PT [2 0 308 1 1]
 P 294657 18571 565475 24801436
PT [2 0 309 1 1]
EMPTY QUEUE
 P 295870 18571 565492 24875885
PT [2 0 310 0 1]
 P 296579 18571 565501 24945796
PT [2 0 311 0 1]
 P 297276 18571 565510 25017976
PT [2 0 312 0 1]
 P 297961 18571 565519 25090156
PT [2 0 313 0 1]
 P 298634 18571 565528 25162336
PT [2 0 314 0 1]
EMPTY QUEUE
 P 299853 18571 565544 25236849
PT [2 0 315 0 1]
 P 300502 18571 565553 25306696
PT [2 0 316 0 1]
 P 301139 18571 565562 25378876
PT [2 0 317 0 1]
 P 301765 18571 565570 25451056
PT [2 0 318 0 1]
 P 302379 18571 565578 25523236
PT [2 0 319 0 1]
EMPTY QUEUE
 P 303473 18571 565594 25597685
PT [2 0 320 0 1]
 P 304063 18571 565602 25667596
PT [2 0 321 0 1]
 P 304641 18571 565610 25739776
PT [2 0 322 0 1]
 P 305207 18571 565618 25811956
PT [2 0 323 0 1]
 P 305761 18571 565626 25884136
PT [2 0 324 0 1]
EMPTY QUEUE
 P 306795 18571 565642 25958585
PT [2 0 325 0 1]
 P 307325 18571 565651 26028496
PT [2 0 326 0 1]
 P 308486 18926 565670 26102931
PT [2 0 327 0 1]
 P 311208 19492 565692 26172856
PT [2 0 328 0 1]
 P 312740 19847 565711 26247708
PT [2 0 329 1 1]
 P 315156 19991 565736 26317216
PT [2 0 330 0 1]
 P 316043 19991 565744 26389396
PT [2 0 331 0 1]
 P 316043 19991 569134 26461576
PT [2 0 332 0 1]
 P 316043 19991 572524 26533756
PT [2 0 333 0 1]
 P 316043 19991 575914 26605936
PT [2 0 334 0 1]
EMPTY QUEUE
 P 316631 19991 579313 26680897
PT [2 0 335 0 1]
 P 318291 19991 579321 26750296
PT [2 0 336 0 1]
 P 319507 19991 579324 26822476
PT [2 0 337 0 1]
 P 319507 19991 582714 26894656
PT [2 0 338 0 1]
 P 319507 19991 586104 26966836
PT [2 0 339 0 1]
EMPTY QUEUE
 P 320031 19991 589503 27040133
PT [2 0 340 0 1]
 P 321285 19991 589512 27111196
PT [2 0 341 0 1]
 P 322563 19991 589516 27183376
PT [2 0 342 0 1]
 P 322563 19991 592906 27255556
PT [2 0 343 0 1]
 P 322563 19991 596296 27327736
PT [2 0 344 0 1]
EMPTY QUEUE
 P 323087 19991 599695 27400969
PT [2 0 345 0 1]
 P 325882 19991 599703 27472096
PT [2 0 346 0 1]
 P 327707 19991 599707 27544276
PT [2 0 347 0 1]
 P 327707 19991 603097 27616456
PT [2 0 348 0 1]
 P 327707 19991 606487 27688636
PT [2 0 349 0 1]
EMPTY QUEUE
 P 328199 19991 609886 27763309
PT [2 0 350 0 1]
 P 329665 19991 609894 27832996
PT [2 0 351 0 1]
 P 332028 19991 609897 27905176
PT [2 0 352 0 1]
 P 332028 19991 613287 27977356
PT [2 0 353 0 1]
 P 332028 19991 616677 28049536
PT [2 0 354 0 1]
EMPTY QUEUE
 P 332584 19991 620076 28123185
PT [2 0 355 0 1]
 P 333660 19991 620084 28193896
PT [2 0 356 0 1]
 P 334819 19991 620088 28266076
PT [2 0 357 0 1]
 P 334819 19991 623478 28338256
PT [2 0 358 0 1]
 P 334819 19991 626868 28410436
PT [2 0 359 0 1]
EMPTY QUEUE
 P 335375 19991 630267 28484533
PT [2 0 360 0 1]
 P 336810 19991 630275 28554796
PT [2 0 361 0 1]
 P 338092 19991 630278 28626976
PT [2 0 362 0 1]
 P 338092 19991 633668 28699156
PT [2 0 363 0 1]
 P 338092 19991 637058 28771336
PT [2 0 364 0 1]
EMPTY QUEUE
 P 338680 19991 640457 28845401
PT [2 0 365 0 1]
 P 340966 19991 640466 28915696
PT [2 0 366 0 1]
 P 342349 19991 640469 28987876
PT [2 0 367 0 1]
 P 342349 19991 643859 29060056
PT [2 0 368 0 1]
 P 342349 19991 647249 29132236
PT [2 0 369 0 1]
EMPTY QUEUE
 P 342905 19991 650648 29205693
PT [2 0 370 0 1]
 P 344308 19991 650656 29276596
PT [2 0 371 0 1]
 P 346516 19991 650659 29348776
PT [2 0 372 0 1]
 P 346516 19991 654049 29420956
PT [2 0 373 0 1]
 P 346516 19991 657439 29493136
PT [2 0 374 0 1]
EMPTY QUEUE
 P 347104 19991 660838 29567585
PT [2 0 375 0 1]
 P 349837 19991 660847 29637496
PT [2 0 376 0 1]
 P 350649 19991 660850 29709676
PT [2 0 377 0 1]
 P 350649 19991 664240 29781856
PT [2 0 378 0 1]
 P 350649 19991 667630 29854036
PT [2 0 379 0 1]
EMPTY QUEUE
 P 351173 19991 671029 29928869
PT [2 0 380 0 1]
 P 353786 19991 671037 29998396
PT [2 0 381 0 1]
 P 355295 19991 671040 30070576
PT [2 0 382 0 1]
 P 355295 19991 674430 30142756
PT [2 0 383 0 1]
 P 355295 19991 677820 30214936
PT [2 0 384 0 1]
EMPTY QUEUE
 P 355851 19991 681219 30289737
PT [2 0 385 0 1]
 P 358678 19991 681228 30359296
PT [2 0 386 0 1]
 P 359714 19991 681231 30431476
PT [2 0 387 0 1]
 P 359714 19991 684621 30503656
PT [2 0 388 0 1]
 P 359714 19991 688011 30575836
PT [2 0 389 0 1]
EMPTY QUEUE
 P 360334 19991 691410 30650125
PT [2 0 390 0 1]
 P 361196 19991 691419 30720196
PT [2 0 391 0 1]
 P 362164 19991 691422 30792376
PT [2 0 392 0 1]
 P 362164 19991 694812 30864556
PT [2 0 393 0 1]
 P 362164 19991 698202 30936736
PT [2 0 394 0 1]
EMPTY QUEUE
 P 362688 19991 701601 31009841
PT [2 0 395 0 1]
 P 364441 19991 701609 31081096
PT [2 0 396 0 1]
 P 365313 19991 701618 31153276
PT [2 0 397 0 1]
 P 366530 19991 701621 31225456
PT [2 0 398 0 1]
 P 366530 19991 705011 31297636
PT [2 0 399 0 1]
EMPTY QUEUE
 P 367022 19991 708410 31371733
PT [2 0 400 0 1]
 P 367022 19991 711800 31441996
PT [2 0 401 0 1]
 P 368667 19991 711809 31514176
PT [2 0 402 0 1]
 P 369956 19991 711812 31586356
PT [2 0 403 0 1]
 P 369956 19991 715202 31658536
PT [2 0 404 0 1]
EMPTY QUEUE
 P 370576 19991 718601 31733209
PT [2 0 405 0 1]
 P 370576 19991 721991 31802896
PT [2 0 406 0 1]
 P 371939 19991 721999 31875076
PT [2 0 407 0 1]
 P 373775 19991 722002 31947256
PT [2 0 408 0 1]
 P 373775 19991 725392 32019436
PT [2 0 409 0 1]
EMPTY QUEUE
 P 374267 19991 728791 32093917
PT [2 0 410 0 1]
 P 374267 19991 732181 32163796
PT [2 0 411 0 1]
 P 377008 19991 732189 32235976
PT [2 0 412 0 1]
 P 379382 19991 732192 32308156
PT [2 0 413 0 1]
 P 379382 19991 735582 32380336
PT [2 0 414 0 1]
EMPTY QUEUE
 P 380002 19991 738981 32454369
PT [2 0 415 0 1]
 P 380002 19991 742371 32524696
PT [2 0 416 0 1]
 P 381524 19991 742379 32596876
PT [2 0 417 0 1]
 P 382693 19991 742382 32669056
PT [2 0 418 0 1]
 P 382693 19991 745772 32741236
PT [2 0 419 0 1]
EMPTY QUEUE
 P 382762 19991 751734 32818242
PT [2 0 420 0 1]
EMPTY QUEUE
 P 383318 19991 755133 32887929
PT [2 0 421 0 1]
 P 384339 19991 755141 32957776
PT [2 0 422 0 1]
 P 385632 19991 755144 33029956
PT [2 0 423 0 1]
 P 385632 19991 758534 33102136
PT [2 0 424 0 1]
 P 385632 19991 761924 33174316
PT [2 0 425 0 1]
EMPTY QUEUE
 P 386188 19991 765323 33249021
PT [2 0 426 0 1]
 P 387678 19991 765331 33318676
PT [2 0 427 0 1]
 P 389072 19991 765334 33390856
PT [2 0 428 0 1]
 P 389072 19991 768724 33463036
PT [2 0 429 0 1]
 P 389072 19991 772114 33535216
PT [2 0 430 0 1]
EMPTY QUEUE
 P 389629 19991 775512 33609601
PT [2 0 431 0 1]
 P 391860 19991 775520 33679576
PT [2 0 432 0 1]
 P 394078 19991 775524 33751756
PT [2 0 433 0 1]
 P 394078 19991 778914 33823936
PT [2 0 434 0 1]
 P 394078 19991 782304 33896116
PT [2 0 435 0 1]
EMPTY QUEUE
 P 394635 19991 785702 33969669
PT [2 0 436 0 1]
 P 396093 19991 785710 34040476
PT [2 0 437 0 1]
 P 396915 19991 785714 34112656
PT [2 0 438 0 1]
 P 396915 19991 789104 34184836
PT [2 0 439 0 1]
 P 396915 19991 792494 34257016
PT [2 0 440 0 1]
EMPTY QUEUE
 P 397440 19991 795892 34331241
PT [2 0 441 0 1]
 P 400117 19991 795900 34401376
PT [2 0 442 0 1]
 P 401636 19991 795904 34473556
PT [2 0 443 0 1]
 P 401636 19991 799294 34545736
PT [2 0 444 0 1]
 P 401636 19991 802684 34617916
PT [2 0 445 0 1]
EMPTY QUEUE
 P 401647 19991 806076 34691814
PT [2 0 446 0 1]
EMPTY QUEUE
 P 404873 19991 806092 34764259
PT [2 0 447 1 1]
 P 405920 19991 806095 34834456
PT [2 0 448 1 1]
 P 405920 19991 809485 34906636
PT [2 0 449 1 1]
 P 405920 19991 812875 34978816
PT [2 0 450 1 1]
 P 405920 19991 816265 35050996
PT [2 0 451 1 1]
EMPTY QUEUE
 P 409281 19991 816281 35125638
PT [2 0 452 1 1]
 P 410261 19991 816284 35195356
PT [2 0 453 1 1]
 P 410261 19991 819674 35267536
PT [2 0 454 1 1]
 P 410261 19991 823064 35339716
PT [2 0 455 1 1]
 P 410261 19991 826454 35411896
PT [2 0 456 1 1]
EMPTY QUEUE
 P 411702 19991 826470 35486409
PT [2 0 457 0 1]
 P 413738 19991 826474 35556256
PT [2 0 458 0 1]
 P 413738 19991 829864 35628436
PT [2 0 459 0 1]
 P 413738 19991 833254 35700616
PT [2 0 460 0 1]
 P 413738 19991 836644 35772796
PT [2 0 461 0 1]
EMPTY QUEUE
 P 416048 19991 836660 35846765
PT [2 0 462 0 1]
 P 416807 19991 836663 35917156
PT [2 0 463 0 1]
 P 416807 19991 840053 35989336
PT [2 0 464 0 1]
 P 416807 19991 843443 36061516
PT [2 0 465 0 1]
 P 416807 19991 846833 36133696
PT [2 0 466 0 1]
EMPTY QUEUE
 P 419744 19991 846850 36208689
PT [2 0 467 1 1]
 P 419744 19991 850240 36278056
PT [2 0 468 1 1]
 P 420973 19991 850243 36350236
PT [2 0 469 1 1]
 P 420973 19991 853633 36422416
PT [2 0 470 1 1]
 P 420973 19991 857023 36494596
PT [2 0 471 1 1]
EMPTY QUEUE
 P 424173 19991 857040 36567893
PT [2 0 472 1 1]
 P 424173 19991 860430 36638956
PT [2 0 473 1 1]
 P 425475 19991 860433 36711136
PT [2 0 474 1 1]
 P 425475 19991 863823 36783316
PT [2 0 475 1 1]
 P 425475 19991 867213 36855496
PT [2 0 476 1 1]
EMPTY QUEUE
 P 428158 19991 867229 36928697
PT [2 0 477 1 1]
 P 428158 19991 870619 36999856
PT [2 0 478 1 1]
 P 430008 19991 870622 37072036
PT [2 0 479 1 1]
 P 430008 19991 874012 37144216
PT [2 0 480 1 1]
 P 430008 19991 877402 37216396
PT [2 0 481 1 1]
EMPTY QUEUE
 P 431808 19991 877419 37291165
PT [2 0 482 1 1]
 P 431808 19991 880809 37360756
PT [2 0 483 1 1]
 P 431808 19991 884199 37432936
PT [2 0 484 1 1]
 P 433099 19991 884202 37505116
PT [2 0 485 1 1]
 P 433099 19991 887592 37577296
PT [2 0 486 1 1]
EMPTY QUEUE
 P 436388 19991 887608 37651009
PT [2 0 487 1 1]
 P 436388 19991 890998 37721656
PT [2 0 488 1 1]
 P 436388 19991 894388 37793836
PT [2 0 489 1 1]
 P 437621 19991 894391 37866016
PT [2 0 490 1 1]
 P 437621 19991 897781 37938196
PT [2 0 491 1 1]
EMPTY QUEUE
 P 439442 19991 900362 38014370
PT [2 0 492 1 1]
EMPTY QUEUE
 P 439511 19991 906324 38086966
PT [2 0 493 1 1]
EMPTY QUEUE
 P 440131 19991 909723 38157133
PT [2 0 494 1 1]
 P 442043 19991 909726 38226916
PT [2 0 495 1 1]
 P 442043 19991 913116 38299096
PT [2 0 496 1 1]
 P 443852 19991 913124 38371276
PT [2 0 497 1 1]
 P 443852 19991 916514 38443456
PT [2 0 498 1 1]
EMPTY QUEUE
 P 444472 19991 919912 38518225
PT [2 0 499 1 1]
 P 446803 19991 919915 38587816
PT [2 0 500 1 1]
 P 446803 19991 923305 38659996
PT [2 0 501 1 1]
 P 448365 19991 923314 38732176
PT [2 0 502 1 1]
 P 448365 19991 926704 38804356
PT [2 0 503 1 1]
EMPTY QUEUE
 P 448857 19991 930102 38878677
PT [2 0 504 1 1]
 P 450102 19991 930105 38948716
PT [2 0 505 1 1]
 P 450102 19991 933495 39020896
PT [2 0 506 1 1]
 P 451624 19991 933503 39093076
PT [2 0 507 1 1]
 P 451624 19991 936893 39165256
PT [2 0 508 1 1]
EMPTY QUEUE
 P 452244 19991 940291 39238873
PT [2 0 509 1 1]
 P 453494 19991 940294 39309616
PT [2 0 510 1 1]
 P 453494 19991 943684 39381796
PT [2 0 511 1 1]
 P 454642 19991 943692 39453976
PT [2 0 512 1 1]
 P 454642 19991 947082 39526156
PT [2 0 513 1 1]
EMPTY QUEUE
 P 454711 19991 953044 39602490
PT [2 0 514 1 1]
 P 456180 19991 953048 39670516
PT [2 0 515 1 1]
EMPTY QUEUE
 P 456736 19991 956446 39745029
PT [2 0 516 1 1]
 P 458990 19991 956455 39814876
PT [2 0 517 1 1]
 P 458990 19991 959845 39887056
PT [2 0 518 1 1]
 P 458990 19991 963235 39959236
PT [2 0 519 1 1]
 P 461166 19991 963238 40031416
PT [2 0 520 1 1]
EMPTY QUEUE
 P 461722 19991 966636 40106121
PT [2 0 521 1 1]
 P 464495 19991 966645 40175776
PT [2 0 522 1 1]
 P 464495 19991 970035 40247956
PT [2 0 523 1 1]
 P 464495 19991 973425 40320136
PT [2 0 524 1 1]
 P 465392 19991 973428 40392316
PT [2 0 525 1 1]
EMPTY QUEUE
 P 465948 19991 976826 40466701
PT [2 0 526 1 1]
 P 466896 19991 976836 40536676
PT [2 0 527 1 1]
 P 466896 19991 980226 40608856
PT [2 0 528 1 1]
 P 466896 19991 983616 40681036
PT [2 0 529 1 1]
 P 468372 19991 983619 40753216
PT [2 0 530 1 1]
EMPTY QUEUE
 P 468864 19991 987017 40826705
PT [2 0 531 1 1]
 P 471509 19991 987025 40897576
PT [2 0 532 1 1]
 P 471509 19991 990415 40969756
PT [2 0 533 1 1]
 P 471509 19991 993805 41041936
PT [2 0 534 1 1]
 P 472631 19991 993808 41114116
PT [2 0 535 1 1]
EMPTY QUEUE
 P 473251 19991 997207 41188437
PT [2 0 536 1 1]
 P 474997 19991 997215 41258476
PT [2 0 537 1 1]
 P 474997 19991 1000605 41330656
PT [2 0 538 1 1]
 P 474997 19991 1003995 41402836
PT [2 0 539 1 1]
 P 475933 19991 1003998 41475016
PT [2 0 540 1 1]
 P 477971 19991 1004001 41547196
PT [2 0 541 1 1]
EMPTY QUEUE
 P 479803 19991 1004019 41620557
PT [2 0 542 1 1]
 P 479803 19991 1007409 41691556
PT [2 0 543 1 1]
 P 479803 19991 1010799 41763736
PT [2 0 544 1 1]
 P 479803 19991 1014189 41835916
PT [2 0 545 1 1]
 P 480446 19991 1014193 41908096
PT [2 0 546 1 1]
EMPTY QUEUE
 P 482874 19991 1014210 41981329
PT [2 0 547 1 1]
 P 482874 19991 1017600 42052456
PT [2 0 548 1 1]
 P 482874 19991 1020990 42124636
PT [2 0 549 1 1]
 P 482874 19991 1024380 42196816
PT [2 0 550 1 1]
 P 483491 19991 1024383 42268996
PT [2 0 551 1 1]
EMPTY QUEUE
 P 485258 19991 1024402 42343702
PT [2 0 552 1 1]
 P 485258 19991 1027792 42413356
PT [2 0 553 1 1]
 P 485258 19991 1031182 42485536
PT [2 0 554 1 1]
 P 485258 19991 1034572 42557716
PT [2 0 555 1 1]
 P 487069 19991 1034575 42629896
PT [2 0 556 1 1]
EMPTY QUEUE
 P 488764 19991 1034592 42703481
PT [2 0 557 1 1]
 P 488764 19991 1037982 42774256
PT [2 0 558 1 1]
 P 488764 19991 1041372 42846436
PT [2 0 559 1 1]
 P 488764 19991 1044762 42918616
PT [2 0 560 1 1]
 P 490230 19991 1044765 42990796
PT [2 0 561 1 1]
EMPTY QUEUE
 P 493048 19991 1044783 43064893
PT [2 0 562 1 1]
 P 493048 19991 1048173 43135156
PT [2 0 563 1 1]
 P 493048 19991 1051563 43207336
PT [2 0 564 1 1]
 P 493048 19991 1054953 43279516
PT [2 0 565 1 1]
 P 495690 19991 1054956 43351696
PT [2 0 566 1 1]
EMPTY QUEUE
 P 498469 19991 1054973 43425729
PT [2 0 567 1 1]
 P 498469 19991 1058363 43496056
PT [2 0 568 1 1]
 P 498469 19991 1061753 43568236
PT [2 0 569 1 1]
 P 498469 19991 1065143 43640416
PT [2 0 570 1 1]
 P 499429 19991 1065146 43712596
PT [2 0 571 1 1]
EMPTY QUEUE
 P 501357 19991 1065163 43786085
PT [2 0 572 1 1]
 P 501357 19991 1068553 43856956
PT [2 0 573 1 1]
 P 501357 19991 1071943 43929136
PT [2 0 574 1 1]
 P 501357 19991 1075333 44001316
PT [2 0 575 1 1]
 P 503076 19991 1075336 44073496
PT [2 0 576 1 1]
EMPTY QUEUE
 P 505950 19991 1075355 44147913
PT [2 0 577 1 1]
 P 505950 19991 1078745 44217856
PT [2 0 578 1 1]
 P 505950 19991 1082135 44290036
PT [2 0 579 1 1]
 P 505950 19991 1085525 44362216
PT [2 0 580 1 1]
 P 506624 19991 1085528 44434396
PT [2 0 581 1 1]
EMPTY QUEUE
 P 509284 19991 1085545 44509293
PT [2 0 582 1 1]
 P 509284 19991 1088935 44578756
PT [2 0 583 1 1]
 P 509284 19991 1092325 44650936
PT [2 0 584 1 1]
 P 509284 19991 1095715 44723116
PT [2 0 585 1 1]
 P 511259 19991 1095718 44795296
PT [2 0 586 1 1]
EMPTY QUEUE
 P 514301 19991 1095735 44869777
PT [2 0 587 1 1]
 P 515174 19991 1095743 44939656
PT [2 0 588 1 1]
 P 515174 19991 1099133 45011836
PT [2 0 589 1 1]
 P 515174 19991 1102523 45084016
PT [2 0 590 1 1]
 P 516868 19991 1102526 45156196
PT [2 0 591 1 1]
EMPTY QUEUE
 P 517424 19991 1105925 45230901
PT [2 0 592 1 1]
 P 519070 19991 1105933 45300556
PT [2 0 593 1 1]
 P 519070 19991 1109323 45372736
PT [2 0 594 1 1]
 P 519070 19991 1112713 45444916
PT [2 0 595 1 1]
 P 521016 19991 1112716 45517096
PT [2 0 596 1 1]
EMPTY QUEUE
 P 521508 19991 1116115 45591417
PT [2 0 597 1 1]
 P 522870 19991 1116123 45661456
PT [2 0 598 1 1]
 P 522870 19991 1119513 45733636
PT [2 0 599 1 1]
 P 522870 19991 1122903 45805816
PT [2 0 600 1 1]
 P 524121 19991 1122906 45877996
PT [2 0 601 1 1]
EMPTY QUEUE
 P 524741 19991 1126305 45951613
PT [2 0 602 1 1]
 P 527481 19991 1126314 46022356
PT [2 0 603 1 1]
 P 527481 19991 1129704 46094536
PT [2 0 604 1 1]
 P 527481 19991 1133094 46166716
PT [2 0 605 1 1]
 P 528409 19991 1133098 46238896
PT [2 0 606 1 1]
 P 529612 19991 1133101 46311076
PT [2 0 607 1 1]
EMPTY QUEUE
 P 531626 19991 1133120 46385943
PT [2 0 608 1 1]
 P 531626 19991 1136510 46455436
PT [2 0 609 1 1]
 P 531626 19991 1139900 46527616
PT [2 0 610 1 1]
 P 531626 19991 1143290 46599796
PT [2 0 611 1 1]
 P 532771 19991 1143294 46671976
PT [2 0 612 1 1]
EMPTY QUEUE
 P 534413 19991 1143313 46745371
PT [2 0 613 1 1]
 P 534413 19991 1146703 46816336
PT [2 0 614 1 1]
 P 534413 19991 1150093 46888516
PT [2 0 615 1 1]
 P 534413 19991 1153483 46960696
PT [2 0 616 1 1]
 P 536235 19991 1153486 47032876
PT [2 0 617 1 1]
EMPTY QUEUE
 P 538313 19991 1153503 47106173
PT [2 0 618 1 1]
 P 538313 19991 1156893 47177236
PT [2 0 619 1 1]
 P 538313 19991 1160283 47249416
PT [2 0 620 1 1]
 P 538313 19991 1163673 47321596
PT [2 0 621 1 1]
 P 540555 19991 1163676 47393776
PT [2 0 622 1 1]
EMPTY QUEUE
 P 543311 19991 1163693 47468482
PT [2 0 623 1 1]
 P 543311 19991 1167083 47538136
PT [2 0 624 1 1]
 P 543311 19991 1170473 47610316
PT [2 0 625 1 1]
 P 543311 19991 1173863 47682496
PT [2 0 626 1 1]
 P 544467 19991 1173866 47754676
PT [2 0 627 1 1]
 P 545674 19991 1173869 47826856
PT [2 0 628 1 1]
EMPTY QUEUE
 P 547071 19991 1173887 47900473
PT [2 0 629 1 1]
 P 547071 19991 1177277 47971216
PT [2 0 630 1 1]
 P 547071 19991 1180667 48043396
PT [2 0 631 1 1]
 P 547071 19991 1184057 48115576
PT [2 0 632 1 1]
 P 548220 19991 1184060 48187756
PT [2 0 633 1 1]
EMPTY QUEUE
 P 550360 19991 1184076 48261790
PT [2 0 634 1 1]
 P 550360 19991 1187466 48332116
PT [2 0 635 1 1]
 P 550360 19991 1190856 48404296
PT [2 0 636 1 1]
 P 550360 19991 1194246 48476476
PT [2 0 637 1 1]
 P 552187 19991 1194249 48548656
PT [2 0 638 1 1]
EMPTY QUEUE
 P 553615 19991 1194260 48622192
PT [2 0 639 1 1]
EMPTY QUEUE
 P 553844 19991 1197655 48695019
PT [2 0 640 1 1]
EMPTY QUEUE
 P 554402 19991 1201053 48767531
PT [2 0 641 3 1]
 P 554402 19991 1204443 48837376
PT [2 0 642 3 1]
 P 556648 19991 1204446 48909556
PT [2 0 643 3 1]
 P 559388 19991 1204455 48981736
PT [2 0 644 3 1]
 P 559388 19991 1207846 49053916
PT [2 0 645 3 1]
EMPTY QUEUE
 P 559913 19991 1211244 49128589
PT [2 0 646 1 1]
 P 559913 19991 1214634 49198276
PT [2 0 647 1 1]
 P 561073 19991 1214637 49270456
PT [2 0 648 1 1]
 P 562594 19991 1214646 49342636
PT [2 0 649 1 1]
 P 562594 19991 1218036 49414816
PT [2 0 650 1 1]
EMPTY QUEUE
 P 563087 19991 1221434 49489138
PT [2 0 651 2 1]
 P 563087 19991 1224824 49559176
PT [2 0 652 2 1]
 P 564252 19991 1224827 49631356
PT [2 0 653 2 1]
 P 565217 19991 1224836 49703536
PT [2 0 654 2 1]
 P 566034 19991 1224845 49775716
PT [2 0 655 2 1]
EMPTY QUEUE
 P 566591 19991 1228244 49849879
PT [2 0 656 1 1]
 P 566591 19991 1231634 49920076
PT [2 0 657 1 1]
 P 567975 19991 1231638 49992256
PT [2 0 658 1 1]
 P 567975 19991 1235028 50064436
PT [2 0 659 1 1]
 P 569687 19991 1235036 50136616
PT [2 0 660 1 1]
EMPTY QUEUE
 P 570276 19991 1238434 50211258
PT [2 0 661 2 1]
 P 570276 19991 1241824 50280976
PT [2 0 662 2 1]
 P 572367 19991 1241827 50353156
PT [2 0 663 2 1]
 P 572367 19991 1245217 50425336
PT [2 0 664 2 1]
 P 573674 19991 1245226 50497516
PT [2 0 665 2 1]
EMPTY QUEUE
 P 574198 19991 1248624 50572029
PT [2 0 666 2 1]
 P 574198 19991 1252014 50641876
PT [2 0 667 2 1]
 P 575010 19991 1252017 50714056
PT [2 0 668 2 1]
 P 575010 19991 1255407 50786236
PT [2 0 669 2 1]
 P 577806 19991 1255415 50858416
PT [2 0 670 2 1]
EMPTY QUEUE
 P 578298 19991 1258813 50932321
PT [2 0 671 2 1]
 P 578298 19991 1262203 51002776
PT [2 0 672 2 1]
 P 579689 19991 1262206 51074956
PT [2 0 673 2 1]
 P 579689 19991 1265596 51147136
PT [2 0 674 2 1]
 P 581155 19991 1265605 51219316
PT [2 0 675 2 1]
EMPTY QUEUE
 P 581743 19991 1269003 51294277
PT [2 0 676 2 1]
 P 581743 19991 1272393 51363676
PT [2 0 677 2 1]
 P 582780 19991 1272396 51435856
PT [2 0 678 2 1]
 P 582780 19991 1275786 51508036
PT [2 0 679 2 1]
 P 583856 19991 1275794 51580216
PT [2 0 680 2 1]
EMPTY QUEUE
 P 584380 19991 1279192 51653513
PT [2 0 681 2 1]
 P 584380 19991 1282582 51724576
PT [2 0 682 2 1]
 P 585231 19991 1282585 51796756
PT [2 0 683 2 1]
 P 585231 19991 1285975 51868936
PT [2 0 684 2 1]
 P 586666 19991 1285983 51941116
PT [2 0 685 2 1]
EMPTY QUEUE
 P 587254 19991 1289381 52014413
PT [2 0 686 2 1]
 P 587254 19991 1292771 52085476
PT [2 0 687 2 1]
 P 589280 19991 1292774 52157656
PT [2 0 688 2 1]
 P 589280 19991 1296164 52229836
PT [2 0 689 2 1]
 P 591566 19991 1296172 52302016
PT [2 0 690 2 1]
EMPTY QUEUE
 P 592090 19991 1299570 52376721
PT [2 0 691 2 1]
 P 592090 19991 1302960 52446376
PT [2 0 692 2 1]
 P 592720 19991 1302963 52518556
PT [2 0 693 2 1]
 P 592720 19991 1306353 52590736
PT [2 0 694 2 1]
 P 594123 19991 1306361 52662916
PT [2 0 695 2 1]
EMPTY QUEUE
 P 594711 19991 1309759 52736597
PT [2 0 696 2 1]
 P 594711 19991 1313149 52807276
PT [2 0 697 2 1]
 P 595433 19991 1313152 52879456
PT [2 0 698 2 1]
 P 595433 19991 1316542 52951636
PT [2 0 699 2 1]
 P 598165 19991 1316550 53023816
PT [2 0 700 2 1]
EMPTY QUEUE
 P 598753 19991 1319949 53097945
PT [2 0 701 2 1]
 P 598753 19991 1323339 53168176
PT [2 0 702 2 1]
 P 600531 19991 1323343 53240356
PT [2 0 703 2 1]
 P 600531 19991 1326733 53312536
PT [2 0 704 2 1]
 P 603144 19991 1326741 53384716
PT [2 0 705 2 1]
EMPTY QUEUE
 P 603700 19991 1330140 53458749
PT [2 0 706 2 1]
 P 603700 19991 1333530 53529076
PT [2 0 707 2 1]
 P 605253 19991 1333533 53601256
PT [2 0 708 2 1]
 P 605253 19991 1336924 53673436
PT [2 0 709 2 1]
 P 608081 19991 1336933 53745616
PT [2 0 710 2 1]
EMPTY QUEUE
 P 608573 19991 1340332 53819009
PT [2 0 711 2 1]
 P 608573 19991 1343722 53889976
PT [2 0 712 2 1]
 P 611185 19991 1343725 53962156
PT [2 0 713 2 1]
 P 611185 19991 1347115 54034336
PT [2 0 714 2 1]
 P 612047 19991 1347123 54106516
PT [2 0 715 2 1]
EMPTY QUEUE
 P 612603 19991 1350522 54180933
PT [2 0 716 2 1]
 P 612603 19991 1353912 54250876
PT [2 0 717 2 1]
 P 613648 19991 1353915 54323056
PT [2 0 718 2 1]
 P 613648 19991 1357305 54395236
PT [2 0 719 2 1]
 P 615456 19991 1357313 54467416
PT [2 0 720 2 1]
EMPTY QUEUE
 P 616044 19991 1360712 54542313
PT [2 0 721 2 1]
 P 616044 19991 1364102 54611776
PT [2 0 722 2 1]
 P 617732 19991 1364105 54683956
PT [2 0 723 2 1]
 P 617732 19991 1367495 54756136
PT [2 0 724 2 1]
 P 619995 19991 1367504 54828316
PT [2 0 725 2 1]
EMPTY QUEUE
 P 620615 19991 1370903 54903181
PT [2 0 726 2 1]
 P 620615 19991 1374293 54972676
PT [2 0 727 2 1]
 P 621375 19991 1374296 55044856
PT [2 0 728 2 1]
 P 621375 19991 1377686 55117036
PT [2 0 729 2 1]
 P 624108 19991 1377694 55189216
PT [2 0 730 2 1]
EMPTY QUEUE
 P 624665 19991 1381093 55263442
PT [2 0 731 2 1]
 P 624665 19991 1384483 55333576
PT [2 0 732 2 1]
 P 626609 19991 1384486 55405756
PT [2 0 733 2 1]
 P 626609 19991 1387876 55477936
PT [2 0 734 2 1]
 P 628745 19991 1387884 55550116
PT [2 0 735 2 1]
EMPTY QUEUE
 P 629269 19991 1391283 55623221
PT [2 0 736 2 1]
 P 629269 19991 1394673 55694476
PT [2 0 737 2 1]
 P 631049 19991 1394676 55766656
PT [2 0 738 2 1]
 P 631049 19991 1398066 55838836
PT [2 0 739 2 1]
 P 632316 19991 1398075 55911016
PT [2 0 740 2 1]
EMPTY QUEUE
 P 632937 19991 1401475 55984667
PT [2 0 741 2 1]
 P 632937 19991 1404865 56055376
PT [2 0 742 2 1]
 P 634850 19991 1404868 56127556
PT [2 0 743 2 1]
 P 634850 19991 1408258 56199736
PT [2 0 744 2 1]
 P 637464 19991 1408266 56271916
PT [2 0 745 2 1]
EMPTY QUEUE
 P 638084 19991 1411665 56345501
PT [2 0 746 2 1]
 P 638084 19991 1415055 56416276
PT [2 0 747 2 1]
 P 639421 19991 1415058 56488456
PT [2 0 748 2 1]
 P 639421 19991 1418448 56560636
PT [2 0 749 2 1]
 P 641230 19991 1418456 56632816
PT [2 0 750 2 1]
EMPTY QUEUE
 P 641819 19991 1421855 56707842
PT [2 0 751 2 1]
 P 641819 19991 1425245 56777176
PT [2 0 752 2 1]
 P 642717 19991 1425248 56849356
PT [2 0 753 2 1]
 P 642717 19991 1428638 56921536
PT [2 0 754 2 1]
 P 644470 19991 1428647 56993716
PT [2 0 755 2 1]
EMPTY QUEUE
 P 645058 19991 1432046 57067653
PT [2 0 756 2 1]
 P 645058 19991 1435436 57138076
PT [2 0 757 2 1]
 P 646491 19991 1435440 57210256
PT [2 0 758 2 1]
 P 646491 19991 1438830 57282436
PT [2 0 759 2 1]
 P 648108 19991 1438839 57354616
PT [2 0 760 2 1]
EMPTY QUEUE
 P 648729 19991 1442238 57429034
PT [2 0 761 3 1]
 P 648729 19991 1445628 57498976
PT [2 0 762 3 1]
 P 651219 19991 1445631 57571156
PT [2 0 763 3 1]
 P 651219 19991 1449021 57643336
PT [2 0 764 3 1]
 P 652686 19991 1449029 57715516
PT [2 0 765 3 1]
EMPTY QUEUE
 P 653306 19991 1452428 57789869
PT [2 0 766 2 1]
 P 653306 19991 1455818 57859876
PT [2 0 767 2 1]
 P 655539 19991 1455821 57932056
PT [2 0 768 2 1]
 P 655539 19991 1459211 58004236
PT [2 0 769 2 1]
 P 656742 19991 1459220 58076416
PT [2 0 770 2 1]
EMPTY QUEUE
 P 657298 19991 1462619 58150129
PT [2 0 771 2 1]
 P 657298 19991 1466009 58220776
PT [2 0 772 2 1]
 P 657912 19991 1466012 58292956
PT [2 0 773 2 1]
 P 657912 19991 1469402 58365136
PT [2 0 774 2 1]
 P 660111 19991 1469411 58437316
PT [2 0 775 2 1]
EMPTY QUEUE
 P 660699 19991 1472810 58512021
PT [2 0 776 2 1]
 P 660699 19991 1476200 58581676
PT [2 0 777 2 1]
 P 663315 19991 1476204 58653856
PT [2 0 778 2 1]
 P 663315 19991 1479594 58726036
PT [2 0 779 2 1]
 P 666143 19991 1479602 58798216
PT [2 0 780 2 1]
EMPTY QUEUE
 P 666667 19991 1483001 58871257
PT [2 0 781 2 1]
 P 666667 19991 1486391 58942576
PT [2 0 782 2 1]
 P 667918 19991 1486395 59014756
PT [2 0 783 2 1]
 P 667918 19991 1489785 59086936
PT [2 0 784 2 1]
 P 668811 19991 1489794 59159116
PT [2 0 785 2 1]
EMPTY QUEUE
 P 669399 19991 1493193 59234205
PT [2 0 786 2 1]
 P 669399 19991 1496583 59303476
PT [2 0 787 2 1]
 P 670871 19991 1496586 59375656
PT [2 0 788 2 1]
 P 670871 19991 1499976 59447836
PT [2 0 789 2 1]
 P 673571 19991 1499984 59520016
PT [2 0 790 2 1]
EMPTY QUEUE
 P 674161 19991 1503382 59594530
PT [2 0 791 2 1]
 P 674161 19991 1506772 59664376
PT [2 0 792 2 1]
 P 674810 19991 1506775 59736556
PT [2 0 793 2 1]
 P 674810 19991 1510165 59808736
PT [2 0 794 2 1]
 P 676499 19991 1510174 59880916
PT [2 0 795 2 1]
EMPTY QUEUE
 P 677087 19991 1513573 59954341
PT [2 0 796 2 1]
 P 677087 19991 1516963 60025276
PT [2 0 797 2 1]
 P 679292 19991 1516966 60097456
PT [2 0 798 2 1]
 P 679292 19991 1520356 60169636
PT [2 0 799 2 1]
 P 680590 19991 1520365 60241816
PT [2 0 800 2 1]
EMPTY QUEUE
 P 681180 19991 1523763 60315691
PT [2 0 801 4 1]
 P 681180 19991 1527153 60386176
PT [2 0 802 4 1]
 P 682340 19991 1527156 60458356
PT [2 0 803 4 1]
 P 683869 19991 1527159 60530536
PT [2 0 804 4 1]
 P 685717 19991 1527168 60602716
PT [2 0 805 4 1]
EMPTY QUEUE
 P 686305 19991 1530567 60676525
PT [2 0 806 2 1]
 P 686305 19991 1533957 60747076
PT [2 0 807 2 1]
 P 686305 19991 1537347 60819256
PT [2 0 808 2 1]
 P 688796 19991 1537351 60891436
PT [2 0 809 2 1]
 P 690094 19991 1537360 60963616
PT [2 0 810 2 1]
EMPTY QUEUE
 P 690683 19991 1540758 61036849
PT [2 0 811 2 1]
 P 690683 19991 1544148 61107976
PT [2 0 812 2 1]
 P 690683 19991 1547538 61180156
PT [2 0 813 2 1]
 P 692892 19991 1547541 61252336
PT [2 0 814 2 1]
 P 694040 19991 1547549 61324516
PT [2 0 815 2 1]
EMPTY QUEUE
 P 694565 19991 1550947 61398645
PT [2 0 816 2 1]
 P 694565 19991 1554337 61468876
PT [2 0 817 2 1]
 P 694565 19991 1557727 61541056
PT [2 0 818 2 1]
 P 695615 19991 1557730 61613236
PT [2 0 819 2 1]
 P 697933 19991 1557738 61685416
PT [2 0 820 2 1]
EMPTY QUEUE
 P 698554 19991 1561136 61760090
PT [2 0 821 2 1]
 P 698554 19991 1564526 61829776
PT [2 0 822 2 1]
 P 698554 19991 1567916 61901956
PT [2 0 823 2 1]
 P 699354 19991 1567919 61974136
PT [2 0 824 2 1]
 P 701521 19991 1567927 62046316
PT [2 0 825 2 1]
EMPTY QUEUE
 P 702142 19991 1571325 62120926
PT [2 0 826 2 1]
 P 702142 19991 1574715 62190676
PT [2 0 827 2 1]
 P 702142 19991 1578105 62262856
PT [2 0 828 2 1]
 P 704595 19991 1578108 62335036
PT [2 0 829 2 1]
 P 705989 19991 1578116 62407216
PT [2 0 830 2 1]
EMPTY QUEUE
 P 706482 19991 1581514 62481122
PT [2 0 831 3 1]
 P 706482 19991 1584904 62551576
PT [2 0 832 3 1]
 P 706482 19991 1588294 62623756
PT [2 0 833 3 1]
 P 708526 19991 1588297 62695936
PT [2 0 834 3 1]
 P 710788 19991 1588306 62768116
PT [2 0 835 3 1]
EMPTY QUEUE
 P 711281 19991 1591704 62842982
PT [2 0 836 2 1]
 P 711281 19991 1595095 62912476
PT [2 0 837 2 1]
 P 711281 19991 1598485 62984656
PT [2 0 838 2 1]
 P 713100 19991 1598488 63056836
PT [2 0 839 2 1]
 P 715226 19991 1598497 63129016
PT [2 0 840 2 1]
EMPTY QUEUE
 P 715750 19991 1601895 63202313
PT [2 0 841 3 1]
 P 715750 19991 1605285 63273376
PT [2 0 842 3 1]
 P 715750 19991 1608675 63345556
PT [2 0 843 3 1]
 P 717669 19991 1608678 63417736
PT [2 0 844 3 1]
 P 720186 19991 1608686 63489916
PT [2 0 845 3 1]
EMPTY QUEUE
 P 720742 19991 1612084 63563181
PT [2 0 846 3 1]
 P 720742 19991 1615474 63634276
PT [2 0 847 3 1]
 P 720742 19991 1618864 63706456
PT [2 0 848 3 1]
 P 722625 19991 1618867 63778636
PT [2 0 849 3 1]
 P 723892 19991 1618876 63850816
PT [2 0 850 3 1]
EMPTY QUEUE
 P 724480 19991 1622274 63925585
PT [2 0 851 3 1]
 P 724480 19991 1625664 63995176
PT [2 0 852 3 1]
 P 724480 19991 1629054 64067356
PT [2 0 853 3 1]
 P 725349 19991 1629058 64139536
PT [2 0 854 3 1]
 P 726429 19991 1629061 64211716
PT [2 0 855 3 1]
EMPTY QUEUE
 P 727771 19991 1629077 64285333
PT [2 0 856 3 1]
 P 727771 19991 1632467 64356076
PT [2 0 857 3 1]
 P 727771 19991 1635857 64428256
PT [2 0 858 3 1]
 P 727771 19991 1639247 64500436
PT [2 0 859 3 1]
 P 728923 19991 1639251 64572616
PT [2 0 860 3 1]
EMPTY QUEUE
 P 730704 19991 1641832 64648790
PT [2 0 861 3 1]
EMPTY QUEUE
 P 731196 19991 1645230 64719245
PT [2 0 862 3 1]
 P 731196 19991 1648620 64789156
PT [2 0 863 3 1]
 P 731196 19991 1652010 64861336
PT [2 0 864 3 1]
 P 732895 19991 1652014 64933516
PT [2 0 865 3 1]
 P 734202 19991 1652022 65005696
PT [2 0 866 3 1]
EMPTY QUEUE
 P 734822 19991 1655420 65080465
PT [2 0 867 3 1]
 P 734822 19991 1658810 65150056
PT [2 0 868 3 1]
 P 734822 19991 1662200 65222236
PT [2 0 869 3 1]
 P 734822 19991 1665590 65294416
PT [2 0 870 3 1]
 P 735964 19991 1665593 65366596
PT [2 0 871 3 1]
EMPTY QUEUE
 P 737426 19991 1665610 65441015
PT [2 0 872 3 1]
 P 737426 19991 1669000 65510956
PT [2 0 873 3 1]
 P 737426 19991 1672390 65583136
PT [2 0 874 3 1]
 P 737426 19991 1675780 65655316
PT [2 0 875 3 1]
 P 738509 19991 1675784 65727496
PT [2 0 876 3 1]
EMPTY QUEUE
 P 740774 19991 1675801 65801113
PT [2 0 877 3 1]
 P 740774 19991 1679191 65871856
PT [2 0 878 3 1]
 P 740774 19991 1682581 65944036
PT [2 0 879 3 1]
 P 740774 19991 1685971 66016216
PT [2 0 880 3 1]
 P 742535 19991 1685974 66088396
PT [2 0 881 3 1]
EMPTY QUEUE
 P 744519 19991 1685992 66162719
PT [2 0 882 3 1]
 P 744519 19991 1689382 66232756
PT [2 0 883 3 1]
 P 744519 19991 1692772 66304936
PT [2 0 884 3 1]
 P 744519 19991 1696162 66377116
PT [2 0 885 3 1]
 P 746700 19991 1696165 66449296
PT [2 0 886 3 1]
EMPTY QUEUE
 P 749934 19991 1696182 66523682
PT [2 0 887 3 1]
 P 749934 19991 1699572 66593656
PT [2 0 888 3 1]
 P 749934 19991 1702962 66665836
PT [2 0 889 3 1]
 P 749934 19991 1706352 66738016
PT [2 0 890 3 1]
 P 751029 19991 1706355 66810196
PT [2 0 891 3 1]
EMPTY QUEUE
 P 753173 19991 1706372 66884391
PT [2 0 892 4 1]
 P 753173 19991 1709762 66954556
PT [2 0 893 4 1]
 P 753173 19991 1713152 67026736
PT [2 0 894 4 1]
 P 753173 19991 1716542 67098916
PT [2 0 895 4 1]
 P 754274 19991 1716545 67171096
PT [2 0 896 4 1]
EMPTY QUEUE
 P 755850 19991 1716563 67244393
PT [2 0 897 3 1]
 P 755850 19991 1719953 67315456
PT [2 0 898 3 1]
 P 755850 19991 1723343 67387636
PT [2 0 899 3 1]
 P 755850 19991 1726733 67459816
PT [2 0 900 3 1]
 P 757169 19991 1726736 67531996
PT [2 0 901 3 1]
EMPTY QUEUE
 P 759215 19991 1726753 67605997
PT [2 0 902 3 1]
 P 759215 19991 1730143 67676356
PT [2 0 903 3 1]
 P 759215 19991 1733533 67748536
PT [2 0 904 3 1]
 P 759215 19991 1736923 67820716
PT [2 0 905 3 1]
 P 761241 19991 1736926 67892896
PT [2 0 906 3 1]
EMPTY QUEUE
 P 764028 19991 1736943 67967089
PT [2 0 907 3 1]
 P 764028 19991 1740333 68037256
PT [2 0 908 3 1]
 P 764028 19991 1743723 68109436
PT [2 0 909 3 1]
 P 764028 19991 1747113 68181616
PT [2 0 910 3 1]
 P 764777 19991 1747116 68253796
PT [2 0 911 3 1]
EMPTY QUEUE
 P 766791 19991 1747133 68327669
PT [2 0 912 3 1]
 P 766791 19991 1750523 68398156
PT [2 0 913 3 1]
 P 766791 19991 1753913 68470336
PT [2 0 914 3 1]
 P 766791 19991 1757303 68542516
PT [2 0 915 3 1]
 P 768118 19991 1757307 68614696
PT [2 0 916 3 1]
EMPTY QUEUE
 P 771319 19991 1757324 68689753
PT [2 0 917 3 1]
 P 771319 19991 1760714 68759056
PT [2 0 918 3 1]
 P 771319 19991 1764104 68831236
PT [2 0 919 3 1]
 P 771319 19991 1767494 68903416
PT [2 0 920 3 1]
 P 772291 19991 1767497 68975596
PT [2 0 921 3 1]
EMPTY QUEUE
 P 775397 19991 1767515 69050045
PT [2 0 922 3 1]
 P 776270 19991 1767524 69119956
PT [2 0 923 3 1]
 P 776270 19991 1770914 69192136
PT [2 0 924 3 1]
 P 776270 19991 1774304 69264316
PT [2 0 925 3 1]
 P 777057 19991 1774307 69336496
PT [2 0 926 3 1]
EMPTY QUEUE
 P 777613 19991 1777706 69411201
PT [2 0 927 3 1]
 P 779259 19991 1777715 69480856
PT [2 0 928 3 1]
 P 779259 19991 1781105 69553036
PT [2 0 929 3 1]
 P 779259 19991 1784495 69625216
PT [2 0 930 3 1]
 P 781220 19991 1784499 69697396
PT [2 0 931 3 1]
EMPTY QUEUE
 P 781809 19991 1787898 69771814
PT [2 0 932 4 1]
 P 783172 19991 1787906 69841756
PT [2 0 933 4 1]
 P 784045 19991 1787914 69913936
PT [2 0 934 4 1]
 P 784045 19991 1791304 69986116
PT [2 0 935 4 1]
 P 784611 19991 1791307 70058296
PT [2 0 936 4 1]
EMPTY QUEUE
 P 785135 19991 1794706 70132425
PT [2 0 937 3 1]
 P 785135 19991 1798096 70202656
PT [2 0 938 3 1]
 P 786781 19991 1798104 70274836
PT [2 0 939 3 1]
 P 786781 19991 1801494 70347016
PT [2 0 940 3 1]
 P 787438 19991 1801498 70419196
PT [2 0 941 3 1]
EMPTY QUEUE
 P 787930 19991 1804897 70493741
PT [2 0 942 3 1]
 P 787930 19991 1808287 70563556
PT [2 0 943 3 1]
 P 789292 19991 1808295 70635736
PT [2 0 944 3 1]
 P 789292 19991 1811685 70707916
PT [2 0 945 3 1]
 P 791007 19991 1811688 70780096
PT [2 0 946 3 1]
EMPTY QUEUE
 P 791595 19991 1815087 70854673
PT [2 0 947 3 1]
 P 791595 19991 1818477 70924456
PT [2 0 948 3 1]
 P 794335 19991 1818485 70996636
PT [2 0 949 3 1]
 P 794335 19991 1821875 71068816
PT [2 0 950 3 1]
 P 795822 19991 1821879 71140996
PT [2 0 951 3 1]
EMPTY QUEUE
 P 796346 19991 1825278 71214933
PT [2 0 952 6 1]
 P 796346 19991 1828668 71285356
PT [2 0 953 6 1]
 P 797867 19991 1828676 71357536
PT [2 0 954 6 1]
 P 797867 19991 1832066 71429716
PT [2 0 955 6 1]
 P 800411 19991 1832069 71501896
PT [2 0 956 6 1]
EMPTY QUEUE
 P 800999 19991 1835469 71576858
PT [2 0 957 6 1]
 P 800999 19991 1838859 71646256
PT [2 0 958 6 1]
 P 802020 19991 1838867 71718436
PT [2 0 959 6 1]
 P 802020 19991 1842257 71790616
PT [2 0 960 6 1]
 P 803001 19991 1842260 71862796
PT [2 0 961 6 1]
EMPTY QUEUE
 P 803525 19991 1845659 71936093
PT [2 0 962 6 1]
 P 803525 19991 1849049 72007156
PT [2 0 963 6 1]
 P 805015 19991 1849058 72079336
PT [2 0 964 6 1]
 P 805015 19991 1852449 72151516
PT [2 0 965 6 1]
 P 806637 19991 1852452 72223696
PT [2 0 966 6 1]
EMPTY QUEUE
 P 807227 19991 1855850 72296994
PT [2 0 967 6 1]
 P 807227 19991 1859240 72368056
PT [2 0 968 6 1]
 P 809458 19991 1859249 72440236
PT [2 0 969 6 1]
 P 809458 19991 1862639 72512416
PT [2 0 970 6 1]
 P 810153 19991 1862642 72584596
PT [2 0 971 6 1]
EMPTY QUEUE
 P 810741 19991 1866041 72659365
PT [2 0 972 6 1]
 P 810741 19991 1869431 72728956
PT [2 0 973 6 1]
 P 812200 19991 1869440 72801136
PT [2 0 974 6 1]
 P 812200 19991 1872830 72873316
PT [2 0 975 6 1]
 P 814079 19991 1872833 72945496
PT [2 0 976 6 1]
EMPTY QUEUE
 P 814571 19991 1876232 73019081
PT [2 0 977 6 1]
 P 814571 19991 1879622 73089856
PT [2 0 978 6 1]
 P 817248 19991 1879631 73162036
PT [2 0 979 6 1]
 P 817248 19991 1883021 73234216
PT [2 0 980 6 1]
 P 818964 19991 1883024 73306396
PT [2 0 981 6 1]
EMPTY QUEUE
 P 819584 19991 1886423 73380557
PT [2 0 982 6 1]
 P 819584 19991 1889813 73450756
PT [2 0 983 6 1]
 P 822253 19991 1889821 73522936
PT [2 0 984 6 1]
 P 822253 19991 1893211 73595116
PT [2 0 985 6 1]
 P 824102 19991 1893214 73667296
PT [2 0 986 6 1]
EMPTY QUEUE
 P 824690 19991 1896613 73741361
PT [2 0 987 6 1]
 P 824690 19991 1900003 73811656
PT [2 0 988 6 1]
 P 827463 19991 1900011 73883836
PT [2 0 989 6 1]
 P 827463 19991 1903401 73956016
PT [2 0 990 6 1]
 P 828737 19991 1903404 74028196
PT [2 0 991 6 1]
EMPTY QUEUE
 P 829262 19991 1906802 74101621
PT [2 0 992 6 1]
 P 829262 19991 1910192 74172556
PT [2 0 993 6 1]
 P 830179 19991 1910201 74244736
PT [2 0 994 6 1]
 P 830179 19991 1913591 74316916
PT [2 0 995 6 1]
 P 831013 19991 1913594 74389096
PT [2 0 996 6 1]
EMPTY QUEUE
 P 831537 19991 1916993 74463481
PT [2 0 997 6 1]
 P 831537 19991 1920383 74533456
PT [2 0 998 6 1]
 P 833291 19991 1920392 74605636
PT [2 0 999 6 1]
 P 833291 19991 1923782 74677816
PT [2 0 1000 6 1]
 P 834660 19991 1923785 74749996
PT [2 0 1001 6 1]
EMPTY QUEUE
 P 835153 19991 1927183 74824797
PT [2 0 1002 6 1]
 P 835153 19991 1930573 74894356
PT [2 0 1003 6 1]
 P 837471 19991 1930583 74966536
PT [2 0 1004 6 1]
 P 837471 19991 1933973 75038716
PT [2 0 1005 6 1]
 P 839897 19991 1933976 75110896
PT [2 0 1006 6 1]
EMPTY QUEUE
 P 840455 19991 1937374 75185699
PT [2 0 1007 6 1]
 P 840455 19991 1940764 75255256
PT [2 0 1008 6 1]
 P 843132 19991 1940772 75327436
PT [2 0 1009 6 1]
 P 843132 19991 1944162 75399616
PT [2 0 1010 6 1]
 P 843132 19991 1947552 75471796
PT [2 0 1011 6 1]
 P 844300 19991 1947556 75543976
PT [2 0 1012 6 1]
EMPTY QUEUE
 P 844857 19991 1950954 75618202
PT [2 0 1013 6 1]
 P 847050 19991 1950962 75688336
PT [2 0 1014 6 1]
 P 847050 19991 1954352 75760516
PT [2 0 1015 6 1]
 P 847050 19991 1957742 75832696
PT [2 0 1016 6 1]
 P 848160 19991 1957745 75904876
PT [2 0 1017 6 1]
EMPTY QUEUE
 P 848749 19991 1961143 75978046
PT [2 0 1018 6 1]
 P 849962 19991 1961151 76049236
PT [2 0 1019 6 1]
 P 849962 19991 1964541 76121416
PT [2 0 1020 6 1]
 P 849962 19991 1967931 76193596
PT [2 0 1021 6 1]
 P 851749 19991 1967934 76265776
PT [2 0 1022 6 1]
EMPTY QUEUE
 P 852306 19991 1971332 76339362
PT [2 0 1023 6 1]
 P 854974 19991 1971341 76410136
PT [2 0 1024 6 1]
 P 854974 19991 1974731 76482316
PT [2 0 1025 6 1]
 P 854974 19991 1978121 76554496
PT [2 0 1026 6 1]
 P 857180 19991 1978125 76626676
PT [2 0 1027 6 1]
EMPTY QUEUE
 P 857769 19991 1981523 76700230
PT [2 0 1028 7 1]
 P 859522 19991 1981531 76771036
PT [2 0 1029 7 1]
 P 859522 19991 1984921 76843216
PT [2 0 1030 7 1]
 P 859522 19991 1988311 76915396
PT [2 0 1031 7 1]
 P 860642 19991 1988314 76987576
PT [2 0 1032 7 1]
EMPTY QUEUE
 P 861167 19991 1991712 77062538
PT [2 0 1033 6 1]
 P 862976 19991 1991721 77131936
PT [2 0 1034 6 1]
 P 862976 19991 1995111 77204116
PT [2 0 1035 6 1]
 P 862976 19991 1998501 77276296
PT [2 0 1036 6 1]
 P 864102 19991 1998505 77348476
PT [2 0 1037 6 1]
EMPTY QUEUE
 P 864659 19991 2001903 77422382
PT [2 0 1038 7 1]
 P 866222 19991 2001911 77492836
PT [2 0 1039 7 1]
 P 866222 19991 2005301 77565016
PT [2 0 1040 7 1]
 P 866222 19991 2008691 77637196
PT [2 0 1041 7 1]
 P 867567 19991 2008694 77709376
PT [2 0 1042 7 1]
EMPTY QUEUE
 P 867636 19991 2014656 77785806
PT [2 0 1043 7 1]
EMPTY QUEUE
 P 869651 19991 2014674 77855655
PT [2 0 1044 6 1]
 P 869651 19991 2018064 77925916
PT [2 0 1045 6 1]
 P 869651 19991 2021454 77998096
PT [2 0 1046 6 1]
 P 871702 19991 2021457 78070276
PT [2 0 1047 6 1]
 P 871702 19991 2024847 78142456
PT [2 0 1048 6 1]
EMPTY QUEUE
 P 873470 19991 2024863 78217129
PT [2 0 1049 7 1]
 P 873470 19991 2028253 78286816
PT [2 0 1050 7 1]
 P 873470 19991 2031643 78358996
PT [2 0 1051 7 1]
 P 874243 19991 2031646 78431176
PT [2 0 1052 7 1]
 P 874243 19991 2035036 78503356
PT [2 0 1053 7 1]
EMPTY QUEUE
 P 877086 19991 2035052 78577933
PT [2 0 1054 7 1]
