using saved target 'z1'
../../../../contiki/tools/sky/serialdump-linux -b115200 /dev/ttyUSB3
connecting to /dev/ttyUSB3 (115200) [OK]
Rime started with address 4.0
MAC 04:00:00:00:00:00:00:00 Ref ID: 4841
Contiki-3.x-2125-g5d67a61 started. Node id is set to 4.

************************************************
RTIMER_SECOND = 32768. F_CPU=8000000.
CLOCK_SECOND=128.
DURSLOT = 6015.(0.1835 s).
DURSLEEP = 66165.
DURCYCLE = 72180 .(2.2027 s).
MAX_CLOCK_DRIFT = WAKEUP_ADVANCE_TIME = 327 (0.0033 s).
PERIODIC_BCAST_CYCLES_SENSOR = 655363.
PERIODIC_BCAST_CYCLES_SINK = 655363.
MAX_CYCLE_COUNTER = 27904.
MAX_COUNT_NO_RTS_CTS = 65535.
MAX_CHILD_NUM = 10.
MAX_TRY_TO_FIND_PARENT = 3.

**********Below is Related Settings**********
PRIMAC_CONF_COMPOWER = 1.
PRIMAC_CONF_COMPOWER_SUPPORT = 1.
SF = 10.
PRI_SYNC_SUPPORT = 1.
RANDOM_DRIFT_IN_COOJA_SUPPORT = 0.
ADCSC_SUPPORT = 1.
DATA_TX_SUPPORT = 1.
CYCLES_PER_PACKET = 5.
DATA_INTERVAL = 5.
RETX_LIMIT = 6.
TOTAL_DATA_NUM = 0.
MAX_DATA_QUEUE_BUFS = 10.
PROC_GRADE_BASED_ON_ADDR_SUPPORT = 1.
NODES_NUM_PER_GRADE = 2.
ADDRESS_FREE_SUPPORT = 0.
IS_COOJA_SIM = 0.
CROSS_PLATFORM_SUPPORT = 1.
************************************************

My address is 4.0.
nullmac PRIMAC, channel check rate 8 Hz, radio channel 26
Starting
Hello, world
 P 0 0 0 1788122
 P 0 0 3452 1862228
 P 0 0 6842 1932482
 P 0 0 10232 2004662
 P 0 0 13622 2076842
 P 0 0 17012 2149022
EMPTY QUEUE
 P 365 0 20411 2223376
PT [2 0 1 -2 1]
 P 365 0 23801 2293382
PT [2 0 2 -2 1]
 P 365 0 27191 2365562
PT [2 0 3 -2 1]
 P 365 0 30581 2437742
PT [2 0 4 -2 1]
 P 3117 0 31219 2509922
PT [2 0 5 -2 1]
EMPTY QUEUE
 P 6157 0 32198 2583539
PT [2 0 6 -2 1]
 P 6157 0 35588 2654282
PT [2 0 7 -2 1]
 P 6157 0 38978 2726462
PT [2 0 8 -2 1]
 P 6157 0 42368 2798642
PT [2 0 9 -2 1]
rcv bro rts
 P 7206 0 42408 2870822
PT [2 0 10 -2 1]
 P 8490 0 42412 2943002
PT [2 0 11 -2 1]
EMPTY QUEUE
 P 9110 0 45811 3017323
PT [2 0 12 -2 1]
 P 9110 0 49201 3087362
PT [2 0 13 -2 1]
 P 9110 0 52591 3159542
PT [2 0 14 -2 1]
 P 10517 0 52599 3231722
PT [2 0 15 -2 1]
 P 11902 0 52603 3303902
PT [2 0 16 -2 1]
EMPTY QUEUE
 P 12459 0 56001 3378351
PT [2 0 17 -2 1]
 P 12459 0 59391 3448262
PT [2 0 18 -2 1]
 P 12459 0 62781 3520442
PT [2 0 19 -2 1]
 P 14746 0 62789 3592622
PT [2 0 20 -2 1]
 P 16999 0 62792 3664802
PT [2 0 21 -2 1]
EMPTY QUEUE
 P 17010 0 66184 3738380
PT [2 0 22 -2 1]
EMPTY QUEUE
 P 17284 0 69579 3811210
PT [2 0 23 -2 1]
EMPTY QUEUE
 P 17841 0 72977 3883675
PT [2 0 24 -2 1]
 P 19244 0 72986 3953522
PT [2 0 25 -2 1]
 P 20101 0 72989 4025702
PT [2 0 26 -2 1]
 P 20101 0 76379 4097882
PT [2 0 27 -2 1]
 P 20101 0 79769 4170062
PT [2 0 28 -2 1]
EMPTY QUEUE
 P 20658 0 83167 4244767
PT [2 0 29 -2 1]
 P 23389 0 83175 4314422
PT [2 0 30 -2 1]
 P 24944 0 83178 4386602
PT [2 0 31 -2 1]
 P 24944 0 86568 4458782
PT [2 0 32 -2 1]
 P 24944 0 89958 4530962
PT [2 0 33 -2 1]
EMPTY QUEUE
 P 25501 0 93356 4605347
PT [2 0 34 -2 1]
 P 28114 0 93365 4675322
PT [2 0 35 -2 1]
 P 28114 0 96755 4747502
PT [2 0 36 -2 1]
 P 29375 0 96759 4819682
PT [2 0 37 -2 1]
 P 29375 0 100149 4891862
PT [2 0 38 -2 1]
EMPTY QUEUE
 P 29900 0 103547 4965383
PT [2 0 39 -2 1]
 P 32728 0 103555 5036222
PT [2 0 40 -2 1]
 P 32728 0 106945 5108402
PT [2 0 41 -2 1]
 P 34062 0 106948 5180582
PT [2 0 42 -2 1]
 P 34062 0 110338 5252762
PT [2 0 43 -2 1]
EMPTY QUEUE
 P 34555 0 113736 5326955
PT [2 0 44 -2 1]
 P 35417 0 113745 5397122
PT [2 0 45 -2 1]
 P 35417 0 117135 5469302
PT [2 0 46 -2 1]
 P 37298 0 117138 5541482
PT [2 0 47 -2 1]
 P 37298 0 120528 5613662
PT [2 0 48 -2 1]
EMPTY QUEUE
 P 37856 0 123926 5688113
PT [2 0 49 -1 1]
 P 39664 0 123934 5758022
PT [2 0 50 -1 1]
 P 39664 0 127324 5830202
PT [2 0 51 -1 1]
 P 42083 0 127327 5902382
PT [2 0 52 -1 1]
 P 42083 0 130717 5974562
PT [2 0 53 -1 1]
EMPTY QUEUE
 P 42671 0 134115 6048723
PT [2 0 54 -1 1]
 P 44933 0 134124 6118922
PT [2 0 55 -1 1]
 P 44933 0 137514 6191102
PT [2 0 56 -1 1]
 P 46147 0 137517 6263282
PT [2 0 57 -1 1]
 P 46147 0 140907 6335462
PT [2 0 58 -1 1]
EMPTY QUEUE
 P 46672 0 144305 6408727
PT [2 0 59 -2 1]
 P 49404 0 144313 6479822
PT [2 0 60 -2 1]
 P 49404 0 147703 6552002
PT [2 0 61 -2 1]
 P 50744 0 147706 6624182
PT [2 0 62 -2 1]
 P 50744 0 151096 6696362
PT [2 0 63 -2 1]
EMPTY QUEUE
 P 51236 0 154494 6770298
PT [2 0 64 -2 1]
 P 53371 0 154502 6840722
PT [2 0 65 -2 1]
 P 53371 0 157892 6912902
PT [2 0 66 -2 1]
 P 54811 0 157895 6985082
PT [2 0 67 -2 1]
 P 54811 0 161285 7057262
PT [2 0 68 -2 1]
EMPTY QUEUE
 P 55399 0 164683 7131487
PT [2 0 69 -1 1]
 P 56611 0 164692 7201622
PT [2 0 70 -1 1]
 P 57484 0 164700 7273802
PT [2 0 71 -1 1]
 P 59747 0 164703 7345982
PT [2 0 72 -1 1]
 P 59747 0 168093 7418162
PT [2 0 73 -1 1]
EMPTY QUEUE
 P 60271 0 171491 7492291
PT [2 0 74 -1 1]
 P 60271 0 174881 7562522
PT [2 0 75 -1 1]
 P 61917 0 174889 7634702
PT [2 0 76 -1 1]
 P 62784 0 174892 7706882
PT [2 0 77 -1 1]
 P 62784 0 178282 7779062
PT [2 0 78 -1 1]
EMPTY QUEUE
 P 63276 0 181681 7853608
PT [2 0 79 -1 1]
 P 63276 0 185071 7923422
PT [2 0 80 -1 1]
 P 64639 0 185079 7995602
PT [2 0 81 -1 1]
 P 66203 0 185082 8067782
PT [2 0 82 -1 1]
 P 66203 0 188472 8139962
PT [2 0 83 -1 1]
EMPTY QUEUE
 P 66791 0 191870 8214539
PT [2 0 84 -1 1]
 P 66791 0 195260 8284322
PT [2 0 85 -1 1]
 P 69531 0 195269 8356502
PT [2 0 86 -1 1]
 P 70623 0 195272 8428682
PT [2 0 87 -1 1]
 P 70623 0 198662 8500862
PT [2 0 88 -1 1]
EMPTY QUEUE
 P 71243 0 202060 8574895
PT [2 0 89 -1 1]
 P 71243 0 205450 8645222
PT [2 0 90 -1 1]
 P 72764 0 205458 8717402
PT [2 0 91 -1 1]
 P 73789 0 205461 8789582
PT [2 0 92 -1 1]
 P 73789 0 208851 8861762
PT [2 0 93 -1 1]
EMPTY QUEUE
 P 74315 0 212249 8936661
PT [2 0 94 -1 1]
 P 74315 0 215639 9006122
PT [2 0 95 -1 1]
 P 75335 0 215647 9078302
PT [2 0 96 -1 1]
 P 77417 0 215650 9150482
PT [2 0 97 -1 1]
 P 77417 0 219040 9222662
PT [2 0 98 -1 1]
EMPTY QUEUE
 P 78005 0 222438 9296023
PT [2 0 99 -1 1]
 P 78005 0 225828 9367022
PT [2 0 100 -1 1]
 P 79496 0 225836 9439202
PT [2 0 101 -1 1]
 P 80299 0 225839 9511382
PT [2 0 102 -1 1]
 P 80299 0 229229 9583562
PT [2 0 103 -1 1]
EMPTY QUEUE
 P 80365 0 232621 9656330
PT [2 0 104 -1 1]
EMPTY QUEUE
 P 80857 0 236019 9730191
PT [2 0 105 -1 1]
 P 83088 0 236028 9800102
PT [2 0 106 -1 1]
 P 83866 0 236031 9872282
PT [2 0 107 -1 1]
 P 83866 0 239421 9944462
PT [2 0 108 -1 1]
 P 83866 0 242811 10016642
PT [2 0 109 -1 1]
EMPTY QUEUE
 P 84422 0 246209 10091347
PT [2 0 110 -1 1]
 P 85880 0 246217 10161002
PT [2 0 111 -1 1]
 P 87831 0 246220 10233182
PT [2 0 112 -1 1]
 P 87831 0 249610 10305362
PT [2 0 113 -1 1]
 P 87831 0 253000 10377542
PT [2 0 114 -1 1]
EMPTY QUEUE
 P 88419 0 256398 10451959
PT [2 0 115 -1 1]
 P 91097 0 256406 10521902
PT [2 0 116 -1 1]
 P 92703 0 256410 10594082
PT [2 0 117 -1 1]
 P 92703 0 259800 10666262
PT [2 0 118 -1 1]
 P 92703 0 263190 10738442
PT [2 0 119 -1 1]
EMPTY QUEUE
 P 93323 0 266588 10812059
PT [2 0 120 -1 1]
 P 95991 0 266597 10882802
PT [2 0 121 -1 1]
 P 98772 0 266600 10954982
PT [2 0 122 -1 1]
 P 98772 0 269990 11027162
PT [2 0 123 -1 1]
 P 98772 0 273380 11099342
PT [2 0 124 -1 1]
EMPTY QUEUE
 P 99328 0 276778 11173599
PT [2 0 125 -1 1]
 P 102100 0 276787 11243702
PT [2 0 126 -1 1]
 P 103200 0 276790 11315882
PT [2 0 127 -1 1]
 P 103200 0 280180 11388062
PT [2 0 128 -1 1]
 P 103200 0 283570 11460242
PT [2 0 129 -1 1]
EMPTY QUEUE
 P 103724 0 286968 11534659
PT [2 0 130 -1 1]
 P 104640 0 286976 11604602
PT [2 0 131 -1 1]
 P 106499 0 286979 11676782
PT [2 0 132 -1 1]
 P 106499 0 290369 11748962
PT [2 0 133 -1 1]
 P 106499 0 293759 11821142
PT [2 0 134 -1 1]
EMPTY QUEUE
 P 107119 0 297159 11895336
PT [2 0 135 -1 1]
 P 108872 0 297167 11965502
PT [2 0 136 -1 1]
 P 109686 0 297170 12037682
PT [2 0 137 -1 1]
 P 109686 0 300560 12109862
PT [2 0 138 -1 1]
 P 109686 0 303950 12182042
PT [2 0 139 -1 1]
EMPTY QUEUE
 P 109697 0 307342 12254788
PT [2 0 140 -1 1]
EMPTY QUEUE
 P 112635 0 307359 12328447
PT [2 0 141 -1 1]
 P 114751 0 307362 12398582
PT [2 0 142 -1 1]
 P 114751 0 310752 12470762
PT [2 0 143 -1 1]
 P 114751 0 314142 12542942
PT [2 0 144 -1 1]
 P 114751 0 317532 12615122
PT [2 0 145 -1 1]
EMPTY QUEUE
 P 118016 0 317549 12689763
PT [2 0 146 -1 1]
 P 119851 0 317552 12759482
PT [2 0 147 -1 1]
 P 119851 0 320942 12831662
PT [2 0 148 -1 1]
 P 119851 0 324332 12903842
PT [2 0 149 -1 1]
 P 119851 0 327722 12976022
PT [2 0 150 -1 1]
EMPTY QUEUE
 P 122630 0 327738 13050599
PT [2 0 151 -1 1]
 P 124716 0 327741 13120382
PT [2 0 152 -1 1]
 P 124716 0 331131 13192562
PT [2 0 153 -1 1]
 P 124716 0 334521 13264742
PT [2 0 154 -1 1]
 P 124716 0 337911 13336922
PT [2 0 155 -1 1]
EMPTY QUEUE
 P 126548 0 337927 13410955
PT [2 0 156 -1 1]
 P 127938 0 337931 13481282
PT [2 0 157 -1 1]
 P 127938 0 341321 13553462
PT [2 0 158 -1 1]
 P 127938 0 344711 13625642
PT [2 0 159 -1 1]
 P 127938 0 348101 13697822
PT [2 0 160 -1 1]
EMPTY QUEUE
 P 131225 0 348118 13772815
PT [2 0 161 -1 1]
 P 132294 0 348121 13842182
PT [2 0 162 -1 1]
 P 132294 0 351511 13914362
PT [2 0 163 -1 1]
 P 132294 0 354901 13986542
PT [2 0 164 -1 1]
 P 132294 0 358291 14058722
PT [2 0 165 -1 1]
EMPTY QUEUE
 P 134602 0 358307 14132051
PT [2 0 166 -1 1]
 P 136091 0 358310 14203082
PT [2 0 167 -1 1]
 P 136091 0 361700 14275262
PT [2 0 168 -1 1]
 P 136091 0 365090 14347442
PT [2 0 169 -1 1]
 P 136091 0 368480 14419622
PT [2 0 170 -1 1]
EMPTY QUEUE
 P 138488 0 368496 14492919
PT [2 0 171 -1 1]
 P 141153 0 368499 14563982
PT [2 0 172 -1 1]
 P 141153 0 371889 14636162
PT [2 0 173 -1 1]
 P 141153 0 375279 14708342
PT [2 0 174 -1 1]
 P 141153 0 378669 14780522
PT [2 0 175 -1 1]
EMPTY QUEUE
 P 143241 0 378686 14855228
PT [2 0 176 0 1]
 P 145528 0 378689 14924882
PT [2 0 177 0 1]
 P 145528 0 382079 14997062
PT [2 0 178 0 1]
 P 145528 0 385469 15069242
PT [2 0 179 0 1]
 P 145528 0 388859 15141422
PT [2 0 180 0 1]
EMPTY QUEUE
 P 147637 0 388877 15215103
PT [2 0 181 -1 1]
 P 148423 0 388880 15285782
PT [2 0 182 -1 1]
 P 148423 0 392270 15357962
PT [2 0 183 -1 1]
 P 148423 0 395660 15430142
PT [2 0 184 -1 1]
 P 148423 0 399050 15502322
PT [2 0 185 -1 1]
EMPTY QUEUE
 P 150159 0 399067 15576451
PT [2 0 186 -1 1]
 P 152830 0 399070 15646682
PT [2 0 187 -1 1]
 P 152830 0 402460 15718862
PT [2 0 188 -1 1]
 P 152830 0 405850 15791042
PT [2 0 189 -1 1]
 P 152830 0 409240 15863222
PT [2 0 190 -1 1]
EMPTY QUEUE
 P 155674 0 409257 15937287
PT [2 0 191 -1 1]
 P 157099 0 409260 16007582
PT [2 0 192 -1 1]
 P 157099 0 412650 16079762
PT [2 0 193 -1 1]
 P 157099 0 416040 16151942
PT [2 0 194 -1 1]
 P 157099 0 419430 16224122
PT [2 0 195 -1 1]
EMPTY QUEUE
 P 160364 0 419448 16297516
PT [2 0 196 -1 1]
 P 161890 0 419451 16368482
PT [2 0 197 -1 1]
 P 161890 0 422841 16440662
PT [2 0 198 -1 1]
 P 161890 0 426231 16512842
PT [2 0 199 -1 1]
 P 161890 0 429621 16585022
PT [2 0 200 -1 1]
EMPTY QUEUE
 P 163462 0 429638 16659505
PT [2 0 201 -1 1]
 P 163462 0 433028 16729382
PT [2 0 202 -1 1]
 P 164812 0 433032 16801562
PT [2 0 203 -1 1]
 P 164812 0 436422 16873742
PT [2 0 204 -1 1]
 P 164812 0 439812 16945922
PT [2 0 205 -1 1]
EMPTY QUEUE
 P 168045 0 439829 17020819
PT [2 0 206 -1 1]
 P 168045 0 443219 17090282
PT [2 0 207 -1 1]
 P 169338 0 443222 17162462
PT [2 0 208 -1 1]
 P 169338 0 446612 17234642
PT [2 0 209 -1 1]
 P 169338 0 450002 17306822
PT [2 0 210 -1 1]
EMPTY QUEUE
 P 171608 0 450019 17381592
PT [2 0 211 -1 1]
 P 171608 0 453409 17451182
PT [2 0 212 -1 1]
 P 173578 0 453412 17523362
PT [2 0 213 -1 1]
 P 173578 0 456802 17595542
PT [2 0 214 -1 1]
 P 173578 0 460192 17667722
PT [2 0 215 -1 1]
EMPTY QUEUE
 P 175345 0 460210 17741915
PT [2 0 216 -1 1]
 P 175345 0 463600 17812082
PT [2 0 217 -1 1]
 P 177734 0 463603 17884262
PT [2 0 218 -1 1]
 P 177734 0 466993 17956442
PT [2 0 219 -1 1]
 P 177734 0 470383 18028622
PT [2 0 220 -1 1]
EMPTY QUEUE
 P 180131 0 470400 18101696
PT [2 0 221 -1 1]
 P 180131 0 473790 18172982
PT [2 0 222 -1 1]
 P 181435 0 473793 18245162
PT [2 0 223 -1 1]
 P 181435 0 477183 18317342
PT [2 0 224 -1 1]
 P 181435 0 480573 18389522
PT [2 0 225 -1 1]
EMPTY QUEUE
 P 183235 0 480591 18463107
PT [2 0 226 -1 1]
 P 183235 0 483981 18533882
PT [2 0 227 -1 1]
 P 184544 0 483984 18606062
PT [2 0 228 -1 1]
 P 184544 0 487374 18678242
PT [2 0 229 -1 1]
 P 184544 0 490764 18750422
PT [2 0 230 -1 1]
EMPTY QUEUE
 P 186304 0 490781 18823943
PT [2 0 231 -1 1]
 P 186304 0 494171 18894782
PT [2 0 232 -1 1]
 P 187831 0 494175 18966962
PT [2 0 233 -1 1]
 P 187831 0 497565 19039142
PT [2 0 234 -1 1]
 P 187831 0 500955 19111322
PT [2 0 235 -1 1]
EMPTY QUEUE
 P 190681 0 500973 19186347
PT [2 0 236 -1 1]
 P 190681 0 504363 19255682
PT [2 0 237 -1 1]
 P 192915 0 504366 19327862
PT [2 0 238 -1 1]
 P 192915 0 507756 19400042
PT [2 0 239 -1 1]
 P 192915 0 511146 19472222
PT [2 0 240 -1 1]
EMPTY QUEUE
 P 195693 0 511163 19546127
PT [2 0 241 -1 1]
 P 195693 0 514553 19616582
PT [2 0 242 -1 1]
 P 196650 0 514556 19688762
PT [2 0 243 -1 1]
 P 196650 0 517946 19760942
PT [2 0 244 -1 1]
 P 196650 0 521336 19833122
PT [2 0 245 -1 1]
EMPTY QUEUE
 P 198576 0 521354 19907507
PT [2 0 246 -1 1]
 P 198576 0 524744 19977482
PT [2 0 247 -1 1]
 P 200111 0 524747 20049662
PT [2 0 248 -1 1]
 P 200111 0 528137 20121842
PT [2 0 249 -1 1]
 P 200111 0 531527 20194022
PT [2 0 250 -1 1]
EMPTY QUEUE
 P 202953 0 531544 20268279
PT [2 0 251 -1 1]
 P 202953 0 534934 20338382
PT [2 0 252 -1 1]
 P 204135 0 534937 20410562
PT [2 0 253 -1 1]
 P 204135 0 538327 20482742
PT [2 0 254 -1 1]
 P 204135 0 541717 20554922
PT [2 0 255 -1 1]
EMPTY QUEUE
 P 206763 0 541734 20628635
PT [2 0 256 -1 1]
 P 206763 0 545124 20699282
PT [2 0 257 -1 1]
 P 207759 0 545127 20771462
PT [2 0 258 -1 1]
 P 209857 0 545130 20843642
PT [2 0 259 -1 1]
 P 209857 0 548520 20915822
PT [2 0 260 -1 1]
EMPTY QUEUE
 P 213050 0 548537 20990559
PT [2 0 261 -1 1]
 P 213050 0 551927 21060182
PT [2 0 262 -1 1]
 P 213050 0 555317 21132362
PT [2 0 263 -1 1]
 P 213752 0 555320 21204542
PT [2 0 264 -1 1]
 P 213752 0 558710 21276722
PT [2 0 265 -1 1]
EMPTY QUEUE
 P 215487 0 558728 21349763
PT [2 0 266 -1 1]
 P 215487 0 562118 21421082
PT [2 0 267 -1 1]
 P 215487 0 565508 21493262
PT [2 0 268 -1 1]
 P 216163 0 565511 21565442
PT [2 0 269 -1 1]
 P 216163 0 568901 21637622
PT [2 0 270 -1 1]
EMPTY QUEUE
 P 218909 0 568918 21712071
PT [2 0 271 -1 1]
 P 219781 0 568927 21781982
PT [2 0 272 -1 1]
 P 219781 0 572317 21854162
PT [2 0 273 -1 1]
 P 221653 0 572320 21926342
PT [2 0 274 -1 1]
 P 221653 0 575710 21998522
PT [2 0 275 -1 1]
EMPTY QUEUE
 P 221722 0 581672 22075304
PT [2 0 276 -1 1]
EMPTY QUEUE
 P 223988 0 581690 22144927
PT [2 0 277 -1 1]
 P 223988 0 585080 22215062
PT [2 0 278 -1 1]
 P 225515 0 585083 22287242
PT [2 0 279 -1 1]
 P 225515 0 588473 22359422
PT [2 0 280 -1 1]
 P 225515 0 591863 22431602
PT [2 0 281 -1 1]
EMPTY QUEUE
 P 227500 0 591880 22506276
PT [2 0 282 -1 1]
 P 227500 0 595270 22575962
PT [2 0 283 -1 1]
 P 230202 0 595273 22648142
PT [2 0 284 -1 1]
 P 230202 0 598663 22720322
PT [2 0 285 -1 1]
 P 230202 0 602053 22792502
PT [2 0 286 -1 1]
EMPTY QUEUE
 P 233436 0 602071 22866984
PT [2 0 287 -1 1]
 P 233436 0 605461 22936862
PT [2 0 288 -1 1]
 P 234455 0 605464 23009042
PT [2 0 289 -1 1]
 P 234455 0 608854 23081222
PT [2 0 290 -1 1]
 P 234455 0 612244 23153402
PT [2 0 291 -1 1]
EMPTY QUEUE
 P 236597 0 612263 23227436
PT [2 0 292 -1 1]
 P 236597 0 615653 23297762
PT [2 0 293 -1 1]
 P 238377 0 615656 23369942
PT [2 0 294 -1 1]
 P 238377 0 619046 23442122
PT [2 0 295 -1 1]
 P 238377 0 622436 23514302
PT [2 0 296 -1 1]
EMPTY QUEUE
 P 239953 0 622454 23589231
PT [2 0 297 -1 1]
 P 239953 0 625844 23658662
PT [2 0 298 -1 1]
 P 240689 0 625847 23730842
PT [2 0 299 -1 1]
 P 240689 0 629237 23803022
PT [2 0 300 -1 1]
 P 240689 0 632627 23875202
PT [2 0 301 -1 1]
EMPTY QUEUE
 P 242735 0 632645 23948532
PT [2 0 302 -1 1]
 P 242735 0 636035 24019562
PT [2 0 303 -1 1]
 P 244772 0 636038 24091742
PT [2 0 304 -1 1]
 P 244772 0 639428 24163922
PT [2 0 305 -1 1]
 P 244772 0 642818 24236102
PT [2 0 306 -1 1]
EMPTY QUEUE
 P 247558 0 642836 24309367
PT [2 0 307 -1 1]
 P 247558 0 646226 24380462
PT [2 0 308 -1 1]
 P 249313 0 646230 24452642
PT [2 0 309 -1 1]
 P 249313 0 649620 24524822
PT [2 0 310 -1 1]
 P 249313 0 653010 24597002
PT [2 0 311 -1 1]
EMPTY QUEUE
 P 251328 0 653028 24671740
PT [2 0 312 -1 1]
 P 251328 0 656418 24741362
PT [2 0 313 -1 1]
 P 253336 0 656421 24813542
PT [2 0 314 -1 1]
 P 253336 0 659811 24885722
PT [2 0 315 -1 1]
 P 253336 0 663201 24957902
PT [2 0 316 -1 1]
EMPTY QUEUE
 P 256538 0 663219 25031519
PT [2 0 317 -1 1]
 P 256538 0 666609 25102262
PT [2 0 318 -1 1]
 P 257850 0 666612 25174442
PT [2 0 319 -1 1]
 P 257850 0 670002 25246622
PT [2 0 320 -1 1]
 P 257850 0 673392 25318802
PT [2 0 321 -1 1]
EMPTY QUEUE
 P 261011 0 673410 25392836
PT [2 0 322 -1 1]
 P 261011 0 676800 25463162
PT [2 0 323 -1 1]
 P 262001 0 676803 25535342
PT [2 0 324 -1 1]
 P 262001 0 680193 25607522
PT [2 0 325 -1 1]
 P 262001 0 683583 25679702
PT [2 0 326 -1 1]
EMPTY QUEUE
 P 265329 0 683601 25753735
PT [2 0 327 -1 1]
 P 265329 0 686991 25824062
PT [2 0 328 -1 1]
 P 266739 0 686994 25896242
PT [2 0 329 -1 1]
 P 266739 0 690384 25968422
PT [2 0 330 -1 1]
 P 266739 0 693774 26040602
PT [2 0 331 -1 1]
EMPTY QUEUE
 P 268243 0 693793 26114092
PT [2 0 332 -1 1]
 P 268243 0 697183 26184962
PT [2 0 333 -1 1]
 P 270826 0 697186 26257142
PT [2 0 334 -1 1]
 P 270826 0 700576 26329322
PT [2 0 335 -1 1]
 P 270826 0 703966 26401502
PT [2 0 336 -1 1]
EMPTY QUEUE
 P 273103 0 703983 26475887
PT [2 0 337 -1 1]
 P 273103 0 707373 26545862
PT [2 0 338 -1 1]
 P 275309 0 707377 26618042
PT [2 0 339 -1 1]
 P 275309 0 710767 26690222
PT [2 0 340 -1 1]
 P 275309 0 714157 26762402
PT [2 0 341 -1 1]
EMPTY QUEUE
 P 278120 0 714174 26837203
PT [2 0 342 -1 1]
 P 278120 0 717564 26906762
PT [2 0 343 -1 1]
 P 278827 0 717567 26978942
PT [2 0 344 -1 1]
 P 278827 0 720957 27051122
PT [2 0 345 -1 1]
 P 278827 0 724347 27123302
PT [2 0 346 -1 1]
EMPTY QUEUE
 P 282091 0 724365 27198135
PT [2 0 347 -1 1]
 P 282091 0 727755 27267662
PT [2 0 348 -1 1]
 P 284683 0 727758 27339842
PT [2 0 349 -1 1]
 P 284683 0 731148 27412022
PT [2 0 350 -1 1]
 P 284683 0 734538 27484202
PT [2 0 351 -1 1]
EMPTY QUEUE
 P 287399 0 734554 27558395
PT [2 0 352 -1 1]
 P 287399 0 737944 27628562
PT [2 0 353 -1 1]
 P 288745 0 737947 27700742
PT [2 0 354 -1 1]
 P 288745 0 741337 27772922
PT [2 0 355 -1 1]
 P 288745 0 744727 27845102
PT [2 0 356 -1 1]
EMPTY QUEUE
 P 289969 0 744738 27917688
PT [2 0 357 -1 1]
EMPTY QUEUE
 P 290558 0 748137 27991828
PT [2 0 358 -1 1]
 P 292005 0 748140 28061642
PT [2 0 359 -1 1]
 P 292005 0 751530 28133822
PT [2 0 360 -1 1]
 P 292005 0 754920 28206002
PT [2 0 361 -1 1]
 P 294673 0 754928 28278182
PT [2 0 362 -1 1]
EMPTY QUEUE
 P 295197 0 758327 28352855
PT [2 0 363 -1 1]
 P 295939 0 758330 28422542
PT [2 0 364 -1 1]
 P 295939 0 761720 28494722
PT [2 0 365 -1 1]
 P 295939 0 765110 28566902
PT [2 0 366 -1 1]
 P 297692 0 765119 28639082
PT [2 0 367 -1 1]
EMPTY QUEUE
 P 298282 0 768517 28713500
PT [2 0 368 -1 1]
 P 300463 0 768520 28783442
PT [2 0 369 -1 1]
 P 300463 0 771910 28855622
PT [2 0 370 -1 1]
 P 300463 0 775300 28927802
PT [2 0 371 -1 1]
 P 302271 0 775309 28999982
PT [2 0 372 -1 1]
EMPTY QUEUE
 P 302860 0 778707 29073567
PT [2 0 373 -1 1]
 P 304114 0 778710 29144342
PT [2 0 374 -1 1]
 P 304114 0 782100 29216522
PT [2 0 375 -1 1]
 P 304114 0 785490 29288702
PT [2 0 376 -1 1]
 P 305676 0 785498 29360882
PT [2 0 377 -1 1]
EMPTY QUEUE
 P 306234 0 788896 29435140
PT [2 0 378 -1 1]
 P 307812 0 788899 29505242
PT [2 0 379 -1 1]
 P 307812 0 792289 29577422
PT [2 0 380 -1 1]
 P 307812 0 795679 29649602
PT [2 0 381 -1 1]
 P 309334 0 795687 29721782
PT [2 0 382 -1 1]
EMPTY QUEUE
 P 309827 0 799085 29796167
PT [2 0 383 -1 1]
 P 312484 0 799088 29866142
PT [2 0 384 -1 1]
 P 312484 0 802478 29938322
PT [2 0 385 -1 1]
 P 312484 0 805868 30010502
PT [2 0 386 -1 1]
 P 313633 0 805876 30082682
PT [2 0 387 -1 1]
EMPTY QUEUE
 P 314190 0 809274 30156811
PT [2 0 388 -1 1]
 P 316566 0 809277 30227042
PT [2 0 389 -1 1]
 P 316566 0 812667 30299222
PT [2 0 390 -1 1]
 P 316566 0 816057 30371402
PT [2 0 391 -1 1]
 P 318820 0 816065 30443582
PT [2 0 392 -1 1]
EMPTY QUEUE
 P 318889 0 822027 30518956
PT [2 0 393 -1 1]
 P 320084 0 822030 30587942
PT [2 0 394 -1 1]
EMPTY QUEUE
 P 320705 0 825428 30662519
PT [2 0 395 -1 1]
 P 320705 0 828818 30732302
PT [2 0 396 -1 1]
 P 323477 0 828826 30804482
PT [2 0 397 -1 1]
 P 323477 0 832216 30876662
PT [2 0 398 -1 1]
 P 324422 0 832219 30948842
PT [2 0 399 -1 1]
EMPTY QUEUE
 P 325043 0 835617 31023611
PT [2 0 400 -1 1]
 P 325043 0 839007 31093202
PT [2 0 401 -1 1]
 P 325992 0 839015 31165382
PT [2 0 402 -1 1]
 P 325992 0 842405 31237562
PT [2 0 403 -1 1]
 P 328589 0 842408 31309742
PT [2 0 404 -1 1]
EMPTY QUEUE
 P 329082 0 845806 31384064
PT [2 0 405 0 1]
 P 329082 0 849196 31454102
PT [2 0 406 0 1]
 P 331728 0 849205 31526282
PT [2 0 407 0 1]
 P 331728 0 852595 31598462
PT [2 0 408 0 1]
 P 333916 0 852598 31670642
PT [2 0 409 0 1]
EMPTY QUEUE
 P 334536 0 855996 31744258
PT [2 0 410 -1 1]
 P 334536 0 859386 31815002
PT [2 0 411 -1 1]
 P 336280 0 859394 31887182
PT [2 0 412 -1 1]
 P 336280 0 862784 31959362
PT [2 0 413 -1 1]
 P 338242 0 862788 32031542
PT [2 0 414 -1 1]
EMPTY QUEUE
 P 338799 0 866186 32105799
PT [2 0 415 0 1]
 P 338799 0 869576 32175902
PT [2 0 416 0 1]
 P 340042 0 869584 32248082
PT [2 0 417 0 1]
 P 340042 0 872974 32320262
PT [2 0 418 0 1]
 P 342105 0 872978 32392442
PT [2 0 419 0 1]
EMPTY QUEUE
 P 342661 0 876376 32466890
PT [2 0 420 -1 1]
 P 342661 0 879766 32536802
PT [2 0 421 -1 1]
 P 344566 0 879774 32608982
PT [2 0 422 -1 1]
 P 344566 0 883164 32681162
PT [2 0 423 -1 1]
 P 346594 0 883167 32753342
PT [2 0 424 -1 1]
EMPTY QUEUE
 P 347150 0 886565 32827470
PT [2 0 425 0 1]
 P 347150 0 889955 32897702
PT [2 0 426 0 1]
 P 348396 0 889963 32969882
PT [2 0 427 0 1]
 P 348396 0 893353 33042062
PT [2 0 428 0 1]
 P 349410 0 893356 33114242
PT [2 0 429 0 1]
EMPTY QUEUE
 P 349966 0 896754 33187538
PT [2 0 430 0 1]
 P 349966 0 900144 33258602
PT [2 0 431 0 1]
 P 351169 0 900152 33330782
PT [2 0 432 0 1]
 P 351169 0 903542 33402962
PT [2 0 433 0 1]
 P 352560 0 903546 33475142
PT [2 0 434 0 1]
EMPTY QUEUE
 P 353085 0 906944 33549112
PT [2 0 435 1 1]
 P 353085 0 910334 33619502
PT [2 0 436 1 1]
 P 355348 0 910343 33691682
PT [2 0 437 1 1]
 P 355348 0 913733 33763862
PT [2 0 438 1 1]
 P 357254 0 913737 33836042
PT [2 0 439 1 1]
EMPTY QUEUE
 P 357746 0 917135 33910171
PT [2 0 440 0 1]
 P 357746 0 920525 33980402
PT [2 0 441 0 1]
 P 359968 0 920533 34052582
PT [2 0 442 0 1]
 P 359968 0 923923 34124762
PT [2 0 443 0 1]
 P 362541 0 923926 34196942
PT [2 0 444 0 1]
EMPTY QUEUE
 P 363097 0 927324 34270815
PT [2 0 445 0 1]
 P 363097 0 930714 34341302
PT [2 0 446 0 1]
 P 364436 0 930723 34413482
PT [2 0 447 0 1]
 P 364436 0 934113 34485662
PT [2 0 448 0 1]
 P 366345 0 934117 34557842
PT [2 0 449 0 1]
EMPTY QUEUE
 P 366933 0 937515 34632963
PT [2 0 450 0 1]
 P 366933 0 940905 34702202
PT [2 0 451 0 1]
 P 369251 0 940914 34774382
PT [2 0 452 0 1]
 P 369251 0 944304 34846562
PT [2 0 453 0 1]
 P 371286 0 944308 34918742
PT [2 0 454 0 1]
 P 372576 0 944311 34990922
PT [2 0 455 0 1]
EMPTY QUEUE
 P 373132 0 947709 35064667
PT [2 0 456 0 1]
 P 375204 0 947717 35135282
PT [2 0 457 0 1]
 P 375204 0 951107 35207462
PT [2 0 458 0 1]
 P 375204 0 954497 35279642
PT [2 0 459 0 1]
 P 376436 0 954500 35351822
PT [2 0 460 0 1]
EMPTY QUEUE
 P 377056 0 957898 35425823
PT [2 0 461 0 1]
 P 379628 0 957906 35496182
PT [2 0 462 0 1]
 P 379628 0 961296 35568362
PT [2 0 463 0 1]
 P 379628 0 964686 35640542
PT [2 0 464 0 1]
 P 381538 0 964689 35712722
PT [2 0 465 0 1]
EMPTY QUEUE
 P 382062 0 968087 35786307
PT [2 0 466 0 1]
 P 383273 0 968095 35857082
PT [2 0 467 0 1]
 P 383273 0 971485 35929262
PT [2 0 468 0 1]
 P 383273 0 974875 36001442
PT [2 0 469 0 1]
 P 385602 0 974878 36073622
PT [2 0 470 0 1]
EMPTY QUEUE
 P 386094 0 978276 36148391
PT [2 0 471 0 1]
 P 388348 0 978284 36217982
PT [2 0 472 0 1]
 P 388348 0 981674 36290162
PT [2 0 473 0 1]
 P 388348 0 985064 36362342
PT [2 0 474 0 1]
 P 389590 0 985068 36434522
PT [2 0 475 0 1]
EMPTY QUEUE
 P 390178 0 988466 36508043
PT [2 0 476 0 1]
 P 391326 0 988474 36578882
PT [2 0 477 0 1]
 P 391326 0 991864 36651062
PT [2 0 478 0 1]
 P 391326 0 995254 36723242
PT [2 0 479 0 1]
 P 392575 0 995257 36795422
PT [2 0 480 0 1]
EMPTY QUEUE
 P 393198 0 998655 36869170
PT [2 0 481 0 1]
 P 394942 0 998664 36939782
PT [2 0 482 0 1]
 P 394942 0 1002054 37011962
PT [2 0 483 0 1]
 P 394942 0 1005444 37084142
PT [2 0 484 0 1]
 P 396409 0 1005447 37156322
PT [2 0 485 0 1]
EMPTY QUEUE
 P 396933 0 1008845 37229651
PT [2 0 486 0 1]
 P 397762 0 1008853 37300682
PT [2 0 487 0 1]
 P 397762 0 1012243 37372862
PT [2 0 488 0 1]
 P 397762 0 1015633 37445042
PT [2 0 489 0 1]
 P 399935 0 1015636 37517222
PT [2 0 490 0 1]
EMPTY QUEUE
 P 400524 0 1019034 37591832
PT [2 0 491 0 1]
 P 402269 0 1019042 37661582
PT [2 0 492 0 1]
 P 402269 0 1022432 37733762
PT [2 0 493 0 1]
 P 402269 0 1025822 37805942
PT [2 0 494 0 1]
 P 403167 0 1025825 37878122
PT [2 0 495 0 1]
EMPTY QUEUE
 P 403723 0 1029223 37951355
PT [2 0 496 0 1]
 P 406177 0 1029232 38022482
PT [2 0 497 0 1]
 P 406177 0 1032622 38094662
PT [2 0 498 0 1]
 P 406177 0 1036012 38166842
PT [2 0 499 0 1]
 P 407654 0 1036015 38239022
PT [2 0 500 0 1]
EMPTY QUEUE
 P 408147 0 1039413 38312384
PT [2 0 501 0 1]
 P 410400 0 1039422 38383382
PT [2 0 502 0 1]
 P 410400 0 1042812 38455562
PT [2 0 503 0 1]
 P 410400 0 1046202 38527742
PT [2 0 504 0 1]
 P 411520 0 1046205 38599922
PT [2 0 505 0 1]
EMPTY QUEUE
 P 412076 0 1049603 38673027
PT [2 0 506 0 1]
 P 413702 0 1049611 38744282
PT [2 0 507 0 1]
 P 413702 0 1053001 38816462
PT [2 0 508 0 1]
 P 413702 0 1056391 38888642
PT [2 0 509 0 1]
 P 414637 0 1056394 38960822
PT [2 0 510 0 1]
EMPTY QUEUE
 P 415225 0 1059794 39035176
PT [2 0 511 0 1]
 P 417862 0 1059803 39105182
PT [2 0 512 0 1]
 P 417862 0 1063193 39177362
PT [2 0 513 0 1]
 P 417862 0 1066583 39249542
PT [2 0 514 0 1]
 P 419971 0 1066587 39321722
PT [2 0 515 0 1]
EMPTY QUEUE
 P 420591 0 1069985 39396811
PT [2 0 516 0 1]
 P 423077 0 1069993 39466082
PT [2 0 517 0 1]
 P 423894 0 1070002 39538262
PT [2 0 518 0 1]
 P 423894 0 1073392 39610442
PT [2 0 519 0 1]
 P 424607 0 1073395 39682622
PT [2 0 520 0 1]
EMPTY QUEUE
 P 425164 0 1076793 39756784
PT [2 0 521 0 1]
 P 426395 0 1076796 39826982
PT [2 0 522 0 1]
 P 428108 0 1076804 39899162
PT [2 0 523 0 1]
 P 428108 0 1080194 39971342
PT [2 0 524 0 1]
 P 428108 0 1083584 40043522
PT [2 0 525 0 1]
EMPTY QUEUE
 P 428632 0 1086982 40118099
PT [2 0 526 0 1]
 P 429803 0 1086986 40187882
PT [2 0 527 0 1]
 P 431109 0 1086995 40260062
PT [2 0 528 0 1]
 P 431109 0 1090385 40332242
PT [2 0 529 0 1]
 P 431109 0 1093775 40404422
PT [2 0 530 0 1]
EMPTY QUEUE
 P 431731 0 1097174 40479033
PT [2 0 531 1 1]
 P 433449 0 1097177 40548782
PT [2 0 532 1 1]
 P 436245 0 1097185 40620962
PT [2 0 533 1 1]
 P 436245 0 1100575 40693142
PT [2 0 534 1 1]
 P 436245 0 1103965 40765322
PT [2 0 535 1 1]
EMPTY QUEUE
 P 436865 0 1107363 40839355
PT [2 0 536 0 1]
 P 439157 0 1107367 40909682
PT [2 0 537 0 1]
 P 440623 0 1107376 40981862
PT [2 0 538 0 1]
 P 440623 0 1110766 41054042
PT [2 0 539 0 1]
 P 440623 0 1114156 41126222
PT [2 0 540 0 1]
EMPTY QUEUE
 P 441212 0 1117555 41201184
PT [2 0 541 0 1]
 P 442300 0 1117558 41270582
PT [2 0 542 0 1]
 P 443375 0 1117567 41342762
PT [2 0 543 0 1]
 P 443375 0 1120957 41414942
PT [2 0 544 0 1]
 P 443375 0 1124347 41487122
PT [2 0 545 0 1]
EMPTY QUEUE
 P 443867 0 1127745 41560387
PT [2 0 546 0 1]
 P 445078 0 1127748 41631482
PT [2 0 547 0 1]
 P 446512 0 1127757 41703662
PT [2 0 548 0 1]
 P 446512 0 1131147 41775842
PT [2 0 549 0 1]
 P 446512 0 1134537 41848022
PT [2 0 550 0 1]
EMPTY QUEUE
 P 447132 0 1137936 41921351
PT [2 0 551 0 1]
 P 448444 0 1137939 41992382
PT [2 0 552 0 1]
 P 450730 0 1137947 42064562
PT [2 0 553 0 1]
 P 450730 0 1141337 42136742
PT [2 0 554 0 1]
 P 450730 0 1144727 42208922
PT [2 0 555 0 1]
EMPTY QUEUE
 P 450799 0 1150689 42285736
PT [2 0 556 0 1]
 P 452935 0 1150692 42353282
PT [2 0 557 0 1]
EMPTY QUEUE
 P 454957 0 1150710 42427507
PT [2 0 558 0 1]
 P 454957 0 1154100 42497642
PT [2 0 559 0 1]
 P 454957 0 1157490 42569822
PT [2 0 560 0 1]
 P 454957 0 1160880 42642002
PT [2 0 561 0 1]
 P 455696 0 1160884 42714182
PT [2 0 562 0 1]
EMPTY QUEUE
 P 459047 0 1160901 42788855
PT [2 0 563 0 1]
 P 459047 0 1164291 42858542
PT [2 0 564 0 1]
 P 459047 0 1167681 42930722
PT [2 0 565 0 1]
 P 459047 0 1171071 43002902
PT [2 0 566 0 1]
 P 460485 0 1171074 43075082
PT [2 0 567 0 1]
EMPTY QUEUE
 P 463590 0 1171092 43149563
PT [2 0 568 0 1]
 P 463590 0 1174482 43219442
PT [2 0 569 0 1]
 P 463590 0 1177872 43291622
PT [2 0 570 0 1]
 P 463590 0 1181262 43363802
PT [2 0 571 0 1]
 P 464555 0 1181265 43435982
PT [2 0 572 0 1]
EMPTY QUEUE
 P 467875 0 1181282 43509887
PT [2 0 573 0 1]
 P 467875 0 1184672 43580342
PT [2 0 574 0 1]
 P 467875 0 1188062 43652522
PT [2 0 575 0 1]
 P 467875 0 1191452 43724702
PT [2 0 576 0 1]
 P 468773 0 1191455 43796882
PT [2 0 577 0 1]
EMPTY QUEUE
 P 470254 0 1191473 43871875
PT [2 0 578 0 1]
 P 470254 0 1194863 43941242
PT [2 0 579 0 1]
 P 470254 0 1198253 44013422
PT [2 0 580 0 1]
 P 470254 0 1201643 44085602
PT [2 0 581 0 1]
 P 472208 0 1201647 44157782
PT [2 0 582 0 1]
EMPTY QUEUE
 P 474605 0 1201663 44231143
PT [2 0 583 0 1]
 P 474605 0 1205053 44302142
PT [2 0 584 0 1]
 P 474605 0 1208443 44374322
PT [2 0 585 0 1]
 P 474605 0 1211833 44446502
PT [2 0 586 0 1]
 P 475282 0 1211836 44518682
PT [2 0 587 0 1]
EMPTY QUEUE
 P 478068 0 1211855 44591916
PT [2 0 588 0 1]
 P 478068 0 1215245 44663042
PT [2 0 589 0 1]
 P 478068 0 1218635 44735222
PT [2 0 590 0 1]
 P 478068 0 1222025 44807402
PT [2 0 591 0 1]
 P 478718 0 1222028 44879582
PT [2 0 592 0 1]
EMPTY QUEUE
 P 481974 0 1222045 44954287
PT [2 0 593 0 1]
 P 481974 0 1225435 45023942
PT [2 0 594 0 1]
 P 481974 0 1228825 45096122
PT [2 0 595 0 1]
 P 481974 0 1232215 45168302
PT [2 0 596 0 1]
 P 483799 0 1232218 45240482
PT [2 0 597 0 1]
EMPTY QUEUE
 P 486426 0 1232235 45314067
PT [2 0 598 0 1]
 P 486426 0 1235625 45384842
PT [2 0 599 0 1]
 P 486426 0 1239015 45457022
PT [2 0 600 0 1]
 P 486426 0 1242405 45529202
PT [2 0 601 0 1]
 P 487906 0 1242408 45601382
PT [2 0 602 0 1]
EMPTY QUEUE
 P 489729 0 1242426 45675479
PT [2 0 603 0 1]
 P 489729 0 1245816 45745742
PT [2 0 604 0 1]
 P 489729 0 1249206 45817922
PT [2 0 605 0 1]
 P 489729 0 1252596 45890102
PT [2 0 606 0 1]
 P 492384 0 1252599 45962282
PT [2 0 607 0 1]
EMPTY QUEUE
 P 495553 0 1252617 46036315
PT [2 0 608 0 1]
 P 495553 0 1256007 46106642
PT [2 0 609 0 1]
 P 495553 0 1259397 46178822
PT [2 0 610 0 1]
 P 495553 0 1262787 46251002
PT [2 0 611 0 1]
 P 496525 0 1262790 46323182
PT [2 0 612 0 1]
EMPTY QUEUE
 P 498922 0 1262808 46396671
PT [2 0 613 0 1]
 P 498922 0 1266198 46467542
PT [2 0 614 0 1]
 P 498922 0 1269588 46539722
PT [2 0 615 0 1]
 P 498922 0 1272978 46611902
PT [2 0 616 0 1]
 P 500655 0 1272981 46684082
PT [2 0 617 0 1]
EMPTY QUEUE
 P 502965 0 1272999 46758499
PT [2 0 618 0 1]
 P 502965 0 1276389 46828442
PT [2 0 619 0 1]
 P 502965 0 1279779 46900622
PT [2 0 620 0 1]
 P 502965 0 1283169 46972802
PT [2 0 621 0 1]
 P 503652 0 1283172 47044982
PT [2 0 622 0 1]
EMPTY QUEUE
 P 505857 0 1283189 47119879
PT [2 0 623 0 1]
 P 505857 0 1286579 47189342
PT [2 0 624 0 1]
 P 505857 0 1289969 47261522
PT [2 0 625 0 1]
 P 505857 0 1293359 47333702
PT [2 0 626 0 1]
 P 507847 0 1293362 47405882
PT [2 0 627 0 1]
EMPTY QUEUE
 P 509838 0 1293380 47480651
PT [2 0 628 0 1]
 P 509838 0 1296770 47550242
PT [2 0 629 0 1]
 P 509838 0 1300160 47622422
PT [2 0 630 0 1]
 P 509838 0 1303550 47694602
PT [2 0 631 0 1]
 P 511546 0 1303553 47766782
PT [2 0 632 0 1]
EMPTY QUEUE
 P 513306 0 1303570 47841008
PT [2 0 633 0 1]
 P 513306 0 1306960 47911142
PT [2 0 634 0 1]
 P 513306 0 1310350 47983322
PT [2 0 635 0 1]
 P 513306 0 1313740 48055502
PT [2 0 636 0 1]
 P 515265 0 1313744 48127682
PT [2 0 637 0 1]
EMPTY QUEUE
 P 518084 0 1313761 48200883
PT [2 0 638 0 1]
 P 518084 0 1317151 48272042
PT [2 0 639 0 1]
 P 518084 0 1320541 48344222
PT [2 0 640 0 1]
 P 518084 0 1323931 48416402
PT [2 0 641 0 1]
 P 519348 0 1323934 48488582
PT [2 0 642 0 1]
EMPTY QUEUE
 P 522700 0 1323951 48562136
PT [2 0 643 0 1]
 P 522700 0 1327341 48632942
PT [2 0 644 0 1]
 P 522700 0 1330731 48705122
PT [2 0 645 0 1]
 P 522700 0 1334121 48777302
PT [2 0 646 0 1]
 P 523642 0 1334124 48849482
PT [2 0 647 0 1]
EMPTY QUEUE
 P 525027 0 1334142 48922940
PT [2 0 648 1 1]
 P 525027 0 1337532 48993842
PT [2 0 649 1 1]
 P 525027 0 1340922 49066022
PT [2 0 650 1 1]
 P 525027 0 1344312 49138202
PT [2 0 651 1 1]
 P 526388 0 1344316 49210382
PT [2 0 652 1 1]
EMPTY QUEUE
 P 529677 0 1344334 49285408
PT [2 0 653 0 1]
 P 529677 0 1347724 49354742
PT [2 0 654 0 1]
 P 529677 0 1351114 49426922
PT [2 0 655 0 1]
 P 529677 0 1354504 49499102
PT [2 0 656 0 1]
 P 532213 0 1354507 49571282
PT [2 0 657 0 1]
EMPTY QUEUE
 P 534523 0 1354524 49645251
PT [2 0 658 0 1]
 P 534523 0 1357914 49715642
PT [2 0 659 0 1]
 P 534523 0 1361304 49787822
PT [2 0 660 0 1]
 P 534523 0 1364694 49860002
PT [2 0 661 0 1]
 P 536682 0 1364698 49932182
PT [2 0 662 0 1]
EMPTY QUEUE
 P 538505 0 1364715 50006503
PT [2 0 663 0 1]
 P 538505 0 1368105 50076542
PT [2 0 664 0 1]
 P 538505 0 1371495 50148722
PT [2 0 665 0 1]
 P 538505 0 1374885 50220902
PT [2 0 666 0 1]
 P 539166 0 1374888 50293082
PT [2 0 667 0 1]
EMPTY QUEUE
 P 541603 0 1374905 50367403
PT [2 0 668 0 1]
 P 541603 0 1378295 50437442
PT [2 0 669 0 1]
 P 541603 0 1381685 50509622
PT [2 0 670 0 1]
 P 541603 0 1385075 50581802
PT [2 0 671 0 1]
 P 544147 0 1385079 50653982
PT [2 0 672 0 1]
EMPTY QUEUE
 P 545969 0 1385098 50727663
PT [2 0 673 0 1]
 P 545969 0 1388488 50798342
PT [2 0 674 0 1]
 P 545969 0 1391878 50870522
PT [2 0 675 0 1]
 P 545969 0 1395268 50942702
PT [2 0 676 0 1]
 P 547269 0 1395271 51014882
PT [2 0 677 0 1]
EMPTY QUEUE
 P 548855 0 1395288 51089332
PT [2 0 678 0 1]
 P 549672 0 1395296 51159242
PT [2 0 679 0 1]
 P 549672 0 1398686 51231422
PT [2 0 680 0 1]
 P 549672 0 1402076 51303602
PT [2 0 681 0 1]
 P 551072 0 1402079 51375782
PT [2 0 682 0 1]
EMPTY QUEUE
 P 551565 0 1405478 51450424
PT [2 0 683 1 1]
 P 553277 0 1405486 51520142
PT [2 0 684 1 1]
 P 553277 0 1408876 51592322
PT [2 0 685 1 1]
 P 553277 0 1412266 51664502
PT [2 0 686 1 1]
 P 553972 0 1412269 51736682
PT [2 0 687 1 1]
EMPTY QUEUE
 P 554497 0 1415668 51811036
PT [2 0 688 0 1]
 P 555803 0 1415676 51881042
PT [2 0 689 0 1]
 P 555803 0 1419066 51953222
PT [2 0 690 0 1]
 P 555803 0 1422456 52025402
PT [2 0 691 0 1]
 P 557937 0 1422459 52097582
PT [2 0 692 0 1]
EMPTY QUEUE
 P 558557 0 1425858 52171199
PT [2 0 693 0 1]
 P 561352 0 1425867 52241942
PT [2 0 694 0 1]
 P 561352 0 1429257 52314122
PT [2 0 695 0 1]
 P 561352 0 1432647 52386302
PT [2 0 696 0 1]
 P 562560 0 1432650 52458482
PT [2 0 697 0 1]
EMPTY QUEUE
 P 563053 0 1436049 52532676
PT [2 0 698 0 1]
 P 564520 0 1436058 52602842
PT [2 0 699 0 1]
 P 564520 0 1439448 52675022
PT [2 0 700 0 1]
 P 564520 0 1442838 52747202
PT [2 0 701 0 1]
 P 564520 0 1446228 52819382
PT [2 0 702 0 1]
 P 565689 0 1446231 52891562
PT [2 0 703 0 1]
EMPTY QUEUE
 P 567320 0 1446249 52964891
PT [2 0 704 0 1]
 P 567320 0 1449639 53035922
PT [2 0 705 0 1]
 P 567320 0 1453029 53108102
PT [2 0 706 0 1]
 P 567320 0 1456419 53180282
PT [2 0 707 0 1]
 P 568560 0 1456422 53252462
PT [2 0 708 0 1]
EMPTY QUEUE
 P 570487 0 1456439 53325663
PT [2 0 709 0 1]
 P 570487 0 1459829 53396822
PT [2 0 710 0 1]
 P 570487 0 1463219 53469002
PT [2 0 711 0 1]
 P 570487 0 1466609 53541182
PT [2 0 712 0 1]
 P 572274 0 1466612 53613362
PT [2 0 713 0 1]
EMPTY QUEUE
 P 575051 0 1466630 53688035
PT [2 0 714 0 1]
 P 575051 0 1470020 53757722
PT [2 0 715 0 1]
 P 575051 0 1473410 53829902
PT [2 0 716 0 1]
 P 575051 0 1476800 53902082
PT [2 0 717 0 1]
 P 577377 0 1476803 53974262
PT [2 0 718 0 1]
EMPTY QUEUE
 P 579368 0 1476820 54047943
PT [2 0 719 0 1]
 P 579368 0 1480210 54118622
PT [2 0 720 0 1]
 P 579368 0 1483600 54190802
PT [2 0 721 0 1]
 P 579368 0 1486990 54262982
PT [2 0 722 0 1]
 P 580489 0 1486993 54335162
PT [2 0 723 0 1]
EMPTY QUEUE
 P 583841 0 1487009 54409323
PT [2 0 724 0 1]
 P 583841 0 1490399 54479522
PT [2 0 725 0 1]
 P 583841 0 1493789 54551702
PT [2 0 726 0 1]
 P 583841 0 1497179 54623882
PT [2 0 727 0 1]
 P 585086 0 1497182 54696062
PT [2 0 728 0 1]
EMPTY QUEUE
 P 588190 0 1497199 54770031
PT [2 0 729 0 1]
 P 588190 0 1500589 54840422
PT [2 0 730 0 1]
 P 588190 0 1503979 54912602
PT [2 0 731 0 1]
 P 588190 0 1507369 54984782
PT [2 0 732 0 1]
 P 589536 0 1507372 55056962
PT [2 0 733 0 1]
EMPTY QUEUE
 P 592890 0 1507389 55130387
PT [2 0 734 0 1]
 P 592890 0 1510779 55201322
PT [2 0 735 0 1]
 P 592890 0 1514169 55273502
PT [2 0 736 0 1]
 P 592890 0 1517559 55345682
PT [2 0 737 0 1]
 P 595060 0 1517562 55417862
PT [2 0 738 0 1]
EMPTY QUEUE
 P 596446 0 1517580 55492247
PT [2 0 739 0 1]
 P 596446 0 1520970 55562222
PT [2 0 740 0 1]
 P 596446 0 1524360 55634402
PT [2 0 741 0 1]
 P 596446 0 1527750 55706582
PT [2 0 742 0 1]
 P 597220 0 1527753 55778762
PT [2 0 743 0 1]
EMPTY QUEUE
 P 599521 0 1527770 55853563
PT [2 0 744 0 1]
 P 599521 0 1531160 55923122
PT [2 0 745 0 1]
 P 599521 0 1534550 55995302
PT [2 0 746 0 1]
 P 599521 0 1537940 56067482
PT [2 0 747 0 1]
 P 600992 0 1537943 56139662
PT [2 0 748 0 1]
EMPTY QUEUE
 P 603810 0 1537961 56214463
PT [2 0 749 0 1]
 P 603810 0 1541351 56284022
PT [2 0 750 0 1]
 P 603810 0 1544741 56356202
PT [2 0 751 0 1]
 P 603810 0 1548131 56428382
PT [2 0 752 0 1]
 P 604809 0 1548134 56500562
PT [2 0 753 0 1]
EMPTY QUEUE
 P 608098 0 1548151 56574787
PT [2 0 754 0 1]
 P 608098 0 1551541 56644922
PT [2 0 755 0 1]
 P 608098 0 1554931 56717102
PT [2 0 756 0 1]
 P 608098 0 1558321 56789282
PT [2 0 757 0 1]
 P 609028 0 1558324 56861462
PT [2 0 758 0 1]
EMPTY QUEUE
 P 611752 0 1558341 56934631
PT [2 0 759 0 1]
 P 611752 0 1561731 57005822
PT [2 0 760 0 1]
 P 611752 0 1565121 57078002
PT [2 0 761 0 1]
 P 611752 0 1568511 57150182
PT [2 0 762 0 1]
 P 613739 0 1568514 57222362
PT [2 0 763 0 1]
EMPTY QUEUE
 P 615564 0 1568530 57295947
PT [2 0 764 0 1]
 P 615564 0 1571920 57366722
PT [2 0 765 0 1]
 P 615564 0 1575310 57438902
PT [2 0 766 0 1]
 P 615564 0 1578700 57511082
PT [2 0 767 0 1]
 P 616274 0 1578703 57583262
PT [2 0 768 0 1]
EMPTY QUEUE
 P 619446 0 1578720 57656783
PT [2 0 769 0 1]
 P 619446 0 1582110 57727622
PT [2 0 770 0 1]
 P 619446 0 1585500 57799802
PT [2 0 771 0 1]
 P 619446 0 1588890 57871982
PT [2 0 772 0 1]
 P 620130 0 1588893 57944162
PT [2 0 773 0 1]
EMPTY QUEUE
 P 622558 0 1588911 58019219
PT [2 0 774 0 1]
 P 622558 0 1592301 58088522
PT [2 0 775 0 1]
 P 622558 0 1595691 58160702
PT [2 0 776 0 1]
 P 622558 0 1599081 58232882
PT [2 0 777 0 1]
 P 624416 0 1599085 58305062
PT [2 0 778 0 1]
EMPTY QUEUE
 P 626693 0 1599102 58378935
PT [2 0 779 0 1]
 P 626693 0 1602492 58449422
PT [2 0 780 0 1]
 P 626693 0 1605882 58521602
PT [2 0 781 0 1]
 P 626693 0 1609272 58593782
PT [2 0 782 0 1]
 P 628206 0 1609276 58665962
PT [2 0 783 0 1]
EMPTY QUEUE
 P 630349 0 1609293 58740284
PT [2 0 784 1 1]
 P 630349 0 1612683 58810322
PT [2 0 785 1 1]
 P 630349 0 1616073 58882502
PT [2 0 786 1 1]
