using saved target 'z1'
../../../../contiki/tools/sky/serialdump-linux -b115200 /dev/ttyUSB1
connecting to /dev/ttyUSB1 (115200) [OK]
Rime started with address 2.0
MAC 02:00:00:00:00:00:00:00 Ref ID: 4841
Contiki-3.x-2125-g5d67a61 started. Node id is set to 2.

************************************************
RTIMER_SECOND = 32768. F_CPU=8000000.
CLOCK_SECOND=128.
DURSLOT = 6015.(0.1835 s).
DURSLEEP = 66165.
DURCYCLE = 72180 .(2.2027 s).
MAX_CLOCK_DRIFT = WAKEUP_ADVANCE_TIME = 327 (0.0049 s).
PERIODIC_BCAST_CYCLES_SENSOR = 4194307.
PERIODIC_BCAST_CYCLES_SINK = 4194307.
MAX_CYCLE_COUNTER = 41728.
MAX_COUNT_NO_RTS_CTS = 65535.
MAX_CHILD_NUM = 10.
MAX_TRY_TO_FIND_PARENT = 3.

**********Below is Related Settings**********
PRIMAC_CONF_COMPOWER = 1.
PRIMAC_CONF_COMPOWER_SUPPORT = 1.
SF = 10.
PRI_SYNC_SUPPORT = 1.
RANDOM_DRIFT_IN_COOJA_SUPPORT = 0.
ADCSC_SUPPORT = 1.
DATA_TX_SUPPORT = 1.
CYCLES_PER_PACKET = 5.
DATA_INTERVAL = 3.
RETX_LIMIT = 6.
TOTAL_DATA_NUM = 100.
MAX_DATA_QUEUE_BUFS = 10.
PROC_GRADE_BASED_ON_ADDR_SUPPORT = 1.
NODES_NUM_PER_GRADE = 2.
ADDRESS_FREE_SUPPORT = 1.
IS_COOJA_SIM = 0.
CROSS_PLATFORM_SUPPORT = 0.
************************************************

My address is 143.0.
nullmac PRIMAC, channel check rate 8 Hz, radio channel 26
Starting
Hello, world
 P 0 0 0 431050
 P 0 0 3390 503230
 P 0 0 6780 575410
 P 0 0 10170 647590
 P 0 0 13560 719770
 P 0 0 17003 793836
 P 0 0 20393 864130
 P 0 0 23783 936310
 P 0 0 27173 1008490
 P 0 0 30563 1080670
EMPTY QUEUE
 P 309 0 33958 1153653
PT [1 0 1 0 1]
 P 309 0 37348 1225030
PT [1 0 2 0 1]
 P 2490 0 38557 1297210
PT [1 0 3 0 1]
 P 2490 0 41947 1369390
PT [1 0 4 0 1]
 P 2490 0 45337 1441570
PT [1 0 5 0 1]
EMPTY QUEUE
 P 2800 0 48732 1515225
PT [1 0 6 0 1]
 P 2800 0 52122 1585930
PT [1 0 7 0 1]
 P 3956 0 52128 1658110
PT [1 0 8 0 1]
 P 3956 0 55518 1730290
PT [1 0 9 0 1]
 P 3956 0 58908 1802470
PT [1 0 10 0 1]
EMPTY QUEUE
 P 4265 0 62302 1876573
PT [1 0 11 0 1]
 P 4265 0 65692 1946830
PT [1 0 12 0 1]
 P 6989 0 65698 2019010
PT [1 0 13 0 1]
 P 6989 0 69088 2091190
PT [1 0 14 0 1]
 P 6989 0 72478 2163370
PT [1 0 15 0 1]
EMPTY QUEUE
 P 7298 0 75873 2237409
PT [1 0 16 -1 1]
 P 7298 0 79263 2307730
PT [1 0 17 -1 1]
 P 9701 0 79269 2379910
PT [1 0 18 -1 1]
 P 9701 0 82659 2452090
PT [1 0 19 -1 1]
 P 9701 0 86049 2524270
PT [1 0 20 -1 1]
EMPTY QUEUE
 P 10010 0 89443 2597733
PT [1 0 21 -1 1]
 P 10010 0 92833 2668630
PT [1 0 22 -1 1]
 P 10972 0 92839 2740810
PT [1 0 23 -1 1]
 P 10972 0 96229 2812990
PT [1 0 24 -1 1]
 P 10972 0 99619 2885170
PT [1 0 25 -1 1]
EMPTY QUEUE
 P 11281 0 103014 2959592
PT [1 0 26 -2 1]
 P 11281 0 106404 3029530
PT [1 0 27 -2 1]
 P 13202 0 106409 3101710
PT [1 0 28 -2 1]
 P 13202 0 109799 3173890
PT [1 0 29 -2 1]
 P 13202 0 113189 3246070
PT [1 0 30 -2 1]
EMPTY QUEUE
 P 13512 0 116584 3318893
PT [1 0 31 -2 1]
 P 13512 0 119974 3390430
PT [1 0 32 -2 1]
 P 13512 0 123364 3462610
PT [1 0 33 -2 1]
 P 14503 0 123370 3534790
PT [1 0 34 -2 1]
 P 14503 0 126760 3606970
PT [1 0 35 -2 1]
EMPTY QUEUE
 P 14812 0 130154 3681776
PT [1 0 36 -3 1]
 P 14812 0 133544 3751330
PT [1 0 37 -3 1]
 P 14812 0 136934 3823510
PT [1 0 38 -3 1]
 P 16923 0 136940 3895690
PT [1 0 39 -3 1]
 P 16923 0 140330 3967870
PT [1 0 40 -3 1]
EMPTY QUEUE
 P 17233 0 143725 4042101
PT [1 0 41 -3 1]
 P 17233 0 147115 4112230
PT [1 0 42 -3 1]
 P 17233 0 150505 4184410
PT [1 0 43 -3 1]
 P 19310 0 150511 4256590
PT [1 0 44 -3 1]
 P 19310 0 153901 4328770
PT [1 0 45 -3 1]
EMPTY QUEUE
 P 19619 0 157295 4401914
PT [1 0 46 -3 1]
 P 19619 0 160685 4473130
PT [1 0 47 -3 1]
 P 19619 0 164075 4545310
PT [1 0 48 -3 1]
 P 22047 0 164081 4617490
PT [1 0 49 -3 1]
 P 22047 0 167471 4689670
PT [1 0 50 -3 1]
EMPTY QUEUE
 P 22356 0 170866 4763260
PT [1 0 51 -4 1]
 P 22356 0 174256 4834030
PT [1 0 52 -4 1]
 P 22356 0 177646 4906210
PT [1 0 53 -4 1]
 P 25007 0 177652 4978390
PT [1 0 54 -4 1]
 P 25007 0 181042 5050570
PT [1 0 55 -4 1]
EMPTY QUEUE
 P 25318 0 184437 5124098
PT [1 0 56 -4 1]
 P 25318 0 187827 5194930
PT [1 0 57 -4 1]
 P 25318 0 191217 5267110
PT [1 0 58 -4 1]
 P 27552 0 191223 5339290
PT [1 0 59 -4 1]
 P 27552 0 194613 5411470
PT [1 0 60 -4 1]
EMPTY QUEUE
 P 27860 0 198008 5484420
PT [1 0 61 -5 1]
 P 27860 0 201398 5555830
PT [1 0 62 -5 1]
 P 27860 0 204788 5628010
PT [1 0 63 -5 1]
 P 30573 0 204793 5700190
PT [1 0 64 -5 1]
 P 30573 0 208183 5772370
PT [1 0 65 -5 1]
EMPTY QUEUE
 P 30630 0 214145 5848597
PT [1 0 66 -5 1]
EMPTY QUEUE
 P 30940 0 217539 5918269
PT [1 0 67 -5 1]
 P 30940 0 220929 5988910
PT [1 0 68 -5 1]
 P 32811 338 220940 6063830
PT [1 0 69 -5 1]
 P 36279 1084 220971 6134378
PT [1 0 70 -5 1]
 P 40919 1686 220992 6207519
PT [1 0 71 -5 1]
 P 46704 2697 221028 6278738
PT [1 0 72 -6 1]
 P 49399 3439 221057 6351718
PT [1 0 73 -6 1]
 P 52796 4187 221090 6423547
PT [1 0 74 -5 1]
 P 56399 4668 221124 6496430
PT [1 0 75 -6 1]
 P 62275 5680 221164 6568163
PT [1 0 76 -6 1]
 P 68570 6693 221204 6641432
PT [1 0 77 -6 1]
 P 73632 7441 221236 6713387
PT [1 0 78 -6 1]
 P 79155 8452 221278 6783839
PT [1 0 79 -6 1]
 P 82542 9151 221321 6856114
PT [1 0 80 -6 1]
 P 84033 9223 224722 6929030
PT [1 0 81 -6 1]
 P 85996 9561 224735 7002170
PT [1 0 82 -6 1]
 P 90356 10308 228155 7072718
PT [1 0 83 -6 1]
 P 95943 11319 228194 7145474
PT [1 0 84 -7 1]
 P 102174 12065 228232 7217750
PT [1 0 85 -7 1]
 P 104448 12474 228251 7290411
PT [1 0 86 -7 1]
 P 110320 13489 228288 7362143
PT [1 0 87 -7 1]
 P 116608 14500 228330 7435411
PT [1 0 88 -7 1]
 P 122331 15246 231755 7507367
PT [1 0 89 -7 1]
 P 124356 15585 231770 7578939
PT [1 0 90 -7 1]
 P 128881 16599 231807 7650159
PT [1 0 91 -7 1]
 P 132829 17611 231843 7722914
PT [1 0 92 -7 1]
 P 139048 18623 231882 7795158
PT [1 0 93 -7 1]
 P 143857 19635 231919 7866890
PT [1 0 94 -7 1]
 P 148475 20650 231955 7940158
PT [1 0 95 -8 1]
 P 151507 21348 231996 8012051
PT [1 0 96 -8 1]
 P 154085 21829 235412 8084614
PT [1 0 97 -8 1]
 P 159660 22843 235454 8156602
PT [1 0 98 -8 1]
 P 165412 23589 235493 8229231
PT [1 0 99 -8 1]
 P 170988 24603 235531 8301219
PT [1 0 100 -8 1]
 P 173739 25350 235564 8372535
PT [1 0 101 -8 1]
 P 179697 26362 235606 8444779
PT [1 0 102 -8 1]
 P 182676 27373 235645 8516511
PT [1 0 103 -8 1]
 P 185084 27928 235675 8588722
PT [1 0 104 -8 1]
 P 187835 28676 235705 8660806
PT [1 0 105 -8 1]
 P 189301 29087 235724 8733850
PT [1 0 106 -8 1]
 P 195320 30100 235762 8804814
PT [1 0 107 -9 1]
 P 200027 31105 235797 8877307
PT [1 0 108 -9 1]
 P 202433 31659 235827 8949910
PT [1 0 109 -9 1]
 P 208088 32601 235860 9022123
PT [1 0 110 -9 1]
 P 211358 33204 238454 9094719
PT [1 0 111 -9 1]
 P 216407 33951 238488 9165907
PT [1 0 112 -9 1]
 P 224277 34964 238527 9238919
PT [1 0 113 -9 1]
 P 227624 35446 243151 9310748
PT [1 0 114 -9 1]
 P 230509 35999 243185 9383983
PT [1 0 115 -9 1]
 P 236362 37010 243224 9454946
PT [1 0 116 -9 1]
 P 242632 38022 243260 9527446
PT [1 0 117 -9 1]
 P 250067 38892 245857 9599978
PT [1 0 118 -9 1]
 P 256557 39905 245892 9671198
PT [1 0 119 -10 1]
 P 259616 40651 245924 9744178
PT [1 0 120 -10 1]
 P 262186 41132 249340 9815718
PT [1 0 121 -10 1]
 P 264756 41614 252757 9889308
PT [1 0 122 -10 1]
 P 270316 42628 252794 9959759
PT [1 0 123 -10 1]
 P 276512 43639 252837 10033795
PT [1 0 124 -10 1]
 P 282612 44652 252879 10105271
PT [1 0 125 -10 1]
 P 288104 45658 252917 10176229
PT [1 0 126 -10 1]
 P 292026 46262 252936 10249599
PT [1 0 127 -10 1]
 P 295468 47002 252965 10320779
PT [1 0 128 -10 1]
 P 299625 47428 253008 10393670
PT [1 0 129 -10 1]
 P 303126 48126 253050 10465178
PT [1 0 130 -10 1]
 P 308683 49140 253086 10537934
PT [1 0 131 -11 1]
 P 313631 50154 253120 10610178
PT [1 0 132 -11 1]
 P 321547 51168 253161 10681910
PT [1 0 133 -11 1]
 P 327349 51914 253196 10754122
PT [1 0 134 -11 1]
 P 331041 52662 253229 10826207
PT [1 0 135 -11 1]
 P 335121 53676 253268 10899988
PT [1 0 136 -11 1]
 P 337831 54301 253311 10971207
PT [1 0 137 -11 1]
 P 342422 55313 253353 11043963
PT [1 0 138 -11 1]
 P 346689 56060 253386 11115663
PT [1 0 139 -11 1]
 P 351261 56469 253410 11188610
PT [1 0 140 -11 1]
 P 356808 57486 253444 11260598
PT [1 0 141 -11 1]
 P 362195 58498 253483 11332074
PT [1 0 142 -11 1]
 P 369407 59511 253523 11405086
PT [1 0 143 -12 1]
 P 372423 59848 253537 11476658
PT [1 0 144 -12 1]
 P 377518 60861 253575 11547878
PT [1 0 145 -12 1]
 P 382803 61609 253607 11620859
PT [1 0 146 -11 1]
 P 388472 62620 253649 11693359
PT [1 0 147 -12 1]
 P 395454 63631 253690 11765347
PT [1 0 148 -12 1]
 P 398345 64328 253738 11837879
PT [1 0 149 -12 1]
 P 402491 64739 254966 11908907
PT [1 0 150 -12 1]
 P 407552 65751 255005 11982687
PT [1 0 151 -12 1]
 P 410118 66233 258421 12054738
PT [1 0 152 -12 1]
 P 415658 67246 258457 12126982
PT [1 0 153 -12 1]
 P 421038 68260 258492 12198714
PT [1 0 154 -12 1]
 P 424597 68742 258517 12270766
PT [1 0 155 -13 1]
 P 430199 69490 258551 12343490
PT [1 0 156 -13 1]
 P 433953 70166 258578 12414006
PT [1 0 157 -13 1]
 P 435729 70576 258598 12486924
PT [1 0 158 -13 1]
 P 441652 71592 258635 12560191
PT [1 0 159 -13 1]
 P 445467 72338 258669 12632147
PT [1 0 160 -13 1]
 P 449929 72941 261263 12703719
PT [1 0 161 -13 1]
 P 457765 73952 261302 12774939
PT [1 0 162 -13 1]
 P 463330 74967 261337 12847695
PT [1 0 163 -13 1]
 P 468483 75714 261367 12920418
PT [1 0 164 -13 1]
 P 472641 76454 261398 12993016
PT [1 0 165 -12 1]
 P 474948 76791 261412 13064618
PT [1 0 166 -14 1]
 P 477811 77202 261432 13136798
PT [1 0 167 -14 1]
 P 482701 78216 261467 13208018
PT [1 0 168 -14 1]
 P 488483 79227 261509 13280774
PT [1 0 169 -14 1]
 P 494682 80239 261551 13353019
PT [1 0 170 -14 1]
 P 500787 81251 261591 13424751
PT [1 0 171 -14 1]
 P 502679 81733 265008 13496803
PT [1 0 172 -14 1]
 P 506997 82481 265042 13569528
PT [1 0 173 -13 1]
 P 512636 83348 267643 13642059
PT [1 0 174 -14 1]
 P 518132 84361 267683 13713279
PT [1 0 175 -14 1]
 P 521504 84700 271475 13786418
PT [1 0 176 -14 1]
 P 523395 85182 274888 13858470
PT [1 0 177 -14 1]
 P 527288 86193 274926 13930714
PT [1 0 178 -15 1]
 P 532690 86939 274958 14002159
PT [1 0 179 -15 1]
 P 536491 87687 274991 14074498
PT [1 0 180 -15 1]
 P 541757 88435 278414 14146198
PT [1 0 181 -15 1]
 P 544372 88916 281014 14219500
PT [1 0 182 -15 1]
 P 549891 89929 281056 14290719
PT [1 0 183 -15 1]
 P 556052 90942 281097 14363475
PT [1 0 184 -15 1]
 P 562118 91955 281136 14435719
PT [1 0 185 -15 1]
 P 567902 92703 281167 14508187
PT [1 0 186 -15 1]
 P 572974 93715 281204 14579662
PT [1 0 187 -15 1]
 P 578244 94461 281236 14651746
PT [1 0 188 -15 1]
 P 583889 95475 281273 14725526
PT [1 0 189 -15 1]
 P 588200 96224 281302 14797738
PT [1 0 190 -16 1]
 P 591679 96971 281332 14869822
PT [1 0 191 -16 1]
 P 596871 97982 281373 14941554
PT [1 0 192 -16 1]
 P 600481 98679 281422 15013190
PT [1 0 193 -16 1]
 P 605362 99426 281455 15085531
PT [1 0 194 -16 1]
 P 610693 100174 281488 15157232
PT [1 0 195 -16 1]
 P 616053 101114 281524 15230019
PT [1 0 196 -16 1]
 P 620284 102125 281566 15301239
PT [1 0 197 -16 1]
 P 624859 102822 281613 15374155
PT [1 0 198 -16 1]
 P 627314 103497 284209 15448314
PT [1 0 199 -16 1]
 P 632711 104101 289376 15518452
PT [1 0 200 -16 1]
 P 636198 104798 289419 15589958
PT [1 0 201 -16 1]
 P 641704 105812 289457 15662714
PT [1 0 202 -17 1]
 P 647852 106824 289493 15734958
PT [1 0 203 -17 1]
 P 650875 107572 292915 15807426
PT [1 0 204 -17 1]
 P 654368 108318 296339 15878742
PT [1 0 205 -17 1]
 P 654988 108462 299743 15952140
PT [1 0 206 -17 1]
 P 654988 108462 303133 16021930
PT [1 0 207 -17 1]
 P 655053 108462 306525 16096425
PT [1 0 208 -17 1]
 P 655363 108534 309922 16168071
PT [1 0 209 -17 1]
 P 657403 108534 309928 16238470
PT [1 0 210 -17 1]
 P 657403 108534 313318 16310650
PT [1 0 211 -17 1]
 P 657403 108534 316708 16382830
PT [1 0 212 -17 1]
 P 657403 108534 320098 16455010
PT [1 0 213 -17 1]
EMPTY QUEUE
 P 657714 108534 323492 16529689
PT [1 0 214 -18 1]
 P 660106 108534 323497 16599370
PT [1 0 215 -18 1]
 P 660106 108534 326887 16671550
PT [1 0 216 -18 1]
 P 660106 108534 330277 16743730
PT [1 0 217 -18 1]
 P 660106 108534 333667 16815910
PT [1 0 218 -18 1]
EMPTY QUEUE
 P 660416 108534 337062 16888989
PT [1 0 219 -18 1]
 P 663030 108534 337068 16960270
PT [1 0 220 -18 1]
 P 663030 108534 340458 17032450
PT [1 0 221 -18 1]
 P 663030 108534 343848 17104630
PT [1 0 222 -18 1]
 P 663030 108534 347238 17176810
PT [1 0 223 -18 1]
EMPTY QUEUE
 P 663341 108534 350632 17249826
PT [1 0 224 -18 1]
 P 665538 108534 350638 17321170
PT [1 0 225 -18 1]
 P 665538 108534 354028 17393350
PT [1 0 226 -18 1]
 P 665538 108534 357418 17465530
PT [1 0 227 -18 1]
 P 665538 108534 360808 17537710
PT [1 0 228 -18 1]
EMPTY QUEUE
 P 665847 108534 364203 17612196
PT [1 0 229 -19 1]
 P 668523 108534 364209 17682070
PT [1 0 230 -19 1]
 P 668523 108534 367599 17754250
PT [1 0 231 -19 1]
 P 668523 108534 370989 17826430
PT [1 0 232 -19 1]
 P 668523 108534 374379 17898610
PT [1 0 233 -19 1]
EMPTY QUEUE
 P 668832 108534 377773 17972009
PT [1 0 234 -19 1]
 P 668832 108534 381163 18042970
PT [1 0 235 -19 1]
 P 670451 108534 381168 18115150
PT [1 0 236 -19 1]
 P 670451 108534 384558 18187330
PT [1 0 237 -19 1]
 P 670451 108534 387948 18259510
PT [1 0 238 -19 1]
EMPTY QUEUE
 P 670759 108534 391343 18333356
PT [1 0 239 -20 1]
 P 670759 108534 394733 18403870
PT [1 0 240 -20 1]
 P 671576 108534 394739 18476050
PT [1 0 241 -20 1]
 P 671576 108534 398129 18548230
PT [1 0 242 -20 1]
 P 671576 108534 401519 18620410
PT [1 0 243 -20 1]
EMPTY QUEUE
 P 671641 108534 404911 18693945
PT [1 0 244 -20 1]
EMPTY QUEUE
 P 671951 108534 408305 18766309
PT [1 0 245 -20 1]
 P 673375 108534 408311 18836950
PT [1 0 246 -20 1]
 P 673375 108534 411701 18909130
PT [1 0 247 -20 1]
 P 673375 108534 415091 18981310
PT [1 0 248 -20 1]
 P 673375 108534 418481 19053490
PT [1 0 249 -20 1]
EMPTY QUEUE
 P 673685 108534 421875 19128168
PT [1 0 250 -21 1]
 P 674564 108534 421881 19197850
PT [1 0 251 -21 1]
 P 674564 108534 425271 19270030
PT [1 0 252 -21 1]
 P 674564 108534 428661 19342210
PT [1 0 253 -21 1]
 P 674564 108534 432051 19414390
PT [1 0 254 -21 1]
EMPTY QUEUE
 P 674873 108534 435446 19487469
PT [1 0 255 -21 1]
 P 677639 108534 435452 19558750
PT [1 0 256 -21 1]
 P 677639 108534 438842 19630930
PT [1 0 257 -21 1]
 P 677639 108534 442232 19703110
PT [1 0 258 -21 1]
 P 677639 108534 445622 19775290
PT [1 0 259 -21 1]
EMPTY QUEUE
 P 677949 108534 449016 19848305
PT [1 0 260 -21 1]
 P 680426 108534 449022 19919650
PT [1 0 261 -21 1]
 P 680426 108534 452412 19991830
PT [1 0 262 -21 1]
 P 680426 108534 455802 20064010
PT [1 0 263 -21 1]
 P 680426 108534 459192 20136190
PT [1 0 264 -21 1]
EMPTY QUEUE
 P 680736 108534 462587 20210677
PT [1 0 265 -22 1]
 P 682284 108534 462593 20280550
PT [1 0 266 -22 1]
 P 682284 108534 465983 20352730
PT [1 0 267 -22 1]
 P 682284 108534 469373 20424910
PT [1 0 268 -22 1]
 P 682284 108534 472763 20497090
PT [1 0 269 -22 1]
EMPTY QUEUE
 P 682594 108534 476157 20570489
PT [1 0 270 -22 1]
 P 684109 108534 476163 20641450
PT [1 0 271 -22 1]
 P 684109 108534 479553 20713630
PT [1 0 272 -22 1]
 P 684109 108534 482943 20785810
PT [1 0 273 -22 1]
 P 684109 108534 486333 20857990
PT [1 0 274 -22 1]
EMPTY QUEUE
 P 684418 108534 489729 20931837
PT [1 0 275 -23 1]
 P 686285 108534 489733 21002350
PT [1 0 276 -23 1]
 P 686285 108534 493123 21074530
PT [1 0 277 -23 1]
 P 686285 108534 496513 21146710
PT [1 0 278 -23 1]
 P 686285 108534 499903 21218890
PT [1 0 279 -23 1]
EMPTY QUEUE
 P 686594 108534 503298 21292673
PT [1 0 280 -23 1]
 P 688684 108534 503303 21363250
PT [1 0 281 -23 1]
 P 688684 108534 506693 21435430
PT [1 0 282 -23 1]
 P 688684 108534 510083 21507610
PT [1 0 283 -23 1]
 P 688684 108534 513473 21579790
PT [1 0 284 -23 1]
EMPTY QUEUE
 P 688995 108534 516867 21652998
PT [1 0 285 -24 1]
 P 690666 108534 516873 21724150
PT [1 0 286 -24 1]
 P 690666 108534 520263 21796330
PT [1 0 287 -24 1]
 P 690666 108534 523653 21868510
PT [1 0 288 -24 1]
 P 690666 108534 527043 21940690
PT [1 0 289 -24 1]
EMPTY QUEUE
 P 690976 108534 530438 22014857
PT [1 0 290 -24 1]
 P 693126 108534 530444 22085050
PT [1 0 291 -24 1]
 P 693126 108534 533834 22157230
PT [1 0 292 -24 1]
 P 693126 108534 537224 22229410
PT [1 0 293 -24 1]
 P 693126 108534 540614 22301590
PT [1 0 294 -24 1]
EMPTY QUEUE
 P 693437 108534 544009 22376206
PT [1 0 295 -24 1]
 P 694403 108534 544014 22445950
PT [1 0 296 -24 1]
 P 694403 108534 547404 22518130
PT [1 0 297 -24 1]
 P 694403 108534 550794 22590310
PT [1 0 298 -24 1]
 P 694403 108534 554184 22662490
PT [1 0 299 -24 1]
EMPTY QUEUE
 P 694712 108534 557579 22737040
PT [1 0 300 -25 1]
 P 696412 108534 557585 22806850
PT [1 0 301 -25 1]
 P 696412 108534 560975 22879030
PT [1 0 302 -25 1]
 P 696412 108534 564365 22951210
PT [1 0 303 -25 1]
 P 696412 108534 567755 23023390
PT [1 0 304 -25 1]
EMPTY QUEUE
 P 696722 108534 571149 23097366
PT [1 0 305 -25 1]
 P 698518 108534 571154 23167750
PT [1 0 306 -25 1]
 P 698518 108534 574544 23239930
PT [1 0 307 -25 1]
 P 698518 108534 577934 23312110
PT [1 0 308 -25 1]
 P 698518 108534 581324 23384290
PT [1 0 309 -25 1]
EMPTY QUEUE
 P 698827 108534 584718 23457176
PT [1 0 310 -26 1]
 P 701614 108534 584724 23528650
PT [1 0 311 -26 1]
 P 701614 108534 588114 23600830
PT [1 0 312 -26 1]
 P 701614 108534 591504 23673010
PT [1 0 313 -26 1]
 P 701614 108534 594894 23745190
PT [1 0 314 -26 1]
EMPTY QUEUE
 P 701923 108534 598289 23818525
PT [1 0 315 -26 1]
 P 703365 108534 598294 23889550
PT [1 0 316 -26 1]
 P 703365 108534 601684 23961730
PT [1 0 317 -26 1]
 P 703365 108534 605074 24033910
PT [1 0 318 -26 1]
 P 703365 108534 608464 24106090
PT [1 0 319 -26 1]
EMPTY QUEUE
 P 703674 108534 611858 24179361
PT [1 0 320 -26 1]
 P 706235 108534 611864 24250450
PT [1 0 321 -26 1]
 P 706235 108534 615254 24322630
PT [1 0 322 -26 1]
 P 706235 108534 618644 24394810
PT [1 0 323 -26 1]
 P 706235 108534 622034 24466990
PT [1 0 324 -26 1]
EMPTY QUEUE
 P 706545 108534 625429 24541733
PT [1 0 325 -27 1]
 P 708144 108534 625434 24611350
PT [1 0 326 -27 1]
 P 708144 108534 628824 24683530
PT [1 0 327 -27 1]
 P 708144 108534 632214 24755710
PT [1 0 328 -27 1]
 P 708144 108534 635604 24827890
PT [1 0 329 -27 1]
EMPTY QUEUE
 P 708209 108534 638996 24901297
PT [1 0 330 -27 1]
EMPTY QUEUE
 P 709317 108534 639006 24974078
PT [1 0 331 -27 1]
 P 709317 108534 642396 25044430
PT [1 0 332 -27 1]
 P 709317 108534 645786 25116610
PT [1 0 333 -27 1]
 P 709317 108534 649176 25188790
PT [1 0 334 -27 1]
 P 709317 108534 652566 25260970
PT [1 0 335 -27 1]
EMPTY QUEUE
 P 711029 108534 652577 25335168
PT [1 0 336 -28 1]
 P 711029 108534 655967 25405330
PT [1 0 337 -28 1]
 P 711029 108534 659357 25477510
PT [1 0 338 -28 1]
 P 711029 108534 662747 25549690
PT [1 0 339 -28 1]
 P 711029 108534 666137 25621870
PT [1 0 340 -28 1]
EMPTY QUEUE
 P 712198 108534 666148 25695750
PT [1 0 341 -27 1]
 P 712198 108534 669538 25766230
PT [1 0 342 -27 1]
 P 712198 108534 672928 25838410
PT [1 0 343 -27 1]
 P 712198 108534 676318 25910590
PT [1 0 344 -27 1]
 P 712198 108534 679708 25982770
PT [1 0 345 -27 1]
EMPTY QUEUE
 P 715254 108534 679718 26055816
PT [1 0 346 -29 1]
 P 715254 108534 683108 26127130
PT [1 0 347 -29 1]
 P 715254 108534 686498 26199310
PT [1 0 348 -29 1]
 P 715254 108534 689888 26271490
PT [1 0 349 -29 1]
 P 715254 108534 693278 26343670
PT [1 0 350 -29 1]
EMPTY QUEUE
 P 718022 108534 693288 26417422
PT [1 0 351 -29 1]
 P 718022 108534 696678 26488030
PT [1 0 352 -29 1]
 P 718022 108534 700068 26560210
PT [1 0 353 -29 1]
 P 718022 108534 703458 26632390
PT [1 0 354 -29 1]
 P 718022 108534 706848 26704570
PT [1 0 355 -29 1]
EMPTY QUEUE
 P 719859 108534 706858 26778513
PT [1 0 356 -29 1]
 P 719859 108534 710248 26848930
PT [1 0 357 -29 1]
 P 719859 108534 713638 26921110
PT [1 0 358 -29 1]
 P 719859 108534 717028 26993290
PT [1 0 359 -29 1]
 P 719859 108534 720418 27065470
PT [1 0 360 -29 1]
EMPTY QUEUE
 P 721666 108534 720429 27139094
PT [1 0 361 -30 1]
 P 721666 108534 723819 27209830
PT [1 0 362 -30 1]
 P 721666 108534 727209 27282010
PT [1 0 363 -30 1]
 P 721666 108534 730599 27354190
PT [1 0 364 -30 1]
 P 721666 108534 733989 27426370
PT [1 0 365 -30 1]
EMPTY QUEUE
 P 723821 108534 733999 27501209
PT [1 0 366 -30 1]
 P 723821 108534 737389 27570730
PT [1 0 367 -30 1]
 P 723821 108534 740779 27642910
PT [1 0 368 -30 1]
 P 723821 108534 744169 27715090
PT [1 0 369 -30 1]
 P 723821 108534 747559 27787270
PT [1 0 370 -30 1]
EMPTY QUEUE
 P 726199 108534 747569 27860764
PT [1 0 371 -31 1]
 P 726199 108534 750959 27931630
PT [1 0 372 -31 1]
 P 726199 108534 754349 28003810
PT [1 0 373 -31 1]
 P 726199 108534 757739 28075990
PT [1 0 374 -31 1]
 P 726199 108534 761129 28148170
PT [1 0 375 -31 1]
EMPTY QUEUE
 P 728161 108534 761139 28221857
PT [1 0 376 -31 1]
 P 728161 108534 764529 28292530
PT [1 0 377 -31 1]
 P 728161 108534 767919 28364710
PT [1 0 378 -31 1]
 P 728161 108534 771309 28436890
PT [1 0 379 -31 1]
 P 728161 108534 774699 28509070
PT [1 0 380 -31 1]
EMPTY QUEUE
 P 730602 108534 774708 28582436
PT [1 0 381 -32 1]
 P 730602 108534 778098 28653430
PT [1 0 382 -32 1]
 P 730602 108534 781488 28725610
PT [1 0 383 -32 1]
 P 730602 108534 784878 28797790
PT [1 0 384 -32 1]
 P 730602 108534 788268 28869970
PT [1 0 385 -32 1]
EMPTY QUEUE
 P 731857 108534 788279 28944553
PT [1 0 386 -32 1]
 P 731857 108534 791669 29014330
PT [1 0 387 -32 1]
 P 731857 108534 795059 29086510
PT [1 0 388 -32 1]
 P 731857 108534 798449 29158690
PT [1 0 389 -32 1]
 P 731857 108534 801839 29230870
PT [1 0 390 -32 1]
EMPTY QUEUE
 P 733848 108534 801849 29304109
PT [1 0 391 -32 1]
 P 733848 108534 805239 29375230
PT [1 0 392 -32 1]
 P 733848 108534 808629 29447410
PT [1 0 393 -32 1]
 P 733848 108534 812019 29519590
PT [1 0 394 -32 1]
 P 733848 108534 815409 29591770
PT [1 0 395 -32 1]
EMPTY QUEUE
 P 735933 108534 815420 29665200
PT [1 0 396 -33 1]
 P 735933 108534 818810 29736130
PT [1 0 397 -33 1]
 P 735933 108534 822200 29808310
PT [1 0 398 -33 1]
 P 735933 108534 825590 29880490
PT [1 0 399 -33 1]
 P 735933 108534 828980 29952670
PT [1 0 400 -33 1]
EMPTY QUEUE
 P 739010 108534 828990 30025781
PT [1 0 401 -33 1]
 P 739010 108534 832380 30097030
PT [1 0 402 -33 1]
 P 739010 108534 835770 30169210
PT [1 0 403 -33 1]
 P 739010 108534 839160 30241390
PT [1 0 404 -33 1]
 P 739010 108534 842550 30313570
PT [1 0 405 -33 1]
EMPTY QUEUE
 P 741413 108534 842560 30387896
PT [1 0 406 -34 1]
 P 741413 108534 845950 30457930
PT [1 0 407 -34 1]
 P 741413 108534 849340 30530110
PT [1 0 408 -34 1]
 P 741413 108534 852730 30602290
PT [1 0 409 -34 1]
 P 741413 108534 856120 30674470
PT [1 0 410 -34 1]
EMPTY QUEUE
 P 743015 108534 856130 30747453
PT [1 0 411 -34 1]
 P 743015 108534 859520 30818830
PT [1 0 412 -34 1]
 P 743015 108534 862910 30891010
PT [1 0 413 -34 1]
 P 743015 108534 866300 30963190
PT [1 0 414 -34 1]
 P 743015 108534 869690 31035370
PT [1 0 415 -34 1]
EMPTY QUEUE
 P 745224 108534 869700 31108545
PT [1 0 416 -34 1]
 P 745224 108534 873090 31179730
PT [1 0 417 -34 1]
 P 745224 108534 876480 31251910
PT [1 0 418 -34 1]
 P 745224 108534 879870 31324090
PT [1 0 419 -34 1]
 P 745224 108534 883260 31396270
PT [1 0 420 -34 1]
EMPTY QUEUE
 P 746889 108534 883270 31469125
PT [1 0 421 -35 1]
 P 746889 108534 886660 31540630
PT [1 0 422 -35 1]
 P 746889 108534 890050 31612810
PT [1 0 423 -35 1]
 P 746889 108534 893440 31684990
PT [1 0 424 -35 1]
 P 746889 108534 896830 31757170
PT [1 0 425 -35 1]
EMPTY QUEUE
 P 748297 108534 896838 31831241
PT [1 0 426 -35 1]
 P 748297 108534 900228 31901530
PT [1 0 427 -35 1]
 P 748297 108534 903618 31973710
PT [1 0 428 -35 1]
 P 748297 108534 907008 32045890
PT [1 0 429 -35 1]
 P 748297 108534 910398 32118070
PT [1 0 430 -35 1]
EMPTY QUEUE
 P 750565 108534 910409 32192844
PT [1 0 431 -36 1]
 P 750565 108534 913799 32262430
PT [1 0 432 -36 1]
 P 750565 108534 917189 32334610
PT [1 0 433 -36 1]
 P 750565 108534 920579 32406790
PT [1 0 434 -36 1]
 P 750565 108534 923969 32478970
PT [1 0 435 -36 1]
EMPTY QUEUE
 P 753569 108534 923980 32551889
PT [1 0 436 -36 1]
 P 753569 108534 927370 32623330
PT [1 0 437 -36 1]
 P 753569 108534 930760 32695510
PT [1 0 438 -36 1]
 P 753569 108534 934150 32767690
PT [1 0 439 -36 1]
 P 753569 108534 937540 32839870
PT [1 0 440 -36 1]
EMPTY QUEUE
 P 754620 108534 937550 32914516
PT [1 0 441 -37 1]
 P 754620 108534 940940 32984230
PT [1 0 442 -37 1]
 P 754620 108534 944330 33056410
PT [1 0 443 -37 1]
 P 754620 108534 947720 33128590
PT [1 0 444 -37 1]
 P 754620 108534 951110 33200770
PT [1 0 445 -37 1]
EMPTY QUEUE
 P 757654 108534 951121 33274585
PT [1 0 446 -37 1]
 P 757654 108534 954511 33345130
PT [1 0 447 -37 1]
 P 757654 108534 957901 33417310
PT [1 0 448 -37 1]
 P 757654 108534 961291 33489490
PT [1 0 449 -37 1]
 P 757654 108534 964681 33561670
PT [1 0 450 -37 1]
EMPTY QUEUE
 P 760399 108534 964690 33636189
PT [1 0 451 -37 1]
 P 760399 108534 968080 33706030
PT [1 0 452 -37 1]
 P 760399 108534 971470 33778210
PT [1 0 453 -37 1]
 P 760399 108534 974860 33850390
PT [1 0 454 -37 1]
 P 760399 108534 978250 33922570
PT [1 0 455 -37 1]
EMPTY QUEUE
 P 762214 108534 978261 33997280
PT [1 0 456 -38 1]
 P 762214 108534 981651 34066930
PT [1 0 457 -38 1]
 P 762214 108534 985041 34139110
PT [1 0 458 -38 1]
 P 762214 108534 988431 34211290
PT [1 0 459 -38 1]
 P 762214 108534 991821 34283470
PT [1 0 460 -38 1]
EMPTY QUEUE
 P 763997 108534 991830 34357861
PT [1 0 461 -38 1]
 P 763997 108534 995220 34427830
PT [1 0 462 -38 1]
 P 763997 108534 998610 34500010
PT [1 0 463 -38 1]
 P 763997 108534 1002000 34572190
PT [1 0 464 -38 1]
 P 763997 108534 1005390 34644370
PT [1 0 465 -38 1]
EMPTY QUEUE
 P 766130 108534 1005400 34717928
PT [1 0 466 -39 1]
 P 766130 108534 1008790 34788730
PT [1 0 467 -39 1]
 P 766130 108534 1012180 34860910
PT [1 0 468 -39 1]
 P 766130 108534 1015570 34933090
PT [1 0 469 -39 1]
 P 766130 108534 1018960 35005270
PT [1 0 470 -39 1]
EMPTY QUEUE
 P 768486 108534 1018970 35079533
PT [1 0 471 -39 1]
 P 768486 108534 1022360 35149630
PT [1 0 472 -39 1]
 P 768486 108534 1025750 35221810
PT [1 0 473 -39 1]
 P 768486 108534 1029140 35293990
PT [1 0 474 -39 1]
 P 768486 108534 1032530 35366170
PT [1 0 475 -39 1]
EMPTY QUEUE
 P 770426 108534 1032539 35440625
PT [1 0 476 -39 1]
 P 770426 108534 1035929 35510530
PT [1 0 477 -39 1]
 P 770426 108534 1039319 35582710
PT [1 0 478 -39 1]
 P 770426 108534 1042709 35654890
PT [1 0 479 -39 1]
 P 770426 108534 1046099 35727070
PT [1 0 480 -39 1]
EMPTY QUEUE
 P 772844 108534 1046109 35801205
PT [1 0 481 -40 1]
 P 772844 108534 1049499 35871430
PT [1 0 482 -40 1]
 P 772844 108534 1052889 35943610
PT [1 0 483 -40 1]
 P 772844 108534 1056279 36015790
PT [1 0 484 -40 1]
 P 772844 108534 1059669 36087970
PT [1 0 485 -40 1]
EMPTY QUEUE
 P 774076 108534 1059679 36161274
PT [1 0 486 -40 1]
 P 774076 108534 1063069 36232330
PT [1 0 487 -40 1]
 P 774076 108534 1066459 36304510
PT [1 0 488 -40 1]
 P 774076 108534 1069849 36376690
PT [1 0 489 -40 1]
 P 774076 108534 1073239 36448870
PT [1 0 490 -40 1]
EMPTY QUEUE
 P 776778 108534 1073250 36522876
PT [1 0 491 -41 1]
 P 776778 108534 1076640 36593230
PT [1 0 492 -41 1]
 P 776778 108534 1080030 36665410
PT [1 0 493 -41 1]
 P 776778 108534 1083420 36737590
PT [1 0 494 -41 1]
 P 776778 108534 1086810 36809770
PT [1 0 495 -41 1]
EMPTY QUEUE
 P 778939 108534 1086821 36883971
PT [1 0 496 -41 1]
 P 778939 108534 1090211 36954130
PT [1 0 497 -41 1]
 P 778939 108534 1093601 37026310
PT [1 0 498 -41 1]
 P 778939 108534 1096991 37098490
PT [1 0 499 -41 1]
 P 778939 108534 1100381 37170670
PT [1 0 500 -41 1]
EMPTY QUEUE
 P 779249 108534 1103775 37243748
PT [1 0 501 -42 1]
 P 780809 108534 1103781 37315030
PT [1 0 502 -42 1]
 P 780809 108534 1107171 37387210
PT [1 0 503 -42 1]
 P 780809 108534 1110561 37459390
PT [1 0 504 -42 1]
 P 780809 108534 1113951 37531570
PT [1 0 505 -42 1]
EMPTY QUEUE
 P 781118 108534 1117346 37604585
PT [1 0 506 -42 1]
 P 781877 108534 1117352 37675930
PT [1 0 507 -42 1]
 P 781877 108534 1120742 37748110
PT [1 0 508 -42 1]
 P 781877 108534 1124132 37820290
PT [1 0 509 -42 1]
 P 781877 108534 1127522 37892470
PT [1 0 510 -42 1]
EMPTY QUEUE
 P 782186 108534 1130916 37966957
PT [1 0 511 -42 1]
 P 783553 108534 1130920 38036830
PT [1 0 512 -42 1]
 P 783553 108534 1134310 38109010
PT [1 0 513 -42 1]
 P 783553 108534 1137700 38181190
PT [1 0 514 -42 1]
 P 783553 108534 1141090 38253370
PT [1 0 515 -42 1]
EMPTY QUEUE
 P 783862 108534 1144485 38326768
PT [1 0 516 -43 1]
 P 784684 108534 1144489 38397730
PT [1 0 517 -43 1]
 P 784684 108534 1147879 38469910
PT [1 0 518 -43 1]
 P 784684 108534 1151269 38542090
PT [1 0 519 -43 1]
 P 784684 108534 1154659 38614270
PT [1 0 520 -43 1]
EMPTY QUEUE
 P 784994 108534 1158053 38688117
PT [1 0 521 -43 1]
 P 787702 108534 1158058 38758630
PT [1 0 522 -43 1]
 P 787702 108534 1161448 38830810
PT [1 0 523 -43 1]
 P 787702 108534 1164838 38902990
PT [1 0 524 -43 1]
 P 787702 108534 1168228 38975170
PT [1 0 525 -43 1]
EMPTY QUEUE
 P 788013 108534 1171622 39048955
PT [1 0 526 -44 1]
 P 790432 108534 1171628 39119530
PT [1 0 527 -44 1]
 P 790432 108534 1175018 39191710
PT [1 0 528 -44 1]
 P 790432 108534 1178408 39263890
PT [1 0 529 -44 1]
 P 790432 108534 1181798 39336070
PT [1 0 530 -44 1]
EMPTY QUEUE
 P 790742 108534 1185193 39409277
PT [1 0 531 -44 1]
 P 792232 108534 1185198 39480430
PT [1 0 532 -44 1]
 P 792232 108534 1188588 39552610
PT [1 0 533 -44 1]
 P 792232 108534 1191978 39624790
PT [1 0 534 -44 1]
 P 792232 108534 1195368 39696970
PT [1 0 535 -44 1]
EMPTY QUEUE
 P 792544 108534 1198762 39771139
PT [1 0 536 -44 1]
 P 794001 108534 1198767 39841330
PT [1 0 537 -44 1]
 P 794001 108534 1202157 39913510
PT [1 0 538 -44 1]
 P 794001 108534 1205547 39985690
PT [1 0 539 -44 1]
 P 794001 108534 1208937 40057870
PT [1 0 540 -44 1]
EMPTY QUEUE
 P 794311 108534 1212332 40132485
PT [1 0 541 -45 1]
 P 796119 108534 1212338 40202230
PT [1 0 542 -45 1]
 P 796119 108534 1215728 40274410
PT [1 0 543 -45 1]
 P 796119 108534 1219118 40346590
PT [1 0 544 -45 1]
 P 796119 108534 1222508 40418770
PT [1 0 545 -45 1]
EMPTY QUEUE
 P 796429 108534 1225903 40493322
PT [1 0 546 -44 1]
 P 798459 108534 1225909 40563130
PT [1 0 547 -44 1]
 P 798459 108534 1229299 40635310
PT [1 0 548 -44 1]
 P 798459 108534 1232689 40707490
PT [1 0 549 -44 1]
 P 798459 108534 1236079 40779670
PT [1 0 550 -44 1]
EMPTY QUEUE
 P 798768 108534 1239474 40853644
PT [1 0 551 -46 1]
 P 800382 108534 1239479 40924030
PT [1 0 552 -46 1]
 P 800382 108534 1242869 40996210
PT [1 0 553 -46 1]
 P 800382 108534 1246259 41068390
PT [1 0 554 -46 1]
 P 800382 108534 1249649 41140570
PT [1 0 555 -46 1]
EMPTY QUEUE
 P 800692 108534 1253044 41213457
PT [1 0 556 -46 1]
 P 802784 108534 1253050 41284930
PT [1 0 557 -46 1]
 P 802784 108534 1256440 41357110
PT [1 0 558 -46 1]
 P 802784 108534 1259830 41429290
PT [1 0 559 -46 1]
 P 802784 108534 1263220 41501470
PT [1 0 560 -46 1]
EMPTY QUEUE
 P 803094 108534 1266614 41574804
PT [1 0 561 -47 1]
 P 804001 108534 1266619 41645830
PT [1 0 562 -47 1]
 P 804001 108534 1270009 41718010
PT [1 0 563 -47 1]
 P 804001 108534 1273399 41790190
PT [1 0 564 -47 1]
 P 804001 108534 1276789 41862370
PT [1 0 565 -47 1]
EMPTY QUEUE
 P 804311 108534 1280184 41935641
PT [1 0 566 -47 1]
 P 805954 108534 1280189 42006730
PT [1 0 567 -47 1]
 P 805954 108534 1283579 42078910
PT [1 0 568 -47 1]
 P 805954 108534 1286969 42151090
PT [1 0 569 -47 1]
 P 805954 108534 1290359 42223270
PT [1 0 570 -47 1]
EMPTY QUEUE
 P 806264 108534 1293753 42298013
PT [1 0 571 -47 1]
 P 807137 108534 1293759 42367630
PT [1 0 572 -47 1]
 P 807137 108534 1297149 42439810
PT [1 0 573 -47 1]
 P 807137 108534 1300539 42511990
PT [1 0 574 -47 1]
 P 807137 108534 1303929 42584170
PT [1 0 575 -47 1]
EMPTY QUEUE
 P 807446 108534 1307324 42657824
PT [1 0 576 -48 1]
 P 809437 108534 1307330 42728530
PT [1 0 577 -48 1]
 P 809437 108534 1310720 42800710
PT [1 0 578 -48 1]
 P 809437 108534 1314110 42872890
PT [1 0 579 -48 1]
 P 809437 108534 1317500 42945070
PT [1 0 580 -48 1]
EMPTY QUEUE
 P 809746 108534 1320894 43019173
PT [1 0 581 -48 1]
 P 811704 108534 1320900 43089430
PT [1 0 582 -48 1]
 P 811704 108534 1324290 43161610
PT [1 0 583 -48 1]
 P 811704 108534 1327680 43233790
PT [1 0 584 -48 1]
 P 811704 108534 1331070 43305970
PT [1 0 585 -48 1]
EMPTY QUEUE
 P 812013 108534 1334464 43380008
PT [1 0 586 -49 1]
 P 812013 108534 1337854 43450330
PT [1 0 587 -49 1]
 P 813554 108534 1337860 43522510
PT [1 0 588 -49 1]
 P 813554 108534 1341250 43594690
PT [1 0 589 -49 1]
 P 813554 108534 1344640 43666870
PT [1 0 590 -49 1]
EMPTY QUEUE
 P 813864 108534 1348035 43740333
PT [1 0 591 -49 1]
 P 813864 108534 1351425 43811230
PT [1 0 592 -49 1]
 P 814604 108534 1351431 43883410
PT [1 0 593 -49 1]
 P 814604 108534 1354821 43955590
PT [1 0 594 -49 1]
 P 814604 108534 1358211 44027770
PT [1 0 595 -49 1]
EMPTY QUEUE
 P 814914 108534 1361605 44102193
PT [1 0 596 -49 1]
 P 814914 108534 1364995 44172130
PT [1 0 597 -49 1]
 P 816262 108534 1365000 44244310
PT [1 0 598 -49 1]
 P 816262 108534 1368390 44316490
PT [1 0 599 -49 1]
 P 816262 108534 1371780 44388670
PT [1 0 600 -49 1]
EMPTY QUEUE
 P 816572 108534 1375175 44461493
PT [1 0 601 -50 1]
 P 816572 108534 1378565 44533030
PT [1 0 602 -50 1]
 P 817375 108534 1378570 44605210
PT [1 0 603 -50 1]
 P 817375 108534 1381960 44677390
PT [1 0 604 -50 1]
 P 817375 108534 1385350 44749570
PT [1 0 605 -50 1]
EMPTY QUEUE
 P 817685 108534 1388744 44824377
PT [1 0 606 -50 1]
 P 817685 108534 1392134 44893930
PT [1 0 607 -50 1]
 P 820375 108534 1392139 44966110
PT [1 0 608 -50 1]
 P 820375 108534 1395529 45038290
PT [1 0 609 -50 1]
 P 820375 108534 1398919 45110470
PT [1 0 610 -50 1]
EMPTY QUEUE
 P 820432 108534 1404881 45187017
PT [1 0 611 -50 1]
EMPTY QUEUE
 P 820740 108534 1408276 45256368
PT [1 0 612 -51 1]
 P 823142 108534 1408280 45327010
PT [1 0 613 -51 1]
 P 823142 108534 1411670 45399190
PT [1 0 614 -51 1]
 P 823142 108534 1415060 45471370
PT [1 0 615 -51 1]
 P 823142 108534 1418450 45543550
PT [1 0 616 -51 1]
EMPTY QUEUE
 P 823452 108534 1421844 45618229
PT [1 0 617 -51 1]
 P 824923 108534 1421850 45687910
PT [1 0 618 -51 1]
 P 824923 108534 1425240 45760090
PT [1 0 619 -51 1]
 P 824923 108534 1428630 45832270
PT [1 0 620 -51 1]
 P 824923 108534 1432020 45904450
PT [1 0 621 -51 1]
EMPTY QUEUE
 P 825232 108534 1435414 45977528
PT [1 0 622 -52 1]
 P 826670 108534 1435419 46048810
PT [1 0 623 -52 1]
 P 826670 108534 1438809 46120990
PT [1 0 624 -52 1]
 P 826670 108534 1442199 46193170
PT [1 0 625 -52 1]
 P 826670 108534 1445589 46265350
PT [1 0 626 -52 1]
EMPTY QUEUE
 P 826980 108534 1448984 46338365
PT [1 0 627 -52 1]
 P 828769 108534 1448989 46409710
PT [1 0 628 -52 1]
 P 828769 108534 1452379 46481890
PT [1 0 629 -52 1]
 P 828769 108534 1455769 46554070
PT [1 0 630 -52 1]
 P 828769 108534 1459159 46626250
PT [1 0 631 -52 1]
EMPTY QUEUE
 P 829079 108534 1462553 46700737
PT [1 0 632 -52 1]
 P 831091 108534 1462558 46770610
PT [1 0 633 -52 1]
 P 831091 108534 1465948 46842790
PT [1 0 634 -52 1]
 P 831091 108534 1469338 46914970
PT [1 0 635 -52 1]
 P 831091 108534 1472728 46987150
PT [1 0 636 -52 1]
EMPTY QUEUE
 P 831401 108534 1476123 47060549
PT [1 0 637 -53 1]
 P 832996 108534 1476128 47131510
PT [1 0 638 -53 1]
 P 832996 108534 1479518 47203690
PT [1 0 639 -53 1]
 P 832996 108534 1482908 47275870
PT [1 0 640 -53 1]
 P 832996 108534 1486298 47348050
PT [1 0 641 -53 1]
EMPTY QUEUE
 P 833306 108534 1489692 47421897
PT [1 0 642 -53 1]
 P 835379 108534 1489698 47492410
PT [1 0 643 -53 1]
 P 835379 108534 1493088 47564590
PT [1 0 644 -53 1]
 P 835379 108534 1496478 47636770
PT [1 0 645 -53 1]
 P 835379 108534 1499868 47708950
PT [1 0 646 -53 1]
EMPTY QUEUE
 P 835687 108534 1503263 47782732
PT [1 0 647 -54 1]
 P 836576 108534 1503268 47853310
PT [1 0 648 -54 1]
 P 836576 108534 1506658 47925490
PT [1 0 649 -54 1]
 P 836576 108534 1510048 47997670
PT [1 0 650 -54 1]
 P 836576 108534 1513438 48069850
PT [1 0 651 -54 1]
EMPTY QUEUE
 P 836886 108534 1516833 48143057
PT [1 0 652 -54 1]
 P 838510 108534 1516838 48214210
PT [1 0 653 -54 1]
 P 838510 108534 1520228 48286390
PT [1 0 654 -54 1]
 P 838510 108534 1523618 48358570
PT [1 0 655 -54 1]
 P 838510 108534 1527008 48430750
PT [1 0 656 -54 1]
EMPTY QUEUE
 P 838820 108534 1530402 48504917
PT [1 0 657 -54 1]
 P 840538 108534 1530407 48575110
PT [1 0 658 -54 1]
 P 840538 108534 1533797 48647290
PT [1 0 659 -54 1]
 P 840538 108534 1537187 48719470
PT [1 0 660 -54 1]
 P 840538 108534 1540577 48791650
PT [1 0 661 -54 1]
EMPTY QUEUE
 P 840848 108534 1543972 48866265
PT [1 0 662 -55 1]
 P 840848 108534 1547362 48936010
PT [1 0 663 -55 1]
 P 841700 108534 1547368 49008190
PT [1 0 664 -55 1]
 P 841700 108534 1550758 49080370
PT [1 0 665 -55 1]
 P 841700 108534 1554148 49152550
PT [1 0 666 -55 1]
EMPTY QUEUE
 P 842009 108534 1557542 49227101
PT [1 0 667 -55 1]
 P 842009 108534 1560932 49296910
PT [1 0 668 -55 1]
 P 843981 108534 1560938 49369090
PT [1 0 669 -55 1]
 P 843981 108534 1564328 49441270
PT [1 0 670 -55 1]
 P 843981 108534 1567718 49513450
PT [1 0 671 -55 1]
EMPTY QUEUE
 P 844290 108534 1571113 49587424
PT [1 0 672 -56 1]
 P 844290 108534 1574503 49657810
PT [1 0 673 -56 1]
 P 846180 108534 1574508 49729990
PT [1 0 674 -56 1]
 P 847030 108534 1574514 49802170
PT [1 0 675 -56 1]
 P 847030 108534 1577904 49874350
PT [1 0 676 -56 1]
EMPTY QUEUE
 P 847340 108534 1581299 49948357
PT [1 0 677 -56 1]
 P 847340 108534 1584689 50018710
PT [1 0 678 -56 1]
 P 847340 108534 1588079 50090890
PT [1 0 679 -56 1]
 P 849309 108534 1588085 50163070
PT [1 0 680 -56 1]
 P 849309 108534 1591475 50235250
PT [1 0 681 -56 1]
EMPTY QUEUE
 P 849619 108534 1594869 50309448
PT [1 0 682 -56 1]
 P 849619 108534 1598259 50379610
PT [1 0 683 -56 1]
 P 849619 108534 1601649 50451790
PT [1 0 684 -56 1]
 P 851556 108534 1601653 50523970
PT [1 0 685 -56 1]
 P 851556 108534 1605043 50596150
PT [1 0 686 -56 1]
EMPTY QUEUE
 P 851865 108534 1608438 50670029
PT [1 0 687 -57 1]
 P 851865 108534 1611828 50740510
PT [1 0 688 -57 1]
 P 851865 108534 1615218 50812690
PT [1 0 689 -57 1]
 P 851865 108534 1618608 50884870
PT [1 0 690 -57 1]
 P 853384 108534 1618614 50957050
PT [1 0 691 -57 1]
EMPTY QUEUE
 P 853449 108534 1622006 51029849
PT [1 0 692 -57 1]
EMPTY QUEUE
 P 853759 108534 1625400 51102949
PT [1 0 693 -57 1]
 P 853759 108534 1628790 51173590
PT [1 0 694 -57 1]
 P 853759 108534 1632180 51245770
PT [1 0 695 -57 1]
 P 854476 108534 1632186 51317950
PT [1 0 696 -57 1]
 P 854476 108534 1635576 51390130
PT [1 0 697 -57 1]
EMPTY QUEUE
 P 854786 108534 1638971 51464809
PT [1 0 698 -58 1]
 P 854786 108534 1642361 51534490
PT [1 0 699 -58 1]
 P 854786 108534 1645751 51606670
PT [1 0 700 -58 1]
 P 856111 108534 1645757 51678850
PT [1 0 701 -58 1]
 P 856111 108534 1649147 51751030
PT [1 0 702 -58 1]
EMPTY QUEUE
 P 856421 108534 1652541 51824110
PT [1 0 703 -58 1]
 P 856421 108534 1655931 51895390
PT [1 0 704 -58 1]
 P 856421 108534 1659321 51967570
PT [1 0 705 -58 1]
 P 857201 108534 1659326 52039750
PT [1 0 706 -58 1]
 P 857201 108534 1662716 52111930
PT [1 0 707 -58 1]
EMPTY QUEUE
 P 857509 108534 1666111 52184944
PT [1 0 708 -59 1]
 P 857509 108534 1669501 52256290
PT [1 0 709 -59 1]
 P 857509 108534 1672891 52328470
PT [1 0 710 -59 1]
 P 860175 108534 1672897 52400650
PT [1 0 711 -59 1]
 P 860175 108534 1676287 52472830
PT [1 0 712 -59 1]
EMPTY QUEUE
 P 860485 108534 1679682 52547318
PT [1 0 713 -59 1]
 P 860485 108534 1683072 52617190
PT [1 0 714 -59 1]
 P 860485 108534 1686462 52689370
PT [1 0 715 -59 1]
 P 862574 108534 1686468 52761550
PT [1 0 716 -59 1]
 P 862574 108534 1689858 52833730
PT [1 0 717 -59 1]
EMPTY QUEUE
 P 862883 108534 1693252 52907128
PT [1 0 718 -60 1]
 P 862883 108534 1696642 52978090
PT [1 0 719 -60 1]
 P 862883 108534 1700032 53050270
PT [1 0 720 -60 1]
 P 865452 108534 1700038 53122450
PT [1 0 721 -60 1]
 P 865452 108534 1703428 53194630
PT [1 0 722 -60 1]
EMPTY QUEUE
 P 865762 108534 1706824 53268478
PT [1 0 723 -60 1]
 P 865762 108534 1710214 53338990
PT [1 0 724 -60 1]
 P 865762 108534 1713604 53411170
PT [1 0 725 -60 1]
 P 867145 108534 1713609 53483350
PT [1 0 726 -60 1]
 P 867145 108534 1716999 53555530
PT [1 0 727 -60 1]
EMPTY QUEUE
 P 867454 108534 1720393 53629313
PT [1 0 728 -60 1]
 P 867454 108534 1723783 53699890
PT [1 0 729 -60 1]
 P 867454 108534 1727173 53772070
PT [1 0 730 -60 1]
 P 869578 108534 1727178 53844250
PT [1 0 731 -60 1]
 P 871087 108534 1727184 53916430
PT [1 0 732 -60 1]
EMPTY QUEUE
 P 871395 108534 1730579 53990436
PT [1 0 733 -61 1]
 P 871395 108534 1733969 54060790
PT [1 0 734 -61 1]
 P 871395 108534 1737359 54132970
PT [1 0 735 -61 1]
 P 871395 108534 1740749 54205150
PT [1 0 736 -61 1]
 P 872103 108534 1740755 54277330
PT [1 0 737 -61 1]
EMPTY QUEUE
 P 872412 108534 1744149 54351529
PT [1 0 738 -61 1]
 P 872412 108534 1747539 54421690
PT [1 0 739 -61 1]
 P 872412 108534 1750929 54493870
PT [1 0 740 -61 1]
 P 872412 108534 1754319 54566050
PT [1 0 741 -61 1]
 P 873891 108534 1754324 54638230
PT [1 0 742 -61 1]
EMPTY QUEUE
 P 874200 108534 1757718 54712108
PT [1 0 743 -62 1]
 P 874200 108534 1761108 54782590
PT [1 0 744 -62 1]
 P 874200 108534 1764498 54854770
PT [1 0 745 -62 1]
 P 874200 108534 1767888 54926950
PT [1 0 746 -62 1]
 P 875134 108534 1767894 54999130
PT [1 0 747 -62 1]
EMPTY QUEUE
 P 875443 108534 1771289 55072177
PT [1 0 748 -62 1]
 P 875443 108534 1774679 55143490
PT [1 0 749 -62 1]
 P 875443 108534 1778069 55215670
PT [1 0 750 -62 1]
 P 875443 108534 1781459 55287850
PT [1 0 751 -62 1]
 P 878263 108534 1781465 55360030
PT [1 0 752 -62 1]
EMPTY QUEUE
 P 878320 108534 1787427 55436097
PT [1 0 753 -62 1]
EMPTY QUEUE
 P 878631 108534 1790821 55505930
PT [1 0 754 -61 1]
 P 878631 108534 1794211 55576570
PT [1 0 755 -61 1]
 P 878631 108534 1797601 55648750
PT [1 0 756 -61 1]
 P 881163 108534 1797606 55720930
PT [1 0 757 -61 1]
 P 881163 108534 1800996 55793110
PT [1 0 758 -61 1]
EMPTY QUEUE
 P 881473 108534 1804391 55867789
PT [1 0 759 -63 1]
 P 881473 108534 1807781 55937470
PT [1 0 760 -63 1]
 P 881473 108534 1811171 56009650
PT [1 0 761 -63 1]
 P 883876 108534 1811177 56081830
PT [1 0 762 -63 1]
 P 883876 108534 1814567 56154010
PT [1 0 763 -63 1]
EMPTY QUEUE
 P 884185 108534 1817961 56227089
PT [1 0 764 -63 1]
 P 884185 108534 1821351 56298370
PT [1 0 765 -63 1]
 P 884185 108534 1824741 56370550
PT [1 0 766 -63 1]
 P 885147 108534 1824747 56442730
PT [1 0 767 -63 1]
 P 885147 108534 1828137 56514910
PT [1 0 768 -63 1]
EMPTY QUEUE
 P 885455 108534 1831532 56587924
PT [1 0 769 -64 1]
 P 885455 108534 1834922 56659270
PT [1 0 770 -64 1]
 P 885455 108534 1838312 56731450
PT [1 0 771 -64 1]
 P 887920 108534 1838316 56803630
PT [1 0 772 -64 1]
 P 887920 108534 1841706 56875810
PT [1 0 773 -64 1]
EMPTY QUEUE
 P 888229 108534 1845100 56950297
PT [1 0 774 -64 1]
 P 888229 108534 1848490 57020170
PT [1 0 775 -64 1]
 P 888229 108534 1851880 57092350
PT [1 0 776 -64 1]
 P 890532 108534 1851885 57164530
PT [1 0 777 -64 1]
 P 890532 108534 1855275 57236710
PT [1 0 778 -64 1]
EMPTY QUEUE
 P 890841 108534 1858669 57310108
PT [1 0 779 -65 1]
 P 890841 108534 1862059 57381070
PT [1 0 780 -65 1]
 P 890841 108534 1865449 57453250
PT [1 0 781 -65 1]
 P 892855 108534 1865455 57525430
PT [1 0 782 -65 1]
 P 892855 108534 1868845 57597610
PT [1 0 783 -65 1]
EMPTY QUEUE
 P 893164 108534 1872240 57671457
PT [1 0 784 -65 1]
 P 893164 108534 1875630 57741970
PT [1 0 785 -65 1]
 P 893164 108534 1879020 57814150
PT [1 0 786 -65 1]
 P 894249 108534 1879025 57886330
PT [1 0 787 -65 1]
 P 894249 108534 1882415 57958510
PT [1 0 788 -65 1]
EMPTY QUEUE
 P 894559 108534 1885809 58032293
PT [1 0 789 -65 1]
 P 894559 108534 1889199 58102870
PT [1 0 790 -65 1]
 P 894559 108534 1892589 58175050
PT [1 0 791 -65 1]
 P 895610 108534 1892595 58247230
PT [1 0 792 -65 1]
 P 895610 108534 1895985 58319410
PT [1 0 793 -65 1]
EMPTY QUEUE
 P 895918 108534 1899380 58392616
PT [1 0 794 -66 1]
 P 895918 108534 1902770 58463770
PT [1 0 795 -66 1]
 P 895918 108534 1906160 58535950
PT [1 0 796 -66 1]
 P 897320 108534 1906166 58608130
PT [1 0 797 -66 1]
 P 897320 108534 1909556 58680310
PT [1 0 798 -66 1]
EMPTY QUEUE
 P 897630 108534 1912950 58754477
PT [1 0 799 -66 1]
 P 897630 108534 1916340 58824670
PT [1 0 800 -66 1]
 P 897630 108534 1919730 58896850
PT [1 0 801 -66 1]
 P 899256 108534 1919736 58969030
PT [1 0 802 -66 1]
 P 899256 108534 1923126 59041210
PT [1 0 803 -66 1]
EMPTY QUEUE
 P 899564 108534 1926521 59115824
PT [1 0 804 -67 1]
 P 899564 108534 1929911 59185570
PT [1 0 805 -67 1]
 P 899564 108534 1933301 59257750
PT [1 0 806 -67 1]
 P 900772 108534 1933307 59329930
PT [1 0 807 -67 1]
 P 900772 108534 1936697 59402110
PT [1 0 808 -67 1]
EMPTY QUEUE
 P 901081 108534 1940092 59476661
PT [1 0 809 -67 1]
 P 901081 108534 1943482 59546470
PT [1 0 810 -67 1]
 P 901081 108534 1946872 59618650
PT [1 0 811 -67 1]
 P 902769 108534 1946878 59690830
PT [1 0 812 -67 1]
 P 902769 108534 1950268 59763010
PT [1 0 813 -67 1]
EMPTY QUEUE
 P 903079 108534 1953662 59836985
PT [1 0 814 -67 1]
 P 903079 108534 1957052 59907370
PT [1 0 815 -67 1]
 P 903079 108534 1960442 59979550
PT [1 0 816 -67 1]
 P 905631 108534 1960447 60051730
PT [1 0 817 -67 1]
 P 905631 108534 1963837 60123910
PT [1 0 818 -67 1]
EMPTY QUEUE
 P 905940 108534 1967232 60196797
PT [1 0 819 -68 1]
 P 905940 108534 1970622 60268270
PT [1 0 820 -68 1]
 P 905940 108534 1974012 60340450
PT [1 0 821 -68 1]
 P 907178 108534 1974017 60412630
PT [1 0 822 -68 1]
 P 907178 108534 1977407 60484810
PT [1 0 823 -68 1]
EMPTY QUEUE
 P 907237 108534 1983369 60560462
PT [1 0 824 -68 1]
EMPTY QUEUE
 P 907546 108534 1986763 60630709
PT [1 0 825 -68 1]
 P 907546 108534 1990153 60701350
PT [1 0 826 -68 1]
 P 908878 108534 1990158 60773530
PT [1 0 827 -68 1]
 P 908878 108534 1993548 60845710
PT [1 0 828 -68 1]
 P 908878 108534 1996938 60917890
PT [1 0 829 -68 1]
EMPTY QUEUE
 P 908889 108534 2000330 60992267
PT [1 0 830 -68 1]
EMPTY QUEUE
 P 909198 108534 2003725 61063789
PT [1 0 831 -69 1]
 P 911521 108534 2003731 61134430
PT [1 0 832 -69 1]
 P 911521 108534 2007121 61206610
PT [1 0 833 -69 1]
 P 911521 108534 2010511 61278790
PT [1 0 834 -69 1]
 P 911521 108534 2013901 61350970
PT [1 0 835 -69 1]
EMPTY QUEUE
 P 911830 108534 2017295 61425649
PT [1 0 836 -69 1]
 P 913480 108534 2017300 61495330
PT [1 0 837 -69 1]
 P 913480 108534 2020690 61567510
PT [1 0 838 -69 1]
 P 913480 108534 2024080 61639690
PT [1 0 839 -69 1]
 P 913480 108534 2027470 61711870
PT [1 0 840 -69 1]
EMPTY QUEUE
 P 913789 108534 2030865 61784948
PT [1 0 841 -70 1]
 P 914637 108534 2030871 61856230
PT [1 0 842 -70 1]
 P 914637 108534 2034261 61928410
PT [1 0 843 -70 1]
 P 914637 108534 2037651 62000590
PT [1 0 844 -70 1]
 P 914637 108534 2041041 62072770
PT [1 0 845 -70 1]
EMPTY QUEUE
 P 914947 108534 2044436 62145786
PT [1 0 846 -70 1]
 P 916595 108534 2044442 62217130
PT [1 0 847 -70 1]
 P 916595 108534 2047832 62289310
PT [1 0 848 -70 1]
 P 916595 108534 2051222 62361490
PT [1 0 849 -70 1]
 P 916595 108534 2054612 62433670
PT [1 0 850 -70 1]
EMPTY QUEUE
 P 916905 108534 2058006 62508156
PT [1 0 851 -71 1]
 P 917752 108534 2058012 62578030
PT [1 0 852 -71 1]
 P 917752 108534 2061402 62650210
PT [1 0 853 -71 1]
 P 917752 108534 2064792 62722390
PT [1 0 854 -71 1]
 P 917752 108534 2068182 62794570
PT [1 0 855 -71 1]
EMPTY QUEUE
 P 918063 108534 2071577 62867970
PT [1 0 856 -71 1]
 P 919517 108534 2071583 62938930
PT [1 0 857 -71 1]
 P 919517 108534 2074973 63011110
PT [1 0 858 -71 1]
 P 919517 108534 2078363 63083290
PT [1 0 859 -71 1]
 P 919517 108534 2081753 63155470
PT [1 0 860 -71 1]
EMPTY QUEUE
 P 919827 108534 2085147 63229317
PT [1 0 861 -71 1]
 P 920735 108534 2085153 63299830
PT [1 0 862 -71 1]
 P 920735 108534 2088543 63372010
PT [1 0 863 -71 1]
 P 920735 108534 2091933 63444190
PT [1 0 864 -71 1]
 P 920735 108534 2095323 63516370
PT [1 0 865 -71 1]
EMPTY QUEUE
 P 921046 108534 2098717 63590153
PT [1 0 866 -71 1]
 P 923841 108534 2098723 63660730
PT [1 0 867 -71 1]
 P 923841 108534 2102113 63732910
PT [1 0 868 -71 1]
 P 923841 108534 2105503 63805090
PT [1 0 869 -71 1]
 P 923841 108534 2108893 63877270
PT [1 0 870 -71 1]
EMPTY QUEUE
 P 924151 108534 2112287 63950477
PT [1 0 871 -72 1]
 P 926658 108534 2112292 64021630
PT [1 0 872 -72 1]
 P 926658 108534 2115682 64093810
PT [1 0 873 -72 1]
 P 926658 108534 2119072 64165990
PT [1 0 874 -72 1]
 P 926658 108534 2122462 64238170
PT [1 0 875 -72 1]
EMPTY QUEUE
 P 926968 108534 2125856 64312336
PT [1 0 876 -73 1]
 P 928545 108534 2125861 64382530
PT [1 0 877 -73 1]
 P 928545 108534 2129251 64454710
PT [1 0 878 -73 1]
 P 928545 108534 2132641 64526890
PT [1 0 879 -73 1]
 P 928545 108534 2136031 64599070
PT [1 0 880 -73 1]
EMPTY QUEUE
 P 928854 108534 2139426 64673685
PT [1 0 881 -73 1]
 P 930398 108534 2139431 64743430
PT [1 0 882 -73 1]
 P 930398 108534 2142821 64815610
PT [1 0 883 -73 1]
 P 930398 108534 2146211 64887790
PT [1 0 884 -73 1]
 P 930398 108534 2149601 64959970
PT [1 0 885 -73 1]
EMPTY QUEUE
 P 930707 108534 2152995 65034521
PT [1 0 886 -73 1]
 P 932601 108534 2153001 65104330
PT [1 0 887 -73 1]
 P 932601 108534 2156391 65176510
PT [1 0 888 -73 1]
 P 932601 108534 2159781 65248690
PT [1 0 889 -73 1]
 P 932601 108534 2163171 65320870
PT [1 0 890 -73 1]
EMPTY QUEUE
 P 932911 108534 2166566 65394845
PT [1 0 891 -74 1]
 P 935029 108534 2166572 65465230
PT [1 0 892 -74 1]
 P 935029 108534 2169962 65537410
PT [1 0 893 -74 1]
 P 935029 108534 2173352 65609590
PT [1 0 894 -74 1]
 P 935029 108534 2176742 65681770
PT [1 0 895 -74 1]
EMPTY QUEUE
 P 935339 108534 2180136 65754657
PT [1 0 896 -74 1]
 P 937040 108534 2180142 65826130
PT [1 0 897 -74 1]
 P 937040 108534 2183532 65898310
PT [1 0 898 -74 1]
 P 937040 108534 2186922 65970490
PT [1 0 899 -74 1]
 P 937040 108534 2190312 66042670
PT [1 0 900 -74 1]
EMPTY QUEUE
 P 937348 108534 2193707 66116004
PT [1 0 901 -75 1]
 P 939527 108534 2193713 66187030
PT [1 0 902 -75 1]
 P 939527 108534 2197103 66259210
PT [1 0 903 -75 1]
 P 939527 108534 2200493 66331390
PT [1 0 904 -75 1]
 P 939527 108534 2203883 66403570
PT [1 0 905 -75 1]
EMPTY QUEUE
 P 939836 108534 2207278 66476841
PT [1 0 906 -75 1]
 P 940830 108534 2207284 66547930
PT [1 0 907 -75 1]
 P 940830 108534 2210674 66620110
PT [1 0 908 -75 1]
 P 940830 108534 2214064 66692290
PT [1 0 909 -75 1]
 P 940830 108534 2217454 66764470
PT [1 0 910 -75 1]
EMPTY QUEUE
 P 941139 108534 2220848 66839212
PT [1 0 911 -76 1]
 P 942868 108534 2220854 66908830
PT [1 0 912 -76 1]
 P 942868 108534 2224244 66981010
PT [1 0 913 -76 1]
 P 942868 108534 2227634 67053190
PT [1 0 914 -76 1]
 P 942868 108534 2231024 67125370
PT [1 0 915 -76 1]
EMPTY QUEUE
 P 943178 108534 2234419 67199025
PT [1 0 916 -76 1]
 P 945003 108534 2234424 67269730
PT [1 0 917 -76 1]
 P 945003 108534 2237814 67341910
PT [1 0 918 -76 1]
 P 945003 108534 2241204 67414090
PT [1 0 919 -76 1]
 P 945003 108534 2244594 67486270
PT [1 0 920 -76 1]
EMPTY QUEUE
 P 945313 108534 2247988 67560373
PT [1 0 921 -76 1]
 P 948134 108534 2247994 67630630
PT [1 0 922 -76 1]
 P 949094 108534 2247998 67702810
PT [1 0 923 -76 1]
 P 949094 108534 2251388 67774990
PT [1 0 924 -76 1]
 P 949094 108534 2254778 67847170
PT [1 0 925 -76 1]
EMPTY QUEUE
 P 949403 108534 2258173 67921176
PT [1 0 926 -77 1]
 P 949403 108534 2261563 67991530
PT [1 0 927 -77 1]
 P 951480 108534 2261570 68063710
PT [1 0 928 -77 1]
 P 951480 108534 2264960 68135890
PT [1 0 929 -77 1]
 P 951480 108534 2268350 68208070
PT [1 0 930 -77 1]
EMPTY QUEUE
 P 951789 108534 2271745 68282269
PT [1 0 931 -77 1]
 P 951789 108534 2275135 68352430
PT [1 0 932 -77 1]
 P 953834 108534 2275140 68424610
PT [1 0 933 -77 1]
 P 953834 108534 2278530 68496790
PT [1 0 934 -77 1]
 P 953834 108534 2281920 68568970
PT [1 0 935 -77 1]
EMPTY QUEUE
 P 954144 108534 2285314 68642848
PT [1 0 936 -78 1]
 P 954144 108534 2288704 68713330
PT [1 0 937 -78 1]
