using saved target 'z1'
../../../../contiki/tools/sky/serialdump-linux -b115200 /dev/ttyUSB3
connecting to /dev/ttyUSB3 (115200) [OK]
Rime started with address 4.0
MAC 04:00:00:00:00:00:00:00 Ref ID: 4841
Contiki-3.x-2125-g5d67a61 started. Node id is set to 4.

************************************************
RTIMER_SECOND = 32768. F_CPU=8000000.
CLOCK_SECOND=128.
DURSLOT = 6015.(0.1835 s).
DURSLEEP = 114285.
DURCYCLE = 120300 .(3.6712 s).
MAX_CLOCK_DRIFT = WAKEUP_ADVANCE_TIME = 327 (0.0033 s).
PERIODIC_BCAST_CYCLES_SENSOR = 196611.
PERIODIC_BCAST_CYCLES_SINK = 196611.
MAX_CYCLE_COUNTER = 27904.
MAX_COUNT_NO_RTS_CTS = 65535.
MAX_CHILD_NUM = 10.
MAX_TRY_TO_FIND_PARENT = 3.

**********Below is Related Settings**********
PRIMAC_CONF_COMPOWER = 1.
PRIMAC_CONF_COMPOWER_SUPPORT = 1.
SF = 18.
PRI_SYNC_SUPPORT = 1.
RANDOM_DRIFT_IN_COOJA_SUPPORT = 0.
ADCSC_SUPPORT = 1.
DATA_TX_SUPPORT = 1.
CYCLES_PER_PACKET = 4.
DATA_INTERVAL = 9.
RETX_LIMIT = 6.
TOTAL_DATA_NUM = 50.
MAX_DATA_QUEUE_BUFS = 10.
PROC_GRADE_BASED_ON_ADDR_SUPPORT = 1.
NODES_NUM_PER_GRADE = 2.
ADDRESS_FREE_SUPPORT = 0.
IS_COOJA_SIM = 0.
CROSS_PLATFORM_SUPPORT = 1.
************************************************

My address is 4.0.
nullmac PRIMAC, channel check rate 8 Hz, radio channel 26
Starting
Hello, world
 P 0 0 0 3032324
 P 0 0 3452 3154551
 P 0 0 6842 3272924
 P 0 0 10232 3393224
 P 0 0 13622 3513524
 P 0 0 17012 3633824
EMPTY QUEUE
 P 364 0 20412 3756298
PT [2 0 1 -3 1]
 P 364 0 23802 3874424
PT [2 0 2 -3 1]
 P 364 0 27192 3994724
PT [2 0 3 -3 1]
 P 364 0 30582 4115024
PT [2 0 4 -3 1]
 P 3092 0 31244 4235324
PT [2 0 5 -3 1]
EMPTY QUEUE
 P 6100 0 32255 4357062
PT [2 0 6 -2 1]
 P 6100 0 35645 4475924
PT [2 0 7 -2 1]
 P 6100 0 39035 4596224
PT [2 0 8 -2 1]
 P 6100 0 42425 4716524
PT [2 0 9 -2 1]
rcv bro rts
 P 7087 0 42465 4836824
PT [2 0 10 -2 1]
 P 8298 0 42468 4957124
PT [2 0 11 -2 1]
EMPTY QUEUE
 P 8918 0 45868 5079566
PT [2 0 12 -2 1]
 P 8918 0 49258 5197724
PT [2 0 13 -2 1]
 P 8918 0 52648 5318024
PT [2 0 14 -2 1]
 P 10368 0 52657 5438324
PT [2 0 15 -2 1]
 P 11815 0 52661 5558624
PT [2 0 16 -2 1]
EMPTY QUEUE
 P 13179 0 52677 5680073
PT [2 0 17 -2 1]
 P 14428 0 52680 5799224
PT [2 0 18 -2 1]
 P 15657 0 52683 5919524
PT [2 0 19 -2 1]
 P 15657 0 56073 6039824
PT [2 0 20 -2 1]
 P 15657 0 59463 6160124
PT [2 0 21 -2 1]
EMPTY QUEUE
 P 17887 0 59480 6281509
PT [2 0 22 -2 1]
 P 19192 0 59488 6400724
PT [2 0 23 -2 1]
 P 20484 0 59492 6521024
PT [2 0 24 -2 1]
 P 22361 0 59495 6641324
PT [2 0 25 -2 1]
 P 22361 0 62885 6761624
PT [2 0 26 -2 1]
EMPTY QUEUE
 P 22918 0 66284 6884482
PT [2 0 27 -2 1]
 P 25676 0 66292 7002224
PT [2 0 28 -2 1]
 P 25676 0 69682 7122524
PT [2 0 29 -2 1]
 P 28053 0 69685 7242824
PT [2 0 30 -2 1]
 P 29264 0 69688 7363124
PT [2 0 31 -2 1]
EMPTY QUEUE
 P 29820 0 73087 7484893
PT [2 0 32 -2 1]
 P 31210 0 73095 7603724
PT [2 0 33 -2 1]
 P 31210 0 76485 7724024
PT [2 0 34 -2 1]
 P 31210 0 79875 7844324
PT [2 0 35 -2 1]
 P 32505 0 79878 7964624
PT [2 0 36 -2 1]
 P 33939 0 79882 8084924
PT [2 0 37 -2 1]
EMPTY QUEUE
 P 35501 0 79899 8206885
PT [2 0 38 -2 1]
 P 35501 0 83289 8325524
PT [2 0 39 -2 1]
 P 35501 0 86679 8445824
PT [2 0 40 -2 1]
 P 35501 0 90069 8566124
PT [2 0 41 -2 1]
 P 37721 0 90073 8686424
PT [2 0 42 -2 1]
 P 38584 0 90076 8806724
PT [2 0 43 -2 1]
EMPTY QUEUE
 P 39812 0 90093 8929870
PT [2 0 44 -2 1]
 P 39812 0 93483 9047324
PT [2 0 45 -2 1]
 P 39812 0 96873 9167624
PT [2 0 46 -2 1]
 P 39812 0 100263 9287924
PT [2 0 47 -2 1]
 P 41335 0 100266 9408224
PT [2 0 48 -2 1]
 P 42423 0 100269 9528524
PT [2 0 49 -2 1]
EMPTY QUEUE
 P 43806 0 100286 9650389
PT [2 0 50 -2 1]
 P 43806 0 103676 9769124
PT [2 0 51 -2 1]
 P 43806 0 107066 9889424
PT [2 0 52 -2 1]
 P 43806 0 110456 10009724
PT [2 0 53 -2 1]
 P 44788 0 110459 10130024
PT [2 0 54 -2 1]
EMPTY QUEUE
 P 47050 0 110476 10252113
PT [2 0 55 -2 1]
 P 48354 0 110485 10370624
PT [2 0 56 -2 1]
 P 49595 0 110488 10490924
PT [2 0 57 -2 1]
 P 49595 0 113878 10611224
PT [2 0 58 -2 1]
 P 49595 0 117268 10731524
PT [2 0 59 -2 1]
EMPTY QUEUE
 P 50120 0 120667 10853230
PT [2 0 60 -2 1]
 P 52879 0 120675 10972124
PT [2 0 61 -2 1]
 P 54181 0 120679 11092424
PT [2 0 62 -2 1]
 P 56069 0 120682 11212724
PT [2 0 63 -2 1]
 P 56069 0 124072 11333024
PT [2 0 64 -2 1]
EMPTY QUEUE
 P 56561 0 127471 11455913
PT [2 0 65 -2 1]
 P 57952 0 127479 11573624
PT [2 0 66 -2 1]
 P 57952 0 130869 11693924
PT [2 0 67 -2 1]
 P 60341 0 130873 11814224
PT [2 0 68 -2 1]
 P 61564 0 130876 11934524
PT [2 0 69 -2 1]
EMPTY QUEUE
 P 62152 0 134275 12056165
PT [2 0 70 -2 1]
 P 63713 72 134295 12176835
PT [2 0 71 -2 1]
 P 63713 72 137685 12295424
PT [2 0 72 -2 1]
Warning: data sending process fails.
 P 64301 138 141190 12417501
PT [2 0 73 -2 1]
 P 65607 138 141193 12536024
PT [2 0 74 -2 1]
 P 67053 138 141196 12656324
PT [2 0 75 -2 1]
 P 68934 210 141216 12778175
PT [2 0 76 -2 1]
 P 69522 282 144617 12896924
PT [2 0 77 -2 1]
 P 69591 282 150579 13022114
PT [2 0 78 -2 1]
 P 70179 354 153980 13140131
PT [2 0 79 -2 1]
 P 72412 354 153983 13257824
PT [2 0 80 -2 1]
 P 75153 426 154002 13380827
PT [2 0 81 -2 1]
 P 76422 426 154006 13498424
PT [2 0 82 -2 1]
 P 77937 568 154026 13621107
PT [2 0 83 -2 1]
 P 79831 640 154040 13739024
PT [2 0 84 -2 1]
 P 79831 640 157430 13859324
PT [2 0 85 -2 1]
 P 81161 640 157433 13979624
PT [2 0 86 -2 1]
 P 82647 995 157452 14102020
PT [2 0 87 -2 1]
 P 85164 1067 157465 14220224
PT [2 0 88 -2 1]
 P 87440 1422 157485 14343100
PT [2 0 89 -2 1]
 P 88489 1566 160896 14462951
PT [2 0 90 -2 1]
 P 89869 1566 160905 14581124
PT [2 0 91 -2 1]
 P 91309 1921 160924 14703647
PT [2 0 92 -2 1]
 P 92621 1921 160927 14821724
PT [2 0 93 -2 1]
 P 93913 1921 160931 14942024
PT [2 0 94 -2 1]
 P 95264 2277 160951 15064963
PT [2 0 95 -2 1]
 P 96313 2421 164362 15182624
PT [2 0 96 -2 1]
 P 98664 2776 164381 15305019
PT [2 0 97 -2 1]
 P 99998 2776 164384 15423224
PT [2 0 98 -2 1]
 P 101312 2776 164387 15543524
PT [2 0 99 -2 1]
 P 102850 2914 166967 15668650
PT [2 0 100 -2 1]
 P 104124 2914 166971 15784124
PT [2 0 101 -2 1]
 P 105615 3080 166991 15906583
PT [2 0 102 -2 1]
 P 109316 3368 167035 16024724
PT [2 0 103 0 1]
 P 110673 3368 167038 16145024
PT [2 0 104 0 1]
 P 112009 3368 167041 16265324
PT [2 0 105 0 1]
 P 113398 3723 167061 16387623
PT [2 0 106 -2 1]
 P 113923 3795 170461 16505924
PT [2 0 107 -2 1]
 P 116070 4150 170481 16628671
PT [2 0 108 -2 1]
 P 117883 4222 170495 16746524
PT [2 0 109 -2 1]
 P 119281 4222 170498 16866824
PT [2 0 110 -2 1]
 P 121487 4294 171463 16988483
PT [2 0 111 -2 1]
 P 122845 4294 171466 17107424
PT [2 0 112 -2 1]
 P 124470 4492 171486 17230588
PT [2 0 113 -2 1]
 P 128245 4920 171519 17348024
PT [2 0 114 -2 1]
 P 130044 4992 171537 17470227
PT [2 0 115 -2 1]
 P 131323 4992 171540 17588624
PT [2 0 116 -2 1]
 P 132782 5347 171558 17712075
PT [2 0 117 -2 1]
 P 133339 5419 174958 17829224
PT [2 0 118 -2 1]
 P 134700 5419 174961 17949524
PT [2 0 119 -2 1]
 P 136328 5613 174979 18072367
PT [2 0 120 -2 1]
 P 138142 5685 174992 18190124
PT [2 0 121 -2 1]
 P 139633 5882 175011 18312071
PT [2 0 122 -2 1]
 P 141439 5954 175025 18430724
PT [2 0 123 -2 1]
 P 142842 5954 175028 18551024
PT [2 0 124 -2 1]
 P 144282 6310 175046 18673610
PT [2 0 125 -2 1]
 P 144838 6382 178446 18791624
PT [2 0 126 -2 1]
 P 147100 6737 178465 18913698
PT [2 0 127 -2 1]
Warning: data sending process fails.
 P 148981 6803 178582 19032224
PT [2 0 128 -2 1]
 P 150285 6803 178585 19152524
PT [2 0 129 -2 1]
 P 151621 7087 181166 19276242
PT [2 0 130 -2 1]
 P 153007 7087 181169 19393124
PT [2 0 131 -2 1]
 P 153076 7204 184562 19515382
PT [2 0 132 -2 1]
 P 154421 7204 184565 19633724
PT [2 0 133 -2 1]
 P 155907 7558 184584 19756310
PT [2 0 134 -1 1]
 P 160106 7846 184627 19874324
PT [2 0 135 -1 1]
 P 162317 8201 184647 19996654
PT [2 0 136 -1 1]
 P 163366 8345 188057 20117850
PT [2 0 137 -2 1]
 P 165302 8700 188076 20236614
PT [2 0 138 -2 1]
 P 166650 8700 188079 20355524
PT [2 0 139 -2 1]
 P 167238 8772 191479 20478046
PT [2 0 140 -2 1]
 P 168547 8772 191482 20596124
PT [2 0 141 -2 1]
 P 169930 9127 191500 20717782
PT [2 0 142 -1 1]
 P 170552 9199 194900 20836724
PT [2 0 143 -1 1]
 P 172902 9554 194918 20958798
PT [2 0 144 -1 1]
 P 174870 9626 194931 21077324
PT [2 0 145 -1 1]
 P 176198 9626 194934 21197624
PT [2 0 146 -1 1]
 P 178396 9698 195900 21319922
PT [2 0 147 -1 1]
 P 179684 9698 195903 21438224
PT [2 0 148 -1 1]
 P 181205 9960 195921 21561738
PT [2 0 149 -1 1]
 P 184869 10387 195953 21678824
PT [2 0 150 -1 1]
 P 186235 10387 195962 21799124
PT [2 0 151 -1 1]
 P 187444 10387 195965 21919424
PT [2 0 152 -1 1]
 P 188819 10742 195985 22041370
PT [2 0 153 -1 1]
 P 189380 10814 201957 22164754
PT [2 0 154 -1 1]
 P 191578 11168 201976 22282546
PT [2 0 155 -1 1]
 P 193344 11240 201990 22400624
PT [2 0 156 -1 1]
 P 194567 11240 201993 22520924
PT [2 0 157 -1 1]
 P 196019 11443 202005 22642878
PT [2 0 158 -1 1]
 P 197203 11443 202008 22761524
PT [2 0 159 -1 1]
 P 198507 11443 202012 22881824
PT [2 0 160 -1 1]
 P 199923 11798 202030 23004378
PT [2 0 161 -1 1]
 P 203446 12086 202073 23122424
PT [2 0 162 -1 1]
 P 204691 12086 202076 23242724
PT [2 0 163 -1 1]
 P 206093 12158 202095 23365598
PT [2 0 164 -1 1]
 P 207451 12513 202114 23486026
PT [2 0 165 -1 1]
 P 208637 12513 202117 23603624
PT [2 0 166 -1 1]
 P 210021 12869 202135 23726370
PT [2 0 167 -1 1]
 P 212458 12941 202148 23844224
PT [2 0 168 -1 1]
 P 214953 13013 203095 23966490
PT [2 0 169 -1 1]
 P 216188 13013 203098 24084824
PT [2 0 170 -1 1]
 P 217403 13013 203101 24205124
PT [2 0 171 -1 1]
 P 218836 13368 203123 24328448
PT [2 0 172 -1 1]
 P 221015 13440 203141 24445724
PT [2 0 173 -1 1]
 P 223014 13686 203161 24567288
PT [2 0 174 -1 1]
 P 224853 13758 203174 24686324
PT [2 0 175 -1 1]
 P 224922 13758 209136 24811258
PT [2 0 176 -1 1]
 P 226132 13758 209139 24926924
PT [2 0 177 -1 1]
 P 227469 14113 209159 25049383
PT [2 0 178 -1 1]
 P 230333 14257 209188 25167524
PT [2 0 179 -1 1]
 P 231603 14257 209191 25287824
PT [2 0 180 -1 1]
 P 233127 14612 209211 25409804
PT [2 0 181 0 1]
 P 234978 14684 209225 25528424
PT [2 0 182 -1 1]
 P 236400 15039 209244 25651716
PT [2 0 183 -1 1]
 P 237591 15039 209247 25769024
PT [2 0 184 -1 1]
 P 238904 15039 209250 25889324
PT [2 0 185 -1 1]
 P 240205 15394 209269 26010951
PT [2 0 186 -1 1]
 P 241317 15538 212679 26129924
PT [2 0 187 -1 1]
 P 243539 15893 212698 26252959
PT [2 0 188 -1 1]
 P 245392 15965 212712 26370524
PT [2 0 189 -1 1]
 P 246605 15965 212715 26490824
PT [2 0 190 -1 1]
 P 248420 16320 212735 26613315
PT [2 0 191 -1 1]
 P 251778 16392 212754 26731424
PT [2 0 192 -1 1]
 P 253282 16392 212762 26851724
PT [2 0 193 -1 1]
 P 254130 16392 212770 26972024
PT [2 0 194 -1 1]
 P 255602 16747 212788 27094579
PT [2 0 195 -1 1]
 P 256817 16747 212791 27212624
PT [2 0 196 -1 1]
 P 257663 16747 214002 27332924
PT [2 0 197 -1 1]
 P 258436 16747 214010 27453224
PT [2 0 198 -1 1]
 P 259769 17102 214029 27575715
PT [2 0 199 -1 1]
 P 262209 17386 214040 27693824
PT [2 0 200 -1 1]
 P 264101 17458 214059 27816540
PT [2 0 201 -1 1]
 P 265990 17458 214062 27934424
PT [2 0 202 -1 1]
 P 267335 17813 214082 28056275
PT [2 0 203 -1 1]
 P 268579 17813 214086 28175024
PT [2 0 204 -1 1]
 P 269949 18168 214106 28297643
PT [2 0 205 -1 1]
 P 269949 18168 217496 28415624
PT [2 0 206 -1 1]
 P 271134 18168 217499 28535924
PT [2 0 207 -1 1]
 P 272573 18523 217519 28658735
PT [2 0 208 -1 1]
 P 272573 18523 220909 28776524
PT [2 0 209 -1 1]
 P 274316 18806 223490 28900850
PT [2 0 210 -1 1]
 P 276241 18878 223509 29019411
PT [2 0 211 -1 1]
 P 277481 18878 223512 29137424
PT [2 0 212 -1 1]
 P 278701 18878 223515 29257724
PT [2 0 213 -1 1]
 P 280204 19233 223535 29380759
PT [2 0 214 -1 1]
 P 282111 19233 223538 29498324
PT [2 0 215 -1 1]
 P 284277 19589 223557 29621167
PT [2 0 216 -1 1]
 P 285581 19589 223566 29738924
PT [2 0 217 -1 1]
 P 287906 19589 223570 29859224
PT [2 0 218 -1 1]
 P 289429 19944 223590 29981907
PT [2 0 219 -1 1]
 P 290632 19944 223593 30099824
PT [2 0 220 -1 1]
 P 290632 19944 226983 30220124
PT [2 0 221 -1 1]
 P 290632 19944 230373 30340424
PT [2 0 222 -1 1]
 P 290632 19944 233763 30460724
PT [2 0 223 -1 1]
EMPTY QUEUE
 P 292825 19944 233780 30583293
PT [2 0 224 -1 1]
 P 294070 19944 233783 30701324
PT [2 0 225 -1 1]
 P 295900 19944 233787 30821624
PT [2 0 226 -1 1]
 P 295900 19944 237177 30941924
PT [2 0 227 -1 1]
 P 295900 19944 240567 31062224
PT [2 0 228 -1 1]
EMPTY QUEUE
 P 297781 19944 240584 31184473
PT [2 0 229 -1 1]
 P 297781 19944 243974 31302824
PT [2 0 230 -1 1]
 P 300111 19944 243977 31423124
PT [2 0 231 -1 1]
 P 300111 19944 247367 31543424
PT [2 0 232 -1 1]
 P 301318 19944 247370 31663724
PT [2 0 233 -1 1]
EMPTY QUEUE
 P 304538 19944 247387 31785141
PT [2 0 234 -1 1]
 P 304538 19944 250777 31904324
PT [2 0 235 -1 1]
 P 304538 19944 254167 32024624
PT [2 0 236 -1 1]
 P 304538 19944 257557 32144924
PT [2 0 237 -1 1]
 P 305786 19944 257560 32265224
PT [2 0 238 -1 1]
EMPTY QUEUE
 P 307770 19944 257578 32387858
PT [2 0 239 -1 1]
 P 308543 19944 257586 32505824
PT [2 0 240 -1 1]
 P 309296 19944 257594 32626124
PT [2 0 241 -1 1]
 P 310030 19944 257602 32746424
PT [2 0 242 -1 1]
 P 310745 19944 257611 32866724
PT [2 0 243 -1 1]
EMPTY QUEUE
 P 311965 19944 257629 32989325
PT [2 0 244 -1 1]
 P 312643 19944 257637 33107324
PT [2 0 245 -1 1]
 P 313302 19944 257645 33227624
PT [2 0 246 -1 1]
 P 313942 19944 257655 33347924
PT [2 0 247 -1 1]
 P 314563 19944 257664 33468224
PT [2 0 248 -1 1]
EMPTY QUEUE
 P 315657 19944 257684 33590796
PT [2 0 249 -1 1]
 P 316241 19944 257692 33708824
PT [2 0 250 -1 1]
 P 316806 19944 257700 33829124
PT [2 0 251 -1 1]
 P 317352 19944 257708 33949424
PT [2 0 252 -1 1]
 P 317879 19944 257717 34069724
PT [2 0 253 -1 1]
EMPTY QUEUE
 P 318943 19944 257735 34192357
PT [2 0 254 -1 1]
 P 319433 19944 257743 34310324
PT [2 0 255 -1 1]
 P 319904 19944 257751 34430624
PT [2 0 256 -1 1]
 P 320356 19944 257759 34550924
PT [2 0 257 -1 1]
 P 320789 19944 257768 34671224
PT [2 0 258 -1 1]
EMPTY QUEUE
 P 321792 19944 257786 34793890
PT [2 0 259 -1 1]
 P 322189 19944 257794 34911824
PT [2 0 260 -1 1]
 P 322566 19944 257802 35032124
PT [2 0 261 -1 1]
 P 322924 19944 257810 35152424
PT [2 0 262 -1 1]
 P 323263 19944 257819 35272724
PT [2 0 263 -1 1]
EMPTY QUEUE
 P 324107 19944 257837 35395325
PT [2 0 264 -1 1]
 P 324409 19944 257845 35513324
PT [2 0 265 -1 1]
 P 324692 19944 257853 35633624
PT [2 0 266 -1 1]
 P 324956 19944 257861 35753924
PT [2 0 267 -1 1]
 P 325201 19944 257870 35874224
PT [2 0 268 -1 1]
EMPTY QUEUE
 P 325920 19944 257887 35996793
PT [2 0 269 -1 1]
 P 326128 19944 257895 36114824
PT [2 0 270 -1 1]
 P 326317 19944 257903 36235124
PT [2 0 271 -1 1]
 P 326487 19944 257911 36355424
PT [2 0 272 -1 1]
 P 326695 19944 257919 36475724
PT [2 0 273 -1 1]
 P 327232 19944 257922 36596024
PT [2 0 274 -1 1]
EMPTY QUEUE
 P 327820 19944 261321 36718337
PT [2 0 275 -1 1]
 P 327820 19944 264711 36836624
PT [2 0 276 -1 1]
 P 327820 19944 268101 36956924
PT [2 0 277 -1 1]
 P 329494 19944 268110 37077224
PT [2 0 278 -1 1]
 P 330754 19944 268113 37197524
PT [2 0 279 -1 1]
 P 332599 19944 268117 37317824
PT [2 0 280 -1 1]
EMPTY QUEUE
 P 333091 19944 271516 37440489
PT [2 0 281 -1 1]
 P 333091 19944 274906 37558424
PT [2 0 282 -1 1]
 P 334321 19944 274914 37678724
PT [2 0 283 -1 1]
 P 334321 19944 278304 37799024
PT [2 0 284 -1 1]
 P 336667 19944 278307 37919324
PT [2 0 285 -1 1]
 P 337847 19944 278310 38039624
PT [2 0 286 -1 1]
EMPTY QUEUE
 P 338435 19944 281709 38162321
PT [2 0 287 -1 1]
 P 341192 19944 281717 38280224
PT [2 0 288 -1 1]
 P 341192 19944 285107 38400524
PT [2 0 289 -1 1]
 P 341192 19944 288497 38520824
PT [2 0 290 -1 1]
 P 342459 19944 288500 38641124
PT [2 0 291 -1 1]
 P 343864 19944 288504 38761424
PT [2 0 292 -1 1]
EMPTY QUEUE
 P 345875 19944 288520 38883866
PT [2 0 293 0 1]
 P 345875 19944 291910 39002024
PT [2 0 294 0 1]
 P 345875 19944 295300 39122324
PT [2 0 295 0 1]
 P 345875 19944 298690 39242624
PT [2 0 296 0 1]
 P 348065 19944 298694 39362924
PT [2 0 297 0 1]
 P 348898 19944 298697 39483224
PT [2 0 298 0 1]
EMPTY QUEUE
 P 350250 19944 298714 39605761
PT [2 0 299 -1 1]
 P 350250 19944 302104 39723824
PT [2 0 300 -1 1]
 P 350250 19944 305494 39844124
PT [2 0 301 -1 1]
 P 350250 19944 308884 39964424
PT [2 0 302 -1 1]
 P 351741 19944 308889 40084724
PT [2 0 303 -1 1]
 P 352799 19944 308892 40205024
PT [2 0 304 -1 1]
EMPTY QUEUE
 P 354214 19944 308910 40327305
PT [2 0 305 -1 1]
 P 354214 19944 312300 40445624
PT [2 0 306 -1 1]
 P 354214 19944 315690 40565924
PT [2 0 307 -1 1]
 P 354214 19944 319080 40686224
PT [2 0 308 -1 1]
 P 355166 19944 319083 40806524
PT [2 0 309 -1 1]
EMPTY QUEUE
 P 357326 19944 319101 40929126
PT [2 0 310 -1 1]
 P 358113 19944 319110 41047124
PT [2 0 311 -1 1]
 P 358881 19944 319118 41167424
PT [2 0 312 -1 1]
 P 359629 19944 319126 41287724
PT [2 0 313 -1 1]
 P 360358 19944 319134 41408024
PT [2 0 314 -1 1]
EMPTY QUEUE
 P 361558 19944 319152 41530593
PT [2 0 315 -1 1]
 P 362248 19944 319160 41648624
PT [2 0 316 -1 1]
 P 362919 19944 319168 41768924
PT [2 0 317 -1 1]
 P 363614 19944 319176 41889224
PT [2 0 318 -1 1]
 P 364290 19944 319184 42009524
PT [2 0 319 -1 1]
EMPTY QUEUE
 P 365440 19944 319201 42132093
PT [2 0 320 -1 1]
 P 366023 19944 319211 42250124
PT [2 0 321 -1 1]
 P 366643 19944 319219 42370424
PT [2 0 322 -1 1]
 P 367189 19944 319227 42490724
PT [2 0 323 -1 1]
 P 367716 19944 319235 42611024
PT [2 0 324 -1 1]
EMPTY QUEUE
 P 368748 19944 319253 42733625
PT [2 0 325 -1 1]
 P 369237 19944 319262 42851624
PT [2 0 326 -1 1]
 P 369708 19944 319270 42971924
PT [2 0 327 -1 1]
 P 370160 19944 319278 43092224
PT [2 0 328 -1 1]
 P 370593 19944 319286 43212524
PT [2 0 329 -1 1]
EMPTY QUEUE
 P 371628 19944 319303 43335221
PT [2 0 330 -1 1]
 P 372025 19944 319311 43453124
PT [2 0 331 -1 1]
 P 372403 19944 319319 43573424
PT [2 0 332 -1 1]
 P 372762 19944 319327 43693724
PT [2 0 333 -1 1]
 P 373103 19944 319336 43814024
PT [2 0 334 -1 1]
EMPTY QUEUE
 P 373916 19944 319353 43936592
PT [2 0 335 -1 1]
 P 374219 19944 319361 44054624
PT [2 0 336 -1 1]
 P 374503 19944 319369 44174924
PT [2 0 337 -1 1]
 P 374768 19944 319377 44295224
PT [2 0 338 -1 1]
 P 375014 19944 319386 44415524
PT [2 0 339 -1 1]
EMPTY QUEUE
 P 375797 19944 319403 44538156
PT [2 0 340 -1 1]
 P 376006 19944 319411 44656124
PT [2 0 341 -1 1]
 P 376196 19944 319419 44776424
PT [2 0 342 -1 1]
 P 376367 19944 319427 44896724
PT [2 0 343 -1 1]
 P 376519 19944 319436 45017024
PT [2 0 344 -1 1]
EMPTY QUEUE
 P 377144 19944 319453 45139593
PT [2 0 345 0 1]
 P 377259 19944 319461 45257624
PT [2 0 346 0 1]
 P 377356 19944 319469 45377924
PT [2 0 347 0 1]
 P 377433 19944 319477 45498224
PT [2 0 348 0 1]
 P 377433 19944 322867 45618524
PT [2 0 349 0 1]
 P 377892 19944 322870 45738824
PT [2 0 350 0 1]
 P 378331 19944 322873 45859124
PT [2 0 351 0 1]
 P 378750 19944 322876 45979424
PT [2 0 352 0 1]
 P 379149 19944 322879 46099724
PT [2 0 353 0 1]
 P 379528 19944 322883 46220024
PT [2 0 354 0 1]
 P 379888 19944 322886 46340324
PT [2 0 355 0 1]
EMPTY QUEUE
 P 380476 19944 326285 46462990
PT [2 0 356 -1 1]
 P 380476 19944 329675 46580924
PT [2 0 357 -1 1]
 P 380476 19944 333065 46701224
PT [2 0 358 -1 1]
 P 380476 19944 336455 46821524
PT [2 0 359 -1 1]
 P 381648 19944 336458 46941824
PT [2 0 360 -1 1]
 P 383405 19944 336461 47062124
PT [2 0 361 -1 1]
EMPTY QUEUE
 P 383897 19944 339859 47184341
PT [2 0 362 0 1]
 P 383897 19944 343249 47302724
PT [2 0 363 0 1]
 P 383897 19944 346639 47423024
PT [2 0 364 0 1]
 P 383897 19944 350029 47543324
PT [2 0 365 0 1]
 P 386155 19944 350032 47663624
PT [2 0 366 0 1]
 P 387246 19944 350035 47783924
PT [2 0 367 0 1]
EMPTY QUEUE
 P 387866 19944 353433 47906813
PT [2 0 368 0 1]
 P 387866 19944 356823 48024524
PT [2 0 369 0 1]
 P 387866 19944 360213 48144824
PT [2 0 370 0 1]
 P 387866 19944 363603 48265124
PT [2 0 371 0 1]
 P 389042 19944 363607 48385424
PT [2 0 372 0 1]
 P 390199 19944 363610 48505724
PT [2 0 373 0 1]
EMPTY QUEUE
 P 390819 19944 367008 48628517
PT [2 0 374 0 1]
 P 390819 19944 370398 48746324
PT [2 0 375 0 1]
 P 390819 19944 373788 48866624
PT [2 0 376 0 1]
 P 390819 19944 377178 48986924
PT [2 0 377 0 1]
 P 391996 19944 377181 49107224
PT [2 0 378 0 1]
 P 393759 19944 377184 49227524
PT [2 0 379 0 1]
EMPTY QUEUE
 P 394178 19944 380579 49349890
PT [2 0 380 0 1]
EMPTY QUEUE
 P 394734 19944 383977 49470457
PT [2 0 381 0 1]
 P 394734 19944 387367 49588424
PT [2 0 382 0 1]
 P 394734 19944 390757 49708724
PT [2 0 383 0 1]
 P 396997 19944 390760 49829024
PT [2 0 384 0 1]
 P 398095 19944 390763 49949324
PT [2 0 385 0 1]
EMPTY QUEUE
 P 398651 19944 394161 50071605
PT [2 0 386 0 1]
 P 398651 19944 397551 50189924
PT [2 0 387 0 1]
 P 398651 19944 400941 50310224
PT [2 0 388 0 1]
 P 398651 19944 404331 50430524
PT [2 0 389 0 1]
 P 399833 19944 404334 50550824
PT [2 0 390 0 1]
 P 401154 19944 404337 50671124
PT [2 0 391 0 1]
EMPTY QUEUE
 P 401710 19944 407735 50793949
PT [2 0 392 0 1]
 P 401710 19944 411125 50911724
PT [2 0 393 0 1]
 P 401710 19944 414515 51032024
PT [2 0 394 0 1]
 P 401710 19944 417905 51152324
PT [2 0 395 0 1]
 P 403816 19944 417908 51272624
PT [2 0 396 0 1]
 P 404565 19944 417911 51392924
PT [2 0 397 0 1]
EMPTY QUEUE
 P 405057 19944 421309 51515589
PT [2 0 398 0 1]
 P 405057 19944 424699 51633524
PT [2 0 399 0 1]
 P 405057 19944 428089 51753824
PT [2 0 400 0 1]
 P 405057 19944 431479 51874124
PT [2 0 401 0 1]
 P 406465 19944 431483 51994424
PT [2 0 402 0 1]
 P 407440 19944 431486 52114724
PT [2 0 403 0 1]
EMPTY QUEUE
 P 408060 19944 434884 52237293
PT [2 0 404 0 1]
 P 408060 19944 438274 52355324
PT [2 0 405 0 1]
 P 408060 19944 441664 52475624
PT [2 0 406 0 1]
 P 408060 19944 445054 52595924
PT [2 0 407 0 1]
 P 408928 19944 445057 52716224
PT [2 0 408 0 1]
 P 410891 19944 445060 52836524
PT [2 0 409 0 1]
EMPTY QUEUE
 P 410902 19944 448452 52958638
PT [2 0 410 0 1]
EMPTY QUEUE
 P 411522 19944 451850 53079521
PT [2 0 411 0 1]
 P 411522 19944 455240 53197424
PT [2 0 412 0 1]
 P 411522 19944 458630 53317724
PT [2 0 413 0 1]
 P 412171 19944 458633 53438024
PT [2 0 414 0 1]
 P 413340 19944 458636 53558324
PT [2 0 415 0 1]
EMPTY QUEUE
 P 413896 19944 462034 53680605
PT [2 0 416 0 1]
 P 413896 19944 465424 53798924
PT [2 0 417 0 1]
 P 413896 19944 468814 53919224
PT [2 0 418 0 1]
 P 413896 19944 472204 54039524
PT [2 0 419 0 1]
 P 415087 19944 472207 54159824
PT [2 0 420 0 1]
 P 416863 19944 472210 54280124
PT [2 0 421 0 1]
EMPTY QUEUE
 P 416874 19944 475602 54402398
PT [2 0 422 0 1]
EMPTY QUEUE
 P 417430 19944 479000 54523057
PT [2 0 423 0 1]
 P 417430 19944 482390 54641024
PT [2 0 424 0 1]
 P 417430 19944 485780 54761324
PT [2 0 425 0 1]
 P 419706 19944 485783 54881624
PT [2 0 426 0 1]
 P 420815 19944 485786 55001924
PT [2 0 427 0 1]
EMPTY QUEUE
 P 421371 19944 489184 55124205
PT [2 0 428 0 1]
 P 421371 19944 492574 55242524
PT [2 0 429 0 1]
 P 421371 19944 495964 55362824
PT [2 0 430 0 1]
 P 421371 19944 499354 55483124
PT [2 0 431 0 1]
 P 422565 19944 499358 55603424
PT [2 0 432 0 1]
 P 423899 19944 499361 55723724
PT [2 0 433 0 1]
EMPTY QUEUE
 P 424455 19944 502760 55846549
PT [2 0 434 0 1]
 P 424455 19944 506150 55964324
PT [2 0 435 0 1]
 P 424455 19944 509540 56084624
PT [2 0 436 0 1]
 P 424455 19944 512930 56204924
PT [2 0 437 0 1]
 P 426575 19944 512933 56325224
PT [2 0 438 0 1]
 P 427337 19944 512937 56445524
PT [2 0 439 0 1]
EMPTY QUEUE
 P 427925 19944 516335 56568285
PT [2 0 440 0 1]
 P 427925 19944 519725 56686124
PT [2 0 441 0 1]
 P 427925 19944 523115 56806424
PT [2 0 442 0 1]
 P 427925 19944 526505 56926724
PT [2 0 443 0 1]
 P 429347 19944 526508 57047024
PT [2 0 444 0 1]
 P 430335 19944 526511 57167324
PT [2 0 445 0 1]
EMPTY QUEUE
 P 430891 19944 529910 57289829
PT [2 0 446 0 1]
 P 430891 19944 533300 57407924
PT [2 0 447 0 1]
 P 430891 19944 536690 57528224
PT [2 0 448 0 1]
 P 430891 19944 540080 57648524
PT [2 0 449 0 1]
 P 431772 19944 540083 57768824
PT [2 0 450 0 1]
 P 433748 19944 540086 57889124
PT [2 0 451 0 1]
EMPTY QUEUE
 P 433817 19944 546048 58013866
PT [2 0 452 0 1]
EMPTY QUEUE
 P 434405 19944 549447 58132089
PT [2 0 453 0 1]
 P 434405 19944 552837 58250024
PT [2 0 454 0 1]
 P 434405 19944 556227 58370324
PT [2 0 455 0 1]
 P 435065 19944 556230 58490624
PT [2 0 456 0 1]
 P 435737 19944 556233 58610924
PT [2 0 457 0 1]
EMPTY QUEUE
 P 436261 19944 559632 58733173
PT [2 0 458 0 1]
 P 436261 19944 563022 58851524
PT [2 0 459 0 1]
 P 436261 19944 566412 58971824
PT [2 0 460 0 1]
 P 436261 19944 569802 59092124
PT [2 0 461 0 1]
 P 438070 19944 569805 59212424
PT [2 0 462 0 1]
 P 439572 19944 569808 59332724
PT [2 0 463 0 1]
 P 440736 19944 569811 59453024
PT [2 0 464 0 1]
EMPTY QUEUE
 P 441228 19944 573210 59575785
PT [2 0 465 0 1]
 P 441228 19944 576600 59693624
PT [2 0 466 0 1]
 P 441228 19944 579990 59813924
PT [2 0 467 0 1]
 P 441228 19944 583380 59934224
PT [2 0 468 0 1]
 P 442434 19944 583383 60054524
PT [2 0 469 0 1]
 P 444225 19944 583386 60174824
PT [2 0 470 0 1]
EMPTY QUEUE
 P 444813 19944 586785 60297585
PT [2 0 471 0 1]
 P 444813 19944 590175 60415424
PT [2 0 472 0 1]
 P 444813 19944 593565 60535724
PT [2 0 473 0 1]
 P 444813 19944 596955 60656024
PT [2 0 474 0 1]
 P 447104 19944 596958 60776324
PT [2 0 475 0 1]
 P 448229 19944 596961 60896624
PT [2 0 476 0 1]
EMPTY QUEUE
 P 448753 19944 600360 61019097
PT [2 0 477 0 1]
 P 448753 19944 603750 61137224
PT [2 0 478 0 1]
 P 448753 19944 607140 61257524
PT [2 0 479 0 1]
 P 448753 19944 610530 61377824
PT [2 0 480 0 1]
 P 449962 19944 610534 61498124
PT [2 0 481 0 1]
 P 451311 19944 610537 61618424
PT [2 0 482 0 1]
EMPTY QUEUE
 P 451380 19944 616499 61743166
PT [2 0 483 0 1]
EMPTY QUEUE
 P 451968 19944 619899 61861390
PT [2 0 484 0 1]
 P 451968 19944 623289 61979324
PT [2 0 485 0 1]
 P 451968 19944 626679 62099624
PT [2 0 486 0 1]
 P 453982 19944 626683 62219924
PT [2 0 487 0 1]
 P 453982 19944 630073 62340224
PT [2 0 488 0 1]
EMPTY QUEUE
 P 454164 19944 633468 62462129
PT [2 0 489 0 1]
EMPTY QUEUE
 P 454688 19944 636867 62583125
PT [2 0 490 0 1]
 P 454688 19944 640257 62701124
PT [2 0 491 0 1]
 P 455376 19944 640260 62821424
PT [2 0 492 0 1]
 P 456681 19944 640263 62941724
PT [2 0 493 0 1]
 P 456681 19944 643653 63062024
PT [2 0 494 0 1]
EMPTY QUEUE
 P 457269 19944 647052 63184337
PT [2 0 495 0 1]
 P 457269 19944 650442 63302624
PT [2 0 496 0 1]
 P 457269 19944 653832 63422924
PT [2 0 497 0 1]
 P 458182 19944 653835 63543224
PT [2 0 498 0 1]
 P 458947 19944 653839 63663524
PT [2 0 499 0 1]
EMPTY QUEUE
 P 459535 19944 657238 63786381
PT [2 0 500 0 1]
 P 459535 19944 660628 63904124
PT [2 0 501 0 1]
 P 459535 19944 664018 64024424
PT [2 0 502 0 1]
 P 459535 19944 667408 64144724
PT [2 0 503 0 1]
 P 459535 19944 670798 64265024
PT [2 0 504 0 1]
EMPTY QUEUE
 P 460091 19944 674197 64387753
PT [2 0 505 0 1]
 P 460091 19944 677587 64505624
PT [2 0 506 0 1]
 P 460091 19944 680977 64625924
PT [2 0 507 0 1]
 P 460091 19944 684367 64746224
PT [2 0 508 0 1]
 P 460091 19944 687757 64866524
PT [2 0 509 0 1]
EMPTY QUEUE
 P 460583 19944 691156 64988965
PT [2 0 510 0 1]
 P 460583 19944 694546 65107124
PT [2 0 511 0 1]
 P 460583 19944 697936 65227424
PT [2 0 512 0 1]
 P 460583 19944 701326 65347724
PT [2 0 513 0 1]
 P 460583 19944 704716 65468024
PT [2 0 514 0 1]
EMPTY QUEUE
 P 461139 19944 708115 65590689
PT [2 0 515 0 1]
 P 461139 19944 711505 65708624
PT [2 0 516 0 1]
 P 461139 19944 714895 65828924
PT [2 0 517 0 1]
 P 461139 19944 718285 65949224
PT [2 0 518 0 1]
 P 461139 19944 721675 66069524
PT [2 0 519 0 1]
EMPTY QUEUE
 P 461632 19944 725074 66191134
PT [2 0 520 1 1]
 P 461632 19944 728464 66310124
PT [2 0 521 1 1]
 P 461632 19944 731854 66430424
PT [2 0 522 1 1]
 P 461632 19944 735244 66550724
PT [2 0 523 1 1]
 P 461632 19944 738634 66671024
PT [2 0 524 1 1]
EMPTY QUEUE
 P 461889 19944 742029 66792811
PT [2 0 525 1 1]
EMPTY QUEUE
 P 462509 19944 745428 66914021
PT [2 0 526 0 1]
 P 462509 19944 748818 67031924
PT [2 0 527 0 1]
 P 462509 19944 752208 67152224
PT [2 0 528 0 1]
 P 462509 19944 755598 67272524
PT [2 0 529 0 1]
 P 462509 19944 758988 67392824
PT [2 0 530 0 1]
EMPTY QUEUE
 P 463097 19944 762387 67515137
PT [2 0 531 0 1]
 P 463097 19944 765777 67633424
PT [2 0 532 0 1]
 P 463097 19944 769167 67753724
PT [2 0 533 0 1]
 P 463097 19944 772557 67874024
PT [2 0 534 0 1]
 P 463097 19944 775947 67994324
PT [2 0 535 0 1]
EMPTY QUEUE
 P 463621 19944 779346 68117117
PT [2 0 536 0 1]
 P 463621 19944 782736 68234924
PT [2 0 537 0 1]
 P 463621 19944 786126 68355224
PT [2 0 538 0 1]
 P 463621 19944 789516 68475524
PT [2 0 539 0 1]
 P 463621 19944 792906 68595824
PT [2 0 540 0 1]
EMPTY QUEUE
 P 464145 19944 796305 68718521
PT [2 0 541 0 1]
 P 464145 19944 799695 68836424
PT [2 0 542 0 1]
 P 464145 19944 803085 68956724
PT [2 0 543 0 1]
 P 464145 19944 806475 69077024
PT [2 0 544 0 1]
 P 464145 19944 809865 69197324
PT [2 0 545 0 1]
EMPTY QUEUE
 P 464637 19944 813264 69319765
PT [2 0 546 0 1]
 P 464637 19944 816654 69437924
PT [2 0 547 0 1]
 P 464637 19944 820044 69558224
PT [2 0 548 0 1]
 P 464637 19944 823434 69678524
PT [2 0 549 0 1]
 P 464637 19944 826824 69798824
PT [2 0 550 0 1]
EMPTY QUEUE
 P 465193 19944 830223 69921489
PT [2 0 551 0 1]
 P 465193 19944 833613 70039424
PT [2 0 552 0 1]
 P 465193 19944 837003 70159724
PT [2 0 553 0 1]
 P 465193 19944 840393 70280024
PT [2 0 554 0 1]
 P 465193 19944 843783 70400324
PT [2 0 555 0 1]
EMPTY QUEUE
 P 465751 19944 847181 70521998
PT [2 0 556 0 1]
 P 465751 19944 850571 70640924
PT [2 0 557 0 1]
 P 465751 19944 853961 70761224
PT [2 0 558 0 1]
 P 465751 19944 857351 70881524
PT [2 0 559 0 1]
 P 465751 19944 860741 71001824
PT [2 0 560 0 1]
EMPTY QUEUE
 P 466340 19944 864139 71123945
PT [2 0 561 0 1]
 P 466340 19944 867529 71242424
PT [2 0 562 0 1]
 P 466340 19944 870919 71362724
PT [2 0 563 0 1]
 P 466340 19944 874309 71483024
PT [2 0 564 0 1]
 P 466340 19944 877699 71603324
PT [2 0 565 0 1]
EMPTY QUEUE
 P 466898 19944 881097 71725702
PT [2 0 566 0 1]
 P 466898 19944 884487 71843924
PT [2 0 567 0 1]
 P 466898 19944 887877 71964224
PT [2 0 568 0 1]
 P 466898 19944 891267 72084524
PT [2 0 569 0 1]
 P 466898 19944 894657 72204824
PT [2 0 570 0 1]
EMPTY QUEUE
 P 466967 19944 900619 72329950
PT [2 0 571 0 1]
EMPTY QUEUE
 P 467555 19944 904017 72447788
PT [2 0 572 0 1]
 P 467555 19944 907407 72565724
PT [2 0 573 0 1]
 P 467555 19944 910797 72686024
PT [2 0 574 0 1]
 P 467555 19944 914187 72806324
PT [2 0 575 0 1]
 P 467555 19944 917577 72926624
PT [2 0 576 0 1]
EMPTY QUEUE
 P 468079 19944 920975 73048872
PT [2 0 577 0 1]
 P 468079 19944 924365 73167224
PT [2 0 578 0 1]
 P 468079 19944 927755 73287524
PT [2 0 579 0 1]
 P 468079 19944 931145 73407824
PT [2 0 580 0 1]
 P 468079 19944 934535 73528124
PT [2 0 581 0 1]
EMPTY QUEUE
 P 468635 19944 937933 73650950
PT [2 0 582 0 1]
 P 468635 19944 941323 73768724
PT [2 0 583 0 1]
 P 468635 19944 944713 73889024
PT [2 0 584 0 1]
 P 468635 19944 948103 74009324
PT [2 0 585 0 1]
 P 468635 19944 951493 74129624
PT [2 0 586 0 1]
EMPTY QUEUE
 P 469255 19944 954891 74252417
PT [2 0 587 0 1]
 P 469255 19944 958281 74370224
PT [2 0 588 0 1]
 P 469255 19944 961671 74490524
PT [2 0 589 0 1]
 P 469255 19944 965061 74610824
PT [2 0 590 0 1]
 P 469255 19944 968451 74731124
PT [2 0 591 0 1]
EMPTY QUEUE
 P 469779 19944 971849 74853597
PT [2 0 592 0 1]
 P 469779 19944 975239 74971724
PT [2 0 593 0 1]
 P 469779 19944 978629 75092024
PT [2 0 594 0 1]
 P 469779 19944 982019 75212324
PT [2 0 595 0 1]
 P 469779 19944 985409 75332624
PT [2 0 596 0 1]
EMPTY QUEUE
 P 470271 19944 988807 75455225
PT [2 0 597 1 1]
 P 470271 19944 992197 75573224
PT [2 0 598 1 1]
 P 470271 19944 995587 75693524
PT [2 0 599 1 1]
 P 470271 19944 998977 75813824
PT [2 0 600 1 1]
 P 470271 19944 1002367 75934124
PT [2 0 601 1 1]
EMPTY QUEUE
 P 470860 19944 1005765 76055830
PT [2 0 602 2 1]
 P 470860 19944 1009155 76174724
PT [2 0 603 2 1]
 P 470860 19944 1012545 76295024
PT [2 0 604 2 1]
 P 470860 19944 1015935 76415324
PT [2 0 605 2 1]
 P 470860 19944 1019325 76535624
PT [2 0 606 2 1]
EMPTY QUEUE
 P 471480 19944 1022723 76657777
PT [2 0 607 1 1]
 P 471480 19944 1026113 76776224
PT [2 0 608 1 1]
 P 471480 19944 1029503 76896524
PT [2 0 609 1 1]
 P 471480 19944 1032893 77016824
PT [2 0 610 1 1]
 P 471480 19944 1036283 77137124
PT [2 0 611 1 1]
EMPTY QUEUE
 P 471491 19944 1039675 77258950
PT [2 0 612 1 1]
EMPTY QUEUE
 P 472079 19944 1043073 77380089
PT [2 0 613 1 1]
 P 472079 19944 1046463 77498024
PT [2 0 614 1 1]
 P 472079 19944 1049853 77618324
PT [2 0 615 1 1]
 P 472079 19944 1053243 77738624
PT [2 0 616 1 1]
 P 472079 19944 1056633 77858924
PT [2 0 617 1 1]
EMPTY QUEUE
 P 472636 19944 1060031 77981206
PT [2 0 618 2 1]
 P 472636 19944 1063421 78099524
PT [2 0 619 2 1]
 P 472636 19944 1066811 78219824
PT [2 0 620 2 1]
 P 472636 19944 1070201 78340124
PT [2 0 621 2 1]
 P 472636 19944 1073591 78460424
PT [2 0 622 2 1]
EMPTY QUEUE
 P 473128 19944 1076989 78583185
PT [2 0 623 1 1]
