using saved target 'z1'
../../../../contiki/tools/sky/serialdump-linux -b115200 /dev/ttyUSB0
connecting to /dev/ttyUSB0 (115200) [OK]
Rime started with address 1.0
MAC 01:00:00:00:00:00:00:00 Ref ID: 4841
Contiki-3.x-2125-g5d67a61 started. Node id is set to 1.

************************************************
RTIMER_SECOND = 32768. F_CPU=8000000.
CLOCK_SECOND=128.
DURSLOT = 6015.(0.1835 s).
DURSLEEP = 114285.
DURCYCLE = 120300 .(3.6712 s).
MAX_CLOCK_DRIFT = WAKEUP_ADVANCE_TIME = 327 (0.0033 s).
PERIODIC_BCAST_CYCLES_SENSOR = 262147.
PERIODIC_BCAST_CYCLES_SINK = 262147.
MAX_CYCLE_COUNTER = 27904.
MAX_COUNT_NO_RTS_CTS = 65535.
MAX_CHILD_NUM = 10.
MAX_TRY_TO_FIND_PARENT = 3.

**********Below is Related Settings**********
PRIMAC_CONF_COMPOWER = 1.
PRIMAC_CONF_COMPOWER_SUPPORT = 1.
SF = 18.
PRI_SYNC_SUPPORT = 1.
RANDOM_DRIFT_IN_COOJA_SUPPORT = 0.
ADCSC_SUPPORT = 1.
DATA_TX_SUPPORT = 1.
CYCLES_PER_PACKET = 2.
DATA_INTERVAL = 7.
RETX_LIMIT = 6.
TOTAL_DATA_NUM = -1.
MAX_DATA_QUEUE_BUFS = 10.
PROC_GRADE_BASED_ON_ADDR_SUPPORT = 1.
NODES_NUM_PER_GRADE = 2.
ADDRESS_FREE_SUPPORT = 1.
IS_COOJA_SIM = 0.
CROSS_PLATFORM_SUPPORT = 1.
************************************************

My address is 1.0.
nullmac PRIMAC, channel check rate 8 Hz, radio channel 26
Starting
Hello, world
 P 0 0 62 58119
 P 0 0 3452 177388
 P 0 0 6842 297688
 P 0 0 10232 417988
 P 0 0 13622 538288
EMPTY QUEUE
 P 69 0 17014 660588
 P 69 0 20404 778888
 P 69 0 23794 899188
 P 69 0 27184 1019488
 P 69 0 30574 1139788
EMPTY QUEUE
 P 138 0 33966 1260583
 P 138 0 37356 1380388
 P 138 0 40746 1500688
 P 138 0 44136 1620988
 P 138 0 47526 1741288
EMPTY QUEUE
 P 207 0 50918 1861987
 P 207 0 54308 1981888
 P 207 0 57698 2102188
 P 207 0 61088 2222488
 P 2507 0 62178 2342788
EMPTY QUEUE
 P 2576 0 65570 2465311
 P 2576 0 68960 2583388
 P 2576 0 72350 2703688
 P 2576 0 75740 2823988
rcv bro rts
 P 3609 0 75780 2944288
rcv bro rts
EMPTY QUEUE
 P 4706 0 75821 3066972
 P 4706 0 79211 3184888
 P 4706 0 82601 3305188
 P 4706 0 85991 3425488
 P 6412 0 85999 3545788
EMPTY QUEUE
 P 8180 0 86009 3667480
 P 8180 0 89399 3786388
 P 8180 0 92789 3906688
 P 8180 0 96179 4026988
 P 10335 0 96186 4147288
EMPTY QUEUE
 P 12550 0 96196 4269395
 P 12550 0 99586 4387888
 P 12550 0 102976 4508188
 P 12550 0 106366 4628488
 P 14642 0 106374 4748788
EMPTY QUEUE
 P 16792 0 106384 4871183
 P 16792 0 109774 4989388
 P 16792 0 113164 5109688
 P 16792 0 116554 5229988
 P 18308 0 116562 5350288
EMPTY QUEUE
 P 19881 0 116572 5471307
 P 19881 0 119962 5590888
 P 19881 0 123352 5711188
 P 19881 0 126742 5831488
 P 22358 0 126749 5951788
EMPTY QUEUE
 P 24890 0 126759 6074375
 P 24890 0 130149 6192388
 P 24890 0 133539 6312688
 P 24890 0 136929 6432988
 P 25767 0 136937 6553288
EMPTY QUEUE
 P 26697 0 136946 6674755
 P 26697 0 140336 6793888
 P 26697 0 143726 6914188
 P 26697 0 147116 7034488
 P 29399 0 147124 7154788
EMPTY QUEUE
 P 29468 0 150516 7277056
 P 32312 0 150524 7395388
 P 32312 0 153914 7515688
 P 32312 0 157304 7635988
 P 34183 0 157311 7756288
EMPTY QUEUE
 P 34252 0 160703 7877691
 P 34252 0 164093 7996888
 P 36806 0 164101 8117188
 P 36806 0 167491 8237488
 P 39381 0 167499 8357788
EMPTY QUEUE
 P 39450 0 170891 8479223
 P 39450 0 174281 8598388
 P 39450 0 177671 8718688
 P 42196 0 177679 8838988
 P 44964 0 177687 8959288
EMPTY QUEUE
 P 45033 0 181079 9080115
 P 45033 0 184469 9199888
 P 45033 0 187859 9320188
 P 45033 0 191249 9440488
 P 47457 0 191257 9560788
EMPTY QUEUE
 P 49975 0 191267 9682927
 P 49975 0 194657 9801388
 P 49975 0 198047 9921688
 P 49975 0 201437 10041988
 P 49975 0 204827 10162288
EMPTY QUEUE
 P 51059 0 204837 10284075
 P 51059 0 208227 10402888
 P 52677 0 208235 10523188
 P 52677 0 211625 10643488
 P 52677 0 215015 10763788
EMPTY QUEUE
 P 52746 0 218407 10886119
 P 54880 0 218414 11004388
 P 57202 0 218422 11124688
 P 57202 0 221812 11244988
 P 57202 0 225202 11365288
EMPTY QUEUE
 P 57271 0 228594 11487524
 P 58156 0 228601 11605888
 P 58156 0 231991 11726188
 P 60671 0 231999 11846488
 P 60671 0 235389 11966788
47311 R 188.0 1 1 188 1
47340 R 28.0 1 2 173 2
47784 R 143.0 1 1 670 3
47808 R 233.0 1 2 660 4
48252 R 143.0 2 1 243 5
48277 R 233.0 2 2 232 6
48719 R 188.0 2 1 700 7
48742 R 28.0 2 2 680 8
49196 R 188.0 3 1 281 9
49216 R 28.0 3 2 257 10
49664 R 143.0 3 1 758 11
49683 R 233.0 3 2 742 12
50129 R 143.0 4 1 328 13
EMPTY QUEUE
 P 82425 3536 235496 12810599
50604 R 188.0 4 1 793 14
 P 84683 3808 235505 12929188
51075 R 143.0 5 1 377 15
51096 R 233.0 5 2 363 16
51539 R 188.0 5 1 832 17
 P 89889 4626 235526 13169788
51635 R 28.0 4 2 1781 18
51662 R 188.0 6 1 58 19
51682 R 28.0 5 2 932 20
52009 R 28.0 6 2 361 21
 P 95475 5714 235555 13290088
52483 R 143.0 6 1 889 22
52506 R 233.0 6 2 877 23
52528 R 143.0 7 1 39 24
52956 R 233.0 7 2 430 25
 P 103321 6799 235590 13530688
EMPTY QUEUE
 P 105327 6799 236802 13652859
53518 R 188.0 7 1 1942 26
53612 R 188.0 8 1 216 27
53631 R 28.0 7 2 1088 28
53656 R 195.170 1 3 813 29
53681 R 28.0 8 2 242 30
53893 R 195.170 2 3 102 31
 P 115730 8431 236848 13771288
54359 R 188.0 9 1 67 32
 P 117044 8493 236856 13891588
54832 R 31.219 1 3 2047 33
 P 119114 8765 236863 14011888
54927 R 143.0 8 1 1541 34
55020 R 143.0 9 1 738 35
55040 R 233.0 8 2 1618 36
55064 R 233.0 9 2 747 37
55093 R 31.219 2 3 1201 38
55298 R 188.0 10 1 111 39
 P 127461 10398 236914 14132188
55398 R 28.0 9 2 1063 40
55488 R 28.0 10 2 257 41
55513 R 195.170 3 3 669 42
55770 R 143.0 10 1 592 43
EMPTY QUEUE
 P 133915 11487 236952 14253367
55866 R 233.0 10 2 652 44
55888 R 31.219 3 3 997 45
56241 R 188.0 11 1 157 46
 P 138504 12303 236978 14372788
56339 R 28.0 11 2 213 47
56356 R 195.170 4 3 511 48
56715 R 143.0 11 1 642 49
 P 144846 13119 237002 14493088
56804 R 233.0 11 2 695 50
56830 R 31.219 4 3 939 51
57183 R 188.0 12 1 203 52
 P 150172 13937 237027 14613388
57278 R 28.0 12 2 256 53
57297 R 195.170 5 3 453 54
57654 R 143.0 12 1 685 55
 P 156226 14753 237053 14733688
57748 R 233.0 12 2 742 56
57772 R 31.219 5 3 880 57
58124 R 188.0 13 1 249 58
EMPTY QUEUE
 P 163508 15569 237078 14855283
58213 R 28.0 13 2 293 59
58235 R 195.170 6 3 391 60
58589 R 143.0 13 1 723 61
 P 166331 16385 237101 14974288
58684 R 233.0 13 2 783 62
58707 R 31.219 6 3 814 63
59059 R 143.0 14 1 297 64
 P 169907 17203 237128 15094588
59159 R 233.0 14 2 362 65
59175 R 31.219 7 3 333 66
59529 R 188.0 14 1 758 67
 P 174465 18018 237154 15214888
59623 R 28.0 14 2 807 68
59650 R 195.170 7 3 752 69
59998 R 143.0 15 1 341 70
60025 R 233.0 15 2 332 71
60467 R 188.0 15 1 800 72
 P 181539 19378 237195 15455488
60562 R 28.0 15 2 851 73
60589 R 195.170 8 3 691 74
60608 R 188.0 16 1 44 75
60942 R 28.0 16 2 335 76
EMPTY QUEUE
 P 186919 20468 237230 15577371
61411 R 143.0 16 1 858 77
 P 189023 20740 237237 15696088
61503 R 233.0 16 2 913 78
61601 R 143.0 17 1 151 79
61689 R 31.219 8 3 1691 80
61719 R 31.219 9 3 815 81
61883 R 195.170 9 3 1036 82
61900 R 188.0 17 1 441 83
61924 R 28.0 17 2 420 84
62350 R 233.0 17 2 865 85
62376 R 31.219 10 3 482 86
62400 R 143.0 18 1 54 87
62824 R 233.0 18 2 443 88
 P 207790 23735 237328 16056988
63293 R 143.0 19 1 51 89
63313 R 31.219 11 3 418 90
63764 R 188.0 18 1 1409 91
 P 214339 24552 237353 16297588
63856 R 188.0 19 1 604 92
63945 R 28.0 18 2 1546 93
64041 R 28.0 19 2 747 94
64068 R 195.170 10 3 2011 95
64229 R 195.170 11 3 1266 96
 P 222051 25912 237398 16417888
64326 R 188.0 20 1 178 97
64348 R 195.170 12 3 447 98
64373 R 28.0 20 2 183 99
64697 R 143.0 20 1 559 100
EMPTY QUEUE
 P 228847 27000 237433 16540443
64794 R 233.0 19 2 1518 101
64890 R 233.0 20 2 716 102
64913 R 31.219 12 3 965 103
65171 R 188.0 21 1 128 104
 P 236624 28088 237462 16658488
65262 R 28.0 21 2 174 105
65287 R 195.170 13 3 387 106
65638 R 143.0 21 1 604 107
 P 240401 28905 237487 16778788
65735 R 233.0 21 2 666 108
65761 R 31.219 13 3 812 109
66113 R 188.0 22 1 174 110
 P 247264 29721 237514 16899088
66201 R 28.0 22 2 218 111
66227 R 195.170 14 3 326 112
66577 R 143.0 22 1 647 113
 P 250753 30537 237541 17019388
66671 R 233.0 22 2 705 114
66694 R 31.219 14 3 746 115
67047 R 188.0 23 1 211 116
EMPTY QUEUE
 P 253428 31354 237567 17141464
67143 R 28.0 23 2 265 117
67165 R 195.170 15 3 264 118
67519 R 143.0 23 1 694 119
 P 257779 32170 237591 17259988
67614 R 233.0 23 2 752 120
67637 R 31.219 15 3 686 121
67989 R 188.0 24 1 258 122
 P 262913 32987 237616 17380288
68083 R 28.0 24 2 309 123
68111 R 195.170 16 3 209 124
68459 R 143.0 24 1 738 125
 P 268769 33803 237641 17500588
68551 R 233.0 24 2 793 126
68576 R 31.219 16 3 626 127
68928 R 188.0 25 1 301 128
68954 R 28.0 25 2 283 129
69399 R 143.0 25 1 781 130
 P 276077 35162 237679 17741188
69492 R 233.0 25 2 838 131
69520 R 31.219 17 3 570 132
69872 R 188.0 26 1 349 133
EMPTY QUEUE
 P 282178 35978 237707 17862143
69966 R 28.0 26 2 399 134
69990 R 195.170 17 3 982 135
70340 R 143.0 26 1 826 136
 P 288736 36795 237735 17981788
70430 R 233.0 26 2 880 137
70455 R 143.0 27 1 45 138
70478 R 31.219 18 3 527 139
70807 R 188.0 27 1 387 140
 P 292866 37883 237767 18102088
70901 R 28.0 27 2 438 141
70924 R 195.170 18 3 917 142
71277 R 233.0 27 2 832 143
 P 296352 38700 237789 18222388
71747 R 188.0 28 1 431 144
 P 297640 38972 237797 18342688
71846 R 28.0 28 2 488 145
71863 R 195.170 19 3 856 146
72218 R 143.0 28 1 912 147
72240 R 31.219 19 3 1289 148
72267 R 233.0 28 2 926 149
72286 R 31.219 20 3 334 150
72314 R 143.0 29 1 112 151
72686 R 188.0 29 1 475 152
EMPTY QUEUE
 P 308867 41150 237866 18584743
72779 R 28.0 29 2 524 153
72807 R 195.170 20 3 798 154
73157 R 188.0 30 1 50 155
73186 R 195.170 21 3 228 156
73627 R 143.0 30 1 529 157
 P 316617 42510 237906 18823888
73725 R 233.0 29 2 1488 158
73813 R 233.0 30 2 679 159
73843 R 31.219 21 3 839 160
74095 R 188.0 31 1 91 161
 P 322668 43599 237938 18944188
74196 R 28.0 30 2 1045 162
74286 R 28.0 31 2 240 163
74311 R 195.170 22 3 354 164
74568 R 143.0 31 1 575 165
 P 330312 44690 237972 19064488
74665 R 233.0 31 2 636 166
74683 R 31.219 22 3 680 167
75037 R 143.0 32 1 148 168
 P 335116 45506 237995 19184788
75131 R 233.0 32 2 206 169
75155 R 31.219 23 3 202 170
75505 R 188.0 32 1 606 171
EMPTY QUEUE
 P 338913 46322 238019 19305679
75601 R 28.0 32 2 659 172
75628 R 195.170 23 3 619 173
75977 R 188.0 33 1 182 174
75998 R 28.0 33 2 159 175
76450 R 143.0 33 1 664 176
 P 346816 47681 238060 19545688
76545 R 233.0 33 2 724 177
76568 R 31.219 24 3 563 178
 P 353040 48223 239288 19665988
77014 R 188.0 34 1 550 179
77037 R 28.0 34 2 302 180
77061 R 195.170 24 3 998 181
77390 R 143.0 34 1 708 182
 P 361258 49311 239323 19786288
77482 R 233.0 34 2 765 183
77506 R 31.219 25 3 500 184
77857 R 188.0 35 1 270 185
 P 366201 50127 239347 19906588
77955 R 28.0 35 2 324 186
77977 R 195.170 25 3 914 187
78329 R 143.0 35 1 752 188
EMPTY QUEUE
 P 372790 50943 239373 20027511
78422 R 233.0 35 2 809 189
78442 R 31.219 26 3 435 190
78798 R 188.0 36 1 314 191
 P 377062 51759 239397 20147188
78889 R 28.0 36 2 361 192
78918 R 195.170 26 3 854 193
79266 R 195.170 27 3 255 194
 P 381383 52577 239425 20267488
79740 R 143.0 36 1 1266 195
 P 383940 52848 239434 20387788
79830 R 143.0 37 1 460 196
79926 R 233.0 36 2 1417 197
79948 R 233.0 37 2 543 198
79972 R 31.219 27 3 914 199
80205 R 31.219 28 3 198 200
 P 390841 54205 239479 20508088
80677 R 188.0 37 1 1298 201
EMPTY QUEUE
 P 392770 54476 239490 20630451
80771 R 188.0 38 1 496 202
80863 R 28.0 37 2 1439 203
80887 R 28.0 38 2 568 204
80914 R 195.170 28 3 849 205
81149 R 143.0 38 1 883 206
 P 400404 55836 239534 20748688
81244 R 233.0 38 2 943 207
81338 R 143.0 39 1 176 208
81362 R 31.219 29 3 354 209
81383 R 233.0 39 2 186 210
81620 R 188.0 39 1 449 211
 P 411728 57197 239573 20868988
81714 R 28.0 39 2 499 212
81738 R 195.170 29 3 672 213
82084 R 143.0 40 1 26 214
82109 R 31.219 30 3 101 215
82555 R 188.0 40 1 487 216
 P 419620 58559 239609 21109588
82649 R 28.0 40 2 539 217
82673 R 195.170 30 3 608 218
83024 R 143.0 41 1 71 219
 P 422937 59376 239635 21229888
83123 R 233.0 40 2 1030 220
83148 R 233.0 41 2 159 221
83494 R 188.0 41 1 531 222
EMPTY QUEUE
 P 428687 60190 239664 21351515
83969 R 188.0 42 1 109 223
 P 431026 60462 239671 21470488
84057 R 28.0 41 2 1050 224
84152 R 28.0 42 2 249 225
84179 R 195.170 31 3 1061 226
84437 R 195.170 32 3 373 227
 P 436390 61551 239702 21590788
84906 R 143.0 42 1 1056 228
 P 438116 61823 239710 21711088
85002 R 143.0 43 1 256 229
85096 R 233.0 42 2 1210 230
85187 R 233.0 43 2 407 231
85216 R 31.219 31 3 1997 232
85373 R 31.219 32 3 1247 233
85396 R 31.219 33 3 335 234
85845 R 188.0 43 1 1090 235
 P 448507 63728 239763 21951688
85943 R 188.0 44 1 291 236
86030 R 28.0 43 2 1232 237
86061 R 28.0 44 2 366 238
86085 R 195.170 33 3 967 239
86320 R 143.0 44 1 679 240
EMPTY QUEUE
 P 458891 65088 239803 22072964
86412 R 233.0 44 2 734 241
86437 R 31.219 34 3 375 242
86788 R 188.0 45 1 241 243
 P 465371 65904 239829 22192288
86878 R 28.0 45 2 287 244
86907 R 195.170 34 3 788 245
87260 R 143.0 45 1 722 246
 P 471375 66721 239853 22312588
87353 R 233.0 45 2 780 247
87373 R 31.219 35 3 311 248
87728 R 188.0 46 1 285 249
 P 477184 67537 239878 22432888
87819 R 28.0 46 2 333 250
87840 R 195.170 35 3 720 251
88196 R 195.170 36 3 128 252
 P 480981 68353 239903 22553188
88663 R 143.0 46 1 1229 253
EMPTY QUEUE
 P 482074 68625 239912 22675007
88760 R 143.0 47 1 431 254
88856 R 233.0 46 2 1386 255
88879 R 233.0 47 2 514 256
88903 R 31.219 36 3 787 257
89138 R 188.0 47 1 799 258
 P 492126 69986 239948 22793788
89232 R 28.0 47 2 849 259
89251 R 195.170 37 3 185 260
89276 R 188.0 48 1 41 261
89609 R 28.0 48 2 330 262
 P 499177 71074 239981 22914088
90076 R 143.0 48 1 850 263
 P 500969 71346 239992 23034388
90173 R 233.0 48 2 911 264
90195 R 143.0 49 1 73 265
90214 R 31.219 37 3 1045 266
90543 R 188.0 49 1 411 267
 P 507252 72433 240026 23154688
90636 R 28.0 49 2 461 268
90660 R 195.170 38 3 540 269
91013 R 233.0 49 2 856 270
EMPTY QUEUE
 P 509833 73249 240052 23276411
 P 509833 73249 243442 23395288
91954 R 143.0 50 1 936 271
91980 R 31.219 38 3 1812 272
92003 R 233.0 50 2 950 273
92025 R 143.0 51 1 112 274
92049 R 31.219 39 3 881 275
92423 R 188.0 50 1 1395 276
 P 518671 74883 243487 23635888
92515 R 28.0 50 2 1444 277
92544 R 195.170 39 3 1422 278
92567 R 188.0 51 1 644 279
92588 R 28.0 51 2 622 280
92617 R 195.170 40 3 497 281
92893 R 143.0 52 1 83 282
 P 527559 76516 243531 23756188
92991 R 233.0 51 2 1042 283
93087 R 233.0 52 2 242 284
93105 R 31.219 40 3 936 285
93368 R 31.219 41 3 252 286
 P 535606 77603 243569 23876488
93832 R 188.0 52 1 1012 287
EMPTY QUEUE
 P 536601 77876 243581 23997987
93932 R 188.0 53 1 217 288
94023 R 28.0 52 2 1161 289
94048 R 28.0 53 2 289 290
94073 R 195.170 41 3 897 291
94303 R 143.0 53 1 597 292
94325 R 233.0 53 2 583 293
94778 R 188.0 54 1 167 294
 P 549198 79781 243640 24237388
94871 R 28.0 54 2 216 295
94891 R 195.170 42 3 716 296
95241 R 195.170 43 3 119 297
 P 553433 80597 243662 24357688
95713 R 143.0 54 1 1111 298
 P 554843 80869 243669 24477988
95807 R 143.0 55 1 309 299
95907 R 233.0 54 2 1269 300
95996 R 233.0 55 2 463 301
96018 R 31.219 42 3 1743 302
96185 R 188.0 55 1 678 303
 P 562597 82230 243710 24598288
96281 R 28.0 55 2 730 304
96303 R 195.170 44 3 181 305
96651 R 31.219 43 3 1469 306
EMPTY QUEUE
 P 567448 83046 243739 24719947
96750 R 143.0 56 1 356 307
96771 R 233.0 56 2 342 308
96800 R 31.219 44 3 628 309
97126 R 188.0 56 1 723 310
 P 575301 84133 243775 24838888
97594 R 188.0 57 1 295 311
 P 577025 84405 243783 24959188
98064 R 28.0 56 2 1616 312
98085 R 28.0 57 2 742 313
98112 R 195.170 45 3 936 314
98535 R 188.0 58 1 340 315
 P 583362 85492 247209 25199788
98627 R 28.0 58 2 388 316
98655 R 195.170 46 3 479 317
99005 R 143.0 57 1 1715 318
 P 589039 86309 247234 25320088
99100 R 143.0 58 1 914 319
99193 R 233.0 57 2 1868 320
99283 R 233.0 58 2 1063 321
99380 R 143.0 59 1 298 322
99471 R 188.0 59 1 379 323
99494 R 28.0 59 2 358 324
99948 R 195.170 47 3 720 325
EMPTY QUEUE
 P 599214 88214 247288 25563103
100416 R 188.0 60 1 428 326
 P 601449 88487 247298 25680988
100505 R 28.0 60 2 474 327
100535 R 195.170 48 3 358 328
100882 R 31.219 45 3 3555 329
100908 R 31.219 46 3 2673 330
100931 R 233.0 59 2 1814 331
100954 R 143.0 60 1 976 332
100978 R 143.0 61 1 104 333
101356 R 188.0 61 1 473 334
 P 614719 90664 247364 25921588
101447 R 28.0 61 2 519 335
101468 R 195.170 49 3 291 336
101822 R 143.0 62 1 52 337
 P 617866 91481 247387 26041888
101919 R 233.0 60 2 1906 338
102015 R 233.0 61 2 1105 339
102109 R 31.219 47 3 2675 340
102295 R 233.0 62 2 489 341
 P 626530 92569 250808 26162188
102389 R 31.219 48 3 2050 342
102408 R 31.219 49 3 1163 343
102435 R 31.219 50 3 260 344
102764 R 188.0 62 1 985 345
EMPTY QUEUE
 P 632920 93657 250840 26283272
102860 R 188.0 63 1 184 346
102953 R 28.0 62 2 1131 347
102973 R 28.0 63 2 255 348
102998 R 195.170 50 3 768 349
103231 R 143.0 63 1 565 350
 P 640423 95017 250885 26402788
103327 R 233.0 63 2 627 351
103350 R 31.219 51 3 176 352
103707 R 188.0 64 1 135 353
 P 645755 95834 250911 26523088
103794 R 28.0 64 2 179 354
103821 R 195.170 51 3 590 355
104174 R 143.0 64 1 612 356
104196 R 233.0 64 2 599 357
104640 R 188.0 65 1 173 358
 P 652409 97193 250954 26763688
104737 R 28.0 65 2 226 359
104759 R 195.170 52 3 529 360
105117 R 143.0 65 1 660 361
 P 657825 98009 250980 26883988
105206 R 233.0 65 2 713 362
105232 R 31.219 52 3 951 363
105583 R 188.0 66 1 220 364
105606 R 28.0 66 2 199 365
106053 R 143.0 66 1 699 366
EMPTY QUEUE
 P 665968 99369 251020 27125659
106527 R 188.0 67 1 268 367
106544 R 28.0 67 2 241 368
106994 R 195.170 53 3 2635 369
 P 671856 100185 251045 27365188
107466 R 188.0 68 1 311 370
 P 674472 100457 251054 27485488
107560 R 195.170 54 3 1264 371
107651 R 28.0 68 2 453 372
107672 R 195.170 55 3 439 373
107931 R 143.0 67 1 1681 374
 P 680705 101546 251084 27605788
108030 R 143.0 68 1 884 375
108119 R 233.0 66 2 2729 376
108213 R 233.0 67 2 1928 377
108306 R 143.0 69 1 264 378
108401 R 188.0 69 1 350 379
108424 R 28.0 69 2 330 380
108870 R 195.170 56 3 585 381
 P 689783 103450 251140 27846388
109346 R 188.0 70 1 399 382
EMPTY QUEUE
 P 692594 103722 251151 27968431
109436 R 28.0 70 2 444 383
109457 R 195.170 57 3 224 384
109815 R 233.0 68 2 2634 385
 P 697176 104538 251178 28086988
109903 R 31.219 53 3 4415 386
109998 R 31.219 54 3 3603 387
110091 R 143.0 70 1 1153 388
110190 R 143.0 71 1 356 389
110286 R 31.219 55 3 4698 390
 P 704123 105899 251223 28207288
110373 R 233.0 69 2 2296 391
110474 R 233.0 70 2 1500 392
110498 R 31.219 56 3 2112 393
110518 R 31.219 57 3 1226 394
110543 R 233.0 71 2 674 395
110567 R 31.219 58 3 336 396
110748 R 188.0 71 1 905 397
 P 716427 107799 251287 28327588
110847 R 28.0 71 2 961 398
110944 R 188.0 72 1 205 399
110966 R 195.170 58 3 680 400
110984 R 28.0 72 2 200 401
111226 R 143.0 72 1 496 402
111245 R 233.0 72 2 480 403
111695 R 188.0 73 1 60 404
111719 R 195.170 59 3 432 405
112164 R 28.0 73 2 484 406
 P 734790 110249 251360 28688488
112629 R 188.0 74 1 98 407
EMPTY QUEUE
 P 736000 110521 251370 28810051
112725 R 28.0 74 2 150 408
112752 R 195.170 60 3 465 409
113101 R 143.0 73 1 1475 410
 P 740932 111339 251395 28929088
113193 R 143.0 74 1 671 411
113290 R 233.0 73 2 1630 412
113571 R 188.0 75 1 143 413
114042 R 28.0 75 2 612 414
114068 R 195.170 61 3 727 415
114513 R 188.0 76 1 190 416
 P 751644 112971 256045 29289988
114604 R 28.0 76 2 237 417
114629 R 195.170 62 3 341 418
114981 R 233.0 74 2 2425 419
115006 R 31.219 59 3 3567 420
115032 R 31.219 60 3 2686 421
115054 R 143.0 75 1 1636 422
115073 R 143.0 76 1 759 423
115455 R 188.0 77 1 235 424
 P 765457 115147 256112 29530588
115542 R 28.0 77 2 279 425
115569 R 195.170 63 3 281 426
115918 R 143.0 77 1 709 427
 P 768850 115964 256137 29650888
116018 R 233.0 75 2 2564 428
116108 R 233.0 76 2 1759 429
116204 R 233.0 77 2 959 430
116297 R 143.0 78 1 192 431
116389 R 31.219 61 3 2844 432
EMPTY QUEUE
 P 776739 117325 256174 29773379
116487 R 31.219 62 3 2036 433
116583 R 31.219 63 3 1225 434
116601 R 233.0 78 2 459 435
116629 R 31.219 64 3 345 436
116858 R 188.0 78 1 743 437
116887 R 28.0 78 2 728 438
117329 R 188.0 79 1 318 439
 P 789049 119231 256231 30011788
117425 R 28.0 79 2 370 440
117448 R 195.170 64 3 1054 441
117802 R 143.0 79 1 800 442
 P 793913 120046 256256 30132088
117892 R 233.0 79 2 855 443
117917 R 31.219 65 3 580 444
117940 R 143.0 80 1 43 445
118275 R 188.0 80 1 368 446
 P 799663 121133 256290 30252388
118364 R 28.0 80 2 412 447
118390 R 195.170 65 3 997 448
 P 802662 121677 259696 30372688
119214 R 188.0 81 1 411 449
EMPTY QUEUE
 P 805341 121949 259706 30493931
119308 R 28.0 81 2 461 450
119331 R 195.170 66 3 936 451
119678 R 195.170 67 3 336 452
 P 811045 122767 259730 30613288
120149 R 143.0 81 1 1355 453
 P 812398 123039 259739 30733588
120249 R 143.0 82 1 559 454
120338 R 233.0 80 2 2405 455
120434 R 233.0 81 2 1605 456
120528 R 233.0 82 2 803 457
120619 R 188.0 82 1 920 458
 P 821384 124401 259784 30853888
120712 R 188.0 83 1 116 459
120810 R 28.0 82 2 1068 460
120836 R 195.170 68 3 492 461
120852 R 28.0 83 2 213 462
121092 R 31.219 66 3 2597 463
121113 R 31.219 67 3 1710 464
121142 R 143.0 83 1 556 465
121560 R 188.0 84 1 68 466
 P 834770 126575 259847 31094488
122031 R 28.0 84 2 496 467
EMPTY QUEUE
 P 836936 126848 259858 31216915
122501 R 195.170 69 3 1106 468
122522 R 188.0 85 1 135 469
122551 R 28.0 85 2 120 470
122967 R 195.170 70 3 570 471
 P 843486 127936 259892 31455388
 P 843486 127936 263282 31575688
123909 R 188.0 86 1 626 472
123931 R 28.0 86 2 604 473
123958 R 195.170 71 3 561 474
124381 R 143.0 84 1 2899 475
 P 849834 129025 263315 31816288
124476 R 143.0 85 1 2098 476
124568 R 143.0 86 1 1295 477
124659 R 143.0 87 1 489 478
124756 R 233.0 83 2 4135 479
124851 R 188.0 87 1 671 480
 P 857766 130382 263359 31936588
124942 R 28.0 87 2 719 481
125321 R 233.0 84 2 3804 482
EMPTY QUEUE
 P 860991 130928 266768 32059047
125413 R 233.0 85 2 2999 483
125512 R 233.0 86 2 2203 484
125601 R 233.0 87 2 1395 485
125696 R 143.0 88 1 630 486
125789 R 195.170 72 3 1392 487
 P 869306 132289 266808 32177188
125885 R 188.0 88 1 810 488
125903 R 28.0 88 2 784 489
125931 R 195.170 73 3 533 490
126258 R 31.219 69 3 4605 491
 P 874749 133377 266839 32297488
126357 R 31.219 70 3 3797 492
126378 R 31.219 71 3 2913 493
126399 R 31.219 72 3 2027 494
126421 R 233.0 88 2 1320 495
126446 R 143.0 89 1 485 496
126470 R 233.0 89 2 472 497
126492 R 31.219 73 3 1045 498
126728 R 188.0 89 1 757 499
 P 885064 135554 266897 32417788
126826 R 28.0 89 2 811 500
126843 R 195.170 74 3 445 501
127202 R 143.0 90 1 344 502
 P 890147 136371 266924 32538088
127293 R 233.0 90 2 401 503
127673 R 188.0 90 1 805 504
EMPTY QUEUE
 P 894331 136916 266943 32659939
127763 R 28.0 90 2 852 505
127788 R 195.170 75 3 390 506
127813 R 188.0 91 1 50 507
128143 R 143.0 91 1 389 508
 P 902650 138007 266975 32778688
128231 R 31.219 74 3 1784 509
128324 R 233.0 91 2 535 510
128348 R 31.219 75 3 901 511
 P 905062 138823 270389 32898988
129083 R 188.0 92 1 423 512
 P 907765 139095 270398 33019288
129175 R 28.0 91 2 1368 513
129266 R 28.0 92 2 563 514
129287 R 195.170 76 3 836 515
129550 R 143.0 92 1 900 516
 P 913748 140183 270433 33139588
129645 R 31.219 76 3 1249 517
129738 R 143.0 93 1 192 518
129758 R 233.0 92 2 1072 519
129781 R 233.0 93 2 201 520
130019 R 188.0 93 1 464 521
EMPTY QUEUE
 P 920890 141543 270472 33260703
130115 R 28.0 93 2 516 522
130138 R 195.170 77 3 685 523
130487 R 188.0 94 1 36 524
130512 R 195.170 78 3 112 525
130959 R 143.0 94 1 517 526
 P 929221 142902 270513 33500488
131054 R 233.0 94 2 576 527
131146 R 31.219 77 3 1595 528
131170 R 31.219 78 3 712 529
131427 R 143.0 95 1 89 530
131451 R 233.0 95 2 78 531
131902 R 188.0 95 1 555 532
 P 939058 144529 270565 33741088
131990 R 28.0 94 2 1494 533
132083 R 28.0 95 2 692 534
132107 R 195.170 79 3 654 535
132368 R 143.0 96 1 135 536
 P 942957 145618 270597 33861388
132461 R 233.0 96 2 192 537
132489 R 31.219 79 3 988 538
132838 R 188.0 96 1 595 539
 P 948131 146434 270622 33981688
132933 R 28.0 96 2 646 540
133309 R 143.0 97 1 180 541
EMPTY QUEUE
 P 951866 146978 274030 34102451
133399 R 233.0 97 2 234 542
133425 R 31.219 80 3 923 543
133778 R 195.170 80 3 1325 544
 P 955346 147794 274051 34222288
133873 R 188.0 97 1 734 545
133892 R 28.0 97 2 709 546
134246 R 143.0 98 1 220 547
 P 960526 148611 275283 34342588
134345 R 233.0 98 2 283 548
134370 R 31.219 81 3 867 549
134717 R 195.170 81 3 1334 550
 P 966566 149426 275308 34462888
134814 R 188.0 98 1 779 551
134832 R 28.0 98 2 753 552
134855 R 195.170 82 3 402 553
135188 R 143.0 99 1 266 554
 P 971454 150514 275340 34583188
135284 R 233.0 99 2 327 555
135302 R 31.219 82 3 800 556
135662 R 188.0 99 1 731 557
EMPTY QUEUE
 P 976795 151331 275367 34704495
135754 R 28.0 99 2 778 558
135778 R 195.170 83 3 324 559
136129 R 143.0 100 1 311 560
 P 983025 152147 275393 34823788
136226 R 233.0 100 2 373 561
136248 R 31.219 83 3 744 562
136594 R 31.219 84 3 144 563
 P 988651 152964 275416 34944088
137072 R 143.0 101 1 358 564
137092 R 233.0 101 2 342 565
137535 R 188.0 100 1 1708 566
137565 R 188.0 101 1 841 567
138010 R 188.0 102 1 391 568
 P 998999 154325 275459 35304988
138101 R 28.0 100 2 2229 569
138197 R 28.0 101 2 1430 570
138292 R 28.0 102 2 629 571
138385 R 195.170 84 3 1773 572
138481 R 143.0 102 1 871 573
 P 1008658 155686 275496 35425288
138575 R 233.0 102 2 930 574
138668 R 143.0 103 1 162 575
138688 R 31.219 85 3 1131 576
138712 R 233.0 103 2 171 577
138945 R 195.170 85 3 1427 578
138971 R 188.0 103 1 455 579
138995 R 28.0 103 2 436 580
EMPTY QUEUE
 P 1020288 157592 278944 35666799
139887 R 195.170 86 3 1721 581
 P 1021929 157864 278953 35786188
139982 R 188.0 104 1 571 582
140001 R 28.0 104 2 546 583
140029 R 195.170 87 3 521 584
140359 R 143.0 104 1 958 585
 P 1028253 158953 278988 35906488
140454 R 143.0 105 1 156 586
140547 R 233.0 104 2 1110 587
140638 R 31.219 86 3 1978 588
140663 R 233.0 105 2 329 589
140826 R 188.0 105 1 519 590
 P 1036358 160314 279031 36026788
140923 R 28.0 105 2 572 591
140941 R 195.170 88 3 433 592
141301 R 31.219 87 3 1734 593
 P 1041783 161129 279056 36147088
141389 R 143.0 106 1 195 594
141415 R 233.0 106 2 186 595
141435 R 31.219 88 3 877 596
141770 R 188.0 106 1 567 597
EMPTY QUEUE
 P 1047741 162215 279094 36268075
141861 R 28.0 106 2 614 598
141886 R 195.170 89 3 379 599
142240 R 143.0 107 1 150 600
 P 1053678 163031 279120 36387688
142330 R 233.0 107 2 204 601
142355 R 31.219 89 3 797 602
142710 R 188.0 107 1 610 603
 P 1059046 163848 279144 36507988
143180 R 188.0 108 1 185 604
 P 1061740 164120 279152 36628288
143273 R 28.0 107 2 1130 605
143364 R 28.0 108 2 324 606
143385 R 195.170 90 3 823 607
143647 R 143.0 108 1 661 608
 P 1067548 165208 279183 36748588
144117 R 188.0 109 1 226 609
EMPTY QUEUE
 P 1069512 165480 279194 36869735
144213 R 28.0 109 2 277 610
144235 R 195.170 91 3 673 611
144586 R 143.0 109 1 704 612
 P 1075031 166295 279221 36989188
145054 R 188.0 110 1 267 613
 P 1076317 166568 279229 37109488
145151 R 28.0 110 2 320 614
145177 R 195.170 92 3 614 615
145531 R 143.0 110 1 753 616
 P 1083243 167384 279253 37229788
145619 R 233.0 108 2 2599 617
145714 R 233.0 109 2 1796 618
145807 R 143.0 111 1 133 619
145906 R 233.0 110 2 1093 620
145993 R 188.0 111 1 310 621
 P 1090485 168745 279294 37350088
146087 R 28.0 111 2 360 622
146111 R 195.170 93 3 548 623
146464 R 31.219 91 3 2749 624
EMPTY QUEUE
 P 1093256 169561 279322 37472291
146559 R 31.219 92 3 1938 625
146582 R 31.219 93 3 1053 626
146605 R 233.0 111 2 896 627
146629 R 143.0 112 1 59 628
146940 R 233.0 112 2 335 629
 P 1100287 170922 279359 37590688
147406 R 188.0 112 1 827 630
 P 1102020 171194 279367 37710988
147500 R 28.0 112 2 877 631
147524 R 188.0 113 1 48 632
147546 R 195.170 94 3 930 633
147880 R 28.0 113 2 361 634
 P 1109218 172282 279399 37831288
148346 R 143.0 113 1 880 635
 P 1110963 172553 279408 37951588
148441 R 233.0 113 2 941 636
148530 R 143.0 114 1 169 637
148559 R 31.219 94 3 1841 638
148817 R 195.170 95 3 1253 639
EMPTY QUEUE
 P 1117467 173639 279444 38074207
148913 R 188.0 114 1 542 640
148932 R 28.0 114 2 516 641
148960 R 195.170 96 3 394 642
149285 R 143.0 115 1 27 643
 P 1124518 174727 279474 38192188
149382 R 233.0 114 2 986 644
149470 R 31.219 95 3 1846 645
149572 R 31.219 96 3 959 646
149592 R 233.0 115 2 298 647
149756 R 188.0 115 1 489 648
 P 1133395 176088 279514 38312488
149846 R 28.0 115 2 535 649
149872 R 195.170 97 3 306 650
150229 R 143.0 116 1 75 651
 P 1137632 176904 279537 38432788
150323 R 31.219 97 3 711 652
150343 R 233.0 116 2 154 653
 P 1141463 177449 282941 38553088
151165 R 143.0 117 1 115 654
EMPTY QUEUE
 P 1143150 177721 282952 38673947
151256 R 233.0 117 2 172 655
151285 R 31.219 98 3 672 656
151633 R 188.0 116 1 1470 657
 P 1147047 178538 282978 38793688
151726 R 28.0 116 2 1518 658
151754 R 195.170 98 3 1188 659
151777 R 188.0 117 1 718 660
151798 R 28.0 117 2 695 661
151827 R 195.170 99 3 261 662
152108 R 143.0 118 1 162 663
 P 1157060 180172 283027 38913988
152201 R 233.0 118 2 220 664
152225 R 31.219 99 3 611 665
152572 R 188.0 118 1 616 666
152595 R 28.0 118 2 596 667
153049 R 188.0 119 1 198 668
 P 1165180 181533 283070 39154588
153141 R 28.0 119 2 245 669
153165 R 195.170 100 3 546 670
153515 R 143.0 119 1 673 671
 P 1171047 182350 283094 39274888
153613 R 233.0 119 2 736 672
153634 R 31.219 100 3 968 673
153986 R 143.0 120 1 248 674
EMPTY QUEUE
 P 1177497 183166 283119 39396419
154076 R 233.0 120 2 303 675
154105 R 31.219 101 3 491 676
154458 R 188.0 120 1 711 677
 P 1183251 183981 283145 39515488
154551 R 28.0 120 2 760 678
154571 R 195.170 101 3 900 679
154924 R 143.0 121 1 290 680
 P 1187965 184797 283171 39635788
155019 R 233.0 121 2 350 681
155042 R 31.219 102 3 427 682
155391 R 188.0 121 1 748 683
 P 1191895 185611 283197 39756088
155489 R 28.0 121 2 802 684
155515 R 195.170 102 3 842 685
155869 R 143.0 122 1 339 686
 P 1198496 186428 283219 39876388
155958 R 233.0 122 2 393 687
155984 R 31.219 103 3 368 688
156336 R 188.0 122 1 797 689
EMPTY QUEUE
 P 1203870 187244 283245 39997439
156426 R 28.0 122 2 843 690
156452 R 195.170 103 3 779 691
156476 R 188.0 123 1 41 692
156808 R 143.0 123 1 382 693
 P 1210559 188333 283277 40116988
156902 R 233.0 123 2 440 694
156925 R 31.219 104 3 309 695
157276 R 28.0 123 2 797 696
 P 1217402 189149 283301 40237288
157741 R 188.0 124 1 410 697
 P 1218395 189421 283308 40357588
157841 R 195.170 104 3 1168 698
157861 R 28.0 124 2 486 699
157884 R 195.170 105 3 262 700
158212 R 143.0 124 1 891 701
 P 1224317 190508 283338 40477888
158307 R 233.0 124 2 950 702
158400 R 143.0 125 1 182 703
158424 R 31.219 105 3 753 704
158452 R 233.0 125 2 199 705
158684 R 188.0 125 1 457 706
EMPTY QUEUE
 P 1231414 191864 283384 40599867
158806 R 28.0 125 2 647 707
158823 R 195.170 106 3 202 708
159151 R 143.0 126 1 37 709
159177 R 31.219 106 3 507 710
159626 R 233.0 126 2 477 711
 P 1240886 193225 284635 40838788
160095 R 188.0 126 1 972 712
 P 1243029 193497 284643 40959088
160191 R 188.0 127 1 172 713
160285 R 28.0 126 2 1118 714
160308 R 195.170 107 3 634 715
160329 R 28.0 127 2 266 716
160561 R 143.0 127 1 551 717
 P 1252299 194858 284681 41079388
161030 R 188.0 128 1 115 718
 P 1253162 195130 284689 41199688
161126 R 28.0 128 2 167 719
161148 R 195.170 108 3 474 720
161505 R 143.0 128 1 599 721
EMPTY QUEUE
 P 1257140 195944 284718 41320419
161602 R 233.0 127 2 1557 722
161689 R 233.0 128 2 748 723
161789 R 31.219 107 3 1962 724
161813 R 31.219 108 3 1081 725
161976 R 188.0 129 1 164 726
162001 R 28.0 129 2 146 727
162443 R 195.170 109 3 716 728
 P 1271683 197846 284777 41560588
162915 R 188.0 130 1 207 729
 P 1273760 198119 284786 41680888
163008 R 28.0 130 2 257 730
163032 R 195.170 110 3 357 731
163385 R 143.0 129 1 1584 732
 P 1279491 198935 284810 41801188
163475 R 143.0 130 1 777 733
163571 R 233.0 129 2 1734 734
163665 R 233.0 130 2 932 735
163756 R 31.219 109 3 1928 736
163857 R 188.0 131 1 254 737
 P 1286523 200295 284849 41921488
163944 R 28.0 131 2 297 738
163967 R 195.170 111 3 291 739
164324 R 143.0 131 1 730 740
164350 R 31.219 110 3 1615 741
164373 R 233.0 131 2 744 742
164395 R 31.219 111 3 671 743
164797 R 188.0 132 1 298 744
EMPTY QUEUE
 P 1298670 202200 284913 42163703
164889 R 28.0 132 2 346 745
164913 R 195.170 112 3 237 746
165265 R 143.0 132 1 775 747
 P 1305104 203016 284938 42282388
165736 R 188.0 133 1 341 748
 P 1307789 203288 284947 42402688
165829 R 28.0 133 2 389 749
165849 R 195.170 113 3 172 750
166203 R 143.0 133 1 817 751
 P 1312814 204104 284973 42522988
166301 R 233.0 132 2 1776 752
166388 R 233.0 133 2 967 753
166482 R 143.0 134 1 200 754
166582 R 31.219 112 3 1753 755
166669 R 188.0 134 1 378 756
166698 R 28.0 134 2 363 757
167145 R 195.170 114 3 416 758
 P 1324408 206009 285028 42763588
167611 R 31.219 113 3 1876 759
EMPTY QUEUE
 P 1325972 206281 285038 42885535
167707 R 233.0 134 2 1390 760
167730 R 143.0 135 1 552 761
167754 R 233.0 135 2 540 762
167782 R 31.219 114 3 1003 763
168082 R 31.219 115 3 355 764
168108 R 143.0 136 1 34 765
168554 R 188.0 135 1 1367 766
 P 1338775 208186 285098 43124488
168644 R 188.0 136 1 561 767
168741 R 28.0 135 2 1510 768
168767 R 28.0 136 2 640 769
168789 R 195.170 115 3 1007 770
169026 R 143.0 137 1 56 771
 P 1348257 209546 285134 43244788
169120 R 233.0 136 2 1011 772
169211 R 31.219 116 3 485 773
169232 R 233.0 137 2 227 774
169493 R 188.0 137 1 513 775
 P 1355181 210636 285166 43365088
169583 R 28.0 137 2 560 776
169612 R 195.170 116 3 829 777
169961 R 143.0 138 1 95 778
 P 1359532 211453 285190 43485388
170054 R 233.0 138 2 153 779
170078 R 31.219 117 3 351 780
170431 R 188.0 138 1 555 781
170456 R 28.0 138 2 537 782
170906 R 143.0 139 1 144 783
EMPTY QUEUE
 P 1367320 212814 285234 43727027
170996 R 233.0 139 2 199 784
171018 R 31.219 118 3 291 785
171371 R 188.0 139 1 600 786
 P 1371284 213631 285261 43846288
171470 R 28.0 139 2 655 787
171559 R 195.170 117 3 1671 788
171585 R 195.170 118 3 791 789
171845 R 188.0 140 1 178 790
 P 1379303 214719 285293 43966588
171939 R 28.0 140 2 228 791
171962 R 195.170 119 3 231 792
172309 R 143.0 140 1 651 793
 P 1384677 215537 285318 44086888
172407 R 233.0 140 2 714 794
172428 R 31.219 119 3 649 795
172785 R 143.0 141 1 231 796
 P 1390271 216352 285343 44207188
172872 R 233.0 141 2 283 797
172903 R 31.219 120 3 175 798
173249 R 188.0 141 1 686 799
EMPTY QUEUE
 P 1394559 217168 285369 44329839
173344 R 28.0 141 2 736 800
173367 R 195.170 120 3 583 801
173719 R 188.0 142 1 260 802
173747 R 28.0 142 2 244 803
174188 R 195.170 121 3 404 804
 P 1400773 218527 285410 44568088
174662 R 143.0 142 1 1212 805
 P 1402686 218799 285419 44688388
174759 R 143.0 143 1 413 806
174853 R 233.0 142 2 1369 807
174873 R 233.0 143 2 491 808
174899 R 31.219 121 3 1065 809
175129 R 188.0 143 1 774 810
 P 1412127 220159 285464 44808688
175222 R 28.0 143 2 822 811
175250 R 195.170 122 3 465 812
175601 R 143.0 144 1 359 813
 P 1415965 220974 285487 44928988
175698 R 233.0 144 2 421 814
175720 R 31.219 122 3 887 815
176074 R 31.219 123 3 291 816
EMPTY QUEUE
 P 1422207 221788 285515 45051287
176540 R 188.0 144 1 1289 817
 P 1423639 222060 285524 45169588
176637 R 188.0 145 1 490 818
176725 R 28.0 144 2 1430 819
176756 R 28.0 145 2 565 820
176780 R 195.170 123 3 942 821
177013 R 143.0 145 1 876 822
 P 1433300 223420 285568 45289888
177105 R 233.0 145 2 932 823
177203 R 143.0 146 1 169 824
177225 R 31.219 124 3 443 825
177244 R 233.0 146 2 175 826
177483 R 188.0 146 1 439 827
 P 1442263 224781 285605 45410188
177572 R 28.0 146 2 485 828
177602 R 195.170 124 3 764 829
177948 R 31.219 125 3 164 830
177972 R 143.0 147 1 42 831
178421 R 233.0 147 2 456 832
 P 1449184 226143 285646 45650788
178893 R 188.0 147 1 954 833
178913 R 188.0 148 1 78 834
178937 R 28.0 147 2 954 835
179362 R 28.0 148 2 483 836
EMPTY QUEUE
 P 1456211 227231 285684 45891883
179832 R 143.0 148 1 1006 837
 P 1458254 227504 285692 46011688
179924 R 143.0 149 1 202 838
180023 R 233.0 148 2 1161 839
180040 R 233.0 149 2 283 840
180065 R 31.219 126 3 1177 841
180302 R 195.170 125 3 2359 842
 P 1466608 228865 285732 46131988
180392 R 195.170 126 3 1542 843
180418 R 188.0 149 1 686 844
180442 R 28.0 149 2 667 845
180468 R 195.170 127 3 629 846
180768 R 188.0 150 1 140 847
180794 R 28.0 150 2 123 848
181242 R 143.0 150 1 624 849
 P 1477709 230772 285790 46372588
181707 R 188.0 151 1 184 850
 P 1478723 231044 285797 46492888
181804 R 28.0 151 2 236 851
181826 R 195.170 128 3 933 852
182180 R 143.0 151 1 666 853
EMPTY QUEUE
 P 1483009 231859 285822 46613588
182650 R 188.0 152 1 231 854
 P 1484822 232131 285830 46733488
182744 R 28.0 152 2 280 855
182772 R 195.170 129 3 878 856
183124 R 143.0 152 1 714 857
 P 1491437 232948 285854 46853788
183589 R 188.0 153 1 274 858
 P 1492898 233220 285863 46974088
183683 R 28.0 153 2 323 859
183711 R 195.170 130 3 816 860
184059 R 143.0 153 1 753 861
 P 1497944 234037 285890 47094388
184533 R 188.0 154 1 322 862
EMPTY QUEUE
 P 1500529 234309 285900 47216911
184624 R 28.0 154 2 369 863
184645 R 195.170 131 3 752 864
184998 R 195.170 132 3 156 865
 P 1504415 235125 285924 47334988
185473 R 143.0 154 1 1271 866
 P 1507099 235396 285933 47455288
185562 R 143.0 155 1 464 867
185657 R 233.0 150 2 5004 868
185749 R 233.0 151 2 4200 869
185848 R 233.0 152 2 3402 870
185937 R 188.0 155 1 830 871
 P 1513378 236753 285977 47575588
186036 R 28.0 155 2 883 872
186061 R 188.0 156 1 58 873
186077 R 195.170 133 3 235 874
186407 R 233.0 153 2 3066 875
 P 1519429 237841 286008 47695888
186501 R 233.0 154 2 2265 876
186594 R 143.0 156 1 600 877
186693 R 233.0 155 2 1560 878
186790 R 31.219 128 3 5484 879
186876 R 31.219 129 3 4664 880
EMPTY QUEUE
 P 1526490 239201 286050 47818571
186977 R 31.219 130 3 3857 881
187068 R 31.219 131 3 3041 882
187165 R 31.219 132 3 2233 883
187183 R 143.0 157 1 293 884
187347 R 188.0 157 1 448 885
 P 1534849 240561 286091 47936488
187440 R 28.0 156 2 1391 886
187538 R 28.0 157 2 595 887
187559 R 195.170 134 3 663 888
187819 R 233.0 156 2 1790 889
187846 R 31.219 133 3 1954 890
187866 R 233.0 157 2 941 891
187889 R 143.0 158 1 103 892
187910 R 31.219 134 3 967 893
188292 R 188.0 158 1 496 894
 P 1547757 243011 286163 48177088
188379 R 28.0 158 2 540 895
188410 R 195.170 135 3 514 896
188760 R 143.0 159 1 78 897
 P 1552513 243826 286186 48297388
188856 R 233.0 158 2 1035 898
188949 R 233.0 159 2 232 899
188969 R 31.219 135 3 1024 900
189229 R 188.0 159 1 538 901
 P 1559573 244914 286221 48417688
189326 R 28.0 159 2 591 902
189344 R 195.170 136 3 449 903
189700 R 143.0 160 1 122 904
EMPTY QUEUE
 P 1564685 245730 286247 48539379
189795 R 233.0 160 2 181 905
189814 R 31.219 136 3 869 906
190168 R 188.0 160 1 581 907
 P 1569067 246547 286272 48658288
190262 R 28.0 160 2 631 908
190285 R 195.170 137 3 390 909
190636 R 143.0 161 1 162 910
 P 1572542 247364 286298 48778588
190736 R 233.0 161 2 227 911
190757 R 31.219 137 3 811 912
191110 R 31.219 138 3 215 913
 P 1578376 248180 286323 48898888
191578 R 143.0 162 1 208 914
191603 R 233.0 162 2 198 915
192047 R 31.219 139 3 153 916
 P 1582971 248996 286350 49139488
192520 R 188.0 161 1 2037 917
EMPTY QUEUE
 P 1585265 249268 286360 49261595
192615 R 188.0 162 1 1236 918
192708 R 188.0 163 1 433 919
192798 R 28.0 161 2 2270 920
192895 R 28.0 162 2 1472 921
192990 R 143.0 163 1 724 922
 P 1593974 250628 286396 49380088
193086 R 233.0 163 2 785 923
193105 R 31.219 140 3 211 924
193460 R 28.0 163 2 1141 925
 P 1599668 251444 286420 49500388
193553 R 195.170 138 3 2498 926
193573 R 195.170 139 3 1612 927
193596 R 188.0 164 1 425 928
193625 R 28.0 164 2 410 929
193646 R 195.170 140 3 697 930
193932 R 143.0 164 1 770 931
193953 R 233.0 164 2 756 932
194399 R 188.0 165 1 331 933
 P 1612356 253620 286485 49740988
194491 R 28.0 165 2 380 934
194515 R 195.170 141 3 564 935
194865 R 143.0 165 1 807 936
 P 1616021 254437 286511 49861288
194961 R 233.0 165 2 868 937
194983 R 31.219 141 3 983 938
195007 R 143.0 166 1 54 939
195336 R 188.0 166 1 372 940
EMPTY QUEUE
 P 1620306 255526 286548 49983683
195433 R 28.0 166 2 426 941
195455 R 195.170 142 3 504 942
195812 R 233.0 166 2 823 943
 P 1626273 256344 286573 50101888
196276 R 188.0 167 1 417 944
 P 1627600 256616 286582 50222188
196375 R 28.0 167 2 471 945
196396 R 195.170 143 3 446 946
196746 R 143.0 167 1 896 947
 P 1632703 257432 286608 50342488
196839 R 31.219 142 3 1839 948
196937 R 233.0 167 2 1052 949
196961 R 143.0 168 1 215 950
196982 R 31.219 143 3 982 951
197214 R 188.0 168 1 459 952
 P 1639085 258793 286647 50462788
197310 R 28.0 168 2 511 953
197332 R 195.170 144 3 380 954
197690 R 143.0 169 1 49 955
EMPTY QUEUE
 P 1643392 259609 286672 50583807
197778 R 233.0 168 2 997 956
197880 R 31.219 144 3 879 957
197900 R 233.0 169 2 222 958
198159 R 188.0 169 1 508 959
 P 1650458 260697 286701 50703388
198248 R 28.0 169 2 553 960
198274 R 195.170 145 3 322 961
198631 R 143.0 170 1 93 962
 P 1654984 261513 286728 50823688
198725 R 233.0 170 2 153 963
198745 R 31.219 145 3 744 964
199098 R 188.0 170 1 551 965
 P 1660905 262330 286753 50943988
199567 R 143.0 171 1 133 966
 P 1662537 262601 290152 51064288
199658 R 233.0 171 2 189 967
199687 R 31.219 146 3 685 968
200040 R 31.219 147 3 89 969
EMPTY QUEUE
 P 1667936 263418 290178 51186875
200509 R 143.0 172 1 179 970
200533 R 233.0 172 2 168 971
200976 R 28.0 170 2 2385 972
 P 1673862 264234 290203 51425188
201072 R 195.170 146 3 2120 973
201166 R 188.0 171 1 1723 974
201189 R 188.0 172 1 850 975
201211 R 28.0 171 2 1723 976
201239 R 28.0 172 2 856 977
201261 R 195.170 147 3 1203 978
201279 R 188.0 173 1 44 979
201447 R 143.0 173 1 221 980
 P 1686898 266412 290269 51545488
201545 R 233.0 173 2 283 981
201566 R 31.219 148 3 565 982
201920 R 28.0 173 2 641 983
 P 1693938 267228 290293 51665788
202388 R 143.0 174 1 266 984
202408 R 233.0 174 2 251 985
202858 R 195.170 148 3 1800 986
 P 1698905 268043 290320 51906388
202948 R 188.0 174 1 817 987
202978 R 28.0 174 2 803 988
202997 R 195.170 149 3 938 989
203325 R 188.0 175 1 298 990
203349 R 28.0 175 2 277 991
203798 R 195.170 150 3 739 992
EMPTY QUEUE
 P 1708201 269676 290375 52148155
204269 R 188.0 176 1 346 993
 P 1710612 269948 290383 52267288
204362 R 28.0 176 2 395 994
204386 R 195.170 151 3 379 995
204734 R 143.0 175 1 1716 996
204763 R 143.0 176 1 849 997
205206 R 188.0 177 1 387 998
 P 1719396 271309 290422 52507888
205304 R 28.0 177 2 441 999
205325 R 195.170 152 3 317 1000
205675 R 143.0 177 1 865 1001
 P 1725038 272125 290449 52628188
205771 R 233.0 175 2 2718 1002
205865 R 143.0 178 1 159 1003
205956 R 233.0 176 2 2007 1004
206054 R 233.0 177 2 1208 1005
206150 R 31.219 150 3 2886 1006
 P 1733884 273482 290494 52748488
206244 R 31.219 151 3 2073 1007
206335 R 233.0 178 2 593 1008
206356 R 31.219 152 3 1278 1009
206378 R 31.219 153 3 374 1010
206616 R 188.0 178 1 901 1011
EMPTY QUEUE
 P 1741559 274844 290538 52870755
206707 R 28.0 178 2 947 1012
206804 R 188.0 179 1 193 1013
207085 R 143.0 179 1 483 1014
 P 1745054 275660 293952 52989088
207178 R 233.0 179 2 542 1015
207206 R 31.219 154 3 202 1016
207555 R 195.170 153 3 1495 1017
207577 R 28.0 179 2 922 1018
207604 R 188.0 180 1 97 1019
207623 R 195.170 154 3 562 1020
 P 1752839 277294 297394 53229688
208495 R 188.0 181 1 92 1021
 P 1754448 277566 297402 53349988
208591 R 28.0 180 2 1039 1022
208685 R 28.0 181 2 237 1023
208708 R 195.170 155 3 647 1024
208963 R 143.0 180 1 1465 1025
 P 1760634 278654 297435 53470288
209058 R 143.0 181 1 664 1026
209150 R 233.0 180 2 1618 1027
209179 R 233.0 181 2 750 1028
209202 R 31.219 155 3 1092 1029
209439 R 188.0 182 1 140 1030
EMPTY QUEUE
 P 1768696 280014 297482 53591691
209526 R 28.0 182 2 183 1031
209549 R 195.170 156 3 488 1032
209910 R 143.0 182 1 620 1033
 P 1772575 280830 297508 53710888
209997 R 233.0 182 2 672 1034
210020 R 31.219 156 3 910 1035
210379 R 188.0 183 1 184 1036
 P 1776640 281647 297532 53831188
210471 R 28.0 183 2 231 1037
210496 R 195.170 157 3 435 1038
210850 R 143.0 183 1 664 1039
 P 1783556 282463 297556 53951488
210942 R 233.0 183 2 721 1040
210966 R 31.219 157 3 854 1041
211319 R 188.0 184 1 228 1042
 P 1790533 283280 297580 54071788
211412 R 28.0 184 2 276 1043
211432 R 195.170 158 3 369 1044
211789 R 143.0 184 1 707 1045
EMPTY QUEUE
 P 1796592 284096 297608 54193223
211882 R 233.0 184 2 764 1046
211902 R 31.219 158 3 790 1047
212252 R 188.0 185 1 265 1048
 P 1800977 284912 297631 54312388
212349 R 28.0 185 2 318 1049
212375 R 195.170 159 3 313 1050
212722 R 143.0 185 1 744 1051
 P 1805654 285727 297654 54432688
212820 R 233.0 185 2 807 1052
212846 R 31.219 159 3 734 1053
213196 R 188.0 186 1 313 1054
 P 1811671 286541 297680 54552988
213287 R 28.0 186 2 360 1055
213312 R 195.170 160 3 248 1056
213667 R 143.0 186 1 793 1057
 P 1816187 287357 297704 54673288
213757 R 233.0 186 2 848 1058
213783 R 31.219 160 3 671 1059
213807 R 143.0 187 1 37 1060
214137 R 233.0 187 2 331 1061
EMPTY QUEUE
 P 1822940 288445 297738 54794115
214605 R 188.0 187 1 826 1062
 P 1824897 288717 297746 54913888
215076 R 188.0 188 1 401 1063
 P 1827047 288989 297754 55034188
215169 R 28.0 187 2 1346 1064
215260 R 28.0 188 2 541 1065
215289 R 195.170 161 3 1121 1066
215546 R 31.219 161 3 1485 1067
 P 1833449 290077 297787 55154488
215641 R 143.0 188 1 975 1068
215733 R 233.0 188 2 1032 1069
215754 R 143.0 189 1 192 1070
215777 R 31.219 162 3 663 1071
215806 R 233.0 189 2 209 1072
216013 R 188.0 189 1 442 1073
 P 1842341 291710 297843 55274788
216109 R 28.0 189 2 493 1074
216131 R 195.170 162 3 962 1075
216483 R 143.0 190 1 25 1076
216509 R 31.219 163 3 396 1077
216958 R 188.0 190 1 491 1078
EMPTY QUEUE
 P 1851152 293068 297889 55517227
217047 R 28.0 190 2 536 1079
217073 R 195.170 163 3 904 1080
217427 R 188.0 191 1 64 1081
217446 R 195.170 164 3 328 1082
217894 R 143.0 191 1 540 1083
 P 1859347 294428 297929 55755988
217993 R 233.0 190 2 1500 1084
218080 R 233.0 191 2 691 1085
218367 R 188.0 192 1 108 1086
 P 1865492 295244 297954 55876288
218456 R 28.0 191 2 1048 1087
218551 R 28.0 192 2 246 1088
218574 R 195.170 165 3 456 1089
218833 R 143.0 192 1 583 1090
 P 1869972 296333 297990 55996588
219302 R 188.0 193 1 147 1091
219329 R 28.0 193 2 129 1092
219771 R 195.170 166 3 599 1093
 P 1874072 297149 298014 56237188
220241 R 188.0 194 1 190 1094
EMPTY QUEUE
 P 1875265 297422 298025 56358975
220334 R 28.0 194 2 239 1095
220362 R 195.170 167 3 243 1096
220714 R 143.0 193 1 1568 1097
 P 1879200 298238 298051 56477788
220807 R 143.0 194 1 765 1098
220905 R 31.219 164 3 3738 1099
220994 R 233.0 192 2 2709 1100
221089 R 233.0 193 2 1908 1101
221182 R 188.0 195 1 235 1102
 P 1886368 299600 298091 56598088
221280 R 28.0 195 2 289 1103
221298 R 195.170 168 3 179 1104
221652 R 143.0 195 1 714 1105
221675 R 233.0 194 2 1598 1106
221699 R 31.219 165 3 3323 1107
222128 R 143.0 196 1 294 1108
 P 1895208 301232 298135 56838688
222217 R 31.219 166 3 2936 1109
222313 R 31.219 167 3 2124 1110
222407 R 233.0 195 2 1434 1111
222499 R 233.0 196 2 630 1112
222597 R 188.0 196 1 754 1113
 P 1904203 302592 298179 56958988
222687 R 28.0 196 2 800 1114
222712 R 195.170 169 3 540 1115
223066 R 31.219 168 3 1846 1116
EMPTY QUEUE
 P 1910095 303407 298208 57081319
223154 R 143.0 197 1 424 1117
223185 R 233.0 197 2 420 1118
223209 R 31.219 169 3 987 1119
223531 R 188.0 197 1 792 1120
 P 1916818 304492 298242 57199588
223626 R 28.0 197 2 842 1121
223653 R 195.170 170 3 482 1122
223673 R 188.0 198 1 38 1123
224005 R 143.0 198 1 379 1124
 P 1923530 305580 298274 57319888
224095 R 233.0 198 2 434 1125
224125 R 31.219 170 3 904 1126
224470 R 28.0 198 2 791 1127
 P 1927852 306397 298299 57440188
224946 R 143.0 199 1 424 1128
 P 1930356 306669 298306 57560488
225037 R 233.0 199 2 480 1129
225058 R 31.219 171 3 835 1130
225414 R 31.219 172 3 243 1131
EMPTY QUEUE
 P 1934531 307485 298330 57682723
225885 R 188.0 199 1 1354 1132
 P 1936931 307757 298338 57801088
225978 R 195.170 171 3 1805 1133
226069 R 188.0 200 1 642 1134
226094 R 28.0 199 2 1518 1135
226119 R 28.0 200 2 647 1136
226145 R 195.170 172 3 919 1137
226356 R 143.0 200 1 938 1138
 P 1947340 309389 298390 57921388
226449 R 143.0 201 1 135 1139
226541 R 233.0 200 2 1088 1140
226566 R 31.219 173 3 396 1141
226592 R 233.0 201 2 243 1142
226820 R 188.0 201 1 497 1143
 P 1956209 310745 298435 58041688
226914 R 28.0 201 2 546 1144
226937 R 195.170 173 3 711 1145
227290 R 143.0 202 1 80 1146
 P 1958700 311561 298463 58161988
227384 R 233.0 202 2 139 1147
227408 R 31.219 174 3 237 1148
227762 R 188.0 202 1 543 1149
EMPTY QUEUE
 P 1962100 312379 298488 58283999
227857 R 28.0 202 2 592 1150
227880 R 195.170 174 3 653 1151
228233 R 143.0 203 1 127 1152
 P 1966989 313195 298512 58402588
228328 R 233.0 203 2 187 1153
228351 R 31.219 175 3 179 1154
228702 R 188.0 203 1 587 1155
 P 1972081 314014 298535 58522888
228794 R 28.0 203 2 634 1156
228819 R 195.170 175 3 591 1157
229172 R 188.0 204 1 161 1158
229199 R 28.0 204 2 142 1159
229645 R 195.170 176 3 418 1160
 P 1980380 315375 298579 58763488
230113 R 143.0 204 1 1111 1161
 P 1982277 315646 298588 58883788
230204 R 143.0 205 1 306 1162
230302 R 233.0 204 2 1265 1163
230324 R 233.0 205 2 391 1164
230351 R 31.219 176 3 1074 1165
