403403629 1 51587 R 214.0 1 1 318 1
404151551 1 51683 R 122.0 1 2 468 2
404328347 1 51705 R 153.0 1 3 313 3
410751269 1 52528 R 110.0 1 2 1299 4
414413505 1 52996 R 13.0 1 1 1689 5
418111924 1 53470 R 191.0 1 1 2098 6
418859946 1 53566 R 117.0 1 2 2269 7
419592213 1 53659 R 224.0 1 2 2389 8
420308826 1 53751 R 164.0 1 3 2522 9
421010080 1 53841 R 111.0 1 3 2536 10
421779430 1 53939 R 40.0 1 1 2610 11
421963964 1 53963 R 14.0 1 2 2724 12
422129057 1 53984 R 154.0 1 3 2655 13
422352692 1 54013 R 116.0 1 4 2765 14
422525367 1 54035 R 99.0 1 5 2653 15
422663207 1 54052 R 207.0 1 2 2702 16
422843703 1 54075 R 57.0 1 3 2822 17
425469457 1 54411 R 159.0 1 1 3158 18
425611146 1 54430 R 165.0 1 2 3175 19
425842499 1 54459 R 208.0 1 3 3240 20
425991767 1 54478 R 68.0 1 4 3226 21
426199891 1 54505 R 202.0 1 5 3111 22
426357021 1 54525 R 50.0 1 3 3179 23
426541635 1 54549 R 62.0 1 4 3325 24
429100485 1 54876 R 19.0 1 4 3639 25
429277261 1 54899 R 174.0 1 3 3578 26
429465482 1 54923 R 8.0 1 4 3685 27
429681500 1 54951 R 219.0 1 4 3665 28
443775200 1 56755 R 13.0 2 1 327 29
447483943 1 57229 R 40.0 2 1 780 30
451116810 1 57694 R 214.0 2 1 1306 31
451340444 1 57723 R 110.0 2 2 1374 32
454793435 1 58165 R 14.0 2 2 1806 33
458475632 1 58636 R 191.0 2 1 2144 34
459215650 1 58731 R 224.0 2 2 2341 35
459427569 1 58758 R 117.0 2 2 2342 36
459572785 1 58777 R 8.0 2 4 2420 37
462127290 1 59104 R 154.0 2 3 2656 38
462346986 1 59132 R 116.0 2 4 2765 39
462531509 1 59155 R 99.0 2 5 2653 40
465801871 1 59574 R 122.0 2 2 3239 41
466025476 1 59603 R 153.0 2 3 3090 42
473175243 1 60518 R 111.0 2 3 4094 43
476848481 1 60988 R 207.0 2 2 4518 44
477032913 1 61012 R 57.0 2 3 4639 45
480486962 1 61454 R 213.0 2 2 5033 46
484172419 1 61925 R 19.0 2 4 5567 47
484896778 1 62018 R 191.0 3 1 406 48
485668079 1 62117 R 117.0 3 2 580 49
486361313 1 62206 R 111.0 3 3 661 50
486565595 1 62232 R 219.0 2 4 5826 51
491540762 1 62869 R 214.0 3 1 1360 52
491713584 1 62891 R 122.0 3 2 1436 53
491913749 1 62916 R 153.0 3 3 1284 54
492094449 1 62939 R 110.0 3 2 1471 55
495179430 1 63334 R 219.0 3 4 1808 56
495371636 1 63359 R 19.0 3 4 1882 57
506207831 1 64746 R 224.0 3 2 3236 58
506968450 1 64843 R 164.0 3 3 3374 59
507152991 1 64867 R 170.0 3 4 3323 60
507318031 1 64888 R 174.0 3 3 3327 61
507478880 1 64909 R 8.0 3 4 3432 62
509912538 1 65220 R 159.0 2 1 8847 63
510652741 1 65315 R 165.0 2 2 8941 64
510802159 1 65334 R 208.0 2 3 8995 65
511010081 1 65361 R 68.0 2 4 8988 66
511167360 1 65381 R 202.0 2 5 8866 67
511351854 1 65404 R 50.0 2 3 8938 68
511516985 1 65426 R 62.0 2 4 9082 69
511740637 1 65454 R 159.0 3 1 3961 70
511913489 1 65476 R 165.0 3 2 3982 71
512113679 1 65502 R 208.0 3 3 4042 72
512294236 1 65525 R 68.0 3 4 4033 73
513543545 1 65685 R 207.0 3 2 4095 74
513767039 1 65714 R 57.0 3 3 4220 75
513939859 1 65736 R 14.0 3 2 4257 76
514077669 1 65753 R 154.0 3 3 4186 77
514258335 1 65776 R 116.0 3 4 4289 78
514497419 1 65807 R 99.0 3 5 4187 79
517252228 1 66160 R 202.0 3 5 4525 80
517393629 1 66178 R 50.0 3 3 4591 81
517625141 1 66207 R 62.0 3 4 4744 82
520899720 1 66627 R 110.0 4 2 38 83
524567797 1 67096 R 40.0 4 1 407 84
528213163 1 67563 R 214.0 4 1 934 85
528436971 1 67591 R 122.0 4 2 1017 86
528609651 1 67613 R 153.0 4 3 862 87
531895945 1 68034 R 191.0 4 1 1302 88
532628212 1 68128 R 117.0 4 2 1472 89
533407423 1 68228 R 174.0 4 3 1545 90
533537048 1 68244 R 8.0 4 4 1646 91
535575000 1 68505 R 13.0 4 1 1838 92
539233624 1 68973 R 224.0 4 2 2343 93
542945955 1 69448 R 207.0 4 2 2738 94
546623662 1 69919 R 159.0 4 1 3306 95
547363834 1 70014 R 208.0 4 3 3434 96
547513171 1 70033 R 62.0 4 4 3451 97
547721348 1 70060 R 202.0 4 5 3304 98
550259996 1 70385 R 57.0 4 3 3772 99
550992591 1 70478 R 14.0 4 2 3879 100
551177184 1 70502 R 154.0 4 3 3815 101
561270143 1 71794 R 164.0 4 3 5206 102
562033694 1 71892 R 170.0 4 4 5228 103
562719219 1 71979 R 111.0 4 3 5313 104
562958136 1 72010 R 191.0 5 1 158 105
563146506 1 72034 R 19.0 5 4 317 106
563299903 1 72054 R 117.0 5 2 277 107
564926046 1 72262 R 214.0 5 1 513 108
565149653 1 72291 R 110.0 5 2 582 109
568601157 1 72732 R 13.0 5 1 945 110
572284916 1 73204 R 111.0 5 3 1420 111
572488988 1 73230 R 174.0 5 3 1429 112
575985973 1 73678 R 122.0 5 2 1983 113
579626475 1 74144 R 40.0 5 1 2334 114
580390053 1 74241 R 14.0 5 2 2521 115
580527734 1 74259 R 154.0 5 3 2452 116
580708435 1 74282 R 116.0 5 4 2554 117
580947596 1 74313 R 207.0 5 2 2483 118
581135973 1 74337 R 57.0 5 3 2604 119
583340690 1 74619 R 159.0 5 1 2886 120
583490111 1 74638 R 165.0 5 2 2904 121
583698126 1 74665 R 62.0 5 4 2962 122
583855201 1 74685 R 50.0 5 3 2857 123
584039920 1 74708 R 208.0 5 3 3009 124
586998425 1 75087 R 68.0 5 4 3354 125
590675776 1 75558 R 202.0 5 5 3681 126
598004250 1 76496 R 219.0 5 4 4730 127
598752175 1 76592 R 224.0 5 2 4842 128
599484474 1 76685 R 164.0 5 3 4976 129
599669048 1 76709 R 170.0 5 4 4924 130
601646806 1 76962 R 117.0 6 2 66 131
605309965 1 77431 R 214.0 6 1 562 132
605533532 1 77460 R 110.0 6 2 631 133
605706349 1 77482 R 122.0 6 2 667 134
608992541 1 77902 R 191.0 6 1 930 135
609174259 1 77926 R 111.0 6 3 1022 136
612654953 1 78371 R 13.0 6 1 1464 137
616335747 1 78842 R 159.0 6 1 1989 138
616567164 1 78872 R 165.0 6 2 2018 139
616716501 1 78891 R 62.0 6 4 2068 140
616924568 1 78918 R 50.0 6 3 1971 141
620039686 1 79316 R 40.0 6 1 2387 142
620725077 1 79404 R 99.0 5 5 7856 143
620964298 1 79435 R 14.0 6 2 2596 144
621152860 1 79459 R 154.0 6 3 2532 145
621306182 1 79479 R 116.0 6 4 2631 146
621502265 1 79504 R 99.0 6 5 2522 147
621694822 1 79528 R 207.0 6 2 2578 148
621836251 1 79546 R 57.0 6 3 2692 149
627367229 1 80254 R 213.0 4 2 13595 150
627567216 1 80280 R 213.0 5 2 8500 151
627747854 1 80303 R 213.0 6 2 3403 152
631030835 1 80723 R 19.0 6 4 3886 153
631755471 1 80816 R 219.0 6 4 3931 154
632526798 1 80915 R 224.0 6 2 4045 155
632691807 1 80936 R 164.0 6 3 4108 156
632852975 1 80957 R 170.0 6 4 4051 157
633025507 1 80979 R 8.0 6 4 6042 158
633225980 1 81004 R 174.0 6 3 4083 159
634723599 1 81196 R 208.0 6 3 4376 160
642247660 1 82159 R 117.0 7 2 143 161
645717307 1 82603 R 214.0 7 1 614 162
649405362 1 83075 R 68.0 6 4 6223 163
649593962 1 83099 R 202.0 6 5 6105 164
649747250 1 83119 R 159.0 7 1 1146 165
653249429 1 83567 R 110.0 7 2 1619 166
656728675 1 84013 R 19.0 7 4 2056 167
660375748 1 84479 R 219.0 7 4 2473 168
664054823 1 84950 R 13.0 7 1 2923 169
667764638 1 85425 R 153.0 7 3 3312 170
671414924 1 85892 R 224.0 7 2 3903 171
672139315 1 85985 R 164.0 7 3 4037 172
672359043 1 86013 R 170.0 7 4 3988 173
672543555 1 86037 R 174.0 7 3 3996 174
672708371 1 86058 R 8.0 7 4 4100 175
675096899 1 86364 R 40.0 7 1 4315 176
675281474 1 86387 R 14.0 7 2 4427 177
675446590 1 86409 R 154.0 7 3 4360 178
675670163 1 86437 R 116.0 7 4 4469 179
675842932 1 86459 R 99.0 7 5 4358 180
675980500 1 86477 R 57.0 7 3 4503 181
678776444 1 86835 R 213.0 7 2 4815 182
682403824 1 87299 R 191.0 8 1 87 183
683151924 1 87395 R 117.0 8 2 258 184
683884258 1 87489 R 174.0 8 3 326 185
684099827 1 87516 R 8.0 8 4 438 186
686101186 1 87772 R 214.0 8 1 664 187
686293570 1 87797 R 122.0 8 2 742 188
689803009 1 88246 R 165.0 7 2 6273 189
690543142 1 88341 R 208.0 7 3 6401 190
691267702 1 88434 R 68.0 7 4 6461 191
691424863 1 88454 R 202.0 7 5 6338 192
691609380 1 88477 R 62.0 7 4 6534 193
691774564 1 88499 R 159.0 8 1 1405 194
691998196 1 88527 R 165.0 8 2 1433 195
692170937 1 88549 R 50.0 8 3 1362 196
693471775 1 88716 R 40.0 8 1 1547 197
694180778 1 88807 R 207.0 8 2 1616 198
694376865 1 88832 R 57.0 8 3 1739 199
697094164 1 89179 R 13.0 8 1 2032 200
700763044 1 89649 R 110.0 8 2 2580 201
700986615 1 89678 R 153.0 8 3 2446 202
704450368 1 90121 R 111.0 8 3 2977 203
708117694 1 90590 R 19.0 8 4 3512 204
708870517 1 90687 R 219.0 8 4 3562 205
709571605 1 90777 R 224.0 8 2 3666 206
709771798 1 90802 R 164.0 8 3 3733 207
709952427 1 90825 R 170.0 8 4 3681 208
711823215 1 91065 R 62.0 8 4 4002 209
712000092 1 91087 R 202.0 8 5 3852 210
715463202 1 91531 R 14.0 8 2 4452 211
715687014 1 91559 R 154.0 8 3 4391 212
715859802 1 91581 R 116.0 8 4 4495 213
715997357 1 91599 R 99.0 8 5 4377 214
722805212 1 92470 R 159.0 9 1 257 215
723560974 1 92567 R 165.0 9 2 353 216
724301177 1 92662 R 208.0 9 3 483 217
724450486 1 92681 R 68.0 9 4 469 218
726467898 1 92939 R 202.0 9 5 609 219
730151690 1 93411 R 214.0 9 1 1182 220
730316730 1 93432 R 122.0 9 2 1257 221
730540334 1 93461 R 153.0 9 3 1108 222
730713117 1 93483 R 110.0 9 2 1294 223
733813639 1 93880 R 191.0 9 1 1547 224
734592859 1 93979 R 117.0 9 2 1723 225
734722632 1 93996 R 174.0 9 3 1714 226
737479720 1 94349 R 13.0 9 1 2081 227
741163066 1 94820 R 111.0 9 3 2556 228
741902970 1 94915 R 19.0 9 4 2716 229
742114971 1 94942 R 219.0 9 4 2696 230
744866536 1 95294 R 224.0 9 2 3064 231
748485149 1 95757 R 40.0 9 1 3468 232
752216924 1 96235 R 14.0 9 2 4036 233
755885311 1 96705 R 154.0 9 3 4416 234
756609866 1 96797 R 116.0 9 4 4590 235
756766915 1 96818 R 99.0 9 5 4476 236
756951597 1 96841 R 207.0 9 2 4531 237
757116490 1 96862 R 57.0 9 3 4649 238
759510473 1 97169 R 164.0 9 3 4980 239
759702862 1 97193 R 170.0 9 4 4928 240
763174511 1 97638 R 214.0 10 1 289 241
763398114 1 97666 R 122.0 10 2 372 242
770539147 1 98580 R 191.0 10 1 1128 243
774188583 1 99047 R 153.0 10 3 1575 244
777862130 1 99518 R 13.0 10 1 2130 245
781591168 1 99995 R 50.0 9 3 7690 246
781741036 1 100014 R 159.0 10 1 2681 247
781948751 1 100041 R 62.0 9 4 7858 248
782106334 1 100061 R 165.0 10 2 2728 249
782290763 1 100085 R 50.0 10 3 2657 250
782455862 1 100106 R 62.0 10 4 2802 251
785257742 1 100464 R 40.0 10 1 3055 252
785935291 1 100551 R 14.0 10 2 3232 253
786116103 1 100574 R 154.0 10 3 3165 254
786355265 1 100605 R 116.0 10 4 3278 255
786543602 1 100629 R 99.0 10 5 3166 256
786697033 1 100649 R 207.0 10 2 3218 257
786893179 1 100674 R 57.0 10 3 3341 258
788903111 1 100931 R 213.0 8 2 13790 259
792585891 1 101402 R 213.0 9 2 9143 260
792739384 1 101422 R 213.0 10 2 4041 261
796226187 1 101868 R 208.0 10 3 4568 262
796457513 1 101898 R 68.0 10 4 4566 263
796607078 1 101917 R 202.0 10 5 4443 264
799903626 1 102339 R 174.0 10 3 4938 265
800643471 1 102434 R 8.0 10 4 5117 266
800855597 1 102461 R 164.0 10 3 5152 267
801001150 1 102479 R 170.0 10 4 5094 268
801220812 1 102508 R 111.0 10 3 5123 269
807229893 1 103277 R 214.0 11 1 808 270
807453533 1 103305 R 110.0 11 2 877 271
810923657 1 103750 R 159.0 11 1 1296 272
811640422 1 103841 R 165.0 11 2 1387 273
812404008 1 103939 R 208.0 11 3 1520 274
813151843 1 104035 R 68.0 11 4 1582 275
813884270 1 104129 R 50.0 11 3 1582 276
814796289 1 104245 R 153.0 11 3 1652 277
818247855 1 104687 R 13.0 11 1 2180 278
821927289 1 105158 R 191.0 11 1 2586 279
822148000 1 105186 R 224.0 11 2 2716 280
822312838 1 105207 R 19.0 10 4 7890 281
822474053 1 105228 R 219.0 10 4 7861 282
822646873 1 105250 R 117.0 11 2 2754 283
822847005 1 105276 R 111.0 11 3 2772 284
823027523 1 105299 R 19.0 11 4 2861 285
823204457 1 105322 R 164.0 11 3 2893 286
825602527 1 105628 R 62.0 11 4 3206 287
829290427 1 106101 R 40.0 11 1 3571 288
829475042 1 106124 R 14.0 11 2 3685 289
829640117 1 106145 R 154.0 11 3 3616 290
829863659 1 106174 R 116.0 11 4 3726 291
830036544 1 106196 R 207.0 11 2 3646 292
830174032 1 106214 R 57.0 11 3 3760 293
830354667 1 106237 R 99.0 11 5 3656 294
832970359 1 106572 R 219.0 11 4 4085 295
836606437 1 107037 R 174.0 11 3 4515 296
836818097 1 107064 R 8.0 11 4 4627 297
836963796 1 107083 R 170.0 11 4 4578 298
843978678 1 107981 R 214.0 12 1 392 299
851281913 1 108915 R 40.0 12 1 1266 300
854963734 1 109387 R 191.0 12 1 1695 301
855156150 1 109411 R 117.0 12 2 1795 302
855360256 1 109437 R 174.0 12 3 1796 303
855528884 1 109459 R 8.0 12 4 1902 304
858639946 1 109857 R 111.0 12 3 2233 305
862329769 1 110330 R 224.0 12 2 2739 306
865970405 1 110796 R 110.0 12 2 3247 307
866733890 1 110893 R 122.0 12 2 3358 308
866934054 1 110919 R 153.0 12 3 3206 309
869674422 1 111270 R 207.0 12 2 3600 310
869858965 1 111293 R 57.0 12 3 3720 311
877207978 1 112234 R 213.0 11 2 10220 312
877380595 1 112256 R 213.0 12 2 4636 313
880710653 1 112682 R 14.0 12 2 5123 314
884362589 1 113150 R 214.0 13 1 441 315
885071540 1 113241 R 122.0 13 2 587 316
885267711 1 113266 R 153.0 13 3 433 317
888013943 1 113617 R 164.0 12 3 6068 318
888754021 1 113712 R 170.0 12 4 6088 319
889478330 1 113805 R 191.0 13 1 992 320
889698201 1 113833 R 117.0 13 2 1096 321
889882773 1 113856 R 111.0 13 3 1112 322
890047735 1 113877 R 19.0 13 4 1199 323
891679621 1 114086 R 13.0 13 1 1339 324
899044575 1 115029 R 154.0 12 3 7381 325
899228994 1 115053 R 40.0 13 1 2284 326
899393976 1 115074 R 99.0 12 5 7373 327
899617664 1 115102 R 14.0 13 2 2423 328
899790575 1 115125 R 207.0 13 2 2334 329
899928243 1 115142 R 154.0 13 3 2375 330
902723025 1 115500 R 110.0 13 2 2850 331
906387116 1 115969 R 116.0 13 4 3282 332
906571588 1 115993 R 57.0 13 3 3299 333
910080678 1 116442 R 99.0 13 5 3620 334
913733291 1 116909 R 224.0 13 2 5554 335
914481192 1 117005 R 164.0 13 3 4336 336
914626481 1 117024 R 8.0 13 4 4346 337
914846397 1 117052 R 219.0 13 4 4325 338
921055325 1 117846 R 170.0 13 4 5101 339
924708889 1 118314 R 40.0 14 1 425 340
928421682 1 118789 R 214.0 14 1 961 341
928594763 1 118811 R 122.0 14 2 1037 342
928794658 1 118837 R 153.0 14 3 884 343
935760885 1 119729 R 191.0 14 1 1797 344
935929774 1 119750 R 117.0 14 2 1893 345
936141782 1 119777 R 111.0 14 3 1913 346
936287021 1 119796 R 19.0 14 4 1999 347
939444878 1 120200 R 224.0 14 2 2370 348
943075092 1 120665 R 219.0 14 4 2820 349
946740627 1 121134 R 13.0 14 1 3267 350
950420551 1 121605 R 174.0 14 3 3722 351
954293556 1 122101 R 213.0 13 2 9360 352
954493783 1 122127 R 213.0 14 2 4266 353
957760879 1 122545 R 8.0 14 4 4749 354
961617350 1 123038 R 110.0 15 2 130 355
965128277 1 123488 R 207.0 14 2 5578 356
965293205 1 123509 R 57.0 14 3 5695 357
965516871 1 123538 R 14.0 14 2 5738 358
965689709 1 123560 R 154.0 14 3 5670 359
965827406 1 123577 R 116.0 14 4 5771 360
966007893 1 123600 R 99.0 14 5 5659 361
966246913 1 123631 R 14.0 15 2 712 362
966435356 1 123655 R 40.0 15 1 646 363
966588792 1 123675 R 116.0 15 4 749 364
966785019 1 123700 R 154.0 15 3 693 365
968793976 1 123957 R 159.0 12 1 16383 366
969552684 1 124054 R 165.0 12 2 16480 367
969709942 1 124074 R 208.0 12 3 16534 368
969894454 1 124098 R 50.0 12 3 16431 369
970059515 1 124119 R 202.0 12 5 16404 370
970283186 1 124148 R 159.0 13 1 11454 371
970455917 1 124170 R 159.0 14 1 6356 372
970656231 1 124195 R 165.0 13 2 11502 373
970836780 1 124218 R 68.0 13 4 11526 374
971013622 1 124241 R 202.0 13 5 11405 375
971202010 1 124265 R 50.0 13 3 11479 376
972457092 1 124426 R 13.0 15 1 1438 377
976108290 1 124893 R 213.0 15 2 1913 378
976331880 1 124922 R 153.0 15 3 1849 379
979808798 1 125367 R 62.0 13 4 12704 380
980551860 1 125462 R 165.0 14 2 7648 381
980755937 1 125488 R 208.0 14 3 7709 382
980924829 1 125510 R 68.0 14 4 7697 383
983457776 1 125834 R 8.0 15 4 2916 384
983670893 1 125861 R 191.0 15 1 2809 385
983839773 1 125883 R 117.0 15 2 2906 386
984051659 1 125910 R 111.0 15 3 2926 387
984197167 1 125929 R 174.0 15 3 2927 388
987153032 1 126307 R 202.0 14 5 8351 389
990826051 1 126777 R 57.0 15 3 3844 390
991010582 1 126801 R 99.0 15 5 3741 391
994513645 1 127249 R 19.0 15 4 4331 392
998169426 1 127717 R 165.0 15 2 4783 393
998893921 1 127810 R 50.0 15 3 4782 394
999082305 1 127834 R 62.0 15 4 4930 395
999298269 1 127862 R 208.0 15 3 4962 396
999432006 1 127879 R 68.0 15 4 4946 397
999624442 1 127903 R 202.0 15 5 4828 398
1001815262 1 128184 R 219.0 15 4 5218 399
1002555260 1 128278 R 191.0 16 1 106 400
1003279687 1 128371 R 117.0 16 2 275 401
1004051015 1 128470 R 111.0 16 3 366 402
1004247172 1 128495 R 19.0 16 4 457 403
1005504315 1 128656 R 159.0 15 1 602 404
1006228954 1 128749 R 165.0 16 2 694 405
1007000319 1 128847 R 208.0 16 3 828 406
1007165248 1 128869 R 68.0 16 4 815 407
1012820958 1 129592 R 214.0 16 1 1524 408
1013044552 1 129621 R 122.0 16 2 1606 409
1013217377 1 129643 R 153.0 16 3 1450 410
1016510708 1 130065 R 13.0 16 1 2972 411
1020179498 1 130534 R 219.0 16 4 2448 412
1020919551 1 130629 R 224.0 15 2 7679 413
1021644001 1 130722 R 164.0 15 3 7813 414
1022415461 1 130821 R 170.0 15 4 7836 415
1023108691 1 130909 R 224.0 16 2 2839 416
1023867447 1 131006 R 40.0 16 1 2877 417
1024584274 1 131098 R 207.0 16 2 2948 418
1024807700 1 131127 R 57.0 16 3 3074 419
1027519976 1 131474 R 164.0 16 3 3446 420
1028244464 1 131567 R 174.0 16 3 3445 421
1028432689 1 131591 R 8.0 16 4 3554 422
1031231280 1 131949 R 170.0 16 4 3844 423
1034881250 1 132416 R 14.0 16 2 4376 424
1038539596 1 132884 R 202.0 16 5 4690 425
1042231881 1 133357 R 214.0 17 1 168 426
1042385137 1 133377 R 110.0 17 2 228 427
1049539849 1 134292 R 191.0 17 1 1000 428
1050300378 1 134390 R 117.0 17 2 1173 429
1050484946 1 134413 R 111.0 17 3 1188 430
1053230215 1 134765 R 50.0 16 3 6618 431
1053438258 1 134791 R 62.0 16 4 6768 432
1053595594 1 134812 R 159.0 16 1 1638 433
1053780162 1 134835 R 165.0 17 2 1661 434
1053945185 1 134856 R 208.0 17 3 1716 435
1054168721 1 134885 R 68.0 17 4 1713 436
1054341676 1 134907 R 202.0 17 5 1592 437
1054541798 1 134933 R 50.0 17 3 1666 438
1056894655 1 135234 R 153.0 17 3 1921 439
1060602411 1 135708 R 224.0 17 2 2518 440
1064214039 1 136171 R 164.0 17 3 3022 441
1064453283 1 136201 R 219.0 17 4 2995 442
1067893948 1 136642 R 13.0 17 1 3414 443
1071595048 1 137115 R 116.0 16 4 9068 444
1071759991 1 137137 R 154.0 16 3 9008 445
1071983484 1 137165 R 40.0 17 1 3916 446
1072156300 1 137187 R 14.0 17 2 4028 447
1072294080 1 137205 R 154.0 17 3 3957 448
1072474717 1 137228 R 207.0 17 2 3957 449
1072713827 1 137259 R 57.0 17 3 4086 450
1072902385 1 137283 R 116.0 17 4 4235 451
1075274994 1 137587 R 62.0 17 4 4443 452
1078919642 1 138053 R 174.0 17 3 4811 453
1079123680 1 138079 R 170.0 17 4 4855 454
1082617748 1 138526 R 214.0 18 1 218 455
1086255944 1 138992 R 159.0 17 1 699 456
1087003896 1 139088 R 165.0 18 2 794 457
1087211829 1 139114 R 50.0 18 3 728 458
1089940239 1 139464 R 62.0 18 4 1201 459
1093588749 1 139931 R 122.0 18 2 1676 460
1094352366 1 140028 R 153.0 18 3 1596 461
1094552471 1 140054 R 110.0 18 2 1785 462
1094733134 1 140077 R 213.0 17 2 6857 463
1094909823 1 140100 R 213.0 18 2 1760 464
1097298635 1 140406 R 40.0 18 1 2036 465
1097491100 1 140430 R 207.0 18 2 2040 466
1100984514 1 140877 R 57.0 18 3 2584 467
1104647352 1 141346 R 68.0 18 4 3054 468
1108290949 1 141813 R 14.0 18 2 3532 469
1111947543 1 142281 R 13.0 18 1 3933 470
1115612940 1 142750 R 99.0 17 5 9448 471
1115832748 1 142778 R 154.0 18 3 4410 472
1116017291 1 142802 R 116.0 18 4 4514 473
1116182182 1 142823 R 99.0 18 5 4401 474
1119303531 1 143222 R 191.0 18 1 4810 475
1122982129 1 143693 R 214.0 19 1 264 476
1133975891 1 145100 R 13.0 19 1 1633 477
1137662516 1 145572 R 110.0 19 2 2183 478
1141365291 1 146046 R 164.0 18 3 7777 479
1142097586 1 146140 R 170.0 18 4 7795 480
1142814295 1 146232 R 191.0 19 1 2699 481
1143515323 1 146321 R 8.0 17 4 13164 482
1144263258 1 146417 R 117.0 18 2 8080 483
1145026494 1 146515 R 122.0 19 2 3141 484
1152365437 1 147454 R 111.0 18 3 9110 485
1153113193 1 147550 R 19.0 18 4 9272 486
1153258876 1 147568 R 174.0 18 3 9206 487
1153478538 1 147597 R 224.0 19 2 4166 488
1153663080 1 147620 R 164.0 19 3 4231 489
1153828084 1 147641 R 170.0 19 4 4177 490
1153988905 1 147662 R 8.0 18 4 9384 491
1154161950 1 147684 R 219.0 18 4 9359 492
1154362113 1 147710 R 117.0 19 2 4254 493
1154542747 1 147733 R 111.0 19 3 4269 494
1154719571 1 147755 R 174.0 19 3 4273 495
1156033012 1 147924 R 40.0 19 1 4434 496
1156217571 1 147947 R 14.0 19 2 4547 497
1156382684 1 147968 R 154.0 19 3 4480 498
1156606216 1 147997 R 116.0 19 4 4592 499
1156778958 1 148019 R 99.0 19 5 4477 500
1156916698 1 148037 R 207.0 19 2 4527 501
1157097250 1 148060 R 57.0 19 3 4647 502
1163342812 1 148859 R 213.0 19 2 5398 503
1164106149 1 148957 R 214.0 20 1 408 504
1164306314 1 148983 R 122.0 20 2 488 505
1164486917 1 149006 R 153.0 20 3 333 506
1170700298 1 149801 R 13.0 20 1 1214 507
1174368425 1 150271 R 8.0 19 4 6874 508
1175138948 1 150369 R 219.0 19 4 6923 509
1175323484 1 150393 R 191.0 20 1 1741 510
1175488456 1 150414 R 117.0 20 2 1837 511
1175649654 1 150434 R 111.0 20 3 1850 512
1175822302 1 150457 R 19.0 20 4 1938 513
1176022612 1 150482 R 219.0 20 4 1916 514
1178042125 1 150741 R 202.0 18 5 12306 515
1178273316 1 150770 R 159.0 18 1 7357 516
1178422752 1 150789 R 165.0 19 2 7375 517
1178630613 1 150816 R 50.0 19 3 7310 518
1178787897 1 150836 R 62.0 19 4 7453 519
1178972493 1 150860 R 208.0 19 3 7479 520
1179137479 1 150881 R 68.0 19 4 7469 521
1179361352 1 150910 R 202.0 19 5 7353 522
1179534109 1 150932 R 159.0 19 1 2398 523
1179734261 1 150957 R 165.0 20 2 2423 524
1179914827 1 150980 R 50.0 20 3 2354 525
1180091676 1 151003 R 208.0 20 3 2503 526
1181714837 1 151211 R 62.0 20 4 2707 527
1185403069 1 151683 R 40.0 20 1 3074 528
1185587697 1 151707 R 14.0 20 2 3186 529
1185752733 1 151728 R 154.0 20 3 3121 530
1185976429 1 151756 R 116.0 20 4 3229 531
1186149111 1 151778 R 99.0 20 5 3115 532
1186286742 1 151796 R 57.0 20 3 3262 533
1189050654 1 152150 R 224.0 20 2 3600 534
1196384259 1 153089 R 213.0 20 2 4509 535
1203747493 1 154031 R 164.0 20 3 5522 536
1203916342 1 154053 R 170.0 20 4 5469 537
1204128256 1 154080 R 174.0 20 3 5479 538
