403388001 1 51585 R 5.0 1 1 256 1
407096521 1 52060 R 36.0 1 1 752 2
410770385 1 52530 R 37.0 1 1 1261 3
414422551 1 52998 R 2.0 1 1 1625 4
418092271 1 53467 R 28.0 1 1 2214 5
421764295 1 53937 R 44.0 1 2 2641 6
425438405 1 54408 R 41.0 1 2 3168 7
429134716 1 54881 R 38.0 1 2 3627 8
436442510 1 55816 R 34.0 1 3 4512 9
447451558 1 57225 R 30.0 1 3 5972 10
451113045 1 57694 R 23.0 1 3 6583 11
454791591 1 58165 R 49.0 1 2 6950 12
458479231 1 58637 R 36.0 2 1 2209 13
462136466 1 59105 R 5.0 2 1 2656 14
465836257 1 59578 R 41.0 2 2 3218 15
469525479 1 60051 R 29.0 1 2 8822 16
473182095 1 60519 R 18.0 1 3 9127 17
476819779 1 60984 R 47.0 1 2 9714 18
480524656 1 61459 R 37.0 2 1 5070 19
484199598 1 61929 R 15.0 1 3 10583 20
487857426 1 62397 R 29.0 2 2 6048 21
491503259 1 62864 R 49.0 2 2 6529 22
495196046 1 63337 R 18.0 2 3 6824 23
502514948 1 64273 R 31.0 1 4 13036 24
513565999 1 65688 R 37.0 3 1 4179 25
517205507 1 66154 R 2.0 2 1 9662 26
520872433 1 66623 R 29.0 3 2 5154 27
524544643 1 67093 R 49.0 3 2 5638 28
528209919 1 67562 R 44.0 2 2 11146 29
531890910 1 68033 R 30.0 2 3 11660 30
535572158 1 68505 R 36.0 3 1 6957 31
539241277 1 68974 R 25.0 2 3 12533 32
542894872 1 69442 R 39.0 2 4 13074 33
546602930 1 69917 R 5.0 3 1 8347 34
550278694 1 70387 R 18.0 3 3 8754 35
553915737 1 70853 R 37.0 4 1 4224 36
557589671 1 71323 R 23.0 2 3 14875 37
561251201 1 71792 R 41.0 3 2 10312 38
564935199 1 72263 R 47.0 2 2 15873 39
568634978 1 72737 R 49.0 4 2 6193 40
572296480 1 73205 R 18.0 4 3 6453 41
575941402 1 73672 R 29.0 4 2 7083 42
579614880 1 74142 R 36.0 4 1 7475 43
583284876 1 74612 R 37.0 5 1 2863 44
590630797 1 75552 R 5.0 4 1 8863 45
594333863 1 76026 R 18.0 5 3 4154 46
597978421 1 76493 R 2.0 3 1 14881 47
601644871 1 76962 R 39.0 3 4 15476 48
605306374 1 77431 R 41.0 4 2 10830 49
608992424 1 77902 R 47.0 3 2 16392 50
612666524 1 78373 R 42.0 1 4 27087 51
616328024 1 78841 R 15.0 2 3 22375 52
620036322 1 79316 R 2.0 4 1 12584 53
623666358 1 79781 R 2.0 5 1 7929 54
627358439 1 80253 R 23.0 3 3 18685 55
631022876 1 80722 R 47.0 4 2 14092 56
634732427 1 81197 R 29.0 5 2 9488 57
638354826 1 81661 R 37.0 6 1 4792 58
642026868 1 82131 R 15.0 3 3 20545 59
645695460 1 82600 R 49.0 6 2 5786 60
649371283 1 83071 R 30.0 4 3 16458 61
653050667 1 83542 R 36.0 5 1 11754 62
656742161 1 84014 R 39.0 4 4 17407 63
660416588 1 84485 R 29.0 6 2 7656 64
664061328 1 84951 R 31.0 2 4 28594 65
667724976 1 85420 R 18.0 6 3 8427 66
671401555 1 85891 R 2.0 6 1 8919 67
675070089 1 86360 R 5.0 5 1 14551 68
678787810 1 86836 R 32.0 1 2 35535 69
682434413 1 87303 R 37.0 7 1 5314 70
686080288 1 87770 R 49.0 7 2 5836 71
689755230 1 88240 R 23.0 4 3 21551 72
693452827 1 88713 R 30.0 5 3 16981 73
697093457 1 89179 R 36.0 6 1 12272 74
700777775 1 89651 R 23.0 5 3 17843 75
704445209 1 90120 R 25.0 3 3 28558 76
711814300 1 91064 R 29.0 7 2 9115 77
715457052 1 91530 R 44.0 4 2 24873 78
719147062 1 92002 R 37.0 8 1 4893 79
726499355 1 92943 R 49.0 8 2 5889 80
730160859 1 93412 R 29.0 8 2 6342 81
733805784 1 93879 R 18.0 8 3 6646 82
737529601 1 94355 R 42.0 2 4 37950 83
741149289 1 94819 R 37.0 9 1 2590 84
744852410 1 95293 R 5.0 6 1 18363 85
752164060 1 96228 R 49.0 9 2 4055 86
755842837 1 96699 R 2.0 7 1 14607 87
759504604 1 97168 R 18.0 9 3 4816 88
763180521 1 97639 R 39.0 5 4 25912 89
766856743 1 98109 R 25.0 4 3 31427 90
770513253 1 98577 R 41.0 6 2 21738 91
774221515 1 99052 R 5.0 7 1 17003 92
777870503 1 99519 R 15.0 4 3 32813 93
781539849 1 99988 R 46.0 4 4 35229 94
788879546 1 100928 R 39.0 6 4 24082 95
792561319 1 101399 R 36.0 7 1 19372 96
796222081 1 101868 R 23.0 6 3 24941 97
799939717 1 102344 R 29.0 9 2 10155 98
803562172 1 102807 R 37.0 10 1 5459 99
807226372 1 103276 R 41.0 7 2 21317 100
810902954 1 103747 R 49.0 10 2 6453 101
814578699 1 104217 R 30.0 7 3 22245 102
818240016 1 104686 R 5.0 8 1 17517 103
821967535 1 105163 R 29.0 10 2 7854 104
825619743 1 105631 R 39.0 7 4 23663 105
829261530 1 106097 R 36.0 8 1 18949 106
832981326 1 106573 R 18.0 10 3 9100 107
836603735 1 107037 R 37.0 11 1 4568 108
840273084 1 107506 R 49.0 11 2 5093 109
843948721 1 107977 R 41.0 8 2 20898 110
847651708 1 108451 R 29.0 11 2 6022 111
851296271 1 108917 R 44.0 5 2 37140 112
854952866 1 109385 R 30.0 8 3 22291 113
862332423 1 110330 R 39.0 8 4 23244 114
866022714 1 110802 R 18.0 11 3 8210 115
869650467 1 111267 R 2.0 8 1 24055 116
873316384 1 111736 R 37.0 12 1 4147 117
880668634 1 112677 R 36.0 9 1 20409 118
884330173 1 113146 R 49.0 12 2 5611 119
887999484 1 113615 R 29.0 12 2 6067 120
891675050 1 114086 R 5.0 9 1 21797 121
895336764 1 114554 R 41.0 9 2 22354 122
899022718 1 115026 R 47.0 5 2 43276 123
902696877 1 115497 R 15.0 5 3 43670 124
906406625 1 115971 R 18.0 12 3 8259 125
910029414 1 116435 R 36.0 10 1 19048 126
913700344 1 116905 R 37.0 13 1 4196 127
917369607 1 117375 R 29.0 13 2 4706 128
921045311 1 117845 R 30.0 9 3 25633 129
928392767 1 118786 R 47.0 6 2 41916 130
932062029 1 119255 R 2.0 9 1 26923 131
935776711 1 119731 R 49.0 13 2 7077 132
939449530 1 120201 R 44.0 6 2 43305 133
950411963 1 121604 R 49.0 14 2 3829 134
954086731 1 122074 R 23.0 9 3 29787 135
957762926 1 122545 R 25.0 5 3 75673 136
961419633 1 123013 R 30.0 10 3 25680 137
965128005 1 123488 R 39.0 10 4 26162 138
968774759 1 123955 R 47.0 7 2 41964 139
972474740 1 124428 R 29.0 14 2 6639 140
976122181 1 124895 R 36.0 11 1 22388 141
979807473 1 125367 R 18.0 14 3 7414 142
983452400 1 125833 R 37.0 15 1 2884 143
987128144 1 126304 R 5.0 10 1 23775 144
990825886 1 126777 R 23.0 10 3 29368 145
994475661 1 127244 R 2.0 10 1 29792 146
998144850 1 127714 R 46.0 6 4 50875 147
1001822126 1 128185 R 41.0 11 2 25744 148
1005479383 1 128653 R 36.0 12 1 21025 149
1009160584 1 129124 R 25.0 6 3 52202 150
1016495702 1 130063 R 29.0 15 2 7154 151
1020174383 1 130534 R 15.0 7 3 48468 152
1023836312 1 131002 R 49.0 15 2 8108 153
1027508583 1 131472 R 18.0 15 3 8400 154
1031211817 1 131946 R 23.0 11 3 51995 155
1034880986 1 132416 R 5.0 11 1 24767 156
1038572159 1 132889 R 32.0 2 2 76469 157
1042194589 1 133352 R 37.0 16 1 5283 158
1045863897 1 133822 R 29.0 16 2 5793 159
1049536140 1 134292 R 49.0 16 2 6277 160
1053215852 1 134763 R 2.0 11 1 32191 161
1056885075 1 135233 R 34.0 3 3 73689 162
1060553575 1 135702 R 41.0 12 2 28143 163
1064215072 1 136171 R 39.0 12 4 28604 164
1067900822 1 136643 R 47.0 8 2 49533 165
1071594748 1 137115 R 23.0 12 3 29466 166
1075270152 1 137586 R 18.0 16 3 9393 167
1078931651 1 138055 R 37.0 17 1 4866 168
1082584052 1 138522 R 2.0 12 1 25710 169
1086248788 1 138991 R 29.0 17 2 5842 170
1089923698 1 139462 R 41.0 13 2 26781 171
1093641122 1 139937 R 49.0 17 2 6803 172
1097263525 1 140401 R 18.0 17 3 7088 173
1100942200 1 140872 R 47.0 9 2 48642 174
1104604104 1 141341 R 37.0 18 1 3032 175
1108270223 1 141810 R 30.0 13 3 29117 176
1111978548 1 142285 R 5.0 12 1 24395 177
1115627268 1 142752 R 31.0 6 4 65915 178
1119296617 1 143221 R 44.0 7 2 61204 179
1122965075 1 143691 R 39.0 13 4 31003 180
1126626603 1 144160 R 41.0 14 2 26359 181
1130312326 1 144631 R 46.0 7 4 62674 182
1133981672 1 145101 R 15.0 8 3 57914 183
1137650136 1 145571 R 23.0 13 3 32802 184
1141311528 1 146039 R 5.0 13 1 17910 185
1144997511 1 146511 R 2.0 13 1 23459 186
1148661282 1 146980 R 49.0 18 2 8725 187
1152330542 1 147450 R 29.0 18 2 9181 188
1156009260 1 147921 R 15.0 9 3 55614 189
1159677731 1 148390 R 39.0 14 4 30584 190
1163353794 1 148861 R 2.0 14 1 20689 191
1167010456 1 149329 R 23.0 14 3 31442 192
1170694521 1 149800 R 47.0 10 2 52450 193
1174410474 1 150276 R 44.0 8 2 63140 194
1178048658 1 150742 R 2.0 15 1 17449 195
1181733533 1 151213 R 31.0 7 4 69257 196
1185403956 1 151683 R 41.0 15 2 28764 197
1189079598 1 152154 R 18.0 18 3 13721 198
1192740841 1 152622 R 37.0 19 1 9193 199
1196386697 1 153089 R 49.0 19 2 9715 200
1200089932 1 153563 R 30.0 15 3 30630 201
1203759155 1 154033 R 5.0 14 1 20783 202
1207412953 1 154500 R 23.0 15 3 31492 203
1211080148 1 154970 R 44.0 9 2 62713 204
1214749615 1 155439 R 2.0 16 1 17027 205
1218456015 1 155914 R 39.0 15 4 32987 206
1222078334 1 156377 R 5.0 15 1 18008 207
1225765336 1 156849 R 34.0 4 3 90184 208
1229463440 1 157323 R 18.0 19 3 13771 209
1233105785 1 157789 R 42.0 4 4 91142 210
1236822092 1 158265 R 2.0 17 1 14732 211
1240460097 1 158730 R 34.0 5 3 86946 212
1244144967 1 159202 R 31.0 9 4 67005 213
1247814554 1 159672 R 25.0 10 3 62268 214
1251478863 1 160141 R 41.0 16 2 32101 215
1255129655 1 160608 R 30.0 16 3 32556 216
1258814567 1 161080 R 39.0 16 4 33032 217
1262478089 1 161549 R 44.0 11 2 43692 218
1269863559 1 162494 R 25.0 11 3 59972 219
1273498652 1 162959 R 23.0 16 3 34830 220
1277189880 1 163432 R 37.0 20 1 14883 221
1280834440 1 163898 R 31.0 11 4 61461 222
1284496273 1 164367 R 29.0 20 2 15858 223
1288168512 1 164837 R 49.0 20 2 16342 224
1291846216 1 165308 R 25.0 12 3 57667 225
1295562448 1 165783 R 46.0 12 4 58225 226
1299200505 1 166249 R 31.0 12 4 58691 227
1302875086 1 166719 R 18.0 20 3 18048 228
1306600752 1 167196 R 22.0 3 2 105606 229
1310258931 1 167664 R 43.0 1 4 116360 230
1313899192 1 168130 R 30.0 17 3 34957 231
1317572342 1 168601 R 38.0 2 2 112226 232
1321218351 1 169067 R 47.0 11 2 66597 233
1324887603 1 169537 R 25.0 13 3 56775 234
1328574911 1 170009 R 36.0 13 1 57261 235
1332232118 1 170477 R 31.0 13 4 57801 236
1339596032 1 171420 R 39.0 17 4 38252 237
1343243757 1 171887 R 42.0 6 4 95000 238
1350631408 1 172832 R 47.0 12 2 65242 239
1357926057 1 173766 R 46.0 13 4 61090 240
1365258913 1 174704 R 25.0 14 3 56822 241
1368962886 1 175179 R 36.0 14 1 57311 242
1372616033 1 175646 R 15.0 11 3 73100 243
1376285100 1 176116 R 34.0 7 3 94092 244
1379953571 1 176585 R 23.0 17 3 43338 245
1383642115 1 177058 R 36.0 15 1 54070 246
1387300851 1 177526 R 34.0 8 3 90381 247
1390970405 1 177996 R 15.0 12 3 70329 248
1402016478 1 179409 R 46.0 14 4 88891 249
1405642580 1 179874 R 5.0 16 1 31264 250
1409328677 1 180345 R 44.0 13 2 31769 251
1412997972 1 180815 R 31.0 14 4 64410 252
1420385405 1 181761 R 47.0 13 2 69051 253
1424023266 1 182226 R 42.0 8 4 95099 254
1427708442 1 182698 R 15.0 13 3 69912 255
1435049021 1 183638 R 31.0 15 4 60720 256
1438702528 1 184105 R 42.0 9 4 91860 257
1446074488 1 185049 R 47.0 14 2 67219 258
1449696966 1 185513 R 15.0 14 3 67606 259
1457050126 1 186454 R 41.0 18 2 48174 260
1460771273 1 186930 R 25.0 15 3 63928 261
1464396144 1 187394 R 36.0 16 1 59287 262
1471740159 1 188334 R 34.0 10 3 90950 263
1475409449 1 188804 R 46.0 15 4 65888 264
1482743261 1 189742 R 42.0 10 4 92376 265
1490091586 1 190683 R 25.0 16 3 62561 266
1493753088 1 191152 R 46.0 16 4 81460 267
1504845602 1 192572 R 28.0 4 1 125958 268
1508452821 1 193033 R 34.0 11 3 90529 269
1512174916 1 193510 R 35.0 2 4 137167 270
1515805013 1 193974 R 30.0 18 3 55681 271
1519466583 1 194443 R 31.0 16 4 66406 272
1523131858 1 194912 R 36.0 18 1 56565 273
1534151643 1 196323 R 42.0 11 4 93837 274
1537853222 1 196797 R 25.0 17 3 63555 275
1545154731 1 197731 R 34.0 12 3 90106 276
1548831821 1 198202 R 42.0 12 4 90595 277
1559873868 1 199615 R 39.0 18 4 61327 278
1563507175 1 200080 R 34.0 13 3 87336 279
1570867580 1 201022 R 36.0 19 1 57555 280
1574524807 1 201490 R 36.0 20 1 52903 281
1578206820 1 201962 R 42.0 13 4 89236 282
1585570789 1 202904 R 23.0 18 3 64536 283
1589243074 1 203374 R 41.0 19 2 59974 284
1592952324 1 203849 R 45.0 2 4 147478 285
1596561227 1 204311 R 47.0 15 2 81361 286
1600257762 1 204784 R 28.0 5 1 133051 287
1603924108 1 205254 R 28.0 6 1 128400 288
1607576964 1 205721 R 15.0 15 3 82694 289
1611246245 1 206191 R 25.0 18 3 67829 290
1614914540 1 206660 R 30.0 19 3 63248 291
1625936218 1 208071 R 42.0 15 4 85104 292
1629595226 1 208540 R 32.0 3 2 147000 293
1633275786 1 209011 R 47.0 16 2 80941 294
1636945164 1 209480 R 15.0 16 3 81334 295
1640641747 1 209953 R 39.0 19 4 66546 296
1644342610 1 210427 R 28.0 7 1 118214 297
1651632174 1 211360 R 47.0 17 2 78170 298
1658972689 1 212300 R 31.0 18 4 74023 299
1662688910 1 212775 R 47.0 18 2 74465 300
1666338579 1 213243 R 41.0 20 2 64723 301
1669998238 1 213711 R 46.0 18 4 92370 302
1673683136 1 214183 R 47.0 19 2 65633 303
1684669991 1 215589 R 32.0 4 2 148929 304
1692039390 1 216532 R 30.0 20 3 67999 305
1695672665 1 216997 R 39.0 20 4 68471 306
1699358592 1 217469 R 42.0 18 4 79143 307
1703027862 1 217939 R 42.0 19 4 74493 308
1710393790 1 218882 R 23.0 19 3 75393 309
1717717810 1 219819 R 15.0 17 3 86553 310
1725050573 1 220758 R 25.0 19 3 77276 311
1732430247 1 221702 R 34.0 14 3 73118 312
1736130452 1 222176 R 28.0 8 1 104363 313
1754437354 1 224519 R 15.0 18 3 86133 314
1765426661 1 225926 R 15.0 19 3 82420 315
1783801549 1 228278 R 46.0 20 4 79760 316
1787525299 1 228755 R 28.0 9 1 90461 317
1791173406 1 229222 R 42.0 20 4 80655 318
1794856317 1 229693 R 35.0 4 4 163109 319
1805809648 1 231095 R 15.0 20 3 82469 320
1813235665 1 232045 R 22.0 15 2 109015 321
1816839020 1 232507 R 31.0 20 4 83990 322
1831578082 1 234393 R 14.0 4 5 167651 323
1838910179 1 235332 R 38.0 5 2 163598 324
1846255784 1 236272 R 35.0 5 4 164569 325
1857275595 1 237683 R 22.0 19 2 94172 326
1868304158 1 239094 R 45.0 5 4 167362 327
1871926474 1 239558 R 27.0 6 3 162738 328
1894003375 1 242384 R 35.0 6 4 165561 329
1897659563 1 242852 R 14.0 6 5 165869 330
1912359116 1 244733 R 43.0 6 4 170168 331
1919652398 1 245667 R 38.0 7 2 102252 332
1923321434 1 246136 R 27.0 8 3 159076 333
1938057447 1 248023 R 45.0 8 4 160932 334
1949050587 1 249430 R 43.0 8 4 162285 335
1963756312 1 251312 R 33.0 9 3 159124 336
1974769000 1 252722 R 35.0 9 4 160538 337
1989454094 1 254601 R 14.0 9 5 162258 338
1993075954 1 255065 R 33.0 10 3 157757 339
2000417081 1 256005 R 43.0 10 4 165387 340
2015131265 1 257888 R 45.0 10 4 160555 341
2018774026 1 258354 R 35.0 10 4 161051 342
2026114633 1 259294 R 17.0 10 5 161821 343
2037142771 1 260706 R 32.0 5 2 188925 344
2040829760 1 261178 R 27.0 9 3 143397 345
2044506629 1 261648 R 14.0 10 5 164186 346
2051839116 1 262587 R 33.0 11 3 160157 347
2062827466 1 263993 R 35.0 11 4 161571 348
2077562122 1 265879 R 45.0 13 4 153187 349
2088561326 1 267287 R 35.0 12 4 159745 350
2092222668 1 267756 R 33.0 12 3 139726 351
2103229593 1 269165 R 35.0 14 4 151382 352
2117940597 1 271048 R 17.0 14 5 153092 353
2121560133 1 271511 R 33.0 13 3 123003 354
2128898055 1 272450 R 35.0 17 4 139308 355
2143611069 1 274334 R 14.0 17 5 141032 356
2147285380 1 274804 R 35.0 19 4 131419 357
2154615558 1 275742 R 43.0 17 4 142519 358
2161933023 1 276679 R 43.0 18 4 138333 359
2172976513 1 278092 R 45.0 16 4 150041 360
2180325273 1 279033 R 43.0 20 4 130448 361
2183962482 1 279498 R 14.0 19 5 135956 362
2198696976 1 281385 R 35.0 20 4 132882 363
2206025159 1 282323 R 17.0 16 5 154128 364
2209659008 1 282788 R 17.0 17 5 149473 365
2216999805 1 283727 R 45.0 19 4 140316 366
2224387522 1 284673 R 45.0 20 4 136140 367
2231697188 1 285609 R 17.0 20 5 136934 368
