using saved target 'z1'
../../../../contiki/tools/sky/serialdump-linux -b115200 /dev/ttyUSB1
connecting to /dev/ttyUSB1 (115200) [OK]
Rime started with address 2.0
MAC 02:00:00:00:00:00:00:00 Ref ID: 4841
Contiki-3.x-2125-g5d67a61 started. Node id is set to 2.

************************************************
RTIMER_SECOND = 32768. F_CPU=8000000.
CLOCK_SECOND=128.
DURSLOT = 6015.(0.1835 s).
DURSLEEP = 66165.
DURCYCLE = 72180 .(2.2027 s).
MAX_CLOCK_DRIFT = WAKEUP_ADVANCE_TIME = 327 (0.0033 s).
PERIODIC_BCAST_CYCLES_SENSOR = 4194307.
PERIODIC_BCAST_CYCLES_SINK = 4194307.
MAX_CYCLE_COUNTER = 27904.
MAX_COUNT_NO_RTS_CTS = 65535.
MAX_CHILD_NUM = 10.
MAX_TRY_TO_FIND_PARENT = 3.

**********Below is Related Settings**********
PRIMAC_CONF_COMPOWER = 1.
PRIMAC_CONF_COMPOWER_SUPPORT = 1.
SF = 10.
PRI_SYNC_SUPPORT = 1.
RANDOM_DRIFT_IN_COOJA_SUPPORT = 0.
ADCSC_SUPPORT = 0.
DATA_TX_SUPPORT = 1.
CYCLES_PER_PACKET = 4.
DATA_INTERVAL = 1.
RETX_LIMIT = 6.
TOTAL_DATA_NUM = -1.
MAX_DATA_QUEUE_BUFS = 10.
PROC_GRADE_BASED_ON_ADDR_SUPPORT = 1.
NODES_NUM_PER_GRADE = 2.
ADDRESS_FREE_SUPPORT = 0.
IS_COOJA_SIM = 0.
CROSS_PLATFORM_SUPPORT = 1.
************************************************

My address is 2.0.
nullmac PRIMAC, channel check rate 8 Hz, radio channel 26
Starting
Hello, world
 P 0 0 0 1151965
 P 0 0 3390 1224145
 P 0 0 6780 1296325
 P 0 0 10231 1369342
 P 0 0 13621 1440685
 P 0 0 17011 1512865
 P 0 0 20401 1585045
 P 0 0 23791 1657225
EMPTY QUEUE
 P 358 0 27190 1732021
PT [1 0 1 -3 1]
 P 358 0 30580 1801585
PT [1 0 2 -3 1]
 P 358 0 33970 1873765
PT [1 0 3 -3 1]
 P 358 0 37360 1945945
PT [1 0 4 -3 1]
 P 358 0 40750 2018125
PT [1 0 5 -3 1]
EMPTY QUEUE
 P 685 0 44149 2091129
PT [1 0 6 -3 1]
 P 685 0 47539 2162485
PT [1 0 7 -3 1]
 P 3011 0 48603 2234665
PT [1 0 8 -3 1]
 P 3834 0 51170 2306845
PT [1 0 9 -3 1]
 P 3834 0 54560 2379025
PT [1 0 10 -3 1]
EMPTY QUEUE
 P 4162 0 57958 2452702
PT [1 0 11 -4 2]
 P 4162 0 61348 2523385
PT [1 0 12 -4 2]
rcv bro rts
 P 6495 0 61390 2595565
PT [1 0 13 -4 2]
 P 8542 0 61393 2667745
PT [1 0 14 -4 2]
 P 8542 0 64783 2739925
PT [1 0 15 -4 2]
EMPTY QUEUE
 P 8868 0 68182 2814049
PT [1 0 16 -4 2]
 P 8868 0 71572 2884285
PT [1 0 17 -4 2]
 P 10210 0 71580 2956465
PT [1 0 18 -4 2]
 P 11649 0 71583 3028645
PT [1 0 19 -4 2]
 P 11649 0 74973 3100825
PT [1 0 20 -4 2]
EMPTY QUEUE
 P 11978 0 78371 3174887
PT [1 0 21 -4 2]
 P 11978 0 81761 3245185
PT [1 0 22 -4 2]
 P 11978 0 85151 3317365
PT [1 0 23 -4 2]
 P 13969 0 85159 3389545
PT [1 0 24 -4 2]
 P 15601 0 85162 3461725
PT [1 0 25 -4 2]
EMPTY QUEUE
 P 18231 0 85179 3535082
PT [1 0 26 -5 2]
 P 18231 0 88569 3606085
PT [1 0 27 -5 2]
 P 18231 0 91959 3678265
PT [1 0 28 -5 2]
 P 18231 0 95349 3750445
PT [1 0 29 -5 2]
 P 20312 0 95352 3822625
PT [1 0 30 -5 2]
EMPTY QUEUE
 P 23133 0 95368 3895917
PT [1 0 31 -5 2]
 P 23133 0 98758 3966985
PT [1 0 32 -5 2]
 P 23133 0 102148 4039165
PT [1 0 33 -5 2]
 P 23133 0 105538 4111345
PT [1 0 34 -5 2]
 P 25151 0 105541 4183525
PT [1 0 35 -5 2]
EMPTY QUEUE
 P 27652 0 105558 4258289
PT [1 0 36 -6 2]
 P 27652 0 108948 4327885
PT [1 0 37 -6 2]
 P 27652 0 112338 4400065
PT [1 0 38 -6 2]
 P 27652 0 115728 4472245
PT [1 0 39 -6 2]
 P 29095 0 115731 4544425
PT [1 0 40 -6 2]
EMPTY QUEUE
 P 30709 0 115748 4617877
PT [1 0 41 -6 2]
 P 32659 0 115756 4688785
PT [1 0 42 -6 2]
 P 32659 0 119146 4760965
PT [1 0 43 -6 2]
 P 32659 0 122536 4833145
PT [1 0 44 -6 2]
 P 35063 0 122540 4905325
PT [1 0 45 -6 2]
EMPTY QUEUE
 P 35392 0 125938 4978459
PT [1 0 46 -6 2]
 P 37790 0 125946 5049685
PT [1 0 47 -6 2]
 P 37790 0 129336 5121865
PT [1 0 48 -6 2]
 P 37790 0 132726 5194045
PT [1 0 49 -6 2]
 P 38595 0 132729 5266225
PT [1 0 50 -6 2]
EMPTY QUEUE
 P 38922 0 136128 5340573
PT [1 0 51 -7 2]
 P 41256 0 136136 5410585
PT [1 0 52 -7 2]
 P 41256 0 139526 5482765
PT [1 0 53 -7 2]
 P 41256 0 142916 5554945
PT [1 0 54 -7 2]
 P 44047 0 142919 5627125
PT [1 0 55 -7 2]
EMPTY QUEUE
 P 44375 0 146318 5700130
PT [1 0 56 -6 2]
 P 46133 0 146326 5771485
PT [1 0 57 -6 2]
 P 46133 0 149716 5843665
PT [1 0 58 -6 2]
 P 46133 0 153106 5915845
PT [1 0 59 -6 2]
 P 48348 0 153109 5988025
PT [1 0 60 -6 2]
EMPTY QUEUE
 P 48675 0 156508 6061221
PT [1 0 61 -8 2]
 P 51393 0 156516 6132385
PT [1 0 62 -8 2]
 P 51393 0 159906 6204565
PT [1 0 63 -8 2]
 P 51393 0 163296 6276745
PT [1 0 64 -8 2]
 P 52521 0 163299 6348925
PT [1 0 65 -8 2]
EMPTY QUEUE
 P 52848 0 166698 6421801
PT [1 0 66 -8 2]
 P 53966 0 166706 6493285
PT [1 0 67 -8 2]
 P 53966 0 170096 6565465
PT [1 0 68 -8 2]
 P 53966 0 173486 6637645
PT [1 0 69 -8 2]
 P 55543 0 173489 6709825
PT [1 0 70 -8 2]
EMPTY QUEUE
 P 55871 0 176887 6783917
PT [1 0 71 -9 2]
 P 56925 0 176895 6854185
PT [1 0 72 -9 2]
 P 56925 0 180285 6926365
PT [1 0 73 -9 2]
 P 56925 0 183675 6998545
PT [1 0 74 -9 2]
 P 58439 0 183678 7070725
PT [1 0 75 -9 2]
EMPTY QUEUE
 P 58766 0 187077 7145521
PT [1 0 76 -9 2]
 P 61292 0 187085 7215085
PT [1 0 77 -9 2]
 P 61292 0 190475 7287265
PT [1 0 78 -9 2]
 P 61292 0 193865 7359445
PT [1 0 79 -9 2]
 P 62231 0 193868 7431625
PT [1 0 80 -9 2]
EMPTY QUEUE
 P 62559 0 197266 7504566
PT [1 0 81 -9 2]
 P 63997 0 197274 7575985
PT [1 0 82 -9 2]
 P 63997 0 200664 7648165
PT [1 0 83 -9 2]
 P 63997 0 204054 7720345
PT [1 0 84 -9 2]
 P 65897 0 204057 7792525
PT [1 0 85 -9 2]
EMPTY QUEUE
 P 66224 0 207456 7867193
PT [1 0 86 -10 2]
 P 68110 0 207464 7936885
PT [1 0 87 -10 2]
 P 68110 0 210854 8009065
PT [1 0 88 -10 2]
 P 68110 0 214244 8081245
PT [1 0 89 -10 2]
 P 70459 0 214247 8153425
PT [1 0 90 -10 2]
EMPTY QUEUE
 P 70786 0 217645 8227261
PT [1 0 91 -10 2]
 P 72608 0 217653 8297785
PT [1 0 92 -10 2]
 P 72608 0 221043 8369965
PT [1 0 93 -10 2]
 P 72608 0 224433 8442145
PT [1 0 94 -10 2]
 P 74894 0 224436 8514325
PT [1 0 95 -10 2]
EMPTY QUEUE
 P 75222 0 227834 8588865
PT [1 0 96 -11 2]
 P 76468 0 227842 8658685
PT [1 0 97 -11 2]
 P 76468 0 231232 8730865
PT [1 0 98 -11 2]
 P 76468 0 234622 8803045
PT [1 0 99 -11 2]
 P 78179 0 234625 8875225
PT [1 0 100 -11 2]
EMPTY QUEUE
 P 78506 0 238024 8949957
PT [1 0 101 -11 2]
 P 80712 0 238032 9019585
PT [1 0 102 -11 2]
 P 80712 0 241422 9091765
PT [1 0 103 -11 2]
 P 80712 0 244812 9163945
PT [1 0 104 -11 2]
 P 83384 0 244815 9236125
PT [1 0 105 -11 2]
EMPTY QUEUE
 P 83712 0 248213 9310538
PT [1 0 106 -11 2]
 P 86366 0 248221 9380485
PT [1 0 107 -11 2]
 P 86366 0 251611 9452665
PT [1 0 108 -11 2]
 P 86366 0 255001 9524845
PT [1 0 109 -11 2]
 P 87439 0 255004 9597025
PT [1 0 110 -11 2]
EMPTY QUEUE
 P 87765 0 258403 9670605
PT [1 0 111 -12 2]
 P 90355 0 258411 9741385
PT [1 0 112 -12 2]
 P 90355 0 261801 9813565
PT [1 0 113 -12 2]
 P 90355 0 265191 9885745
PT [1 0 114 -12 2]
 P 91365 0 265194 9957925
PT [1 0 115 -12 2]
EMPTY QUEUE
 P 91692 0 268592 10032209
PT [1 0 116 -12 2]
 P 93706 0 268600 10102285
PT [1 0 117 -12 2]
 P 93706 0 271990 10174465
PT [1 0 118 -12 2]
 P 93706 0 275380 10246645
PT [1 0 119 -12 2]
 P 96189 0 275383 10318825
PT [1 0 120 -12 2]
EMPTY QUEUE
 P 96517 0 278782 10393302
PT [1 0 121 -13 2]
 P 97443 0 278790 10463185
PT [1 0 122 -13 2]
 P 97443 0 282180 10535365
PT [1 0 123 -13 2]
 P 97443 0 285570 10607545
PT [1 0 124 -13 2]
 P 98839 0 285573 10679725
PT [1 0 125 -13 2]
EMPTY QUEUE
 P 99166 0 288972 10753881
PT [1 0 126 -13 2]
 P 100540 0 288980 10824085
PT [1 0 127 -13 2]
 P 100540 0 292370 10896265
PT [1 0 128 -13 2]
 P 100540 0 295760 10968445
PT [1 0 129 -13 2]
 P 102385 0 295763 11040625
PT [1 0 130 -13 2]
EMPTY QUEUE
 P 102714 0 299161 11113950
PT [1 0 131 -14 2]
 P 104024 0 299169 11184985
PT [1 0 132 -14 2]
 P 104024 0 302559 11257165
PT [1 0 133 -14 2]
 P 104024 0 305949 11329345
PT [1 0 134 -14 2]
 P 105806 0 305952 11401525
PT [1 0 135 -14 2]
EMPTY QUEUE
 P 106133 0 309351 11475553
PT [1 0 136 -14 2]
 P 108915 0 309359 11545885
PT [1 0 137 -14 2]
 P 108915 0 312749 11618065
PT [1 0 138 -14 2]
 P 108915 0 316139 11690245
PT [1 0 139 -14 2]
 P 110122 0 316142 11762425
PT [1 0 140 -14 2]
 P 110451 72 319542 11836889
PT [1 0 141 -14 2]
 P 112473 414 319561 11908747
PT [1 0 142 -14 2]
 P 114014 756 319580 11980095
PT [1 0 143 -14 2]
 P 115190 756 319583 12051145
PT [1 0 144 -14 2]
 P 117659 1098 319604 12125159
PT [1 0 145 -15 2]
 P 118880 1170 319624 12197531
PT [1 0 146 -15 2]
 P 121317 1242 319643 12269391
PT [1 0 147 -15 2]
 P 123146 1314 319664 12342788
PT [1 0 148 -15 2]
 P 124323 1314 319667 12412045
PT [1 0 149 -15 2]
 P 126428 1314 319670 12484225
PT [1 0 150 -15 2]
 P 127286 1314 319674 12556405
PT [1 0 151 -15 2]
 P 129563 1386 319693 12630163
PT [1 0 152 -15 2]
 P 131605 1386 319696 12700765
PT [1 0 153 -15 2]
 P 132783 1386 319699 12772945
PT [1 0 154 -15 2]
 P 134889 1386 319703 12845125
PT [1 0 155 -15 2]
 P 135748 1386 319706 12917305
PT [1 0 156 -15 2]
 P 138025 1458 319726 12991255
PT [1 0 157 -16 2]
 P 140068 1458 319729 13061665
PT [1 0 158 -16 2]
 P 141247 1458 319732 13133845
PT [1 0 159 -16 2]
 P 143354 1458 319736 13206025
PT [1 0 160 -16 2]
 P 145398 1458 319739 13278205
PT [1 0 161 -16 2]
 P 147675 1530 319759 13351835
PT [1 0 162 -16 2]
 P 149143 1530 319762 13422565
PT [1 0 163 -16 2]
 P 151868 1602 319781 13497411
PT [1 0 164 -16 2]
 P 154296 1602 319785 13566925
PT [1 0 165 -16 2]
 P 156958 1674 319804 13640427
PT [1 0 166 -16 2]
 P 157787 1674 319807 13711285
PT [1 0 167 -16 2]
 P 159873 1746 319826 13784979
PT [1 0 168 -17 2]
 P 161534 1746 319829 13855645
PT [1 0 169 -17 2]
 P 164579 1818 319849 13929019
PT [1 0 170 -17 2]
 P 166241 1818 319852 14000005
PT [1 0 171 -17 2]
 P 167686 1890 319872 14074595
PT [1 0 172 -17 2]
 P 169348 1890 319875 14144365
PT [1 0 173 -17 2]
 P 171977 1962 319895 14217611
PT [1 0 174 -17 2]
 P 174606 2034 319915 14289983
PT [1 0 175 -17 2]
 P 177235 2106 319934 14361843
PT [1 0 176 -17 2]
 P 180056 2178 319953 14435238
PT [1 0 177 -17 2]
 P 182167 2178 319956 14505265
PT [1 0 178 -17 2]
 P 184797 2250 319975 14580303
PT [1 0 179 -17 2]
 P 187428 2322 319995 14650629
PT [1 0 180 -18 2]
 P 190057 2394 320015 14724535
PT [1 0 181 -18 2]
 P 192686 2466 320035 14795883
PT [1 0 182 -18 2]
 P 195315 2538 320055 14868767
PT [1 0 183 -18 2]
 P 197945 2610 320075 14941140
PT [1 0 184 -18 2]
 P 200574 2682 320095 15012999
PT [1 0 185 -18 2]
 P 203203 2754 320115 15084347
PT [1 0 186 -18 2]
 P 205832 2826 320135 15157231
PT [1 0 187 -18 2]
 P 208653 2898 320154 15229603
PT [1 0 188 -18 2]
 P 210702 2898 320157 15299245
PT [1 0 189 -18 2]
 P 213206 2970 320175 15373643
PT [1 0 190 -18 2]
 P 214680 2970 320178 15443605
PT [1 0 191 -18 2]
 P 216350 3042 320197 15517171
PT [1 0 192 -19 2]
 P 218784 3042 320200 15587965
PT [1 0 193 -19 2]
 P 221157 3114 320220 15662235
PT [1 0 194 -19 2]
 P 221992 3114 320223 15732325
PT [1 0 195 -19 2]
 P 224559 3186 320242 15806787
PT [1 0 196 -19 2]
 P 227378 3186 320245 15876685
PT [1 0 197 -19 2]
 P 229623 3258 320265 15950827
PT [1 0 198 -19 2]
 P 231866 3258 320269 16021045
PT [1 0 199 -19 2]
 P 233278 3330 320288 16094355
PT [1 0 200 -19 2]
 P 234434 3330 320291 16165405
PT [1 0 201 -19 2]
 P 236552 3402 320311 16239419
PT [1 0 202 -19 2]
 P 238156 3402 320314 16309765
PT [1 0 203 -19 2]
 P 240466 3474 320333 16383971
PT [1 0 204 -20 2]
 P 242007 3474 320336 16454125
PT [1 0 205 -20 2]
 P 243996 3546 320356 16528011
PT [1 0 206 -20 2]
 P 244961 3546 320359 16598485
PT [1 0 207 -20 2]
 P 248166 3618 320379 16673587
PT [1 0 208 -20 2]
 P 249835 3618 320383 16742845
PT [1 0 209 -20 2]
 P 251696 3690 320403 16816603
PT [1 0 210 -20 2]
 P 253366 3690 320406 16887205
PT [1 0 211 -20 2]
 P 255419 3762 320426 16961155
PT [1 0 212 -20 2]
 P 257089 3762 320429 17031565
PT [1 0 213 -20 2]
 P 258823 3834 320448 17105195
PT [1 0 214 -20 2]
 P 261773 3906 320467 17178591
PT [1 0 215 -20 2]
 P 263892 3906 320470 17248105
PT [1 0 216 -20 2]
 P 265497 3978 320490 17321607
PT [1 0 217 -21 2]
 P 267552 3978 320493 17392465
PT [1 0 218 -21 2]
 P 269349 4050 320513 17466159
PT [1 0 219 -21 2]
 P 270829 4050 320516 17536825
PT [1 0 220 -21 2]
 P 272306 4122 320536 17610199
PT [1 0 221 -21 2]
 P 274746 4122 320539 17681185
PT [1 0 222 -21 2]
 P 277439 4194 320558 17755775
PT [1 0 223 -21 2]
 P 278280 4194 320561 17825545
PT [1 0 224 -21 2]
 P 279630 4266 320580 17898791
PT [1 0 225 -21 2]
 P 282455 4266 320583 17969905
PT [1 0 226 -21 2]
 P 283998 4338 320602 18043344
PT [1 0 227 -21 2]
 P 286247 4338 320605 18114265
PT [1 0 228 -21 2]
 P 287468 4410 320625 18187383
PT [1 0 229 -22 2]
 P 288630 4410 320628 18258625
PT [1 0 230 -22 2]
 P 291259 4482 320648 18332959
PT [1 0 231 -22 2]
 P 294080 4554 320668 18405843
PT [1 0 232 -22 2]
 P 295690 4554 320672 18475165
PT [1 0 233 -22 2]
 P 298192 4626 320692 18548347
PT [1 0 234 -22 2]
 P 299739 4626 320695 18619525
PT [1 0 235 -22 2]
 P 301409 4698 320713 18694435
PT [1 0 236 -22 2]
 P 302380 4698 320716 18763885
PT [1 0 237 -22 2]
 P 304756 4770 320734 18837964
PT [1 0 238 -22 2]
 P 306688 4770 320737 18908245
PT [1 0 239 -22 2]
 P 309255 4842 320755 18983027
PT [1 0 240 -23 2]
 P 311635 4842 320758 19052605
PT [1 0 241 -23 2]
 P 314265 4914 320777 19127579
PT [1 0 242 -23 2]
 P 317088 4986 320796 19199440
PT [1 0 243 -23 2]
 P 319405 4986 320799 19269145
PT [1 0 244 -23 2]
 P 321907 5058 320818 19342967
PT [1 0 245 -23 2]
 P 323648 5058 320821 19413505
PT [1 0 246 -23 2]
 P 325318 5130 320840 19488031
PT [1 0 247 -23 2]
 P 328019 5130 320844 19557865
PT [1 0 248 -23 2]
 P 330394 5202 320862 19632583
PT [1 0 249 -23 2]
 P 331496 5202 320865 19702225
PT [1 0 250 -23 2]
 P 334063 5274 320883 19776623
PT [1 0 251 -23 2]
 P 335101 5274 320886 19846585
PT [1 0 252 -23 2]
 P 337347 5346 320905 19920151
PT [1 0 253 -24 2]
 P 339858 5346 320908 19990945
PT [1 0 254 -24 2]
 P 341273 5418 320927 20065216
PT [1 0 255 -24 2]
 P 342587 5418 320930 20135305
PT [1 0 256 -24 2]
 P 344705 5490 320949 20209767
PT [1 0 257 -24 2]
 P 346468 5490 320952 20279665
PT [1 0 258 -24 2]
 P 348778 5562 320971 20353808
PT [1 0 259 -23 2]
 P 350477 5562 320974 20424025
PT [1 0 260 -23 2]
 P 352469 5634 320992 20497336
PT [1 0 261 -24 2]
 P 353592 5634 320995 20568385
PT [1 0 262 -24 2]
 P 356799 5706 321013 20642399
PT [1 0 263 -24 2]
 P 358883 5706 321016 20712745
PT [1 0 264 -24 2]
 P 360746 5778 321036 20786952
PT [1 0 265 -25 2]
 P 363278 5778 321039 20857105
PT [1 0 266 -25 2]
 P 365332 5850 321058 20930991
PT [1 0 267 -25 2]
 P 367801 5850 321061 21001465
PT [1 0 268 -25 2]
 P 369535 5922 321080 21076567
PT [1 0 269 -25 2]
 P 371108 5922 321083 21145825
PT [1 0 270 -25 2]
 P 374059 5994 321102 21219584
PT [1 0 271 -25 2]
 P 376080 5994 321106 21290185
PT [1 0 272 -25 2]
 P 378710 6066 321124 21364134
PT [1 0 273 -25 2]
 P 381341 6138 321142 21435995
PT [1 0 274 -25 2]
 P 383973 6210 321160 21509392
PT [1 0 275 -24 2]
 P 386605 6282 321178 21580228
PT [1 0 276 -26 2]
 P 389236 6354 321196 21652599
PT [1 0 277 -26 2]
 P 391865 6426 321215 21724459
PT [1 0 278 -26 2]
 P 394495 6498 321234 21797855
PT [1 0 279 -26 2]
 P 397125 6570 321253 21868691
PT [1 0 280 -26 2]
 P 399755 6642 321272 21941063
PT [1 0 281 -26 2]
 P 402385 6714 321291 22012923
PT [1 0 282 -26 2]
 P 405014 6786 321310 22085679
PT [1 0 283 -26 2]
 P 407644 6858 321328 22157539
PT [1 0 284 -26 2]
 P 410274 6930 321346 22230935
PT [1 0 285 -26 2]
 P 412906 7002 321364 22301771
PT [1 0 286 -26 2]
 P 415538 7074 321382 22374145
PT [1 0 287 -26 2]
 P 418169 7146 321400 22446003
PT [1 0 288 -27 2]
 P 420800 7218 321418 22519399
PT [1 0 289 -27 2]
 P 423430 7290 321437 22592283
PT [1 0 290 -27 2]
 P 426060 7362 321456 22662607
PT [1 0 291 -27 2]
 P 428689 7434 321475 22736515
PT [1 0 292 -27 2]
 P 431319 7506 321494 22807863
PT [1 0 293 -27 2]
 P 433949 7578 321513 22880747
PT [1 0 294 -27 2]
Warning: data sending process fails.
 P 436579 7643 321636 22953216
PT [1 0 295 -27 2]
 P 439209 7715 321654 23024979
PT [1 0 296 -27 2]
 P 441839 7787 321674 23096328
PT [1 0 297 -27 2]
 P 444471 7859 321692 23169212
PT [1 0 298 -27 2]
 P 447102 7931 321710 23241583
PT [1 0 299 -27 2]
 P 449733 8003 321728 23313443
PT [1 0 300 -28 2]
 P 452363 8075 321746 23384791
PT [1 0 301 -28 2]
 P 454993 8147 321765 23457675
PT [1 0 302 -28 2]
 P 457623 8219 321784 23530047
PT [1 0 303 -28 2]
 P 460253 8291 321803 23601907
PT [1 0 304 -28 2]
 P 462882 8363 321822 23673255
PT [1 0 305 -28 2]
 P 465512 8435 321841 23746139
PT [1 0 306 -28 2]
 P 468143 8507 321860 23818512
PT [1 0 307 -27 2]
 P 470775 8579 321878 23890372
PT [1 0 308 -28 2]
 P 473405 8651 321896 23963767
PT [1 0 309 -28 2]
 P 476035 8723 321914 24034602
PT [1 0 310 -28 2]
 P 478665 8795 321932 24106975
PT [1 0 311 -28 2]
 P 481296 8867 321950 24178835
PT [1 0 312 -29 2]
 P 483926 8939 321968 24252231
PT [1 0 313 -29 2]
 P 486556 9011 321987 24323067
PT [1 0 314 -29 2]
 P 489186 9083 322006 24395439
PT [1 0 315 -29 2]
 P 491816 9155 322025 24467299
PT [1 0 316 -29 2]
 P 494446 9227 322044 24540695
PT [1 0 317 -29 2]
 P 497076 9299 322063 24611531
PT [1 0 318 -29 2]
 P 499706 9371 322082 24683903
PT [1 0 319 -29 2]
 P 502336 9443 322100 24755763
PT [1 0 320 -29 2]
 P 504966 9515 322118 24829159
PT [1 0 321 -29 2]
 P 507597 9587 322136 24902043
PT [1 0 322 -29 2]
 P 510228 9659 322154 24972367
PT [1 0 323 -29 2]
 P 512859 9731 322173 25046277
PT [1 0 324 -30 2]
 P 515491 9803 322191 25117624
PT [1 0 325 -30 2]
 P 518120 9875 322210 25190507
PT [1 0 326 -30 2]
 P 520750 9947 322229 25262879
PT [1 0 327 -30 2]
 P 523380 10019 322248 25334739
PT [1 0 328 -30 2]
 P 526011 10091 322267 25406087
PT [1 0 329 -30 2]
 P 528640 10163 322287 25478971
PT [1 0 330 -30 2]
 P 531270 10235 322306 25551343
PT [1 0 331 -30 2]
 P 533900 10307 322325 25623203
PT [1 0 332 -30 2]
 P 536530 10379 322343 25694550
PT [1 0 333 -30 2]
 P 539161 10451 322362 25767436
PT [1 0 334 -30 2]
 P 541793 10523 322380 25839808
PT [1 0 335 -30 2]
 P 544424 10595 322398 25911667
PT [1 0 336 -30 2]
 P 547054 10667 322416 25983015
PT [1 0 337 -31 2]
 P 549684 10739 322435 26055899
PT [1 0 338 -31 2]
 P 552314 10811 322454 26128271
PT [1 0 339 -31 2]
 P 552380 10811 328416 26202416
PT [1 0 340 -31 2]
 P 552446 10811 334378 26274180
PT [1 0 341 -31 2]
 P 552773 10883 337779 26344299
PT [1 0 342 -31 2]
 P 554747 10883 337782 26414965
PT [1 0 343 -31 2]
 P 556146 10883 337785 26487145
PT [1 0 344 -31 2]
 P 558504 10883 337789 26559325
PT [1 0 345 -31 2]
 P 559263 10883 337792 26631505
PT [1 0 346 -31 2]
 P 562006 10883 337795 26703685
PT [1 0 347 -31 2]
 P 563757 10883 337798 26775865
PT [1 0 348 -31 2]
 P 566212 10883 337801 26848045
PT [1 0 349 -31 2]
 P 568859 10883 337805 26920225
PT [1 0 350 -31 2]
 P 571187 10883 337808 26992405
PT [1 0 351 -31 2]
 P 572683 10883 337811 27064585
PT [1 0 352 -31 2]
 P 574883 10883 337814 27136765
PT [1 0 353 -31 2]
 P 577275 10883 337817 27208945
PT [1 0 354 -31 2]
 P 579348 10883 337820 27281125
PT [1 0 355 -31 2]
 P 580589 10883 337823 27353305
PT [1 0 356 -31 2]
 P 582534 10883 337826 27425485
PT [1 0 357 -31 2]
 P 584671 10883 337829 27497665
PT [1 0 358 -31 2]
 P 586488 10883 337832 27569845
PT [1 0 359 -31 2]
 P 587474 10883 337835 27642025
PT [1 0 360 -31 2]
 P 589164 10883 337838 27714205
PT [1 0 361 -31 2]
 P 591046 10883 337841 27786385
PT [1 0 362 -31 2]
 P 592608 10883 337844 27858565
PT [1 0 363 -31 2]
 P 595386 10883 337847 27930745
PT [1 0 364 -31 2]
 P 596821 10883 337850 28002925
PT [1 0 365 -31 2]
 P 598448 10883 337853 28075105
PT [1 0 366 -31 2]
 P 599755 10883 337856 28147285
PT [1 0 367 -31 2]
 P 602278 10883 337859 28219465
PT [1 0 368 -31 2]
 P 603459 10883 337862 28291645
PT [1 0 369 -31 2]
 P 604831 10883 337865 28363825
PT [1 0 370 -31 2]
 P 605883 10883 337868 28436005
PT [1 0 371 -31 2]
 P 608151 10883 337871 28508185
PT [1 0 372 -31 2]
 P 609075 10883 337874 28580365
PT [1 0 373 -31 2]
 P 610191 10883 337878 28652545
PT [1 0 374 -31 2]
 P 610988 10883 337881 28724725
PT [1 0 375 -31 2]
 P 613001 10883 337884 28796905
PT [1 0 376 -31 2]
 P 615718 10883 337887 28869085
PT [1 0 377 -31 2]
 P 616579 10883 337890 28941265
PT [1 0 378 -31 2]
 P 619168 10883 337894 29013445
PT [1 0 379 -31 2]
 P 620926 10883 337897 29085625
PT [1 0 380 -31 2]
 P 623388 10883 337900 29157805
PT [1 0 381 -31 2]
 P 626042 10883 337903 29229985
PT [1 0 382 -31 2]
 P 628376 10883 337906 29302165
PT [1 0 383 -31 2]
 P 629878 10883 337910 29374345
PT [1 0 384 -31 2]
 P 632085 10883 337913 29446525
PT [1 0 385 -31 2]
 P 634484 10883 337917 29518705
PT [1 0 386 -31 2]
 P 636563 10883 337920 29590885
PT [1 0 387 -31 2]
 P 637810 10883 337923 29663065
PT [1 0 388 -31 2]
 P 639762 10883 337926 29735245
PT [1 0 389 -31 2]
 P 641906 10883 337929 29807425
PT [1 0 390 -31 2]
 P 643730 10883 337932 29879605
PT [1 0 391 -31 2]
 P 644722 10883 337935 29951785
PT [1 0 392 -31 2]
 P 646418 10883 337938 30023965
PT [1 0 393 -31 2]
 P 648307 10883 337941 30096145
PT [1 0 394 -31 2]
 P 648635 10955 341341 30169743
PT [1 0 395 -35 2]
 P 649756 10955 341344 30240505
PT [1 0 396 -35 2]
 P 650557 10955 341347 30312685
PT [1 0 397 -35 2]
 P 652574 10955 341351 30384865
PT [1 0 398 -35 2]
 P 655296 10955 341354 30457045
PT [1 0 399 -35 2]
 P 656162 10955 341357 30529225
PT [1 0 400 -35 2]
 P 658757 10955 341360 30601405
PT [1 0 401 -35 2]
 P 660519 10955 341363 30673585
PT [1 0 402 -35 2]
 P 662985 10955 341367 30745765
PT [1 0 403 -35 2]
 P 665644 10955 341370 30817945
PT [1 0 404 -35 2]
 P 667983 10955 341373 30890125
PT [1 0 405 -35 2]
 P 669490 10955 341376 30962305
PT [1 0 406 -35 2]
 P 671701 10955 341379 31034485
PT [1 0 407 -35 2]
 P 674104 10955 341383 31106665
PT [1 0 408 -35 2]
 P 676188 10955 341386 31178845
PT [1 0 409 -35 2]
 P 677440 10955 341389 31251025
PT [1 0 410 -35 2]
 P 679396 10955 341392 31323205
PT [1 0 411 -35 2]
 P 681544 10955 341395 31395385
PT [1 0 412 -35 2]
 P 683372 10955 341399 31467565
PT [1 0 413 -35 2]
 P 684369 10955 341402 31539745
PT [1 0 414 -35 2]
 P 686070 10955 341405 31611925
PT [1 0 415 -35 2]
 P 687963 10955 341408 31684105
PT [1 0 416 -35 2]
 P 689536 10955 341411 31756285
PT [1 0 417 -35 2]
 P 692327 10955 341414 31828465
PT [1 0 418 -35 2]
 P 693773 10955 341417 31900645
PT [1 0 419 -35 2]
 P 695411 10955 341420 31972825
PT [1 0 420 -35 2]
 P 696729 10955 341423 32045005
PT [1 0 421 -35 2]
 P 699263 10955 341426 32117185
PT [1 0 422 -35 2]
 P 700454 10955 341429 32189365
PT [1 0 423 -35 2]
 P 701837 10955 341432 32261545
PT [1 0 424 -35 2]
 P 702900 10955 341435 32333725
PT [1 0 425 -35 2]
 P 705179 10955 341438 32405905
PT [1 0 426 -35 2]
 P 706114 10955 341441 32478085
PT [1 0 427 -35 2]
 P 707242 10955 341444 32550265
PT [1 0 428 -35 2]
 P 708050 10955 341447 32622445
PT [1 0 429 -35 2]
 P 710074 10955 341450 32694625
PT [1 0 430 -35 2]
 P 712802 10955 341453 32766805
PT [1 0 431 -35 2]
 P 713674 10955 341457 32838985
PT [1 0 432 -35 2]
 P 716275 10955 341460 32911165
PT [1 0 433 -35 2]
 P 718044 10955 341463 32983345
PT [1 0 434 -35 2]
 P 720517 10955 341466 33055525
PT [1 0 435 -35 2]
 P 723182 10955 341469 33127705
PT [1 0 436 -35 2]
 P 725527 10955 341473 33199885
PT [1 0 437 -35 2]
 P 727041 10955 341476 33272065
PT [1 0 438 -35 2]
 P 729259 10955 341479 33344245
PT [1 0 439 -35 2]
 P 731669 10955 341482 33416425
PT [1 0 440 -35 2]
 P 733759 10955 341485 33488605
PT [1 0 441 -35 2]
 P 735017 10955 341489 33560785
PT [1 0 442 -35 2]
 P 736980 10955 341492 33632965
PT [1 0 443 -35 2]
 P 739135 10955 341495 33705145
PT [1 0 444 -35 2]
 P 740971 10955 341498 33777325
PT [1 0 445 -35 2]
 P 741974 10955 341501 33849505
PT [1 0 446 -35 2]
 P 743682 10955 341504 33921685
PT [1 0 447 -35 2]
 P 745582 10955 341507 33993865
PT [1 0 448 -35 2]
 P 747162 10955 341510 34066045
PT [1 0 449 -35 2]
 P 749958 10955 341513 34138225
PT [1 0 450 -35 2]
 P 751410 10955 341516 34210405
PT [1 0 451 -35 2]
 P 753055 10955 341519 34282585
PT [1 0 452 -35 2]
 P 755685 11027 341539 34356119
PT [1 0 453 -40 2]
 P 756818 11027 341542 34426945
PT [1 0 454 -40 2]
 P 757631 11027 341545 34499125
PT [1 0 455 -40 2]
 P 759660 11027 341548 34571305
PT [1 0 456 -40 2]
 P 762394 11027 341551 34643485
PT [1 0 457 -40 2]
 P 763272 11027 341554 34715665
PT [1 0 458 -40 2]
 P 765878 11027 341557 34787845
PT [1 0 459 -40 2]
 P 767652 11027 341560 34860025
PT [1 0 460 -40 2]
 P 770130 11027 341564 34932205
PT [1 0 461 -40 2]
 P 772801 11027 341567 35004385
PT [1 0 462 -40 2]
 P 775152 11027 341570 35076565
PT [1 0 463 -40 2]
 P 776671 11027 341573 35148745
PT [1 0 464 -40 2]
 P 778894 11027 341576 35220925
PT [1 0 465 -40 2]
 P 781309 11027 341580 35293105
PT [1 0 466 -40 2]
 P 783406 11027 341583 35365285
PT [1 0 467 -40 2]
 P 784670 11027 341586 35437465
PT [1 0 468 -40 2]
 P 786638 11027 341589 35509645
PT [1 0 469 -40 2]
 P 788798 11027 341592 35581825
PT [1 0 470 -40 2]
 P 790638 11027 341596 35654005
PT [1 0 471 -40 2]
 P 791647 11027 341599 35726185
PT [1 0 472 -40 2]
 P 793360 11027 341602 35798365
PT [1 0 473 -40 2]
 P 795265 11027 341605 35870545
PT [1 0 474 -40 2]
 P 796850 11027 341608 35942725
PT [1 0 475 -40 2]
 P 799652 11027 341611 36014905
PT [1 0 476 -40 2]
 P 801111 11027 341614 36087085
PT [1 0 477 -40 2]
 P 802761 11027 341617 36159265
PT [1 0 478 -40 2]
 P 804091 11027 341620 36231445
PT [1 0 479 -40 2]
 P 806637 11027 341623 36303625
PT [1 0 480 -40 2]
 P 807840 11027 341626 36375805
PT [1 0 481 -40 2]
 P 809233 11027 341629 36447987
PT [1 0 482 -40 2]
 P 810306 11027 341632 36520167
PT [1 0 483 -40 2]
 P 812595 11027 341635 36592347
PT [1 0 484 -40 2]
 P 813540 11027 341638 36664527
PT [1 0 485 -40 2]
 P 814678 11027 341641 36736707
PT [1 0 486 -40 2]
 P 815496 11027 341644 36808887
PT [1 0 487 -40 2]
 P 817530 11027 341647 36881067
PT [1 0 488 -40 2]
 P 820268 11027 341650 36953247
PT [1 0 489 -40 2]
 P 821150 11027 341654 37025427
PT [1 0 490 -40 2]
 P 823761 11027 341657 37097607
PT [1 0 491 -40 2]
 P 825540 11027 341660 37169787
PT [1 0 492 -40 2]
 P 828023 11027 341663 37241967
PT [1 0 493 -40 2]
 P 830699 11027 341667 37314147
PT [1 0 494 -40 2]
 P 833054 11027 341671 37386327
PT [1 0 495 -40 2]
 P 834578 11027 341674 37458507
PT [1 0 496 -40 2]
 P 836806 11027 341677 37530687
PT [1 0 497 -40 2]
 P 839226 11027 341680 37602867
PT [1 0 498 -40 2]
 P 841326 11027 341683 37675047
PT [1 0 499 -40 2]
 P 842594 11027 341687 37747227
PT [1 0 500 -40 2]
 P 844567 11027 341690 37819407
PT [1 0 501 -40 2]
 P 846732 11027 341693 37891587
PT [1 0 502 -40 2]
 P 848577 11027 341696 37963767
PT [1 0 503 -40 2]
 P 849590 11027 341699 38035947
PT [1 0 504 -40 2]
 P 851307 11027 341703 38108127
PT [1 0 505 -40 2]
 P 853217 11027 341706 38180307
PT [1 0 506 -40 2]
 P 854807 11027 341709 38252487
PT [1 0 507 -40 2]
 P 857613 11027 341712 38324667
PT [1 0 508 -40 2]
 P 858966 11027 341715 38396847
PT [1 0 509 -40 2]
 P 861244 11099 341734 38471854
PT [1 0 510 -47 2]
 P 862278 11099 341737 38541207
PT [1 0 511 -47 2]
 P 862992 11099 341740 38613387
PT [1 0 512 -47 2]
 P 864922 11099 341743 38685567
PT [1 0 513 -47 2]
 P 867556 11099 341746 38757747
PT [1 0 514 -47 2]
 P 868335 11099 341749 38829927
PT [1 0 515 -47 2]
 P 870842 11099 341752 38902107
PT [1 0 516 -47 2]
 P 872518 11099 341755 38974287
PT [1 0 517 -47 2]
 P 874897 11099 341758 39046467
PT [1 0 518 -47 2]
 P 875900 11099 341762 39118647
PT [1 0 519 -47 2]
 P 877353 11099 341765 39190827
PT [1 0 520 -47 2]
 P 878741 11099 341768 39263007
PT [1 0 521 -47 2]
 P 879553 11099 341771 39335187
PT [1 0 522 -47 2]
 P 881325 11099 341774 39407367
PT [1 0 523 -47 2]
 P 883545 11099 341778 39479547
PT [1 0 524 -47 2]
 P 885702 11099 341781 39551727
PT [1 0 525 -47 2]
 P 887283 11099 341784 39623907
PT [1 0 526 -47 2]
 P 889824 11099 341787 39696087
PT [1 0 527 -47 2]
 P 890765 11099 341790 39768267
PT [1 0 528 -47 2]
 P 891642 11099 341794 39840447
PT [1 0 529 -47 2]
 P 893992 11099 341797 39912627
PT [1 0 530 -47 2]
 P 895606 11099 341800 39984807
PT [1 0 531 -47 2]
 P 897412 11099 341803 40056987
PT [1 0 532 -47 2]
 P 898898 11099 341806 40129167
PT [1 0 533 -47 2]
 P 901601 11099 341809 40201347
PT [1 0 534 -47 2]
 P 902960 11099 341812 40273527
PT [1 0 535 -47 2]
 P 904511 11099 341815 40345707
PT [1 0 536 -47 2]
 P 905742 11099 341818 40417887
PT [1 0 537 -47 2]
 P 908189 11099 341821 40490067
PT [1 0 538 -47 2]
 P 909293 11099 341824 40562247
PT [1 0 539 -47 2]
 P 910589 11099 341827 40634427
PT [1 0 540 -47 2]
 P 911565 11099 341830 40706607
PT [1 0 541 -47 2]
 P 913757 11099 341833 40778787
PT [1 0 542 -47 2]
 P 914605 11099 341836 40850967
PT [1 0 543 -47 2]
 P 915646 11099 341839 40923147
PT [1 0 544 -47 2]
 P 916367 11099 341843 40995327
PT [1 0 545 -47 2]
 P 918304 11099 341846 41067507
PT [1 0 546 -47 2]
 P 920945 11099 341849 41139687
PT [1 0 547 -47 2]
 P 921730 11099 341853 41211867
PT [1 0 548 -47 2]
 P 924244 11099 341856 41284047
PT [1 0 549 -47 2]
 P 925926 11099 341859 41356227
PT [1 0 550 -47 2]
 P 928312 11099 341862 41428407
PT [1 0 551 -47 2]
 P 930890 11099 341865 41500587
PT [1 0 552 -47 2]
 P 933148 11099 341869 41572767
PT [1 0 553 -47 2]
 P 934575 11099 341872 41644947
PT [1 0 554 -47 2]
 P 936707 11099 341875 41717127
PT [1 0 555 -47 2]
 P 939030 11099 341878 41789307
PT [1 0 556 -47 2]
 P 941033 11099 341881 41861487
PT [1 0 557 -47 2]
 P 942204 11099 341885 41933667
PT [1 0 558 -47 2]
 P 944080 11099 341888 42005847
PT [1 0 559 -47 2]
 P 946148 11099 341891 42078027
PT [1 0 560 -47 2]
 P 947896 11099 341894 42150207
PT [1 0 561 -47 2]
 P 948812 11099 341897 42222387
PT [1 0 562 -47 2]
 P 950433 11099 341900 42294567
PT [1 0 563 -47 2]
 P 952246 11099 341903 42366747
PT [1 0 564 -47 2]
 P 953739 11099 341906 42438927
PT [1 0 565 -47 2]
 P 956448 11099 341909 42511107
PT [1 0 566 -47 2]
 P 957813 11099 341912 42583287
PT [1 0 567 -47 2]
 P 959371 11099 341915 42655467
PT [1 0 568 -47 2]
 P 962001 11171 341934 42729386
PT [1 0 569 -52 2]
 P 963527 11171 341937 42799827
PT [1 0 570 -52 2]
 P 964574 11171 341940 42872007
PT [1 0 571 -52 2]
 P 966548 11171 341943 42944187
PT [1 0 572 -52 2]
 P 967275 11171 341946 43016367
PT [1 0 573 -52 2]
 P 969186 11171 341949 43088547
PT [1 0 574 -52 2]
 P 971129 11171 341952 43160727
PT [1 0 575 -52 2]
 P 972464 11171 341955 43232907
PT [1 0 576 -52 2]
 P 975095 11243 341973 43307275
PT [1 0 577 -52 2]
 P 976623 11243 341976 43377267
PT [1 0 578 -52 2]
 P 977671 11243 341979 43449447
PT [1 0 579 -52 2]
 P 979647 11243 341982 43521627
PT [1 0 580 -52 2]
 P 980375 11243 341985 43593807
PT [1 0 581 -52 2]
 P 982287 11243 341989 43665987
PT [1 0 582 -52 2]
 P 984232 11243 341993 43738167
PT [1 0 583 -52 2]
 P 985569 11243 341996 43810347
PT [1 0 584 -52 2]
 P 988199 11315 342015 43884649
PT [1 0 585 -53 2]
 P 989728 11315 342018 43954707
PT [1 0 586 -53 2]
 P 991257 11315 342022 44026887
PT [1 0 587 -53 2]
 P 992307 11315 342025 44099067
PT [1 0 588 -53 2]
 P 994285 11315 342028 44171247
PT [1 0 589 -53 2]
 P 995015 11315 342031 44243427
PT [1 0 590 -53 2]
 P 996929 11315 342034 44315607
PT [1 0 591 -53 2]
 P 998876 11315 342037 44387787
PT [1 0 592 -53 2]
 P 1000215 11315 342040 44459967
PT [1 0 593 -53 2]
 P 1002789 11387 342059 44533662
PT [1 0 594 -54 2]
 P 1004320 11387 342062 44604327
PT [1 0 595 -54 2]
 P 1005371 11387 342065 44676507
PT [1 0 596 -54 2]
 P 1007351 11387 342068 44748687
PT [1 0 597 -54 2]
 P 1008083 11387 342071 44820867
PT [1 0 598 -54 2]
 P 1009999 11387 342074 44893047
PT [1 0 599 -54 2]
 P 1011947 11387 342077 44965227
PT [1 0 600 -54 2]
 P 1013287 11387 342080 45037407
PT [1 0 601 -54 2]
 P 1015917 11459 342098 45110782
PT [1 0 602 -55 2]
 P 1017450 11459 342101 45181767
PT [1 0 603 -55 2]
 P 1018503 11459 342104 45253947
PT [1 0 604 -55 2]
 P 1020484 11459 342107 45326127
PT [1 0 605 -55 2]
 P 1021217 11459 342111 45398307
PT [1 0 606 -55 2]
 P 1023135 11459 342114 45470487
PT [1 0 607 -55 2]
 P 1025085 11459 342117 45542667
PT [1 0 608 -55 2]
 P 1026427 11459 342120 45614847
PT [1 0 609 -55 2]
 P 1029056 11531 342139 45689437
PT [1 0 610 -55 2]
 P 1030590 11531 342143 45759207
PT [1 0 611 -55 2]
 P 1031645 11531 342146 45831387
PT [1 0 612 -55 2]
 P 1033628 11531 342149 45903567
PT [1 0 613 -55 2]
 P 1034363 11531 342152 45975747
PT [1 0 614 -55 2]
 P 1036282 11531 342155 46047927
PT [1 0 615 -55 2]
 P 1038233 11531 342159 46120107
PT [1 0 616 -55 2]
 P 1039578 11531 342162 46192287
PT [1 0 617 -55 2]
 P 1042207 11603 342181 46265533
PT [1 0 618 -56 2]
 P 1043743 11603 342184 46336647
PT [1 0 619 -56 2]
 P 1044799 11603 342187 46408827
PT [1 0 620 -56 2]
 P 1046783 11603 342191 46481007
PT [1 0 621 -56 2]
 P 1047520 11603 342194 46553187
PT [1 0 622 -56 2]
 P 1049442 11603 342197 46625367
PT [1 0 623 -56 2]
 P 1051395 11603 342200 46697547
PT [1 0 624 -56 2]
 P 1052740 11603 342203 46769727
PT [1 0 625 -56 2]
 P 1055315 11675 342221 46843421
PT [1 0 626 -56 2]
 P 1056853 11675 342224 46914087
PT [1 0 627 -56 2]
 P 1057911 11675 342227 46986267
PT [1 0 628 -56 2]
 P 1059897 11675 342231 47058448
PT [1 0 629 -56 2]
 P 1060633 11675 342234 47130629
PT [1 0 630 -56 2]
 P 1062554 11675 342237 47202809
PT [1 0 631 -56 2]
 P 1064507 11675 342240 47274989
PT [1 0 632 -56 2]
 P 1065852 11675 342243 47347169
PT [1 0 633 -56 2]
 P 1068479 11747 342262 47420543
PT [1 0 634 -59 2]
 P 1070016 11747 342265 47491529
PT [1 0 635 -59 2]
 P 1071075 11747 342268 47563709
PT [1 0 636 -59 2]
 P 1073061 11747 342271 47635889
PT [1 0 637 -59 2]
 P 1073799 11747 342274 47708069
PT [1 0 638 -59 2]
 P 1075721 11747 342277 47780249
PT [1 0 639 -59 2]
 P 1077675 11747 342281 47852429
PT [1 0 640 -59 2]
 P 1079022 11747 342284 47924609
PT [1 0 641 -59 2]
 P 1081649 11819 342303 47999199
PT [1 0 642 -60 2]
 P 1083188 11819 342306 48068969
PT [1 0 643 -60 2]
 P 1084247 11819 342309 48141149
PT [1 0 644 -60 2]
 P 1086234 11819 342313 48213329
PT [1 0 645 -60 2]
 P 1086974 11819 342316 48285509
PT [1 0 646 -60 2]
 P 1088898 11819 342319 48357689
PT [1 0 647 -60 2]
 P 1090854 11819 342323 48429869
PT [1 0 648 -60 2]
 P 1092202 11819 342326 48502049
PT [1 0 649 -60 2]
 P 1094830 11891 342346 48575295
PT [1 0 650 -60 2]
 P 1096371 11891 342349 48646409
PT [1 0 651 -60 2]
 P 1097432 11891 342352 48718589
PT [1 0 652 -60 2]
 P 1099421 11891 342355 48790769
PT [1 0 653 -60 2]
 P 1100162 11891 342358 48862949
PT [1 0 654 -60 2]
 P 1102087 11891 342362 48935129
PT [1 0 655 -60 2]
 P 1104045 11891 342365 49007309
PT [1 0 656 -60 2]
 P 1105395 11891 342368 49079489
PT [1 0 657 -60 2]
 P 1108023 11963 342387 49153184
PT [1 0 658 -61 2]
 P 1109565 11963 342390 49223849
PT [1 0 659 -61 2]
 P 1110628 11963 342393 49296029
PT [1 0 660 -61 2]
 P 1112619 11963 342396 49368209
PT [1 0 661 -61 2]
 P 1113362 11963 342399 49440389
PT [1 0 662 -61 2]
 P 1115289 11963 342402 49512569
PT [1 0 663 -61 2]
 P 1117248 11963 342405 49584749
PT [1 0 664 -61 2]
 P 1118600 11963 342408 49656929
PT [1 0 665 -61 2]
 P 1121227 12035 342427 49730304
PT [1 0 666 -62 2]
 P 1122771 12035 342430 49801289
PT [1 0 667 -62 2]
 P 1123835 12035 342433 49873469
PT [1 0 668 -62 2]
 P 1125827 12035 342436 49945649
PT [1 0 669 -62 2]
 P 1126572 12035 342439 50017829
PT [1 0 670 -62 2]
 P 1128501 12035 342442 50090009
PT [1 0 671 -62 2]
 P 1130462 12035 342445 50162189
PT [1 0 672 -62 2]
 P 1131815 12035 342448 50234369
PT [1 0 673 -62 2]
 P 1134443 12107 342466 50308959
PT [1 0 674 -62 2]
 P 1135989 12107 342469 50378729
PT [1 0 675 -62 2]
 P 1137055 12107 342472 50450909
PT [1 0 676 -62 2]
 P 1139049 12107 342475 50523089
PT [1 0 677 -62 2]
 P 1139795 12107 342478 50595269
PT [1 0 678 -62 2]
 P 1141725 12107 342482 50667449
PT [1 0 679 -62 2]
 P 1143688 12107 342485 50739629
PT [1 0 680 -62 2]
 P 1145043 12107 342488 50811809
PT [1 0 681 -62 2]
 P 1147670 12179 342507 50885055
PT [1 0 682 -63 2]
 P 1149217 12179 342510 50956169
PT [1 0 683 -63 2]
 P 1150284 12179 342514 51028349
PT [1 0 684 -63 2]
 P 1152280 12179 342517 51100529
PT [1 0 685 -63 2]
 P 1153028 12179 342520 51172709
PT [1 0 686 -63 2]
 P 1154960 12179 342523 51244889
PT [1 0 687 -63 2]
 P 1156924 12179 342526 51317069
PT [1 0 688 -63 2]
 P 1158281 12179 342529 51389249
PT [1 0 689 -63 2]
 P 1160867 12251 342547 51462943
PT [1 0 690 -64 2]
 P 1162416 12251 342550 51533609
PT [1 0 691 -64 2]
 P 1163485 12251 342553 51605789
PT [1 0 692 -64 2]
 P 1165484 12251 342556 51677969
PT [1 0 693 -64 2]
 P 1166234 12251 342559 51750149
PT [1 0 694 -64 2]
 P 1168168 12251 342562 51822329
PT [1 0 695 -64 2]
 P 1170134 12251 342565 51894509
PT [1 0 696 -64 2]
 P 1171492 12251 342568 51966689
PT [1 0 697 -64 2]
 P 1174120 12323 342586 52040063
PT [1 0 698 -64 2]
 P 1175672 12323 342589 52111049
PT [1 0 699 -64 2]
 P 1176743 12323 342592 52183229
PT [1 0 700 -64 2]
 P 1178742 12323 342595 52255409
PT [1 0 701 -64 2]
 P 1179493 12323 342598 52327589
PT [1 0 702 -64 2]
 P 1181428 12323 342602 52399769
PT [1 0 703 -64 2]
 P 1183396 12323 342605 52471949
PT [1 0 704 -64 2]
 P 1184756 12323 342609 52544129
PT [1 0 705 -64 2]
 P 1187383 12395 342628 52618719
PT [1 0 706 -65 2]
 P 1188935 12395 342631 52688489
PT [1 0 707 -65 2]
 P 1190007 12395 342635 52760669
PT [1 0 708 -65 2]
 P 1192008 12395 342638 52832849
PT [1 0 709 -65 2]
 P 1194636 12467 342656 52906095
PT [1 0 710 -65 2]
 P 1196189 12467 342659 52977209
PT [1 0 711 -65 2]
 P 1197262 12467 342662 53049389
PT [1 0 712 -65 2]
 P 1199263 12467 342666 53121569
PT [1 0 713 -65 2]
 P 1200017 12467 342669 53193749
PT [1 0 714 -65 2]
 P 1201955 12467 342672 53265929
PT [1 0 715 -65 2]
 P 1203925 12467 342675 53338109
PT [1 0 716 -65 2]
 P 1205287 12467 342678 53410289
PT [1 0 717 -65 2]
 P 1207914 12539 342698 53483727
PT [1 0 718 -66 2]
 P 1209469 12539 342701 53554649
PT [1 0 719 -66 2]
 P 1210544 12539 342704 53626829
PT [1 0 720 -66 2]
 P 1212547 12539 342707 53699009
PT [1 0 721 -66 2]
 P 1213302 12539 342710 53771189
PT [1 0 722 -66 2]
 P 1215241 12539 342714 53843369
PT [1 0 723 -66 2]
 P 1217213 12539 342717 53915549
PT [1 0 724 -66 2]
 P 1218577 12539 342720 53987729
PT [1 0 725 -66 2]
 P 1221204 12611 342740 54060847
PT [1 0 726 -67 2]
 P 1222760 12611 342743 54132089
PT [1 0 727 -67 2]
 P 1223837 12611 342746 54204269
PT [1 0 728 -67 2]
 P 1225842 12611 342749 54276449
PT [1 0 729 -67 2]
 P 1226599 12611 342752 54348629
PT [1 0 730 -67 2]
 P 1228541 12611 342755 54420809
PT [1 0 731 -67 2]
 P 1230514 12611 342758 54492989
PT [1 0 732 -67 2]
 P 1231880 12611 342761 54565169
PT [1 0 733 -67 2]
 P 1234509 12683 342780 54639503
PT [1 0 734 -67 2]
 P 1236067 12683 342783 54709529
PT [1 0 735 -67 2]
 P 1237145 12683 342786 54781709
PT [1 0 736 -67 2]
 P 1239153 12683 342789 54853889
PT [1 0 737 -67 2]
 P 1239912 12683 342792 54926069
PT [1 0 738 -67 2]
 P 1241855 12683 342795 54998249
PT [1 0 739 -67 2]
 P 1243830 12683 342798 55070429
PT [1 0 740 -67 2]
 P 1245197 12683 342801 55142609
PT [1 0 741 -67 2]
 P 1247769 12755 342821 55216303
PT [1 0 742 -68 2]
 P 1249329 12755 342825 55286969
PT [1 0 743 -68 2]
 P 1250409 12755 342828 55359149
PT [1 0 744 -68 2]
 P 1252417 12755 342831 55431329
PT [1 0 745 -68 2]
 P 1253177 12755 342834 55503509
PT [1 0 746 -68 2]
 P 1255121 12755 342838 55575689
PT [1 0 747 -68 2]
 P 1257098 12755 342841 55647869
PT [1 0 748 -68 2]
 P 1258467 12755 342844 55720049
PT [1 0 749 -68 2]
 P 1261096 12827 342863 55793424
PT [1 0 750 -67 2]
 P 1262657 12827 342866 55864409
PT [1 0 751 -67 2]
 P 1263738 12827 342870 55936589
PT [1 0 752 -67 2]
 P 1265748 12827 342873 56008769
PT [1 0 753 -67 2]
 P 1266510 12827 342876 56080949
PT [1 0 754 -67 2]
 P 1268456 12827 342879 56153129
PT [1 0 755 -67 2]
 P 1270435 12827 342883 56225309
PT [1 0 756 -67 2]
 P 1271805 12827 342887 56297489
PT [1 0 757 -67 2]
 P 1274433 12899 342906 56372079
PT [1 0 758 -69 2]
 P 1275996 12899 342909 56441849
PT [1 0 759 -69 2]
 P 1277079 12899 342912 56514029
PT [1 0 760 -69 2]
 P 1279090 12899 342915 56586209
PT [1 0 761 -69 2]
 P 1279854 12899 342919 56658389
PT [1 0 762 -69 2]
 P 1281802 12899 342922 56730569
PT [1 0 763 -69 2]
 P 1283782 12899 342925 56802749
PT [1 0 764 -69 2]
 P 1285154 12899 342928 56874929
PT [1 0 765 -69 2]
 P 1287727 12971 342948 56948624
PT [1 0 766 -70 2]
 P 1289292 12971 342951 57019289
PT [1 0 767 -70 2]
 P 1290268 12971 342954 57091469
PT [1 0 768 -70 2]
 P 1292172 12971 342957 57163649
PT [1 0 769 -70 2]
 P 1292828 12971 342960 57235829
PT [1 0 770 -70 2]
 P 1294668 12971 342964 57308009
PT [1 0 771 -70 2]
 P 1296125 12971 342967 57380189
PT [1 0 772 -70 2]
 P 1297102 12971 342970 57452369
PT [1 0 773 -70 2]
 P 1299007 12971 342973 57524549
PT [1 0 774 -70 2]
 P 1299664 12971 342976 57596729
PT [1 0 775 -70 2]
 P 1301505 12971 342980 57668909
PT [1 0 776 -70 2]
 P 1303379 12971 342983 57741089
PT [1 0 777 -70 2]
 P 1304645 12971 342986 57813269
PT [1 0 778 -70 2]
 P 1307272 13043 343006 57886643
PT [1 0 779 -71 2]
 P 1308730 13043 343009 57957629
PT [1 0 780 -71 2]
 P 1310188 13043 343013 58029809
PT [1 0 781 -71 2]
 P 1311167 13043 343016 58101989
PT [1 0 782 -71 2]
 P 1313074 13043 343019 58174169
PT [1 0 783 -71 2]
 P 1313733 13043 343022 58246349
PT [1 0 784 -71 2]
 P 1315576 13043 343025 58318529
PT [1 0 785 -71 2]
 P 1317452 13043 343028 58390709
PT [1 0 786 -71 2]
 P 1318720 13043 343031 58462889
PT [1 0 787 -71 2]
 P 1321347 13115 343052 58537480
PT [1 0 788 -72 2]
 P 1322807 13115 343055 58607249
PT [1 0 789 -72 2]
 P 1324267 13115 343058 58679429
PT [1 0 790 -72 2]
 P 1325248 13115 343061 58751609
PT [1 0 791 -72 2]
 P 1327157 13115 343064 58823789
PT [1 0 792 -72 2]
 P 1327818 13115 343067 58895969
PT [1 0 793 -72 2]
