Rime started with address 110.219
MAC 6e:db:00:00:00:00:00:00

************************************************
RTIMER_SECOND = 28800. F_CPU=7372800.
RTIMER_ARCH_PRESCALER=256.
DURSLOT = 5274.(0.1831 s).
DURSLEEP = 58014.
DURCYCLE = 63288 .(2.1974 s).
MAX_CLOCK_DRIFT = WAKEUP_ADVANCE_TIME = 288 (0.0033 s).
PERIODIC_BCAST_CYCLES_SENSOR = 34471939.
PERIODIC_BCAST_CYCLES_SINK = 38207491.
MAX_CYCLE_COUNTER = 24576.
MAX_COUNT_NO_RTS_CTS = 65535.
MAX_CHILD_NUM = 10.
MAX_TRY_TO_FIND_PARENT = 3.

**********Below is Related Settings**********
PRIMAC_CONF_COMPOWER = 1.
PRIMAC_CONF_COMPOWER_SUPPORT = 1.
SF = 10.
PRI_SYNC_SUPPORT = 1.
RANDOM_DRIFT_IN_COOJA_SUPPORT = 0.
ADCSC_SUPPORT = 1.
DATA_TX_SUPPORT = 1.
CYCLES_PER_PACKET = 3.
DATA_INTERVAL = 3.
RETX_LIMIT = 6.
TOTAL_DATA_NUM = -1.
MAX_DATA_QUEUE_BUFS = 10.
PROC_GRADE_BASED_ON_ADDR_SUPPORT = 1.
NODES_NUM_PER_GRADE = 2.
ADDRESS_FREE_SUPPORT = 1.
IS_COOJA_SIM = 0.
CROSS_PLATFORM_SUPPORT = 1.
************************************************

My address is 31.219.
nullmac PRIMAC, channel check rate 8 Hz, radio channel 26
Contiki-3.x-2125-g5d67a61 started. Node id 0
Hello, world
 P 0 0 0 0
 P 0 0 0 0
 P 0 0 0 0
 P 0 0 0 0
 P 0 0 0 0
 P 0 0 0 0
 P 0 0 0 0
EMPTY QUEUE
 P 0 0 0 0
PT [233 0 1 75 1]
 P 0 0 0 0
PT [233 0 2 75 1]
 P 0 0 0 0
PT [233 0 3 75 1]
 P 0 0 0 0
PT [233 0 4 75 1]
 P 0 0 0 0
PT [233 0 5 75 1]
EMPTY QUEUE
 P 0 0 0 0
PT [233 0 1 0 1]
 P 0 0 0 0
PT [233 0 2 0 1]
 P 0 0 0 0
PT [233 0 3 0 1]
 P 0 0 0 0
PT [233 0 4 0 1]
 P 0 0 0 0
PT [233 0 5 0 1]
EMPTY QUEUE
 P 0 0 0 0
PT [233 0 6 49 1]
 P 0 0 0 0
PT [233 0 7 49 1]
 P 0 0 0 0
PT [233 0 8 49 1]
 P 0 0 0 0
PT [233 0 9 49 1]
 P 0 0 0 0
PT [233 0 10 49 1]
EMPTY QUEUE
 P 0 0 0 0
PT [233 0 1 0 1]
 P 0 0 0 0
PT [233 0 2 0 1]
 P 0 0 0 0
PT [233 0 3 0 1]
 P 0 0 0 0
PT [233 0 4 0 1]
 P 0 0 0 0
PT [233 0 5 0 1]
EMPTY QUEUE
 P 0 0 0 0
PT [233 0 6 49 1]
 P 0 0 0 0
PT [233 0 7 49 1]
 P 0 0 0 0
PT [233 0 8 49 1]
 P 0 0 0 0
PT [233 0 9 49 1]
 P 0 0 0 0
PT [233 0 10 49 1]
EMPTY QUEUE
 P 0 0 0 0
PT [233 0 1 0 1]
 P 0 0 0 0
PT [233 0 2 0 1]
 P 0 0 0 0
PT [233 0 3 0 1]
 P 0 0 0 0
PT [233 0 4 0 1]
 P 0 0 0 0
PT [233 0 5 0 1]
EMPTY QUEUE
 P 0 0 0 0
PT [233 0 6 48 1]
 P 0 0 0 0
PT [233 0 7 48 1]
 P 0 0 0 0
PT [233 0 8 48 1]
 P 0 0 0 0
PT [233 0 9 48 1]
 P 0 0 0 0
PT [233 0 10 48 1]
EMPTY QUEUE
 P 0 0 0 0
PT [233 0 1 0 1]
 P 0 0 0 0
PT [233 0 2 0 1]
 P 0 0 0 0
PT [233 0 3 0 1]
 P 0 0 0 0
PT [233 0 4 0 1]
 P 0 0 0 0
PT [233 0 5 0 1]
EMPTY QUEUE
 P 0 0 0 0
PT [233 0 6 49 1]
 P 0 0 0 0
PT [233 0 7 49 1]
 P 0 0 0 0
PT [233 0 8 49 1]
 P 0 0 0 0
PT [233 0 9 49 1]
 P 0 0 0 0
PT [233 0 10 49 1]
EMPTY QUEUE
 P 0 0 0 0
PT [233 0 1 0 1]
 P 0 0 0 0
PT [233 0 2 0 1]
 P 0 0 0 0
PT [233 0 3 0 1]
 P 0 0 0 0
PT [233 0 4 0 1]
 P 0 0 0 0
PT [233 0 5 0 1]
EMPTY QUEUE
 P 0 0 0 0
PT [233 0 6 48 1]
 P 0 0 0 0
PT [233 0 7 48 1]
 P 0 0 0 0
PT [233 0 8 48 1]
 P 0 0 0 0
PT [233 0 9 48 1]
 P 0 0 0 0
PT [233 0 10 48 1]
EMPTY QUEUE
 P 0 0 0 0
PT [233 0 1 0 1]
 P 0 0 0 0
PT [233 0 2 0 1]
 P 0 0 0 0
PT [233 0 3 0 1]
 P 0 0 0 0
PT [233 0 4 0 1]
 P 0 0 0 0
PT [233 0 5 0 1]
EMPTY QUEUE
 P 0 0 0 0
PT [233 0 6 48 1]
 P 0 0 0 0
PT [233 0 7 48 1]
 P 0 0 0 0
PT [233 0 8 48 1]
 P 0 0 0 0
PT [233 0 9 48 1]
 P 0 0 0 0
PT [233 0 10 48 1]
EMPTY QUEUE
 P 0 0 0 0
PT [233 0 1 0 1]
 P 0 0 0 0
PT [233 0 2 0 1]
 P 0 0 0 0
PT [233 0 3 0 1]
 P 0 0 0 0
PT [233 0 4 0 1]
 P 0 0 0 0
PT [233 0 5 0 1]
EMPTY QUEUE
 P 0 0 0 0
PT [233 0 6 49 1]
 P 0 0 0 0
PT [233 0 7 49 1]
 P 0 0 0 0
PT [233 0 8 49 1]
 P 0 0 0 0
PT [233 0 9 49 1]
 P 0 0 0 0
PT [233 0 10 49 1]
EMPTY QUEUE
 P 0 0 0 0
PT [233 0 1 0 1]
 P 0 0 0 0
PT [233 0 2 0 1]
 P 0 0 0 0
PT [233 0 3 0 1]
 P 0 0 0 0
PT [233 0 4 0 1]
 P 0 0 0 0
PT [233 0 5 0 1]
EMPTY QUEUE
 P 0 0 0 0
PT [233 0 6 49 1]
 P 0 0 0 0
PT [233 0 7 49 1]
 P 0 0 0 0
PT [233 0 8 49 1]
 P 0 0 0 0
PT [233 0 9 49 1]
 P 0 0 0 0
PT [233 0 10 49 1]
EMPTY QUEUE
 P 0 0 0 0
PT [233 0 1 0 1]
 P 0 0 0 0
PT [233 0 2 0 1]
 P 0 0 0 0
PT [233 0 3 0 1]
 P 0 0 0 0
PT [233 0 4 0 1]
 P 0 0 0 0
PT [233 0 5 0 1]
EMPTY QUEUE
 P 0 0 0 0
PT [233 0 6 48 1]
 P 0 0 0 0
PT [233 0 7 48 1]
 P 0 0 0 0
PT [233 0 8 48 1]
 P 0 0 0 0
PT [233 0 9 48 1]
 P 0 0 0 0
PT [233 0 10 48 1]
EMPTY QUEUE
 P 0 0 0 0
PT [233 0 1 0 1]
 P 0 0 0 0
PT [233 0 2 0 1]
 P 0 0 0 0
PT [233 0 3 0 1]
 P 0 0 0 0
PT [233 0 4 0 1]
 P 0 0 0 0
PT [233 0 5 0 1]
EMPTY QUEUE
 P 0 0 0 0
PT [233 0 6 48 1]
 P 0 0 0 0
PT [233 0 7 48 1]
 P 0 0 0 0
PT [233 0 8 48 1]
 P 0 0 0 0
PT [233 0 9 48 1]
 P 0 0 0 0
PT [233 0 10 48 1]
EMPTY QUEUE
 P 0 0 0 0
PT [233 0 1 0 1]
 P 0 0 0 0
PT [233 0 2 0 1]
 P 0 0 0 0
PT [233 0 3 0 1]
 P 0 0 0 0
PT [233 0 4 0 1]
 P 0 0 0 0
PT [233 0 5 0 1]
EMPTY QUEUE
 P 0 0 0 0
PT [233 0 6 48 1]
 P 0 0 0 0
PT [233 0 7 48 1]
 P 0 0 0 0
PT [233 0 8 48 1]
 P 0 0 0 0
PT [233 0 9 48 1]
 P 0 0 0 0
PT [233 0 10 48 1]
EMPTY QUEUE
 P 0 0 0 0
PT [233 0 1 0 1]
 P 0 0 0 0
PT [233 0 2 0 1]
 P 0 0 0 0
PT [233 0 3 0 1]
 P 0 0 0 0
PT [233 0 4 0 1]
 P 0 0 0 0
PT [233 0 5 0 1]
EMPTY QUEUE
 P 0 0 0 0
PT [233 0 6 48 1]
 P 0 0 0 0
PT [233 0 7 48 1]
 P 0 0 0 0
PT [233 0 8 48 1]
 P 0 0 0 0
PT [233 0 9 48 1]
 P 0 0 0 0
PT [233 0 10 48 1]
EMPTY QUEUE
 P 0 0 0 0
PT [233 0 1 0 1]
 P 0 0 0 0
PT [233 0 2 0 1]
 P 0 0 0 0
PT [233 0 3 0 1]
 P 0 0 0 0
PT [233 0 4 0 1]
 P 0 0 0 0
PT [233 0 5 0 1]
EMPTY QUEUE
 P 0 0 0 0
PT [233 0 6 49 1]
 P 0 0 0 0
PT [233 0 7 49 1]
 P 0 0 0 0
PT [233 0 8 49 1]
 P 0 0 0 0
PT [233 0 9 49 1]
 P 0 0 0 0
PT [233 0 10 49 1]
EMPTY QUEUE
 P 0 0 0 0
PT [233 0 1 0 1]
 P 0 0 0 0
PT [233 0 2 0 1]
 P 0 0 0 0
PT [233 0 3 0 1]
 P 0 0 0 0
PT [233 0 4 0 1]
 P 0 0 0 0
PT [233 0 5 0 1]
 P 0 0 0 0
PT [233 0 6 48 1]
 P 0 0 0 0
PT [233 0 7 48 1]
 P 0 0 0 0
PT [233 0 8 69 1]
 P 0 0 0 0
PT [233 0 9 79 1]
 P 0 0 0 0
PT [233 0 10 79 1]
 P 0 0 0 0
PT [233 0 11 79 1]
 P 0 0 0 0
PT [233 0 1 0 1]
 P 0 0 0 0
PT [233 0 0 116 1]
 P 0 0 0 0
PT [233 0 0 25 1]
EMPTY QUEUE
 P 0 0 0 0
PT [233 0 1 35 1]
 P 0 0 0 0
PT [233 0 2 46 1]
 P 0 0 0 0
PT [233 0 3 46 1]
 P 0 0 0 0
PT [233 0 4 68 1]
 P 0 0 0 0
PT [233 0 5 68 1]
 P 0 0 0 0
PT [233 0 6 89 1]
 P 0 0 0 0
PT [233 0 7 94 1]
 P 0 0 0 0
PT [233 0 1 0 1]
 P 0 0 0 0
PT [233 0 2 11 1]
 P 0 0 0 0
PT [233 0 3 11 1]
 P 0 0 0 0
PT [233 0 4 31 1]
 P 0 0 0 0
PT [233 0 5 31 1]
 P 0 0 0 0
PT [233 0 6 31 1]
 P 0 0 0 0
PT [233 0 7 31 1]
 P 0 0 0 0
PT [233 0 8 73 1]
 P 0 0 0 0
PT [233 0 9 85 1]
 P 0 0 0 0
PT [233 0 1 0 1]
 P 0 0 0 0
PT [233 0 2 10 1]
 P 0 0 0 0
PT [233 0 3 10 1]
 P 0 0 0 0
PT [233 0 4 10 1]
 P 0 0 0 0
PT [233 0 5 41 1]
 P 0 0 0 0
PT [233 0 6 47 1]
 P 0 0 0 0
PT [233 0 7 66 1]
 P 0 0 0 0
PT [233 0 8 66 1]
 P 0 0 0 0
PT [233 0 9 66 1]
 P 0 0 0 0
PT [233 0 10 66 1]
 P 0 0 0 0
PT [233 0 1 0 1]
 P 0 0 0 0
PT [233 0 2 16 1]
 P 0 0 0 0
PT [233 0 3 32 1]
 P 0 0 0 0
PT [233 0 4 32 1]
 P 0 0 0 0
PT [233 0 5 51 1]
 P 0 0 0 0
PT [233 0 6 62 1]
 P 0 0 0 0
PT [233 0 7 62 1]
 P 0 0 0 0
PT [233 0 8 82 1]
 P 0 0 0 0
PT [233 0 0 93 1]
 P 0 0 0 0
PT [233 0 1 0 1]
 P 0 0 0 0
PT [233 0 2 10 1]
 P 0 0 0 0
PT [233 0 3 20 1]
 P 0 0 0 0
PT [233 0 4 20 1]
 P 0 0 0 0
PT [233 0 5 20 1]
 P 0 0 0 0
PT [233 0 6 20 1]
 P 0 0 0 0
PT [233 0 7 20 1]
 P 0 0 0 0
PT [233 0 8 20 1]
 P 0 0 0 0
PT [233 0 9 20 1]
Warning: retx limit drop data
 P 0 0 0 0
PT [233 0 0 94 1]
 P 0 0 0 0
PT [233 0 1 0 1]
 P 0 0 0 0
PT [233 0 2 16 1]
 P 0 0 0 0
PT [233 0 3 26 1]
 P 0 0 0 0
PT [233 0 4 37 1]
 P 0 0 0 0
PT [233 0 5 37 1]
 P 0 0 0 0
PT [233 0 6 37 1]
 P 0 0 0 0
PT [233 0 7 37 1]
 P 0 0 0 0
PT [233 0 8 77 1]
 P 0 0 0 0
PT [233 0 0 89 1]
 P 0 0 0 0
PT [233 0 1 89 1]
 P 0 0 0 0
PT [233 0 1 0 1]
Warning: retx limit drop data
 P 0 0 0 0
PT [233 0 0 125 1]
 P 0 0 0 0
PT [233 0 1 125 1]
 P 0 0 0 0
PT [233 0 0 37 1]
 P 0 0 0 0
PT [233 0 1 53 1]
 P 0 0 0 0
PT [233 0 2 64 1]
 P 0 0 0 0
PT [233 0 3 64 1]
 P 0 0 0 0
PT [233 0 4 64 1]
 P 0 0 0 0
PT [233 0 5 64 1]
 P 0 0 0 0
PT [233 0 6 64 1]
 P 0 0 0 0
PT [233 0 1 0 1]
 P 0 0 0 0
PT [233 0 2 16 1]
 P 0 0 0 0
PT [233 0 3 31 1]
 P 0 0 0 0
PT [233 0 4 46 1]
 P 0 0 0 0
PT [233 0 5 57 1]
 P 0 0 0 0
PT [233 0 6 62 1]
 P 0 0 0 0
PT [233 0 7 62 1]
 P 0 0 0 0
PT [233 0 8 62 1]
 P 0 0 0 0
PT [233 0 1 0 1]
 P 0 0 0 0
PT [233 0 2 15 1]
 P 0 0 0 0
PT [233 0 3 20 1]
 P 0 0 0 0
PT [233 0 4 20 1]
 P 0 0 0 0
PT [233 0 5 20 1]
 P 0 0 0 0
PT [233 0 6 61 1]
 P 0 0 0 0
PT [233 0 7 76 1]
 P 0 0 0 0
PT [233 0 0 92 1]
EMPTY QUEUE
 P 0 0 0 0
PT [233 0 1 0 1]
 P 0 0 0 0
PT [233 0 2 10 1]
 P 0 0 0 0
PT [233 0 3 21 1]
 P 0 0 0 0
PT [233 0 4 21 1]
 P 0 0 0 0
PT [233 0 5 21 1]
 P 0 0 0 0
PT [233 0 6 21 1]
 P 0 0 0 0
PT [233 0 7 62 1]
 P 0 0 0 0
PT [233 0 8 67 1]
 P 0 0 0 0
PT [233 0 9 67 1]
 P 0 0 0 0
PT [233 0 1 0 1]
 P 0 0 0 0
PT [233 0 2 15 1]
 P 0 0 0 0
PT [233 0 3 22 1]
 P 0 0 0 0
PT [233 0 4 22 1]
 P 0 0 0 0
PT [233 0 5 22 1]
 P 0 0 0 0
PT [233 0 6 22 1]
 P 0 0 0 0
PT [233 0 7 22 1]
Warning: retx limit drop data
 P 0 0 0 0
PT [233 0 8 22 1]
 P 0 0 0 0
PT [233 0 0 94 1]
 P 0 0 0 0
PT [233 0 1 105 1]
 P 0 0 0 0
PT [233 0 1 0 1]
 P 0 0 0 0
PT [233 0 2 16 1]
 P 0 0 0 0
PT [233 0 3 28 1]
 P 0 0 0 0
PT [233 0 4 28 1]
 P 0 0 0 0
PT [233 0 5 28 1]
 P 0 0 0 0
PT [233 0 6 28 1]
 P 0 0 0 0
PT [233 0 7 28 1]
Warning: retx limit drop data
 P 0 0 0 0
PT [233 0 8 85 1]
 P 0 0 0 0
PT [233 0 0 96 1]
 P 0 0 0 0
PT [233 0 1 0 1]
 P 0 0 0 0
PT [233 0 0 123 1]
 P 0 0 0 0
PT [233 0 1 123 1]
 P 0 0 0 0
PT [233 0 2 123 1]
 P 0 0 0 0
PT [233 0 0 47 1]
 P 0 0 0 0
PT [233 0 1 58 1]
 P 0 0 0 0
PT [233 0 2 73 1]
 P 0 0 0 0
PT [233 0 3 89 1]
 P 0 0 0 0
PT [233 0 4 99 1]
 P 0 0 0 0
PT [233 0 5 99 1]
 P 0 0 0 0
PT [233 0 6 99 1]
 P 0 0 0 0
PT [233 0 7 99 1]
 P 0 0 0 0
PT [233 0 1 0 1]
Warning: retx limit drop data
 P 0 0 0 0
PT [233 0 0 157 1]
 P 0 0 0 0
PT [233 0 0 27 1]
 P 0 0 0 0
PT [233 0 1 42 1]
 P 0 0 0 0
PT [233 0 2 57 1]
 P 0 0 0 0
PT [233 0 3 73 1]
 P 0 0 0 0
PT [233 0 4 89 1]
 P 0 0 0 0
PT [233 0 5 100 1]
 P 0 0 0 0
PT [233 0 1 0 1]
 P 0 0 0 0
PT [233 0 2 0 1]
 P 0 0 0 0
PT [233 0 3 0 1]
 P 0 0 0 0
PT [233 0 4 0 1]
 P 0 0 0 0
PT [233 0 5 0 1]
Warning: retx limit drop data
 P 0 0 0 0
PT [233 0 6 0 1]
 P 0 0 0 0
PT [233 0 7 0 1]
 P 0 0 0 0
PT [233 0 8 74 1]
 P 0 0 0 0
PT [233 0 0 89 1]
 P 0 0 0 0
PT [233 0 1 101 1]
 P 0 0 0 0
PT [233 0 2 101 1]
 P 0 0 0 0
PT [233 0 3 101 1]
 P 0 0 0 0
PT [233 0 4 101 1]
 P 0 0 0 0
PT [233 0 5 101 1]
Warning: retx limit drop data
 P 0 0 0 0
PT [233 0 6 101 1]
 P 0 0 0 0
PT [233 0 1 0 1]
 P 0 0 0 0
PT [233 0 2 15 1]
 P 0 0 0 0
PT [233 0 3 31 1]
 P 0 0 0 0
PT [233 0 4 46 1]
 P 0 0 0 0
PT [233 0 5 57 1]
 P 0 0 0 0
PT [233 0 6 72 1]
 P 0 0 0 0
PT [233 0 7 72 1]
 P 0 0 0 0
PT [233 0 8 72 1]
 P 0 0 0 0
PT [233 0 9 72 1]
 P 0 0 0 0
PT [233 0 10 72 1]
 P 0 0 0 0
PT [233 0 11 72 1]
 P 0 0 0 0
PT [233 0 12 72 1]
Warning: retx limit drop data
 P 0 0 0 0
PT [233 0 1 0 1]
 P 0 0 0 0
PT [233 0 0 156 1]
 P 0 0 0 0
PT [233 0 1 156 1]
 P 0 0 0 0
PT [233 0 2 156 1]
Warning: retx limit drop data
 P 0 0 0 0
PT [233 0 3 156 1]
 P 0 0 0 0
PT [233 0 4 156 1]
 P 0 0 0 0
PT [233 0 0 67 1]
 P 0 0 0 0
PT [233 0 1 79 1]
 P 0 0 0 0
PT [233 0 2 94 1]
 P 0 0 0 0
PT [233 0 1 0 1]
 P 0 0 0 0
PT [233 0 2 15 1]
 P 0 0 0 0
PT [233 0 3 30 1]
 P 0 0 0 0
PT [233 0 4 46 1]
 P 0 0 0 0
PT [233 0 5 62 1]
 P 0 0 0 0
PT [233 0 6 62 1]
 P 0 0 0 0
PT [233 0 7 62 1]
 P 0 0 0 0
PT [233 0 8 62 1]
 P 0 0 0 0
PT [233 0 1 0 1]
 P 0 0 0 0
PT [233 0 0 114 1]
 P 0 0 0 0
PT [233 0 1 114 1]
 P 0 0 0 0
PT [233 0 0 37 1]
 P 0 0 0 0
PT [233 0 1 48 1]
 P 0 0 0 0
PT [233 0 2 48 1]
 P 0 0 0 0
PT [233 0 3 48 1]
 P 0 0 0 0
PT [233 0 4 84 1]
 P 0 0 0 0
PT [233 0 1 0 1]
 P 0 0 0 0
PT [233 0 2 16 1]
 P 0 0 0 0
PT [233 0 3 32 1]
 P 0 0 0 0
PT [233 0 4 47 1]
 P 0 0 0 0
PT [233 0 5 47 1]
 P 0 0 0 0
PT [233 0 6 67 1]
 P 0 0 0 0
PT [233 0 7 78 1]
 P 0 0 0 0
PT [233 0 8 78 1]
 P 0 0 0 0
PT [233 0 9 78 1]
 P 0 0 0 0
PT [233 0 10 78 1]
 P 0 0 0 0
PT [233 0 11 78 1]
 P 0 0 0 0
PT [233 0 12 78 1]
 P 0 0 0 0
PT [233 0 13 78 1]
Warning: retx limit drop data
 P 0 0 0 0
PT [233 0 14 78 1]
 P 0 0 0 0
PT [233 0 1 0 1]
 P 0 0 0 0
PT [233 0 0 172 1]
 P 0 0 0 0
PT [233 0 1 172 1]
 P 0 0 0 0
PT [233 0 2 172 1]
 P 0 0 0 0
PT [233 0 0 47 1]
 P 0 0 0 0
PT [233 0 1 62 1]
 P 0 0 0 0
PT [233 0 2 74 1]
 P 0 0 0 0
PT [233 0 3 74 1]
 P 0 0 0 0
PT [233 0 4 74 1]
 P 0 0 0 0
PT [233 0 5 74 1]
 P 0 0 0 0
PT [233 0 1 0 1]
 P 0 0 0 0
PT [233 0 2 16 1]
 P 0 0 0 0
PT [233 0 3 31 1]
 P 0 0 0 0
PT [233 0 4 47 1]
 P 0 0 0 0
PT [233 0 5 58 1]
 P 0 0 0 0
PT [233 0 6 68 1]
 P 0 0 0 0
PT [233 0 7 68 1]
 P 0 0 0 0
PT [233 0 0 88 1]
EMPTY QUEUE
 P 0 0 0 0
PT [233 0 1 0 1]
 P 0 0 0 0
PT [233 0 2 11 1]
 P 0 0 0 0
PT [233 0 3 21 1]
 P 0 0 0 0
PT [233 0 4 21 1]
 P 0 0 0 0
PT [233 0 5 21 1]
 P 0 0 0 0
PT [233 0 6 21 1]
 P 0 0 0 0
PT [233 0 7 21 1]
 P 0 0 0 0
PT [233 0 8 21 1]
 P 0 0 0 0
PT [233 0 9 21 1]
Warning: retx limit drop data
 P 0 0 0 0
PT [233 0 0 94 1]
 P 0 0 0 0
PT [233 0 1 104 1]
 P 0 0 0 0
PT [233 0 2 104 1]
 P 0 0 0 0
PT [233 0 3 104 1]
 P 0 0 0 0
PT [233 0 4 104 1]
 P 0 0 0 0
PT [233 0 5 104 1]
Warning: retx limit drop data
 P 0 0 0 0
PT [233 0 1 0 1]
 P 0 0 0 0
PT [233 0 0 173 1]
 P 0 0 0 0
PT [233 0 1 173 1]
 P 0 0 0 0
PT [233 0 0 36 1]
Warning: retx limit drop data
 P 0 0 0 0
PT [233 0 1 47 1]
 P 0 0 0 0
PT [233 0 2 62 1]
 P 0 0 0 0
PT [233 0 3 73 1]
 P 0 0 0 0
PT [233 0 4 73 1]
 P 0 0 0 0
PT [233 0 1 0 1]
 P 0 0 0 0
PT [233 0 0 109 1]
 P 0 0 0 0
PT [233 0 1 109 1]
 P 0 0 0 0
PT [233 0 2 109 1]
 P 0 0 0 0
PT [233 0 3 109 1]
 P 0 0 0 0
PT [233 0 4 109 1]
Warning: retx limit drop data
 P 0 0 0 0
PT [233 0 5 70 1]
 P 0 0 0 0
PT [233 0 6 81 1]
 P 0 0 0 0
PT [233 0 7 95 1]
 P 0 0 0 0
PT [233 0 1 0 1]
 P 0 0 0 0
PT [233 0 2 15 1]
 P 0 0 0 0
PT [233 0 3 27 1]
 P 0 0 0 0
PT [233 0 4 27 1]
 P 0 0 0 0
PT [233 0 5 27 1]
 P 0 0 0 0
PT [233 0 6 27 1]
 P 0 0 0 0
PT [233 0 7 27 1]
Warning: retx limit drop data
 P 0 0 0 0
PT [233 0 8 27 1]
 P 0 0 0 0
PT [233 0 9 27 1]
 P 0 0 0 0
PT [233 0 1 0 1]
 P 0 0 0 0
PT [233 0 0 116 1]
Warning: retx limit drop data
 P 0 0 0 0
PT [233 0 1 116 1]
 P 0 0 0 0
PT [233 0 2 116 1]
 P 0 0 0 0
PT [233 0 3 116 1]
 P 0 0 0 0
PT [233 0 4 58 1]
 P 0 0 0 0
PT [233 0 5 69 1]
 P 0 0 0 0
PT [233 0 6 69 1]
 P 0 0 0 0
PT [233 0 7 95 1]
Warning: retx limit drop data
 P 0 0 0 0
PT [233 0 8 105 1]
 P 0 0 0 0
PT [233 0 9 105 1]
 P 0 0 0 0
PT [233 0 1 0 1]
 P 0 0 0 0
PT [233 0 0 142 1]
 P 0 0 0 0
PT [233 0 1 142 1]
 P 0 0 0 0
PT [233 0 0 37 1]
 P 0 0 0 0
PT [233 0 1 53 1]
 P 0 0 0 0
PT [233 0 2 68 1]
 P 0 0 0 0
PT [233 0 3 84 1]
 P 0 0 0 0
PT [233 0 1 0 1]
 P 0 0 0 0
PT [233 0 2 16 1]
 P 0 0 0 0
PT [233 0 3 27 1]
 P 0 0 0 0
PT [233 0 4 27 1]
 P 0 0 0 0
PT [233 0 5 27 1]
 P 0 0 0 0
PT [233 0 6 27 1]
Warning: retx limit drop data
 P 0 0 0 0
PT [233 0 7 27 1]
 P 0 0 0 0
PT [233 0 8 27 1]
 P 0 0 0 0
PT [233 0 0 95 1]
 P 0 0 0 0
PT [233 0 1 106 1]
 P 0 0 0 0
PT [233 0 2 106 1]
 P 0 0 0 0
PT [233 0 3 106 1]
 P 0 0 0 0
PT [233 0 4 106 1]
 P 0 0 0 0
PT [233 0 1 0 1]
Warning: retx limit drop data
 P 0 0 0 0
PT [233 0 2 15 1]
 P 0 0 0 0
PT [233 0 3 31 1]
 P 0 0 0 0
PT [233 0 4 46 1]
 P 0 0 0 0
PT [233 0 5 61 1]
 P 0 0 0 0
PT [233 0 6 77 1]
 P 0 0 0 0
PT [233 0 0 93 1]
 P 0 0 0 0
PT [233 0 1 0 1]
 P 0 0 0 0
PT [233 0 0 114 1]
 P 0 0 0 0
PT [233 0 1 114 1]
 P 0 0 0 0
PT [233 0 2 114 1]
 P 0 0 0 0
PT [233 0 3 114 1]
 P 0 0 0 0
PT [233 0 4 114 1]
Warning: retx limit drop data
 P 0 0 0 0
PT [233 0 5 114 1]
 P 0 0 0 0
PT [233 0 6 114 1]
 P 0 0 0 0
PT [233 0 7 90 1]
 P 0 0 0 0
PT [233 0 8 100 1]
 P 0 0 0 0
PT [233 0 9 100 1]
 P 0 0 0 0
PT [233 0 1 0 1]
Warning: retx limit drop data
 P 0 0 0 0
PT [233 0 0 137 1]
 P 0 0 0 0
PT [233 0 0 27 1]
 P 0 0 0 0
PT [233 0 1 38 1]
 P 0 0 0 0
PT [233 0 2 55 1]
 P 0 0 0 0
PT [233 0 3 64 1]
Warning: retx limit drop data
 P 0 0 0 0
PT [233 0 4 64 1]
 P 0 0 0 0
PT [233 0 5 64 1]
 P 0 0 0 0
PT [233 0 6 64 1]
 P 0 0 0 0
PT [233 0 1 0 1]
 P 0 0 0 0
PT [233 0 2 16 1]
 P 0 0 0 0
PT [233 0 3 16 1]
 P 0 0 0 0
PT [233 0 4 16 1]
 P 0 0 0 0
PT [233 0 5 52 1]
 P 0 0 0 0
PT [233 0 6 63 1]
 P 0 0 0 0
PT [233 0 7 63 1]
 P 0 0 0 0
PT [233 0 8 63 1]
 P 0 0 0 0
PT [233 0 1 0 1]
 P 0 0 0 0
PT [233 0 0 111 1]
 P 0 0 0 0
PT [233 0 0 26 1]
 P 0 0 0 0
PT [233 0 1 41 1]
 P 0 0 0 0
PT [233 0 2 52 1]
 P 0 0 0 0
PT [233 0 3 52 1]
 P 0 0 0 0
PT [233 0 4 52 1]
 P 0 0 0 0
PT [233 0 5 52 1]
 P 0 0 0 0
PT [233 0 6 52 1]
Warning: retx limit drop data
 P 0 0 0 0
PT [233 0 1 0 1]
 P 0 0 0 0
PT [233 0 2 15 1]
 P 0 0 0 0
PT [233 0 3 31 1]
 P 0 0 0 0
PT [233 0 4 46 1]
 P 0 0 0 0
PT [233 0 5 61 1]
 P 0 0 0 0
PT [233 0 6 77 1]
 P 0 0 0 0
PT [233 0 0 88 1]
 P 0 0 0 0
PT [233 0 1 88 1]
 P 0 0 0 0
PT [233 0 2 88 1]
 P 0 0 0 0
PT [233 0 3 88 1]
 P 0 0 0 0
PT [233 0 4 88 1]
 P 0 0 0 0
PT [233 0 5 88 1]
Warning: retx limit drop data
 P 0 0 0 0
PT [233 0 6 88 1]
 P 0 0 0 0
PT [233 0 7 88 1]
 P 0 0 0 0
PT [233 0 1 0 1]
 P 0 0 0 0
PT [233 0 2 15 1]
 P 0 0 0 0
PT [233 0 3 31 1]
 P 0 0 0 0
PT [233 0 4 42 1]
 P 0 0 0 0
PT [233 0 5 42 1]
 P 0 0 0 0
PT [233 0 6 42 1]
 P 0 0 0 0
PT [233 0 7 77 1]
 P 0 0 0 0
PT [233 0 0 92 1]
 P 0 0 0 0
PT [233 0 1 0 1]
 P 0 0 0 0
PT [233 0 2 0 1]
 P 0 0 0 0
PT [233 0 3 0 1]
 P 0 0 0 0
PT [233 0 4 31 1]
 P 0 0 0 0
PT [233 0 5 42 1]
 P 0 0 0 0
PT [233 0 6 57 1]
 P 0 0 0 0
PT [233 0 7 72 1]
 P 0 0 0 0
PT [233 0 8 84 1]
 P 0 0 0 0
PT [233 0 9 84 1]
 P 0 0 0 0
PT [233 0 10 84 1]
 P 0 0 0 0
PT [233 0 1 0 1]
 P 0 0 0 0
PT [233 0 0 130 1]
 P 0 0 0 0
PT [233 0 1 130 1]
 P 0 0 0 0
PT [233 0 2 130 1]
 P 0 0 0 0
PT [233 0 3 130 1]
 P 0 0 0 0
PT [233 0 4 58 1]
Warning: retx limit drop data
 P 0 0 0 0
PT [233 0 5 69 1]
 P 0 0 0 0
PT [233 0 6 69 1]
 P 0 0 0 0
PT [233 0 7 69 1]
 P 0 0 0 0
PT [233 0 8 69 1]
 P 0 0 0 0
PT [233 0 9 69 1]
Warning: retx limit drop data
 P 0 0 0 0
PT [233 0 1 0 1]
 P 0 0 0 0
PT [233 0 0 137 1]
 P 0 0 0 0
PT [233 0 1 137 1]
 P 0 0 0 0
PT [233 0 0 37 1]
 P 0 0 0 0
PT [233 0 1 52 1]
 P 0 0 0 0
PT [233 0 2 68 1]
 P 0 0 0 0
PT [233 0 3 84 1]
 P 0 0 0 0
PT [233 0 1 0 1]
 P 0 0 0 0
PT [233 0 2 0 1]
 P 0 0 0 0
PT [233 0 3 20 1]
 P 0 0 0 0
PT [233 0 4 30 1]
 P 0 0 0 0
PT [233 0 5 30 1]
 P 0 0 0 0
PT [233 0 6 30 1]
 P 0 0 0 0
PT [233 0 7 30 1]
 P 0 0 0 0
PT [233 0 8 30 1]
 P 0 0 0 0
PT [233 0 9 82 1]
 P 0 0 0 0
PT [233 0 0 93 1]
 P 0 0 0 0
PT [233 0 1 93 1]
 P 0 0 0 0
PT [233 0 2 93 1]
 P 0 0 0 0
PT [233 0 3 93 1]
 P 0 0 0 0
PT [233 0 1 0 1]
Warning: retx limit drop data
 P 0 0 0 0
PT [233 0 0 150 1]
 P 0 0 0 0
PT [233 0 1 150 1]
 P 0 0 0 0
PT [233 0 0 36 1]
 P 0 0 0 0
PT [233 0 1 47 1]
 P 0 0 0 0
PT [233 0 2 47 1]
 P 0 0 0 0
PT [233 0 3 73 1]
 P 0 0 0 0
PT [233 0 4 89 1]
 P 0 0 0 0
PT [233 0 1 0 1]
 P 0 0 0 0
PT [233 0 0 115 1]
 P 0 0 0 0
PT [233 0 1 115 1]
 P 0 0 0 0
PT [233 0 0 37 1]
 P 0 0 0 0
PT [233 0 1 48 1]
 P 0 0 0 0
PT [233 0 2 48 1]
 P 0 0 0 0
PT [233 0 3 74 1]
 P 0 0 0 0
PT [233 0 4 85 1]
 P 0 0 0 0
PT [233 0 5 85 1]
 P 0 0 0 0
PT [233 0 6 85 1]
 P 0 0 0 0
PT [233 0 7 85 1]
 P 0 0 0 0
PT [233 0 8 85 1]
Warning: retx limit drop data
 P 0 0 0 0
PT [233 0 1 0 1]
 P 0 0 0 0
PT [233 0 2 16 1]
 P 0 0 0 0
PT [233 0 3 32 1]
 P 0 0 0 0
PT [233 0 4 48 1]
 P 0 0 0 0
PT [233 0 5 62 1]
 P 0 0 0 0
PT [233 0 6 78 1]
 P 0 0 0 0
PT [233 0 0 90 1]
 P 0 0 0 0
PT [233 0 1 90 1]
 P 0 0 0 0
PT [233 0 2 90 1]
 P 0 0 0 0
PT [233 0 1 0 1]
Warning: retx limit drop data
 P 0 0 0 0
PT [233 0 0 137 1]
 P 0 0 0 0
PT [233 0 1 137 1]
 P 0 0 0 0
PT [233 0 0 37 1]
Warning: data sending process fails.
 P 0 0 0 0
PT [233 0 1 52 1]
 P 0 0 0 0
PT [233 0 2 68 1]
 P 0 0 0 0
PT [233 0 3 78 1]
 P 0 0 0 0
PT [233 0 4 78 1]
 P 0 0 0 0
PT [233 0 5 78 1]
 P 0 0 0 0
PT [233 0 6 78 1]
 P 0 0 0 0
PT [233 0 1 0 1]
Warning: retx limit drop data
 P 0 0 0 0
PT [233 0 2 16 1]
 P 0 0 0 0
PT [233 0 3 27 1]
 P 0 0 0 0
PT [233 0 4 27 1]
 P 0 0 0 0
PT [233 0 5 52 1]
 P 0 0 0 0
PT [233 0 6 52 1]
 P 0 0 0 0
PT [233 0 7 73 1]
 P 0 0 0 0
PT [233 0 0 89 1]
 P 0 0 0 0
PT [233 0 1 0 1]
 P 0 0 0 0
PT [233 0 2 10 1]
 P 0 0 0 0
PT [233 0 3 10 1]
 P 0 0 0 0
PT [233 0 4 10 1]
 P 0 0 0 0
PT [233 0 5 10 1]
 P 0 0 0 0
PT [233 0 6 10 1]
 P 0 0 0 0
PT [233 0 7 10 1]
 P 0 0 0 0
PT [233 0 8 10 1]
Warning: retx limit drop data
 P 0 0 0 0
PT [233 0 9 10 1]
 P 0 0 0 0
PT [233 0 10 10 1]
 P 0 0 0 0
PT [233 0 1 0 1]
 P 0 0 0 0
PT [233 0 0 116 1]
 P 0 0 0 0
PT [233 0 1 116 1]
 P 0 0 0 0
PT [233 0 0 37 1]
 P 0 0 0 0
PT [233 0 1 54 1]
 P 0 0 0 0
PT [233 0 2 68 1]
 P 0 0 0 0
PT [233 0 3 84 1]
 P 0 0 0 0
PT [233 0 4 95 1]
 P 0 0 0 0
PT [233 0 1 0 1]
 P 0 0 0 0
PT [233 0 2 11 1]
 P 0 0 0 0
PT [233 0 3 21 1]
 P 0 0 0 0
PT [233 0 4 32 1]
 P 0 0 0 0
PT [233 0 5 32 1]
 P 0 0 0 0
PT [233 0 6 32 1]
 P 0 0 0 0
PT [233 0 7 32 1]
 P 0 0 0 0
PT [233 0 8 73 1]
 P 0 0 0 0
PT [233 0 9 84 1]
 P 0 0 0 0
PT [233 0 10 84 1]
 P 0 0 0 0
PT [233 0 1 0 1]
 P 0 0 0 0
PT [233 0 0 121 1]
 P 0 0 0 0
PT [233 0 1 121 1]
 P 0 0 0 0
PT [233 0 0 37 1]
 P 0 0 0 0
PT [233 0 1 48 1]
 P 0 0 0 0
PT [233 0 2 63 1]
 P 0 0 0 0
PT [233 0 3 78 1]
 P 0 0 0 0
PT [233 0 4 84 1]
 P 0 0 0 0
PT [233 0 5 84 1]
 P 0 0 0 0
PT [233 0 6 84 1]
 P 0 0 0 0
PT [233 0 7 84 1]
 P 0 0 0 0
PT [233 0 1 0 1]
Warning: retx limit drop data
 P 0 0 0 0
PT [233 0 0 147 1]
 P 0 0 0 0
PT [233 0 0 26 1]
 P 0 0 0 0
PT [233 0 1 41 1]
 P 0 0 0 0
PT [233 0 2 58 1]
 P 0 0 0 0
PT [233 0 3 66 1]
 P 0 0 0 0
PT [233 0 4 72 1]
 P 0 0 0 0
PT [233 0 5 72 1]
 P 0 0 0 0
PT [233 0 6 72 1]
 P 0 0 0 0
PT [233 0 1 0 1]
 P 0 0 0 0
PT [233 0 2 16 1]
 P 0 0 0 0
PT [233 0 3 21 1]
 P 0 0 0 0
PT [233 0 4 21 1]
 P 0 0 0 0
PT [233 0 5 21 1]
 P 0 0 0 0
PT [233 0 6 63 1]
 P 0 0 0 0
PT [233 0 7 79 1]
 P 0 0 0 0
PT [233 0 0 89 1]
 P 0 0 0 0
PT [233 0 1 89 1]
 P 0 0 0 0
PT [233 0 2 89 1]
 P 0 0 0 0
PT [233 0 3 89 1]
 P 0 0 0 0
PT [233 0 4 89 1]
Warning: retx limit drop data
 P 0 0 0 0
PT [233 0 1 0 1]
 P 0 0 0 0
PT [233 0 2 16 1]
 P 0 0 0 0
PT [233 0 3 31 1]
 P 0 0 0 0
PT [233 0 4 42 1]
 P 0 0 0 0
PT [233 0 5 57 1]
 P 0 0 0 0
PT [233 0 6 57 1]
 P 0 0 0 0
PT [233 0 7 57 1]
 P 0 0 0 0
PT [233 0 8 57 1]
 P 0 0 0 0
PT [233 0 1 0 1]
 P 0 0 0 0
PT [233 0 2 15 1]
 P 0 0 0 0
PT [233 0 3 31 1]
 P 0 0 0 0
PT [233 0 4 31 1]
 P 0 0 0 0
PT [233 0 5 31 1]
 P 0 0 0 0
PT [233 0 6 31 1]
 P 0 0 0 0
PT [233 0 7 72 1]
 P 0 0 0 0
PT [233 0 8 83 1]
 P 0 0 0 0
PT [233 0 9 83 1]
 P 0 0 0 0
PT [233 0 1 0 1]
 P 0 0 0 0
PT [233 0 0 120 1]
 P 0 0 0 0
PT [233 0 1 120 1]
 P 0 0 0 0
PT [233 0 0 37 1]
 P 0 0 0 0
PT [233 0 1 48 1]
 P 0 0 0 0
PT [233 0 2 63 1]
 P 0 0 0 0
PT [233 0 3 78 1]
 P 0 0 0 0
PT [233 0 4 94 1]
 P 0 0 0 0
PT [233 0 5 105 1]
 P 0 0 0 0
PT [233 0 6 105 1]
 P 0 0 0 0
PT [233 0 7 105 1]
 P 0 0 0 0
PT [233 0 1 0 1]
 P 0 0 0 0
PT [233 0 0 151 1]
 P 0 0 0 0
PT [233 0 1 151 1]
 P 0 0 0 0
PT [233 0 0 36 1]
 P 0 0 0 0
PT [233 0 1 47 1]
 P 0 0 0 0
PT [233 0 2 47 1]
 P 0 0 0 0
PT [233 0 3 74 1]
Warning: retx limit drop data
 P 0 0 0 0
PT [233 0 4 89 1]
 P 0 0 0 0
PT [233 0 1 0 1]
 P 0 0 0 0
PT [233 0 2 15 1]
 P 0 0 0 0
PT [233 0 3 31 1]
 P 0 0 0 0
PT [233 0 4 41 1]
 P 0 0 0 0
PT [233 0 5 41 1]
 P 0 0 0 0
PT [233 0 6 41 1]
 P 0 0 0 0
PT [233 0 7 41 1]
 P 0 0 0 0
PT [233 0 8 83 1]
 P 0 0 0 0
PT [233 0 0 94 1]
 P 0 0 0 0
PT [233 0 1 94 1]
 P 0 0 0 0
PT [233 0 2 94 1]
 P 0 0 0 0
PT [233 0 3 94 1]
 P 0 0 0 0
PT [233 0 4 94 1]
Warning: retx limit drop data
 P 0 0 0 0
PT [233 0 5 94 1]
 P 0 0 0 0
PT [233 0 6 94 1]
 P 0 0 0 0
PT [233 0 1 0 1]
Warning: data sending process fails.
 P 0 0 0 0
PT [233 0 2 16 1]
 P 0 0 0 0
PT [233 0 3 31 1]
 P 0 0 0 0
PT [233 0 4 47 1]
 P 0 0 0 0
PT [233 0 5 47 1]
 P 0 0 0 0
PT [233 0 6 47 1]
 P 0 0 0 0
PT [233 0 7 47 1]
 P 0 0 0 0
PT [233 0 8 47 1]
Warning: retx limit drop data
 P 0 0 0 0
PT [233 0 9 47 1]
 P 0 0 0 0
PT [233 0 1 0 1]
 P 0 0 0 0
PT [233 0 0 122 1]
 P 0 0 0 0
PT [233 0 1 122 1]
Warning: retx limit drop data
 P 0 0 0 0
PT [233 0 0 35 1]
 P 0 0 0 0
PT [233 0 1 50 1]
 P 0 0 0 0
PT [233 0 2 66 1]
 P 0 0 0 0
PT [233 0 3 82 1]
 P 0 0 0 0
PT [233 0 1 0 1]
 P 0 0 0 0
PT [233 0 2 11 1]
 P 0 0 0 0
PT [233 0 3 11 1]
 P 0 0 0 0
PT [233 0 4 11 1]
 P 0 0 0 0
PT [233 0 5 42 1]
 P 0 0 0 0
PT [233 0 6 42 1]
 P 0 0 0 0
PT [233 0 7 63 1]
 P 0 0 0 0
PT [233 0 8 78 1]
 P 0 0 0 0
PT [233 0 0 89 1]
 P 0 0 0 0
PT [233 0 1 89 1]
 P 0 0 0 0
PT [233 0 2 89 1]
 P 0 0 0 0
PT [233 0 3 89 1]
 P 0 0 0 0
PT [233 0 4 89 1]
 P 0 0 0 0
PT [233 0 1 0 1]
Warning: retx limit drop data
 P 0 0 0 0
PT [233 0 2 15 1]
 P 0 0 0 0
PT [233 0 3 31 1]
 P 0 0 0 0
PT [233 0 4 31 1]
 P 0 0 0 0
PT [233 0 5 31 1]
 P 0 0 0 0
PT [233 0 6 31 1]
 P 0 0 0 0
PT [233 0 7 72 1]
 P 0 0 0 0
PT [233 0 0 88 1]
 P 0 0 0 0
PT [233 0 1 99 1]
 P 0 0 0 0
PT [233 0 2 99 1]
 P 0 0 0 0
PT [233 0 3 99 1]
 P 0 0 0 0
PT [233 0 4 99 1]
 P 0 0 0 0
PT [233 0 5 99 1]
Warning: retx limit drop data
 P 0 0 0 0
PT [233 0 6 99 1]
 P 0 0 0 0
PT [233 0 1 0 1]
 P 0 0 0 0
PT [233 0 0 177 1]
 P 0 0 0 0
PT [233 0 0 26 1]
Warning: retx limit drop data
 P 0 0 0 0
PT [233 0 1 41 1]
 P 0 0 0 0
PT [233 0 2 56 1]
 P 0 0 0 0
PT [233 0 3 72 1]
 P 0 0 0 0
PT [233 0 4 78 1]
 P 0 0 0 0
PT [233 0 5 78 1]
 P 0 0 0 0
PT [233 0 6 78 1]
 P 0 0 0 0
PT [233 0 1 0 1]
 P 0 0 0 0
PT [233 0 0 130 1]
 P 0 0 0 0
PT [233 0 0 26 1]
 P 0 0 0 0
PT [233 0 1 37 1]
Warning: retx limit drop data
 P 0 0 0 0
PT [233 0 2 37 1]
 P 0 0 0 0
PT [233 0 3 37 1]
 P 0 0 0 0
PT [233 0 4 37 1]
 P 0 0 0 0
PT [233 0 5 37 1]
 P 0 0 0 0
PT [233 0 6 94 1]
 P 0 0 0 0
PT [233 0 7 105 1]
 P 0 0 0 0
PT [233 0 8 105 1]
 P 0 0 0 0
PT [233 0 9 105 1]
 P 0 0 0 0
PT [233 0 1 0 1]
 P 0 0 0 0
PT [233 0 0 152 1]
 P 0 0 0 0
PT [233 0 1 152 1]
 P 0 0 0 0
PT [233 0 0 37 1]
 P 0 0 0 0
PT [233 0 1 52 1]
 P 0 0 0 0
PT [233 0 2 67 1]
 P 0 0 0 0
PT [233 0 3 83 1]
 P 0 0 0 0
PT [233 0 1 0 1]
 P 0 0 0 0
PT [233 0 2 16 1]
