using saved target 'z1'
../../../../contiki/tools/sky/serialdump-linux -b115200 /dev/ttyUSB3
connecting to /dev/ttyUSB3 (115200) [OK]
Rime started with address 4.0
MAC 04:00:00:00:00:00:00:00 Ref ID: 4841
Contiki-3.x-2125-g5d67a61 started. Node id is set to 4.

************************************************
RTIMER_SECOND = 32768. F_CPU=8000000.
CLOCK_SECOND=128.
DURSLOT = 6015.(0.1835 s).
DURSLEEP = 66165.
DURCYCLE = 72180 .(2.2027 s).
MAX_CLOCK_DRIFT = WAKEUP_ADVANCE_TIME = 327 (0.0033 s).
PERIODIC_BCAST_CYCLES_SENSOR = 4194307.
PERIODIC_BCAST_CYCLES_SINK = 4194307.
MAX_CYCLE_COUNTER = 27904.
MAX_COUNT_NO_RTS_CTS = 65535.
MAX_CHILD_NUM = 10.
MAX_TRY_TO_FIND_PARENT = 3.

**********Below is Related Settings**********
PRIMAC_CONF_COMPOWER = 1.
PRIMAC_CONF_COMPOWER_SUPPORT = 1.
SF = 10.
PRI_SYNC_SUPPORT = 1.
RANDOM_DRIFT_IN_COOJA_SUPPORT = 0.
ADCSC_SUPPORT = 0.
DATA_TX_SUPPORT = 1.
CYCLES_PER_PACKET = 7.
DATA_INTERVAL = 9.
RETX_LIMIT = 6.
TOTAL_DATA_NUM = -1.
MAX_DATA_QUEUE_BUFS = 10.
PROC_GRADE_BASED_ON_ADDR_SUPPORT = 1.
NODES_NUM_PER_GRADE = 2.
ADDRESS_FREE_SUPPORT = 0.
IS_COOJA_SIM = 0.
CROSS_PLATFORM_SUPPORT = 1.
************************************************

My address is 4.0.
nullmac PRIMAC, channel check rate 8 Hz, radio channel 26
Starting
Hello, world
 P 0 0 0 2145421
 P 0 0 3451 2219526
 P 0 0 6841 2289781
 P 0 0 10231 2361961
 P 0 0 13621 2434141
 P 0 0 17011 2506321
EMPTY QUEUE
 P 422 0 20410 2580733
PT [2 0 1 -2 1]
 P 422 0 23800 2650681
PT [2 0 2 -2 1]
 P 422 0 27190 2722861
PT [2 0 3 -2 1]
 P 422 0 30580 2795041
PT [2 0 4 -2 1]
 P 3170 0 31222 2867221
PT [2 0 5 -2 1]
EMPTY QUEUE
 P 6138 0 32204 2940769
PT [2 0 6 -2 1]
 P 6138 0 35594 3011581
PT [2 0 7 -2 1]
 P 6138 0 38984 3083761
PT [2 0 8 -2 1]
 P 6138 0 42374 3155941
PT [2 0 9 -2 1]
rcv bro rts
 P 7178 0 42415 3228121
PT [2 0 10 -2 1]
 P 8457 0 42418 3300301
PT [2 0 11 -2 1]
EMPTY QUEUE
 P 8954 0 47950 3376633
PT [2 0 12 -2 1]
EMPTY QUEUE
 P 9020 0 53912 3449068
PT [2 0 13 -2 1]
EMPTY QUEUE
 P 9636 0 57310 3519233
PT [2 0 14 -2 1]
 P 11037 0 57319 3589021
PT [2 0 15 -2 1]
 P 12417 0 57322 3661201
PT [2 0 16 -2 1]
 P 12417 0 60712 3733381
PT [2 0 17 -2 1]
 P 12417 0 64102 3805561
PT [2 0 18 -2 1]
EMPTY QUEUE
 P 13035 0 67500 3880327
PT [2 0 19 -2 1]
 P 15317 0 67508 3949921
PT [2 0 20 -2 1]
 P 17566 0 67511 4022101
PT [2 0 21 -2 1]
 P 17566 0 70901 4094281
PT [2 0 22 -2 1]
 P 17566 0 74291 4166461
PT [2 0 23 -2 1]
EMPTY QUEUE
 P 17632 0 80253 4242920
PT [2 0 24 -2 1]
EMPTY QUEUE
 P 19518 0 80270 4312733
PT [2 0 25 -2 1]
 P 20371 0 80273 4383001
PT [2 0 26 -2 1]
 P 20371 0 83663 4455181
PT [2 0 27 -2 1]
 P 20371 0 87053 4527361
PT [2 0 28 -2 1]
 P 20371 0 90443 4599541
PT [2 0 29 -2 1]
EMPTY QUEUE
 P 23714 0 90460 4674209
PT [2 0 30 -2 1]
 P 25264 0 90463 4743901
PT [2 0 31 -2 1]
 P 25264 0 93853 4816081
PT [2 0 32 -2 1]
 P 25264 0 97243 4888261
PT [2 0 33 -2 1]
 P 25264 0 100633 4960441
PT [2 0 34 -2 1]
EMPTY QUEUE
 P 28456 0 100650 5035013
PT [2 0 35 -2 1]
 P 29534 0 100654 5104801
PT [2 0 36 -2 1]
 P 29534 0 104044 5176981
PT [2 0 37 -2 1]
 P 29534 0 107434 5249161
PT [2 0 38 -2 1]
 P 29534 0 110824 5321341
PT [2 0 39 -2 1]
EMPTY QUEUE
 P 32876 0 110841 5395273
PT [2 0 40 -2 1]
 P 33887 0 110844 5465701
PT [2 0 41 -2 1]
 P 33887 0 114234 5537881
PT [2 0 42 -2 1]
 P 33887 0 117624 5610061
PT [2 0 43 -2 1]
 P 33887 0 121014 5682241
PT [2 0 44 -2 1]
EMPTY QUEUE
 P 35263 0 121030 5757133
PT [2 0 45 -2 1]
 P 37331 0 121033 5826601
PT [2 0 46 -2 1]
 P 37331 0 124423 5898781
PT [2 0 47 -2 1]
 P 37331 0 127813 5970961
PT [2 0 48 -2 1]
 P 37331 0 131203 6043141
PT [2 0 49 -2 1]
EMPTY QUEUE
 P 39623 0 131219 6116401
PT [2 0 50 -2 1]
 P 40413 0 131222 6187501
PT [2 0 51 -2 1]
 P 40413 0 134612 6259681
PT [2 0 52 -2 1]
 P 40413 0 138002 6331861
PT [2 0 53 -2 1]
 P 40413 0 141392 6404041
PT [2 0 54 -2 1]
EMPTY QUEUE
 P 43223 0 141408 6477301
PT [2 0 55 -2 1]
 P 43986 0 141411 6548401
PT [2 0 56 -2 1]
 P 43986 0 144801 6620581
PT [2 0 57 -2 1]
 P 43986 0 148191 6692761
PT [2 0 58 -2 1]
 P 43986 0 151581 6764941
PT [2 0 59 -2 1]
EMPTY QUEUE
 P 47265 0 151597 6839673
PT [2 0 60 -2 1]
 P 49202 0 151600 6909301
PT [2 0 61 -2 1]
 P 49202 0 154990 6981481
PT [2 0 62 -2 1]
 P 49202 0 158380 7053661
PT [2 0 63 -2 1]
 P 49202 0 161770 7125841
PT [2 0 64 -2 1]
EMPTY QUEUE
 P 51917 0 161787 7199519
PT [2 0 65 -2 1]
 P 53509 0 161790 7270201
PT [2 0 66 -2 1]
 P 53509 0 165180 7342381
PT [2 0 67 -2 1]
 P 53509 0 168570 7414561
PT [2 0 68 -2 1]
 P 53509 0 171960 7486741
PT [2 0 69 -2 1]
EMPTY QUEUE
 P 55323 0 171976 7560833
PT [2 0 70 -2 1]
 P 58091 0 171979 7631101
PT [2 0 71 -2 1]
 P 58091 0 175369 7703281
PT [2 0 72 -2 1]
 P 58091 0 178759 7775461
PT [2 0 73 -2 1]
 P 58091 0 182149 7847641
PT [2 0 74 -2 1]
EMPTY QUEUE
 P 61284 0 182165 7921703
PT [2 0 75 0 1]
 P 62369 0 182168 7992001
PT [2 0 76 0 1]
 P 62369 0 185558 8064181
PT [2 0 77 0 1]
 P 62369 0 188948 8136361
PT [2 0 78 0 1]
 P 62369 0 192338 8208541
PT [2 0 79 0 1]
EMPTY QUEUE
 P 64692 0 192355 8281961
PT [2 0 80 -2 1]
 P 66538 0 192358 8352901
PT [2 0 81 -2 1]
 P 66538 0 195748 8425081
PT [2 0 82 -2 1]
 P 66538 0 199138 8497261
PT [2 0 83 -2 1]
 P 66538 0 202528 8569441
PT [2 0 84 -2 1]
EMPTY QUEUE
 P 68837 0 202546 8643853
PT [2 0 85 -2 1]
 P 69637 0 202550 8713801
PT [2 0 86 -2 1]
 P 69637 0 205940 8785981
PT [2 0 87 -2 1]
 P 69637 0 209330 8858161
PT [2 0 88 -2 1]
 P 69637 0 212720 8930341
PT [2 0 89 -2 1]
EMPTY QUEUE
 P 71865 0 212737 9005265
PT [2 0 90 -2 1]
 P 73968 0 212740 9074701
PT [2 0 91 -2 1]
 P 73968 0 216130 9146881
PT [2 0 92 -2 1]
 P 73968 0 219520 9219061
PT [2 0 93 -2 1]
 P 73968 0 222910 9291241
PT [2 0 94 -2 1]
EMPTY QUEUE
 P 75948 0 222928 9366005
PT [2 0 95 -2 1]
 P 77769 0 222932 9435601
PT [2 0 96 -2 1]
 P 77769 0 226322 9507781
PT [2 0 97 -2 1]
 P 77769 0 229712 9579961
PT [2 0 98 -2 1]
 P 77769 0 233102 9652141
PT [2 0 99 -2 1]
EMPTY QUEUE
 P 79455 0 233119 9726297
PT [2 0 100 -2 1]
 P 81529 0 233122 9796501
PT [2 0 101 -2 1]
 P 81529 0 236512 9868681
PT [2 0 102 -2 1]
 P 81529 0 239902 9940861
PT [2 0 103 -2 1]
 P 81529 0 243292 10013041
PT [2 0 104 -2 1]
EMPTY QUEUE
 P 84307 0 243309 10086205
PT [2 0 105 -2 1]
 P 85685 0 243313 10157401
PT [2 0 106 -2 1]
 P 85685 0 246703 10229581
PT [2 0 107 -2 1]
 P 85685 0 250093 10301761
PT [2 0 108 -2 1]
 P 85685 0 253483 10373941
PT [2 0 109 -2 1]
EMPTY QUEUE
 P 89123 0 253500 10447585
PT [2 0 110 -2 1]
 P 90180 0 253503 10518301
PT [2 0 111 -2 1]
 P 90180 0 256893 10590481
PT [2 0 112 -2 1]
 P 90180 0 260283 10662661
PT [2 0 113 -2 1]
 P 90180 0 263673 10734841
PT [2 0 114 -2 1]
EMPTY QUEUE
 P 91588 0 263691 10808325
PT [2 0 115 -2 1]
 P 93065 0 263694 10879201
PT [2 0 116 -2 1]
 P 93065 0 267084 10951381
PT [2 0 117 -2 1]
 P 93065 0 270474 11023561
PT [2 0 118 -2 1]
 P 93065 0 273864 11095741
PT [2 0 119 -2 1]
EMPTY QUEUE
 P 96343 0 273881 11170761
PT [2 0 120 -2 1]
 P 98994 0 273884 11240101
PT [2 0 121 -2 1]
 P 98994 0 277274 11312281
PT [2 0 122 -2 1]
 P 98994 0 280664 11384461
PT [2 0 123 -2 1]
 P 98994 0 284054 11456641
PT [2 0 124 -2 1]
EMPTY QUEUE
 P 101197 0 284072 11530509
PT [2 0 125 -2 1]
 P 103471 0 284075 11601001
PT [2 0 126 -2 1]
 P 104745 0 284078 11673181
PT [2 0 127 -2 1]
 P 104745 0 287468 11745361
PT [2 0 128 -2 1]
 P 104745 0 290858 11817541
PT [2 0 129 -2 1]
EMPTY QUEUE
 P 106526 0 290876 11891825
PT [2 0 130 -2 1]
 P 106526 0 294266 11961901
PT [2 0 131 -2 1]
 P 107873 0 294270 12034081
PT [2 0 132 -2 1]
 P 108424 72 297671 12107423
PT [2 0 133 -2 1]
 P 108424 72 301061 12178441
PT [2 0 134 -2 1]
 P 110268 72 301070 12250621
PT [2 0 135 -2 1]
 P 110268 72 304460 12322801
PT [2 0 136 -2 1]
 P 112162 72 304463 12394981
PT [2 0 137 -2 1]
 P 112681 144 307865 12469508
PT [2 0 138 -2 1]
 P 112681 144 311255 12539341
PT [2 0 139 -2 1]
 P 113975 144 311263 12611521
PT [2 0 140 -2 1]
 P 113986 144 314655 12685994
PT [2 0 141 -2 1]
 P 116419 144 314658 12755881
PT [2 0 142 -2 1]
 P 116906 216 318059 12830567
PT [2 0 143 -2 1]
 P 116906 216 321449 12900241
PT [2 0 144 -2 1]
 P 118049 216 321457 12972421
PT [2 0 145 -2 1]
 P 118115 216 327419 13049200
PT [2 0 146 -2 1]
 P 119343 216 327422 13116781
PT [2 0 147 -2 1]
 P 119958 288 330823 13191595
PT [2 0 148 -2 1]
 P 119958 288 334213 13261141
PT [2 0 149 -2 1]
 P 122760 360 334232 13336020
PT [2 0 150 -2 1]
 P 122760 360 337622 13405501
PT [2 0 151 -2 1]
 P 124111 360 337625 13477681
PT [2 0 152 -2 1]
 P 125609 360 337628 13549861
PT [2 0 153 -2 1]
 P 127028 714 337648 13624516
PT [2 0 154 -2 1]
 P 129295 786 337667 13695896
PT [2 0 155 -2 1]
 P 129295 786 341057 13766401
PT [2 0 156 -2 1]
 P 129295 786 344447 13838581
PT [2 0 157 -2 1]
 P 131291 1140 344467 13913140
PT [2 0 158 -2 1]
 P 132559 1140 344470 13982941
PT [2 0 159 -2 1]
 P 132625 1140 350432 14059944
PT [2 0 160 -2 1]
 P 133177 1212 353833 14129872
PT [2 0 161 -2 1]
 P 134554 1212 353836 14199481
PT [2 0 162 -2 1]
 P 135982 1566 353857 14274456
PT [2 0 163 -2 1]
 P 136502 1638 357258 14346476
PT [2 0 164 -2 1]
 P 136502 1638 360648 14416021
PT [2 0 165 -2 1]
 P 136568 1638 366611 14492481
PT [2 0 166 -2 1]
 P 138781 1992 366630 14562632
PT [2 0 167 -2 1]
 P 140087 1992 366633 14632561
PT [2 0 168 -2 1]
 P 141380 1992 366636 14704741
PT [2 0 169 -2 1]
 P 141614 1992 370031 14779122
PT [2 0 170 -2 1]
 P 143570 2347 370049 14851353
PT [2 0 171 0 1]
 P 144948 2347 370052 14921281
PT [2 0 172 0 1]
 P 145499 2419 373453 14996223
PT [2 0 173 -2 1]
 P 145799 2419 376848 15067811
PT [2 0 174 -2 1]
 P 146350 2491 380249 15140391
PT [2 0 175 -2 1]
 P 147682 2491 380252 15210001
PT [2 0 176 -2 1]
 P 149123 2845 380272 15285008
PT [2 0 177 -2 1]
 P 149644 2917 383672 15356996
PT [2 0 178 -2 1]
 P 149655 2917 387064 15428194
PT [2 0 179 -2 1]
 P 150175 2989 390465 15501260
PT [2 0 180 -2 1]
 P 152412 3343 390486 15573632
PT [2 0 181 -2 1]
 P 153673 3343 390489 15643081
PT [2 0 182 -2 1]
 P 153739 3343 396452 15719765
PT [2 0 183 -2 1]
 P 154324 3415 399852 15790044
PT [2 0 184 -2 1]
 P 156137 3770 399870 15862320
PT [2 0 185 -2 1]
 P 157506 3770 399873 15931801
PT [2 0 186 -2 1]
 P 157572 3770 405836 16008485
PT [2 0 187 -2 1]
 P 158093 3842 409236 16078700
PT [2 0 188 -2 1]
 P 158093 3842 412626 16148341
PT [2 0 189 -2 1]
 P 159415 3842 412629 16220521
PT [2 0 190 -2 1]
 P 160810 4196 412649 16295528
PT [2 0 191 -2 1]
 P 160876 4196 418611 16369384
PT [2 0 192 -2 1]
 P 160942 4196 424574 16441469
PT [2 0 193 -2 1]
 P 163289 4550 424592 16511524
PT [2 0 194 -2 1]
 P 164551 4550 424595 16581421
PT [2 0 195 -2 1]
 P 164617 4550 430558 16658201
PT [2 0 196 -2 1]
 P 164683 4550 436520 16730188
PT [2 0 197 -2 1]
 P 165147 4550 439916 16800200
PT [2 0 198 -2 1]
 P 166960 4832 439933 16872055
PT [2 0 199 -2 1]
 P 168320 4832 439936 16942321
PT [2 0 200 -2 1]
 P 168530 4832 443331 17016677
PT [2 0 201 -2 1]
 P 169147 4904 446731 17089316
PT [2 0 202 -2 1]
 P 169292 4904 450126 17160429
PT [2 0 203 -2 1]
 P 170606 4904 450129 17231041
PT [2 0 204 -2 1]
 P 171937 5258 450147 17305440
PT [2 0 205 -2 1]
 P 173225 5258 450150 17375401
PT [2 0 206 -2 1]
 P 173778 5258 453548 17450103
PT [2 0 207 -2 1]
 P 175175 5258 453551 17519761
PT [2 0 208 -2 1]
 P 176618 5613 453570 17594385
PT [2 0 209 0 1]
 P 176989 5613 456965 17666298
PT [2 0 210 0 1]
 P 177055 5613 462927 17740708
PT [2 0 211 0 1]
 P 177458 5613 466322 17810659
PT [2 0 212 0 1]
 P 179684 5896 466338 17882640
PT [2 0 213 -1 1]
 P 181010 5896 466341 17952841
PT [2 0 214 -1 1]
 P 181531 5896 469739 18027511
PT [2 0 215 -1 1]
Warning: retx limit drop data
 P 181597 5896 475701 18101788
PT [2 0 216 -1 1]
 P 183365 6250 475721 18171536
PT [2 0 217 -2 1]
 P 184643 6250 475724 18241561
PT [2 0 218 -2 1]
 P 184709 6250 481687 18318341
PT [2 0 219 -2 1]
 P 185115 6250 485082 18388101
PT [2 0 220 -2 1]
 P 185583 6250 488477 18460345
PT [2 0 221 -2 1]
 P 186960 6250 488480 18530281
PT [2 0 222 -2 1]
 P 188380 6532 488497 18604439
PT [2 0 223 -1 1]
 P 188965 6604 491897 18677436
PT [2 0 224 -2 1]
 P 189031 6604 497859 18751324
PT [2 0 225 -2 1]
 P 189097 6604 503822 18823409
PT [2 0 226 -2 1]
 P 191270 6604 503838 18893127
PT [2 0 227 -1 1]
 P 192576 6604 503841 18963361
PT [2 0 228 -1 1]
 P 193977 6676 503860 19038144
PT [2 0 229 -2 1]
 P 196288 7031 503879 19110356
PT [2 0 230 -2 1]
 P 198174 7031 503895 19181655
PT [2 0 231 -1 1]
 P 199553 7031 503899 19252081
PT [2 0 232 -1 1]
 P 201001 7103 503918 19327280
PT [2 0 233 -2 1]
 P 203200 7457 503938 19397796
PT [2 0 234 -2 1]
 P 203266 7457 509900 19472644
PT [2 0 235 -2 1]
 P 205158 7457 509917 19542812
PT [2 0 236 -1 1]
 P 206477 7457 509920 19612981
PT [2 0 237 -1 1]
 P 207867 7529 509938 19687860
PT [2 0 238 -2 1]
 P 209161 7529 509941 19757341
PT [2 0 239 -2 1]
 P 210626 7529 509958 19831884
PT [2 0 240 -1 1]
 P 212029 7529 509961 19901701
PT [2 0 241 -1 1]
 P 213405 7601 509980 19975844
PT [2 0 242 -2 1]
 P 215661 7883 509997 20048807
PT [2 0 243 -1 1]
 P 215727 7883 515960 20122585
PT [2 0 244 -1 1]
 P 217642 7955 515979 20192672
PT [2 0 245 -2 1]
 P 218986 7955 515982 20262601
PT [2 0 246 -2 1]
 P 220431 8309 516000 20337512
PT [2 0 247 -2 1]
 P 222630 8381 516018 20409564
PT [2 0 248 -2 1]
 P 224553 8736 516037 20481136
PT [2 0 249 -2 1]
 P 225850 8736 516040 20551321
PT [2 0 250 -2 1]
 P 226467 8808 519440 20625880
PT [2 0 251 -2 1]
 P 227739 8808 519443 20695681
PT [2 0 252 -2 1]
 P 227805 8920 522835 20770226
PT [2 0 253 -2 1]
 P 229053 8920 522838 20840041
PT [2 0 254 -2 1]
 P 230526 9203 522854 20914263
PT [2 0 255 -2 1]
 P 230592 9203 528817 20989001
PT [2 0 256 -2 1]
 P 230658 9348 532209 21058563
PT [2 0 257 -2 1]
 P 230723 9348 538171 21133168
PT [2 0 258 -2 1]
Warning: retx limit drop data
 P 232948 9348 538188 21203035
PT [2 0 259 -2 1]
 P 234125 9348 538191 21273121
PT [2 0 260 -2 1]
 P 235621 9348 538207 21347759
PT [2 0 261 -1 1]
 P 237966 9420 538226 21420149
PT [2 0 262 -2 1]
 P 239253 9420 538229 21489661
PT [2 0 263 -2 1]
 P 240745 9420 538246 21563691
PT [2 0 264 -2 1]
 P 242007 9420 538250 21634021
PT [2 0 265 -2 1]
 P 243356 9492 538269 21708772
PT [2 0 266 -2 1]
 P 244738 9564 538288 21780984
PT [2 0 267 -2 1]
 P 246044 9564 538304 21852859
PT [2 0 268 -2 1]
 P 247401 9636 538322 21925344
PT [2 0 269 -2 1]
 P 248747 9708 538340 21997524
PT [2 0 270 -2 1]
 P 250123 9780 538359 22069704
PT [2 0 271 -2 1]
 P 251487 9780 538376 22141643
PT [2 0 272 -2 1]
 P 252839 9852 538395 22214064
PT [2 0 273 -2 1]
 P 254179 9924 538414 22286244
PT [2 0 274 -2 1]
 P 255443 9996 538433 22358360
PT [2 0 275 -2 1]
 P 256791 9996 538450 22430395
PT [2 0 276 -2 1]
 P 258073 10068 538469 22502816
PT [2 0 277 -2 1]
 P 259271 10140 538487 22574869
PT [2 0 278 0 1]
 P 260402 10212 538506 22647050
PT [2 0 279 -2 1]
 P 261553 10212 538522 22719020
PT [2 0 280 -2 1]
 P 262723 10284 538540 22791472
PT [2 0 281 -2 1]
 P 263913 10356 538558 22863684
PT [2 0 282 -2 1]
 P 265122 10428 538577 22935896
PT [2 0 283 -2 1]
 P 266257 10428 538593 23007772
PT [2 0 284 -2 1]
 P 267347 10500 538611 23080160
PT [2 0 285 -2 1]
 P 267904 10500 538619 23149801
PT [2 0 286 -2 1]
 P 268449 10500 538627 23221981
PT [2 0 287 -2 1]
 P 268983 10500 538635 23294161
PT [2 0 288 -2 1]
 P 270121 10572 538653 23368977
PT [2 0 289 0 1]
 P 270630 10572 538661 23438521
PT [2 0 290 0 1]
 P 271127 10572 538669 23510701
PT [2 0 291 0 1]
 P 271612 10572 538677 23582881
PT [2 0 292 0 1]
 P 272573 10644 538696 23657568
PT [2 0 293 -2 1]
 P 273034 10644 538704 23727241
PT [2 0 294 -2 1]
 P 273483 10644 538712 23799421
PT [2 0 295 -2 1]
 P 273920 10644 538720 23871601
PT [2 0 296 -2 1]
 P 274961 10716 538739 23946416
PT [2 0 297 -2 1]
 P 275374 10716 538747 24015961
PT [2 0 298 -2 1]
 P 275775 10716 538756 24088141
PT [2 0 299 -2 1]
 P 276164 10716 538764 24160321
PT [2 0 300 -2 1]
 P 277030 10788 538783 24235010
PT [2 0 301 -2 1]
 P 277395 10788 538791 24304681
PT [2 0 302 -2 1]
 P 277748 10788 538799 24376861
PT [2 0 303 -2 1]
 P 278089 10788 538807 24449041
PT [2 0 304 -2 1]
 P 279034 10860 538826 24523856
PT [2 0 305 -2 1]
 P 279351 10860 538834 24593401
PT [2 0 306 -2 1]
 P 279656 10860 538842 24665581
PT [2 0 307 -2 1]
 P 279949 10860 538850 24737761
PT [2 0 308 -2 1]
 P 280718 10932 538870 24812448
PT [2 0 309 -2 1]
 P 280987 10932 538878 24882121
PT [2 0 310 -2 1]
 P 281244 10932 538887 24954301
PT [2 0 311 -2 1]
 P 281489 10932 538896 25026481
PT [2 0 312 -2 1]
 P 282338 11004 538916 25101296
PT [2 0 313 -2 1]
 P 282559 11004 538925 25170841
PT [2 0 314 -2 1]
 P 282768 11004 538934 25243021
PT [2 0 315 -2 1]
 P 282965 11004 538943 25315201
PT [2 0 316 -2 1]
 P 283638 11076 538963 25389888
PT [2 0 317 -2 1]
 P 283811 11076 538972 25459561
PT [2 0 318 -2 1]
 P 283972 11076 538981 25531741
PT [2 0 319 -2 1]
 P 284123 11076 538989 25603921
PT [2 0 320 -2 1]
 P 284876 11148 539009 25678736
PT [2 0 321 -2 1]
 P 285001 11148 539018 25748281
PT [2 0 322 -2 1]
 P 285114 11148 539027 25820461
PT [2 0 323 -2 1]
 P 285216 11148 539035 25892641
PT [2 0 324 -2 1]
 P 285794 11220 539054 25967328
PT [2 0 325 -2 1]
 P 285872 11220 539062 26037001
PT [2 0 326 -2 1]
 P 285938 11220 539070 26109181
PT [2 0 327 -2 1]
 P 286409 11220 539073 26181361
PT [2 0 328 -2 1]
 P 286867 11220 539076 26253541
PT [2 0 329 -2 1]
 P 287313 11220 539079 26325721
PT [2 0 330 -2 1]
 P 287746 11220 539082 26397901
PT [2 0 331 -2 1]
 P 289071 11220 539085 26470081
PT [2 0 332 -2 1]
 P 290988 11220 539089 26542261
PT [2 0 333 -2 1]
 P 293371 11220 539092 26614441
PT [2 0 334 -2 1]
 P 294594 11220 539096 26686621
PT [2 0 335 -2 1]
 P 295869 11220 539099 26758801
PT [2 0 336 -2 1]
 P 297290 11220 539102 26830981
PT [2 0 337 -2 1]
 P 299463 11220 539105 26903161
PT [2 0 338 -2 1]
 P 300286 11220 539108 26975341
PT [2 0 339 -2 1]
 P 301733 11220 539111 27047521
PT [2 0 340 -2 1]
 P 302867 11220 539115 27119701
PT [2 0 341 -2 1]
 P 302933 11414 542507 27193912
PT [2 0 342 -2 1]
 P 303223 11414 545902 27266125
PT [2 0 343 -2 1]
 P 303840 11486 549303 27338877
PT [2 0 344 -2 1]
 P 304097 11486 552699 27410101
PT [2 0 345 -2 1]
 P 305046 11486 552702 27480601
PT [2 0 346 -2 1]
 P 305112 11486 558664 27557188
PT [2 0 347 -2 1]
 P 305434 11486 562059 27627057
PT [2 0 348 -2 1]
 P 305821 11486 565454 27699302
PT [2 0 349 -2 1]
 P 305887 11486 571416 27773728
PT [2 0 350 -2 1]
 P 307892 11486 571419 27841501
PT [2 0 351 -2 1]
Warning: retx limit drop data
 P 307958 11486 577382 27918173
PT [2 0 352 -2 1]
 P 308024 11486 583345 27990269
PT [2 0 353 -2 1]
 P 308640 11558 586747 28060677
PT [2 0 354 -2 1]
 P 309393 11558 586750 28130221
PT [2 0 355 -2 1]
 P 309883 11630 590150 28204557
PT [2 0 356 -2 1]
 P 309949 11630 596112 28279180
PT [2 0 357 -2 1]
 P 310015 11630 602075 28351169
PT [2 0 358 -2 1]
 P 310402 11630 605470 28421102
PT [2 0 359 -2 1]
 P 311128 11630 605473 28491121
PT [2 0 360 -2 1]
 P 312957 11630 605476 28563301
PT [2 0 361 -2 1]
 P 313574 11630 608874 28637874
PT [2 0 362 -2 1]
 P 313866 11630 612270 28709376
PT [2 0 363 -2 1]
 P 315492 11630 612273 28779841
PT [2 0 364 -2 1]
Warning: retx limit drop data
 P 315558 11630 618235 28856512
PT [2 0 365 -2 1]
 P 315820 11630 621630 28926237
PT [2 0 366 -2 1]
 P 316114 11630 625025 28998449
PT [2 0 367 -2 1]
 P 316180 11630 630987 29072968
PT [2 0 368 -2 1]
 P 318862 11630 630991 29140741
PT [2 0 369 -2 1]
 P 318928 11630 636954 29217329
PT [2 0 370 -2 1]
 P 318993 11630 642916 29289508
PT [2 0 371 -2 1]
Warning: retx limit drop data
 P 319546 11630 646314 29359695
PT [2 0 372 -2 1]
 P 320098 11702 649715 29431680
PT [2 0 373 -2 1]
 P 321098 11702 649718 29501641
PT [2 0 374 -2 1]
 P 321164 11838 653111 29575987
PT [2 0 375 -2 1]
 P 321588 11838 656506 29648199
PT [2 0 376 -2 1]
 P 322141 11838 659904 29720510
PT [2 0 377 -2 1]
 P 323949 11838 659908 29790361
PT [2 0 378 -2 1]
 P 324503 11838 663306 29864520
PT [2 0 379 -2 1]
 P 324569 11838 669269 29939321
PT [2 0 380 -2 1]
Warning: retx limit drop data
 P 324635 11838 675232 30011393
PT [2 0 381 -2 1]
 P 325156 11838 678630 30081378
PT [2 0 382 -2 1]
 P 325919 11838 678633 30151261
PT [2 0 383 -2 1]
 P 327911 11838 678637 30223441
PT [2 0 384 -2 1]
 P 327922 11838 682029 30297050
PT [2 0 385 -2 1]
 P 328412 11838 685428 30370069
PT [2 0 386 -2 1]
 P 330265 11838 685432 30439981
PT [2 0 387 -2 1]
 P 330331 11838 691395 30516217
PT [2 0 388 -2 1]
 P 330397 11838 697357 30588748
PT [2 0 389 -2 1]
 P 330951 11910 700757 30659093
PT [2 0 390 -1 1]
 P 331568 11910 704155 30730743
PT [2 0 391 -2 1]
 P 333554 11910 704158 30800881
PT [2 0 392 -2 1]
 P 333620 11910 710121 30877661
PT [2 0 393 -2 1]
 P 333686 12082 713513 30947250
PT [2 0 394 -2 1]
 P 333752 12082 719476 31021829
PT [2 0 395 -2 1]
 P 334148 12082 722871 31091771
PT [2 0 396 -2 1]
 P 335439 12082 722874 31161781
PT [2 0 397 -2 1]
Warning: retx limit drop data
 P 336056 12082 726272 31236439
PT [2 0 398 -2 1]
 P 336546 12082 729671 31308057
PT [2 0 399 -2 1]
 P 336612 12082 735634 31382921
PT [2 0 400 -2 1]
 P 337629 12082 735637 31450501
PT [2 0 401 -2 1]
 P 337695 12082 741600 31527089
PT [2 0 402 -2 1]
 P 337995 12082 744995 31596936
PT [2 0 403 -2 1]
 P 338296 12082 748390 31669116
PT [2 0 404 -2 1]
Warning: retx limit drop data
 P 338913 12082 751788 31741699
PT [2 0 405 -2 1]
 P 340349 12082 751791 31811401
PT [2 0 406 -2 1]
 P 342888 12082 751794 31883581
PT [2 0 407 -2 1]
 P 342954 12082 757756 31959816
PT [2 0 408 -2 1]
 P 343507 12082 761154 32030270
PT [2 0 409 -2 1]
 P 345811 12082 761157 32100121
PT [2 0 410 -2 1]
 P 346240 12082 764552 32174153
PT [2 0 411 -2 1]
 P 346251 12082 767944 32246262
PT [2 0 412 -2 1]
 P 346868 12082 771342 32319054
PT [2 0 413 -2 1]
 P 347484 12154 774743 32391124
PT [2 0 414 -2 1]
 P 348169 12154 774746 32461021
PT [2 0 415 -2 1]
 P 348658 12154 778144 32535658
PT [2 0 416 -2 1]
 P 348724 12154 784106 32609884
PT [2 0 417 -2 1]
 P 348790 12154 790069 32681969
PT [2 0 418 -2 1]
 P 349126 12154 793464 32751851
PT [2 0 419 -2 1]
 P 351696 12154 793467 32821921
PT [2 0 420 -2 1]
 P 352032 12154 796862 32896211
PT [2 0 421 -2 1]
Warning: retx limit drop data
 P 352649 12154 800260 32968759
PT [2 0 422 -2 1]
 P 352715 12154 806223 33042517
PT [2 0 423 -2 1]
 P 354087 12154 806226 33110641
PT [2 0 424 -2 1]
 P 354153 12154 812188 33187228
PT [2 0 425 -2 1]
 P 354705 12154 815587 33257330
PT [2 0 426 -2 1]
 P 355258 12154 818985 33329158
PT [2 0 427 -2 1]
 P 355324 12154 824947 33403960
PT [2 0 428 -2 1]
 P 356797 12154 824950 33471541
PT [2 0 429 -2 1]
 P 357494 12154 824953 33543721
PT [2 0 430 -2 1]
Warning: retx limit drop data
 P 358047 12154 828351 33618315
PT [2 0 431 -2 1]
 P 358599 12226 831752 33690300
PT [2 0 432 -2 1]
 P 360876 12226 831755 33760261
PT [2 0 433 -2 1]
 P 361086 12226 835150 33834618
PT [2 0 434 -2 1]
 P 361152 12226 841113 33909029
PT [2 0 435 -2 1]
 P 361395 12226 844508 33978818
PT [2 0 436 -2 1]
 P 361915 12226 847907 34051278
PT [2 0 437 -2 1]
 P 363146 12226 847910 34121161
PT [2 0 438 -2 1]
 P 363634 12298 851311 34195496
PT [2 0 439 -2 1]
 P 364011 12298 856962 34270120
PT [2 0 440 -2 1]
 P 364077 12298 862925 34342109
PT [2 0 441 -2 1]
 P 364143 12298 868887 34414288
PT [2 0 442 -2 1]
 P 365698 12298 868890 34482061
PT [2 0 443 -2 1]
 P 366070 12298 872285 34556387
PT [2 0 444 -2 1]
 P 366378 12298 875680 34628504
PT [2 0 445 -2 1]
 P 366866 12370 879081 34701108
PT [2 0 446 -2 1]
 P 367482 12442 882482 34773064
PT [2 0 447 -2 1]
 P 368782 12442 882485 34842961
PT [2 0 448 -2 1]
 P 368793 12442 885877 34917114
PT [2 0 449 -2 1]
 P 368859 12442 891840 34991729
PT [2 0 450 -2 1]
 P 369444 12442 895239 35061863
PT [2 0 451 -2 1]
 P 370697 12442 895242 35131681
PT [2 0 452 -2 1]
 P 372543 12442 895245 35203861
PT [2 0 453 -2 1]
 P 373064 12442 898643 35277986
PT [2 0 454 -2 1]
 P 373075 12442 902035 35350194
PT [2 0 455 -2 1]
 P 375484 12442 902038 35420401
PT [2 0 456 -2 1]
Warning: retx limit drop data
 P 375550 12442 908001 35497074
PT [2 0 457 -2 1]
 P 375828 12442 911396 35566814
PT [2 0 458 -2 1]
 P 376348 12442 914795 35639238
PT [2 0 459 -2 1]
 P 376837 12442 918193 35711034
PT [2 0 460 -2 1]
 P 378041 12442 918196 35781301
PT [2 0 461 -2 1]
 P 378290 12442 921591 35855696
PT [2 0 462 -2 1]
 P 378356 12442 927553 35930068
PT [2 0 463 -2 1]
Warning: retx limit drop data
 P 378669 12442 930948 36000012
PT [2 0 464 -2 1]
 P 378949 12442 934343 36072076
PT [2 0 465 -2 1]
 P 380158 12442 934347 36142201
PT [2 0 466 -2 1]
 P 380710 12442 937746 36216710
PT [2 0 467 -2 1]
 P 381264 12442 941144 36288540
PT [2 0 468 -2 1]
 P 381330 12442 947107 36363341
PT [2 0 469 -2 1]
 P 382807 12442 947110 36430921
PT [2 0 470 -2 1]
 P 382873 12442 953073 36507509
PT [2 0 471 -2 1]
Warning: retx limit drop data
 P 383458 12442 956472 36577728
PT [2 0 472 -2 1]
 P 384010 12514 959873 36649680
PT [2 0 473 -2 1]
 P 384076 12514 965836 36724241
PT [2 0 474 -2 1]
 P 386259 12514 965839 36791821
PT [2 0 475 -2 1]
 P 387091 12514 965843 36864001
PT [2 0 476 -2 1]
 P 387438 12514 969238 36938302
PT [2 0 477 -2 1]
 P 387504 12514 975200 37012768
PT [2 0 478 -2 1]
 P 389057 12514 975204 37080541
PT [2 0 479 -2 1]
 P 389641 12514 978603 37155082
PT [2 0 480 -2 1]
 P 389707 12514 984565 37228956
PT [2 0 481 -2 1]
Warning: retx limit drop data
 P 389773 12514 990528 37301573
PT [2 0 482 -2 1]
 P 390293 12586 993929 37371800
PT [2 0 483 -2 1]
 P 391375 12586 993932 37441441
PT [2 0 484 -2 1]
 P 391756 12586 997327 37515424
PT [2 0 485 -2 1]
 P 391767 12586 1000719 37587582
PT [2 0 486 -2 1]
 P 392319 12586 1004118 37660310
PT [2 0 487 -2 1]
 P 392935 12658 1007519 37732444
PT [2 0 488 -2 1]
 P 393831 12658 1007522 37802341
PT [2 0 489 -2 1]
 P 394351 12730 1010924 37877253
PT [2 0 490 -2 1]
 P 394417 12730 1016886 37951204
PT [2 0 491 -2 1]
 P 394483 12730 1022848 38023288
PT [2 0 492 -2 1]
 P 396600 12730 1022851 38091061
PT [2 0 493 -2 1]
 P 396855 12730 1026247 38165271
PT [2 0 494 -2 1]
 P 397142 12730 1029642 38237482
PT [2 0 495 -2 1]
 P 397630 12730 1033041 38309866
PT [2 0 496 -2 1]
Warning: retx limit drop data
 P 397641 12730 1036433 38381295
PT [2 0 497 -2 1]
 P 398362 12730 1036436 38451961
PT [2 0 498 -2 1]
 P 399102 12730 1036439 38524141
PT [2 0 499 -2 1]
 P 399688 12730 1039837 38598684
PT [2 0 500 -2 1]
 P 400304 12730 1043236 38670542
PT [2 0 501 -2 1]
 P 402244 12730 1043239 38740681
PT [2 0 502 -2 1]
 P 402310 12730 1049201 38817460
PT [2 0 503 -2 1]
 P 402376 12730 1055164 38889449
PT [2 0 504 -2 1]
 P 402442 12730 1061127 38961629
PT [2 0 505 -2 1]
Warning: retx limit drop data
 P 402654 12730 1064522 39031472
PT [2 0 506 -2 1]
 P 404249 12730 1064526 39101581
PT [2 0 507 -2 1]
 P 404865 12730 1067925 39176154
PT [2 0 508 -2 1]
 P 405353 12730 1071324 39247854
PT [2 0 509 -2 1]
 P 405419 12730 1077287 39322721
PT [2 0 510 -2 1]
 P 406035 12802 1080688 39392936
PT [2 0 511 -2 1]
 P 408687 12802 1080691 39462481
PT [2 0 512 -2 1]
 P 409702 12802 1080694 39534661
PT [2 0 513 -2 1]
 P 410254 12802 1084093 39608818
PT [2 0 514 -2 1]
 P 410320 12802 1090055 39683620
PT [2 0 515 -2 1]
 P 412000 12802 1090058 39751201
PT [2 0 516 -2 1]
 P 412066 12802 1096020 39827788
PT [2 0 517 -2 1]
 P 412216 12802 1099416 39897486
PT [2 0 518 -2 1]
 P 412768 12802 1102816 39970072
PT [2 0 519 -2 1]
 P 413320 12874 1106217 40042140
PT [2 0 520 -2 1]
 P 413955 12874 1106220 40112101
PT [2 0 521 -2 1]
 P 414507 12874 1109619 40186802
PT [2 0 522 -2 1]
 P 414573 12874 1115581 40260964
PT [2 0 523 -2 1]
 P 414639 12874 1121544 40333049
PT [2 0 524 -2 1]
 P 416622 12874 1121547 40400821
PT [2 0 525 -2 1]
 P 416870 12874 1124942 40475023
PT [2 0 526 -2 1]
 P 417117 12874 1128337 40547203
PT [2 0 527 -2 1]
Warning: retx limit drop data
 P 417637 12874 1131736 40619743
PT [2 0 528 -2 1]
 P 418125 12874 1135135 40691454
PT [2 0 529 -2 1]
 P 419826 12874 1135138 40761721
PT [2 0 530 -2 1]
 P 421706 12874 1135141 40833901
PT [2 0 531 -2 1]
 P 421772 12874 1141104 40910681
PT [2 0 532 -2 1]
 P 422324 12946 1144505 40980832
PT [2 0 533 -2 1]
 P 422910 13018 1147905 41052693
PT [2 0 534 -1 1]
 P 424227 13018 1147908 41122621
PT [2 0 535 -1 1]
 P 424293 13018 1153871 41199401
PT [2 0 536 -1 1]
 P 424359 13110 1157263 41268911
PT [2 0 537 -1 1]
 P 424425 13110 1163225 41343568
PT [2 0 538 -1 1]
 P 425313 13110 1163228 41411341
PT [2 0 539 -1 1]
 P 425500 13110 1166623 41485482
PT [2 0 540 -1 1]
 P 426020 13110 1170022 41557998
PT [2 0 541 -2 1]
Warning: retx limit drop data
 P 426508 13110 1173421 41629879
PT [2 0 542 -2 1]
 P 426574 13110 1179384 41704661
PT [2 0 543 -2 1]
 P 427881 13110 1179387 41772241
PT [2 0 544 -2 1]
 P 427947 13110 1185349 41848828
PT [2 0 545 -2 1]
 P 428166 13110 1188744 41918594
PT [2 0 546 -2 1]
 P 428386 13110 1192139 41990775
PT [2 0 547 -2 1]
 P 430915 13110 1192142 42060961
PT [2 0 548 -2 1]
 P 430981 13205 1195534 42135073
PT [2 0 549 -2 1]
Warning: retx limit drop data
 P 431047 13205 1201497 42209813
PT [2 0 550 -2 1]
 P 431631 13205 1204896 42279862
PT [2 0 551 -2 1]
 P 432151 13277 1208297 42351868
PT [2 0 552 -2 1]
 P 434303 13277 1208300 42421861
PT [2 0 553 -2 1]
 P 434882 13277 1208303 42494041
PT [2 0 554 -2 1]
 P 434948 13277 1214266 42570821
PT [2 0 555 -2 1]
 P 435532 13277 1217665 42640762
PT [2 0 556 -2 1]
 P 438138 13277 1217668 42710581
PT [2 0 557 -2 1]
 P 438204 13277 1223630 42786816
PT [2 0 558 -2 1]
 P 438270 13277 1229593 42859349
PT [2 0 559 -2 1]
 P 438790 13277 1232992 42929418
PT [2 0 560 -2 1]
 P 439373 13349 1236393 43001552
PT [2 0 561 -2 1]
 P 440615 13349 1236397 43071481
PT [2 0 562 -2 1]
 P 440626 13349 1239789 43145634
PT [2 0 563 -2 1]
 P 441105 13349 1243184 43218094
PT [2 0 564 -2 1]
 P 441689 13349 1246583 43290384
PT [2 0 565 -2 1]
 P 442241 13349 1249982 43362178
PT [2 0 566 -2 1]
 P 443584 13349 1249985 43432381
PT [2 0 567 -2 1]
 P 443650 13349 1255947 43509160
PT [2 0 568 -2 1]
Warning: retx limit drop data
 P 443716 13448 1259339 43578762
PT [2 0 569 -2 1]
 P 443782 13448 1265302 43653329
PT [2 0 570 -2 1]
 P 444103 13448 1268697 43723196
PT [2 0 571 -2 1]
 P 444591 13448 1272096 43795546
PT [2 0 572 -2 1]
 P 445143 13520 1275497 43867680
PT [2 0 573 -2 1]
 P 445728 13520 1278896 43940195
PT [2 0 574 -2 1]
 P 445794 13520 1284858 44014324
PT [2 0 575 -2 1]
 P 446021 13520 1288253 44084002
PT [2 0 576 -2 1]
 P 446637 13592 1291654 44156816
PT [2 0 577 -2 1]
 P 447189 13592 1295053 44228338
PT [2 0 578 -2 1]
 P 447213 13592 1298445 44300527
PT [2 0 579 -2 1]
 P 447278 13592 1304407 44375128
PT [2 0 580 -2 1]
 P 447798 13664 1307808 44445441
PT [2 0 581 -2 1]
 P 448414 13736 1311209 44517364
PT [2 0 582 -2 1]
 P 449030 13808 1314611 44590089
PT [2 0 583 -2 1]
 P 449096 13808 1320574 44663945
PT [2 0 584 -2 1]
 P 449162 13808 1326537 44736029
PT [2 0 585 -2 1]
 P 449746 13880 1329940 44806406
PT [2 0 586 -3 1]
 P 450330 13880 1333339 44877991
PT [2 0 587 -3 1]
 P 450396 13880 1339302 44952762
PT [2 0 588 -3 1]
 P 450462 13880 1345265 45024750
PT [2 0 589 -3 1]
 P 451078 13952 1348666 45095157
PT [2 0 590 -3 1]
 P 451694 13952 1352065 45166743
PT [2 0 591 -3 1]
 P 451760 13952 1358028 45241482
PT [2 0 592 -3 1]
 P 451826 13952 1363990 45313469
PT [2 0 593 -3 1]
 P 452378 14024 1367391 45383813
PT [2 0 594 -3 1]
 P 452961 14024 1370790 45455431
PT [2 0 595 -3 1]
 P 453027 14024 1376753 45530202
PT [2 0 596 -3 1]
 P 453093 14024 1382715 45602189
PT [2 0 597 -3 1]
 P 453613 14096 1386116 45672501
PT [2 0 598 -3 1]
 P 454197 14096 1389516 45744153
PT [2 0 599 -3 1]
 P 454263 14096 1395478 45818921
PT [2 0 600 -3 1]
 P 454329 14096 1401441 45890910
PT [2 0 601 -3 1]
 P 454687 14096 1404836 45960814
PT [2 0 602 -3 1]
 P 454753 14096 1410798 46035269
PT [2 0 603 -3 1]
Warning: retx limit drop data
 P 454983 14096 1414193 46105132
PT [2 0 604 -3 1]
 P 455567 14096 1417592 46177583
PT [2 0 605 -3 1]
 P 456151 14168 1420993 46249653
PT [2 0 606 -3 1]
 P 456217 14168 1426955 46324181
PT [2 0 607 -3 1]
 P 456228 14168 1430347 46393543
PT [2 0 608 -3 1]
 P 456812 14168 1433746 46466303
PT [2 0 609 -3 1]
 P 457396 14240 1437147 46538373
PT [2 0 610 -3 1]
 P 457462 14240 1443110 46612902
PT [2 0 611 -3 1]
 P 457693 14240 1446505 46682487
PT [2 0 612 -3 1]
 P 458277 14240 1449904 46755023
PT [2 0 613 -3 1]
 P 458800 14312 1453304 46827031
PT [2 0 614 -2 1]
 P 459416 14312 1456703 46899607
PT [2 0 615 -3 1]
 P 459482 14312 1462665 46973705
PT [2 0 616 -3 1]
 P 459747 14312 1466060 47043421
PT [2 0 617 -3 1]
 P 460363 14384 1469461 47116197
PT [2 0 618 -3 1]
 P 460851 14384 1472860 47187655
PT [2 0 619 -3 1]
 P 460917 14384 1478823 47262522
PT [2 0 620 -3 1]
 P 460983 14384 1484786 47334510
PT [2 0 621 -3 1]
 P 461472 14456 1488187 47404790
PT [2 0 622 -3 1]
 P 461992 14456 1491586 47476407
PT [2 0 623 -3 1]
 P 462544 14528 1494987 47549405
PT [2 0 624 -3 1]
 P 462609 14528 1500949 47623325
PT [2 0 625 -3 1]
 P 462675 14528 1506911 47695409
PT [2 0 626 -3 1]
 P 462974 14528 1510306 47765255
PT [2 0 627 -3 1]
 P 463040 14528 1516269 47839770
PT [2 0 628 -3 1]
 P 463275 14528 1519664 47909551
PT [2 0 629 -3 1]
Warning: retx limit drop data
 P 463859 14528 1523063 47982168
PT [2 0 630 -3 1]
 P 464475 14600 1526464 48054185
PT [2 0 631 -3 1]
 P 464541 14600 1532427 48128682
PT [2 0 632 -3 1]
 P 464607 14600 1538389 48200669
PT [2 0 633 -3 1]
 P 465159 14672 1541790 48271013
PT [2 0 634 -3 1]
 P 465680 14744 1545191 48342810
PT [2 0 635 -3 1]
 P 466296 14744 1548590 48415387
PT [2 0 636 -3 1]
 P 466362 14744 1554553 48489486
PT [2 0 637 -3 1]
 P 466428 14744 1560516 48561570
PT [2 0 638 -3 1]
 P 466948 14816 1563917 48631881
PT [2 0 639 -3 1]
 P 467500 14816 1567316 48703499
PT [2 0 640 -3 1]
 P 467566 14816 1573279 48778302
PT [2 0 641 -3 1]
 P 467632 14816 1579242 48850290
PT [2 0 642 -3 1]
 P 468248 14888 1582643 48920698
PT [2 0 643 -3 1]
 P 468314 14888 1588605 48994297
PT [2 0 644 -3 1]
 P 468380 14888 1594568 49066830
PT [2 0 645 -3 1]
 P 468446 14888 1600531 49139010
PT [2 0 646 -3 1]
 P 468934 14960 1603932 49209289
PT [2 0 647 -3 1]
 P 469550 14960 1607331 49281003
PT [2 0 648 -3 1]
 P 469616 14960 1613293 49355741
PT [2 0 649 -3 1]
 P 469682 14960 1619256 49427730
PT [2 0 650 -3 1]
 P 470266 15032 1622657 49498105
PT [2 0 651 -3 1]
 P 470786 15032 1626056 49569627
PT [2 0 652 -3 1]
 P 470852 15032 1632018 49644461
PT [2 0 653 -3 1]
 P 470918 15032 1637981 49716450
PT [2 0 654 -3 1]
 P 471438 15104 1641382 49786761
PT [2 0 655 -3 1]
 P 471927 15104 1644781 49858316
PT [2 0 656 -3 1]
 P 471993 15104 1650744 49933182
PT [2 0 657 -3 1]
 P 472059 15104 1656707 50005170
PT [2 0 658 -3 1]
 P 472611 15176 1660108 50075513
PT [2 0 659 -3 1]
 P 473165 15176 1663506 50147101
PT [2 0 660 -3 1]
 P 473231 15176 1669468 50221901
PT [2 0 661 -3 1]
 P 473297 15176 1675430 50293889
PT [2 0 662 -3 1]
 P 473881 15248 1678831 50364265
PT [2 0 663 -3 1]
 P 474433 15248 1682230 50435819
PT [2 0 664 -3 1]
 P 474444 15248 1685622 50507995
PT [2 0 665 -3 1]
 P 475060 15248 1689021 50580595
PT [2 0 666 -3 1]
 P 475271 15248 1692416 50652015
PT [2 0 667 -3 1]
 P 475887 15248 1695815 50724955
PT [2 0 668 -3 1]
Warning: retx limit drop data
 P 475953 15248 1701777 50798881
PT [2 0 669 -3 1]
 P 476324 15248 1705172 50869067
PT [2 0 670 -3 1]
 P 476812 15320 1708573 50941609
PT [2 0 671 -3 1]
 P 477428 15320 1711972 51013323
PT [2 0 672 -3 1]
 P 477494 15320 1717935 51088062
PT [2 0 673 -3 1]
 P 477674 15320 1721330 51157596
PT [2 0 674 -3 1]
 P 478226 15392 1724731 51230393
PT [2 0 675 -3 1]
 P 478778 15464 1728132 51302221
PT [2 0 676 -3 1]
 P 478927 15464 1731527 51374297
PT [2 0 677 -3 1]
 P 478993 15464 1737489 51448769
PT [2 0 678 -3 1]
 P 479545 15536 1740890 51519113
PT [2 0 679 -3 1]
 P 480097 15608 1744291 51590941
PT [2 0 680 -3 1]
 P 480620 15608 1747689 51663393
PT [2 0 681 -2 1]
 P 480686 15608 1753652 51737586
PT [2 0 682 -2 1]
 P 480752 15608 1759615 51809670
PT [2 0 683 -2 1]
 P 481242 15680 1763015 51879950
PT [2 0 684 -3 1]
 P 481794 15680 1766414 51951599
PT [2 0 685 -3 1]
 P 481860 15680 1772376 52026401
PT [2 0 686 -3 1]
 P 482444 15752 1775777 52096585
PT [2 0 687 -3 1]
 P 482659 15752 1779172 52167799
PT [2 0 688 -3 1]
 P 482724 15752 1785135 52242750
PT [2 0 689 -3 1]
 P 483003 15752 1788530 52312575
PT [2 0 690 -3 1]
 P 483523 15752 1791929 52384999
PT [2 0 691 -3 1]
 P 484011 15824 1795330 52457037
PT [2 0 692 -3 1]
 P 484077 15824 1801292 52531661
PT [2 0 693 -3 1]
 P 484293 15824 1804687 52601232
PT [2 0 694 -3 1]
 P 484877 15824 1808086 52673783
PT [2 0 695 -3 1]
 P 485397 15896 1811487 52745789
PT [2 0 696 -3 1]
 P 485408 15896 1814879 52817755
PT [2 0 697 -3 1]
 P 485474 15896 1820842 52892370
PT [2 0 698 -3 1]
 P 486058 15896 1824241 52962503
PT [2 0 699 -3 1]
 P 486580 15968 1827641 53034510
PT [2 0 700 -3 1]
 P 487165 15968 1831040 53107056
PT [2 0 701 -3 1]
 P 487231 15968 1837002 53181185
PT [2 0 702 -3 1]
 P 487297 15968 1842965 53253270
PT [2 0 703 -3 1]
 P 487881 16040 1846366 53323645
PT [2 0 704 -3 1]
 P 488497 16040 1849765 53395263
PT [2 0 705 -3 1]
 P 488563 16040 1855727 53470001
PT [2 0 706 -3 1]
 P 488629 16040 1861689 53541989
PT [2 0 707 -3 1]
 P 489245 16112 1865090 53612397
PT [2 0 708 -3 1]
 P 489733 16112 1868489 53683855
PT [2 0 709 -3 1]
 P 489799 16112 1874452 53758722
PT [2 0 710 -3 1]
 P 489865 16112 1880414 53830709
PT [2 0 711 -3 1]
 P 490481 16184 1883815 53901117
PT [2 0 712 -3 1]
 P 491033 16184 1887214 53972639
PT [2 0 713 -3 1]
 P 491099 16184 1893177 54047442
PT [2 0 714 -3 1]
 P 491165 16309 1896569 54116984
PT [2 0 715 -3 1]
 P 491717 16381 1899970 54189773
PT [2 0 716 -3 1]
 P 492269 16381 1903369 54261359
PT [2 0 717 -3 1]
 P 492335 16381 1909331 54336161
PT [2 0 718 -3 1]
 P 492684 16381 1912726 54405865
PT [2 0 719 -3 1]
 P 493236 16453 1916127 54478493
PT [2 0 720 -3 1]
 P 493759 16453 1919525 54550049
PT [2 0 721 -2 1]
 P 493825 16453 1925487 54624881
PT [2 0 722 -2 1]
 P 494078 16453 1928882 54694489
PT [2 0 723 -2 1]
 P 494566 16453 1932281 54766907
PT [2 0 724 -3 1]
 P 495118 16525 1935682 54839042
PT [2 0 725 -3 1]
 P 495129 16525 1939074 54910975
PT [2 0 726 -3 1]
 P 495195 16525 1945037 54985590
PT [2 0 727 -3 1]
 P 495780 16597 1948438 55055966
PT [2 0 728 -3 1]
 P 496300 16669 1951839 55127729
PT [2 0 729 -3 1]
 P 496788 16669 1955238 55200179
PT [2 0 730 -3 1]
 P 496854 16669 1961201 55274406
PT [2 0 731 -3 1]
 P 496920 16669 1967164 55346490
PT [2 0 732 -3 1]
 P 497504 16741 1970565 55416865
PT [2 0 733 -3 1]
 P 498024 16741 1973964 55488387
PT [2 0 734 -3 1]
 P 498090 16741 1979927 55563222
PT [2 0 735 -3 1]
 P 498156 16741 1985889 55635209
PT [2 0 736 -3 1]
 P 498740 16813 1989290 55705585
PT [2 0 737 -3 1]
 P 499260 16813 1992689 55777107
PT [2 0 738 -3 1]
 P 499326 16813 1998651 55851941
PT [2 0 739 -3 1]
 P 499392 16813 2004613 55923929
PT [2 0 740 -3 1]
 P 499976 16885 2008014 55994305
PT [2 0 741 -3 1]
 P 500561 16885 2011413 56065892
PT [2 0 742 -3 1]
 P 500627 16885 2017376 56140662
PT [2 0 743 -3 1]
 P 500692 16885 2023338 56212649
PT [2 0 744 -3 1]
 P 501244 16957 2026739 56282993
PT [2 0 745 -3 1]
 P 501731 16957 2030138 56354515
PT [2 0 746 -3 1]
 P 501797 16957 2036101 56429382
PT [2 0 747 -3 1]
 P 501863 16957 2042063 56501369
PT [2 0 748 -3 1]
Warning: data sending process fails.
 P 502416 17022 2045568 56571811
PT [2 0 749 -3 1]
 P 503000 17094 2048969 56643573
PT [2 0 750 -3 1]
 P 503066 17094 2054931 56718101
PT [2 0 751 -3 1]
 P 503132 17094 2060893 56790089
PT [2 0 752 -3 1]
 P 503748 17166 2064294 56860497
PT [2 0 753 -3 1]
 P 504300 17166 2067693 56932019
PT [2 0 754 -3 1]
 P 504366 17166 2073655 57006821
PT [2 0 755 -3 1]
 P 504432 17166 2079618 57078810
PT [2 0 756 -3 1]
 P 504952 17238 2083019 57149121
PT [2 0 757 -3 1]
 P 505568 17238 2086418 57220803
PT [2 0 758 -3 1]
 P 505732 17238 2089813 57293073
PT [2 0 759 -3 1]
 P 505798 17238 2095776 57367530
PT [2 0 760 -3 1]
 P 505949 17238 2099171 57437227
PT [2 0 761 -3 1]
 P 506015 17238 2105133 57511889
PT [2 0 762 -3 1]
Warning: retx limit drop data
 P 506231 17238 2108528 57581737
PT [2 0 763 -3 1]
 P 506297 17238 2114491 57656250
PT [2 0 764 -3 1]
 P 506711 17238 2120105 57728429
PT [2 0 765 -3 1]
 P 506722 17238 2123497 57797983
PT [2 0 766 -3 1]
 P 506788 17238 2129460 57872790
PT [2 0 767 -3 1]
 P 507276 17310 2132861 57943069
PT [2 0 768 -3 1]
 P 507892 17382 2136262 58015025
PT [2 0 769 -3 1]
 P 508476 17382 2139661 58087475
PT [2 0 770 -3 1]
 P 508542 17382 2145624 58161606
PT [2 0 771 -3 1]
 P 508608 17382 2151586 58233689
PT [2 0 772 -3 1]
 P 509128 17454 2154987 58304002
PT [2 0 773 -3 1]
 P 509194 17454 2160950 58377698
PT [2 0 774 -3 1]
 P 509444 17454 2164345 58447847
PT [2 0 775 -3 1]
 P 509455 17454 2167737 58519783
PT [2 0 776 -3 1]
 P 510007 17526 2171138 58592753
PT [2 0 777 -3 1]
 P 510559 17598 2174539 58664581
PT [2 0 778 -3 1]
 P 510625 17598 2180501 58739141
PT [2 0 779 -3 1]
 P 510780 17598 2183896 58808651
PT [2 0 780 -3 1]
 P 511332 17598 2187295 58881231
PT [2 0 781 -3 1]
