using saved target 'z1'
../../../../contiki/tools/sky/serialdump-linux -b115200 /dev/ttyUSB4
connecting to /dev/ttyUSB4 (115200) [OK]
Rime started with address 5.0
MAC 05:00:00:00:00:00:00:00 Ref ID: 4841
Contiki-3.x-2125-g5d67a61 started. Node id is set to 5.

************************************************
RTIMER_SECOND = 32768. F_CPU=8000000.
CLOCK_SECOND=128.
DURSLOT = 6015.(0.1835 s).
DURSLEEP = 114285.
DURCYCLE = 120300 .(3.6712 s).
MAX_CLOCK_DRIFT = WAKEUP_ADVANCE_TIME = 327 (0.0033 s).
PERIODIC_BCAST_CYCLES_SENSOR = 196611.
PERIODIC_BCAST_CYCLES_SINK = 196611.
MAX_CYCLE_COUNTER = 27904.
MAX_COUNT_NO_RTS_CTS = 65535.
MAX_CHILD_NUM = 10.
MAX_TRY_TO_FIND_PARENT = 3.

**********Below is Related Settings**********
PRIMAC_CONF_COMPOWER = 1.
PRIMAC_CONF_COMPOWER_SUPPORT = 1.
SF = 18.
PRI_SYNC_SUPPORT = 1.
RANDOM_DRIFT_IN_COOJA_SUPPORT = 0.
ADCSC_SUPPORT = 1.
DATA_TX_SUPPORT = 1.
CYCLES_PER_PACKET = 3.
DATA_INTERVAL = 9.
RETX_LIMIT = 6.
TOTAL_DATA_NUM = 50.
MAX_DATA_QUEUE_BUFS = 10.
PROC_GRADE_BASED_ON_ADDR_SUPPORT = 1.
NODES_NUM_PER_GRADE = 2.
ADDRESS_FREE_SUPPORT = 1.
IS_COOJA_SIM = 0.
CROSS_PLATFORM_SUPPORT = 1.
************************************************

My address is 28.0.
nullmac PRIMAC, channel check rate 8 Hz, radio channel 26
Starting
Hello, world
 P 0 0 0 3033661
 P 0 0 3390 3153961
 P 0 0 6842 3275868
 P 0 0 10232 3394561
 P 0 0 13622 3514861
 P 0 0 17012 3635161
 P 0 0 20402 3755461
EMPTY QUEUE
 P 400 0 23802 3877139
PT [188 0 1 -4 1]
 P 400 0 27192 3996061
PT [188 0 2 -4 1]
 P 400 0 30582 4116361
PT [188 0 3 -4 1]
 P 1853 0 32519 4236661
PT [188 0 4 -4 1]
 P 3091 0 34671 4356961
PT [188 0 5 -4 1]
EMPTY QUEUE
 P 3619 0 38070 4480079
PT [188 0 6 -9 1]
 P 3619 0 41460 4597561
PT [188 0 7 -9 1]
 P 3619 0 44850 4717861
PT [188 0 8 -9 1]
 P 4950 0 44853 4838161
PT [188 0 9 -9 1]
 P 4950 0 48243 4958461
PT [188 0 10 -9 1]
rcv bro rts
EMPTY QUEUE
 P 7390 0 50856 5081827
PT [188 0 11 -9 1]
EMPTY QUEUE
 P 8015 0 54255 5201207
PT [188 0 12 -13 1]
 P 8015 0 57645 5319361
PT [188 0 13 -13 1]
 P 10193 0 57648 5439661
PT [188 0 14 -13 1]
 P 10193 0 61038 5559961
PT [188 0 15 -13 1]
 P 12377 0 61048 5680261
PT [188 0 16 -13 1]
EMPTY QUEUE
 P 14623 0 61066 5801683
PT [188 0 17 -16 1]
 P 14623 0 64456 5920861
PT [188 0 18 -16 1]
 P 15878 0 64459 6041161
PT [188 0 19 -16 1]
 P 15878 0 67849 6161461
PT [188 0 20 -16 1]
 P 15878 0 71239 6281761
PT [188 0 21 -16 1]
EMPTY QUEUE
 P 17919 0 71256 6403118
PT [188 0 22 -19 1]
 P 20114 0 71264 6522361
PT [188 0 23 -19 1]
 P 22734 0 71267 6642661
PT [188 0 24 -19 1]
 P 25271 0 71270 6762961
PT [188 0 25 -19 1]
 P 25271 0 74660 6883261
PT [188 0 26 -19 1]
EMPTY QUEUE
 P 25830 0 78060 7006122
PT [188 0 27 -23 1]
 P 26677 0 78069 7123861
PT [188 0 28 -23 1]
 P 27982 0 78077 7244161
PT [188 0 29 -23 1]
 P 30696 0 78080 7364461
PT [188 0 30 -23 1]
 P 30696 0 81470 7484761
PT [188 0 31 -23 1]
EMPTY QUEUE
 P 31319 0 84870 7607142
PT [188 0 32 -26 1]
 P 31319 0 88260 7725361
PT [188 0 33 -26 1]
 P 34075 0 88268 7845661
PT [188 0 34 -26 1]
 P 34784 0 88271 7965961
PT [188 0 35 -26 1]
 P 37192 0 88274 8086261
PT [188 0 36 -26 1]
EMPTY QUEUE
 P 40160 0 88291 8208418
PT [188 0 37 -30 1]
 P 40160 0 91681 8326861
PT [188 0 38 -30 1]
 P 40160 0 95071 8447161
PT [188 0 39 -30 1]
 P 40160 0 98461 8567461
PT [188 0 40 -30 1]
 P 42488 0 98464 8687761
PT [188 0 41 -30 1]
 P 44127 0 98468 8808061
PT [188 0 42 -30 1]
EMPTY QUEUE
 P 44196 0 104430 8933347
PT [188 0 43 -30 1]
EMPTY QUEUE
 P 47249 0 104448 9051478
PT [188 0 44 -34 1]
 P 47249 0 107838 9168961
PT [188 0 45 -34 1]
 P 47249 0 111228 9289261
PT [188 0 46 -34 1]
 P 49098 0 111231 9409561
PT [188 0 47 -34 1]
 P 49098 0 114621 9529861
PT [188 0 48 -34 1]
EMPTY QUEUE
 P 51810 0 114638 9651283
PT [188 0 49 -38 1]
 P 53527 0 114647 9770461
PT [188 0 50 -38 1]
 P 53527 0 118037 9890761
PT [188 0 51 -38 1]
 P 54581 0 118040 10011061
PT [188 0 52 -38 1]
 P 54581 0 121430 10131361
PT [188 0 53 -38 1]
EMPTY QUEUE
 P 55109 0 124830 10252719
PT [188 0 54 -41 1]
 P 56624 0 124838 10371961
PT [188 0 55 -41 1]
 P 58819 0 124847 10492261
PT [188 0 56 -41 1]
 P 61491 0 124850 10612561
PT [188 0 57 -41 1]
 P 63475 0 124853 10732861
PT [188 0 58 -41 1]
EMPTY QUEUE
 P 63544 0 130815 10857059
PT [188 0 59 -41 1]
EMPTY QUEUE
 P 64103 0 134215 10975542
PT [188 0 60 -45 1]
 P 64949 0 134223 11093761
PT [188 0 61 -45 1]
 P 66252 0 134232 11214061
PT [188 0 62 -45 1]
 P 67681 0 134235 11334361
PT [188 0 63 -45 1]
 P 69951 0 134238 11454661
PT [188 0 64 -45 1]
EMPTY QUEUE
 P 70479 0 137638 11576083
PT [188 0 65 -48 1]
 P 70479 0 141028 11695261
PT [188 0 66 -48 1]
 P 73235 0 141037 11815561
PT [188 0 67 -48 1]
 P 74411 0 141046 11935861
PT [188 0 68 -48 1]
 P 76604 0 141049 12056161
PT [188 0 69 -48 1]
 P 77131 72 144451 12177792
PT [188 0 70 -52 1]
 P 77131 72 147841 12296761
PT [188 0 71 -52 1]
 P 77200 72 153803 12421695
PT [188 0 72 -52 1]
 P 79400 144 153824 12540292
PT [188 0 73 -54 1]
 P 80735 144 153832 12657661
PT [188 0 74 -54 1]
 P 83131 144 153835 12777961
PT [188 0 75 -54 1]
 P 83690 216 157237 12899656
PT [188 0 76 -56 1]
Warning: data sending process fails.
 P 84313 282 160742 13020916
PT [188 0 77 -57 1]
 P 84872 354 164144 13140192
PT [188 0 78 -57 1]
 P 86800 354 164152 13259161
PT [188 0 79 -57 1]
 P 88311 426 164172 13381527
PT [188 0 80 -59 1]
 P 90800 426 164175 13499761
PT [188 0 81 -59 1]
 P 93666 781 164196 13622384
PT [188 0 82 -60 1]
 P 96723 853 164211 13740361
PT [188 0 83 -60 1]
 P 96723 853 167601 13860661
PT [188 0 84 -60 1]
 P 99280 1107 167621 13983060
PT [188 0 85 -62 1]
 P 102281 1179 167636 14101261
PT [188 0 86 -62 1]
 P 104575 1179 167639 14221561
PT [188 0 87 -62 1]
 P 107607 1534 167659 14343736
PT [188 0 88 -64 1]
 P 108759 1678 171072 14464197
PT [188 0 89 -65 1]
 P 110441 1678 171075 14582461
PT [188 0 90 -65 1]
 P 113574 2033 171097 14704508
PT [188 0 91 -66 1]
 P 113643 2033 177059 14827759
PT [188 0 92 -66 1]
 P 115458 2033 177062 14943361
PT [188 0 93 -66 1]
 P 118531 2388 177082 15066720
PT [188 0 94 -68 1]
 P 119777 2532 180496 15183961
PT [188 0 95 -68 1]
 P 120948 2532 180499 15304261
PT [188 0 96 -68 1]
 P 121017 2532 186461 15428587
PT [188 0 97 -68 1]
 P 124132 2887 186481 15547920
PT [188 0 98 -71 1]
 P 129049 3242 189076 15665161
PT [188 0 99 -71 1]
 P 129609 3314 192478 15787785
PT [188 0 100 -71 1]
 P 132502 3386 192493 15905761
PT [188 0 101 -72 1]
 P 135459 3741 192513 16027455
PT [188 0 102 -73 1]
 P 135597 3882 198477 16148086
PT [188 0 103 -73 1]
 P 137236 3882 198480 16266661
PT [188 0 104 -73 1]
 P 139047 3882 198483 16386961
PT [188 0 105 -73 1]
 P 141602 4165 198495 16509513
PT [188 0 106 -73 1]
 P 142787 4165 198498 16627561
PT [188 0 107 -73 1]
 P 145305 4448 201080 16752687
PT [188 0 108 -73 1]
 P 148071 4520 201101 16870484
PT [188 0 109 -78 1]
 P 153304 5163 201167 16989824
PT [188 0 110 -79 1]
 P 156405 5235 201183 17108761
PT [188 0 111 -79 1]
 P 159104 5591 201203 17230712
PT [188 0 112 -80 1]
Warning: data sending process fails.
 P 162152 5657 201322 17349361
PT [188 0 113 -80 1]
 P 162711 5729 204723 17471823
PT [188 0 114 -81 1]
 P 165788 5960 204755 17593116
PT [188 0 115 -82 1]
 P 168284 5960 204758 17710261
PT [188 0 116 -82 1]
 P 170570 5960 204761 17830561
PT [188 0 117 -82 1]
 P 172620 6315 204781 17952609
PT [188 0 118 -84 1]
 P 175795 6387 204795 18071161
PT [188 0 119 -84 1]
 P 178570 6742 204815 18194392
PT [188 0 120 -86 1]
 P 180546 6886 204846 18314660
PT [188 0 121 -86 1]
 P 183041 6886 204849 18432061
PT [188 0 122 -86 1]
 P 184490 7169 204859 18553173
PT [188 0 123 -86 1]
 P 186947 7169 204862 18672661
PT [188 0 124 -86 1]
 P 187570 7241 208264 18795348
PT [188 0 125 -89 1]
 P 190423 7313 208279 18913261
PT [188 0 126 -89 1]
 P 193431 7668 208299 19034956
PT [188 0 127 -90 1]
 P 193926 7740 211700 19153861
PT [188 0 128 -90 1]
 P 195558 7740 211703 19274161
PT [188 0 129 -90 1]
 P 198690 8097 211724 19395888
PT [188 0 130 -92 1]
 P 201036 8169 211738 19514761
PT [188 0 131 -92 1]
 P 204098 8524 211759 19636808
PT [188 0 132 -94 1]
 P 206819 8596 211780 19755361
PT [188 0 133 -94 1]
 P 209506 8668 212757 19877825
PT [188 0 134 -95 1]
 P 211610 9023 212778 19997453
PT [188 0 135 -95 1]
 P 213968 9023 212781 20116261
PT [188 0 136 -95 1]
 P 215660 9023 212785 20236561
PT [188 0 137 -95 1]
 P 218625 9378 212805 20359280
PT [188 0 138 -98 1]
 P 221906 9522 212838 20477161
PT [188 0 139 -98 1]
 P 224347 9877 212859 20600424
PT [188 0 140 -99 1]
 P 226823 9877 212862 20717761
PT [188 0 141 -99 1]
 P 229089 9877 212865 20838061
PT [188 0 142 -99 1]
 P 231183 10233 212885 20959916
PT [188 0 143 -101 1]
 P 234909 10377 212911 21078661
PT [188 0 144 -101 1]
 P 237727 10732 212930 21200451
PT [188 0 145 -102 1]
 P 240232 10732 212934 21319261
PT [188 0 146 -102 1]
 P 240760 10804 216336 21441117
PT [188 0 147 -104 1]
 P 242141 11159 216355 21562855
PT [188 0 148 -104 1]
 P 245213 11231 216369 21680161
PT [188 0 149 -105 1]
 P 245213 11231 219759 21800461
PT [188 0 150 -105 1]
 P 247108 11586 219780 21922283
PT [188 0 151 -107 1]
 P 250159 11658 219794 22041061
PT [188 0 152 -107 1]
 P 250782 11730 223196 22162596
PT [188 0 153 -108 1]
 P 253075 11730 223199 22281661
PT [188 0 154 -108 1]
 P 256188 12085 223219 22404412
PT [188 0 1 0 1]
 P 257883 12085 223223 22522152
PT [188 0 2 0 1]
 P 261002 12440 223242 22645542
PT [188 0 3 -2 1]
 P 264439 12584 223273 22763892
PT [188 0 4 -2 1]
 P 266225 12584 224483 22883052
PT [188 0 5 -2 1]
 P 268703 12584 224487 23003352
PT [188 0 6 -2 1]
 P 269262 12656 227889 23126776
PT [188 0 7 -4 1]
 P 271387 13012 227910 23246563
PT [188 0 8 -5 1]
 P 274004 13012 227913 23364252
PT [188 0 9 -5 1]
 P 276409 13012 227916 23484552
PT [188 0 10 -5 1]
 P 278126 13012 227919 23604852
PT [188 0 11 -5 1]
 P 281208 13368 227940 23726643
PT [188 0 12 -8 1]
 P 284166 13512 227966 23845452
PT [188 0 13 -8 1]
 P 287113 13867 227986 23967532
PT [188 0 14 -9 1]
 P 287608 13939 231388 24086052
PT [188 0 15 -9 1]
 P 288863 13939 231391 24206352
PT [188 0 16 -9 1]
 P 291996 14294 231412 24329295
PT [188 0 17 -11 1]
 P 292523 14366 234814 24446952
PT [188 0 18 -11 1]
 P 295316 14607 234835 24569864
PT [188 0 19 -11 1]
 P 297657 14679 234854 24687552
PT [188 0 20 -13 1]
 P 300186 14679 234857 24807852
PT [188 0 21 -13 1]
 P 302351 15034 234878 24930218
PT [188 0 22 -14 1]
 P 305523 15106 234892 25048452
PT [188 0 23 -15 1]
 P 308381 15178 236114 25171331
PT [188 0 24 -16 1]
 P 309849 15534 236133 25291310
PT [188 0 25 -16 1]
 P 311647 15606 236153 25410651
PT [188 0 26 -17 1]
 P 314213 15606 236156 25529652
PT [188 0 27 -17 1]
 P 316812 15890 238736 25653850
PT [188 0 28 -17 1]
 P 318581 15890 238739 25770252
PT [188 0 29 -17 1]
 P 320522 15890 238742 25890552
PT [188 0 30 -17 1]
 P 323551 16245 238763 26013847
PT [188 0 31 -21 1]
 P 327235 16461 238805 26131152
PT [188 0 32 -21 1]
 P 328417 16461 238809 26251452
PT [188 0 33 -21 1]
 P 331507 16817 238828 26374555
PT [188 0 34 -23 1]
 P 334510 17026 238850 26495111
PT [188 0 35 -23 1]
 P 337691 17098 238864 26612352
PT [188 0 36 -23 1]
 P 338251 17170 242265 26734047
PT [188 0 37 -25 1]
 P 340591 17525 242285 26854347
PT [188 0 38 -25 1]
 P 343153 17525 242289 26973252
PT [188 0 39 -25 1]
 P 343153 17525 245679 27093552
PT [188 0 40 -25 1]
 P 345202 17881 245698 27216591
PT [188 0 41 -27 1]
 P 347820 17881 245701 27334152
PT [188 0 42 -27 1]
 P 347820 17881 249091 27454452
PT [188 0 43 -27 1]
 P 350573 18236 249112 27576467
PT [188 0 44 -29 1]
 P 353134 18236 249116 27695052
PT [188 0 45 -29 1]
 P 354569 18591 249136 27817484
PT [188 0 46 -30 1]
 P 357204 18591 249139 27935652
PT [188 0 47 -30 1]
 P 357204 18591 252529 28055952
PT [188 0 48 -30 1]
 P 359086 18947 252550 28178351
PT [188 0 49 -33 1]
 P 361663 18947 252553 28296552
PT [188 0 50 -33 1]
 P 364093 18947 252561 28416852
PT [188 0 51 -33 1]
 P 366981 19302 252581 28539028
PT [188 0 52 -35 1]
 P 369501 19302 252584 28657452
PT [188 0 53 -35 1]
 P 369501 19302 255974 28777752
PT [188 0 54 -35 1]
 P 371514 19302 256928 28898052
PT [188 0 55 -35 1]
 P 373556 19657 256947 29021251
PT [188 0 56 -37 1]
 P 376341 20012 256968 29141551
PT [188 0 57 -38 1]
 P 378918 20012 256971 29258952
PT [188 0 58 -38 1]
 P 378918 20012 260361 29379252
PT [188 0 59 -38 1]
 P 380364 20367 260381 29501843
PT [188 0 60 -40 1]
 P 382869 20367 260385 29619852
PT [188 0 61 -40 1]
 P 382869 20367 263775 29740152
PT [188 0 62 -40 1]
 P 384795 20722 263796 29861719
PT [188 0 63 -42 1]
 P 387406 20722 263799 29980752
PT [188 0 64 -42 1]
 P 387406 20722 267189 30101052
PT [188 0 65 -42 1]
 P 387406 20722 270579 30221352
PT [188 0 66 -42 1]
 P 387406 20722 273969 30341652
PT [188 0 67 -42 1]
EMPTY QUEUE
 P 390787 20722 273986 30463425
PT [188 0 68 -46 1]
 P 391963 20722 273994 30582252
PT [188 0 69 -46 1]
 P 394459 20722 273997 30702552
PT [188 0 70 -46 1]
 P 394459 20722 277387 30822852
PT [188 0 71 -46 1]
 P 394459 20722 280777 30943152
PT [188 0 72 -46 1]
EMPTY QUEUE
 P 395083 20722 284177 31064862
PT [188 0 73 -48 1]
 P 395083 20722 287567 31183752
PT [188 0 74 -48 1]
 P 395083 20722 290957 31304052
PT [188 0 75 -48 1]
 P 397512 20722 290966 31424352
PT [188 0 76 -48 1]
 P 400043 20722 290969 31544652
PT [188 0 77 -48 1]
EMPTY QUEUE
 P 400666 20722 294368 31667833
PT [188 0 78 -52 1]
 P 400666 20722 297758 31785252
PT [188 0 79 -52 1]
 P 400666 20722 301148 31905552
PT [188 0 80 -52 1]
 P 402849 20722 301157 32025852
PT [188 0 81 -52 1]
 P 404566 20722 301166 32146152
PT [188 0 82 -52 1]
 P 407117 20722 301169 32266452
PT [188 0 83 -52 1]
EMPTY QUEUE
 P 407708 20722 304568 32388033
PT [188 0 84 -56 1]
 P 407708 20722 307958 32507052
PT [188 0 85 -56 1]
 P 407708 20722 311348 32627352
PT [188 0 86 -56 1]
 P 409222 20722 311357 32747652
PT [188 0 87 -56 1]
 P 411417 20722 311365 32867952
PT [188 0 88 -56 1]
 P 413964 20722 311369 32988252
PT [188 0 89 -56 1]
EMPTY QUEUE
 P 414587 20722 314768 33110729
PT [188 0 90 -60 1]
 P 414587 20722 318158 33228852
PT [188 0 91 -60 1]
 P 414587 20722 321548 33349152
PT [188 0 92 -60 1]
 P 415432 20722 321556 33469452
PT [188 0 93 -60 1]
 P 416735 20722 321565 33589752
PT [188 0 94 -60 1]
 P 419280 20722 321568 33710052
PT [188 0 95 -60 1]
EMPTY QUEUE
 P 419776 20722 324967 33833138
PT [188 0 96 -65 1]
 P 419776 20722 328357 33950652
PT [188 0 97 -65 1]
 P 419776 20722 331747 34070952
PT [188 0 98 -65 1]
 P 422532 20722 331755 34191252
PT [188 0 99 -65 1]
 P 423708 20722 331764 34311552
PT [188 0 100 -65 1]
 P 426251 20722 331767 34431852
PT [188 0 101 -65 1]
EMPTY QUEUE
 P 426747 20722 335166 34552985
PT [188 0 102 -69 1]
 P 426747 20722 338556 34672452
PT [188 0 103 -69 1]
 P 426747 20722 341946 34792752
PT [188 0 104 -69 1]
 P 428452 20722 341954 34913052
PT [188 0 105 -69 1]
 P 429786 20722 341963 35033352
PT [188 0 106 -69 1]
 P 432327 20722 341966 35153652
PT [188 0 107 -69 1]
EMPTY QUEUE
 P 432856 20722 345365 35275811
PT [188 0 108 -73 1]
 P 432856 20722 348755 35394252
PT [188 0 109 -73 1]
 P 432856 20722 352145 35514552
PT [188 0 110 -73 1]
 P 434784 20722 352153 35634852
PT [188 0 111 -73 1]
 P 435736 20722 352161 35755152
PT [188 0 112 -73 1]
 P 438276 20722 352164 35875452
PT [188 0 113 -73 1]
EMPTY QUEUE
 P 438899 20722 355564 35997033
PT [188 0 114 -77 1]
 P 438899 20722 358954 36116052
PT [188 0 115 -77 1]
 P 438899 20722 362344 36236352
PT [188 0 116 -77 1]
 P 441081 20722 362353 36356652
PT [188 0 117 -77 1]
 P 443447 20722 362356 36476952
PT [188 0 118 -77 1]
EMPTY QUEUE
 P 446371 20722 362374 36599653
PT [188 0 119 -80 1]
 P 446371 20722 365764 36717552
PT [188 0 120 -80 1]
 P 446371 20722 369154 36837852
PT [188 0 121 -80 1]
 P 446371 20722 372544 36958152
PT [188 0 122 -80 1]
 P 447972 20722 372547 37078452
PT [188 0 123 -80 1]
EMPTY QUEUE
 P 450682 20722 372564 37200353
PT [188 0 124 -84 1]
 P 452398 20722 372573 37319052
PT [188 0 125 -84 1]
 P 452398 20722 375963 37439352
PT [188 0 126 -84 1]
 P 452398 20722 379353 37559652
PT [188 0 127 -84 1]
 P 454283 20722 379357 37679952
PT [188 0 128 -84 1]
EMPTY QUEUE
 P 454779 20722 382757 37802526
PT [188 0 129 -86 1]
 P 456294 20722 382765 37920552
PT [188 0 130 -86 1]
 P 458488 20722 382774 38040852
PT [188 0 131 -86 1]
 P 458488 20722 386164 38161152
PT [188 0 132 -86 1]
 P 459577 20722 386167 38281452
PT [188 0 133 -86 1]
EMPTY QUEUE
 P 460136 20722 389566 38404185
PT [188 0 134 -90 1]
 P 460136 20722 392956 38522052
PT [188 0 135 -90 1]
 P 460982 20722 392964 38642352
PT [188 0 136 -90 1]
 P 462285 20722 392973 38762652
PT [188 0 137 -90 1]
 P 464994 20722 392976 38882952
PT [188 0 138 -90 1]
 P 467015 20722 392979 39003252
PT [188 0 139 -90 1]
EMPTY QUEUE
 P 467510 20722 396378 39124865
PT [188 0 140 -94 1]
 P 467510 20722 399768 39243852
PT [188 0 141 -94 1]
 P 470267 20722 399776 39364152
PT [188 0 142 -94 1]
 P 471443 20722 399784 39484452
PT [188 0 143 -94 1]
 P 472910 20722 399787 39604752
PT [188 0 144 -94 1]
EMPTY QUEUE
 P 473437 20722 403187 39727773
PT [188 0 145 -98 1]
 P 473437 20722 406577 39845352
PT [188 0 146 -98 1]
 P 473437 20722 409967 39965652
PT [188 0 147 -98 1]
 P 475141 20722 409976 40085952
PT [188 0 148 -98 1]
 P 476475 20722 409984 40206252
PT [188 0 149 -98 1]
 P 478909 20722 409987 40326552
PT [188 0 150 -98 1]
EMPTY QUEUE
 P 479533 20722 413387 40448870
PT [188 0 151 -102 1]
 P 479533 20722 416777 40567152
PT [188 0 152 -102 1]
 P 479533 20722 420167 40687452
PT [188 0 153 -102 1]
 P 481461 20722 420176 40807752
PT [188 0 154 -102 1]
 P 482414 20722 420184 40928052
PT [188 0 155 -102 1]
 P 484940 20722 420187 41048352
PT [188 0 156 -102 1]
EMPTY QUEUE
 P 485531 20722 423587 41171245
PT [188 0 157 -106 1]
 P 485531 20722 426977 41288952
PT [188 0 158 -106 1]
 P 485531 20722 430367 41409252
PT [188 0 159 -106 1]
 P 487656 20722 430375 41529552
PT [188 0 160 -106 1]
 P 490008 20722 430378 41649852
PT [188 0 161 -106 1]
 P 491672 20722 430381 41770152
PT [188 0 162 -106 1]
EMPTY QUEUE
 P 494577 20722 430400 41893142
PT [188 0 1 0 1]
 P 494577 20722 433790 42010643
PT [188 0 2 0 1]
 P 494577 20722 437180 42130943
PT [188 0 3 0 1]
 P 494577 20722 440570 42251243
PT [188 0 4 0 1]
 P 496558 20722 440573 42371543
PT [188 0 5 0 1]
 P 497819 20722 440576 42491843
PT [188 0 6 0 1]
EMPTY QUEUE
 P 500937 20722 440594 42613296
PT [188 0 7 -5 1]
 P 503189 20722 440603 42732443
PT [188 0 8 -5 1]
 P 503189 20722 443993 42852743
PT [188 0 9 -5 1]
 P 503189 20722 447383 42973043
PT [188 0 10 -5 1]
 P 505996 20722 447386 43093343
PT [188 0 11 -5 1]
 P 508115 20722 447389 43213643
PT [188 0 12 -5 1]
EMPTY QUEUE
 P 510348 20722 447407 43335032
PT [188 0 13 -9 1]
 P 510348 20722 450797 43454243
PT [188 0 14 -9 1]
 P 510348 20722 454187 43574543
PT [188 0 15 -9 1]
 P 510348 20722 457577 43694843
PT [188 0 16 -9 1]
 P 511912 20722 457580 43815143
PT [188 0 17 -9 1]
EMPTY QUEUE
 P 513921 20722 457598 43937204
PT [188 0 18 -12 1]
 P 516116 20722 457606 44055743
PT [188 0 19 -12 1]
 P 516116 20722 460996 44176043
PT [188 0 20 -12 1]
 P 516116 20722 464386 44296343
PT [188 0 21 -12 1]
 P 518444 20722 464389 44416643
PT [188 0 22 -12 1]
EMPTY QUEUE
 P 518941 20722 467788 44538897
PT [188 0 23 -16 1]
 P 519787 20722 467797 44657243
PT [188 0 24 -16 1]
 P 521091 20722 467805 44777543
PT [188 0 25 -16 1]
 P 521091 20722 471195 44897843
PT [188 0 26 -16 1]
 P 523416 20722 471198 45018143
PT [188 0 27 -16 1]
 P 525849 20722 471201 45138443
PT [188 0 28 -16 1]
EMPTY QUEUE
 P 526472 20722 474601 45260664
PT [188 0 29 -20 1]
 P 529228 20722 474610 45379043
PT [188 0 30 -20 1]
 P 530403 20722 474619 45499343
PT [188 0 31 -20 1]
 P 530403 20722 478009 45619643
PT [188 0 32 -20 1]
 P 532089 20722 478012 45739943
PT [188 0 33 -20 1]
 P 533310 20722 478015 45860243
PT [188 0 34 -20 1]
EMPTY QUEUE
 P 533869 20722 481415 45982112
PT [188 0 35 -24 1]
 P 535576 20722 481424 46100843
PT [188 0 36 -24 1]
 P 536912 20722 481432 46221143
PT [188 0 37 -24 1]
 P 536912 20722 484822 46341443
PT [188 0 38 -24 1]
 P 538723 20722 484825 46461743
PT [188 0 39 -24 1]
 P 540993 20722 484828 46582043
PT [188 0 40 -24 1]
EMPTY QUEUE
 P 541616 20722 488228 46705096
PT [188 0 41 -28 1]
 P 543544 20722 488236 46822643
PT [188 0 42 -28 1]
 P 544496 20722 488245 46942943
PT [188 0 43 -28 1]
 P 544496 20722 491635 47063243
PT [188 0 44 -28 1]
 P 546624 20722 491639 47183543
PT [188 0 45 -28 1]
 P 548351 20722 491642 47303843
PT [188 0 46 -28 1]
EMPTY QUEUE
 P 548910 20722 495042 47426800
PT [188 0 47 -32 1]
 P 551094 20722 495050 47544443
PT [188 0 48 -32 1]
 P 552971 20722 495058 47664743
PT [188 0 49 -32 1]
 P 552971 20722 498448 47785043
PT [188 0 50 -32 1]
 P 554269 20722 498451 47905343
PT [188 0 51 -32 1]
 P 556886 20722 498454 48025643
PT [188 0 52 -32 1]
EMPTY QUEUE
 P 557510 20722 501854 48146969
PT [188 0 53 -35 1]
 P 560202 20722 501862 48266243
PT [188 0 54 -35 1]
 P 561186 20722 501870 48386543
PT [188 0 55 -35 1]
 P 561186 20722 505260 48506843
PT [188 0 56 -35 1]
 P 563629 20722 505263 48627143
PT [188 0 57 -35 1]
 P 565384 20722 505266 48747443
PT [188 0 58 -35 1]
EMPTY QUEUE
 P 565879 20722 508666 48868864
PT [188 0 59 -40 1]
 P 568318 20722 508675 48988043
PT [188 0 60 -40 1]
 P 569653 20722 508684 49108343
PT [188 0 61 -40 1]
 P 569653 20722 512074 49228643
PT [188 0 62 -40 1]
 P 571617 20722 512077 49348943
PT [188 0 63 -40 1]
EMPTY QUEUE
 P 572113 20722 515476 49471997
PT [188 0 64 -44 1]
 P 572113 20722 518866 49589543
PT [188 0 65 -44 1]
 P 573181 20722 518875 49709843
PT [188 0 66 -44 1]
 P 574898 20722 518884 49830143
PT [188 0 67 -44 1]
 P 576066 20722 518887 49950443
PT [188 0 68 -44 1]
EMPTY QUEUE
 P 576561 20722 522287 50071928
PT [188 0 69 -47 1]
 P 576561 20722 525677 50191043
PT [188 0 70 -47 1]
 P 576561 20722 529067 50311343
PT [188 0 71 -47 1]
 P 579126 20722 529076 50431643
PT [188 0 72 -47 1]
 P 581703 20722 529084 50551943
PT [188 0 73 -47 1]
 P 584314 20722 529087 50672243
PT [188 0 74 -47 1]
EMPTY QUEUE
 P 584873 20722 532487 50794656
PT [188 0 75 -51 1]
 P 584873 20722 535877 50912843
PT [188 0 76 -51 1]
 P 584873 20722 539267 51033143
PT [188 0 77 -51 1]
 P 585782 20722 539275 51153443
PT [188 0 78 -51 1]
 P 587977 20722 539283 51273743
PT [188 0 79 -51 1]
 P 590585 20722 539286 51394043
PT [188 0 80 -51 1]
EMPTY QUEUE
 P 590654 20722 545248 51519265
PT [188 0 81 -51 1]
EMPTY QUEUE
 P 591149 20722 548648 51636660
PT [188 0 82 -56 1]
 P 591149 20722 552038 51754943
PT [188 0 83 -56 1]
 P 592090 20722 552046 51875243
PT [188 0 84 -56 1]
 P 593425 20722 552054 51995543
PT [188 0 85 -56 1]
 P 596031 20722 552057 52115843
PT [188 0 86 -56 1]
EMPTY QUEUE
 P 596590 20722 555457 52237296
PT [188 0 87 -59 1]
 P 596590 20722 558847 52356443
PT [188 0 88 -59 1]
 P 596590 20722 562237 52476743
PT [188 0 89 -59 1]
 P 597403 20722 562246 52597043
PT [188 0 90 -59 1]
 P 599470 20722 562254 52717343
PT [188 0 91 -59 1]
 P 602075 20722 562257 52837643
PT [188 0 92 -59 1]
EMPTY QUEUE
 P 602698 20722 565657 52959128
PT [188 0 93 -63 1]
 P 602698 20722 569047 53078243
PT [188 0 94 -63 1]
 P 602698 20722 572437 53198543
PT [188 0 95 -63 1]
 P 602698 20722 575827 53318843
PT [188 0 96 -63 1]
 P 605148 20722 575836 53439143
PT [188 0 97 -63 1]
 P 607751 20722 575839 53559443
PT [188 0 98 -63 1]
EMPTY QUEUE
 P 608278 20722 579238 53681536
PT [188 0 99 -67 1]
 P 608278 20722 582628 53800043
PT [188 0 100 -67 1]
 P 608278 20722 586018 53920343
PT [188 0 101 -67 1]
 P 610462 20722 586026 54040643
PT [188 0 102 -67 1]
 P 612180 20722 586034 54160943
PT [188 0 103 -67 1]
 P 614781 20722 586037 54281243
PT [188 0 104 -67 1]
EMPTY QUEUE
 P 615340 20722 589436 54403464
PT [188 0 105 -71 1]
 P 615340 20722 592826 54521843
PT [188 0 106 -71 1]
 P 615340 20722 596216 54642143
PT [188 0 107 -71 1]
 P 616854 20722 596224 54762443
PT [188 0 108 -71 1]
 P 619048 20722 596233 54882743
PT [188 0 109 -71 1]
 P 621648 20722 596236 55003043
PT [188 0 110 -71 1]
EMPTY QUEUE
 P 622175 20722 599635 55126224
PT [188 0 111 -75 1]
 P 622175 20722 603025 55243643
PT [188 0 112 -75 1]
 P 622175 20722 606415 55363943
PT [188 0 113 -75 1]
 P 623021 20722 606423 55484243
PT [188 0 114 -75 1]
 P 624324 20722 606432 55604543
PT [188 0 115 -75 1]
 P 626922 20722 606435 55724843
PT [188 0 116 -75 1]
EMPTY QUEUE
 P 627419 20722 609834 55847322
PT [188 0 117 -79 1]
 P 627419 20722 613224 55965443
PT [188 0 118 -79 1]
 P 627419 20722 616614 56085743
PT [188 0 119 -79 1]
 P 630176 20722 616622 56206043
PT [188 0 120 -79 1]
 P 631352 20722 616630 56326343
PT [188 0 121 -79 1]
 P 633949 20722 616633 56446643
PT [188 0 122 -79 1]
EMPTY QUEUE
 P 634445 20722 620032 56568321
PT [188 0 123 -84 1]
 P 634445 20722 623422 56687243
PT [188 0 124 -84 1]
 P 634445 20722 626812 56807543
PT [188 0 125 -84 1]
 P 636152 20722 626821 56927843
PT [188 0 126 -84 1]
 P 637488 20722 626829 57048143
PT [188 0 127 -84 1]
 P 640081 20722 626833 57168443
PT [188 0 128 -84 1]
EMPTY QUEUE
 P 640705 20722 630232 57290856
PT [188 0 129 -88 1]
 P 640705 20722 633622 57409043
PT [188 0 130 -88 1]
 P 640705 20722 637012 57529343
PT [188 0 131 -88 1]
 P 642633 20722 637021 57649643
PT [188 0 132 -88 1]
 P 643586 20722 637029 57769943
PT [188 0 133 -88 1]
 P 646177 20722 637032 57890243
PT [188 0 134 -88 1]
EMPTY QUEUE
 P 646736 20722 640432 58012048
PT [188 0 135 -92 1]
 P 646736 20722 643822 58130843
PT [188 0 136 -92 1]
 P 646736 20722 647212 58251143
PT [188 0 137 -92 1]
 P 648919 20722 647220 58371443
PT [188 0 138 -92 1]
 P 650795 20722 647229 58491743
PT [188 0 139 -92 1]
 P 653384 20722 647232 58612043
PT [188 0 140 -92 1]
EMPTY QUEUE
 P 653911 20722 650632 58733656
PT [188 0 141 -96 1]
 P 653911 20722 654022 58852643
PT [188 0 142 -96 1]
 P 653911 20722 657412 58972943
PT [188 0 143 -96 1]
 P 656603 20722 657421 59093243
PT [188 0 144 -96 1]
 P 659019 20722 657424 59213543
PT [188 0 145 -96 1]
EMPTY QUEUE
 P 662007 20722 657443 59334900
PT [188 0 146 -99 1]
 P 662007 20722 660833 59454143
PT [188 0 147 -99 1]
 P 662007 20722 664223 59574443
PT [188 0 148 -99 1]
 P 662007 20722 667613 59694743
PT [188 0 149 -99 1]
 P 663659 20722 667616 59815043
PT [188 0 150 -99 1]
EMPTY QUEUE
 P 666401 20722 667633 59936592
PT [188 0 151 -103 1]
 P 668119 20722 667642 60055643
PT [188 0 152 -103 1]
 P 668119 20722 671032 60175943
PT [188 0 153 -103 1]
 P 668119 20722 674422 60296243
PT [188 0 154 -103 1]
 P 670054 20722 674425 60416543
PT [188 0 155 -103 1]
 P 671270 20722 674428 60536843
PT [188 0 156 -103 1]
EMPTY QUEUE
 P 673408 20722 674445 60659321
PT [188 0 157 -107 1]
 P 675603 20722 674453 60777443
PT [188 0 158 -107 1]
 P 675603 20722 677843 60897743
PT [188 0 159 -107 1]
 P 675603 20722 681233 61018043
PT [188 0 160 -107 1]
 P 678364 20722 681236 61138343
PT [188 0 161 -107 1]
 P 680437 20722 681239 61258643
PT [188 0 162 -107 1]
EMPTY QUEUE
 P 681778 20722 681256 61381728
PT [188 0 1 0 1]
 P 683192 20722 681264 61499132
PT [188 0 2 0 1]
 P 683192 20722 684654 61619432
PT [188 0 3 0 1]
 P 683192 20722 688044 61739732
PT [188 0 4 0 1]
 P 684820 20722 688047 61860032
PT [188 0 5 0 1]
 P 687289 20722 688050 61980332
PT [188 0 6 0 1]
EMPTY QUEUE
 P 690597 20722 688067 62101531
PT [188 0 7 106 1]
 P 690597 20722 691457 62220932
PT [188 0 8 106 1]
 P 690597 20722 694847 62341232
PT [188 0 9 106 1]
 P 690597 20722 698237 62461532
PT [188 0 10 106 1]
 P 692988 20722 698240 62581832
PT [188 0 11 106 1]
EMPTY QUEUE
 P 694712 20722 698258 62704981
PT [188 0 12 102 1]
 P 696398 20722 698267 62822432
PT [188 0 13 102 1]
 P 699051 20722 698271 62942732
PT [188 0 14 102 1]
 P 699051 20722 701661 63063032
PT [188 0 15 102 1]
 P 699051 20722 705051 63183332
PT [188 0 16 102 1]
EMPTY QUEUE
 P 699675 20722 708450 63306002
PT [188 0 17 99 1]
 P 701030 20722 708458 63423932
PT [188 0 18 99 1]
 P 702939 20722 708467 63544232
PT [188 0 19 99 1]
 P 705627 20722 708470 63664532
PT [188 0 20 99 1]
 P 705627 20722 711860 63784832
PT [188 0 21 99 1]
EMPTY QUEUE
 P 706250 20722 715260 63907981
PT [188 0 22 95 1]
 P 706250 20722 718650 64025432
PT [188 0 23 95 1]
 P 707224 20722 718658 64145732
PT [188 0 24 95 1]
 P 709387 20722 718666 64266032
PT [188 0 25 95 1]
 P 712073 20722 718669 64386332
PT [188 0 26 95 1]
EMPTY QUEUE
 P 712696 20722 722068 64508297
PT [188 0 27 92 1]
 P 712696 20722 725458 64626932
PT [188 0 28 92 1]
 P 712696 20722 728848 64747232
PT [188 0 29 92 1]
 P 714593 20722 728856 64867532
PT [188 0 30 92 1]
 P 717106 20722 728859 64987832
PT [188 0 31 92 1]
 P 718931 20722 728862 65108132
PT [188 0 32 92 1]
EMPTY QUEUE
 P 721836 20722 728879 65230705
PT [188 0 33 88 1]
 P 721836 20722 732269 65348732
PT [188 0 34 88 1]
 P 721836 20722 735659 65469032
PT [188 0 35 88 1]
 P 721836 20722 739049 65589332
PT [188 0 36 88 1]
 P 723869 20722 739052 65709632
PT [188 0 37 88 1]
EMPTY QUEUE
 P 726121 20722 741633 65834534
PT [188 0 38 88 1]
EMPTY QUEUE
 P 728397 20722 741651 65952985
PT [188 0 39 84 1]
 P 728397 20722 745041 66070532
PT [188 0 40 84 1]
 P 728397 20722 748431 66190832
PT [188 0 41 84 1]
 P 729633 20722 748435 66311132
PT [188 0 42 84 1]
 P 729633 20722 751825 66431432
PT [188 0 43 84 1]
EMPTY QUEUE
 P 731676 20722 751843 66552854
PT [188 0 44 81 1]
 P 733871 20722 751851 66672032
PT [188 0 45 81 1]
 P 733871 20722 755241 66792332
PT [188 0 46 81 1]
 P 736728 20722 755245 66912632
PT [188 0 47 81 1]
 P 738898 20722 755248 67032932
PT [188 0 48 81 1]
EMPTY QUEUE
 P 739426 20722 758648 67154290
PT [188 0 49 77 1]
 P 740271 20722 758657 67273532
PT [188 0 50 77 1]
 P 741574 20722 758665 67393832
PT [188 0 51 77 1]
 P 741574 20722 762055 67514132
PT [188 0 52 77 1]
 P 743188 20722 762058 67634432
PT [188 0 53 77 1]
EMPTY QUEUE
 P 743748 20722 765458 67756559
PT [188 0 54 73 1]
 P 743748 20722 768848 67875032
PT [188 0 55 73 1]
 P 746504 20722 768857 67995332
PT [188 0 56 73 1]
 P 747679 20722 768866 68115632
PT [188 0 57 73 1]
 P 750058 20722 768869 68235932
PT [188 0 58 73 1]
EMPTY QUEUE
 P 750681 20722 772269 68358217
PT [188 0 59 70 1]
 P 750681 20722 775659 68476532
PT [188 0 60 70 1]
 P 750681 20722 779049 68596832
PT [188 0 61 70 1]
 P 752386 20722 779057 68717132
PT [188 0 62 70 1]
 P 753721 20722 779065 68837432
PT [188 0 63 70 1]
 P 756396 20722 779068 68957732
PT [188 0 64 70 1]
EMPTY QUEUE
 P 756955 20722 782468 69080945
PT [188 0 65 66 1]
 P 756955 20722 785858 69198332
PT [188 0 66 66 1]
 P 756955 20722 789248 69318632
PT [188 0 67 66 1]
 P 758825 20722 789256 69438932
PT [188 0 68 66 1]
 P 761274 20722 789265 69559232
PT [188 0 69 66 1]
 P 763947 20722 789268 69679532
PT [188 0 70 66 1]
EMPTY QUEUE
 P 764538 20722 792668 69802617
PT [188 0 71 62 1]
 P 764538 20722 796058 69920132
PT [188 0 72 62 1]
 P 764538 20722 799448 70040432
PT [188 0 73 62 1]
 P 766722 20722 799456 70160732
PT [188 0 74 62 1]
 P 768440 20722 799464 70281032
PT [188 0 75 62 1]
 P 771110 20722 799468 70401332
PT [188 0 76 62 1]
EMPTY QUEUE
 P 771179 20722 805430 70525658
PT [188 0 77 62 1]
EMPTY QUEUE
 P 771738 20722 808830 70644013
PT [188 0 78 57 1]
 P 771738 20722 812220 70762232
PT [188 0 79 57 1]
 P 773252 20722 812228 70882532
PT [188 0 80 57 1]
 P 775446 20722 812237 71002832
PT [188 0 81 57 1]
 P 778114 20722 812241 71123132
PT [188 0 82 57 1]
EMPTY QUEUE
 P 778180 20722 815633 71244084
PT [188 0 83 57 1]
EMPTY QUEUE
 P 778707 20722 819033 71365781
PT [188 0 84 53 1]
 P 778707 20722 822423 71484032
PT [188 0 85 53 1]
 P 779496 20722 822431 71604332
PT [188 0 86 53 1]
 P 781947 20722 822440 71724632
PT [188 0 87 53 1]
 P 784613 20722 822443 71844932
PT [188 0 88 53 1]
EMPTY QUEUE
 P 784679 20722 825835 71967484
PT [188 0 89 53 1]
EMPTY QUEUE
 P 785174 20722 829235 72087549
PT [188 0 90 49 1]
 P 785174 20722 832625 72205832
PT [188 0 91 49 1]
 P 787359 20722 832633 72326132
PT [188 0 92 49 1]
 P 789078 20722 832641 72446432
PT [188 0 93 49 1]
 P 791743 20722 832645 72566732
PT [188 0 94 49 1]
EMPTY QUEUE
 P 792302 20722 836044 72688185
PT [188 0 95 46 1]
 P 792302 20722 839434 72807332
PT [188 0 96 46 1]
 P 792302 20722 842824 72927632
PT [188 0 97 46 1]
 P 793816 20722 842833 73047932
PT [188 0 98 46 1]
 P 795953 20722 842841 73168232
PT [188 0 99 46 1]
EMPTY QUEUE
 P 799006 20722 842859 73291349
PT [188 0 100 42 1]
 P 801649 20722 842862 73408832
PT [188 0 101 42 1]
 P 801649 20722 846252 73529132
PT [188 0 102 42 1]
 P 801649 20722 849642 73649432
PT [188 0 103 42 1]
 P 801649 20722 853032 73769732
PT [188 0 104 42 1]
EMPTY QUEUE
 P 804393 20722 853050 73891186
PT [188 0 105 39 1]
 P 806111 20722 853058 74010332
PT [188 0 106 39 1]
 P 808772 20722 853062 74130632
PT [188 0 107 39 1]
 P 808772 20722 856452 74250932
PT [188 0 108 39 1]
 P 808772 20722 859842 74371232
PT [188 0 109 39 1]
EMPTY QUEUE
 P 809364 20722 863241 74492654
PT [188 0 110 35 1]
 P 810878 20722 863249 74611832
PT [188 0 111 35 1]
 P 813072 20722 863258 74732132
PT [188 0 112 35 1]
 P 815731 20722 863262 74852432
PT [188 0 113 35 1]
 P 815731 20722 866652 74972732
PT [188 0 114 35 1]
EMPTY QUEUE
 P 816258 20722 870052 75094825
PT [188 0 115 32 1]
 P 816258 20722 873442 75213332
PT [188 0 116 32 1]
 P 817104 20722 873450 75333632
PT [188 0 117 32 1]
 P 818407 20722 873459 75453932
PT [188 0 118 32 1]
 P 821064 20722 873462 75574232
PT [188 0 119 32 1]
EMPTY QUEUE
 P 821623 20722 876861 75696453
PT [188 0 120 29 1]
 P 821623 20722 880251 75814832
PT [188 0 121 29 1]
 P 821623 20722 883641 75935132
PT [188 0 122 29 1]
 P 824380 20722 883649 76055432
PT [188 0 123 29 1]
 P 825556 20722 883658 76175732
PT [188 0 124 29 1]
 P 828211 20722 883661 76296032
PT [188 0 125 29 1]
EMPTY QUEUE
 P 828770 20722 887060 76419245
PT [188 0 126 25 1]
 P 828770 20722 890450 76536632
PT [188 0 127 25 1]
 P 828770 20722 893840 76656932
PT [188 0 128 25 1]
 P 830474 20722 893849 76777232
PT [188 0 129 25 1]
 P 831808 20722 893857 76897532
PT [188 0 130 25 1]
 P 834461 20722 893860 77017832
PT [188 0 131 25 1]
EMPTY QUEUE
 P 835084 20722 897259 77140437
PT [188 0 132 21 1]
 P 835084 20722 900649 77258432
PT [188 0 133 21 1]
 P 835084 20722 904039 77378732
PT [188 0 134 21 1]
 P 837012 20722 904048 77499032
PT [188 0 135 21 1]
 P 837965 20722 904056 77619332
PT [188 0 136 21 1]
 P 840618 20722 904060 77739632
PT [188 0 137 21 1]
EMPTY QUEUE
 P 841113 20722 907459 77861309
PT [188 0 138 16 1]
 P 841113 20722 910849 77980232
PT [188 0 139 16 1]
 P 841113 20722 914239 78100532
PT [188 0 140 16 1]
 P 843296 20722 914247 78220832
PT [188 0 141 16 1]
 P 845172 20722 914256 78341132
PT [188 0 142 16 1]
 P 847822 20722 914259 78461432
PT [188 0 143 16 1]
EMPTY QUEUE
 P 848324 20722 917655 78583721
PT [188 0 144 16 1]
