using saved target 'z1'
../../../../contiki/tools/sky/serialdump-linux -b115200 /dev/ttyUSB4
connecting to /dev/ttyUSB4 (115200) [OK]
Rime started with address 5.0
MAC 05:00:00:00:00:00:00:00 Ref ID: 4841
Contiki-3.x-2125-g5d67a61 started. Node id is set to 5.

************************************************
RTIMER_SECOND = 32768. F_CPU=8000000.
CLOCK_SECOND=128.
DURSLOT = 6015.(0.1835 s).
DURSLEEP = 66165.
DURCYCLE = 72180 .(2.2027 s).
MAX_CLOCK_DRIFT = WAKEUP_ADVANCE_TIME = 327 (0.0033 s).
PERIODIC_BCAST_CYCLES_SENSOR = 196611.
PERIODIC_BCAST_CYCLES_SINK = 196611.
MAX_CYCLE_COUNTER = 27904.
MAX_COUNT_NO_RTS_CTS = 65535.
MAX_CHILD_NUM = 10.
MAX_TRY_TO_FIND_PARENT = 3.

**********Below is Related Settings**********
PRIMAC_CONF_COMPOWER = 1.
PRIMAC_CONF_COMPOWER_SUPPORT = 1.
SF = 10.
PRI_SYNC_SUPPORT = 1.
RANDOM_DRIFT_IN_COOJA_SUPPORT = 0.
ADCSC_SUPPORT = 0.
DATA_TX_SUPPORT = 1.
CYCLES_PER_PACKET = 3.
DATA_INTERVAL = 3.
RETX_LIMIT = 6.
TOTAL_DATA_NUM = -1.
MAX_DATA_QUEUE_BUFS = 10.
PROC_GRADE_BASED_ON_ADDR_SUPPORT = 1.
NODES_NUM_PER_GRADE = 2.
ADDRESS_FREE_SUPPORT = 0.
IS_COOJA_SIM = 0.
CROSS_PLATFORM_SUPPORT = 1.
************************************************

My address is 5.0.
nullmac PRIMAC, channel check rate 8 Hz, radio channel 26
Starting
Hello, world
 P 0 0 0 2143979
 P 0 0 3390 2216159
 P 0 0 6841 2288760
 P 0 0 10231 2360519
 P 0 0 13621 2432699
 P 0 0 17011 2504879
 P 0 0 20401 2577059
EMPTY QUEUE
 P 423 0 23800 2651248
PT [3 0 1 -8 1]
 P 423 0 27190 2721419
PT [3 0 2 -8 1]
 P 423 0 30580 2793599
PT [3 0 3 -8 1]
 P 3168 0 31225 2865779
PT [3 0 4 -8 1]
 P 5582 0 32201 2937959
PT [3 0 5 -8 1]
EMPTY QUEUE
 P 6166 0 35600 3011701
PT [3 0 6 -10 1]
 P 6166 0 38990 3082319
PT [3 0 7 -10 1]
 P 6166 0 42380 3154499
PT [3 0 8 -10 1]
 P 7139 0 42383 3226679
PT [3 0 9 -10 1]
rcv bro rts
 P 8480 0 42424 3298859
PT [3 0 10 -10 1]
EMPTY QUEUE
 P 8545 0 48386 3375606
PT [3 0 11 -10 1]
EMPTY QUEUE
 P 9096 0 51784 3444940
PT [3 0 12 -12 1]
 P 9096 0 55174 3515399
PT [3 0 13 -12 1]
 P 10426 0 55177 3587579
PT [3 0 14 -12 1]
 P 11867 0 55186 3659759
PT [3 0 15 -12 1]
 P 11867 0 58576 3731939
PT [3 0 16 -12 1]
EMPTY QUEUE
 P 12357 0 61974 3806226
PT [3 0 17 -14 1]
 P 12357 0 65364 3876299
PT [3 0 18 -14 1]
 P 14567 0 65367 3948479
PT [3 0 19 -14 1]
 P 16876 0 65375 4020659
PT [3 0 20 -14 1]
 P 16876 0 68765 4092839
PT [3 0 21 -14 1]
EMPTY QUEUE
 P 17363 0 72163 4167060
PT [3 0 22 -17 1]
 P 17363 0 75553 4237199
PT [3 0 23 -17 1]
 P 18688 0 75557 4309379
PT [3 0 24 -17 1]
 P 19600 0 75565 4381559
PT [3 0 25 -17 1]
 P 19600 0 78955 4453739
PT [3 0 26 -17 1]
EMPTY QUEUE
 P 20119 0 82353 4527415
PT [3 0 27 -19 1]
 P 20119 0 85743 4598099
PT [3 0 28 -19 1]
 P 22772 0 85746 4670279
PT [3 0 29 -19 1]
 P 24381 0 85754 4742459
PT [3 0 30 -19 1]
 P 24381 0 89144 4814639
PT [3 0 31 -19 1]
EMPTY QUEUE
 P 24900 0 92543 4889276
PT [3 0 32 -21 1]
 P 24900 0 95933 4958999
PT [3 0 33 -21 1]
 P 27433 0 95936 5031179
PT [3 0 34 -21 1]
 P 28569 0 95944 5103359
PT [3 0 35 -21 1]
 P 28569 0 99334 5175539
PT [3 0 36 -21 1]
EMPTY QUEUE
 P 29088 0 102733 5248576
PT [3 0 37 -23 1]
 P 29088 0 106123 5319899
PT [3 0 38 -23 1]
 P 31837 0 106126 5392079
PT [3 0 39 -23 1]
 P 32904 0 106134 5464259
PT [3 0 40 -23 1]
 P 32904 0 109524 5536439
PT [3 0 41 -23 1]
EMPTY QUEUE
 P 33391 0 112923 5611428
PT [3 0 42 -25 1]
 P 33391 0 116313 5680799
PT [3 0 43 -25 1]
 P 34172 0 116316 5752979
PT [3 0 44 -25 1]
 P 36295 0 116324 5825159
PT [3 0 45 -25 1]
 P 36295 0 119714 5897339
PT [3 0 46 -25 1]
EMPTY QUEUE
 P 36846 0 123113 5971816
PT [3 0 47 -27 1]
 P 36846 0 126503 6041699
PT [3 0 48 -27 1]
 P 38572 0 126506 6113879
PT [3 0 49 -27 1]
 P 39416 0 126514 6186059
PT [3 0 50 -27 1]
 P 39416 0 129904 6258239
PT [3 0 51 -27 1]
EMPTY QUEUE
 P 39903 0 133302 6331564
PT [3 0 52 -29 1]
 P 39903 0 136692 6402599
PT [3 0 53 -29 1]
 P 42082 0 136695 6474779
PT [3 0 54 -29 1]
 P 42816 0 136699 6546959
PT [3 0 55 -29 1]
 P 44130 0 136708 6619139
PT [3 0 56 -29 1]
EMPTY QUEUE
 P 44618 0 140107 6692913
PT [3 0 57 -30 1]
 P 44618 0 143497 6763499
PT [3 0 58 -30 1]
 P 44618 0 146887 6835679
PT [3 0 59 -30 1]
 P 46247 0 146890 6907859
PT [3 0 60 -30 1]
 P 47633 0 146899 6980039
PT [3 0 61 -30 1]
EMPTY QUEUE
 P 48216 0 150297 7053844
PT [3 0 62 -33 1]
 P 48216 0 153687 7124399
PT [3 0 63 -33 1]
 P 48216 0 157077 7196579
PT [3 0 64 -33 1]
 P 49438 0 157080 7268759
PT [3 0 65 -33 1]
 P 51369 0 157089 7340939
PT [3 0 66 -33 1]
EMPTY QUEUE
 P 51888 0 160487 7414104
PT [3 0 67 -35 1]
 P 51888 0 163877 7485299
PT [3 0 68 -35 1]
 P 51888 0 167267 7557479
PT [3 0 69 -35 1]
 P 54597 0 167270 7629659
PT [3 0 70 -35 1]
 P 57065 0 167278 7701839
PT [3 0 71 -35 1]
EMPTY QUEUE
 P 57648 0 170676 7776029
PT [3 0 72 -38 1]
 P 57648 0 174066 7846199
PT [3 0 73 -38 1]
 P 57648 0 177456 7918379
PT [3 0 74 -38 1]
 P 59027 0 177459 7990559
PT [3 0 75 -38 1]
 P 60289 0 177467 8062739
PT [3 0 76 -38 1]
EMPTY QUEUE
 P 60872 0 180866 8137376
PT [3 0 77 -40 1]
 P 60872 0 184256 8207099
PT [3 0 78 -40 1]
 P 60872 0 187646 8279279
PT [3 0 79 -40 1]
 P 61860 0 187649 8351459
PT [3 0 80 -40 1]
 P 63245 0 187657 8423639
PT [3 0 81 -40 1]
EMPTY QUEUE
 P 63828 0 191057 8498213
PT [3 0 82 -42 1]
 P 63828 0 194447 8567999
PT [3 0 83 -42 1]
 P 63828 0 197837 8640179
PT [3 0 84 -42 1]
 P 65174 0 197841 8712359
PT [3 0 85 -42 1]
 P 66659 0 197849 8784539
PT [3 0 86 -42 1]
EMPTY QUEUE
 P 67274 0 201248 8858568
PT [3 0 87 -44 1]
 P 67274 0 204638 8928899
PT [3 0 88 -44 1]
 P 67274 0 208028 9001079
PT [3 0 89 -44 1]
 P 69469 0 208032 9073259
PT [3 0 90 -44 1]
 P 71778 0 208040 9145439
PT [3 0 91 -44 1]
EMPTY QUEUE
 P 72362 0 211439 9220397
PT [3 0 92 -45 1]
 P 72362 0 214829 9289799
PT [3 0 93 -45 1]
 P 72362 0 218219 9361979
PT [3 0 94 -45 1]
 P 73673 0 218222 9434159
PT [3 0 95 -45 1]
 P 74585 0 218230 9506339
PT [3 0 96 -45 1]
EMPTY QUEUE
 P 75072 0 221629 9579600
PT [3 0 97 -48 1]
 P 75072 0 225019 9650699
PT [3 0 98 -48 1]
 P 75072 0 228409 9722879
PT [3 0 99 -48 1]
 P 77712 0 228412 9795059
PT [3 0 100 -48 1]
 P 79322 0 228421 9867239
PT [3 0 101 -48 1]
EMPTY QUEUE
 P 79873 0 231819 9940500
PT [3 0 102 -50 1]
 P 79873 0 235209 10011599
PT [3 0 103 -50 1]
 P 79873 0 238599 10083779
PT [3 0 104 -50 1]
 P 82393 0 238602 10155959
PT [3 0 105 -50 1]
 P 83529 0 238610 10228139
PT [3 0 106 -50 1]
EMPTY QUEUE
 P 84080 0 242008 10302872
PT [3 0 107 -52 1]
 P 84080 0 245398 10372499
PT [3 0 108 -52 1]
 P 84080 0 248788 10444679
PT [3 0 109 -52 1]
 P 86813 0 248791 10516859
PT [3 0 110 -52 1]
 P 87880 0 248799 10589039
PT [3 0 111 -52 1]
EMPTY QUEUE
 P 88496 0 252197 10662749
PT [3 0 112 -54 1]
 P 88496 0 255587 10733399
PT [3 0 113 -54 1]
 P 88496 0 258977 10805579
PT [3 0 114 -54 1]
 P 89261 0 258980 10877759
PT [3 0 115 -54 1]
 P 91384 0 258988 10949939
PT [3 0 116 -54 1]
EMPTY QUEUE
 P 91935 0 262386 11024031
PT [3 0 117 -57 1]
 P 91935 0 265776 11094299
PT [3 0 118 -57 1]
 P 91935 0 269166 11166479
PT [3 0 119 -57 1]
 P 93647 0 269169 11238659
PT [3 0 120 -57 1]
 P 94491 0 269177 11310839
PT [3 0 121 -57 1]
EMPTY QUEUE
 P 94979 0 272576 11384805
PT [3 0 122 -59 1]
 P 94979 0 275966 11455199
PT [3 0 123 -59 1]
 P 94979 0 279356 11527379
PT [3 0 124 -59 1]
 P 97144 0 279359 11599559
PT [3 0 125 -59 1]
 P 97960 0 279367 11671739
PT [3 0 126 -59 1]
EMPTY QUEUE
 P 98575 0 282766 11745256
PT [3 0 127 -61 1]
 P 98575 0 286156 11816099
PT [3 0 128 -61 1]
 P 98575 0 289546 11888279
PT [3 0 129 -61 1]
 P 101209 0 289549 11960459
PT [3 0 130 -61 1]
 P 103688 72 289567 12035049
PT [3 0 131 -62 1]
 P 104239 144 292968 12106814
PT [3 0 132 -63 1]
 P 104304 144 298930 12181758
PT [3 0 133 -63 1]
 P 104888 216 302331 12251175
PT [3 0 134 -64 1]
 P 106924 216 302334 12321359
PT [3 0 135 -64 1]
 P 109089 288 302352 12395917
PT [3 0 136 -64 1]
 P 109577 360 305753 12466818
PT [3 0 137 -65 1]
 P 110096 432 309153 12540214
PT [3 0 138 -65 1]
 P 110615 504 312554 12612426
PT [3 0 139 -66 1]
 P 111781 504 312557 12682259
PT [3 0 140 -66 1]
 P 115153 576 312576 12757524
PT [3 0 141 -66 1]
 P 115738 576 315971 12829139
PT [3 0 142 -66 1]
 P 116353 576 319369 12900584
PT [3 0 143 -67 1]
 P 116968 576 322768 12972284
PT [3 0 144 -68 1]
 P 119479 576 322771 13043159
PT [3 0 145 -68 1]
 P 121133 576 322787 13116229
PT [3 0 146 -69 1]
 P 121594 576 328353 13191702
PT [3 0 147 -69 1]
 P 122209 648 331753 13261725
PT [3 0 148 -69 1]
 P 123926 648 331757 13331879
PT [3 0 149 -69 1]
 P 125850 648 331774 13405812
PT [3 0 150 -70 1]
 P 126619 648 331777 13476239
PT [3 0 151 -70 1]
 P 128573 930 331794 13550621
PT [3 0 152 -71 1]
 P 129318 930 331797 13620599
PT [3 0 153 -71 1]
 P 131183 930 331814 13694852
PT [3 0 154 -72 1]
 P 131903 930 331818 13764959
PT [3 0 155 -72 1]
 P 133733 930 331835 13838861
PT [3 0 156 -73 1]
 P 134545 930 331838 13909319
PT [3 0 157 -73 1]
 P 136349 930 331854 13983220
PT [3 0 158 -74 1]
 P 137137 930 331857 14053679
PT [3 0 159 -74 1]
 P 138741 930 331860 14125859
PT [3 0 160 -74 1]
Warning: retx limit drop data
 P 140612 930 331877 14200357
PT [3 0 161 -75 1]
 P 141363 930 331880 14270219
PT [3 0 162 -75 1]
 P 143334 930 331897 14344504
PT [3 0 163 -76 1]
 P 144061 930 331900 14414579
PT [3 0 164 -76 1]
 P 145976 930 331916 14488256
PT [3 0 165 -77 1]
 P 146678 930 331919 14558939
PT [3 0 166 -77 1]
 P 148567 930 331935 14633576
PT [3 0 167 -77 1]
 P 149378 930 331938 14703299
PT [3 0 168 -77 1]
 P 150175 930 331942 14775479
PT [3 0 169 -77 1]
 P 150960 930 331945 14847659
PT [3 0 170 -77 1]
 P 152894 930 331963 14920793
PT [3 0 171 -79 1]
 P 153655 930 331966 14992019
PT [3 0 172 -79 1]
 P 155658 930 331983 15067104
PT [3 0 173 -80 1]
 P 156394 930 331987 15136379
PT [3 0 174 -80 1]
Warning: retx limit drop data
 P 158371 930 332004 15210973
PT [3 0 175 -81 1]
 P 159083 930 332007 15280739
PT [3 0 176 -81 1]
 P 161006 930 332023 15354130
PT [3 0 177 -82 1]
 P 161814 930 332026 15425099
PT [3 0 178 -82 1]
 P 162610 930 332029 15497279
PT [3 0 179 -82 1]
 P 163394 930 332032 15569459
PT [3 0 180 -82 1]
 P 165294 930 332049 15643328
PT [3 0 181 -83 1]
 P 166053 930 332052 15713819
PT [3 0 182 -83 1]
 P 168087 930 332068 15787656
PT [3 0 183 -84 1]
 P 168823 930 332071 15858179
PT [3 0 184 -84 1]
 P 170374 930 332074 15930359
PT [3 0 185 -84 1]
 P 171562 930 332077 16002539
PT [3 0 186 -84 1]
 P 173513 930 332094 16075768
PT [3 0 187 -86 1]
 P 174320 930 332097 16146899
PT [3 0 188 -86 1]
 P 176277 930 332115 16221120
PT [3 0 189 -87 1]
 P 177059 930 332118 16291259
PT [3 0 190 -87 1]
Warning: retx limit drop data
 P 178896 930 332134 16365917
PT [3 0 191 -88 1]
 P 179654 930 332137 16435619
PT [3 0 192 -88 1]
 P 181626 930 332153 16510160
PT [3 0 193 -88 1]
 P 182359 930 332156 16579979
PT [3 0 194 -88 1]
 P 184304 930 332173 16653944
PT [3 0 195 -89 1]
 P 185013 930 332176 16724339
PT [3 0 196 -89 1]
 P 186869 930 332193 16799200
PT [3 0 197 -90 1]
 P 187673 930 332196 16868699
PT [3 0 198 -90 1]
 P 189631 930 332213 16942088
PT [3 0 199 -91 1]
 P 190411 930 332216 17013059
PT [3 0 200 -91 1]
 P 192218 930 332233 17086258
PT [3 0 201 -91 1]
 P 192973 930 332236 17157419
PT [3 0 202 -91 1]
Warning: retx limit drop data
 P 194880 930 332253 17232173
PT [3 0 203 -93 1]
 P 195612 930 332256 17301779
PT [3 0 204 -93 1]
 P 197589 930 332272 17375456
PT [3 0 205 -93 1]
 P 198295 930 332275 17446139
PT [3 0 206 -93 1]
 P 200152 930 332292 17520169
PT [3 0 207 -94 1]
 P 200953 930 332295 17590499
PT [3 0 208 -94 1]
 P 201743 930 332298 17662679
PT [3 0 209 -94 1]
 P 203626 930 332314 17736710
PT [3 0 210 -96 1]
 P 204391 930 332317 17807039
PT [3 0 211 -96 1]
 P 206394 930 332333 17880524
PT [3 0 212 -96 1]
 P 207134 930 332336 17951399
PT [3 0 213 -96 1]
 P 209048 930 332353 18025780
PT [3 0 214 -97 1]
 P 209764 930 332356 18095759
PT [3 0 215 -97 1]
Warning: retx limit drop data
 P 211621 930 332373 18170642
PT [3 0 216 -98 1]
 P 212422 930 332376 18240119
PT [3 0 217 -98 1]
 P 213210 930 332379 18312299
PT [3 0 218 -98 1]
 P 215060 930 332395 18387064
PT [3 0 219 -99 1]
 P 215824 930 332398 18456659
PT [3 0 220 -99 1]
 P 217763 930 332417 18530849
PT [3 0 221 -100 1]
 P 218503 930 332420 18601019
PT [3 0 222 -100 1]
 P 220448 930 332438 18674152
PT [3 0 223 -101 1]
 P 221164 930 332441 18745379
PT [3 0 224 -101 1]
 P 223149 930 332458 18819024
PT [3 0 225 -102 1]
 P 223840 930 332461 18889739
PT [3 0 226 -102 1]
 P 225798 930 332479 18963320
PT [3 0 227 -103 1]
 P 226597 930 332482 19034099
PT [3 0 228 -103 1]
Warning: retx limit drop data
 P 228435 930 332498 19109141
PT [3 0 229 -104 1]
 P 229212 930 332502 19178459
PT [3 0 230 -104 1]
 P 231120 930 332518 19252296
PT [3 0 231 -104 1]
 P 231870 930 332522 19322819
PT [3 0 232 -104 1]
 P 233881 930 332539 19397232
PT [3 0 233 -105 1]
 P 234607 930 332542 19467179
PT [3 0 234 -105 1]
 P 236463 930 332560 19541400
PT [3 0 235 -106 1]
 P 237165 930 332563 19611539
PT [3 0 236 -106 1]
 P 239060 930 332581 19685248
PT [3 0 237 -107 1]
 P 239855 930 332585 19755899
PT [3 0 238 -107 1]
 P 241726 930 332602 19830569
PT [3 0 239 -108 1]
 P 242497 930 332605 19900259
PT [3 0 240 -108 1]
Warning: retx limit drop data
 P 244533 930 332621 19973478
PT [3 0 1 0 1]
 P 245389 930 332624 20044510
PT [3 0 2 0 1]
 P 247477 930 332640 20119596
PT [3 0 3 1 1]
 P 248308 930 332643 20188870
PT [3 0 4 1 1]
 P 250337 930 332659 20263347
PT [3 0 5 -1 1]
 P 251144 930 332662 20333230
PT [3 0 6 -1 1]
 P 253115 930 332680 20406587
PT [3 0 7 -2 1]
 P 254018 930 332683 20477590
PT [3 0 8 -2 1]
 P 254909 930 332686 20549770
PT [3 0 9 -2 1]
 P 255789 930 332689 20621950
PT [3 0 10 -2 1]
 P 257710 930 332707 20695756
PT [3 0 11 -4 1]
 P 258564 930 332710 20766310
PT [3 0 12 -4 1]
 P 260555 930 332727 20840147
PT [3 0 13 -5 1]
 P 261385 930 332730 20910670
PT [3 0 14 -5 1]
Warning: retx limit drop data
 P 263319 930 332746 20983984
PT [3 0 15 -6 1]
 P 264124 930 332749 21055030
PT [3 0 16 -6 1]
 P 264917 930 332752 21127210
PT [3 0 17 -6 1]
 P 265698 930 332755 21199390
PT [3 0 18 -6 1]
 P 266467 930 332758 21271570
PT [3 0 19 -6 1]
 P 267223 930 332762 21343750
PT [3 0 20 -6 1]
 P 267970 930 332765 21415930
PT [3 0 21 -6 1]
 P 268703 930 332768 21488110
PT [3 0 22 -6 1]
 P 269424 930 332771 21560290
PT [3 0 23 -6 1]
 P 270133 930 332774 21632470
PT [3 0 24 -6 1]
 P 270829 930 332778 21704650
PT [3 0 25 -6 1]
 P 271513 930 332781 21776830
PT [3 0 26 -6 1]
 P 272185 930 332784 21849010
PT [3 0 27 -6 1]
 P 272845 930 332787 21921190
PT [3 0 28 -6 1]
 P 273493 930 332790 21993370
PT [3 0 29 -6 1]
 P 274128 930 332794 22065550
PT [3 0 30 -6 1]
 P 274751 930 332797 22137730
PT [3 0 31 -6 1]
 P 275362 930 332800 22209910
PT [3 0 32 -6 1]
 P 275961 930 332803 22282090
PT [3 0 33 -6 1]
 P 276548 930 332806 22354270
PT [3 0 34 -6 1]
 P 277122 930 332809 22426450
PT [3 0 35 -6 1]
 P 277684 930 332812 22498630
PT [3 0 36 -6 1]
 P 278234 930 332815 22570810
PT [3 0 37 -6 1]
 P 278772 930 332818 22642990
PT [3 0 38 -6 1]
 P 279297 930 332822 22715170
PT [3 0 39 -6 1]
 P 279810 930 332825 22787350
PT [3 0 40 -6 1]
 P 280311 930 332828 22859530
PT [3 0 41 -6 1]
 P 280801 930 332831 22931710
PT [3 0 42 -6 1]
 P 281278 930 332834 23003890
PT [3 0 43 -6 1]
 P 281742 930 332838 23076070
PT [3 0 44 -6 1]
 P 282194 930 332841 23148250
PT [3 0 45 -6 1]
 P 282634 930 332844 23220430
PT [3 0 46 -6 1]
 P 283062 930 332847 23292610
PT [3 0 47 -6 1]
 P 283478 930 332850 23364790
PT [3 0 48 -6 1]
 P 283881 930 332853 23436970
PT [3 0 49 -6 1]
 P 284272 930 332856 23509150
PT [3 0 50 -6 1]
 P 284651 930 332859 23581330
PT [3 0 51 -6 1]
 P 285018 930 332862 23653510
PT [3 0 52 -6 1]
 P 285373 930 332865 23725690
PT [3 0 53 -6 1]
 P 285715 930 332868 23797870
PT [3 0 54 -6 1]
 P 286045 930 332871 23870050
PT [3 0 55 -6 1]
 P 286363 930 332874 23942230
PT [3 0 56 -6 1]
 P 286669 930 332877 24014410
PT [3 0 57 -6 1]
 P 286962 930 332881 24086590
PT [3 0 58 -6 1]
 P 287243 930 332884 24158770
PT [3 0 59 -6 1]
 P 287512 930 332887 24230950
PT [3 0 60 -6 1]
 P 287769 930 332890 24303130
PT [3 0 61 -6 1]
 P 288014 930 332893 24375310
PT [3 0 62 -6 1]
 P 288248 930 332896 24447490
PT [3 0 63 -6 1]
 P 288468 930 332899 24519670
PT [3 0 64 -6 1]
 P 288676 930 332902 24591850
PT [3 0 65 -6 1]
 P 288872 930 332905 24664030
PT [3 0 66 -6 1]
 P 289056 930 332908 24736210
PT [3 0 67 -6 1]
 P 289227 930 332911 24808390
PT [3 0 68 -6 1]
 P 289386 930 332914 24880570
PT [3 0 69 -6 1]
 P 289533 930 332917 24952750
PT [3 0 70 -6 1]
 P 289668 930 332920 25024930
PT [3 0 71 -6 1]
 P 289790 930 332924 25097110
PT [3 0 72 -6 1]
 P 289900 930 332927 25169290
PT [3 0 73 -6 1]
 P 289998 930 332931 25241470
PT [3 0 74 -6 1]
 P 290084 930 332934 25313650
PT [3 0 75 -6 1]
 P 290158 930 332937 25385830
PT [3 0 76 -6 1]
 P 290219 930 332940 25458010
PT [3 0 77 -6 1]
 P 291251 930 332959 25532103
PT [3 0 78 -32 1]
 P 293235 930 332976 25604796
PT [3 0 79 -33 1]
 P 295843 930 332995 25676943
PT [3 0 80 -33 1]
 P 298884 1002 333015 25748758
PT [3 0 81 -33 1]
 P 300702 1074 333036 25821834
PT [3 0 82 -34 1]
 P 302570 1074 333052 25892171
PT [3 0 83 -34 1]
 P 304617 1074 333070 25964321
PT [3 0 84 -35 1]
 P 307415 1146 333090 26038213
PT [3 0 85 -35 1]
 P 308864 1218 333108 26109305
PT [3 0 86 -36 1]
 P 310904 1218 333125 26181660
PT [3 0 87 -36 1]
 P 312696 1218 333141 26253839
PT [3 0 88 -36 1]
 P 314285 1290 333161 26325622
PT [3 0 89 -37 1]
 P 316975 1290 333177 26398519
PT [3 0 90 -37 1]
 P 318410 1290 333195 26471243
PT [3 0 91 -38 1]
 P 319800 1290 333213 26543295
PT [3 0 92 -38 1]
 P 322357 1362 333232 26615205
PT [3 0 93 -38 1]
 P 324614 1362 333249 26686055
PT [3 0 94 -39 1]
 P 327973 1362 333265 26758684
PT [3 0 95 -39 1]
 P 329727 1362 333282 26830831
PT [3 0 96 -40 1]
 P 332251 1434 333303 26904693
PT [3 0 97 -40 1]
 P 333680 1434 333320 26975447
PT [3 0 98 -41 1]
 P 336403 1434 333337 27048140
PT [3 0 99 -41 1]
 P 338889 1506 333355 27120496
PT [3 0 100 -41 1]
 P 341617 1578 333375 27192165
PT [3 0 101 -42 1]
 P 343631 1578 333392 27264999
PT [3 0 102 -42 1]
 P 345186 1578 333410 27335515
PT [3 0 103 -43 1]
 P 347334 1650 333430 27410049
PT [3 0 104 -43 1]
 P 350522 1650 333447 27481348
PT [3 0 105 -44 1]
 P 353525 1650 333464 27552471
PT [3 0 106 -44 1]
 P 354955 1650 333481 27625099
PT [3 0 107 -44 1]
 P 358283 1722 333501 27697426
PT [3 0 108 -45 1]
 P 360292 1722 333517 27768787
PT [3 0 109 -45 1]
 P 362416 1722 333534 27841895
PT [3 0 110 -46 1]
 P 363762 1722 333552 27914524
PT [3 0 111 -46 1]
 P 366594 1794 333571 27986881
PT [3 0 112 -47 1]
 P 368424 1794 333589 28058243
PT [3 0 113 -47 1]
 P 370625 1794 333605 28131383
PT [3 0 114 -47 1]
 P 373947 1866 333624 28202205
PT [3 0 115 -48 1]
 P 377065 1938 333644 28274354
PT [3 0 116 -48 1]
 P 378992 1938 333661 28347827
PT [3 0 117 -49 1]
 P 379543 1938 337060 28419207
PT [3 0 118 -49 1]
 P 381476 2010 337079 28491821
PT [3 0 119 -49 1]
 P 383332 2010 337097 28563375
PT [3 0 120 -50 1]
 P 385844 2010 337114 28636835
PT [3 0 121 -50 1]
 P 388821 2010 337131 28707671
PT [3 0 122 -51 1]
 P 390608 2082 337151 28780253
PT [3 0 123 -51 1]
 P 392593 2082 337168 28851904
PT [3 0 124 -52 1]
 P 394787 2082 337185 28925363
PT [3 0 125 -52 1]
 P 397606 2082 337201 28996071
PT [3 0 126 -52 1]
 P 399169 2154 337220 29068781
PT [3 0 127 -53 1]
 P 401356 2154 337236 29140399
PT [3 0 128 -53 1]
 P 403116 2154 337254 29213795
PT [3 0 129 -54 1]
 P 404704 2226 337273 29284841
PT [3 0 130 -54 1]
 P 407428 2298 337292 29357245
PT [3 0 131 -55 1]
 P 408799 2298 337310 29428863
PT [3 0 132 -55 1]
 P 410307 2298 337327 29502260
PT [3 0 133 -54 1]
 P 412916 2370 337346 29575385
PT [3 0 134 -56 1]
 P 415193 2370 337363 29645435
PT [3 0 135 -56 1]
 P 418574 2370 337379 29719345
PT [3 0 136 -55 1]
 P 420380 2370 337398 29790756
PT [3 0 137 -57 1]
 P 422747 2442 337416 29863753
PT [3 0 138 -57 1]
 P 424177 2442 337433 29935947
PT [3 0 139 -58 1]
 P 426868 2442 337451 30007840
PT [3 0 140 -58 1]
 P 429356 2442 337469 30079220
PT [3 0 141 -59 1]
 P 432105 2514 337489 30152313
PT [3 0 142 -59 1]
 P 432657 2514 340887 30223868
PT [3 0 143 -60 1]
 P 434552 2514 340905 30296432
PT [3 0 144 -60 1]
 P 436499 2586 340923 30368853
PT [3 0 145 -60 1]
 P 439069 2658 340942 30440489
PT [3 0 146 -61 1]
 P 442105 2658 340958 30513387
PT [3 0 147 -61 1]
 P 444013 2658 340976 30583999
PT [3 0 148 -62 1]
 P 445971 2730 340996 30656357
PT [3 0 149 -62 1]
 P 447949 2730 341012 30729640
PT [3 0 150 -63 1]
 P 450792 2730 341030 30800731
PT [3 0 151 -63 1]
 P 452285 2730 341046 30873359
PT [3 0 152 -63 1]
 P 454403 2802 341066 30945717
PT [3 0 153 -64 1]
 P 456222 2802 341083 31017208
PT [3 0 154 -64 1]
 P 457804 2802 341100 31090251
PT [3 0 155 -65 1]
 P 460584 2802 341117 31162975
PT [3 0 156 -65 1]
 P 461918 2874 341136 31235237
PT [3 0 157 -66 1]
 P 463303 2874 341153 31306631
PT [3 0 158 -66 1]
 P 465854 2874 341169 31377787
PT [3 0 159 -66 1]
 P 468157 2946 341188 31450593
PT [3 0 160 -67 1]
 P 471627 3018 341207 31522774
PT [3 0 161 -67 1]
 P 471638 3018 344599 31595155
PT [3 0 162 -67 1]
 P 473648 3018 344617 31666795
PT [3 0 163 -68 1]
 P 475517 3090 344636 31738768
PT [3 0 164 -68 1]
 P 477979 3162 344655 31812165
PT [3 0 165 -69 1]
 P 481002 3162 344671 31884903
PT [3 0 166 -69 1]
 P 482801 3162 344691 31955163
PT [3 0 167 -70 1]
 P 484653 3234 344711 32029314
PT [3 0 168 -70 1]
 P 486798 3234 344727 32100452
PT [3 0 169 -71 1]
 P 489727 3234 344745 32173367
PT [3 0 170 -71 1]
 P 491305 3234 344761 32245740
PT [3 0 171 -71 1]
 P 493474 3306 344781 32317809
PT [3 0 172 -72 1]
 P 495184 3306 344797 32388883
PT [3 0 173 -72 1]
 P 496787 3306 344814 32461799
PT [3 0 174 -73 1]
 P 499493 3306 344831 32534172
PT [3 0 175 -73 1]
 P 500879 3378 344850 32606305
PT [3 0 176 -74 1]
 P 502187 3378 344868 32677315
PT [3 0 177 -74 1]
 P 504840 3378 344885 32750327
PT [3 0 178 -74 1]
 P 507098 3450 344904 32822845
PT [3 0 179 -75 1]
 P 510458 3522 344924 32894705
PT [3 0 180 -75 1]
 P 512214 3522 344941 32965843
PT [3 0 181 -76 1]
 P 514721 3522 344958 33038791
PT [3 0 182 -76 1]
 P 516196 3594 344977 33111373
PT [3 0 183 -76 1]
 P 518804 3594 344994 33182895
PT [3 0 184 -77 1]
 P 521178 3594 345010 33256293
PT [3 0 185 -77 1]
 P 523728 3594 345028 33327127
PT [3 0 186 -78 1]
 P 525843 3666 345047 33399838
PT [3 0 187 -77 1]
 P 527498 3666 345063 33471391
PT [3 0 188 -79 1]
 P 529649 3666 345080 33544819
PT [3 0 189 -79 1]
 P 532838 3666 345096 33615591
PT [3 0 190 -79 1]
 P 535727 3738 345116 33688237
PT [3 0 191 -80 1]
 P 537043 3738 345132 33759855
PT [3 0 192 -80 1]
 P 540353 3738 345149 33833315
PT [3 0 193 -81 1]
 P 542280 3810 345169 33904329
PT [3 0 194 -81 1]
 P 544451 3882 345187 33976797
PT [3 0 195 -82 1]
 P 545957 3882 345204 34048415
PT [3 0 196 -82 1]
 P 548916 3882 345222 34121780
PT [3 0 197 -81 1]
 P 550906 3954 345243 34194937
PT [3 0 198 -83 1]
 P 553170 3954 345259 34264923
PT [3 0 199 -83 1]
 P 556440 3954 345276 34338831
PT [3 0 200 -84 1]
 P 559570 3954 345295 34410276
PT [3 0 201 -84 1]
 P 561415 4026 345314 34483370
PT [3 0 202 -85 1]
 P 563055 4026 345332 34555499
PT [3 0 203 -85 1]
 P 566306 4026 345349 34627391
PT [3 0 204 -85 1]
 P 569182 4026 345366 34698611
PT [3 0 205 -86 1]
 P 571791 4098 345384 34771769
PT [3 0 206 -86 1]
 P 574547 4098 345400 34843899
PT [3 0 207 -87 1]
 P 577194 4098 345417 34915759
PT [3 0 208 -87 1]
 P 578905 4170 345436 34987381
PT [3 0 209 -87 1]
 P 580921 4242 345455 35060265
PT [3 0 210 -88 1]
 P 583466 4242 345471 35132363
PT [3 0 211 -88 1]
 P 586572 4242 345488 35204192
PT [3 0 212 -89 1]
 P 589092 4314 345507 35275814
PT [3 0 213 -88 1]
 P 591777 4314 345523 35348455
PT [3 0 214 -90 1]
 P 594130 4314 345540 35420891
PT [3 0 215 -90 1]
 P 597362 4314 345556 35492687
PT [3 0 216 -90 1]
 P 599243 4386 345576 35566358
PT [3 0 217 -91 1]
 P 601238 4386 345593 35636887
PT [3 0 218 -91 1]
 P 603254 4386 345610 35709356
PT [3 0 219 -92 1]
 P 605798 4386 345627 35781215
PT [3 0 220 -92 1]
 P 607979 4458 345646 35854821
PT [3 0 221 -93 1]
 P 610083 4458 345663 35925351
PT [3 0 222 -93 1]
 P 613277 4458 345679 35997724
PT [3 0 223 -93 1]
 P 616555 4530 345700 36069889
PT [3 0 224 -94 1]
 P 619214 4602 345719 36143317
PT [3 0 225 -94 1]
 P 621669 4602 345737 36213879
PT [3 0 226 -95 1]
 P 624271 4602 345754 36286187
PT [3 0 227 -95 1]
 P 626701 4674 345774 36358289
PT [3 0 228 -95 1]
 P 629278 4674 345791 36431476
PT [3 0 229 -96 1]
 P 632033 4674 345809 36504360
PT [3 0 230 -96 1]
 P 633724 4674 345826 36574683
PT [3 0 231 -97 1]
 P 635101 4746 345847 36648801
PT [3 0 232 -97 1]
 P 638378 4746 345864 36719971
PT [3 0 233 -98 1]
 P 640271 4746 345881 36792791
PT [3 0 234 -98 1]
 P 642247 4746 345897 36865163
PT [3 0 235 -98 1]
 P 644338 4818 345916 36937361
PT [3 0 236 -99 1]
 P 645683 4818 345934 37008403
PT [3 0 237 -99 1]
 P 647971 4818 345952 37081351
PT [3 0 238 -100 1]
 P 649514 4818 345969 37153723
PT [3 0 239 -100 1]
 P 652606 4890 345987 37225825
PT [3 0 240 -101 1]
 P 654781 4890 346004 37296963
PT [3 0 241 -101 1]
 P 656688 4890 346021 37369815
PT [3 0 242 -101 1]
 P 659922 4962 346039 37442334
PT [3 0 243 -101 1]
 P 662027 5034 346059 37514258
PT [3 0 244 -102 1]
 P 663641 5034 346076 37585363
PT [3 0 245 -103 1]
 P 665116 5034 346094 37658312
PT [3 0 246 -103 1]
 P 668457 5106 346112 37730861
PT [3 0 247 -104 1]
 P 670637 5106 346130 37802415
PT [3 0 248 -104 1]
 P 673092 5106 346146 37875939
PT [3 0 249 -104 1]
 P 675840 5106 346163 37946711
PT [3 0 250 -105 1]
 P 677493 5178 346183 38019358
PT [3 0 251 -104 1]
 P 679675 5178 346199 38090975
PT [3 0 252 -106 1]
 P 681429 5178 346217 38164339
PT [3 0 253 -106 1]
 P 683107 5178 346235 38235176
PT [3 0 254 -107 1]
 P 686109 5250 346255 38307757
PT [3 0 255 -107 1]
 P 687826 5250 346272 38379377
PT [3 0 256 -107 1]
 P 690038 5250 346291 38452773
PT [3 0 257 -108 1]
 P 692621 5322 346310 38523849
PT [3 0 258 -108 1]
 P 695306 5394 346328 38596221
PT [3 0 1 0 1]
 P 697863 5394 346345 38667730
PT [3 0 2 0 1]
 P 700312 5394 346361 38741158
PT [3 0 3 0 1]
 P 702398 5466 346380 38814348
PT [3 0 4 -1 1]
 P 704694 5466 346396 38884366
PT [3 0 5 -1 1]
 P 707391 5466 346413 38958274
PT [3 0 6 -2 1]
 P 709248 5466 346430 39029559
PT [3 0 7 -2 1]
 P 712336 5538 346448 39102749
PT [3 0 8 -1 1]
 P 715472 5538 346467 39174878
PT [3 0 9 -3 1]
 P 717799 5538 346484 39246706
PT [3 0 10 -3 1]
 P 720591 5538 346502 39318086
PT [3 0 11 -4 1]
 P 723403 5610 346520 39391276
PT [3 0 12 -4 1]
 P 725979 5610 346537 39463278
PT [3 0 13 -5 1]
 P 728829 5610 346554 39535234
PT [3 0 14 -5 1]
 P 731347 5682 346573 39606823
PT [3 0 15 -5 1]
 P 733980 5754 346592 39679708
PT [3 0 16 -6 1]
 P 736984 5754 346609 39751808
PT [3 0 17 -6 1]
 P 738873 5754 346626 39823698
PT [3 0 18 -7 1]
 P 742214 5826 346646 39895288
PT [3 0 19 -7 1]
 P 744173 5826 346663 39967930
PT [3 0 20 -8 1]
 P 746501 5826 346680 40040302
PT [3 0 21 -8 1]
 P 748975 5826 346696 40112130
PT [3 0 22 -8 1]
 P 751850 5898 346716 40185768
PT [3 0 23 -9 1]
 P 755159 5898 346732 40256426
PT [3 0 24 -9 1]
 P 756607 5898 346749 40328670
PT [3 0 25 -10 1]
 P 758966 5898 346767 40400594
PT [3 0 26 -10 1]
 P 760792 5970 346785 40474264
PT [3 0 27 -11 1]
 P 763814 5970 346803 40544890
PT [3 0 28 -11 1]
 P 765677 5970 346819 40617230
PT [3 0 29 -11 1]
 P 767559 6042 346838 40689300
PT [3 0 30 -12 1]
 P 769937 6114 346857 40762631
PT [3 0 31 -12 1]
 P 771316 6114 346875 40833290
PT [3 0 32 -13 1]
 P 773701 6114 346892 40905695
PT [3 0 33 -14 1]
 P 775501 6186 346910 40977798
PT [3 0 34 -15 1]
 P 777891 6186 346928 41050983
PT [3 0 35 -15 1]
 P 780289 6186 346944 41123868
PT [3 0 36 -15 1]
 P 782228 6186 346961 41194063
PT [3 0 37 -16 1]
 P 784154 6258 346980 41268213
PT [3 0 38 -16 1]
 P 787437 6258 346997 41339319
PT [3 0 39 -17 1]
 P 789847 6258 347014 41412203
PT [3 0 40 -17 1]
 P 792786 6258 347031 41484703
PT [3 0 41 -18 1]
 P 794310 6330 347051 41556709
PT [3 0 42 -18 1]
 P 797161 6330 347067 41627911
PT [3 0 43 -18 1]
 P 799808 6330 347084 41700700
PT [3 0 44 -19 1]
 P 800359 6330 350483 41772559
PT [3 0 45 -19 1]
 P 800887 6330 353878 41845257
PT [3 0 46 -19 1]
 P 801503 6330 357277 41916727
PT [3 0 47 -20 1]
Warning: retx limit drop data
 P 802055 6330 360675 41988448
PT [3 0 48 -20 1]
 P 802670 6402 364076 42061777
PT [3 0 49 -21 1]
 P 803285 6402 367474 42132467
PT [3 0 50 -21 1]
 P 803772 6402 370873 42205703
PT [3 0 51 -22 1]
 P 804259 6402 374272 42277916
PT [3 0 52 -22 1]
 P 804843 6474 377672 42349825
PT [3 0 53 -23 1]
 P 805017 6474 381067 42422663
PT [3 0 54 -23 1]
 P 805536 6474 384465 42494071
PT [3 0 55 -23 1]
 P 806055 6474 387864 42565771
PT [3 0 56 -24 1]
 P 806606 6546 391264 42639153
PT [3 0 57 -24 1]
 P 807189 6546 394663 42709875
PT [3 0 58 -25 1]
 P 807772 6546 398062 42783239
PT [3 0 59 -25 1]
 P 808324 6546 401460 42855420
PT [3 0 60 -26 1]
 P 808843 6618 404861 42927201
PT [3 0 61 -26 1]
 P 808908 6618 410823 43002561
PT [3 0 62 -26 1]
 P 809459 6618 414222 43071543
PT [3 0 63 -27 1]
 P 810010 6690 417623 43143485
PT [3 0 64 -27 1]
 P 810594 6762 421023 43216625
PT [3 0 65 -28 1]
 P 811081 6762 424422 43287219
PT [3 0 66 -28 1]
 P 811697 6762 427820 43360712
PT [3 0 67 -28 1]
 P 812216 6834 431221 43433069
PT [3 0 68 -29 1]
 P 812735 6834 434619 43504399
PT [3 0 69 -29 1]
 P 812800 6834 440581 43580001
PT [3 0 70 -29 1]
 P 813351 6834 443980 43648983
PT [3 0 71 -30 1]
 P 813968 6906 447380 43720990
PT [3 0 72 -29 1]
 P 814551 6906 450779 43793823
PT [3 0 73 -31 1]
 P 815038 6906 454177 43864659
PT [3 0 74 -31 1]
 P 815525 6906 457576 43938023
PT [3 0 75 -32 1]
 P 816012 6978 460976 44010476
PT [3 0 76 -32 1]
 P 816595 6978 464375 44081903
PT [3 0 77 -33 1]
 P 816795 6978 467770 44155010
PT [3 0 78 -33 1]
 P 817315 6978 471168 44226392
PT [3 0 79 -34 1]
 P 817866 7050 474569 44298365
PT [3 0 80 -34 1]
 P 818353 7050 477967 44371167
PT [3 0 81 -34 1]
 P 818872 7050 481366 44442131
PT [3 0 82 -35 1]
 P 819391 7122 484766 44515737
PT [3 0 83 -35 1]
 P 819974 7122 488165 44587771
PT [3 0 84 -36 1]
 P 820493 7122 491564 44659279
PT [3 0 85 -36 1]
 P 820660 7122 494959 44732416
PT [3 0 86 -36 1]
 P 821275 7122 498358 44803927
PT [3 0 87 -37 1]
 P 821890 7122 501756 44875627
PT [3 0 88 -37 1]
Warning: retx limit drop data
 P 822473 7122 505155 44948789
PT [3 0 89 -38 1]
 P 823088 7122 508554 45019667
PT [3 0 90 -38 1]
 P 823609 7194 511954 45093178
PT [3 0 91 -39 1]
 P 824128 7194 515353 45165147
PT [3 0 92 -39 1]
 P 824744 7194 518751 45236816
PT [3 0 93 -39 1]
 P 824809 7194 524713 45312321
PT [3 0 94 -39 1]
 P 825392 7194 528111 45381335
PT [3 0 95 -40 1]
 P 825975 7194 531510 45453035
PT [3 0 96 -41 1]
Warning: retx limit drop data
 P 826591 7194 534909 45526261
PT [3 0 97 -41 1]
 P 827079 7266 538310 45597222
PT [3 0 98 -41 1]
 P 827598 7266 541709 45670375
PT [3 0 99 -42 1]
 P 828117 7266 545107 45742587
PT [3 0 100 -42 1]
 P 828636 7266 548506 45814159
PT [3 0 101 -43 1]
 P 828662 7266 551898 45887151
PT [3 0 102 -43 1]
 P 829214 7266 555297 45958744
PT [3 0 103 -44 1]
Warning: retx limit drop data
 P 829765 7266 558696 46030528
PT [3 0 104 -44 1]
 P 830285 7266 562094 46103520
PT [3 0 105 -45 1]
 P 830772 7338 565495 46174661
PT [3 0 106 -45 1]
 P 831291 7338 568893 46247815
PT [3 0 107 -45 1]
 P 831810 7338 572292 46320027
PT [3 0 108 -46 1]
 P 832394 7410 575693 46391906
PT [3 0 109 -46 1]
 P 832591 7410 579088 46464765
PT [3 0 110 -46 1]
 P 833110 7410 582487 46536151
PT [3 0 111 -47 1]
 P 833662 7410 585885 46607884
PT [3 0 112 -47 1]
 P 834149 7482 589286 46681169
PT [3 0 113 -48 1]
 P 834732 7482 592684 46751955
PT [3 0 114 -48 1]
 P 835316 7482 596083 46825320
PT [3 0 115 -49 1]
 P 835868 7482 599482 46897500
PT [3 0 116 -49 1]
 P 836356 7554 602882 46969249
PT [3 0 117 -50 1]
 P 836516 7554 606277 47042169
PT [3 0 118 -50 1]
 P 837035 7554 609675 47113591
PT [3 0 119 -50 1]
 P 837650 7554 613074 47185387
PT [3 0 120 -51 1]
 P 838137 7626 616474 47258609
PT [3 0 121 -51 1]
 P 839710 7626 620928 47331441
PT [3 0 122 -51 1]
 P 840325 7626 624327 47402407
PT [3 0 123 -52 1]
 P 840909 7626 627725 47474076
PT [3 0 124 -53 1]
 P 841493 7698 631126 47547426
PT [3 0 125 -52 1]
 P 842012 7698 634524 47618051
PT [3 0 126 -53 1]
 P 842563 7698 637923 47691447
PT [3 0 127 -54 1]
 P 843114 7770 641323 47763901
PT [3 0 128 -54 1]
 P 843730 7770 644721 47835295
PT [3 0 129 -55 1]
 P 843795 7770 650683 47910801
PT [3 0 130 -55 1]
 P 844347 7770 654081 47979784
PT [3 0 131 -56 1]
 P 844866 7842 657482 48051693
PT [3 0 132 -56 1]
 P 845385 7842 660880 48124559
PT [3 0 133 -56 1]
 P 846000 7842 664279 48195587
PT [3 0 134 -57 1]
 P 846583 7842 667678 48268919
PT [3 0 135 -57 1]
 P 847167 7914 671078 48341373
PT [3 0 136 -58 1]
 P 847719 7914 674477 48412671
PT [3 0 137 -58 1]
 P 847784 7914 677869 48485670
PT [3 0 138 -58 1]
 P 848367 7914 681268 48557255
PT [3 0 139 -59 1]
 P 848982 7986 684668 48629229
PT [3 0 140 -59 1]
 P 849566 7986 688067 48702064
PT [3 0 141 -60 1]
 P 850181 7986 691466 48773027
PT [3 0 142 -60 1]
 P 850701 8058 694866 48846537
PT [3 0 143 -61 1]
 P 851252 8130 698267 48918781
PT [3 0 144 -61 1]
 P 851803 8130 701665 48990111
PT [3 0 145 -61 1]
 P 851989 8130 705060 49063235
PT [3 0 146 -61 1]
 P 852477 8130 708458 49134600
PT [3 0 147 -62 1]
 P 853093 8130 711856 49206427
PT [3 0 148 -63 1]
 P 853580 8130 715255 49279407
PT [3 0 149 -63 1]
Warning: retx limit drop data
 P 854068 8130 718653 49350424
PT [3 0 150 -63 1]
 P 854651 8202 722054 49424041
PT [3 0 151 -64 1]
 P 855138 8202 725452 49495915
PT [3 0 152 -64 1]
 P 855690 8202 728851 49567552
PT [3 0 153 -65 1]
 P 855844 8202 732247 49640643
PT [3 0 154 -65 1]
 P 856428 8202 735645 49712135
PT [3 0 155 -66 1]
 P 856947 8202 739044 49783771
PT [3 0 156 -66 1]
Warning: retx limit drop data
 P 857434 8202 742442 49856931
PT [3 0 157 -66 1]
 P 857953 8274 745843 49928053
PT [3 0 158 -67 1]
 P 858474 8346 749243 50001418
PT [3 0 159 -67 1]
 P 859026 8346 752642 50073420
PT [3 0 160 -68 1]
 P 859641 8346 756042 50145056
PT [3 0 161 -68 1]
 P 859706 8346 762004 50220561
PT [3 0 162 -68 1]
 P 860321 8346 765403 50289607
PT [3 0 163 -69 1]
 P 860840 8346 768801 50361211
PT [3 0 164 -69 1]
Warning: retx limit drop data
 P 861327 8346 772200 50434372
PT [3 0 165 -70 1]
 P 861943 8418 775600 50505590
PT [3 0 166 -70 1]
 P 862430 8418 778999 50578583
PT [3 0 167 -71 1]
 P 862981 8418 782398 50650859
PT [3 0 168 -71 1]
 P 863533 8418 785796 50722432
PT [3 0 169 -72 1]
 P 863544 8418 789188 50795375
PT [3 0 170 -72 1]
 P 864159 8418 792586 50867047
PT [3 0 171 -72 1]
Warning: retx limit drop data
 P 864744 8418 795985 50938801
PT [3 0 172 -73 1]
 P 865295 8490 799386 51012033
PT [3 0 173 -73 1]
 P 865815 8562 802786 51082933
PT [3 0 174 -74 1]
 P 866334 8562 806185 51156055
PT [3 0 175 -74 1]
 P 866950 8562 809583 51228364
PT [3 0 176 -74 1]
 P 867533 8634 812984 51300145
PT [3 0 177 -75 1]
 P 867713 8634 816379 51372990
PT [3 0 178 -75 1]
 P 868122 8634 821997 51446501
PT [3 0 179 -75 1]
 P 868737 8634 825396 51516667
PT [3 0 180 -76 1]
 P 869321 8706 828796 51588577
PT [3 0 181 -77 1]
 P 869905 8706 832195 51661443
PT [3 0 182 -77 1]
 P 870424 8706 835593 51732311
PT [3 0 183 -77 1]
 P 870975 8706 838992 51805707
PT [3 0 184 -78 1]
 P 871526 8778 842394 51878162
PT [3 0 185 -78 1]
 P 872141 8778 845793 51949555
PT [3 0 186 -79 1]
 P 872289 8778 849188 52022577
PT [3 0 187 -79 1]
 P 872841 8778 852586 52094044
PT [3 0 188 -80 1]
 P 873360 8850 855987 52165953
PT [3 0 189 -80 1]
 P 873880 8850 859385 52238819
PT [3 0 190 -80 1]
 P 874495 8850 862784 52309847
PT [3 0 191 -81 1]
 P 875078 8922 866185 52383421
PT [3 0 192 -81 1]
 P 875661 8922 869584 52455391
PT [3 0 193 -82 1]
 P 876212 8922 872983 52526931
PT [3 0 194 -82 1]
 P 876277 8922 878945 52602501
PT [3 0 195 -82 1]
 P 876860 8922 882344 52671516
PT [3 0 196 -83 1]
 P 877475 8922 885742 52743247
PT [3 0 197 -83 1]
Warning: retx limit drop data
 P 878059 8922 889141 52816408
PT [3 0 198 -84 1]
 P 878674 8922 892539 52887287
PT [3 0 199 -84 1]
 P 879195 8994 895939 52960798
PT [3 0 200 -83 1]
 P 879746 8994 899338 53032799
PT [3 0 201 -85 1]
 P 880297 8994 902736 53104371
PT [3 0 202 -85 1]
 P 880362 8994 908698 53179941
PT [3 0 203 -85 1]
 P 880849 8994 912096 53248859
PT [3 0 204 -86 1]
 P 881464 8994 915495 53320687
PT [3 0 205 -87 1]
Warning: retx limit drop data
 P 881951 8994 918894 53393752
PT [3 0 206 -87 1]
 P 882439 9066 922294 53464841
PT [3 0 207 -88 1]
 P 883022 9138 925696 53538301
PT [3 0 208 -88 1]
 P 883509 9138 929094 53610175
PT [3 0 209 -88 1]
 P 884060 9138 932493 53681811
PT [3 0 210 -89 1]
 P 884071 9138 935885 53754755
PT [3 0 211 -89 1]
 P 884655 9138 939283 53826395
PT [3 0 212 -90 1]
 P 885175 9138 942682 53898032
PT [3 0 213 -89 1]
Warning: retx limit drop data
 P 885663 9138 946080 53971192
PT [3 0 214 -91 1]
 P 886183 9210 949481 54042313
PT [3 0 215 -91 1]
 P 886702 9210 952879 54115435
PT [3 0 216 -91 1]
 P 887253 9210 956278 54187679
PT [3 0 217 -92 1]
 P 887869 9210 959677 54259316
PT [3 0 218 -92 1]
 P 887934 9210 965639 54334821
PT [3 0 219 -92 1]
 P 888549 9210 969038 54403868
PT [3 0 220 -93 1]
Warning: retx limit drop data
 P 889068 9210 972436 54475556
PT [3 0 221 -93 1]
 P 889555 9282 975837 54548789
PT [3 0 222 -94 1]
 P 890170 9354 979237 54619848
PT [3 0 223 -94 1]
 P 890658 9354 982636 54692844
PT [3 0 224 -95 1]
 P 891209 9354 986035 54765119
PT [3 0 225 -95 1]
 P 891761 9426 989435 54836933
PT [3 0 226 -96 1]
 P 891772 9426 992827 54909635
PT [3 0 227 -96 1]
 P 892387 9426 996225 54981307
PT [3 0 228 -96 1]
 P 892970 9426 999624 55052975
PT [3 0 229 -97 1]
 P 893522 9498 1003026 55126295
PT [3 0 230 -97 1]
 P 894041 9498 1006425 55196951
PT [3 0 231 -98 1]
 P 894560 9498 1009824 55270315
PT [3 0 232 -98 1]
 P 895175 9498 1013223 55342624
PT [3 0 233 -99 1]
 P 895758 9570 1016624 55414405
PT [3 0 234 -99 1]
 P 895927 9570 1020020 55487238
PT [3 0 235 -99 1]
 P 896479 9570 1023419 55558685
PT [3 0 236 -100 1]
 P 896966 9642 1026820 55630561
PT [3 0 237 -100 1]
 P 897550 9714 1030220 55703765
PT [3 0 238 -101 1]
 P 898037 9714 1033619 55774359
PT [3 0 239 -101 1]
 P 898556 9714 1037017 55847755
PT [3 0 240 -101 1]
 P 899107 9786 1040418 55920241
PT [3 0 241 -102 1]
 P 899660 9786 1043816 55991573
PT [3 0 242 -102 1]
 P 899795 9786 1047211 56064644
PT [3 0 243 -102 1]
 P 900410 9786 1050610 56136187
PT [3 0 244 -103 1]
 P 900962 9858 1054010 56208065
PT [3 0 245 -104 1]
 P 901513 9858 1057409 56280931
PT [3 0 246 -104 1]
 P 902000 9858 1060807 56351799
PT [3 0 247 -104 1]
 P 902487 9858 1064206 56425163
PT [3 0 248 -105 1]
 P 903072 9930 1067606 56497714
PT [3 0 249 -105 1]
 P 903623 9930 1071005 56569011
PT [3 0 250 -106 1]
 P 903688 9930 1076967 56644581
PT [3 0 251 -106 1]
 P 904304 9930 1080365 56713628
PT [3 0 252 -107 1]
 P 904792 10002 1083766 56785442
PT [3 0 253 -106 1]
 P 905375 10002 1087166 56858404
PT [3 0 254 -107 1]
 P 905863 10002 1090565 56929240
PT [3 0 255 -108 1]
 P 906446 10074 1093965 57002941
PT [3 0 256 -108 1]
 P 906997 10074 1097364 57074879
PT [3 0 1 0 1]
 P 907613 10074 1100763 57146407
PT [3 0 2 0 1]
 P 907790 10074 1104158 57219458
PT [3 0 3 0 1]
 P 908277 10074 1107557 57290830
PT [3 0 4 -1 1]
 P 908764 10074 1110955 57362530
PT [3 0 5 -1 1]
Warning: retx limit drop data
 P 909251 10074 1114354 57435724
PT [3 0 6 -2 1]
 P 909866 10074 1117753 57506698
PT [3 0 7 -2 1]
 P 910482 10146 1121154 57580305
PT [3 0 8 -3 1]
 P 911065 10146 1124553 57652242
PT [3 0 9 -3 1]
 P 911616 10146 1127952 57723782
PT [3 0 10 -3 1]
 P 911759 10146 1131347 57796863
PT [3 0 11 -3 1]
 P 912260 10146 1136874 57870412
PT [3 0 12 -3 1]
 P 912875 10146 1140273 57940578
PT [3 0 13 -5 1]
Warning: retx limit drop data
 P 913458 10146 1143672 58012331
PT [3 0 14 -5 1]
 P 914042 10218 1147072 58085596
PT [3 0 15 -6 1]
 P 914561 10218 1150471 58156222
PT [3 0 16 -6 1]
 P 915112 10218 1153869 58229618
PT [3 0 17 -6 1]
 P 915663 10218 1157268 58301830
PT [3 0 18 -7 1]
 P 916279 10290 1160669 58373709
PT [3 0 19 -7 1]
 P 916484 10290 1164064 58446545
PT [3 0 20 -7 1]
 P 916982 10290 1169593 58520032
PT [3 0 21 -7 1]
 P 917598 10290 1172991 58590199
PT [3 0 22 -9 1]
 P 918181 10362 1176392 58662108
PT [3 0 23 -9 1]
 P 918764 10362 1179790 58734974
PT [3 0 24 -9 1]
 P 919283 10362 1183189 58805842
PT [3 0 25 -10 1]
 P 919835 10362 1186588 58879239
PT [3 0 26 -10 1]
