364949964 1 46655 R 2.0 1 1 99 1
367096289 1 46930 R 3.0 1 2 288 2
367883102 1 47031 R 2.0 2 1 90 3
368592177 1 47122 R 4.0 1 3 778 4
369347911 1 47218 R 4.0 2 3 360 5
370087991 1 47313 R 3.0 2 2 287 6
370812476 1 47406 R 5.0 1 3 884 7
371521403 1 47497 R 2.0 3 1 172 8
371686350 1 47518 R 5.0 2 3 612 9
371910190 1 47546 R 3.0 3 2 137 10
373751442 1 47782 R 2.0 4 1 73 11
374476138 1 47875 R 5.0 3 3 584 12
375185032 1 47965 R 3.0 4 2 172 13
375940733 1 48062 R 5.0 4 3 389 14
376680877 1 48157 R 4.0 3 3 914 15
377405332 1 48250 R 2.0 5 1 157 16
378114217 1 48340 R 4.0 4 3 714 17
378869942 1 48437 R 3.0 5 2 258 18
379042788 1 48459 R 4.0 5 3 449 19
380341404 1 48625 R 5.0 5 3 567 20
381073699 1 48719 R 2.0 6 1 243 21
381289486 1 48747 R 3.0 6 2 184 22
382533385 1 48906 R 5.0 6 3 463 23
382737284 1 48932 R 2.0 7 1 71 24
382906370 1 48954 R 5.0 7 3 128 25
384732302 1 49187 R 3.0 7 2 242 26
385503425 1 49286 R 2.0 8 1 42 27
386196837 1 49375 R 4.0 6 3 980 28
386936950 1 49470 R 4.0 7 3 691 29
387661475 1 49562 R 3.0 8 2 233 30
388432833 1 49661 R 4.0 8 3 498 31
389126070 1 49750 R 2.0 9 1 121 32
389866151 1 49845 R 5.0 8 3 635 33
390078034 1 49872 R 5.0 9 3 278 34
391361022 1 50036 R 3.0 9 2 322 35
392077698 1 50128 R 4.0 9 3 581 36
392841489 1 50225 R 2.0 10 1 213 37
393526945 1 50313 R 4.0 10 3 383 38
393771055 1 50344 R 3.0 10 2 246 39
393924309 1 50364 R 5.0 10 3 385 40
395781395 1 50602 R 2.0 11 1 205 41
396487362 1 50692 R 3.0 11 2 210 42
396695307 1 50719 R 5.0 11 3 357 43
397954618 1 50880 R 2.0 12 1 99 44
398119835 1 50901 R 5.0 12 3 154 45
400168365 1 51163 R 3.0 12 2 298 46
400916040 1 51259 R 2.0 13 1 94 47
401648757 1 51353 R 4.0 11 3 1038 48
402365288 1 51444 R 4.0 12 3 745 49
403128807 1 51542 R 3.0 13 2 292 50
403814198 1 51630 R 4.0 13 3 547 51
404546498 1 51724 R 2.0 14 1 175 52
405325710 1 51823 R 5.0 13 3 694 53
405486774 1 51844 R 3.0 14 2 210 54
406777610 1 52009 R 5.0 14 3 496 55
406958241 1 52032 R 2.0 15 1 100 56
407134938 1 52055 R 5.0 15 3 157 57
409007680 1 52295 R 3.0 15 2 277 58
409721219 1 52386 R 2.0 16 1 69 59
410469585 1 52482 R 4.0 14 3 1015 60
411201685 1 52576 R 4.0 15 3 725 61
411918327 1 52667 R 3.0 16 2 266 62
412619346 1 52757 R 4.0 16 3 522 63
413367267 1 52853 R 2.0 17 1 152 64
414099633 1 52946 R 5.0 16 3 665 65
414315393 1 52974 R 3.0 17 2 188 66
415559322 1 53133 R 5.0 17 3 468 67
416299398 1 53228 R 2.0 18 1 143 68
417023887 1 53321 R 4.0 17 3 701 69
417795315 1 53420 R 3.0 18 2 250 70
417960257 1 53441 R 4.0 18 3 438 71
418183893 1 53469 R 5.0 18 3 420 72
419962852 1 53697 R 2.0 19 1 228 73
420749836 1 53798 R 3.0 19 2 244 74
420938315 1 53822 R 5.0 19 3 388 75
422205650 1 53984 R 2.0 20 1 131 76
422906701 1 54074 R 5.0 20 3 256 77
423138146 1 54103 R 3.0 20 2 166 78
424413085 1 54267 R 2.0 21 1 30 79
425122163 1 54357 R 4.0 19 3 971 80
425877921 1 54454 R 4.0 20 3 683 81
426618031 1 54549 R 3.0 21 2 227 82
427342549 1 54642 R 4.0 21 3 487 83
427530936 1 54666 R 5.0 21 3 464 84
428798298 1 54828 R 2.0 22 1 207 85
429561849 1 54926 R 3.0 22 2 220 86
429730798 1 54947 R 5.0 22 3 362 87
431006006 1 55110 R 2.0 23 1 106 88
431163136 1 55131 R 5.0 23 3 160 89
433227289 1 55395 R 3.0 23 2 305 90
433928164 1 55485 R 2.0 24 1 96 91
434676472 1 55580 R 4.0 22 3 1042 92
435408537 1 55674 R 4.0 23 3 750 93
436125208 1 55766 R 3.0 24 2 292 94
436888823 1 55863 R 4.0 24 3 557 95
437636683 1 55959 R 2.0 25 1 187 96
438368978 1 56053 R 5.0 24 3 699 97
438553554 1 56077 R 3.0 25 2 218 98
439797478 1 56236 R 5.0 25 3 498 99
439970473 1 56258 R 2.0 26 1 101 100
440170702 1 56284 R 5.0 26 3 161 101
441996504 1 56517 R 3.0 26 2 276 102
442767663 1 56616 R 2.0 27 1 75 103
443461311 1 56705 R 4.0 25 3 1014 104
444201252 1 56799 R 4.0 26 3 725 105
444925736 1 56892 R 3.0 27 2 267 106
445697067 1 56991 R 4.0 27 3 532 107
446452801 1 57088 R 2.0 28 1 163 108
447130416 1 57174 R 5.0 27 3 669 109
447311115 1 57198 R 3.0 28 2 188 110
448656541 1 57370 R 4.0 28 3 527 111
449373281 1 57461 R 2.0 29 1 153 112
450074301 1 57551 R 5.0 28 3 662 113
450822184 1 57647 R 3.0 29 2 253 114
451030226 1 57674 R 5.0 29 3 400 115
451187360 1 57694 R 4.0 29 3 467 116
453005415 1 57926 R 2.0 30 1 234 117
453768995 1 58024 R 3.0 30 2 246 118
453969132 1 58050 R 5.0 30 3 392 119
455244309 1 58213 R 2.0 31 1 136 120
455953170 1 58304 R 3.0 31 2 141 121
456149459 1 58329 R 5.0 31 3 286 122
457463461 1 58497 R 2.0 32 1 36 123
457632378 1 58519 R 5.0 32 3 93 124
459642048 1 58776 R 3.0 32 2 230 125
460350670 1 58867 R 2.0 33 1 22 126
461106819 1 58963 R 4.0 30 3 1353 127
461846966 1 59058 R 4.0 31 3 1063 128
462571248 1 59151 R 4.0 32 3 772 129
463342640 1 59250 R 3.0 33 2 320 130
464035848 1 59338 R 4.0 33 3 575 131
464775926 1 59433 R 2.0 34 1 204 132
465500416 1 59526 R 5.0 33 3 715 133
466271842 1 59624 R 3.0 34 2 311 134
466965015 1 59713 R 5.0 34 3 519 135
467137854 1 59735 R 4.0 34 3 589 136
468436512 1 59902 R 2.0 35 1 289 137
469168769 1 59995 R 4.0 35 3 464 138
469384536 1 60023 R 3.0 35 2 324 139
470628464 1 60182 R 5.0 35 3 604 140
471368607 1 60277 R 2.0 36 1 280 141
471580461 1 60304 R 3.0 36 2 222 142
472863454 1 60468 R 5.0 36 3 507 143
473048019 1 60492 R 2.0 37 1 111 144
473212998 1 60513 R 5.0 37 3 166 145
475077931 1 60752 R 3.0 37 2 285 146
475763179 1 60839 R 2.0 38 1 75 147
476558394 1 60941 R 4.0 36 3 1026 148
477274861 1 61033 R 4.0 37 3 733 149
477975878 1 61123 R 3.0 38 2 273 150
478723804 1 61218 R 4.0 38 3 536 151
479456136 1 61312 R 2.0 39 1 163 152
479640646 1 61336 R 5.0 38 3 606 153
479805684 1 61357 R 3.0 39 2 123 154
481670439 1 61596 R 2.0 40 1 63 155
482418539 1 61691 R 4.0 39 3 625 156
483150800 1 61785 R 3.0 40 2 166 157
483867477 1 61877 R 4.0 40 3 426 158
484059830 1 61901 R 5.0 40 3 403 159
486084944 1 62161 R 2.0 41 1 244 160
486809391 1 62253 R 3.0 41 2 252 161
486966605 1 62273 R 5.0 41 3 392 162
488296429 1 62444 R 2.0 42 1 143 163
488997510 1 62533 R 3.0 42 2 148 164
489197648 1 62559 R 5.0 42 3 292 165
490472617 1 62722 R 2.0 43 1 38 166
490661082 1 62746 R 5.0 43 3 97 167
492662954 1 63003 R 3.0 43 2 233 168
493426265 1 63100 R 2.0 44 1 32 169
494174572 1 63196 R 4.0 41 3 1361 170
494906872 1 63290 R 4.0 42 3 1070 171
495623404 1 63381 R 4.0 43 3 777 172
496324390 1 63471 R 3.0 44 2 318 173
497072313 1 63567 R 5.0 44 3 533 174
497804613 1 63661 R 2.0 45 1 208 175
498583826 1 63760 R 4.0 44 3 774 176
499264397 1 63848 R 3.0 45 2 310 177
499468404 1 63874 R 4.0 45 3 502 178
499637144 1 63895 R 2.0 46 1 59 179
501463174 1 64129 R 3.0 46 2 207 180
502234746 1 64228 R 5.0 45 3 1197 181
502990308 1 64324 R 2.0 47 1 104 182
503667923 1 64411 R 5.0 46 3 610 183
504454874 1 64512 R 3.0 47 2 206 184
504643323 1 64536 R 5.0 47 3 350 185
505910513 1 64698 R 2.0 48 1 94 186
506103070 1 64723 R 5.0 48 3 153 187
508128128 1 64982 R 3.0 48 2 291 188
508852405 1 65075 R 2.0 49 1 86 189
509561716 1 65166 R 4.0 46 3 1411 190
510317412 1 65262 R 4.0 47 3 1124 191
511057295 1 65357 R 3.0 49 2 283 192
511781784 1 65450 R 4.0 48 3 927 193
512490709 1 65541 R 2.0 50 1 168 194
513246413 1 65637 R 5.0 49 3 684 195
513450465 1 65663 R 3.0 50 2 205 196
514686602 1 65822 R 5.0 50 3 484 197
515418907 1 65915 R 2.0 51 1 159 198
516198284 1 66015 R 4.0 49 3 1108 199
516899092 1 66105 R 3.0 51 2 262 200
517647083 1 66201 R 4.0 50 3 909 201
517823752 1 66223 R 4.0 51 3 548 202
519145807 1 66392 R 2.0 52 1 252 203
519839070 1 66481 R 5.0 51 3 759 204
520043119 1 66507 R 3.0 52 2 282 205
521341753 1 66673 R 5.0 52 3 568 206
522074050 1 66767 R 2.0 53 1 243 207
522258589 1 66791 R 3.0 53 2 181 208
523502488 1 66950 R 5.0 53 3 460 209
523675135 1 66972 R 2.0 54 1 63 210
523875473 1 66998 R 5.0 54 3 124 211
525701403 1 67231 R 3.0 54 2 238 212
526472530 1 67330 R 2.0 55 1 38 213
527166144 1 67419 R 4.0 52 3 1360 214
527906261 1 67514 R 4.0 53 3 1071 215
528630573 1 67606 R 3.0 55 2 229 216
529401903 1 67705 R 4.0 54 3 878 217
530157670 1 67802 R 2.0 56 1 125 218
530835251 1 67889 R 5.0 55 3 631 219
531015885 1 67912 R 5.0 56 3 269 220
532361370 1 68084 R 3.0 56 2 322 221
533078047 1 68176 R 4.0 55 3 965 222
533779130 1 68265 R 2.0 57 1 205 223
534527059 1 68361 R 4.0 56 3 767 224
535259355 1 68455 R 3.0 57 2 308 225
535443930 1 68479 R 4.0 57 3 500 226
536750291 1 68646 R 5.0 57 3 620 227
537490468 1 68740 R 2.0 58 1 296 228
537671072 1 68764 R 3.0 58 2 234 229
538954057 1 68928 R 5.0 58 3 518 230
539107351 1 68947 R 2.0 59 1 119 231
539303636 1 68973 R 5.0 59 3 178 232
541168537 1 69211 R 3.0 59 2 298 233
541853720 1 69299 R 2.0 60 1 86 234
542586436 1 69393 R 4.0 58 3 1030 235
543365469 1 69492 R 4.0 59 3 744 236
544066490 1 69582 R 3.0 60 2 285 237
544814380 1 69678 R 4.0 60 3 547 238
545546676 1 69772 R 2.0 61 1 175 239
546263384 1 69863 R 5.0 60 3 686 240
546455703 1 69888 R 3.0 61 2 206 241
547746507 1 70053 R 5.0 61 3 491 242
547958388 1 70080 R 2.0 62 1 100 243
548103868 1 70099 R 5.0 62 3 153 244
549976614 1 70339 R 3.0 62 2 273 245
550669670 1 70427 R 2.0 63 1 63 246
551410197 1 70522 R 4.0 61 3 1007 247
552134449 1 70615 R 4.0 62 3 716 248
552905810 1 70714 R 3.0 63 2 264 249
553599075 1 70802 R 4.0 63 3 520 250
554339194 1 70897 R 2.0 64 1 148 251
555063677 1 70990 R 5.0 63 3 660 252
555283343 1 71018 R 3.0 64 2 183 253
556550744 1 71180 R 4.0 64 3 513 254
557314257 1 71278 R 2.0 65 1 145 255
557999681 1 71366 R 5.0 64 3 652 256
558794482 1 71467 R 3.0 65 2 250 257
558947773 1 71487 R 5.0 65 3 389 258
559144066 1 71512 R 4.0 65 3 461 259
560946487 1 71743 R 2.0 66 1 226 260
561694418 1 71839 R 3.0 66 2 237 261
561902395 1 71865 R 4.0 66 3 431 262
563161944 1 72026 R 2.0 67 1 126 263
563917681 1 72123 R 5.0 66 3 642 264
564657792 1 72218 R 3.0 67 2 232 265
565382250 1 72311 R 5.0 67 3 445 266
565570488 1 72335 R 2.0 68 1 50 267
565724003 1 72354 R 5.0 68 3 105 268
567581135 1 72592 R 3.0 68 2 221 269
568321245 1 72687 R 4.0 67 3 867 270
569045769 1 72780 R 2.0 69 1 111 271
569754598 1 72870 R 4.0 68 3 668 272
570510299 1 72967 R 4.0 69 3 380 273
571250416 1 73062 R 3.0 69 2 308 274
571974967 1 73154 R 5.0 69 3 521 275
572163347 1 73179 R 2.0 70 1 126 276
572379171 1 73206 R 5.0 70 3 189 277
574173757 1 73436 R 3.0 70 2 298 278
574913663 1 73531 R 2.0 71 1 93 279
575638384 1 73623 R 4.0 70 3 653 280
576409714 1 73722 R 4.0 71 3 367 281
577102983 1 73811 R 3.0 71 2 289 282
577275776 1 73833 R 5.0 71 3 431 283
578574390 1 73999 R 2.0 72 1 178 284
579306686 1 74093 R 3.0 72 2 187 285
579522514 1 74121 R 4.0 72 3 382 286
580766228 1 74280 R 2.0 73 1 74 287
581506585 1 74375 R 5.0 72 3 588 288
582231037 1 74467 R 3.0 73 2 178 289
583002369 1 74566 R 5.0 73 3 396 290
583758105 1 74663 R 4.0 73 3 539 291
583930751 1 74685 R 2.0 74 1 95 292
585167077 1 74843 R 4.0 74 3 336 293
585961872 1 74945 R 3.0 74 2 271 294
586115165 1 74964 R 5.0 74 3 411 295
587421561 1 75132 R 2.0 75 1 158 296
588161667 1 75226 R 3.0 75 2 169 297
588311119 1 75246 R 5.0 75 3 307 298
589593838 1 75410 R 2.0 76 1 52 299
589778586 1 75433 R 5.0 76 3 112 300
591819326 1 75695 R 3.0 76 2 253 301
592559189 1 75789 R 2.0 77 1 48 302
593283866 1 75882 R 4.0 75 3 991 303
593992730 1 75973 R 4.0 76 3 698 304
594748528 1 76070 R 3.0 77 2 244 305
595488603 1 76164 R 4.0 77 3 506 306
596213064 1 76257 R 2.0 78 1 131 307
596370295 1 76277 R 5.0 77 3 571 308
596554595 1 76301 R 3.0 78 2 91 309
598411747 1 76538 R 2.0 79 1 29 310
599152069 1 76633 R 4.0 78 3 591 311
599876550 1 76726 R 4.0 79 3 298 312
600647873 1 76825 R 3.0 79 2 231 313
600781630 1 76842 R 5.0 79 3 368 314
602830126 1 77104 R 2.0 80 1 210 315
603578049 1 77200 R 3.0 80 2 221 316
603723563 1 77218 R 5.0 80 3 360 317
605045647 1 77388 R 2.0 81 1 110 318
605210588 1 77409 R 5.0 81 3 167 319
607196610 1 77663 R 3.0 81 2 301 320
607944334 1 77759 R 2.0 82 1 97 321
608677044 1 77852 R 4.0 80 3 1041 322
609455982 1 77952 R 4.0 81 3 756 323
610157060 1 78042 R 3.0 82 2 296 324
610905021 1 78138 R 4.0 82 3 559 325
611637287 1 78231 R 2.0 83 1 186 326
612353928 1 78323 R 5.0 82 3 696 327
612577532 1 78352 R 3.0 83 2 221 328
613805861 1 78509 R 5.0 83 3 499 329
613986466 1 78532 R 2.0 84 1 102 330
614225725 1 78563 R 5.0 84 3 169 331
616035955 1 78794 R 3.0 84 2 281 332
616791466 1 78891 R 2.0 85 1 77 333
617531994 1 78986 R 4.0 83 3 1023 334
618256340 1 79079 R 4.0 84 3 732 335
618965165 1 79169 R 3.0 85 2 272 336
619720875 1 79266 R 4.0 85 3 535 337
620460983 1 79361 R 2.0 86 1 163 338
621185506 1 79453 R 5.0 85 3 676 339
621373982 1 79478 R 3.0 86 2 196 340
622641286 1 79640 R 4.0 86 3 525 341
623404899 1 79738 R 2.0 87 1 156 342
624090259 1 79825 R 5.0 86 3 664 343
624822561 1 79919 R 3.0 87 2 253 344
625007100 1 79943 R 5.0 87 3 397 345
625234610 1 79972 R 4.0 87 3 472 346
627037067 1 80202 R 2.0 88 1 237 347
627784990 1 80298 R 3.0 88 2 248 348
627961714 1 80321 R 4.0 88 3 438 349
629283738 1 80490 R 2.0 89 1 140 350
629976974 1 80579 R 3.0 89 2 145 351
630717152 1 80673 R 5.0 88 3 744 352
631441577 1 80766 R 5.0 89 3 453 353
631661084 1 80794 R 2.0 90 1 61 354
631845808 1 80818 R 5.0 90 3 120 355
633640427 1 81048 R 3.0 90 2 229 356
634380370 1 81142 R 2.0 91 1 25 357
635105028 1 81235 R 4.0 89 3 968 358
635876423 1 81334 R 4.0 90 3 683 359
636569628 1 81423 R 4.0 91 3 387 360
637309744 1 81517 R 3.0 91 2 316 361
638034258 1 81610 R 2.0 92 1 108 362
638253958 1 81638 R 5.0 91 3 556 363
638438492 1 81662 R 5.0 92 3 195 364
640295650 1 81900 R 3.0 92 2 314 365
640973220 1 81986 R 2.0 93 1 101 366
641760173 1 82087 R 4.0 92 3 668 367
642469038 1 82178 R 4.0 93 3 373 368
643224840 1 82274 R 3.0 93 2 305 369
643366381 1 82293 R 5.0 93 3 442 370
644664991 1 82459 R 2.0 94 1 189 371
645397327 1 82553 R 3.0 94 2 199 372
645581835 1 82576 R 4.0 94 3 390 373
646888022 1 82743 R 2.0 95 1 90 374
647628371 1 82838 R 5.0 94 3 604 375
648352859 1 82931 R 3.0 95 2 193 376
649061728 1 83022 R 5.0 95 3 403 377
649817467 1 83118 R 4.0 95 3 548 378
650021535 1 83144 R 2.0 96 1 107 379
651257613 1 83303 R 4.0 96 3 348 380
651989949 1 83396 R 3.0 96 2 275 381
652174452 1 83420 R 5.0 96 3 418 382
653480878 1 83587 R 2.0 97 1 166 383
654220991 1 83682 R 3.0 97 2 176 384
654401662 1 83705 R 5.0 97 3 319 385
655684444 1 83869 R 2.0 98 1 64 386
655900404 1 83897 R 5.0 98 3 127 387
657878620 1 84150 R 3.0 98 2 260 388
658618520 1 84245 R 2.0 99 1 55 389
659343188 1 84338 R 4.0 97 3 999 390
660114561 1 84436 R 4.0 98 3 714 391
660807818 1 84525 R 3.0 99 2 251 392
661547929 1 84620 R 4.0 99 3 512 393
662272654 1 84713 R 2.0 100 1 139 394
663043770 1 84811 R 5.0 99 3 658 395
663240242 1 84836 R 3.0 100 2 179 396
664491951 1 84997 R 5.0 100 3 459 397
664660901 1 85018 R 4.0 100 3 527 398
