46657 R 2.0 1 1 321 1
46748 R 2.0 2 1 268 2
46845 R 2.0 3 1 237 3
47221 R 3.0 1 1 838 4
47312 R 3.0 2 1 801 5
47409 R 3.0 3 1 770 6
47503 R 3.0 4 1 737 7
47596 R 3.0 5 1 701 8
47687 R 3.0 6 1 664 9
47778 R 3.0 7 1 627 10
47808 R 5.0 1 2 1357 11
47833 R 3.0 8 1 554 12
47852 R 5.0 2 2 1274 13
47877 R 5.0 3 2 1170 14
47902 R 3.0 9 1 495 15
48067 R 4.0 1 2 1652 16
48156 R 4.0 2 2 1613 17
48179 R 2.0 4 1 1443 18
48344 R 2.0 5 1 1480 19
48443 R 2.0 6 1 1451 20
48533 R 2.0 7 1 1413 21
48624 R 5.0 4 2 1788 22
48654 R 3.0 10 1 1120 23
48698 R 3.0 11 1 2051 24
48723 R 3.0 12 1 933 25
48748 R 3.0 13 1 829 26
48913 R 3.0 14 1 866 27
49006 R 3.0 15 1 831 28
49097 R 3.0 16 1 794 29
49193 R 3.0 17 1 763 30
49288 R 3.0 18 1 729 31
49381 R 3.0 19 1 694 32
49475 R 2.0 8 1 2227 33
49568 R 2.0 9 1 2192 34
49660 R 2.0 10 1 2156 35
49758 R 2.0 11 1 2126 36
49846 R 2.0 12 1 1702 37
49869 R 2.0 13 1 1597 38
50035 R 3.0 20 1 1221 39
50132 R 5.0 5 2 3169 40
50227 R 3.0 21 1 1284 41
50320 R 5.0 6 2 3229 42
50410 R 3.0 22 1 1340 43
50507 R 5.0 7 2 3288 44
50602 R 5.0 8 2 3254 45
50694 R 3.0 23 1 1496 46
50793 R 3.0 24 1 1467 47
50882 R 3.0 25 1 1427 48
50977 R 3.0 26 1 882 49
51069 R 5.0 9 2 3593 50
51169 R 4.0 4 2 4370 51
51261 R 2.0 14 1 2861 52
51351 R 4.0 5 2 4423 53
51450 R 5.0 10 2 3846 54
51539 R 3.0 27 1 1188 55
51634 R 3.0 28 1 1155 56
51726 R 5.0 11 2 3994 57
51914 R 3.0 29 1 2525 58
52007 R 3.0 30 1 1272 59
52038 R 5.0 12 2 4178 60
52062 R 5.0 13 2 4074 61
52082 R 3.0 31 1 1091 62
52107 R 3.0 32 1 988 63
52131 R 3.0 33 1 629 64
52292 R 2.0 15 1 3636 65
52386 R 4.0 6 2 5331 66
52478 R 4.0 7 2 5295 67
52855 R 2.0 16 1 3175 68
52955 R 2.0 17 1 3146 69
53044 R 2.0 18 1 3108 70
53142 R 5.0 14 2 5026 71
53235 R 5.0 15 2 4223 72
53326 R 3.0 34 1 1567 73
53422 R 2.0 19 1 3358 74
53516 R 2.0 20 1 2300 75
53608 R 4.0 9 2 6168 76
53699 R 3.0 35 1 1684 77
53729 R 3.0 36 1 1587 78
53754 R 3.0 37 1 1483 79
53773 R 3.0 38 1 1375 80
53798 R 3.0 39 1 1272 81
53823 R 3.0 40 1 1168 82
53987 R 2.0 21 1 2515 83
54177 R 4.0 10 2 8320 84
54270 R 3.0 41 1 1487 85
54363 R 3.0 42 1 1196 86
54454 R 3.0 43 1 1159 87
54550 R 4.0 11 2 6854 88
54640 R 2.0 22 1 2144 89
54736 R 2.0 23 1 1856 90
54832 R 3.0 44 1 1410 91
54927 R 3.0 45 1 1120 92
55020 R 3.0 46 1 1085 93
55112 R 2.0 24 1 2103 94
55203 R 2.0 25 1 2067 95
55301 R 4.0 13 2 7093 96
55392 R 3.0 47 1 1330 97
55485 R 3.0 48 1 1294 98
55515 R 5.0 17 2 6247 99
55679 R 2.0 26 1 2159 100
55772 R 2.0 27 1 2124 101
55954 R 3.0 49 1 1636 102
55985 R 5.0 18 2 6589 103
56239 R 2.0 28 1 2206 104
56332 R 2.0 29 1 2044 105
56432 R 4.0 14 2 8097 106
56522 R 2.0 30 1 1850 107
56807 R 5.0 19 2 6516 108
56995 R 3.0 50 1 4744 109
57084 R 2.0 31 1 2283 110
57182 R 4.0 15 2 8591 111
57273 R 4.0 16 2 7658 112
57372 R 5.0 20 2 6951 113
57464 R 5.0 21 2 6789 114
57555 R 5.0 22 2 6622 115
57649 R 2.0 32 1 2337 116
57672 R 2.0 33 1 1976 117
57694 R 2.0 34 1 1870 118
57719 R 4.0 17 2 7974 119
57746 R 2.0 35 1 1410 120
57771 R 2.0 36 1 1307 121
57932 R 2.0 37 1 1339 122
58027 R 2.0 38 1 923 123
58216 R 5.0 23 2 7155 124
58310 R 5.0 24 2 6610 125
58403 R 5.0 25 2 6575 126
58495 R 2.0 39 1 2152 127
58776 R 5.0 26 2 5412 128
58873 R 5.0 27 2 4612 129
58967 R 5.0 28 2 4580 130
59058 R 2.0 40 1 1698 131
59342 R 5.0 29 2 4826 132
59433 R 5.0 30 2 4533 133
59530 R 5.0 31 2 4501 134
59622 R 2.0 41 1 1878 135
59716 R 2.0 42 1 1844 136
59810 R 4.0 19 2 8403 137
59906 R 5.0 32 2 4495 138
59999 R 5.0 33 2 3179 139
60098 R 5.0 34 2 3149 140
60185 R 2.0 43 1 2185 141
60468 R 5.0 35 2 3393 142
60563 R 158.170 7 3 7282 143
60656 R 5.0 36 2 3196 144
60750 R 4.0 20 2 8319 145
60844 R 4.0 21 2 8284 146
60943 R 2.0 44 1 2815 147
61037 R 5.0 37 2 3449 148
61125 R 5.0 38 2 2897 149
61220 R 5.0 39 2 2864 150
61315 R 2.0 45 1 3059 151
61411 R 2.0 46 1 2899 152
61504 R 2.0 47 1 2352 153
61595 R 5.0 40 2 3111 154
61881 R 2.0 48 1 2216 155
61902 R 2.0 49 1 2109 156
62165 R 158.170 9 3 8470 157
62729 R 5.0 41 2 3861 158
62815 R 5.0 42 2 3820 159
62846 R 5.0 43 2 3466 160
63006 R 2.0 50 1 3086 161
63029 R 110.219 2 3 10820 162
63052 R 110.219 4 3 10461 163
63287 R 4.0 23 2 8040 164
63381 R 4.0 24 2 8006 165
63476 R 110.219 6 3 10442 166
63571 R 5.0 44 2 4062 167
63668 R 5.0 45 2 4032 168
63763 R 5.0 46 2 3870 169
63850 R 4.0 25 2 6683 170
63949 R 4.0 26 2 6014 171
64038 R 4.0 27 2 5974 172
64137 R 5.0 47 2 4117 173
64228 R 5.0 48 2 4080 174
64325 R 158.170 11 3 10187 175
64415 R 4.0 28 2 6223 176
64507 R 4.0 29 2 4780 177
64606 R 4.0 30 2 3855 178
64701 R 158.170 12 3 9657 179
64794 R 5.0 49 2 4133 180
64885 R 5.0 50 2 3840 181
64985 R 4.0 31 2 4106 182
65072 R 4.0 32 2 4064 183
65172 R 110.219 12 3 10688 184
65264 R 158.170 13 3 9517 185
65358 R 158.170 14 3 8801 186
65451 R 158.170 15 3 7987 187
65824 R 158.170 16 3 8223 188
65920 R 158.170 17 3 7894 189
66015 R 158.170 18 3 10602 190
66390 R 158.170 19 3 7021 191
66489 R 158.170 20 3 6469 192
66669 R 158.170 21 3 5786 193
66699 R 158.170 22 3 5678 194
66958 R 158.170 23 3 7886 195
67049 R 158.170 24 3 5069 196
67145 R 158.170 25 3 4997 197
67522 R 158.170 26 3 5234 198
67615 R 158.170 27 3 5188 199
67705 R 158.170 28 3 4983 200
68084 R 158.170 29 3 5093 201
68179 R 158.170 30 3 5049 202
68272 R 158.170 31 3 4334 203
68648 R 158.170 32 3 4571 204
68668 R 158.170 33 3 4196 205
68924 R 158.170 34 3 4284 206
68955 R 158.170 35 3 4048 207
69208 R 4.0 34 2 7689 208
69495 R 158.170 36 3 4449 209
69586 R 158.170 37 3 4369 210
69683 R 158.170 38 3 4199 211
70059 R 158.170 39 3 4438 212
70152 R 158.170 40 3 4361 213
70243 R 158.170 41 3 4186 214
70336 R 4.0 35 2 7025 215
70430 R 110.219 15 3 13925 216
70530 R 110.219 16 3 13204 217
70619 R 4.0 36 2 6668 218
70715 R 4.0 37 2 6636 219
70809 R 4.0 38 2 6346 220
70904 R 158.170 42 3 4709 221
70998 R 158.170 43 3 4633 222
71086 R 158.170 44 3 4455 223
71183 R 110.219 17 3 13143 224
71470 R 158.170 45 3 4700 225
71556 R 158.170 46 3 4616 226
71745 R 4.0 39 2 7154 227
71844 R 4.0 40 2 6869 228
71934 R 4.0 41 2 6830 229
72027 R 4.0 42 2 6796 230
72126 R 110.219 19 3 12564 231
72216 R 110.219 20 3 11748 232
72309 R 4.0 43 2 6566 233
72497 R 4.0 44 2 7991 234
72592 R 110.219 21 3 11421 235
72615 R 4.0 45 2 6231 236
72638 R 4.0 46 2 5359 237
72662 R 110.219 24 3 8937 238
72690 R 4.0 47 2 3363 239
72875 R 4.0 48 2 2821 240
73156 R 110.219 28 3 7024 241
73437 R 4.0 49 2 2830 242
73532 R 4.0 50 2 4916 243
73555 R 110.219 29 3 7233 244
73720 R 110.219 30 3 7260 245
73743 R 110.219 31 3 6888 246
74001 R 110.219 32 3 6188 247
74285 R 110.219 33 3 5811 248
74381 R 110.219 34 3 5384 249
74399 R 110.219 35 3 4741 250
74568 R 110.219 36 3 4259 251
79365 R 110.219 41 3 7013 252
79644 R 110.219 42 3 6878 253
80486 R 110.219 43 3 7453 254
80769 R 110.219 44 3 7597 255
81050 R 110.219 45 3 7709 256
81073 R 110.219 46 3 7593 257
81097 R 110.219 47 3 6327 258
81125 R 110.219 48 3 4936 259
81150 R 110.219 49 3 3415 260
81167 R 110.219 50 3 1885 261
81330 R 158.170 47 3 14124 262
81361 R 158.170 49 3 13752 263
81385 R 158.170 50 3 13509 264
