46932 R 3.0 1 1 53 1
47222 R 5.0 1 2 300 2
47499 R 2.0 1 1 644 3
47522 R 4.0 1 2 617 4
47544 R 2.0 2 1 49 5
47783 R 3.0 2 1 264 6
47808 R 5.0 2 2 247 7
48064 R 4.0 2 2 519 8
48368 R 3.0 3 1 399 9
48395 R 5.0 3 2 194 10
48630 R 2.0 3 1 495 11
48652 R 4.0 3 2 467 12
48908 R 2.0 4 1 133 13
48933 R 4.0 4 2 107 14
49190 R 3.0 4 1 391 15
49212 R 5.0 4 2 370 16
49759 R 3.0 5 1 319 17
49783 R 5.0 5 2 302 18
50036 R 2.0 5 1 621 19
50321 R 3.0 6 1 242 20
50346 R 5.0 6 2 224 21
50600 R 4.0 5 2 1134 22
50623 R 2.0 6 1 569 23
51169 R 3.0 7 1 450 24
51450 R 5.0 7 2 689 25
51474 R 3.0 8 1 115 26
51494 R 5.0 8 2 92 27
51727 R 2.0 7 1 1033 28
51821 R 2.0 8 1 487 29
51921 R 4.0 6 2 1815 30
52008 R 4.0 7 2 1262 31
52034 R 4.0 8 2 649 32
52056 R 2.0 9 1 81 33
52578 R 3.0 9 1 579 34
52602 R 5.0 9 2 561 35
52855 R 4.0 9 2 830 36
52949 R 2.0 10 1 334 37
52977 R 4.0 10 2 311 38
53140 R 3.0 10 1 501 39
53230 R 5.0 10 2 549 40
53260 R 158.170 1 3 714 41
53423 R 3.0 11 1 144 42
53514 R 5.0 11 2 192 43
53535 R 158.170 2 3 318 44
53701 R 110.219 1 3 1186 45
53725 R 2.0 11 1 470 46
53983 R 2.0 12 1 88 47
54082 R 4.0 11 2 777 48
54172 R 110.219 2 3 923 49
54267 R 3.0 12 1 348 50
54363 R 5.0 12 2 402 51
54385 R 158.170 3 3 434 52
54546 R 110.219 3 3 625 53
54573 R 2.0 13 1 39 54
54832 R 4.0 12 2 886 55
55111 R 3.0 13 1 551 56
55485 R 4.0 13 2 1398 57
55508 R 2.0 14 1 334 58
55680 R 5.0 13 2 1079 59
55770 R 158.170 4 3 1084 60
55796 R 3.0 14 1 596 61
55957 R 4.0 14 2 732 62
55980 R 110.219 4 3 1390 63
56003 R 2.0 15 1 188 64
56242 R 4.0 15 2 377 65
56522 R 110.219 5 3 1102 66
56543 R 110.219 6 3 452 67
56807 R 5.0 14 2 1566 68
56898 R 158.170 5 3 1510 69
56995 R 3.0 15 1 1156 70
57090 R 3.0 16 1 611 71
57109 R 5.0 15 2 1228 72
57135 R 5.0 16 2 613 73
57156 R 158.170 6 3 1002 74
57179 R 158.170 7 3 355 75
57200 R 3.0 17 1 81 76
57648 R 2.0 16 1 1310 77
57676 R 2.0 17 1 581 78
57701 R 4.0 16 2 1195 79
57717 R 4.0 17 2 572 80
57744 R 110.219 7 3 887 81
57765 R 110.219 8 3 235 82
57928 R 3.0 18 1 169 83
58210 R 2.0 18 1 476 84
58239 R 4.0 18 2 453 85
58495 R 2.0 19 1 120 86
58592 R 4.0 19 2 166 87
58610 R 110.219 9 3 348 88
58782 R 3.0 19 1 383 89
58873 R 5.0 17 2 1712 90
59063 R 5.0 18 2 1262 91
59154 R 158.170 8 3 1596 92
59251 R 3.0 20 1 211 93
59340 R 2.0 20 1 326 94
59621 R 4.0 20 2 556 95
59909 R 2.0 21 1 255 96
59999 R 110.219 10 3 1004 97
60021 R 4.0 21 2 315 98
60191 R 5.0 19 2 1749 99
60284 R 158.170 9 3 1991 100
60375 R 158.170 10 3 1410 101
60466 R 110.219 11 3 767 102
60565 R 2.0 22 1 270 103
60586 R 4.0 22 2 240 104
60753 R 3.0 21 1 1074 105
60848 R 5.0 20 2 1767 106
60871 R 5.0 21 2 1149 107
61036 R 110.219 12 3 635 108
61054 R 2.0 23 1 119 109
61077 R 4.0 23 2 91 110
61317 R 3.0 22 1 998 111
61341 R 158.170 11 3 1611 112
61360 R 5.0 22 2 998 113
61386 R 158.170 12 3 953 114
61410 R 3.0 23 1 451 115
61601 R 2.0 24 1 26 116
61881 R 3.0 24 1 282 117
61974 R 5.0 23 2 971 118
62064 R 158.170 13 3 929 119
62161 R 110.219 13 3 995 120
62443 R 5.0 24 2 801 121
62465 R 3.0 25 1 226 122
62491 R 5.0 25 2 209 123
62729 R 2.0 25 1 514 124
62822 R 4.0 24 2 1196 125
62842 R 110.219 14 3 972 126
63006 R 3.0 26 1 127 127
63105 R 5.0 26 2 183 128
63194 R 158.170 14 3 1232 129
63570 R 4.0 25 2 1304 130
63946 R 110.219 15 3 2429 131
63969 R 2.0 26 1 1114 132
64133 R 4.0 26 2 1228 133
64233 R 2.0 27 1 738 134
64322 R 4.0 27 2 776 135
64420 R 158.170 15 3 1806 136
64507 R 3.0 27 1 988 137
64538 R 3.0 28 1 379 138
64699 R 5.0 27 2 1138 139
64796 R 5.0 28 2 593 140
64890 R 158.170 16 3 2674 141
64978 R 110.219 16 3 1641 142
65077 R 2.0 28 1 943 143
65167 R 110.219 17 3 1158 144
65548 R 3.0 29 1 749 145
65824 R 2.0 29 1 1050 146
65919 R 4.0 28 2 1734 147
65942 R 4.0 29 2 1117 148
66113 R 158.170 17 3 2052 149
66132 R 3.0 30 1 693 150
66157 R 5.0 29 2 1316 151
66182 R 158.170 18 3 1409 152
66200 R 5.0 30 2 719 153
66230 R 3.0 31 1 150 154
66389 R 2.0 30 1 974 155
66669 R 158.170 19 3 1225 156
66952 R 110.219 18 3 2209 157
67240 R 3.0 32 1 521 158
67332 R 5.0 31 2 1211 159
67421 R 158.170 20 3 1210 160
67522 R 3.0 33 1 163 161
67614 R 5.0 32 2 853 162
67704 R 158.170 21 3 791 163
67799 R 5.0 33 2 398 164
67826 R 158.170 22 3 211 165
68081 R 2.0 31 1 2026 166
68175 R 4.0 30 2 2710 167
68198 R 110.219 19 3 2721 168
68363 R 3.0 34 1 364 169
68384 R 5.0 34 2 343 170
68644 R 4.0 31 2 2539 171
68744 R 2.0 32 1 2050 172
68833 R 110.219 20 3 2652 173
68929 R 3.0 35 1 289 174
69024 R 5.0 35 2 343 175
69208 R 2.0 33 1 1873 176
69306 R 2.0 34 1 1332 177
69397 R 4.0 32 2 2651 178
69490 R 158.170 23 3 1153 179
69587 R 3.0 36 1 308 180
69771 R 2.0 35 1 1157 181
69870 R 110.219 21 3 2988 182
70059 R 5.0 36 2 738 183
70150 R 158.170 24 3 1066 184
70175 R 3.0 37 1 256 185
70336 R 4.0 33 2 4189 186
70428 R 4.0 34 2 2403 187
70527 R 2.0 36 1 1273 188
70619 R 110.219 22 3 2971 189
70642 R 110.219 23 3 2290 190
70664 R 4.0 35 2 1999 191
70688 R 2.0 37 1 794 192
70716 R 110.219 24 3 1663 193
70901 R 4.0 36 2 2020 194
70997 R 4.0 37 2 1052 195
71016 R 110.219 25 3 1197 196
71181 R 5.0 37 2 1220 197
71277 R 158.170 25 3 1490 198
71371 R 3.0 38 1 812 199
71462 R 5.0 38 2 860 200
71491 R 3.0 39 1 292 201
71513 R 158.170 26 3 962 202
71539 R 5.0 39 2 298 203
71749 R 2.0 38 1 1214 204
71846 R 110.219 26 3 1355 205
71868 R 4.0 38 2 1282 206
72315 R 158.170 27 3 1093 207
72339 R 3.0 40 1 500 208
72359 R 5.0 40 2 477 209
72596 R 3.0 41 1 117 210
72691 R 5.0 41 2 170 211
72710 R 158.170 28 3 722 212
72873 R 2.0 39 1 1699 213
72972 R 4.0 39 2 1746 214
72997 R 2.0 40 1 1182 215
73156 R 3.0 42 1 37 216
73180 R 158.170 29 3 488 217
73439 R 110.219 27 3 2184 218
73535 R 4.0 40 2 1669 219
73553 R 110.219 28 3 1627 220
73723 R 5.0 42 2 562 221
74005 R 2.0 41 1 1550 222
74287 R 3.0 43 1 528 223
74381 R 158.170 30 3 987 224
74405 R 5.0 43 2 603 225
74566 R 4.0 41 2 2059 226
74659 R 110.219 29 3 1999 227
74687 R 2.0 42 1 1592 228
74849 R 3.0 44 1 450 229
74947 R 158.170 31 3 849 230
74968 R 5.0 44 2 527 231
75128 R 4.0 42 2 1983 232
75223 R 110.219 30 3 1858 233
75413 R 3.0 45 1 374 234
75504 R 5.0 45 2 423 235
75533 R 158.170 32 3 671 236
75693 R 2.0 43 1 1959 237
75716 R 4.0 43 2 1931 238
75740 R 2.0 44 1 1366 239
75793 R 4.0 44 2 2588 240
75809 R 110.219 31 3 1681 241
75975 R 3.0 46 1 296 242
76071 R 5.0 46 2 350 243
76094 R 158.170 33 3 530 244
76259 R 2.0 45 1 1244 245
76280 R 4.0 45 2 1215 246
76307 R 110.219 32 3 1476 247
76326 R 2.0 46 1 671 248
76378 R 110.219 33 3 1525 249
76545 R 2.0 47 1 250 250
76632 R 4.0 46 2 926 251
76732 R 4.0 47 2 387 252
76823 R 3.0 47 1 504 253
77103 R 110.219 34 3 835 254
77197 R 2.0 48 1 262 255
77225 R 4.0 48 2 239 256
77384 R 3.0 48 1 425 257
77479 R 5.0 47 2 1118 258
77666 R 110.219 35 3 694 259
77692 R 2.0 49 1 117 260
77713 R 4.0 49 2 88 261
77947 R 110.219 36 3 243 262
78232 R 3.0 49 1 633 263
78424 R 5.0 48 2 1537 264
78513 R 2.0 50 1 299 265
78794 R 3.0 50 1 555 266
78889 R 158.170 34 3 2528 267
79076 R 4.0 50 2 810 268
79359 R 110.219 37 3 951 269
79669 R 5.0 49 2 2027 270
79693 R 158.170 36 3 1958 271
79713 R 5.0 50 2 1431 272
79927 R 158.170 37 3 1490 273
80205 R 110.219 38 3 1063 274
80227 R 110.219 39 3 353 275
80487 R 158.170 38 3 1283 276
80514 R 158.170 39 3 661 277
80772 R 110.219 40 3 195 278
81051 R 158.170 40 3 442 279
81618 R 158.170 41 3 307 280
81898 R 110.219 41 3 633 281
82181 R 110.219 42 3 167 282
83310 R 158.170 42 3 1172 283
83588 R 110.219 43 3 840 284
84157 R 158.170 43 3 1316 285
84181 R 158.170 44 3 688 286
84437 R 158.170 45 3 253 287
84720 R 110.219 44 3 1268 288
84745 R 110.219 45 3 528 289
84999 R 110.219 46 3 110 290
85279 R 158.170 46 3 360 291
85847 R 110.219 47 3 224 292
86126 R 158.170 47 3 474 293
86408 R 158.170 48 3 84 294
86692 R 110.219 48 3 337 295
87254 R 110.219 49 3 195 296
87534 R 158.170 49 3 445 297
87819 R 158.170 50 3 59 298
88664 R 110.219 50 3 871 299
