412161081 1 52620 R 37.0 1 1 145 1
414381519 1 52904 R 5.0 1 1 363 2
416616440 1 53190 R 32.0 1 2 738 3
418770541 1 53466 R 49.0 1 2 1011 4
420971351 1 53747 R 29.0 1 2 1347 5
423177428 1 54030 R 36.0 1 1 1617 6
425385786 1 54312 R 2.0 1 1 1818 7
429789495 1 54876 R 47.0 1 2 2477 8
432037106 1 55164 R 15.0 1 3 2617 9
434241814 1 55446 R 28.0 1 1 3006 10
436429994 1 55726 R 38.0 1 2 3348 11
440805426 1 56286 R 44.0 1 2 3767 12
445206022 1 56849 R 41.0 1 2 4426 13
447409127 1 57131 R 14.0 1 5 4658 14
449643544 1 57417 R 43.0 1 4 5863 15
454015220 1 57977 R 42.0 1 4 5509 16
456215696 1 58259 R 45.0 1 4 5882 17
458457761 1 58546 R 46.0 1 4 6054 18
460643692 1 58825 R 17.0 1 5 6359 19
462828098 1 59105 R 30.0 1 3 6672 20
465021088 1 59386 R 39.0 1 4 6900 21
467261056 1 59672 R 23.0 1 3 7111 22
469455331 1 59953 R 28.0 2 1 1114 23
471671107 1 60237 R 37.0 2 1 1362 24
473864135 1 60518 R 49.0 2 2 1664 25
476039641 1 60796 R 36.0 2 1 1984 26
478262040 1 61080 R 5.0 2 1 2140 27
480455109 1 61361 R 34.0 1 3 8946 28
482699613 1 61648 R 18.0 2 3 2746 29
484853518 1 61924 R 32.0 2 2 3073 30
487061250 1 62207 R 2.0 2 1 3313 31
489258021 1 62488 R 27.0 2 3 3600 32
493685040 1 63055 R 29.0 2 2 4254 33
495869517 1 63334 R 41.0 2 2 4511 34
498109867 1 63621 R 38.0 2 2 4842 35
500265235 1 63897 R 30.0 2 3 5065 36
502475787 1 64180 R 47.0 2 2 5381 37
504708769 1 64466 R 22.0 2 2 5491 38
506888162 1 64745 R 44.0 2 2 5826 39
509088983 1 65026 R 25.0 2 3 6098 40
511316128 1 65311 R 39.0 2 4 6425 41
513498719 1 65591 R 36.0 3 1 378 42
515726284 1 65876 R 45.0 2 4 7099 43
517919313 1 66157 R 17.0 2 5 7290 44
520096645 1 66435 R 37.0 3 1 1161 45
522307491 1 66718 R 15.0 2 3 7771 46
524505349 1 67000 R 23.0 2 3 8040 47
526713036 1 67282 R 46.0 2 4 8390 48
531142886 1 67849 R 33.0 2 3 9006 49
533331022 1 68129 R 41.0 3 2 2906 50
535524013 1 68410 R 31.0 2 4 9585 51
537757044 1 68696 R 34.0 2 3 9882 52
539952860 1 68977 R 5.0 3 1 3636 53
544334931 1 69538 R 2.0 3 1 4244 54
546564943 1 69823 R 32.0 3 2 4572 55
548757903 1 70104 R 49.0 3 2 4850 56
550935301 1 70383 R 45.0 3 4 5208 57
553144126 1 70665 R 47.0 3 2 5466 58
555380496 1 70952 R 35.0 2 4 12058 59
559743655 1 71510 R 44.0 3 2 6192 60
561952240 1 71793 R 30.0 3 3 6560 61
564145268 1 72074 R 39.0 3 4 6789 62
566357751 1 72357 R 31.0 3 4 7132 63
568587894 1 72642 R 23.0 3 3 7281 64
570795287 1 72925 R 29.0 3 2 7724 65
575159055 1 73483 R 15.0 3 3 8137 66
577403563 1 73771 R 27.0 3 3 8483 67
579601648 1 74052 R 25.0 3 3 8725 68
581825951 1 74337 R 46.0 3 4 9046 69
583975677 1 74612 R 17.0 3 5 9346 70
586174766 1 74893 R 42.0 3 4 9624 71
588423162 1 75181 R 14.0 2 5 16309 72
592815492 1 75743 R 28.0 3 1 10504 73
594992918 1 76022 R 38.0 3 2 10843 74
597201468 1 76305 R 34.0 3 3 11091 75
599397070 1 76586 R 2.0 4 1 4892 76
601637110 1 76872 R 47.0 4 2 5274 77
603819198 1 77152 R 5.0 4 1 5411 78
606036776 1 77436 R 33.0 3 3 12191 79
608238592 1 77717 R 41.0 4 2 6095 80
610448140 1 78000 R 35.0 3 4 12706 81
612643071 1 78281 R 30.0 4 3 6648 82
614850634 1 78564 R 43.0 3 4 13288 83
617015343 1 78841 R 44.0 4 2 7122 84
619270635 1 79130 R 37.0 4 1 7455 85
621426763 1 79406 R 39.0 4 4 7720 86
623655857 1 79691 R 23.0 4 3 7930 87
625878910 1 79975 R 32.0 4 2 8323 88
628067084 1 80255 R 27.0 4 3 8567 89
630252617 1 80535 R 36.0 5 1 2523 90
632468833 1 80819 R 15.0 4 3 9074 91
634651087 1 81098 R 25.0 4 3 9370 92
636844080 1 81379 R 42.0 4 4 9710 93
639046803 1 81661 R 45.0 4 4 10084 94
641247637 1 81943 R 49.0 4 2 10288 95
643451373 1 82225 R 29.0 4 2 10623 96
645675585 1 82509 R 18.0 4 3 10806 97
650077130 1 83073 R 5.0 5 1 4932 98
652270465 1 83354 R 46.0 4 4 11661 99
654468313 1 83635 R 41.0 5 2 5612 100
656661373 1 83916 R 30.0 5 3 5883 101
658872114 1 84198 R 31.0 4 4 12572 102
661076592 1 84481 R 39.0 5 4 6395 103
663282158 1 84763 R 36.0 6 1 351 104
665486937 1 85045 R 2.0 5 1 6951 105
667711237 1 85330 R 23.0 5 3 7170 106
669919622 1 85613 R 37.0 5 1 7538 107
672112635 1 85893 R 49.0 5 2 7839 108
674289966 1 86172 R 32.0 5 2 8121 109
676531049 1 86459 R 44.0 5 2 8340 110
680895600 1 87018 R 47.0 5 2 9020 111
685353573 1 87588 R 29.0 5 2 9588 112
687507496 1 87864 R 18.0 5 3 9761 113
689712690 1 88146 R 25.0 5 3 10019 114
691905644 1 88427 R 15.0 5 3 10281 115
694114091 1 88709 R 27.0 5 3 10621 116
696320732 1 88992 R 41.0 6 2 4569 117
698555680 1 89278 R 45.0 5 4 11303 118
700748708 1 89559 R 17.0 5 5 11492 119
705128818 1 90119 R 43.0 5 4 12741 120
707339641 1 90402 R 42.0 5 4 12334 121
709540097 1 90684 R 2.0 6 1 6190 122
711786704 1 90972 R 37.0 6 1 6497 123
713940602 1 91247 R 29.0 6 2 6846 124
716141407 1 91529 R 49.0 6 2 7075 125
720548880 1 92093 R 45.0 6 4 7718 126
722751906 1 92375 R 47.0 6 2 7977 127
727164436 1 92940 R 46.0 5 4 14848 128
729362031 1 93221 R 5.0 6 1 8680 129
733763511 1 93785 R 32.0 6 2 9333 130
736011166 1 94072 R 18.0 6 3 9570 131
738179771 1 94350 R 36.0 7 1 3538 132
740408100 1 94635 R 27.0 6 3 10147 133
742583786 1 94914 R 31.0 5 4 16889 134
744779466 1 95195 R 17.0 6 5 10728 135
747006638 1 95480 R 43.0 6 4 11003 136
749183806 1 95758 R 37.0 7 1 4884 137
751392862 1 96041 R 34.0 5 3 18027 138
753610802 1 96325 R 49.0 7 2 5471 139
755819389 1 96608 R 32.0 7 2 5756 140
760199021 1 97168 R 44.0 6 2 12649 141
762422780 1 97453 R 29.0 7 2 6652 142
764606497 1 97732 R 30.0 6 3 13300 143
766844369 1 98019 R 25.0 6 3 13491 144
769005795 1 98296 R 2.0 7 1 7402 145
771214546 1 98578 R 47.0 7 2 7779 146
773407803 1 98859 R 39.0 6 4 14372 147
775652045 1 99146 R 27.0 7 3 8258 148
777813245 1 99423 R 46.0 6 4 14931 149
780053126 1 99710 R 23.0 6 3 15149 150
782233390 1 99989 R 36.0 8 1 2776 151
784458900 1 100274 R 31.0 6 4 15849 152
786682907 1 100558 R 44.0 7 2 9640 153
788869023 1 100838 R 45.0 7 4 10063 154
791061991 1 101119 R 17.0 7 5 10252 155
793239217 1 101397 R 37.0 8 1 4123 156
799850703 1 102244 R 5.0 7 1 11303 157
802051670 1 102525 R 25.0 7 3 11597 158
804291507 1 102812 R 46.0 7 4 11921 159
806490883 1 103094 R 32.0 8 2 5842 160
808659468 1 103371 R 27.0 8 3 6084 161
810860245 1 103653 R 49.0 8 2 6398 162
813073354 1 103936 R 36.0 9 1 324 163
815296486 1 104221 R 41.0 7 2 13398 164
817481700 1 104500 R 30.0 7 3 13668 165
821910166 1 105067 R 29.0 8 2 7867 166
824086029 1 105346 R 42.0 7 4 14477 167
826283946 1 105627 R 39.0 7 4 14741 168
830679669 1 106190 R 23.0 7 3 15229 169
832897066 1 106474 R 31.0 7 4 15648 170
835102437 1 106756 R 2.0 8 1 9462 171
837295335 1 107037 R 45.0 8 4 9860 172
839498506 1 107319 R 34.0 7 3 16505 173
841699068 1 107600 R 17.0 8 5 10334 174
843904056 1 107883 R 47.0 8 2 10685 175
846149521 1 108170 R 43.0 8 4 10894 176
848329638 1 108449 R 45.0 9 4 4874 177
852748822 1 109015 R 37.0 9 1 5340 178
854917401 1 109292 R 49.0 9 2 5638 179
857157721 1 109579 R 44.0 8 2 12260 180
859319430 1 109856 R 15.0 8 3 12509 181
861523692 1 110138 R 32.0 9 2 6486 182
865933464 1 110702 R 5.0 8 1 13361 183
870346964 1 111267 R 25.0 8 3 13939 184
872573641 1 111552 R 18.0 9 3 7850 185
874742332 1 111830 R 2.0 9 1 8136 186
876943040 1 112112 R 29.0 9 2 8510 187
879155798 1 112395 R 36.0 10 1 3356 188
881349513 1 112676 R 17.0 9 5 9009 189
885790178 1 113244 R 43.0 9 4 9568 190
887996314 1 113526 R 42.0 8 4 23892 191
890158085 1 113803 R 47.0 9 2 10205 192
892366699 1 114086 R 31.0 8 4 16861 193
894559794 1 114366 R 34.0 8 3 17151 194
896768076 1 114649 R 37.0 10 1 4575 195
901218478 1 115219 R 32.0 10 2 5167 196
903385415 1 115496 R 15.0 9 3 11750 197
905597885 1 115779 R 41.0 8 2 18556 198
907821139 1 116064 R 44.0 9 2 12345 199
909982769 1 116341 R 2.0 10 1 6247 200
912189334 1 116623 R 29.0 10 2 6623 201
914390111 1 116905 R 45.0 10 4 6929 202
916637862 1 117192 R 27.0 10 3 7104 203
918796391 1 117469 R 36.0 11 1 1056 204
921002582 1 117751 R 30.0 8 3 20519 205
923195538 1 118032 R 39.0 8 4 20746 206
927637221 1 118600 R 23.0 8 3 21240 207
929822289 1 118880 R 5.0 9 1 15139 208
932014377 1 119161 R 47.0 10 2 9162 209
934251083 1 119447 R 18.0 10 3 9344 210
936457010 1 119729 R 34.0 9 3 16115 211
938646856 1 120010 R 37.0 11 1 3535 212
940823428 1 120288 R 17.0 10 5 10222 213
943026973 1 120570 R 49.0 11 2 4116 214
945225080 1 120852 R 41.0 9 2 17229 215
947429989 1 121134 R 15.0 10 3 10988 216
949638438 1 121417 R 25.0 9 3 17690 217
951831424 1 121697 R 42.0 9 4 18027 218
954041727 1 121980 R 29.0 11 2 5580 219
956242532 1 122262 R 18.0 11 3 5759 220
960652208 1 122826 R 30.0 9 3 19494 221
962882502 1 123112 R 44.0 10 2 12994 222
965047958 1 123389 R 23.0 9 3 19629 223
967288029 1 123676 R 41.0 10 2 13653 224
969495458 1 123958 R 43.0 10 4 13882 225
971666120 1 124236 R 5.0 10 1 14095 226
973900765 1 124522 R 32.0 11 2 8071 227
978320901 1 125088 R 27.0 11 3 8599 228
980474861 1 125364 R 45.0 11 4 8987 229
982675638 1 125645 R 17.0 11 5 9179 230
984889291 1 125929 R 36.0 12 1 3116 231
987085515 1 126210 R 30.0 10 3 16177 232
989278288 1 126490 R 5.0 11 1 9950 233
991488624 1 126773 R 37.0 12 1 3899 234
993698529 1 127056 R 31.0 9 4 23431 235
998131324 1 127624 R 43.0 11 4 11146 236
1000324080 1 127904 R 49.0 12 2 5050 237
1004704208 1 128465 R 18.0 12 3 5561 238
1006950938 1 128753 R 32.0 12 2 5900 239
1009111138 1 129029 R 25.0 10 3 18901 240
1011322761 1 129312 R 36.0 13 1 100 241
1013546938 1 129597 R 30.0 11 3 13165 242
1015747779 1 129879 R 39.0 11 4 13394 243
1017932961 1 130158 R 23.0 11 3 13597 244
1020158701 1 130443 R 27.0 12 3 7555 245
1022351654 1 130724 R 37.0 13 1 1449 246
1024529062 1 131003 R 17.0 12 5 8138 247
1028956029 1 131569 R 49.0 13 2 2315 248
1031161750 1 131852 R 43.0 12 4 8976 249
1033357668 1 132133 R 32.0 13 2 2881 250
1035551112 1 132413 R 46.0 10 4 22321 251
1037748651 1 132695 R 5.0 12 1 9754 252
1039954566 1 132977 R 2.0 11 1 16483 253
1042144716 1 133257 R 41.0 12 2 10434 254
1044389044 1 133545 R 29.0 13 2 4343 255
1046582009 1 133825 R 18.0 13 3 4523 256
1048758399 1 134104 R 45.0 13 4 4927 257
1053173186 1 134669 R 42.0 10 4 24600 258
1055439100 1 134959 R 22.0 5 2 56784 259
1057576718 1 135233 R 31.0 10 4 25208 260
1059824409 1 135520 R 47.0 11 2 19122 261
1064196742 1 136080 R 34.0 10 3 26066 262
1068587623 1 136642 R 39.0 12 4 15473 263
1072988779 1 137205 R 49.0 14 2 1551 264
1075200775 1 137489 R 15.0 11 3 20942 265
1077401577 1 137770 R 44.0 11 2 21251 266
1079647806 1 138058 R 27.0 13 3 8769 267
1081817207 1 138335 R 36.0 14 1 2723 268
1084038674 1 138620 R 17.0 13 5 9353 269
1088444224 1 139184 R 29.0 14 2 3582 270
1090637430 1 139464 R 43.0 13 4 10188 271
1092812071 1 139743 R 25.0 11 3 23215 272
1095016335 1 140025 R 32.0 14 2 4373 273
1099492606 1 140598 R 38.0 5 2 62619 274
1101628974 1 140871 R 23.0 12 3 17910 275
1103836493 1 141154 R 2.0 12 1 18260 276
1106037435 1 141436 R 47.0 12 2 18637 277
1108253720 1 141719 R 33.0 5 3 63676 278
1112632888 1 142280 R 5.0 13 1 12939 279
1114850539 1 142564 R 36.0 15 1 551 280
1117057139 1 142846 R 30.0 13 3 13614 281
1121451418 1 143409 R 37.0 15 1 1334 282
1123661528 1 143691 R 15.0 12 3 20745 283
1125854994 1 143972 R 45.0 14 4 8397 284
1128066988 1 144255 R 46.0 11 4 27764 285
1130267793 1 144537 R 42.0 11 4 28070 286
1132499361 1 144823 R 49.0 15 2 2768 287
1134692632 1 145103 R 43.0 14 4 10045 288
1136869764 1 145382 R 17.0 14 5 9718 289
1139116433 1 145670 R 29.0 15 2 3669 290
1141296727 1 145949 R 18.0 15 3 3845 291
1143505384 1 146232 R 32.0 15 2 4180 292
1145682111 1 146510 R 2.0 13 1 17216 293
1147922063 1 146797 R 34.0 11 3 30383 294
1150155019 1 147083 R 35.0 5 4 68989 295
1152286592 1 147355 R 44.0 12 2 24437 296
1154495221 1 147638 R 39.0 13 4 18353 297
1156762961 1 147928 R 14.0 5 5 69856 298
1161099565 1 148484 R 36.0 16 1 71 299
1163311094 1 148767 R 47.0 13 2 19569 300
1165499100 1 149047 R 5.0 14 1 13306 301
1167739179 1 149333 R 41.0 14 2 13711 302
1169930533 1 149614 R 28.0 6 1 65175 303
1172120220 1 149894 R 25.0 12 3 26967 304
1174320016 1 150176 R 39.0 14 4 14491 305
1176512785 1 150456 R 5.0 15 1 8316 306
1178730331 1 150740 R 2.0 14 1 15046 307
1180974731 1 151028 R 27.0 15 3 8940 308
1183128677 1 151303 R 37.0 16 1 2829 309
1185329487 1 151585 R 17.0 15 5 9520 310
1189785783 1 152155 R 49.0 16 2 3701 311
1191970439 1 152435 R 41.0 15 2 10412 312
1194149759 1 152714 R 47.0 14 2 17116 313
1196350529 1 152996 R 46.0 12 4 30105 314
1198540636 1 153276 R 30.0 15 3 11243 315
1200750926 1 153559 R 43.0 15 4 11482 316
1202951544 1 153841 R 45.0 16 4 5464 317
1207355529 1 154404 R 42.0 12 4 31534 318
1209629969 1 154695 R 22.0 6 2 70121 319
1213969668 1 155251 R 39.0 15 4 13166 320
1216198817 1 155536 R 23.0 15 3 13375 321
1218382995 1 155816 R 31.0 12 4 32991 322
1220609717 1 156101 R 37.0 17 1 1226 323
1222778667 1 156378 R 2.0 15 1 14284 324
1225018655 1 156665 R 15.0 14 3 20919 325
1227180356 1 156942 R 47.0 15 2 14944 326
1229397452 1 157226 R 5.0 16 1 8685 327
1231638194 1 157513 R 49.0 17 2 2658 328
1233792127 1 157788 R 27.0 16 3 9300 329
1235992900 1 158070 R 17.0 16 5 9604 330
1238237912 1 158357 R 41.0 16 2 9934 331
1240434617 1 158638 R 29.0 17 2 3837 332
1242603332 1 158916 R 43.0 16 4 10440 333
1244800520 1 159197 R 30.0 16 3 10765 334
1247042826 1 159484 R 18.0 17 3 4580 335
1249211406 1 159762 R 32.0 17 2 4910 336
1251412216 1 160044 R 27.0 17 3 5155 337
1253664248 1 160332 R 23.0 16 3 11771 338
1255841333 1 160611 R 5.0 17 1 5670 339
1258029719 1 160891 R 15.0 15 3 18744 340
1260234966 1 161173 R 45.0 17 4 6396 341
1262433316 1 161454 R 25.0 13 3 32126 342
1264632915 1 161736 R 41.0 17 2 6913 343
1266867442 1 162022 R 37.0 18 1 747 344
1269060663 1 162303 R 17.0 17 5 7436 345
1271238045 1 162581 R 29.0 18 2 1380 346
1273449059 1 162864 R 46.0 13 4 33572 347
1275678720 1 163150 R 32.0 18 2 1898 348
1277852598 1 163428 R 42.0 13 4 34160 349
1280048100 1 163709 R 49.0 18 2 2455 350
1282253297 1 163991 R 47.0 16 2 15592 351
1284498537 1 164279 R 18.0 18 3 2974 352
1286678805 1 164558 R 27.0 18 3 3269 353
1288932300 1 164846 R 22.0 7 2 73872 354
1291066280 1 165119 R 30.0 17 3 10287 355
1293304133 1 165406 R 34.0 12 3 42592 356
1295461978 1 165682 R 39.0 17 4 10797 357
1297668674 1 165964 R 34.0 13 3 36750 358
1299896374 1 166250 R 45.0 18 4 5073 359
1302146681 1 166538 R 22.0 8 2 69163 360
1306475764 1 167092 R 46.0 14 4 31400 361
1308750810 1 167383 R 33.0 7 3 76540 362
1310899531 1 167658 R 5.0 18 1 6317 363
1315294021 1 168220 R 29.0 19 2 620 364
1317494793 1 168502 R 37.0 19 1 828 365
1319701887 1 168785 R 41.0 18 2 7562 366
1321909756 1 169067 R 42.0 14 4 33460 367
1324117686 1 169350 R 22.0 10 2 59175 368
1326342165 1 169635 R 43.0 18 4 8359 369
1328519300 1 169913 R 22.0 11 2 53338 370
1330720657 1 170195 R 2.0 16 1 15301 371
1335111500 1 170757 R 30.0 18 3 9525 372
1339553290 1 171326 R 39.0 18 4 10040 373
1341734674 1 171605 R 15.0 16 3 23059 374
1343967589 1 171891 R 31.0 14 4 36266 375
1346129332 1 172167 R 34.0 14 3 36552 376
1348337949 1 172450 R 47.0 17 2 17651 377
1350572578 1 172736 R 32.0 19 2 5085 378
1352733588 1 173013 R 2.0 17 1 11719 379
1354978038 1 173300 R 49.0 19 2 5645 380
1357146600 1 173578 R 27.0 19 3 5889 381
1359347427 1 173859 R 18.0 19 3 6156 382
1361569192 1 174144 R 23.0 18 3 12784 383
1363785376 1 174427 R 41.0 19 2 6804 384
1365967833 1 174707 R 44.0 15 2 32589 385
1368194560 1 174992 R 45.0 19 4 7416 386
1370387616 1 175272 R 37.0 20 1 1198 387
1372566376 1 175551 R 15.0 17 3 20604 388
1374767712 1 175833 R 49.0 20 2 1779 389
1377008968 1 176120 R 47.0 18 2 14921 390
1379217171 1 176403 R 17.0 19 5 8737 391
1381397465 1 176682 R 43.0 19 4 9005 392
1383581777 1 176961 R 5.0 19 1 9220 393
1385779060 1 177243 R 25.0 15 3 35115 394
1387987671 1 177525 R 15.0 18 3 16179 395
1390180611 1 177806 R 30.0 19 3 10174 396
1392420504 1 178093 R 39.0 19 4 10406 397
1394627666 1 178375 R 29.0 20 2 4374 398
1396796244 1 178653 R 32.0 20 2 4601 399
1398997111 1 178934 R 18.0 20 3 4831 400
1401200809 1 179217 R 27.0 20 3 5129 401
1403397153 1 179498 R 31.0 15 4 37474 402
1405618537 1 179782 R 23.0 19 3 12021 403
1407844213 1 180067 R 43.0 20 4 5990 404
1410007070 1 180344 R 5.0 20 1 6203 405
1412279588 1 180635 R 28.0 7 1 44995 406
1414430273 1 180910 R 22.0 14 2 45135 407
1416619117 1 181190 R 45.0 20 4 7215 408
1418835051 1 181474 R 46.0 15 4 39382 409
1421043951 1 181756 R 36.0 18 1 20544 410
1423232700 1 182037 R 36.0 19 1 14424 411
1425439280 1 182319 R 2.0 18 1 14625 412
1427637065 1 182600 R 41.0 20 2 8577 413
1429830102 1 182881 R 30.0 20 3 9147 414
1434250425 1 183447 R 42.0 15 4 41378 415
1436445901 1 183728 R 17.0 20 5 9662 416
1438665683 1 184012 R 36.0 20 1 10000 417
1440909477 1 184299 R 33.0 9 3 80655 418
1443059567 1 184574 R 47.0 19 2 16976 419
1447520075 1 185145 R 35.0 9 4 81452 420
1449674490 1 185421 R 28.0 8 1 36982 421
1451861784 1 185701 R 34.0 15 3 43687 422
1454070441 1 185984 R 44.0 16 2 37465 423
1456301490 1 186269 R 39.0 20 4 12183 424
1458466188 1 186546 R 15.0 19 3 18800 425
1460668986 1 186828 R 23.0 20 3 12668 426
1467314272 1 187679 R 25.0 16 3 39150 427
1469538431 1 187964 R 2.0 19 1 13870 428
1471750591 1 188247 R 22.0 16 2 39672 429
1476104871 1 188804 R 28.0 9 1 33965 430
1480492734 1 189366 R 47.0 20 2 15368 431
1487165755 1 190220 R 28.0 10 1 28981 432
1491552658 1 190782 R 35.0 10 4 80689 433
1495920840 1 191341 R 31.0 16 4 42915 434
1498183215 1 191630 R 14.0 10 5 81557 435
1500338093 1 191906 R 28.0 11 1 24267 436
1506941807 1 192751 R 22.0 19 2 24977 437
1511347045 1 193315 R 42.0 16 4 44846 438
1513598278 1 193603 R 38.0 11 2 77225 439
1515750548 1 193879 R 15.0 20 3 19732 440
1522363707 1 194725 R 44.0 17 2 39806 441
1526764338 1 195289 R 25.0 17 3 40361 442
1529017048 1 195577 R 33.0 11 3 79133 443
1531214816 1 195858 R 44.0 18 2 34539 444
1533374952 1 196135 R 14.0 11 5 79662 445
1539982750 1 196981 R 33.0 12 3 74137 446
1542188536 1 197263 R 25.0 18 3 35936 447
1546584310 1 197826 R 46.0 18 4 37403 448
1548825457 1 198112 R 14.0 12 5 75240 449
1555440971 1 198959 R 33.0 13 3 69716 450
1562010471 1 199800 R 42.0 18 4 38533 451
1566414001 1 200364 R 31.0 18 4 39138 452
1575267784 1 201497 R 35.0 13 4 72203 453
1577472844 1 201779 R 44.0 19 2 34061 454
1579634872 1 202056 R 14.0 13 5 72782 455
1590689837 1 203471 R 14.0 14 5 80501 456
1592849217 1 203748 R 25.0 19 3 36020 457
1595080889 1 204033 R 14.0 15 5 61961 458
1597252663 1 204311 R 46.0 19 4 36619 459
1606109746 1 205445 R 33.0 16 3 57001 460
1608263930 1 205721 R 38.0 13 2 38141 461
1610491152 1 206006 R 14.0 16 5 57531 462
1612716886 1 206291 R 42.0 19 4 38622 463
1617089258 1 206850 R 31.0 19 4 39225 464
1621479928 1 207412 R 33.0 17 3 52568 465
1623704226 1 207697 R 35.0 17 4 52804 466
1625896498 1 207978 R 33.0 18 3 46734 467
1628116657 1 208262 R 31.0 20 4 34235 468
1636949690 1 209392 R 35.0 18 4 48098 469
1639103739 1 209668 R 33.0 19 3 42025 470
1641330990 1 209953 R 35.0 19 4 42259 471
1643534061 1 210235 R 46.0 20 4 36142 472
1647921937 1 210797 R 42.0 20 4 36728 473
1652319924 1 211360 R 33.0 20 3 37316 474
1654544205 1 211644 R 35.0 20 4 37551 475
1658965036 1 212210 R 34.0 19 3 44595 476
1663321750 1 212768 R 34.0 20 3 38753 477
1667774978 1 213338 R 14.0 20 5 39267 478
