372525673 1 47546 R 37.0 1 1 192 1
376950152 1 48113 R 28.0 1 1 793 2
379122733 1 48391 R 5.0 1 1 970 3
381371629 1 48679 R 2.0 1 1 1305 4
383560270 1 48959 R 49.0 1 2 1625 5
385753193 1 49239 R 18.0 1 3 1856 6
387930337 1 49518 R 37.0 2 1 884 7
390136943 1 49800 R 41.0 1 2 2498 8
392329874 1 50081 R 30.0 1 3 2768 9
394551283 1 50365 R 5.0 2 1 1665 10
398948125 1 50928 R 39.0 1 4 3562 11
401141074 1 51209 R 41.0 2 2 2626 12
403385248 1 51496 R 49.0 2 2 2883 13
405551901 1 51774 R 27.0 1 3 4405 14
407759119 1 52056 R 5.0 3 1 2075 15
409966643 1 52339 R 2.0 2 1 3685 16
412154895 1 52619 R 30.0 2 3 4028 17
414394838 1 52905 R 39.0 2 4 4260 18
416601772 1 53188 R 32.0 2 2 4576 19
418772965 1 53466 R 23.0 1 3 6025 20
421007293 1 53752 R 37.0 3 1 3837 21
423168702 1 54029 R 41.0 3 2 4166 22
425384155 1 54312 R 47.0 1 2 7034 23
427611355 1 54597 R 30.0 3 3 4724 24
429818355 1 54880 R 18.0 2 3 6217 25
432011353 1 55160 R 27.0 2 3 6512 26
434188687 1 55439 R 43.0 2 4 6804 27
436412930 1 55724 R 32.0 3 2 5832 28
438621610 1 56006 R 37.0 4 1 4812 29
440819428 1 56288 R 49.0 3 2 6394 30
443003188 1 56567 R 5.0 4 1 5306 31
445196288 1 56848 R 41.0 4 2 5705 32
449609473 1 57413 R 2.0 3 1 7479 33
451849332 1 57700 R 2.0 4 1 6486 34
454011420 1 57976 R 34.0 1 3 10682 35
456251636 1 58263 R 29.0 1 2 10983 36
458418124 1 58540 R 27.0 3 3 8613 37
460625537 1 58823 R 25.0 1 3 11416 38
462828101 1 59105 R 30.0 4 3 7965 39
465062673 1 59391 R 29.0 2 2 10830 40
467255495 1 59672 R 37.0 5 1 7197 41
469432899 1 59950 R 32.0 4 2 8779 42
471639018 1 60233 R 5.0 5 1 7692 43
473832066 1 60513 R 2.0 5 1 8019 44
476053981 1 60798 R 36.0 1 1 13505 45
478252237 1 61079 R 2.0 6 1 7305 46
480447844 1 61360 R 29.0 3 2 11519 47
482648612 1 61642 R 45.0 1 4 15250 48
484855783 1 61924 R 41.0 5 2 9502 49
487048919 1 62205 R 39.0 4 4 11000 50
491464195 1 62770 R 30.0 5 3 10338 51
493698569 1 63056 R 32.0 5 2 10605 52
495891333 1 63337 R 37.0 6 1 9583 53
498068385 1 63616 R 36.0 2 1 15043 54
500275137 1 63898 R 5.0 6 1 10077 55
502490647 1 64182 R 36.0 3 1 14329 56
504707092 1 64465 R 39.0 5 4 11979 57
506892325 1 64745 R 41.0 6 2 11042 58
511317239 1 65312 R 5.0 7 1 10211 59
513518158 1 65593 R 30.0 6 3 11881 60
515692033 1 65871 R 37.0 7 1 10837 61
517902036 1 66154 R 2.0 7 1 11100 62
520095521 1 66435 R 17.0 1 5 19091 63
522302850 1 66718 R 39.0 6 4 12953 64
524495683 1 66998 R 5.0 8 1 10617 65
526735715 1 67285 R 41.0 7 2 12302 66
528942711 1 67568 R 27.0 4 3 16359 67
531113915 1 67845 R 30.0 7 3 12854 68
533306738 1 68126 R 5.0 9 1 10465 69
535546686 1 68413 R 39.0 7 4 13367 70
537753715 1 68695 R 32.0 6 2 14964 71
539929739 1 68974 R 47.0 3 2 19136 72
542130487 1 69256 R 2.0 8 1 12922 73
544378111 1 69543 R 2.0 9 1 11929 74
546561343 1 69823 R 5.0 10 1 8322 75
548744598 1 70102 R 36.0 4 1 18970 76
550938654 1 70383 R 47.0 4 2 19265 77
553167811 1 70668 R 41.0 8 2 14405 78
557555608 1 71230 R 5.0 11 1 8449 79
559755495 1 71512 R 36.0 5 1 19099 80
561952449 1 71793 R 30.0 8 3 15520 81
564160081 1 72075 R 44.0 3 2 22116 82
566348182 1 72355 R 5.0 12 1 8295 83
568588102 1 72642 R 39.0 8 4 16315 84
570778165 1 72922 R 41.0 9 2 15380 85
572961693 1 73202 R 36.0 6 1 19510 86
575168924 1 73485 R 5.0 13 1 8144 87
577383994 1 73768 R 36.0 7 1 18796 88
579564787 1 74047 R 30.0 9 3 16495 89
581782154 1 74331 R 31.0 1 4 27026 90
584007382 1 74616 R 39.0 9 4 17011 91
586185806 1 74895 R 2.0 10 1 16001 92
588417174 1 75180 R 18.0 3 3 25238 93
590588557 1 75458 R 41.0 10 2 16636 94
592781514 1 75739 R 30.0 10 3 16906 95
594991266 1 76022 R 27.0 5 3 23533 96
597192140 1 76303 R 29.0 4 2 25182 97
599399240 1 76586 R 5.0 14 1 8685 98
601596393 1 76867 R 2.0 11 1 16693 99
603805064 1 77150 R 47.0 6 2 23471 100
606039445 1 77436 R 45.0 2 4 28900 101
608232469 1 77717 R 32.0 7 2 22705 102
610409809 1 77995 R 37.0 9 1 17841 103
612634286 1 78280 R 37.0 10 1 16846 104
614842665 1 78563 R 49.0 4 2 27389 105
617035727 1 78843 R 27.0 6 3 25075 106
621427381 1 79406 R 39.0 10 4 20521 107
623620379 1 79686 R 41.0 11 2 19583 108
625859899 1 79973 R 5.0 15 1 9512 109
628067135 1 80255 R 18.0 4 3 29032 110
630238399 1 80533 R 30.0 11 3 20420 111
632487407 1 80821 R 37.0 11 1 14267 112
634648572 1 81098 R 44.0 4 2 29859 113
636846376 1 81379 R 5.0 16 1 9638 114
639052265 1 81662 R 2.0 12 1 20208 115
641283615 1 81947 R 49.0 5 2 29493 116
643476577 1 82228 R 18.0 5 3 29725 117
645654184 1 82507 R 37.0 12 1 13392 118
647860458 1 82789 R 41.0 12 2 21406 119
650053243 1 83070 R 23.0 2 3 34349 120
652293313 1 83356 R 30.0 12 3 21964 121
654476418 1 83636 R 2.0 13 1 20902 122
656686141 1 83919 R 39.0 11 4 23754 123
658905652 1 84203 R 27.0 7 3 29154 124
663279765 1 84763 R 39.0 12 4 23317 125
665492449 1 85046 R 36.0 8 1 28794 126
667716704 1 85331 R 43.0 4 4 38592 127
669909719 1 85611 R 49.0 7 2 30598 128
672087092 1 85890 R 32.0 8 2 29599 129
674296345 1 86173 R 15.0 2 3 37466 130
676493579 1 86454 R 27.0 8 3 30127 131
678746872 1 86742 R 2.0 14 1 22728 132
680897141 1 87018 R 49.0 8 2 30724 133
683144813 1 87305 R 18.0 8 3 30963 134
685314350 1 87583 R 49.0 9 2 30010 135
687510150 1 87864 R 41.0 13 2 23921 136
689703109 1 88145 R 30.0 13 3 25472 137
691920413 1 88429 R 2.0 15 1 21855 138
694149854 1 88714 R 43.0 5 4 36238 139
696321148 1 88992 R 41.0 14 2 23770 140
698555319 1 89278 R 32.0 9 2 31706 141
702929425 1 89838 R 41.0 15 2 23335 142
705122248 1 90119 R 23.0 4 3 38838 143
707362317 1 90405 R 30.0 14 3 26453 144
709569140 1 90688 R 45.0 3 4 40872 145
711762340 1 90968 R 32.0 10 2 32117 146
713939730 1 91247 R 27.0 10 3 32359 147
716153032 1 91530 R 17.0 3 5 41626 148
718348833 1 91811 R 41.0 16 2 24029 149
720583179 1 92097 R 32.0 11 2 31966 150
722744525 1 92374 R 41.0 17 2 23311 151
724988681 1 92661 R 27.0 11 3 32493 152
727181666 1 92942 R 32.0 12 2 28971 153
729358838 1 93221 R 43.0 8 4 40753 154
731565167 1 93503 R 23.0 5 3 40942 155
733765277 1 93785 R 45.0 6 4 40130 156
735966116 1 94067 R 17.0 6 5 40320 157
738213976 1 94354 R 27.0 14 3 30346 158
740383383 1 94632 R 45.0 7 4 39695 159
742591755 1 94915 R 36.0 9 1 37382 160
744784686 1 95195 R 2.0 16 1 26061 161
747016032 1 95481 R 18.0 9 3 37858 162
749209035 1 95762 R 17.0 7 5 40735 163
751386568 1 96040 R 27.0 15 3 30752 164
755823981 1 96608 R 30.0 17 3 28815 165
758024558 1 96890 R 23.0 6 3 43049 166
760209331 1 97170 R 36.0 11 1 37077 167
762411546 1 97452 R 15.0 3 3 47466 168
764604567 1 97732 R 47.0 8 2 41493 169
766840901 1 98018 R 29.0 6 2 44337 170
769033885 1 98299 R 45.0 8 4 42084 171
771211194 1 98578 R 17.0 8 5 42271 172
773422469 1 98861 R 2.0 17 1 28447 173
775623179 1 99143 R 47.0 9 2 41624 174
777854869 1 99428 R 27.0 16 3 32859 175
780030652 1 99707 R 15.0 4 3 48440 176
782231698 1 99988 R 47.0 10 2 41189 177
786639135 1 100553 R 46.0 1 4 53181 178
788837021 1 100834 R 23.0 7 3 45713 179
791037228 1 101116 R 45.0 9 4 43619 180
795448483 1 101680 R 47.0 11 2 41602 181
799882635 1 102248 R 27.0 17 3 34399 182
802075685 1 102528 R 45.0 10 4 43752 183
804253024 1 102807 R 27.0 18 3 31119 184
806459097 1 103090 R 23.0 8 3 46689 185
808693678 1 103376 R 49.0 10 2 44522 186
810869517 1 103654 R 42.0 1 4 56305 187
813099247 1 103940 R 17.0 10 5 45073 188
815292003 1 104220 R 29.0 7 2 49260 189
817469542 1 104499 R 17.0 11 5 44353 190
819682985 1 104782 R 36.0 12 1 84001 191
821881315 1 105064 R 15.0 6 3 51238 192
824081400 1 105345 R 30.0 18 3 36272 193
826290559 1 105628 R 36.0 13 1 42976 194
828518496 1 105913 R 45.0 12 4 44576 195
830685188 1 106191 R 18.0 10 3 47288 196
832897275 1 106474 R 47.0 12 2 45115 197
835091222 1 106754 R 36.0 14 1 42822 198
837297715 1 107037 R 23.0 9 3 49356 199
839507629 1 107320 R 36.0 15 1 42107 200
841699760 1 107600 R 36.0 16 1 41108 201
843911131 1 107883 R 47.0 13 2 45244 202
846116752 1 108166 R 47.0 14 2 44248 203
848309148 1 108446 R 43.0 10 4 49570 204
850504804 1 108727 R 30.0 20 3 37096 205
852748869 1 109015 R 49.0 11 2 48881 206
854941626 1 109295 R 29.0 9 2 51775 207
857127452 1 109575 R 44.0 6 2 55777 208
859322000 1 109856 R 29.0 10 2 51056 209
861537097 1 110140 R 23.0 10 3 51179 210
863739017 1 110421 R 36.0 17 1 42649 211
865933787 1 110702 R 39.0 15 4 45417 212
868139261 1 110985 R 25.0 2 3 62298 213
870386942 1 111272 R 44.0 7 2 56194 214
872556523 1 111550 R 15.0 7 3 56444 215
874776467 1 111834 R 18.0 11 3 51652 216
876937812 1 112111 R 39.0 16 4 45546 217
879177719 1 112398 R 39.0 17 4 44553 218
881381225 1 112680 R 44.0 8 2 56322 219
883602108 1 112964 R 29.0 11 2 52882 220
885784793 1 113243 R 25.0 3 3 63276 221
887983247 1 113525 R 29.0 12 2 52163 222
890160586 1 113803 R 49.0 12 2 49829 223
892375490 1 114087 R 44.0 9 2 56449 224
894610049 1 114373 R 29.0 13 2 51731 225
896779622 1 114651 R 29.0 14 2 50729 226
899003509 1 114935 R 39.0 18 4 45810 227
901201757 1 115217 R 18.0 14 3 51194 228
903385416 1 115496 R 46.0 3 4 65565 229
905595523 1 115779 R 36.0 18 1 46727 230
907789122 1 116060 R 44.0 10 2 57142 231
910020638 1 116345 R 43.0 11 4 56190 232
912194400 1 116624 R 36.0 19 1 46291 233
914416357 1 116908 R 29.0 15 2 51708 234
916592747 1 117187 R 49.0 13 2 45533 235
918804666 1 117470 R 25.0 4 3 66223 236
921005714 1 117752 R 47.0 15 2 52554 237
923253421 1 118039 R 44.0 11 2 57841 238
925448709 1 118320 R 29.0 16 2 51839 239
927625678 1 118599 R 39.0 20 4 46913 240
929821016 1 118880 R 36.0 20 1 47268 241
932006782 1 119160 R 23.0 11 3 58920 242
934216770 1 119443 R 29.0 17 2 51682 243
936417568 1 119724 R 18.0 17 3 51861 244
938629761 1 120007 R 44.0 12 2 58529 245
940830542 1 120289 R 44.0 13 2 57530 246
943061950 1 120575 R 18.0 18 3 51432 247
945255014 1 120855 R 29.0 19 2 50535 248
947431377 1 121134 R 18.0 19 3 50712 249
949635113 1 121416 R 18.0 20 3 49714 250
954075817 1 121985 R 43.0 12 4 60548 251
956251597 1 122263 R 15.0 8 3 65877 252
958452373 1 122545 R 25.0 5 3 70017 253
960700119 1 122832 R 25.0 6 3 69024 254
962869641 1 123110 R 46.0 6 4 69337 255
969460884 1 123954 R 43.0 13 4 61237 256
971661748 1 124236 R 17.0 13 5 61529 257
973865473 1 124518 R 43.0 16 4 64184 258
976076388 1 124801 R 42.0 3 4 74893 259
978277255 1 125082 R 15.0 9 3 67415 260
980477306 1 125364 R 23.0 12 3 63843 261
987117131 1 126214 R 43.0 18 4 57097 262
989302963 1 126494 R 23.0 13 3 63693 263
991552609 1 126782 R 22.0 3 2 76766 264
993698529 1 127056 R 46.0 8 4 70724 265
995944846 1 127344 R 28.0 8 1 71064 266
998089584 1 127618 R 23.0 16 3 60977 267
1000297557 1 127901 R 43.0 19 4 57505 268
1004722261 1 128467 R 23.0 17 3 60547 269
1006913061 1 128748 R 25.0 9 3 71100 270
1009182905 1 129038 R 22.0 4 2 77744 271
1011363499 1 129317 R 42.0 4 4 78129 272
1013546943 1 129597 R 23.0 20 3 57836 273
1015745222 1 129878 R 45.0 14 4 65982 274
1020131776 1 130440 R 15.0 10 3 71493 275
1022382568 1 130728 R 28.0 9 1 73168 276
1024572857 1 131008 R 28.0 10 1 72169 277
1026736547 1 131285 R 43.0 20 4 59609 278
1028940923 1 131567 R 25.0 10 3 72639 279
1031153026 1 131850 R 28.0 11 1 71731 280
1033374119 1 132135 R 17.0 14 5 68149 281
1037810777 1 132703 R 28.0 12 1 71303 282
1039964375 1 132978 R 33.0 2 3 84374 283
1042159391 1 133259 R 15.0 11 3 73033 284
1046570726 1 133824 R 22.0 7 2 78689 285
1048765478 1 134105 R 42.0 5 4 81636 286
1055392921 1 134953 R 45.0 15 4 69777 287
1061987187 1 135797 R 46.0 11 4 75626 288
1064179905 1 136078 R 42.0 7 4 81049 289
1066392635 1 136361 R 46.0 13 4 73629 290
1070822003 1 136928 R 17.0 15 5 71663 291
1073014958 1 137209 R 45.0 16 4 70752 292
1077463342 1 137778 R 38.0 3 2 87959 293
1079606329 1 138052 R 46.0 15 4 72760 294
1084022844 1 138618 R 35.0 1 4 91244 295
1086212619 1 138898 R 46.0 17 4 71047 296
1088426190 1 139181 R 22.0 12 2 77647 297
1092822851 1 139744 R 46.0 19 4 69332 298
1095023620 1 140026 R 46.0 20 4 68335 299
1099431130 1 140590 R 42.0 13 4 77881 300
1103894095 1 141161 R 14.0 1 5 93809 301
1108242129 1 141718 R 42.0 14 4 77729 302
1110442967 1 142000 R 15.0 12 3 80492 303
1112639261 1 142281 R 17.0 16 5 75735 304
1114893440 1 142569 R 15.0 13 3 79782 305
1117062726 1 142847 R 34.0 2 3 94272 306
1119311577 1 143135 R 38.0 5 2 90755 307
1121482165 1 143413 R 15.0 14 3 79346 308
1125864267 1 143973 R 15.0 15 3 78627 309
1130267799 1 144537 R 42.0 15 4 79269 310
1132499240 1 144823 R 17.0 17 5 76996 311
1134717361 1 145107 R 22.0 16 2 78451 312
1139080789 1 145665 R 15.0 16 3 79038 313
1141310487 1 145951 R 17.0 19 5 104632 314
1143541893 1 146236 R 14.0 2 5 97603 315
1145693871 1 146512 R 38.0 7 2 91572 316
1150096458 1 147075 R 22.0 17 2 79141 317
1154500064 1 147639 R 42.0 16 4 81090 318
1156700909 1 147921 R 15.0 17 3 80015 319
1163327124 1 148769 R 17.0 20 5 77102 320
1165565696 1 149055 R 33.0 5 3 96612 321
1167720136 1 149331 R 22.0 18 2 80117 322
1169919411 1 149612 R 15.0 19 3 79146 323
1172120219 1 149894 R 42.0 17 4 82066 324
1174325517 1 150176 R 22.0 19 2 79682 325
1176571537 1 150464 R 38.0 8 2 94246 326
1183185509 1 151311 R 38.0 9 2 88692 327
1185338804 1 151586 R 33.0 6 3 97862 328
1187544408 1 151868 R 15.0 20 3 80121 329
1189737618 1 152149 R 42.0 20 4 114657 330
1191946272 1 152432 R 14.0 4 5 101239 331
1198558268 1 153278 R 31.0 13 4 90612 332
1200751225 1 153559 R 31.0 14 4 89614 333
1202991025 1 153846 R 31.0 16 4 87342 334
1207395249 1 154409 R 35.0 5 4 101916 335
1209603621 1 154692 R 35.0 6 4 100919 336
1211796490 1 154973 R 14.0 6 5 101219 337
1227240771 1 156950 R 35.0 7 4 101895 338
1229391881 1 157225 R 14.0 10 5 98353 339
1233799411 1 157789 R 31.0 17 4 90004 340
1238203156 1 158353 R 31.0 19 4 131117 341
1242634446 1 158920 R 14.0 11 5 98768 342
1244843181 1 159203 R 14.0 12 5 97771 343
1249218694 1 159763 R 34.0 5 3 107349 344
1253622315 1 160326 R 34.0 6 3 106631 345
1260277748 1 161178 R 14.0 13 5 98466 346
1262438168 1 161455 R 34.0 7 3 106480 347
1264636076 1 161736 R 34.0 8 3 105482 348
1273452168 1 162865 R 34.0 10 3 104051 349
1275697807 1 163152 R 35.0 14 4 99139 350
1277854809 1 163428 R 34.0 13 3 100774 351
1280055365 1 163710 R 34.0 14 3 99775 352
1288871287 1 164838 R 34.0 15 3 99624 353
1291117778 1 165126 R 35.0 15 4 99832 354
1295476626 1 165684 R 34.0 16 3 99188 355
1304331732 1 166817 R 14.0 15 5 101544 356
