404076587 1 51585 R 5.0 1 1 324 1
407752761 1 52055 R 2.0 1 1 841 2
411430197 1 52526 R 44.0 1 2 1288 3
415129801 1 53000 R 41.0 1 2 1857 4
418799113 1 53469 R 23.0 1 3 2188 5
422434243 1 53935 R 25.0 1 3 2687 6
426146849 1 54410 R 37.0 1 1 3215 7
429792258 1 54876 R 36.0 1 1 3744 8
433462711 1 55346 R 47.0 1 2 4227 9
437129340 1 55815 R 35.0 1 4 4602 10
440790761 1 56284 R 30.0 1 3 5132 11
444476713 1 56756 R 34.0 1 3 5621 12
448145977 1 57226 R 31.0 1 4 6082 13
451814296 1 57695 R 14.0 1 5 6503 14
455475684 1 58164 R 5.0 2 1 1783 15
459184211 1 58638 R 39.0 1 4 7434 16
462859733 1 59109 R 32.0 1 2 7937 17
466521260 1 59578 R 27.0 1 3 8369 18
470166192 1 60044 R 49.0 1 2 8870 19
473846777 1 60515 R 2.0 2 1 4181 20
477510225 1 60984 R 36.0 2 1 4732 21
481182753 1 61454 R 46.0 1 4 10241 22
484855779 1 61924 R 41.0 2 2 5662 23
488531826 1 62395 R 44.0 2 2 6037 24
492209009 1 62866 R 36.0 3 1 1493 25
495869537 1 63334 R 23.0 2 3 6934 26
499531073 1 63803 R 30.0 2 3 7531 27
503239386 1 64278 R 39.0 2 4 7953 28
506929735 1 64750 R 29.0 1 2 13628 29
510586147 1 65218 R 29.0 2 2 8976 30
514247676 1 65687 R 37.0 2 1 9372 31
517893731 1 66153 R 18.0 1 3 14931 32
521586476 1 66626 R 45.0 1 4 15530 33
528910782 1 67564 R 5.0 3 1 6063 34
532572598 1 68032 R 35.0 2 4 11698 35
536256515 1 68504 R 42.0 1 4 17316 36
539934539 1 68975 R 36.0 4 1 2482 37
543600998 1 69444 R 34.0 2 3 13190 38
547270348 1 69913 R 46.0 2 4 13582 39
550970304 1 70387 R 49.0 2 2 14093 40
554607177 1 70853 R 37.0 3 1 9418 41
558274999 1 71322 R 2.0 3 1 9868 42
561952439 1 71793 R 25.0 2 3 15424 43
565623715 1 72263 R 14.0 2 5 15950 44
569285214 1 72731 R 41.0 3 2 11348 45
572980986 1 73204 R 23.0 3 3 11684 46
576627450 1 73671 R 2.0 4 1 7097 47
580308553 1 74142 R 5.0 4 1 7522 48
584011649 1 74616 R 29.0 3 2 13256 49
587678641 1 75086 R 15.0 1 3 23820 50
591344414 1 75555 R 49.0 3 2 14141 51
598665098 1 76492 R 39.0 3 4 15047 52
602326592 1 76961 R 35.0 3 4 15508 53
606035000 1 77435 R 41.0 4 2 10932 54
609684667 1 77903 R 36.0 5 1 6290 55
613355065 1 78372 R 47.0 3 2 17013 56
617021418 1 78842 R 23.0 4 3 12203 57
620695291 1 79312 R 2.0 5 1 7618 58
628040087 1 80252 R 44.0 3 2 18773 59
631738086 1 80725 R 18.0 3 3 19262 60
635367662 1 81190 R 5.0 5 1 9449 61
639076354 1 81665 R 35.0 4 4 15093 62
642751879 1 82135 R 27.0 2 3 25807 63
646396405 1 82602 R 34.0 3 3 21228 64
650062800 1 83071 R 39.0 4 4 16506 65
653724309 1 83540 R 41.0 5 2 11918 66
657414115 1 84012 R 23.0 5 3 12251 67
664747536 1 84951 R 5.0 6 1 8090 68
668423744 1 85421 R 2.0 6 1 8607 69
672093309 1 85891 R 42.0 3 4 24461 70
675751973 1 86359 R 35.0 5 4 14666 71
679460262 1 86834 R 41.0 6 2 10091 72
683098377 1 87299 R 44.0 4 2 20700 73
686807116 1 87774 R 37.0 4 1 21220 74
690446775 1 88240 R 23.0 6 3 11360 75
694108211 1 88709 R 35.0 6 4 11895 76
697794154 1 89181 R 47.0 4 2 22702 77
701460186 1 89650 R 5.0 7 1 7669 78
705163416 1 90124 R 49.0 4 2 23589 79
712471768 1 91059 R 32.0 3 2 29648 80
716135831 1 91528 R 14.0 6 5 14736 81
719848509 1 92003 R 29.0 4 2 25522 82
723496914 1 92470 R 41.0 7 2 10608 83
727164229 1 92940 R 34.0 4 3 26445 84
730838498 1 93410 R 25.0 3 3 31923 85
734501923 1 93879 R 23.0 7 3 11878 86
738176028 1 94349 R 2.0 7 1 12415 87
741834645 1 94818 R 35.0 7 4 12885 88
745527770 1 95290 R 36.0 6 1 18558 89
749214294 1 95762 R 30.0 7 3 13890 90
752863085 1 96229 R 46.0 4 4 29658 91
756527796 1 96698 R 36.0 7 1 14846 92
760205685 1 97169 R 31.0 3 4 35784 93
763874924 1 97639 R 15.0 2 3 41253 94
767543252 1 98108 R 5.0 8 1 11008 95
771204825 1 98577 R 39.0 7 4 16651 96
774913144 1 99052 R 14.0 7 5 17139 97
778569390 1 99520 R 36.0 8 1 12547 98
782233203 1 99989 R 42.0 4 4 33440 99
785931617 1 100462 R 29.0 5 2 28862 100
789593122 1 100931 R 32.0 4 2 34399 101
793239060 1 101397 R 45.0 2 4 45183 102
796931747 1 101870 R 49.0 5 2 30216 103
800608867 1 102341 R 45.0 3 4 41005 104
807930397 1 103278 R 2.0 8 1 16224 105
811598889 1 103747 R 41.0 8 2 16765 106
815275029 1 104218 R 34.0 5 3 32603 107
818972996 1 104691 R 18.0 5 3 32989 108
822634531 1 105160 R 49.0 6 2 28387 109
826286868 1 105628 R 46.0 5 4 33935 110
829951666 1 106097 R 37.0 6 1 24182 111
833674322 1 106573 R 15.0 3 3 45066 112
837315692 1 107039 R 18.0 6 3 30215 113
840992775 1 107510 R 49.0 7 2 25616 114
844640238 1 107977 R 23.0 8 3 20857 115
851996866 1 108918 R 18.0 7 3 26975 116
855654072 1 109387 R 39.0 8 4 22341 117
859356946 1 109861 R 27.0 4 3 43292 118
862986720 1 110325 R 5.0 9 1 18104 119
866689710 1 110799 R 37.0 7 1 18645 120
870335554 1 111266 R 29.0 9 2 19185 121
874010395 1 111736 R 35.0 8 4 24682 122
877671858 1 112205 R 14.0 8 5 25172 123
881380259 1 112680 R 41.0 9 2 20577 124
885055771 1 113150 R 49.0 8 2 26136 125
888695414 1 113616 R 23.0 9 3 21376 126
892388762 1 114089 R 29.0 10 2 16887 127
896033462 1 114555 R 32.0 5 2 42904 128
899714041 1 115026 R 2.0 9 1 22852 129
903380510 1 115496 R 35.0 9 4 23322 130
907078201 1 115969 R 5.0 10 1 18628 131
910725930 1 116436 R 42.0 5 4 44767 132
914403155 1 116906 R 14.0 9 5 24754 133
918073375 1 117376 R 15.0 4 3 50750 134
921734836 1 117845 R 47.0 5 2 46247 135
929110980 1 118789 R 18.0 8 3 31726 136
932750597 1 119255 R 30.0 9 3 27143 137
936412335 1 119724 R 41.0 10 2 22501 138
940124758 1 120199 R 37.0 8 1 17804 139
943769372 1 120665 R 31.0 4 4 54160 140
947435871 1 121135 R 23.0 10 3 23775 141
951153467 1 121610 R 29.0 11 2 19290 142
954783085 1 122075 R 47.0 6 2 45356 143
962120928 1 123014 R 35.0 10 4 25721 144
965782415 1 123483 R 14.0 10 5 26211 145
969477716 1 123956 R 36.0 9 1 31864 146
973163028 1 124428 R 41.0 11 2 22085 147
976832358 1 124897 R 23.0 11 3 22417 148
980486066 1 125365 R 35.0 11 4 22951 149
987819775 1 126304 R 30.0 11 3 23951 150
991481256 1 126772 R 5.0 11 1 14072 151
995189732 1 127247 R 39.0 11 4 24841 152
998865013 1 127718 R 45.0 4 4 61261 153
1002506581 1 128184 R 36.0 10 1 30971 154
1006176109 1 128653 R 14.0 11 5 26260 155
1009837622 1 129122 R 41.0 12 2 21659 156
1013545966 1 129597 R 23.0 12 3 21996 157
1017221327 1 130067 R 18.0 9 3 37885 158
1020861243 1 130533 R 30.0 12 3 23061 159
1024537212 1 131004 R 2.0 10 1 33710 160
1028206424 1 131473 R 25.0 4 3 64865 161
1031901309 1 131946 R 39.0 12 4 24420 162
1035593848 1 132419 R 15.0 5 3 60672 163
1039249116 1 132887 R 29.0 12 2 25446 164
1042910374 1 133355 R 37.0 9 1 25841 165
1046574530 1 133824 R 2.0 11 1 31410 166
1050231394 1 134292 R 35.0 12 4 26760 167
1053892859 1 134761 R 41.0 13 2 22178 168
1057578466 1 135233 R 34.0 6 3 77313 169
1061247817 1 135703 R 25.0 5 3 63976 170
1064963994 1 136178 R 15.0 6 3 59312 171
1068602023 1 136644 R 44.0 7 2 54685 172
1072286296 1 137115 R 23.0 13 3 24395 173
1075958360 1 137585 R 2.0 12 1 30051 174
1079627607 1 138055 R 42.0 6 4 61266 175
1083272646 1 138522 R 35.0 13 4 25869 176
1086952495 1 138993 R 46.0 6 4 63673 177
1090615216 1 139462 R 39.0 13 4 26817 178
1094291243 1 139932 R 2.0 13 1 22158 179
1097960428 1 140402 R 31.0 5 4 68777 180
1101660378 1 140875 R 27.0 5 3 69187 181
1105313389 1 141343 R 36.0 11 1 39011 182
1108976169 1 141812 R 25.0 6 3 64965 183
1112671088 1 142285 R 14.0 13 5 29652 184
1116316841 1 142751 R 2.0 14 1 19857 185
1120016948 1 143225 R 49.0 10 2 45971 186
1123656557 1 143691 R 41.0 14 2 25988 187
1127318088 1 144160 R 30.0 14 3 26447 188
1131026469 1 144634 R 23.0 14 3 26793 189
1134675093 1 145101 R 47.0 7 2 63262 190
1138341658 1 145571 R 35.0 14 4 27797 191
1142003117 1 146039 R 41.0 15 2 23216 192
1145686869 1 146511 R 44.0 8 2 59432 193
1149382757 1 146984 R 23.0 15 3 24023 194
1153058121 1 147454 R 32.0 6 2 70683 195
1156745695 1 147926 R 2.0 15 1 14792 196
1164040505 1 148860 R 35.0 15 4 25967 197
1167701971 1 149329 R 39.0 15 4 26442 198
1171390599 1 149801 R 46.0 7 4 67869 199
1175054156 1 150270 R 5.0 12 1 17089 200
1178715908 1 150738 R 14.0 15 5 27867 201
1182398960 1 151210 R 36.0 12 1 43757 202
1186095440 1 151683 R 41.0 16 2 23740 203
1189737261 1 152149 R 15.0 7 3 70163 204
1193442244 1 152623 R 37.0 10 1 39989 205
1197086531 1 153090 R 31.0 6 4 76345 206
1200755882 1 153560 R 42.0 7 4 71652 207
1204424304 1 154029 R 5.0 13 1 15728 208
1208085878 1 154498 R 23.0 16 3 26417 209
1211775767 1 154970 R 30.0 16 3 27017 210
1215454871 1 155441 R 36.0 13 1 42869 211
1219114181 1 155909 R 34.0 8 3 68934 212
1222783551 1 156379 R 2.0 16 1 18125 213
1226451969 1 156849 R 39.0 16 4 28842 214
1230154678 1 157323 R 45.0 5 4 85746 215
1233799209 1 157789 R 44.0 9 2 60470 216
1237456005 1 158257 R 35.0 16 4 30243 217
1241164374 1 158732 R 14.0 16 5 30740 218
1244811016 1 159199 R 25.0 7 3 77230 219
1248511214 1 159672 R 29.0 13 2 47112 220
1252150888 1 160138 R 41.0 17 2 27075 221
1255812321 1 160607 R 23.0 17 3 27406 222
1259520791 1 161081 R 30.0 17 3 28009 223
1263196234 1 161552 R 37.0 11 1 43797 224
1266883520 1 162024 R 34.0 9 3 69929 225
1270519795 1 162489 R 36.0 14 1 44797 226
1274183120 1 162958 R 31.0 7 4 81093 227
1277852601 1 163428 R 44.0 10 2 55869 228
1281523706 1 163898 R 36.0 15 1 41085 229
1288868227 1 164838 R 2.0 17 1 21464 230
1292537453 1 165308 R 47.0 8 2 78350 231
1296214299 1 165778 R 36.0 16 1 37846 232
1299882118 1 166248 R 2.0 18 1 17754 233
1303551487 1 166717 R 34.0 10 3 69502 234
1307267685 1 167193 R 46.0 10 4 69901 235
1310895665 1 167657 R 36.0 17 1 34605 236
1314562323 1 168127 R 39.0 17 4 35000 237
1318223919 1 168595 R 35.0 17 4 35463 238
1321909552 1 169067 R 47.0 9 2 76989 239
1325579038 1 169537 R 42.0 10 4 72269 240
1329252776 1 170007 R 36.0 18 1 31835 241
1332923445 1 170477 R 25.0 8 3 83389 242
1336584900 1 170946 R 36.0 19 1 27653 243
1340289500 1 171420 R 14.0 17 5 38306 244
1343922763 1 171885 R 41.0 18 2 33702 245
1347609867 1 172357 R 36.0 20 1 23944 246
1351279842 1 172827 R 44.0 11 2 39669 247
1354949190 1 173296 R 46.0 11 4 70885 248
1358665381 1 173772 R 47.0 10 2 76574 249
1362303404 1 174238 R 34.0 12 3 66783 250
1365988136 1 174709 R 31.0 8 4 87723 251
1369631295 1 175176 R 30.0 18 3 36983 252
1380676855 1 176589 R 29.0 14 2 58908 253
1384338325 1 177058 R 37.0 12 1 54184 254
1387984170 1 177525 R 49.0 11 2 75150 255
1391663758 1 177996 R 44.0 12 2 39717 256
1395358467 1 178469 R 39.0 18 4 40224 257
1406358583 1 179877 R 14.0 18 5 41645 258
1410019876 1 180345 R 15.0 9 3 91137 259
1413718168 1 180819 R 37.0 13 1 52824 260
1417360691 1 181285 R 46.0 12 4 73754 261
1424714913 1 182226 R 41.0 19 2 38923 262
1428376441 1 182695 R 34.0 13 3 70121 263
1432074498 1 183168 R 18.0 11 3 80746 264
1439400007 1 184106 R 23.0 19 3 40666 265
1443088321 1 184578 R 37.0 14 1 51464 266
1450402075 1 185514 R 42.0 13 4 72885 267
1454102083 1 185988 R 29.0 16 2 58067 268
1457763618 1 186457 R 29.0 17 2 53416 269
1461417812 1 186924 R 46.0 13 4 74701 270
1468787179 1 187868 R 37.0 15 1 44513 271
1472426798 1 188333 R 39.0 19 4 44969 272
1476102873 1 188804 R 47.0 11 2 86485 273
1479771954 1 189274 R 25.0 9 3 97066 274
1483468822 1 189747 R 35.0 19 4 46374 275
1487143503 1 190217 R 32.0 8 2 103206 276
1494476234 1 191156 R 18.0 12 3 83613 277
1498122177 1 191622 R 45.0 6 4 114926 278
1501801755 1 192093 R 47.0 12 2 84654 279
1505499794 1 192567 R 49.0 13 2 79953 280
1509139350 1 193033 R 14.0 19 5 49680 281
1512842350 1 193507 R 18.0 13 3 80842 282
1516503855 1 193975 R 49.0 14 2 76242 283
1520156066 1 194443 R 44.0 13 2 45925 284
1531164460 1 195852 R 32.0 9 2 103720 285
1534833811 1 196322 R 18.0 14 3 78539 286
1538514344 1 196793 R 47.0 13 2 84235 287
1542183657 1 197262 R 15.0 10 3 99916 288
1545899875 1 197738 R 47.0 14 2 80059 289
1549531072 1 198203 R 47.0 15 2 75405 290
1553194529 1 198672 R 41.0 20 2 50249 291
1556863837 1 199141 R 34.0 15 3 76326 292
1564198584 1 200080 R 23.0 20 3 51520 293
1567884496 1 200552 R 15.0 11 3 98086 294
1571582578 1 201025 R 49.0 15 2 78172 295
1575225041 1 201492 R 46.0 15 4 78599 296
1578902185 1 201962 R 30.0 20 3 53530 297
1582612556 1 202437 R 31.0 9 4 110332 298
1589912090 1 203372 R 34.0 16 3 75437 299
1593581430 1 203841 R 46.0 17 4 70708 300
1597281416 1 204315 R 49.0 16 2 76341 301
1600968823 1 204787 R 42.0 17 4 71679 302
1604592230 1 205251 R 35.0 20 4 56758 303
1608295237 1 205725 R 27.0 7 3 123796 304
1619282167 1 207131 R 47.0 17 2 74093 305
1622951497 1 207601 R 46.0 18 4 93333 306
1626667694 1 208076 R 42.0 18 4 69847 307
1630291115 1 208540 R 14.0 20 5 60066 308
1633956544 1 209009 R 34.0 17 3 65714 309
1637633605 1 209480 R 42.0 19 4 66131 310
1641336577 1 209954 R 45.0 7 4 128137 311
1648637702 1 210888 R 46.0 20 4 62397 312
1652346040 1 211363 R 42.0 20 4 62895 313
1659692973 1 212304 R 18.0 16 3 84280 314
1663328248 1 212769 R 32.0 10 2 115517 315
1667008812 1 213240 R 31.0 10 4 116015 316
1670721389 1 213715 R 49.0 17 2 80622 317
1674343792 1 214179 R 27.0 8 3 127130 318
1678013165 1 214648 R 18.0 17 3 81505 319
1689063021 1 216063 R 49.0 18 2 77848 320
1692698180 1 216528 R 18.0 18 3 78265 321
1696414341 1 217004 R 45.0 8 4 130068 322
1700043393 1 217468 R 25.0 11 3 115020 323
1703734407 1 217941 R 49.0 19 2 74607 324
1714776544 1 219354 R 18.0 20 3 70852 325
1718399170 1 219818 R 32.0 11 2 117446 326
1722069486 1 220288 R 32.0 12 2 112796 327
1725748841 1 220759 R 47.0 19 2 72361 328
1729433506 1 221230 R 32.0 13 2 108619 329
1733110385 1 221701 R 45.0 9 4 129645 330
1736760919 1 222168 R 31.0 11 4 121628 331
1740477079 1 222644 R 15.0 12 3 115057 332
1744115182 1 223110 R 25.0 12 3 115543 333
1762488535 1 225461 R 32.0 14 2 107730 334
1766125603 1 225927 R 27.0 10 3 128638 335
1769794748 1 226397 R 32.0 15 2 88185 336
1773468653 1 226867 R 15.0 13 3 114161 337
1784489347 1 228277 R 31.0 12 4 120811 338
1788153025 1 228746 R 32.0 16 2 80295 339
1791822542 1 229216 R 27.0 12 3 121688 340
1795501154 1 229687 R 15.0 14 3 111861 341
1799217336 1 230163 R 31.0 13 4 117577 342
1802855405 1 230628 R 25.0 13 3 117940 343
1813900910 1 232042 R 45.0 12 4 124626 344
1817523316 1 232506 R 27.0 13 3 119858 345
1821192688 1 232975 R 45.0 13 4 120439 346
1824896666 1 233450 R 15.0 15 3 110504 347
1828566011 1 233919 R 25.0 14 3 116112 348
1839585119 1 235330 R 27.0 14 3 117561 349
1843246584 1 235798 R 45.0 14 4 118143 350
1846892461 1 236265 R 27.0 15 3 113377 351
1850574473 1 236736 R 45.0 15 4 113961 352
1854287291 1 237212 R 25.0 15 3 114285 353
1861573183 1 238144 R 15.0 16 3 110078 354
1865266358 1 238617 R 45.0 16 4 110720 355
1872626501 1 239559 R 27.0 17 3 106430 356
1876287991 1 240028 R 45.0 17 4 107012 357
1879987120 1 240501 R 15.0 17 3 107315 358
1887312039 1 241439 R 25.0 16 3 113392 359
1890958437 1 241905 R 45.0 18 4 103770 360
1898325147 1 242848 R 45.0 20 4 94473 361
1901963956 1 243314 R 25.0 17 3 110146 362
1905648827 1 243786 R 15.0 18 3 105480 363
1912989468 1 244725 R 25.0 18 3 106438 364
1931339890 1 247074 R 25.0 19 3 103666 365
1938680238 1 248014 R 31.0 20 4 99590 366
1957038720 1 250364 R 15.0 19 3 106939 367
1964379299 1 251303 R 15.0 20 3 102756 368
