using saved target 'z1'
../../../../contiki/tools/sky/serialdump-linux -b115200 /dev/ttyUSB4
connecting to /dev/ttyUSB4 (115200) [OK]
Rime started with address 5.0
MAC 05:00:00:00:00:00:00:00 Ref ID: 4841
Contiki-3.x-2125-g5d67a61 started. Node id is set to 5.

************************************************
RTIMER_SECOND = 32768. F_CPU=8000000.
CLOCK_SECOND=128.
DURSLOT = 6015.(0.1835 s).
DURSLEEP = 114285.
DURCYCLE = 120300 .(3.6712 s).
MAX_CLOCK_DRIFT = WAKEUP_ADVANCE_TIME = 327 (0.0033 s).
PERIODIC_BCAST_CYCLES_SENSOR = 196611.
PERIODIC_BCAST_CYCLES_SINK = 196611.
MAX_CYCLE_COUNTER = 27904.
MAX_COUNT_NO_RTS_CTS = 65535.
MAX_CHILD_NUM = 10.
MAX_TRY_TO_FIND_PARENT = 3.

**********Below is Related Settings**********
PRIMAC_CONF_COMPOWER = 1.
PRIMAC_CONF_COMPOWER_SUPPORT = 1.
SF = 18.
PRI_SYNC_SUPPORT = 1.
RANDOM_DRIFT_IN_COOJA_SUPPORT = 0.
ADCSC_SUPPORT = 0.
DATA_TX_SUPPORT = 1.
CYCLES_PER_PACKET = 2.
DATA_INTERVAL = 7.
RETX_LIMIT = 6.
TOTAL_DATA_NUM = 0.
MAX_DATA_QUEUE_BUFS = 10.
PROC_GRADE_BASED_ON_ADDR_SUPPORT = 1.
NODES_NUM_PER_GRADE = 2.
ADDRESS_FREE_SUPPORT = 0.
IS_COOJA_SIM = 0.
CROSS_PLATFORM_SUPPORT = 1.
************************************************

My address is 5.0.
nullmac PRIMAC, channel check rate 8 Hz, radio channel 26
Starting
Hello, world
 P 0 0 0 3027067
 P 0 0 3390 3147367
 P 0 0 6841 3268088
 P 0 0 10231 3387967
 P 0 0 13621 3508267
 P 0 0 17011 3628567
 P 0 0 20401 3748867
EMPTY QUEUE
 P 422 0 23800 3871176
PT [3 0 1 -12 1]
 P 422 0 27190 3989467
PT [3 0 2 -12 1]
 P 422 0 30580 4109767
PT [3 0 3 -12 1]
 P 3145 0 31247 4230067
PT [3 0 4 -12 1]
 P 5526 0 32256 4350367
PT [3 0 5 -12 1]
EMPTY QUEUE
 P 6110 0 35655 4472229
PT [3 0 6 -15 1]
 P 6110 0 39045 4590967
PT [3 0 7 -15 1]
 P 6110 0 42435 4711267
PT [3 0 8 -15 1]
 P 7023 0 42438 4831567
PT [3 0 9 -15 1]
rcv bro rts
 P 8289 0 42478 4951867
PT [3 0 10 -15 1]
EMPTY QUEUE
 P 8484 0 45873 5074296
PT [3 0 11 -15 1]
EMPTY QUEUE
 P 9036 0 49272 5194188
PT [3 0 12 -19 1]
 P 9036 0 52662 5312767
PT [3 0 13 -19 1]
 P 10409 0 52665 5433067
PT [3 0 14 -19 1]
 P 11912 0 52673 5553367
PT [3 0 15 -19 1]
 P 12642 0 52676 5673667
PT [3 0 16 -19 1]
EMPTY QUEUE
 P 14432 0 52693 5794824
PT [3 0 17 -22 1]
 P 14432 0 56083 5914267
PT [3 0 18 -22 1]
 P 14432 0 59473 6034567
PT [3 0 19 -22 1]
 P 14432 0 62863 6154867
PT [3 0 20 -22 1]
 P 16028 0 62866 6275167
PT [3 0 21 -22 1]
 P 17254 0 62869 6395467
PT [3 0 22 -22 1]
EMPTY QUEUE
 P 19066 0 62885 6517840
PT [3 0 23 -26 1]
 P 19066 0 66275 6636067
PT [3 0 24 -26 1]
 P 19066 0 69665 6756367
PT [3 0 25 -26 1]
 P 19066 0 73055 6876667
PT [3 0 26 -26 1]
 P 21741 0 73058 6996967
PT [3 0 27 -26 1]
EMPTY QUEUE
 P 23604 0 73076 7120075
PT [3 0 28 -30 1]
 P 24330 0 73079 7237567
PT [3 0 29 -30 1]
 P 25037 0 73082 7357867
PT [3 0 30 -30 1]
 P 26322 0 73090 7478167
PT [3 0 31 -30 1]
 P 26322 0 76480 7598467
PT [3 0 32 -30 1]
EMPTY QUEUE
 P 26841 0 79879 7719720
PT [3 0 33 -33 1]
 P 26841 0 83269 7839067
PT [3 0 34 -33 1]
 P 28431 0 83272 7959367
PT [3 0 35 -33 1]
 P 29651 0 83275 8079667
PT [3 0 36 -33 1]
 P 30975 0 83284 8199967
PT [3 0 37 -33 1]
EMPTY QUEUE
 P 31040 0 89246 8325058
PT [3 0 38 -33 1]
EMPTY QUEUE
 P 31560 0 92645 8442256
PT [3 0 39 -37 1]
 P 31560 0 96035 8560867
PT [3 0 40 -37 1]
 P 34232 0 96038 8681167
PT [3 0 41 -37 1]
 P 35576 0 96047 8801467
PT [3 0 42 -37 1]
 P 37506 0 96055 8921767
PT [3 0 43 -37 1]
EMPTY QUEUE
 P 37994 0 99453 9042924
PT [3 0 44 -40 1]
 P 37994 0 102843 9162367
PT [3 0 45 -40 1]
 P 39296 0 102846 9282667
PT [3 0 46 -40 1]
 P 39296 0 106236 9402967
PT [3 0 47 -40 1]
 P 41723 0 106245 9523267
PT [3 0 48 -40 1]
EMPTY QUEUE
 P 43050 0 108825 9647174
PT [3 0 49 -40 1]
EMPTY QUEUE
 P 43666 0 112224 9765653
PT [3 0 50 -45 1]
 P 44614 0 112227 9884167
PT [3 0 51 -45 1]
 P 44614 0 115617 10004467
PT [3 0 52 -45 1]
 P 44614 0 119007 10124767
PT [3 0 53 -45 1]
 P 45958 0 119016 10245067
PT [3 0 54 -45 1]
EMPTY QUEUE
 P 48024 0 119034 10366320
PT [3 0 55 -48 1]
 P 49291 0 119037 10485667
PT [3 0 56 -48 1]
 P 49291 0 122427 10605967
PT [3 0 57 -48 1]
 P 49291 0 125817 10726267
PT [3 0 58 -48 1]
 P 49291 0 129207 10846567
PT [3 0 59 -48 1]
EMPTY QUEUE
 P 52144 0 129223 10969036
PT [3 0 60 -51 1]
 P 53055 0 129231 11087167
PT [3 0 61 -51 1]
 P 53790 0 129234 11207467
PT [3 0 62 -51 1]
 P 53790 0 132624 11327767
PT [3 0 63 -51 1]
 P 53790 0 136014 11448067
PT [3 0 64 -51 1]
EMPTY QUEUE
 P 54341 0 139413 11571208
PT [3 0 65 -55 1]
 P 55909 0 139421 11688667
PT [3 0 66 -55 1]
 P 57043 0 139429 11808967
PT [3 0 67 -55 1]
 P 57776 0 139432 11929267
PT [3 0 68 -55 1]
 P 59061 0 139440 12049567
PT [3 0 69 -55 1]
EMPTY QUEUE
 P 59460 0 142835 12172425
PT [3 0 70 -55 1]
EMPTY QUEUE
 P 59948 0 146234 12291824
PT [3 0 71 -59 1]
 P 59948 0 149624 12410467
PT [3 0 72 -59 1]
 P 61527 0 149627 12530767
PT [3 0 73 -59 1]
 P 62736 0 149631 12651067
PT [3 0 74 -59 1]
 P 64061 0 149639 12771367
PT [3 0 75 -59 1]
EMPTY QUEUE
 P 64548 0 153037 12893772
PT [3 0 76 -62 1]
 P 64548 0 156427 13011967
PT [3 0 77 -62 1]
 P 64548 0 159817 13132267
PT [3 0 78 -62 1]
 P 67208 0 159820 13252567
PT [3 0 79 -62 1]
 P 68553 0 159828 13372867
PT [3 0 80 -62 1]
 P 69263 0 159832 13493167
PT [3 0 81 -62 1]
EMPTY QUEUE
 P 71182 0 159849 13615668
PT [3 0 82 -66 1]
 P 71182 0 163239 13733767
PT [3 0 83 -66 1]
 P 71182 0 166629 13854067
PT [3 0 84 -66 1]
 P 71182 0 170019 13974367
PT [3 0 85 -66 1]
 P 72757 0 170022 14094667
PT [3 0 86 -66 1]
 P 73962 0 170026 14214967
PT [3 0 87 -66 1]
EMPTY QUEUE
 P 75351 0 172606 14340186
PT [3 0 88 -66 1]
EMPTY QUEUE
 P 75838 0 176005 14457224
PT [3 0 89 -71 1]
 P 75838 0 179395 14575867
PT [3 0 90 -71 1]
 P 75838 0 182785 14696167
PT [3 0 91 -71 1]
 P 78494 0 182788 14816467
PT [3 0 92 -71 1]
 P 79839 0 182796 14936767
PT [3 0 93 -71 1]
 P 80545 0 182800 15057067
PT [3 0 94 -71 1]
EMPTY QUEUE
 P 82400 0 182818 15178288
PT [3 0 95 -75 1]
 P 82400 0 186208 15297667
PT [3 0 96 -75 1]
 P 82400 0 189598 15417967
PT [3 0 97 -75 1]
 P 82400 0 192988 15538267
PT [3 0 98 -75 1]
 P 83971 0 192991 15658567
PT [3 0 99 -75 1]
 P 85173 0 192994 15778867
PT [3 0 100 -75 1]
EMPTY QUEUE
 P 87080 0 193010 15901336
PT [3 0 101 -79 1]
 P 87080 0 196400 16019467
PT [3 0 102 -79 1]
 P 87080 0 199790 16139767
PT [3 0 103 -79 1]
 P 87080 0 203180 16260067
PT [3 0 104 -79 1]
 P 89732 0 203183 16380367
PT [3 0 105 -79 1]
 P 90454 0 203186 16500667
PT [3 0 106 -79 1]
 P 91157 0 203189 16620967
PT [3 0 107 -79 1]
EMPTY QUEUE
 P 93013 0 203206 16744108
PT [3 0 108 -84 1]
 P 93013 0 206596 16861567
PT [3 0 109 -84 1]
 P 93013 0 209986 16981867
PT [3 0 110 -84 1]
 P 93013 0 213376 17102167
PT [3 0 111 -84 1]
 P 94580 0 213379 17222467
PT [3 0 112 -84 1]
EMPTY QUEUE
 P 96412 0 213395 17343688
PT [3 0 113 -87 1]
 P 98341 0 213403 17463067
PT [3 0 114 -87 1]
 P 98341 0 216793 17583367
PT [3 0 115 -87 1]
 P 98341 0 220183 17703667
PT [3 0 116 -87 1]
 P 99462 0 220186 17823967
PT [3 0 117 -87 1]
EMPTY QUEUE
 P 99952 0 223584 17946917
PT [3 0 118 -90 1]
 P 102380 0 223592 18064567
PT [3 0 119 -90 1]
 P 103641 0 223600 18184867
PT [3 0 120 -90 1]
 P 103641 0 226990 18305167
PT [3 0 121 -90 1]
 P 106288 0 226994 18425467
PT [3 0 122 -90 1]
 P 107641 0 226997 18545767
PT [3 0 123 -90 1]
EMPTY QUEUE
 P 108257 0 230396 18668428
PT [3 0 124 -95 1]
 P 109602 0 230404 18786367
PT [3 0 125 -95 1]
 P 111086 0 230412 18906667
PT [3 0 126 -95 1]
 P 111086 0 233802 19026967
PT [3 0 127 -95 1]
 P 112010 0 233806 19147267
PT [3 0 128 -95 1]
EMPTY QUEUE
 P 112561 0 237204 19270344
PT [3 0 129 -98 1]
 P 112561 0 240594 19387867
PT [3 0 130 -98 1]
 P 114829 0 240603 19508167
PT [3 0 131 -98 1]
 P 115740 0 240611 19628467
PT [3 0 132 -98 1]
 P 116983 0 240614 19748767
PT [3 0 133 -98 1]
EMPTY QUEUE
 P 117502 0 244012 19870627
PT [3 0 134 -102 1]
 P 117502 0 247402 19989367
PT [3 0 135 -102 1]
 P 117502 0 250792 20109667
PT [3 0 136 -102 1]
 P 119068 0 250801 20229967
PT [3 0 137 -102 1]
 P 120200 0 250810 20350267
PT [3 0 138 -102 1]
 P 120912 0 250813 20470567
PT [3 0 139 -102 1]
EMPTY QUEUE
 P 121400 0 254212 20593133
PT [3 0 140 -106 1]
 P 121400 0 257602 20711167
PT [3 0 141 -106 1]
 P 121400 0 260992 20831467
PT [3 0 142 -106 1]
 P 122426 0 261000 20951767
PT [3 0 143 -106 1]
 P 123984 0 261003 21072067
PT [3 0 144 -106 1]
EMPTY QUEUE
 P 125841 0 261021 21194793
PT [3 0 1 0 1]
 P 125841 0 264411 21312558
PT [3 0 2 0 1]
 P 125841 0 267801 21432858
PT [3 0 3 0 1]
 P 125841 0 271191 21553158
PT [3 0 4 0 1]
 P 127061 0 271194 21673458
PT [3 0 5 0 1]
EMPTY QUEUE
 P 129004 0 271210 21796056
PT [3 0 6 -3 1]
 P 131043 0 271218 21914058
PT [3 0 7 -3 1]
 P 131043 0 274608 22034358
PT [3 0 8 -3 1]
 P 131043 0 277998 22154658
PT [3 0 9 -3 1]
 P 133788 0 278002 22274958
PT [3 0 10 -3 1]
 P 135240 0 278005 22395258
PT [3 0 11 -3 1]
EMPTY QUEUE
 P 138239 0 278021 22517662
PT [3 0 12 -8 1]
 P 138239 0 281411 22635858
PT [3 0 13 -8 1]
 P 138239 0 284801 22756158
PT [3 0 14 -8 1]
 P 138239 0 288191 22876458
PT [3 0 15 -8 1]
 P 139262 0 288194 22996758
PT [3 0 16 -8 1]
EMPTY QUEUE
 P 141096 0 288212 23119323
PT [3 0 17 -11 1]
 P 141890 0 288215 23237358
PT [3 0 18 -11 1]
 P 141890 0 291605 23357658
PT [3 0 19 -11 1]
 P 143176 0 291613 23477958
PT [3 0 20 -11 1]
 P 143176 0 295003 23598258
PT [3 0 21 -11 1]
EMPTY QUEUE
 P 143695 0 298403 23720472
PT [3 0 22 -14 1]
 P 145353 0 298407 23838858
PT [3 0 23 -14 1]
 P 146642 0 298410 23959158
PT [3 0 24 -14 1]
 P 147986 0 298419 24079458
PT [3 0 25 -14 1]
 P 149916 0 298427 24199758
PT [3 0 26 -14 1]
EMPTY QUEUE
 P 149981 0 304389 24324689
PT [3 0 27 -14 1]
EMPTY QUEUE
 P 150564 0 307787 24442111
PT [3 0 28 -18 1]
 P 153304 0 307790 24560658
PT [3 0 29 -18 1]
 P 153304 0 311180 24680958
PT [3 0 30 -18 1]
 P 155731 0 311189 24801258
PT [3 0 31 -18 1]
 P 156992 0 311197 24921558
PT [3 0 32 -18 1]
EMPTY QUEUE
 P 157575 0 314596 25042811
PT [3 0 33 -22 1]
 P 158946 0 314599 25162158
PT [3 0 34 -22 1]
 P 158946 0 317989 25282458
PT [3 0 35 -22 1]
 P 158946 0 321379 25402758
PT [3 0 36 -22 1]
 P 160291 0 321388 25523058
PT [3 0 37 -22 1]
EMPTY QUEUE
 P 162359 0 321405 25644919
PT [3 0 38 -25 1]
 P 163375 0 321408 25763658
PT [3 0 39 -25 1]
 P 164786 0 321411 25883958
PT [3 0 40 -25 1]
 P 164786 0 324801 26004258
PT [3 0 41 -25 1]
 P 164786 0 328191 26124558
PT [3 0 42 -25 1]
EMPTY QUEUE
 P 167669 0 328208 26247410
PT [3 0 43 -29 1]
 P 168579 0 328216 26365158
PT [3 0 44 -29 1]
 P 170803 0 328219 26485458
PT [3 0 45 -29 1]
 P 172180 0 328222 26605758
PT [3 0 46 -29 1]
 P 172180 0 331612 26726058
PT [3 0 47 -29 1]
EMPTY QUEUE
 P 172764 0 335011 26847279
PT [3 0 48 -32 1]
 P 174331 0 335019 26966658
PT [3 0 49 -32 1]
 P 175464 0 335027 27086958
PT [3 0 50 -32 1]
 P 178132 0 335030 27207258
PT [3 0 51 -32 1]
 P 180717 0 335033 27327558
PT [3 0 52 -32 1]
EMPTY QUEUE
 P 181204 0 338431 27449675
PT [3 0 53 -35 1]
 P 181204 0 341821 27568158
PT [3 0 54 -35 1]
 P 182230 0 341830 27688458
PT [3 0 55 -35 1]
 P 184351 0 341838 27808758
PT [3 0 56 -35 1]
 P 187113 0 341841 27929058
PT [3 0 57 -35 1]
 P 187945 0 341844 28049358
PT [3 0 58 -35 1]
EMPTY QUEUE
 P 188496 0 345242 28170866
PT [3 0 59 -40 1]
 P 188496 0 348632 28289958
PT [3 0 60 -40 1]
 P 189298 0 348640 28410258
PT [3 0 61 -40 1]
 P 190112 0 348648 28530558
PT [3 0 62 -40 1]
 P 191853 0 348651 28650858
PT [3 0 63 -40 1]
 P 194084 0 348655 28771158
PT [3 0 64 -40 1]
EMPTY QUEUE
 P 194700 0 352053 28893980
PT [3 0 65 -44 1]
 P 194700 0 355443 29011758
PT [3 0 66 -44 1]
 P 196650 0 355451 29132058
PT [3 0 67 -44 1]
 P 198293 0 355459 29252358
PT [3 0 68 -44 1]
 P 200957 0 355462 29372658
PT [3 0 69 -44 1]
EMPTY QUEUE
 P 201573 0 358862 29494040
PT [3 0 70 -47 1]
 P 201573 0 362252 29613258
PT [3 0 71 -47 1]
 P 201573 0 365642 29733558
PT [3 0 72 -47 1]
 P 204351 0 365650 29853858
PT [3 0 73 -47 1]
 P 205484 0 365659 29974158
PT [3 0 74 -47 1]
 P 206186 0 365662 30094458
PT [3 0 75 -47 1]
EMPTY QUEUE
 P 206738 0 369061 30217279
PT [3 0 76 -51 1]
 P 206738 0 372451 30335058
PT [3 0 77 -51 1]
 P 206738 0 375841 30455358
PT [3 0 78 -51 1]
 P 208592 0 375849 30575658
PT [3 0 79 -51 1]
 P 209438 0 375858 30695958
PT [3 0 80 -51 1]
 P 210231 0 375861 30816258
PT [3 0 81 -51 1]
EMPTY QUEUE
 P 210718 0 379259 30938855
PT [3 0 82 -55 1]
 P 210718 0 382649 31056858
PT [3 0 83 -55 1]
 P 210718 0 386039 31177158
PT [3 0 84 -55 1]
 P 212827 0 386047 31297458
PT [3 0 85 -55 1]
 P 214466 0 386050 31417758
PT [3 0 86 -55 1]
EMPTY QUEUE
 P 216385 0 386066 31540194
PT [3 0 87 -59 1]
 P 216385 0 389456 31658358
PT [3 0 88 -59 1]
 P 216385 0 392846 31778658
PT [3 0 89 -59 1]
 P 216385 0 396236 31898958
PT [3 0 90 -59 1]
 P 217578 0 396239 32019258
PT [3 0 91 -59 1]
EMPTY QUEUE
 P 219474 0 396257 32141280
PT [3 0 92 -62 1]
 P 220798 0 396266 32259858
PT [3 0 93 -62 1]
 P 220798 0 399656 32380158
PT [3 0 94 -62 1]
 P 220798 0 403046 32500458
PT [3 0 95 -62 1]
 P 223518 0 403049 32620758
PT [3 0 96 -62 1]
EMPTY QUEUE
 P 224101 0 406447 32743259
PT [3 0 97 -65 1]
 P 225445 0 406456 32861358
PT [3 0 98 -65 1]
 P 227375 0 406465 32981658
PT [3 0 99 -65 1]
 P 227375 0 409855 33101958
PT [3 0 100 -65 1]
 P 228725 0 409858 33222258
PT [3 0 101 -65 1]
EMPTY QUEUE
 P 228736 0 413250 33344147
PT [3 0 102 -65 1]
EMPTY QUEUE
 P 229255 0 416648 33464546
PT [3 0 103 -70 1]
 P 231682 0 416656 33583158
PT [3 0 104 -70 1]
 P 232942 0 416665 33703458
PT [3 0 105 -70 1]
 P 233937 0 416668 33823758
PT [3 0 106 -70 1]
 P 235327 0 416671 33944058
PT [3 0 107 -70 1]
EMPTY QUEUE
 P 235815 0 420070 34065215
PT [3 0 108 -73 1]
 P 235815 0 423460 34184658
PT [3 0 109 -73 1]
 P 237161 0 423469 34304958
PT [3 0 110 -73 1]
 P 238646 0 423478 34425258
PT [3 0 111 -73 1]
 P 240849 0 423481 34545558
PT [3 0 112 -73 1]
 P 242205 0 423484 34665858
PT [3 0 113 -73 1]
EMPTY QUEUE
 P 242724 0 426883 34787655
PT [3 0 114 -77 1]
 P 242724 0 430273 34906458
PT [3 0 115 -77 1]
 P 244994 0 430281 35026758
PT [3 0 116 -77 1]
 P 245905 0 430289 35147058
PT [3 0 117 -77 1]
 P 248553 0 430292 35267358
PT [3 0 118 -77 1]
EMPTY QUEUE
 P 249072 0 433690 35388611
PT [3 0 119 -80 1]
 P 249072 0 437080 35507958
PT [3 0 120 -80 1]
 P 249072 0 440470 35628258
PT [3 0 121 -80 1]
 P 250640 0 440478 35748558
PT [3 0 122 -80 1]
 P 251774 0 440486 35868858
PT [3 0 123 -80 1]
 P 252460 0 440489 35989158
PT [3 0 124 -80 1]
EMPTY QUEUE
 P 252981 0 443887 36112300
PT [3 0 125 -84 1]
 P 252981 0 447277 36229758
PT [3 0 126 -84 1]
 P 252981 0 450667 36350058
PT [3 0 127 -84 1]
 P 254007 0 450676 36470358
PT [3 0 128 -84 1]
 P 255631 0 450680 36590658
PT [3 0 129 -84 1]
EMPTY QUEUE
 P 257455 0 450697 36713511
PT [3 0 130 -88 1]
 P 258213 0 450700 36831258
PT [3 0 131 -88 1]
 P 258213 0 454090 36951558
PT [3 0 132 -88 1]
 P 258213 0 457480 37071858
PT [3 0 133 -88 1]
 P 258213 0 460870 37192158
PT [3 0 134 -88 1]
EMPTY QUEUE
 P 260076 0 460886 37315203
PT [3 0 135 -91 1]
 P 261699 0 460889 37432758
PT [3 0 136 -91 1]
 P 262474 0 460892 37553058
PT [3 0 137 -91 1]
 P 263230 0 460895 37673358
PT [3 0 138 -91 1]
 P 263967 0 460898 37793658
PT [3 0 139 -91 1]
 P 264685 0 460901 37913958
PT [3 0 140 -91 1]
 P 265384 0 460904 38034258
PT [3 0 141 -91 1]
 P 266064 0 460907 38154558
PT [3 0 142 -91 1]
 P 266725 0 460910 38274858
PT [3 0 143 -91 1]
 P 267366 0 460914 38395158
PT [3 0 144 -91 1]
 P 267988 0 460917 38515458
PT [3 0 145 -91 1]
 P 268591 0 460920 38635758
PT [3 0 146 -91 1]
EMPTY QUEUE
 P 270213 0 460936 38758483
PT [3 0 147 -99 1]
 P 270213 0 464326 38876358
PT [3 0 148 -99 1]
 P 270213 0 467716 38996658
PT [3 0 149 -99 1]
 P 270213 0 471106 39116958
PT [3 0 150 -99 1]
 P 271832 0 471109 39237258
PT [3 0 151 -99 1]
 P 273080 0 471113 39357558
PT [3 0 152 -99 1]
EMPTY QUEUE
 P 274957 0 471129 39479484
PT [3 0 153 -103 1]
 P 274957 0 474519 39598158
PT [3 0 154 -103 1]
 P 274957 0 477909 39718458
PT [3 0 155 -103 1]
 P 274957 0 481299 39838758
PT [3 0 156 -103 1]
 P 277656 0 481302 39959058
PT [3 0 157 -103 1]
EMPTY QUEUE
 P 279617 0 481320 40081751
PT [3 0 158 -107 1]
 P 280368 0 481323 40199658
PT [3 0 159 -107 1]
 P 281673 0 481331 40319958
PT [3 0 160 -107 1]
 P 281673 0 484721 40440258
PT [3 0 161 -107 1]
 P 281673 0 488111 40560558
PT [3 0 162 -107 1]
EMPTY QUEUE
 P 282224 0 491509 40683379
PT [3 0 1 0 1]
 P 283949 0 491512 40801048
PT [3 0 2 0 1]
 P 285303 0 491516 40921348
PT [3 0 3 0 1]
 P 286736 0 491525 41041648
PT [3 0 4 0 1]
 P 288150 0 491533 41161948
PT [3 0 5 0 1]
EMPTY QUEUE
 P 288215 0 497495 41286687
PT [3 0 6 0 1]
EMPTY QUEUE
 P 288767 0 500893 41404269
PT [3 0 7 -4 1]
 P 291573 0 500896 41522848
PT [3 0 8 -4 1]
 P 291573 0 504286 41643148
PT [3 0 9 -4 1]
 P 291573 0 507676 41763448
PT [3 0 10 -4 1]
 P 292867 0 507684 41883748
PT [3 0 11 -4 1]
EMPTY QUEUE
 P 292932 0 513646 42008295
PT [3 0 12 -4 1]
 P 294369 0 513650 42124348
PT [3 0 13 -4 1]
EMPTY QUEUE
 P 294986 0 517049 42246434
PT [3 0 14 -8 1]
 P 294986 0 520439 42364948
PT [3 0 15 -8 1]
 P 296330 0 520447 42485248
PT [3 0 16 -8 1]
 P 298259 0 520456 42605548
PT [3 0 17 -8 1]
 P 299341 0 520460 42725848
PT [3 0 18 -8 1]
EMPTY QUEUE
 P 299893 0 523858 42847068
PT [3 0 19 -13 1]
 P 299893 0 527248 42966448
PT [3 0 20 -13 1]
 P 299893 0 530638 43086748
PT [3 0 21 -13 1]
 P 302321 0 530646 43207048
PT [3 0 22 -13 1]
 P 303722 0 530649 43327348
PT [3 0 23 -13 1]
EMPTY QUEUE
 P 305578 0 530666 43449177
PT [3 0 24 -16 1]
 P 305578 0 534056 43567948
PT [3 0 25 -16 1]
 P 305578 0 537446 43688248
PT [3 0 26 -16 1]
 P 305578 0 540836 43808548
PT [3 0 27 -16 1]
 P 307867 0 540839 43928848
PT [3 0 28 -16 1]
EMPTY QUEUE
 P 309731 0 540856 44051605
PT [3 0 29 -19 1]
 P 311662 0 540864 44169448
PT [3 0 30 -19 1]
 P 311662 0 544254 44289748
PT [3 0 31 -19 1]
 P 311662 0 547644 44410048
PT [3 0 32 -19 1]
 P 313028 0 547647 44530348
PT [3 0 33 -19 1]
EMPTY QUEUE
 P 313579 0 551047 44651538
PT [3 0 34 -23 1]
 P 316006 0 551055 44770948
PT [3 0 35 -23 1]
 P 317266 0 551064 44891248
PT [3 0 36 -23 1]
 P 317266 0 554454 45011548
PT [3 0 37 -23 1]
 P 319998 0 554457 45131848
PT [3 0 38 -23 1]
 P 322647 0 554460 45252148
PT [3 0 39 -23 1]
EMPTY QUEUE
 P 323263 0 557859 45374393
PT [3 0 40 -27 1]
 P 324607 0 557867 45492748
PT [3 0 41 -27 1]
 P 326090 0 557876 45613048
PT [3 0 42 -27 1]
 P 326090 0 561266 45733348
PT [3 0 43 -27 1]
 P 328916 0 561270 45853648
PT [3 0 44 -27 1]
 P 329811 0 561273 45973948
PT [3 0 45 -27 1]
EMPTY QUEUE
 P 330395 0 564672 46095489
PT [3 0 46 -31 1]
 P 332663 0 564680 46214548
PT [3 0 47 -31 1]
 P 333573 0 564688 46334848
PT [3 0 48 -31 1]
 P 333573 0 568078 46455148
PT [3 0 49 -31 1]
 P 335378 0 568081 46575448
PT [3 0 50 -31 1]
EMPTY QUEUE
 P 335929 0 571479 46698205
PT [3 0 51 -34 1]
 P 335929 0 574869 46816048
PT [3 0 52 -34 1]
 P 337497 0 574877 46936348
PT [3 0 53 -34 1]
 P 338576 0 574885 47056648
PT [3 0 54 -34 1]
 P 339881 0 574893 47176948
PT [3 0 55 -34 1]
 P 340649 0 574896 47297248
PT [3 0 56 -34 1]
EMPTY QUEUE
 P 341136 0 578294 47418725
PT [3 0 57 -38 1]
 P 341136 0 581684 47537848
PT [3 0 58 -38 1]
 P 341136 0 585074 47658148
PT [3 0 59 -38 1]
 P 342480 0 585082 47778448
PT [3 0 60 -38 1]
 P 344186 0 585085 47898748
PT [3 0 61 -38 1]
EMPTY QUEUE
 P 346073 0 585102 48021185
PT [3 0 62 -42 1]
 P 346073 0 588492 48139348
PT [3 0 63 -42 1]
 P 346073 0 591882 48259648
PT [3 0 64 -42 1]
 P 346073 0 595272 48379948
PT [3 0 65 -42 1]
 P 347333 0 595276 48500248
PT [3 0 66 -42 1]
EMPTY QUEUE
 P 349165 0 595293 48622013
PT [3 0 67 -45 1]
 P 351094 0 595302 48740848
PT [3 0 68 -45 1]
 P 351094 0 598692 48861148
PT [3 0 69 -45 1]
 P 351094 0 602082 48981448
PT [3 0 70 -45 1]
 P 353880 0 602085 49101748
PT [3 0 71 -45 1]
 P 355373 0 602088 49222048
PT [3 0 72 -45 1]
EMPTY QUEUE
 P 358319 0 602105 49343301
PT [3 0 73 -49 1]
 P 359580 0 602113 49462648
PT [3 0 74 -49 1]
 P 359580 0 605503 49582948
PT [3 0 75 -49 1]
 P 359580 0 608893 49703248
PT [3 0 76 -49 1]
 P 360644 0 608896 49823548
PT [3 0 77 -49 1]
 P 362104 0 608899 49943848
PT [3 0 78 -49 1]
EMPTY QUEUE
 P 364000 0 608916 50067021
PT [3 0 79 -53 1]
 P 365484 0 608925 50184448
PT [3 0 80 -53 1]
 P 365484 0 612315 50304748
PT [3 0 81 -53 1]
 P 365484 0 615705 50425048
PT [3 0 82 -53 1]
 P 367756 0 615708 50545348
PT [3 0 83 -53 1]
 P 369181 0 615711 50665648
PT [3 0 84 -53 1]
EMPTY QUEUE
 P 372000 0 615727 50788532
PT [3 0 85 -58 1]
 P 372911 0 615735 50906248
PT [3 0 86 -58 1]
 P 374215 0 615743 51026548
PT [3 0 87 -58 1]
 P 374215 0 619133 51146848
PT [3 0 88 -58 1]
 P 376931 0 619136 51267148
PT [3 0 89 -58 1]
 P 379564 0 619139 51387448
PT [3 0 90 -58 1]
EMPTY QUEUE
 P 380179 0 622537 51509052
PT [3 0 91 -62 1]
 P 381523 0 622546 51628048
PT [3 0 92 -62 1]
 P 383452 0 622555 51748348
PT [3 0 93 -62 1]
 P 383452 0 625945 51868648
PT [3 0 94 -62 1]
 P 386263 0 625948 51988948
PT [3 0 95 -62 1]
EMPTY QUEUE
 P 386814 0 629347 52111353
PT [3 0 96 -65 1]
 P 386814 0 632737 52229548
PT [3 0 97 -65 1]
 P 389241 0 632747 52349848
PT [3 0 98 -65 1]
 P 390501 0 632756 52470148
PT [3 0 99 -65 1]
 P 391305 0 632759 52590448
PT [3 0 100 -65 1]
EMPTY QUEUE
 P 391858 0 636157 52713590
PT [3 0 101 -68 1]
 P 391858 0 639547 52831048
PT [3 0 102 -68 1]
 P 391858 0 642937 52951348
PT [3 0 103 -68 1]
 P 393202 0 642945 53071648
PT [3 0 104 -68 1]
 P 394685 0 642954 53191948
PT [3 0 105 -68 1]
 P 395530 0 642957 53312248
PT [3 0 106 -68 1]
EMPTY QUEUE
 P 396018 0 646355 53433374
PT [3 0 107 -71 1]
 P 396018 0 649745 53552848
PT [3 0 108 -71 1]
 P 396018 0 653135 53673148
PT [3 0 109 -71 1]
 P 398287 0 653143 53793448
PT [3 0 110 -71 1]
 P 399199 0 653151 53913748
PT [3 0 111 -71 1]
 P 400041 0 653154 54034048
PT [3 0 112 -71 1]
EMPTY QUEUE
 P 400528 0 656552 54156164
PT [3 0 113 -77 1]
 P 400528 0 659942 54274648
PT [3 0 114 -77 1]
 P 400528 0 663332 54394948
PT [3 0 115 -77 1]
 P 402096 0 663340 54515248
PT [3 0 116 -77 1]
 P 403230 0 663348 54635548
PT [3 0 117 -77 1]
 P 404071 0 663351 54755848
PT [3 0 118 -77 1]
EMPTY QUEUE
 P 404654 0 666749 54877388
PT [3 0 119 -81 1]
 P 404654 0 670139 54996448
PT [3 0 120 -81 1]
 P 404654 0 673529 55116748
PT [3 0 121 -81 1]
 P 405680 0 673538 55237048
PT [3 0 122 -81 1]
 P 407366 0 673541 55357348
PT [3 0 123 -81 1]
EMPTY QUEUE
 P 409222 0 673558 55480105
PT [3 0 124 -84 1]
 P 410042 0 673561 55597948
PT [3 0 125 -84 1]
 P 410042 0 676951 55718248
PT [3 0 126 -84 1]
 P 410042 0 680341 55838548
PT [3 0 127 -84 1]
 P 410042 0 683731 55958848
PT [3 0 128 -84 1]
EMPTY QUEUE
 P 411397 0 683741 56080225
PT [3 0 129 -84 1]
 P 413081 0 683744 56199448
PT [3 0 130 -84 1]
EMPTY QUEUE
 P 414452 0 686325 56323068
PT [3 0 131 -84 1]
 P 415270 0 686328 56440048
PT [3 0 132 -84 1]
 P 416069 0 686331 56560348
PT [3 0 133 -84 1]
EMPTY QUEUE
 P 416557 0 689730 56682305
PT [3 0 134 -91 1]
 P 416557 0 693120 56800948
PT [3 0 135 -91 1]
 P 417901 0 693129 56921248
PT [3 0 136 -91 1]
 P 419830 0 693139 57041548
PT [3 0 137 -91 1]
 P 421510 0 693142 57161848
PT [3 0 138 -91 1]
 P 422821 0 693145 57282148
PT [3 0 139 -91 1]
EMPTY QUEUE
 P 423404 0 696544 57403401
PT [3 0 140 -95 1]
 P 423404 0 699934 57522748
PT [3 0 141 -95 1]
 P 425831 0 699942 57643048
PT [3 0 142 -95 1]
 P 427091 0 699951 57763348
PT [3 0 143 -95 1]
 P 429853 0 699954 57883648
PT [3 0 144 -95 1]
 P 431322 0 699957 58003948
PT [3 0 145 -95 1]
EMPTY QUEUE
 P 431905 0 703356 58125809
PT [3 0 146 -99 1]
 P 431905 0 706746 58244548
PT [3 0 147 -99 1]
 P 433250 0 706755 58364848
PT [3 0 148 -99 1]
 P 434734 0 706764 58485148
PT [3 0 149 -99 1]
 P 435775 0 706767 58605448
PT [3 0 150 -99 1]
 P 437210 0 706770 58725748
PT [3 0 151 -99 1]
EMPTY QUEUE
 P 437730 0 710169 58847002
PT [3 0 152 -103 1]
