369949979 1 47217 R 191.0 1 1 227 1
370705541 1 47313 R 93.0 1 2 346 2
370878509 1 47335 R 245.0 1 3 451 3
372160560 1 47500 R 142.0 1 1 463 4
372853655 1 47588 R 40.0 1 2 546 5
373057831 1 47614 R 196.0 1 3 691 6
376559234 1 48063 R 142.0 2 1 130 7
377291387 1 48156 R 40.0 2 2 218 8
377476013 1 48180 R 196.0 2 3 362 9
378723164 1 48340 R 191.0 2 1 454 10
379517821 1 48441 R 93.0 2 2 578 11
379671158 1 48461 R 245.0 2 3 681 12
383187988 1 48911 R 142.0 3 1 82 13
383865662 1 48998 R 40.0 3 2 164 14
384046413 1 49021 R 196.0 3 3 307 15
385383104 1 49192 R 191.0 3 1 410 16
386123100 1 49287 R 93.0 3 2 527 17
386272601 1 49306 R 245.0 3 3 630 18
391960129 1 50034 R 191.0 4 1 356 19
392700147 1 50129 R 93.0 4 2 474 20
392912128 1 50156 R 245.0 4 3 584 21
394200985 1 50321 R 142.0 4 1 596 22
394901955 1 50410 R 40.0 4 2 681 23
395070980 1 50432 R 196.0 4 3 822 24
396345918 1 50595 R 196.0 5 3 88 25
398600636 1 50884 R 191.0 5 1 310 26
399317262 1 50976 R 93.0 5 2 425 27
399478479 1 50996 R 245.0 5 3 527 28
400788757 1 51164 R 142.0 5 1 543 29
400953687 1 51185 R 40.0 5 2 559 30
402971822 1 51443 R 245.0 6 3 79 31
405205043 1 51729 R 142.0 6 1 212 32
405890323 1 51817 R 40.0 6 2 295 33
406129723 1 51848 R 196.0 6 3 446 34
407367719 1 52006 R 191.0 6 1 536 35
407556086 1 52030 R 93.0 6 2 583 36
411823108 1 52576 R 191.0 7 1 210 37
411952784 1 52593 R 93.0 7 2 250 38
413977952 1 52852 R 245.0 7 3 592 39
416200256 1 53137 R 142.0 7 1 724 40
416955909 1 53233 R 40.0 7 2 815 41
417097596 1 53251 R 196.0 7 3 953 42
418396173 1 53418 R 142.0 8 1 109 43
418604072 1 53444 R 40.0 8 2 130 44
420576464 1 53697 R 191.0 8 1 435 45
421347809 1 53795 R 93.0 8 2 556 46
421512830 1 53817 R 245.0 8 3 661 47
422800749 1 53981 R 196.0 8 3 968 48
425024755 1 54266 R 142.0 9 1 61 49
425197473 1 54288 R 40.0 9 2 78 50
427230712 1 54548 R 196.0 9 3 589 51
429435380 1 54831 R 191.0 9 1 673 52
430120699 1 54918 R 93.0 9 2 782 53
430360003 1 54949 R 245.0 9 3 897 54
431634482 1 55112 R 196.0 10 3 126 55
431787502 1 55132 R 142.0 10 1 31 56
433822585 1 55392 R 191.0 10 1 338 57
434578145 1 55489 R 93.0 10 2 458 58
434719865 1 55507 R 245.0 10 3 559 59
436031037 1 55675 R 40.0 10 2 569 60
438239562 1 55958 R 196.0 11 3 75 61
440423990 1 56237 R 191.0 11 1 287 62
441156142 1 56331 R 93.0 11 2 404 63
441340894 1 56355 R 245.0 11 3 512 64
442635548 1 56520 R 142.0 11 1 523 65
442792633 1 56540 R 40.0 11 2 539 66
444849806 1 56804 R 245.0 12 3 64 67
447059650 1 57087 R 142.0 12 1 194 68
447760551 1 57176 R 40.0 12 2 278 69
447960803 1 57202 R 196.0 12 3 424 70
449261369 1 57368 R 191.0 12 1 522 71
449442013 1 57392 R 93.0 12 2 569 72
453641562 1 57929 R 142.0 13 1 140 73
454412748 1 58028 R 40.0 13 2 234 74
454546620 1 58045 R 196.0 13 3 371 75
455864788 1 58214 R 191.0 13 1 472 76
456581321 1 58305 R 93.0 13 2 586 77
456773814 1 58330 R 245.0 13 3 693 78
460266201 1 58777 R 142.0 14 1 92 79
461014189 1 58873 R 40.0 14 2 183 80
461159804 1 58891 R 196.0 14 3 321 81
462470101 1 59059 R 191.0 14 1 421 82
463194480 1 59152 R 93.0 14 2 536 83
463351786 1 59172 R 245.0 14 3 640 84
466887204 1 59625 R 142.0 15 1 44 85
467580620 1 59713 R 196.0 15 3 247 86
467753299 1 59735 R 40.0 15 2 149 87
469087184 1 59906 R 191.0 15 1 372 88
469788107 1 59996 R 93.0 15 2 484 89
469988419 1 60021 R 245.0 15 3 593 90
473466112 1 60467 R 191.0 16 1 37 91
473654444 1 60491 R 93.0 16 2 84 92
475660336 1 60747 R 142.0 16 1 271 93
476392517 1 60841 R 40.0 16 2 359 94
476608385 1 60869 R 196.0 16 3 507 95
477859143 1 61029 R 245.0 16 3 706 96
482294050 1 61597 R 191.0 17 1 271 97
483041801 1 61692 R 93.0 17 2 388 98
483187357 1 61711 R 245.0 17 3 491 99
484460797 1 61874 R 142.0 17 1 501 100
485200798 1 61969 R 40.0 17 2 591 101
485412794 1 61996 R 196.0 17 3 749 102
488898537 1 62442 R 142.0 18 1 173 103
489615101 1 62534 R 40.0 18 2 260 104
489838851 1 62562 R 196.0 18 3 407 105
491117890 1 62726 R 191.0 18 1 504 106
491811016 1 62815 R 93.0 18 2 616 107
491983948 1 62837 R 245.0 18 3 721 108
495472670 1 63283 R 142.0 19 1 119 109
496259577 1 63384 R 40.0 19 2 214 110
496448092 1 63408 R 196.0 19 3 357 111
497688083 1 63567 R 191.0 19 1 449 112
498420272 1 63661 R 93.0 19 2 566 113
498636172 1 63688 R 245.0 19 3 675 114
502082978 1 64130 R 191.0 20 1 116 115
502286811 1 64156 R 93.0 20 2 165 116
504323719 1 64416 R 142.0 20 1 355 117
505024710 1 64506 R 40.0 20 2 440 118
505256175 1 64536 R 196.0 20 3 590 119
506522549 1 64698 R 245.0 20 3 969 120
508733900 1 64981 R 142.0 21 1 24 121
508891305 1 65001 R 196.0 21 3 158 122
510926153 1 65261 R 191.0 21 1 351 123
511642746 1 65353 R 93.0 21 2 465 124
511866395 1 65382 R 245.0 21 3 578 125
513095605 1 65539 R 40.0 21 2 577 126
515327530 1 65825 R 196.0 22 3 87 127
517500213 1 66103 R 191.0 22 1 297 128
518287090 1 66204 R 93.0 22 2 420 129
518475650 1 66228 R 245.0 22 3 528 130
519746997 1 66391 R 142.0 22 1 538 131
519923609 1 66413 R 40.0 22 2 555 132
521945564 1 66672 R 245.0 23 3 76 133
524120219 1 66950 R 142.0 23 1 201 134
524875875 1 67047 R 40.0 23 2 293 135
525080065 1 67073 R 196.0 23 3 438 136
526318086 1 67232 R 191.0 23 1 530 137
526549454 1 67261 R 93.0 23 2 582 138
530721695 1 67795 R 142.0 24 1 150 139
531453847 1 67889 R 40.0 24 2 239 140
531638501 1 67913 R 196.0 24 3 381 141
532964445 1 68082 R 191.0 24 1 484 142
533673234 1 68173 R 93.0 24 2 597 143
533838351 1 68194 R 245.0 24 3 702 144
537350441 1 68644 R 142.0 25 1 103 145
538090511 1 68739 R 40.0 25 2 193 146
538271192 1 68762 R 196.0 25 3 336 147
539558094 1 68926 R 191.0 25 1 432 148
540305928 1 69022 R 93.0 25 2 551 149
540482730 1 69045 R 245.0 25 3 658 150
543959492 1 69490 R 142.0 26 1 53 151
544676326 1 69581 R 40.0 26 2 140 152
544868784 1 69606 R 196.0 26 3 284 153
546147801 1 69770 R 191.0 26 1 380 154
546903519 1 69867 R 93.0 26 2 499 155
547107611 1 69893 R 245.0 26 3 608 156
550565084 1 70335 R 196.0 27 3 116 157
552749239 1 70615 R 191.0 27 1 329 158
553481491 1 70709 R 93.0 27 2 446 159
553666145 1 70732 R 245.0 27 3 553 160
554960796 1 70898 R 142.0 27 1 565 161
555180381 1 70926 R 40.0 27 2 588 162
557181938 1 71182 R 196.0 28 3 68 163
559378085 1 71463 R 191.0 28 1 281 164
560118059 1 71558 R 93.0 28 2 398 165
560298868 1 71581 R 245.0 28 3 506 166
561554423 1 71742 R 142.0 28 1 513 167
561754542 1 71768 R 40.0 28 2 534 168
563784371 1 72027 R 245.0 29 3 54 169
565966777 1 72307 R 142.0 29 1 182 170
566738025 1 72405 R 40.0 29 2 275 171
566934460 1 72431 R 196.0 29 3 420 172
568172489 1 72589 R 191.0 29 1 511 173
568364729 1 72614 R 93.0 29 2 559 174
572591656 1 73155 R 142.0 30 1 134 175
573339470 1 73250 R 40.0 30 2 224 176
573485060 1 73269 R 196.0 30 3 362 177
574795417 1 73437 R 191.0 30 1 463 178
575519826 1 73529 R 93.0 30 2 578 179
575739665 1 73558 R 245.0 30 3 691 180
579212462 1 74002 R 142.0 31 1 85 181
579968252 1 74099 R 40.0 31 2 177 182
580141190 1 74121 R 196.0 31 3 317 183
581412478 1 74284 R 191.0 31 1 414 184
582113453 1 74373 R 93.0 31 2 526 185
582313732 1 74399 R 245.0 31 3 636 186
585782678 1 74843 R 142.0 32 1 30 187
586022047 1 74874 R 196.0 32 3 176 188
587994456 1 75126 R 191.0 32 1 360 189
588765639 1 75225 R 93.0 32 2 482 190
588962047 1 75250 R 245.0 32 3 591 191
590218501 1 75411 R 40.0 32 2 593 192
592442859 1 75696 R 196.0 33 3 102 193
594619327 1 75974 R 191.0 33 1 312 194
595367082 1 76070 R 93.0 33 2 431 195
595512766 1 76089 R 245.0 33 3 533 196
596854270 1 76260 R 142.0 33 1 551 197
597003508 1 76279 R 40.0 33 2 565 198
599037276 1 76540 R 245.0 34 3 88 199
601223674 1 76820 R 142.0 34 1 215 200
601940211 1 76911 R 40.0 34 2 301 201
602163889 1 76940 R 196.0 34 3 450 202
603464488 1 77106 R 191.0 34 1 548 203
603637285 1 77128 R 93.0 34 2 593 204
607810425 1 77663 R 191.0 35 1 209 205
608605141 1 77764 R 93.0 35 2 333 206
608758517 1 77784 R 245.0 35 3 435 207
610062973 1 77951 R 142.0 35 1 450 208
610787347 1 78044 R 40.0 35 2 538 209
610975906 1 78068 R 196.0 35 3 681 210
614470496 1 78515 R 191.0 36 1 165 211
615210464 1 78610 R 93.0 36 2 283 212
615359958 1 78629 R 245.0 36 3 385 213
616648789 1 78794 R 142.0 36 1 397 214
617412224 1 78892 R 40.0 36 2 490 215
617581290 1 78913 R 196.0 36 3 630 216
621048471 1 79357 R 191.0 37 1 111 217
621765028 1 79449 R 93.0 37 2 226 218
621988779 1 79477 R 245.0 37 3 336 219
623261980 1 79640 R 142.0 37 1 348 220
623970732 1 79731 R 40.0 37 2 433 221
624198330 1 79760 R 196.0 37 3 581 222
627652845 1 80202 R 196.0 38 3 128 223
627852836 1 80228 R 142.0 38 1 39 224
629887913 1 80489 R 191.0 38 1 347 225
630612231 1 80581 R 93.0 38 2 462 226
630800789 1 80605 R 245.0 38 3 570 227
634267846 1 81049 R 40.0 38 2 854 228
636473733 1 81332 R 191.0 39 1 294 229
637237110 1 81429 R 93.0 39 2 413 230
637406102 1 81451 R 245.0 39 3 519 231
638660813 1 81611 R 142.0 39 1 527 232
638853159 1 81636 R 196.0 39 3 666 233
639057065 1 81662 R 40.0 39 2 572 234
640883866 1 81896 R 245.0 40 3 69 235
643109230 1 82181 R 142.0 40 1 200 236
643841419 1 82275 R 40.0 40 2 289 237
644026108 1 82298 R 196.0 40 3 432 238
645264161 1 82457 R 191.0 40 1 523 239
645491556 1 82486 R 93.0 40 2 575 240
649680421 1 83022 R 191.0 41 1 192 241
650428238 1 83118 R 93.0 41 2 310 242
650605109 1 83140 R 245.0 41 3 416 243
651878307 1 83303 R 142.0 41 1 426 244
652618339 1 83398 R 40.0 41 2 516 245
652799020 1 83421 R 196.0 41 3 659 246
656332738 1 83874 R 191.0 42 1 147 247
657025812 1 83962 R 93.0 42 2 258 248
657229968 1 83988 R 245.0 42 3 368 249
658487563 1 84149 R 142.0 42 1 376 250
659266655 1 84249 R 40.0 42 2 470 251
659396556 1 84266 R 196.0 42 3 608 252
662933911 1 84718 R 191.0 43 1 96 253
663666332 1 84812 R 93.0 43 2 212 254
663850919 1 84836 R 245.0 43 3 320 255
665092873 1 84995 R 142.0 43 1 326 256
665817313 1 85088 R 40.0 43 2 414 257
666037062 1 85116 R 196.0 43 3 562 258
669500161 1 85559 R 191.0 44 1 41 259
670240369 1 85654 R 93.0 44 2 159 260
670421115 1 85677 R 245.0 44 3 265 261
671709940 1 85842 R 142.0 44 1 277 262
672473444 1 85940 R 40.0 44 2 370 263
672611222 1 85957 R 196.0 44 3 507 264
678312381 1 86687 R 191.0 45 1 273 265
679091444 1 86787 R 93.0 45 2 396 266
679221471 1 86803 R 245.0 45 3 496 267
680557146 1 86974 R 142.0 45 1 513 268
681278619 1 87067 R 40.0 45 2 601 269
681471056 1 87091 R 196.0 45 3 745 270
684964628 1 87538 R 142.0 46 1 181 271
685689025 1 87631 R 40.0 46 2 269 272
685846331 1 87651 R 196.0 46 3 408 273
687120523 1 87814 R 191.0 46 1 504 274
687844899 1 87907 R 93.0 46 2 620 275
688064777 1 87935 R 245.0 46 3 731 276
691534799 1 88379 R 191.0 47 1 173 277
692298266 1 88477 R 93.0 47 2 294 278
692436005 1 88495 R 245.0 47 3 395 279
693721968 1 88659 R 142.0 47 1 406 280
694485438 1 88757 R 40.0 47 2 498 281
694685650 1 88783 R 196.0 47 3 644 282
698163379 1 89228 R 142.0 48 1 79 283
698872370 1 89319 R 40.0 48 2 165 284
699068711 1 89344 R 196.0 48 3 310 285
700381964 1 89512 R 191.0 48 1 410 286
701090801 1 89603 R 93.0 48 2 524 287
701287078 1 89628 R 245.0 48 3 632 288
706955148 1 90353 R 191.0 49 1 355 289
707695082 1 90448 R 93.0 49 2 473 290
707907093 1 90475 R 245.0 49 3 583 291
709179223 1 90638 R 40.0 49 2 588 292
711392682 1 90921 R 191.0 50 1 27 293
712109391 1 91013 R 93.0 50 2 142 294
712270669 1 91034 R 245.0 50 3 246 295
713548995 1 91197 R 196.0 49 3 1267 296
714327895 1 91297 R 142.0 50 1 356 297
714488951 1 91318 R 40.0 50 2 372 298
715763199 1 91481 R 196.0 50 3 655 299
717966717 1 91763 R 245.0 51 3 80 300
720182421 1 92046 R 142.0 51 1 209 301
720946839 1 92144 R 40.0 51 2 302 302
721080705 1 92161 R 196.0 51 3 438 303
722362710 1 92325 R 191.0 51 1 535 304
722551045 1 92349 R 93.0 51 2 581 305
726817995 1 92896 R 191.0 52 1 210 306
727518934 1 92985 R 93.0 52 2 322 307
727687961 1 93007 R 245.0 52 3 426 308
729003253 1 93175 R 142.0 52 1 442 309
729751099 1 93271 R 40.0 52 2 533 310
729896622 1 93290 R 196.0 52 3 672 311
733368660 1 93734 R 191.0 53 1 152 312
734139910 1 93833 R 93.0 53 2 274 313
734305029 1 93854 R 245.0 53 3 378 314
735624193 1 94023 R 142.0 53 1 394 315
736317382 1 94112 R 40.0 53 2 478 316
736490253 1 94134 R 196.0 53 3 620 317
739991418 1 94582 R 142.0 54 1 57 318
740723875 1 94676 R 40.0 54 2 146 319
740939748 1 94703 R 196.0 54 3 293 320
742227578 1 94868 R 191.0 54 1 390 321
742912856 1 94956 R 93.0 54 2 501 322
743152201 1 94986 R 245.0 54 3 614 323
746589188 1 95426 R 196.0 55 3 120 324
746793056 1 95452 R 142.0 55 1 32 325
748817361 1 95712 R 191.0 55 1 338 326
749572957 1 95808 R 93.0 55 2 457 327
749714579 1 95826 R 245.0 55 3 558 328
751028745 1 95995 R 40.0 55 2 569 329
755432451 1 96558 R 142.0 56 1 241 330
756148976 1 96650 R 40.0 56 2 327 331
756372693 1 96679 R 196.0 56 3 477 332
757621497 1 96838 R 191.0 56 1 568 333
758353699 1 96932 R 93.0 56 2 684 334
758538304 1 96956 R 245.0 56 3 859 335
759844523 1 97123 R 245.0 57 3 64 336
762003582 1 97399 R 142.0 57 1 186 337
762798329 1 97501 R 40.0 57 2 283 338
762951672 1 97521 R 196.0 57 3 422 339
764256105 1 97688 R 191.0 57 1 522 340
764436629 1 97711 R 93.0 57 2 568 341
768626467 1 98247 R 191.0 58 1 185 342
769382097 1 98344 R 93.0 58 2 304 343
769586277 1 98370 R 245.0 58 3 414 344
770866378 1 98534 R 142.0 58 1 425 345
771606443 1 98629 R 40.0 58 2 515 346
771755871 1 98648 R 196.0 58 3 654 347
775227945 1 99092 R 191.0 59 1 134 348
775960101 1 99186 R 93.0 59 2 251 349
776144781 1 99209 R 245.0 59 3 357 350
777444381 1 99376 R 142.0 59 1 371 351
778161008 1 99468 R 40.0 59 2 458 352
778384726 1 99496 R 196.0 59 3 606 353
781856583 1 99941 R 191.0 60 1 87 354
782596933 1 100035 R 93.0 60 2 203 355
782777681 1 100058 R 245.0 60 3 310 356
784081212 1 100225 R 142.0 60 1 324 357
784805560 1 100318 R 40.0 60 2 412 358
784994185 1 100342 R 196.0 60 3 556 359
788464272 1 100786 R 196.0 61 3 104 360
790701141 1 101073 R 191.0 61 1 323 361
791394276 1 101161 R 93.0 61 2 434 362
791598514 1 101187 R 245.0 61 3 543 363
792899058 1 101354 R 142.0 61 1 557 364
793067936 1 101376 R 40.0 61 2 574 365
795077194 1 101633 R 196.0 62 3 55 366
797302582 1 101918 R 191.0 62 1 272 367
798035780 1 102011 R 93.0 62 2 388 368
798200881 1 102033 R 245.0 62 3 493 369
799501526 1 102199 R 142.0 62 1 506 370
799662465 1 102220 R 40.0 62 2 522 371
803887516 1 102760 R 142.0 63 1 172 372
804619675 1 102854 R 40.0 63 2 260 373
804835542 1 102882 R 196.0 63 3 407 374
806060847 1 103039 R 191.0 63 1 497 375
806808697 1 103134 R 93.0 63 2 614 376
806985535 1 103157 R 245.0 63 3 722 377
810484989 1 103605 R 142.0 64 1 120 378
811224988 1 103700 R 40.0 64 2 209 379
811436984 1 103727 R 196.0 64 3 356 380
812713102 1 103890 R 191.0 64 1 452 381
813406196 1 103979 R 93.0 64 2 564 382
813610407 1 104005 R 245.0 64 3 674 383
817126326 1 104455 R 142.0 65 1 74 384
817819594 1 104544 R 40.0 65 2 158 385
817992528 1 104566 R 196.0 65 3 300 386
819314542 1 104735 R 191.0 65 1 401 387
820046696 1 104829 R 93.0 65 2 518 388
820231447 1 104853 R 245.0 65 3 624 389
823740329 1 105302 R 191.0 66 1 72 390
824418070 1 105388 R 93.0 66 2 181 391
824598877 1 105412 R 245.0 66 3 287 392
825899457 1 105578 R 142.0 66 1 301 393
826631607 1 105672 R 40.0 66 2 390 394
826847516 1 105699 R 196.0 66 3 536 395
830294053 1 106141 R 196.0 67 3 83 396
832552547 1 106430 R 191.0 67 1 304 397
833269135 1 106521 R 93.0 67 2 418 398
833461575 1 106546 R 245.0 67 3 525 399
834705606 1 106705 R 142.0 67 1 532 400
834917359 1 106732 R 40.0 67 2 554 401
836920748 1 106989 R 245.0 68 3 73 402
839137519 1 107272 R 142.0 68 1 204 403
839854053 1 107364 R 40.0 68 2 290 404
840077734 1 107393 R 196.0 68 3 438 405
841324553 1 107552 R 191.0 68 1 530 406
841508982 1 107576 R 93.0 68 2 577 407
845752561 1 108119 R 191.0 69 1 201 408
846492499 1 108214 R 93.0 69 2 319 409
846673277 1 108237 R 245.0 69 3 425 410
847914313 1 108396 R 142.0 69 1 431 411
848701186 1 108497 R 40.0 69 2 527 412
848889745 1 108521 R 196.0 69 3 670 413
852361780 1 108965 R 191.0 70 1 151 414
853078313 1 109057 R 93.0 70 2 266 415
853270841 1 109082 R 245.0 70 3 373 416
854571450 1 109248 R 142.0 70 1 387 417
855311418 1 109343 R 40.0 70 2 477 418
855460915 1 109362 R 196.0 70 3 614 419
858967097 1 109811 R 191.0 71 1 101 420
859691510 1 109903 R 93.0 71 2 216 421
859848877 1 109924 R 245.0 71 3 321 422
861149453 1 110090 R 142.0 71 1 333 423
861865982 1 110182 R 40.0 71 2 420 424
862089702 1 110210 R 196.0 71 3 567 425
865583321 1 110658 R 196.0 72 3 120 426
867786923 1 110940 R 191.0 72 1 334 427
868487884 1 111029 R 93.0 72 2 446 428
868688140 1 111055 R 245.0 72 3 556 429
869983895 1 111221 R 142.0 72 1 568 430
870137109 1 111240 R 40.0 72 2 583 431
872177660 1 111502 R 196.0 73 3 68 432
874368872 1 111782 R 191.0 73 1 280 433
875090319 1 111874 R 93.0 73 2 395 434
875282776 1 111899 R 245.0 73 3 503 435
876589276 1 112066 R 142.0 73 1 517 436
876738544 1 112085 R 40.0 73 2 532 437
878776132 1 112346 R 245.0 74 3 54 438
880958661 1 112626 R 142.0 74 1 181 439
881737685 1 112725 R 40.0 74 2 275 440
881898899 1 112746 R 196.0 74 3 416 441
883172023 1 112909 R 191.0 74 1 511 442
883391644 1 112937 R 93.0 74 2 562 443
887596126 1 113475 R 191.0 75 1 181 444
887757087 1 113496 R 93.0 75 2 225 445
889795051 1 113757 R 142.0 75 1 416 446
890527273 1 113850 R 40.0 75 2 504 447
890743177 1 113878 R 196.0 75 3 652 448
891985219 1 114037 R 245.0 75 3 1089 449
894189622 1 114319 R 142.0 76 1 82 450
894929826 1 114414 R 40.0 76 2 172 451
895141890 1 114441 R 196.0 76 3 319 452
896380765 1 114600 R 191.0 76 1 410 453
897152020 1 114698 R 93.0 76 2 531 454
897348486 1 114723 R 245.0 76 3 639 455
900802682 1 115166 R 191.0 77 1 80 456
900971695 1 115187 R 93.0 77 2 124 457
903034065 1 115451 R 142.0 77 1 318 458
903727187 1 115540 R 40.0 77 2 402 459
903900190 1 115562 R 196.0 77 3 544 460
905184023 1 115726 R 245.0 77 3 887 461
907423682 1 116013 R 191.0 78 1 31 462
907588612 1 116034 R 93.0 78 2 75 463
909637392 1 116296 R 245.0 78 3 420 464
911807014 1 116574 R 142.0 78 1 545 465
912539204 1 116668 R 40.0 78 2 634 466
912755173 1 116696 R 196.0 78 3 782 467
913993873 1 116854 R 245.0 79 3 82 468
916201789 1 117137 R 142.0 79 1 212 469
916941828 1 117231 R 40.0 79 2 302 470
917153852 1 117259 R 196.0 79 3 448 471
918429843 1 117422 R 191.0 79 1 544 472
918626023 1 117447 R 93.0 79 2 592 473
922814877 1 117983 R 191.0 80 1 209 474
923562662 1 118079 R 93.0 80 2 328 475
923770844 1 118106 R 245.0 80 3 438 476
925045051 1 118269 R 142.0 80 1 448 477
925761651 1 118360 R 40.0 80 2 534 478
925985366 1 118389 R 196.0 80 3 683 479
929417297 1 118828 R 191.0 81 1 158 480
930180737 1 118926 R 93.0 81 2 279 481
930380978 1 118952 R 245.0 81 3 388 482
931616218 1 119110 R 142.0 81 1 393 483
932380626 1 119208 R 40.0 81 2 486 484
932577005 1 119233 R 196.0 81 3 630 485
936061675 1 119679 R 191.0 82 1 113 486
936770518 1 119770 R 93.0 82 2 227 487
936966795 1 119795 R 245.0 82 3 336 488
938234291 1 119957 R 142.0 82 1 344 489
938982100 1 120053 R 40.0 82 2 434 490
939190228 1 120079 R 196.0 82 3 580 491
942686342 1 120527 R 191.0 83 1 65 492
943371959 1 120615 R 93.0 83 2 175 493
943579985 1 120641 R 245.0 83 3 284 494
944836710 1 120802 R 142.0 83 1 293 495
945600144 1 120900 R 40.0 83 2 386 496
945800425 1 120925 R 196.0 83 3 531 497
949278214 1 121371 R 196.0 84 3 80 498
951491724 1 121654 R 191.0 84 1 296 499
952192759 1 121744 R 93.0 84 2 409 500
952393002 1 121769 R 245.0 84 3 517 501
953658518 1 121931 R 142.0 84 1 526 502
953854667 1 121956 R 40.0 84 2 546 503
955870672 1 122214 R 245.0 85 3 66 504
958110779 1 122501 R 191.0 85 1 247 505
958244458 1 122518 R 93.0 85 2 287 506
960308788 1 122782 R 142.0 85 1 482 507
960994135 1 122870 R 40.0 85 2 564 508
961202153 1 122897 R 196.0 85 3 711 509
964664464 1 123340 R 142.0 86 1 143 510
964891923 1 123369 R 40.0 86 2 167 511
966901340 1 123626 R 191.0 86 1 476 512
967649086 1 123722 R 93.0 86 2 595 513
967794676 1 123741 R 245.0 86 3 696 514
969080761 1 123905 R 196.0 86 3 823 515
971296947 1 124189 R 142.0 87 1 96 516
971473834 1 124212 R 40.0 87 2 114 517
973522244 1 124474 R 191.0 87 1 428 518
974215406 1 124562 R 93.0 87 2 539 519
974388336 1 124585 R 245.0 87 3 645 520
975732950 1 124757 R 196.0 87 3 944 521
977889469 1 125033 R 191.0 88 1 91 522
978654090 1 125131 R 93.0 88 2 212 523
978850461 1 125156 R 245.0 88 3 320 524
980097449 1 125315 R 142.0 88 1 326 525
980837481 1 125410 R 40.0 88 2 416 526
981049482 1 125437 R 196.0 88 3 563 527
984487039 1 125877 R 191.0 89 1 39 528
986695685 1 126160 R 93.0 89 2 345 529
988923197 1 126445 R 142.0 89 1 560 530
989624071 1 126535 R 40.0 89 2 645 531
989824393 1 126560 R 196.0 89 3 791 532
991099318 1 126724 R 196.0 90 3 58 533
993331665 1 127009 R 245.0 89 3 1277 534
994087195 1 127106 R 191.0 90 1 372 535
994259933 1 127128 R 93.0 90 2 417 536
995542156 1 127292 R 142.0 90 1 511 537
995738347 1 127317 R 40.0 90 2 532 538
997701786 1 127569 R 245.0 90 3 941 539
999927228 1 127854 R 142.0 91 1 177 540
1000675014 1 127949 R 40.0 91 2 267 541
1000820570 1 127968 R 196.0 91 3 406 542
1002164911 1 128140 R 191.0 91 1 510 543
1002881475 1 128232 R 93.0 91 2 625 544
1003073937 1 128256 R 245.0 91 3 732 545
1006567594 1 128704 R 191.0 92 1 178 546
1007291942 1 128796 R 93.0 92 2 293 547
1007449182 1 128816 R 245.0 92 3 396 548
1008750914 1 128983 R 142.0 92 1 410 549
1009506515 1 129080 R 40.0 92 2 502 550
1009679449 1 129102 R 196.0 92 3 644 551
1013118116 1 129542 R 142.0 93 1 73 552
1013913007 1 129644 R 40.0 93 2 170 553
1014066485 1 129663 R 196.0 93 3 308 554
1015324859 1 129824 R 191.0 93 1 402 555
1016088316 1 129922 R 93.0 93 2 522 556
1016288542 1 129948 R 245.0 93 3 632 557
1019778216 1 130395 R 142.0 94 1 30 558
1019919926 1 130413 R 196.0 94 3 162 559
1021969235 1 130675 R 191.0 94 1 357 560
1022677986 1 130766 R 93.0 94 2 470 561
1022874356 1 130791 R 245.0 94 3 578 562
1024155442 1 130955 R 40.0 94 2 585 563
1026391143 1 131241 R 191.0 95 1 27 564
1027101080 1 131332 R 93.0 95 2 141 565
1027258388 1 131352 R 245.0 95 3 244 566
1028541575 1 131516 R 142.0 95 1 255 567
1029304976 1 131614 R 40.0 95 2 348 568
1029505318 1 131640 R 196.0 95 3 494 569
1032993565 1 132086 R 245.0 96 3 82 570
1035185949 1 132367 R 142.0 96 1 210 571
1035894736 1 132457 R 40.0 96 2 296 572
1036091136 1 132483 R 196.0 96 3 440 573
1037379825 1 132648 R 191.0 96 1 537 574
1037556379 1 132670 R 93.0 96 2 583 575
1041815516 1 133215 R 191.0 97 1 209 576
1042508656 1 133304 R 93.0 97 2 321 577
1042712862 1 133330 R 245.0 97 3 430 578
1044013587 1 133497 R 142.0 97 1 444 579
1044698900 1 133584 R 40.0 97 2 526 580
1044907022 1 133611 R 196.0 97 3 673 581
1048417010 1 134060 R 191.0 98 1 158 582
1049149148 1 134154 R 93.0 98 2 274 583
1049333799 1 134178 R 245.0 98 3 382 584
1050616008 1 134342 R 142.0 98 1 393 585
1051316974 1 134431 R 40.0 98 2 478 586
1051517249 1 134457 R 196.0 98 3 622 587
1054999830 1 134903 R 142.0 99 1 58 588
1055716600 1 134995 R 40.0 99 2 145 589
1055909102 1 135019 R 196.0 99 3 288 590
1057186005 1 135183 R 191.0 99 1 385 591
1057926039 1 135277 R 93.0 99 2 502 592
1058106816 1 135301 R 245.0 99 3 610 593
1061605603 1 135748 R 196.0 100 3 122 594
1061817333 1 135776 R 142.0 100 1 35 595
1063795458 1 136029 R 191.0 100 1 335 596
1064574558 1 136128 R 93.0 100 2 457 597
1064704525 1 136145 R 245.0 100 3 557 598
1066037365 1 136316 R 40.0 100 2 570 599
1068198113 1 136592 R 245.0 101 3 108 600
1070425417 1 136877 R 142.0 101 1 240 601
1071142950 1 136969 R 40.0 101 2 327 602
1071323734 1 136992 R 196.0 101 3 469 603
1072593804 1 137155 R 191.0 101 1 565 604
1072813414 1 137183 R 93.0 101 2 615 605
1074814974 1 137439 R 245.0 102 3 59 606
1077012269 1 137720 R 142.0 102 1 188 607
1077791335 1 137820 R 40.0 102 2 282 608
1077921266 1 137837 R 196.0 102 3 419 609
1079204040 1 138001 R 191.0 102 1 515 610
1079384590 1 138024 R 93.0 102 2 561 611
1083667216 1 138572 R 191.0 103 1 190 612
1084383729 1 138664 R 93.0 103 2 305 613
1084576193 1 138689 R 245.0 103 3 413 614
1085820342 1 138848 R 142.0 103 1 419 615
1086544725 1 138941 R 40.0 103 2 507 616
1086764527 1 138969 R 196.0 103 3 655 617
1090272516 1 139418 R 191.0 104 1 140 618
1090996928 1 139510 R 93.0 104 2 255 619
1091154212 1 139531 R 245.0 104 3 359 620
1092437409 1 139695 R 142.0 104 1 370 621
1093200914 1 139793 R 40.0 104 2 463 622
1093338661 1 139810 R 196.0 104 3 600 623
1096878853 1 140263 R 142.0 105 1 42 624
1097587989 1 140354 R 196.0 105 3 247 625
1097784105 1 140379 R 40.0 105 2 153 626
1099029839 1 140539 R 191.0 105 1 365 627
1099793313 1 140636 R 93.0 105 2 484 628
1099993591 1 140662 R 245.0 105 3 594 629
1103471349 1 141107 R 191.0 106 1 37 630
1104180239 1 141198 R 93.0 106 2 151 631
1104376609 1 141223 R 245.0 106 3 258 632
1105644197 1 141385 R 142.0 106 1 268 633
1106392074 1 141481 R 40.0 106 2 359 634
1106600101 1 141508 R 196.0 106 3 506 635
1110096226 1 141955 R 245.0 107 3 95 636
1112246650 1 142230 R 142.0 107 1 218 637
1113010090 1 142328 R 40.0 107 2 310 638
1113210333 1 142354 R 196.0 107 3 456 639
1114477477 1 142516 R 191.0 107 1 550 640
1114634590 1 142536 R 93.0 107 2 592 641
1118901588 1 143082 R 191.0 108 1 220 642
1119602480 1 143172 R 93.0 108 2 333 643
1119802757 1 143198 R 245.0 108 3 443 644
1121100611 1 143364 R 142.0 108 1 455 645
1123301344 1 143645 R 40.0 108 2 732 646
1125495617 1 143926 R 196.0 108 3 1132 647
1126235531 1 144021 R 142.0 109 1 216 648
1126384835 1 144040 R 40.0 109 2 230 649
1127686204 1 144207 R 191.0 109 1 449 650
1128457492 1 144305 R 93.0 109 2 570 651
1128591390 1 144323 R 245.0 109 3 670 652
1129896998 1 144490 R 196.0 109 3 800 653
1132074162 1 144768 R 142.0 110 1 67 654
1132830059 1 144865 R 40.0 110 2 159 655
1133002961 1 144887 R 196.0 110 3 301 656
1134311084 1 145055 R 191.0 110 1 401 657
1135058936 1 145150 R 93.0 110 2 519 658
1135204525 1 145169 R 245.0 110 3 621 659
1138707060 1 145617 R 196.0 111 3 135 660
1138883585 1 145640 R 142.0 111 1 43 661
1140932091 1 145902 R 191.0 111 1 352 662
1141625185 1 145991 R 93.0 111 2 464 663
1141798151 1 146013 R 245.0 111 3 570 664
1143142770 1 146185 R 40.0 111 2 583 665
1145302307 1 146462 R 191.0 112 1 16 666
1147500187 1 146743 R 93.0 112 2 319 667
1149730624 1 147028 R 142.0 112 1 535 668
1150478503 1 147124 R 40.0 112 2 626 669
1150624028 1 147143 R 196.0 112 3 765 670
1151897022 1 147306 R 245.0 112 3 967 671
1152100887 1 147332 R 245.0 113 3 97 672
1154148834 1 147594 R 142.0 113 1 205 673
1154841957 1 147683 R 40.0 113 2 289 674
1155014893 1 147705 R 196.0 113 3 430 675
1156336725 1 147874 R 191.0 113 1 532 676
1156482154 1 147893 R 93.0 113 2 573 677
1160741265 1 148438 R 191.0 114 1 200 678
1161496925 1 148534 R 93.0 114 2 318 679
1161669835 1 148557 R 245.0 114 3 425 680
1162921784 1 148717 R 142.0 114 1 432 681
1163654033 1 148811 R 40.0 114 2 521 682
1163869904 1 148838 R 196.0 114 3 667 683
1167337099 1 149282 R 142.0 115 1 101 684
1167505869 1 149304 R 40.0 115 2 117 685
1169514213 1 149561 R 191.0 115 1 427 686
1170308937 1 149662 R 93.0 115 2 551 687
1170462336 1 149682 R 245.0 115 3 654 688
1171718172 1 149843 R 196.0 115 3 777 689
1173957898 1 150129 R 142.0 116 1 53 690
1174713700 1 150226 R 40.0 116 2 144 691
1174886599 1 150248 R 196.0 116 3 286 692
1176174279 1 150413 R 191.0 116 1 383 693
1176914249 1 150508 R 93.0 116 2 501 694
1177063819 1 150527 R 245.0 116 3 603 695
1180528267 1 150970 R 196.0 117 3 112 696
1182753226 1 151255 R 191.0 117 1 329 697
1183498113 1 151351 R 93.0 117 2 448 698
1183698455 1 151376 R 245.0 117 3 556 699
1184994329 1 151542 R 142.0 117 1 569 700
1185147476 1 151562 R 40.0 117 2 584 701
1187188062 1 151823 R 196.0 118 3 68 702
1189379054 1 152103 R 191.0 118 1 281 703
1190087838 1 152194 R 93.0 118 2 395 704
1190284238 1 152219 R 245.0 118 3 504 705
1191599643 1 152388 R 142.0 118 1 519 706
1191773329 1 152410 R 40.0 118 2 536 707
1193801000 1 152669 R 245.0 119 3 57 708
1195970069 1 152947 R 142.0 119 1 182 709
1196725661 1 153044 R 40.0 119 2 274 710
1196898594 1 153066 R 196.0 119 3 416 711
1198157865 1 153227 R 191.0 119 1 509 712
1198365731 1 153254 R 93.0 119 2 559 713
1202606377 1 153796 R 191.0 120 1 182 714
1202767369 1 153817 R 93.0 120 2 226 715
1204805482 1 154078 R 142.0 120 1 417 716
1205537668 1 154172 R 40.0 120 2 506 717
1205691071 1 154191 R 196.0 120 3 644 718
1206992541 1 154358 R 245.0 120 3 1090 719
1209193200 1 154640 R 191.0 121 1 130 720
1209909699 1 154731 R 93.0 121 2 243 721
1210102163 1 154756 R 245.0 121 3 352 722
1211403049 1 154922 R 142.0 121 1 366 723
1212143017 1 155017 R 40.0 121 2 455 724
1212292549 1 155036 R 196.0 121 3 593 725
1215798313 1 155485 R 191.0 122 1 79 726
1216522858 1 155578 R 93.0 122 2 195 727
1216742667 1 155606 R 245.0 122 3 306 728
1217981056 1 155764 R 142.0 122 1 312 729
1218760115 1 155864 R 40.0 122 2 406 730
1218921299 1 155885 R 196.0 122 3 547 731
1222392945 1 156329 R 191.0 123 1 27 732
1223133087 1 156424 R 93.0 123 2 145 733
1223313869 1 156447 R 245.0 123 3 251 734
1224617616 1 156614 R 142.0 123 1 265 735
1225341993 1 156707 R 40.0 123 2 353 736
1225530552 1 156731 R 196.0 123 3 496 737
1229002170 1 157175 R 245.0 124 3 83 738
1231212254 1 157458 R 142.0 124 1 213 739
1231952222 1 157553 R 40.0 124 2 303 740
1232164217 1 157580 R 196.0 124 3 449 741
1233452784 1 157745 R 191.0 124 1 547 742
1233582557 1 157761 R 93.0 124 2 586 743
1237810465 1 158303 R 191.0 125 1 209 744
1238534827 1 158395 R 93.0 125 2 324 745
1238754666 1 158423 R 245.0 125 3 435 746
1240055485 1 158590 R 142.0 125 1 449 747
1240772047 1 158682 R 40.0 125 2 536 748
1240933264 1 158702 R 196.0 125 3 675 749
1244427580 1 159150 R 191.0 126 1 160 750
1245190953 1 159247 R 93.0 126 2 280 751
1245328731 1 159265 R 245.0 126 3 382 752
1246629617 1 159431 R 142.0 126 1 395 753
1247353955 1 159524 R 40.0 126 2 482 754
1247542552 1 159548 R 196.0 126 3 625 755
1251074956 1 160000 R 142.0 127 1 68 756
1251776101 1 160090 R 40.0 127 2 152 757
1251945097 1 160112 R 196.0 127 3 294 758
1253274712 1 160282 R 191.0 127 1 396 759
1253983428 1 160373 R 93.0 127 2 509 760
1254179800 1 160398 R 245.0 127 3 619 761
1257625791 1 160839 R 196.0 128 3 125 762
1257845311 1 160867 R 142.0 128 1 38 763
1259837091 1 161122 R 191.0 128 1 340 764
1260609285 1 161221 R 93.0 128 2 462 765
1260766628 1 161241 R 245.0 128 3 565 766
1262049787 1 161405 R 40.0 128 2 571 767
1264281711 1 161691 R 196.0 129 3 80 768
1266439476 1 161967 R 191.0 129 1 289 769
1267202881 1 162065 R 93.0 129 2 410 770
1267403193 1 162090 R 245.0 129 3 518 771
1268638611 1 162249 R 142.0 129 1 524 772
1268882610 1 162280 R 40.0 129 2 549 773
1270880890 1 162536 R 245.0 130 3 67 774
1273087163 1 162818 R 142.0 130 1 197 775
1273788066 1 162908 R 40.0 130 2 282 776
1274019598 1 162937 R 196.0 130 3 431 777
1275261260 1 163096 R 191.0 130 1 522 778
1275457407 1 163121 R 93.0 130 2 570 779
1279700354 1 163665 R 142.0 131 1 148 780
1280409077 1 163755 R 40.0 131 2 233 781
1280574162 1 163776 R 196.0 131 3 374 782
1281911584 1 163948 R 191.0 131 1 478 783
1282596866 1 164035 R 93.0 131 2 588 784
1282804889 1 164062 R 245.0 131 3 697 785
1286293769 1 164508 R 142.0 132 1 96 786
1287041759 1 164604 R 40.0 132 2 186 787
1287218565 1 164627 R 196.0 132 3 328 788
1288469995 1 164787 R 191.0 132 1 421 789
1289225585 1 164884 R 93.0 132 2 541 790
1289398518 1 164906 R 245.0 132 3 646 791
1292883430 1 165352 R 142.0 133 1 43 792
1293639372 1 165449 R 196.0 133 3 254 793
1293843331 1 165475 R 40.0 133 2 161 794
1295102687 1 165636 R 191.0 133 1 374 795
1295834840 1 165730 R 93.0 133 2 491 796
1296050777 1 165757 R 245.0 133 3 601 797
1299485077 1 166197 R 196.0 134 3 107 798
1301700276 1 166480 R 191.0 134 1 322 799
1302468500 1 166579 R 93.0 134 2 443 800
1302614126 1 166597 R 245.0 134 3 545 801
1303888638 1 166761 R 142.0 134 1 556 802
1304073100 1 166784 R 40.0 134 2 574 803
1306113683 1 167045 R 196.0 135 3 60 804
1308341667 1 167331 R 191.0 135 1 277 805
1309034758 1 167419 R 93.0 135 2 387 806
1309207723 1 167441 R 245.0 135 3 494 807
1310522305 1 167610 R 142.0 135 1 509 808
1310698955 1 167632 R 40.0 135 2 526 809
1314958160 1 168178 R 142.0 136 1 181 810
1315091740 1 168195 R 40.0 136 2 193 811
1317140345 1 168457 R 196.0 136 3 822 812
1319317438 1 168735 R 191.0 136 1 785 813
1320049593 1 168829 R 93.0 136 2 902 814
1320265636 1 168857 R 245.0 136 3 1013 815
1321559599 1 169022 R 142.0 137 1 130 816
1322291759 1 169116 R 40.0 137 2 218 817
1322476376 1 169140 R 196.0 137 3 361 818
1323712148 1 169298 R 191.0 137 1 452 819
1324452118 1 169393 R 93.0 137 2 570 820
1324664112 1 169420 R 245.0 137 3 680 821
1328125615 1 169863 R 142.0 138 1 74 822
1328865819 1 169958 R 40.0 138 2 164 823
1329046567 1 169981 R 196.0 138 3 306 824
1330352654 1 170148 R 191.0 138 1 406 825
1331069181 1 170240 R 93.0 138 2 520 826
1331292897 1 170268 R 245.0 138 3 632 827
1334734867 1 170709 R 142.0 139 1 24 828
1334950929 1 170737 R 196.0 139 3 167 829
1336926813 1 170989 R 191.0 139 1 351 830
1337713662 1 171090 R 93.0 139 2 475 831
1337902155 1 171114 R 245.0 139 3 582 832
1339131693 1 171272 R 40.0 139 2 582 833
1341359370 1 171557 R 191.0 140 1 23 834
1343541785 1 171836 R 93.0 140 2 325 835
1345745946 1 172118 R 142.0 140 1 537 836
1346506450 1 172216 R 40.0 140 2 629 837
1346691115 1 172239 R 196.0 140 3 819 838
1347985467 1 172405 R 245.0 140 3 977 839
1348142661 1 172425 R 245.0 141 3 102 840
1350200383 1 172689 R 142.0 141 1 212 841
1350877854 1 172775 R 40.0 141 2 293 842
1351058587 1 172798 R 196.0 141 3 436 843
1352387077 1 172968 R 191.0 141 1 538 844
1352559849 1 172991 R 93.0 141 2 584 845
1356809632 1 173534 R 142.0 142 1 162 846
1357526165 1 173626 R 40.0 142 2 248 847
1357718599 1 173651 R 196.0 142 3 391 848
1358998251 1 173815 R 191.0 142 1 489 849
1359730444 1 173908 R 93.0 142 2 605 850
1359883876 1 173928 R 245.0 142 3 708 851
1363414918 1 174380 R 142.0 143 1 111 852
1364139290 1 174473 R 40.0 143 2 199 853
1364296599 1 174493 R 196.0 143 3 338 854
1365595820 1 174659 R 191.0 143 1 437 855
1366301703 1 174749 R 93.0 143 2 550 856
1366509729 1 174776 R 245.0 143 3 661 857
1369969275 1 175219 R 142.0 144 1 54 858
1370732922 1 175317 R 40.0 144 2 147 859
1370933232 1 175342 R 196.0 144 3 292 860
1372174803 1 175501 R 191.0 144 1 383 861
1372930362 1 175598 R 93.0 144 2 503 862
1373103329 1 175620 R 245.0 144 3 609 863
1376618803 1 176070 R 196.0 145 3 123 864
1376771854 1 176090 R 142.0 145 1 29 865
1378807488 1 176350 R 191.0 145 1 336 866
1379571839 1 176448 R 93.0 145 2 457 867
1379705776 1 176465 R 245.0 145 3 558 868
1381015393 1 176633 R 40.0 145 2 566 869
1383189741 1 176911 R 196.0 146 3 69 870
1385425439 1 177197 R 191.0 146 1 287 871
1386173283 1 177293 R 93.0 146 2 406 872
1386318840 1 177312 R 245.0 146 3 508 873
1387593507 1 177475 R 142.0 146 1 518 874
1387777971 1 177498 R 40.0 146 2 537 875
1389843441 1 177763 R 245.0 147 3 63 876
1392021483 1 178042 R 142.0 147 1 189 877
1392761486 1 178136 R 40.0 147 2 278 878
1392942268 1 178159 R 196.0 147 3 421 879
1394208248 1 178322 R 191.0 147 1 515 880
1394380861 1 178344 R 93.0 147 2 561 881
1398616597 1 178886 R 191.0 148 1 184 882
1398793248 1 178908 R 93.0 148 2 229 883
1400849635 1 179172 R 245.0 148 3 576 884
1403068480 1 179456 R 142.0 148 1 707 885
1403761605 1 179544 R 40.0 148 2 790 886
1403965856 1 179570 R 196.0 148 3 936 887
1405264195 1 179737 R 142.0 149 1 92 888
1405996626 1 179830 R 40.0 149 2 181 889
1406181284 1 179854 R 196.0 149 3 324 890
1407416954 1 180012 R 191.0 149 1 414 891
1408156891 1 180107 R 93.0 149 2 532 892
1408368920 1 180134 R 245.0 149 3 643 893
1411830515 1 180577 R 142.0 150 1 36 894
1412570800 1 180672 R 196.0 150 3 246 895
1412751387 1 180695 R 40.0 150 2 149 896
1414057459 1 180862 R 191.0 150 1 368 897
1414773957 1 180954 R 93.0 150 2 483 898
1414997768 1 180983 R 245.0 150 3 596 899
1418439947 1 181423 R 196.0 151 3 100 900
1420628567 1 181703 R 191.0 151 1 313 901
1421423285 1 181805 R 93.0 151 2 438 902
1421576653 1 181825 R 245.0 151 3 541 903
1422890385 1 181993 R 142.0 151 1 556 904
1423020157 1 182009 R 40.0 151 2 568 905
1425045082 1 182269 R 196.0 152 3 50 906
1427288597 1 182556 R 191.0 152 1 270 907
1428028693 1 182651 R 93.0 152 2 387 908
1428178093 1 182670 R 245.0 152 3 490 909
1429441045 1 182831 R 142.0 152 1 498 910
1429660663 1 182859 R 40.0 152 2 522 911
1433905152 1 183403 R 142.0 153 1 174 912
1434582689 1 183489 R 40.0 153 2 256 913
1434763468 1 183513 R 196.0 153 3 398 914
1436069360 1 183680 R 191.0 153 1 498 915
1436785962 1 183771 R 93.0 153 2 612 916
1437009673 1 183800 R 245.0 153 3 723 917
1440514405 1 184249 R 142.0 154 1 124 918
1441231001 1 184340 R 40.0 154 2 211 919
1441423472 1 184365 R 196.0 154 3 355 920
1442703023 1 184529 R 191.0 154 1 451 921
1443404940 1 184619 R 93.0 154 2 564 922
1443601308 1 184644 R 245.0 154 3 672 923
1447119582 1 185094 R 142.0 155 1 73 924
1447844127 1 185187 R 40.0 155 2 161 925
1448001467 1 185207 R 196.0 155 3 301 926
1449306424 1 185374 R 191.0 155 1 400 927
1450030765 1 185467 R 93.0 155 2 516 928
1450188073 1 185487 R 245.0 155 3 620 929
1453720521 1 185939 R 191.0 156 1 69 930
1453881685 1 185960 R 93.0 156 2 112 931
1455906854 1 186219 R 245.0 156 3 455 932
1458079902 1 186497 R 142.0 156 1 580 933
1458843273 1 186595 R 40.0 156 2 673 934
1459043585 1 186620 R 196.0 156 3 819 935
1460309269 1 186782 R 191.0 157 1 16 936
1462510189 1 187064 R 93.0 157 2 321 937
1464724310 1 187348 R 142.0 157 1 535 938
1465433034 1 187438 R 40.0 157 2 620 939
1465629401 1 187463 R 196.0 157 3 806 940
1466906974 1 187627 R 245.0 157 3 966 941
1467110841 1 187653 R 245.0 158 3 98 942
1469146403 1 187914 R 142.0 158 1 205 943
1469831700 1 188001 R 40.0 158 2 287 944
1470039768 1 188028 R 196.0 158 3 434 945
1471346738 1 188195 R 191.0 158 1 533 946
1471492038 1 188214 R 93.0 158 2 575 947
1475751250 1 188759 R 191.0 159 1 201 948
1476444339 1 188848 R 93.0 159 2 312 949
1476617273 1 188870 R 245.0 159 3 418 950
1477951541 1 189041 R 142.0 159 1 436 951
1478652515 1 189130 R 40.0 159 2 520 952
1478852793 1 189156 R 196.0 159 3 666 953
1482321435 1 189600 R 191.0 160 1 146 954
1483085817 1 189698 R 93.0 160 2 267 955
1483282188 1 189723 R 245.0 160 3 376 956
1484533513 1 189883 R 142.0 160 1 382 957
1485304701 1 189982 R 40.0 160 2 476 958
1485438607 1 189999 R 196.0 160 3 613 959
1488939240 1 190447 R 191.0 161 1 97 960
1489687227 1 190543 R 93.0 161 2 216 961
1489832851 1 190561 R 245.0 161 3 317 962
1491158386 1 190731 R 142.0 161 1 334 963
1491906136 1 190827 R 40.0 161 2 425 964
1492051792 1 190845 R 196.0 161 3 564 965
1495560213 1 191295 R 191.0 162 1 49 966
1495725078 1 191316 R 93.0 162 2 93 967
1497773889 1 191578 R 245.0 162 3 438 968
1499982121 1 191861 R 142.0 162 1 568 969
1500675220 1 191949 R 40.0 162 2 650 970
1500848158 1 191971 R 196.0 162 3 794 971
1502146517 1 192138 R 196.0 163 3 64 972
1504388995 1 192425 R 191.0 163 1 283 973
1505097781 1 192515 R 93.0 163 2 396 974
1505294211 1 192541 R 245.0 163 3 504 975
1506582553 1 192705 R 142.0 163 1 517 976
1506778731 1 192731 R 40.0 163 2 537 977
1508748406 1 192983 R 245.0 164 3 51 978
1510967527 1 193267 R 142.0 164 1 182 979
1511715375 1 193362 R 40.0 164 2 273 980
1511860972 1 193381 R 196.0 164 3 410 981
1513167819 1 193548 R 191.0 164 1 510 982
1513375673 1 193575 R 93.0 164 2 560 983
1517572380 1 194112 R 191.0 165 1 178 984
1518327973 1 194209 R 93.0 165 2 298 985
1518500915 1 194231 R 245.0 165 3 402 986
1519791326 1 194396 R 142.0 165 1 415 987
1520546883 1 194493 R 40.0 165 2 507 988
1520719852 1 194515 R 196.0 165 3 649 989
1524158492 1 194955 R 142.0 166 1 78 990
1524923139 1 195053 R 40.0 166 2 170 991
1525119509 1 195078 R 196.0 166 3 315 992
1526407795 1 195243 R 191.0 166 1 413 993
1527109711 1 195333 R 93.0 166 2 526 994
1527306120 1 195358 R 245.0 166 3 634 995
1530776556 1 195802 R 142.0 167 1 29 996
1531008180 1 195832 R 196.0 167 3 174 997
1533011192 1 196088 R 191.0 167 1 362 998
1533735570 1 196181 R 93.0 167 2 477 999
1533893082 1 196201 R 245.0 167 3 581 1000
1535220492 1 196371 R 40.0 167 2 593 1001
1537397733 1 196650 R 196.0 168 3 96 1002
1539628433 1 196935 R 191.0 168 1 313 1003
1540346007 1 197027 R 93.0 168 2 428 1004
1540526784 1 197050 R 245.0 168 3 534 1005
1541824977 1 197216 R 142.0 168 1 548 1006
1541997717 1 197239 R 40.0 168 2 565 1007
1544012260 1 197496 R 245.0 169 3 83 1008
1546233389 1 197781 R 142.0 169 1 216 1009
1546965614 1 197874 R 40.0 169 2 304 1010
1547119012 1 197894 R 196.0 169 3 444 1011
1548400413 1 198058 R 191.0 169 1 540 1012
1548592616 1 198083 R 93.0 169 2 587 1013
1552820539 1 198624 R 191.0 170 1 210 1014
1553544932 1 198717 R 93.0 170 2 326 1015
1553764725 1 198745 R 245.0 170 3 436 1016
1555033749 1 198907 R 142.0 170 1 446 1017
1555773686 1 199002 R 40.0 170 2 536 1018
1555923219 1 199021 R 196.0 170 3 675 1019
1559408932 1 199467 R 142.0 171 1 110 1020
1559593358 1 199491 R 40.0 171 2 129 1021
1561640366 1 199753 R 191.0 171 1 443 1022
1562341400 1 199843 R 93.0 171 2 556 1023
1562541645 1 199868 R 245.0 171 3 665 1024
1563826230 1 200033 R 196.0 171 3 791 1025
1566042389 1 200316 R 142.0 172 1 63 1026
1566774815 1 200410 R 40.0 172 2 152 1027
1566990685 1 200438 R 196.0 172 3 300 1028
1568222275 1 200595 R 191.0 172 1 389 1029
1569006221 1 200696 R 93.0 172 2 513 1030
1569136244 1 200712 R 245.0 172 3 613 1031
1572640131 1 201161 R 196.0 173 3 127 1032
1572843997 1 201187 R 142.0 173 1 38 1033
1574832509 1 201441 R 191.0 173 1 339 1034
1575556887 1 201534 R 93.0 173 2 455 1035
1575776726 1 201562 R 245.0 173 3 566 1036
1577079782 1 201729 R 40.0 173 2 575 1037
1579280427 1 202011 R 196.0 174 3 81 1038
1581449561 1 202288 R 191.0 174 1 290 1039
1582213012 1 202386 R 93.0 174 2 411 1040
1582350752 1 202404 R 245.0 174 3 512 1041
1583668607 1 202572 R 142.0 174 1 528 1042
1583829598 1 202593 R 40.0 174 2 542 1043
1585890982 1 202857 R 245.0 175 3 70 1044
1588057526 1 203134 R 142.0 175 1 193 1045
1588781862 1 203227 R 40.0 175 2 281 1046
1588970482 1 203251 R 196.0 175 3 425 1047
1590271414 1 203418 R 191.0 175 1 524 1048
1590467464 1 203443 R 93.0 175 2 572 1049
1594705809 1 203985 R 142.0 176 1 148 1050
1595406744 1 204075 R 40.0 176 2 233 1051
1595575835 1 204097 R 196.0 176 3 374 1052
1596859088 1 204261 R 191.0 176 1 471 1053
1597606999 1 204357 R 93.0 176 2 590 1054
1597815022 1 204383 R 245.0 176 3 699 1055
1601256246 1 204824 R 142.0 177 1 91 1056
1602027739 1 204922 R 40.0 177 2 184 1057
1602192889 1 204944 R 196.0 177 3 325 1058
1603461497 1 205106 R 191.0 177 1 420 1059
1604224935 1 205204 R 93.0 177 2 541 1060
1604425239 1 205229 R 245.0 177 3 649 1061
1607902977 1 205674 R 191.0 178 1 92 1062
1608611957 1 205765 R 93.0 178 2 205 1063
1608808305 1 205790 R 245.0 178 3 314 1064
1610115352 1 205958 R 142.0 178 1 329 1065
1610800659 1 206045 R 40.0 178 2 411 1066
1611040000 1 206076 R 196.0 178 3 562 1067
1614527854 1 206522 R 191.0 179 1 44 1068
1615213406 1 206610 R 93.0 179 2 155 1069
1615421428 1 206637 R 245.0 179 3 265 1070
1616705134 1 206801 R 142.0 179 1 276 1071
1617460691 1 206898 R 40.0 179 2 368 1072
1617602406 1 206916 R 196.0 179 3 506 1073
1621103607 1 207364 R 196.0 180 3 58 1074
1623333301 1 207649 R 191.0 180 1 275 1075
1624034209 1 207739 R 93.0 180 2 388 1076
1624234418 1 207765 R 245.0 180 3 498 1077
1625507317 1 207928 R 142.0 180 1 507 1078
1625691781 1 207951 R 40.0 180 2 525 1079
1629935354 1 208495 R 142.0 181 1 178 1080
1630675304 1 208589 R 40.0 181 2 266 1081
1630856073 1 208612 R 196.0 181 3 410 1082
1632117872 1 208774 R 191.0 181 1 504 1083
1632889120 1 208873 R 93.0 181 2 626 1084
1633022990 1 208890 R 245.0 181 3 726 1085
1636544611 1 209341 R 142.0 182 1 128 1086
1637261143 1 209432 R 40.0 182 2 214 1087
1637453575 1 209457 R 196.0 182 3 358 1088
1638728134 1 209620 R 191.0 182 1 454 1089
1639452478 1 209713 R 93.0 182 2 570 1090
1639672284 1 209741 R 245.0 182 3 680 1091
1643149721 1 210186 R 142.0 183 1 77 1092
1643299013 1 210205 R 40.0 183 2 91 1093
1645345200 1 210467 R 191.0 183 1 405 1094
1646046107 1 210557 R 93.0 183 2 518 1095
1646246383 1 210582 R 245.0 183 3 626 1096
1647519315 1 210745 R 196.0 183 3 750 1097
1649722809 1 211027 R 142.0 184 1 22 1098
1651938830 1 211311 R 191.0 184 1 353 1099
1652678827 1 211406 R 93.0 184 2 471 1100
1652890792 1 211433 R 245.0 184 3 581 1101
1654149971 1 211594 R 40.0 184 2 584 1102
1656355947 1 211876 R 196.0 184 3 1082 1103
1656532468 1 211899 R 196.0 185 3 113 1104
1658579334 1 212161 R 191.0 185 1 307 1105
1659295862 1 212253 R 93.0 185 2 422 1106
1659457089 1 212273 R 245.0 185 3 524 1107
1660791563 1 212444 R 142.0 185 1 543 1108
1660925181 1 212461 R 40.0 185 2 555 1109
1662950527 1 212721 R 245.0 186 3 78 1110
1665176542 1 213005 R 142.0 186 1 209 1111
1665924356 1 213101 R 40.0 186 2 299 1112
1666069910 1 213120 R 196.0 186 3 437 1113
1667346518 1 213283 R 191.0 186 1 533 1114
1667534760 1 213307 R 93.0 186 2 579 1115
1671801747 1 213853 R 191.0 187 1 207 1116
1672488017 1 213941 R 93.0 187 2 318 1117
1672700032 1 213968 R 245.0 187 3 429 1118
1674000240 1 214135 R 142.0 187 1 442 1119
1674693370 1 214224 R 40.0 187 2 526 1120
1674866296 1 214246 R 196.0 187 3 668 1121
1678367669 1 214694 R 142.0 188 1 105 1122
1678544348 1 214717 R 40.0 188 2 123 1123
1680592210 1 214979 R 191.0 188 1 437 1124
1681347834 1 215075 R 93.0 188 2 556 1125
1681520860 1 215098 R 245.0 188 3 662 1126
1682803460 1 215262 R 196.0 188 3 788 1127
1684964995 1 215538 R 142.0 189 1 53 1128
1685705269 1 215633 R 40.0 189 2 143 1129
1685917236 1 215660 R 196.0 189 3 289 1130
1687162401 1 215820 R 191.0 189 1 382 1131
1687957119 1 215921 R 93.0 189 2 506 1132
1688110526 1 215941 R 245.0 189 3 609 1133
1691619500 1 216390 R 191.0 190 1 56 1134
1692359671 1 216485 R 93.0 190 2 173 1135
1692509205 1 216504 R 245.0 190 3 277 1136
1693808466 1 216670 R 142.0 190 1 288 1137
1694525093 1 216762 R 40.0 190 2 376 1138
1694748744 1 216791 R 196.0 190 3 525 1139
1700400476 1 217514 R 191.0 191 1 284 1140
1701116996 1 217606 R 93.0 191 2 399 1141
1701340745 1 217634 R 245.0 191 3 510 1142
1702585321 1 217794 R 142.0 191 1 516 1143
1703372263 1 217894 R 40.0 191 2 613 1144
1703560756 1 217919 R 196.0 191 3 757 1145
1704831200 1 218081 R 245.0 192 3 62 1146
1707030877 1 218363 R 142.0 192 1 189 1147
1707731880 1 218453 R 40.0 192 2 275 1148
1707963407 1 218482 R 196.0 192 3 423 1149
1709204671 1 218641 R 191.0 192 1 515 1150
1709400783 1 218666 R 93.0 192 2 563 1151
1713652180 1 219210 R 191.0 193 1 188 1152
1714337494 1 219298 R 93.0 193 2 299 1153
1714545546 1 219325 R 245.0 193 3 409 1154
1715846833 1 219491 R 142.0 193 1 421 1155
1716555548 1 219582 R 40.0 193 2 508 1156
1716720732 1 219603 R 196.0 193 3 648 1157
1720210619 1 220050 R 191.0 194 1 132 1158
1720966341 1 220147 R 93.0 194 2 252 1159
1721139172 1 220169 R 245.0 194 3 357 1160
1722440456 1 220335 R 142.0 194 1 369 1161
1723188236 1 220431 R 40.0 194 2 461 1162
1723365141 1 220454 R 196.0 194 3 603 1163
1726843097 1 220899 R 191.0 195 1 85 1164
1727607721 1 220997 R 93.0 195 2 206 1165
1727741595 1 221014 R 245.0 195 3 305 1166
1729030147 1 221179 R 142.0 195 1 317 1167
1729785806 1 221275 R 40.0 195 2 410 1168
1729990024 1 221302 R 196.0 195 3 556 1169
1733461114 1 221746 R 191.0 196 1 36 1170
1734209133 1 221842 R 93.0 196 2 155 1171
1734354757 1 221860 R 245.0 196 3 256 1172
1735631588 1 222024 R 142.0 196 1 266 1173
1736363810 1 222117 R 40.0 196 2 355 1174
1736548463 1 222141 R 196.0 196 3 499 1175
1740063606 1 222591 R 245.0 197 3 90 1176
1742260397 1 222872 R 142.0 197 1 218 1177
1743000373 1 222967 R 40.0 197 2 309 1178
1743181156 1 222990 R 196.0 197 3 451 1179
1744436056 1 223151 R 191.0 197 1 545 1180
1744636175 1 223176 R 93.0 197 2 593 1181
1748848443 1 223715 R 191.0 198 1 213 1182
1749619701 1 223814 R 93.0 198 2 334 1183
1749816030 1 223839 R 245.0 198 3 443 1184
1751072443 1 224000 R 142.0 198 1 450 1185
1751788943 1 224092 R 40.0 198 2 538 1186
1751981444 1 224116 R 196.0 198 3 682 1187
1755473316 1 224563 R 191.0 199 1 165 1188
1756221096 1 224659 R 93.0 199 2 284 1189
1756366686 1 224678 R 245.0 199 3 386 1190
1757677792 1 224846 R 142.0 199 1 400 1191
1758402105 1 224938 R 40.0 199 2 488 1192
1758621951 1 224966 R 196.0 199 3 636 1193
1762091828 1 225411 R 142.0 200 1 69 1194
1762792986 1 225500 R 40.0 200 2 154 1195
1762993285 1 225526 R 196.0 200 3 298 1196
1764297013 1 225693 R 191.0 200 1 399 1197
1765052673 1 225790 R 93.0 200 2 518 1198
1765225573 1 225812 R 245.0 200 3 623 1199
1768674007 1 226253 R 196.0 201 3 130 1200
1768862217 1 226277 R 142.0 201 1 39 1201
1770922867 1 226541 R 191.0 201 1 351 1202
1771631616 1 226632 R 93.0 201 2 465 1203
1771827987 1 226657 R 245.0 201 3 573 1204
1773129153 1 226823 R 40.0 201 2 581 1205
1775298682 1 227101 R 196.0 202 3 81 1206
1777485243 1 227381 R 191.0 202 1 295 1207
1778233058 1 227477 R 93.0 202 2 414 1208
1778441182 1 227503 R 245.0 202 3 523 1209
1779718012 1 227667 R 142.0 202 1 533 1210
1779863378 1 227685 R 40.0 202 2 547 1211
1781903285 1 227946 R 245.0 203 3 70 1212
1784122617 1 228231 R 142.0 203 1 201 1213
1784878194 1 228327 R 40.0 203 2 293 1214
1785051124 1 228349 R 196.0 203 3 433 1215
1786330471 1 228513 R 191.0 203 1 531 1216
1786503200 1 228535 R 93.0 203 2 576 1217
1790692811 1 229072 R 142.0 204 1 146 1218
1791487465 1 229173 R 40.0 204 2 243 1219
1791640834 1 229193 R 196.0 204 3 381 1220
1792941676 1 229359 R 191.0 204 1 481 1221
1793673892 1 229453 R 93.0 204 2 597 1222
1793827256 1 229473 R 245.0 204 3 701 1223
1797352812 1 229924 R 142.0 205 1 102 1224
1798092779 1 230019 R 40.0 205 2 193 1225
1798242277 1 230038 R 196.0 205 3 331 1226
1799539204 1 230204 R 191.0 205 1 430 1227
1800279241 1 230299 R 93.0 205 2 548 1228
1800428702 1 230318 R 245.0 205 3 650 1229
1803915247 1 230764 R 191.0 206 1 94 1230
1804120388 1 230790 R 93.0 206 2 143 1231
1806145525 1 231049 R 245.0 206 3 485 1232
1808336300 1 231330 R 142.0 206 1 612 1233
1809052861 1 231422 R 40.0 206 2 700 1234
1809276612 1 231450 R 196.0 206 3 847 1235
1810567414 1 231615 R 196.0 207 3 116 1236
1812744004 1 231894 R 191.0 207 1 328 1237
1813515259 1 231993 R 93.0 207 2 450 1238
1813649124 1 232010 R 245.0 207 3 550 1239
1814963194 1 232178 R 142.0 207 1 564 1240
1815151498 1 232202 R 40.0 207 2 584 1241
1817153019 1 232458 R 196.0 208 3 64 1242
1819368884 1 232742 R 191.0 208 1 280 1243
1820116696 1 232838 R 93.0 208 2 399 1244
1820262318 1 232856 R 245.0 208 3 500 1245
1821588072 1 233026 R 142.0 208 1 516 1246
1821756809 1 233048 R 40.0 208 2 534 1247
1823786952 1 233308 R 245.0 209 3 56 1248
1825969113 1 233587 R 142.0 209 1 181 1249
1826677859 1 233678 R 40.0 209 2 268 1250
1826905481 1 233707 R 196.0 209 3 416 1251
1828151632 1 233866 R 191.0 209 1 508 1252
1828324309 1 233888 R 93.0 209 2 553 1253
1832562739 1 234431 R 142.0 210 1 129 1254
1833310559 1 234527 R 40.0 210 2 221 1255
1833487429 1 234549 R 196.0 210 3 362 1256
1834755987 1 234712 R 191.0 210 1 458 1257
1835527220 1 234810 R 93.0 210 2 579 1258
1835723626 1 234835 R 245.0 210 3 687 1259
1839214766 1 235282 R 142.0 211 1 84 1260
1839908152 1 235371 R 40.0 211 2 169 1261
1840112310 1 235397 R 196.0 211 3 314 1262
1841366196 1 235558 R 191.0 211 1 408 1263
1842090609 1 235650 R 93.0 211 2 523 1264
1842310480 1 235679 R 245.0 211 3 635 1265
1845780298 1 236123 R 191.0 212 1 77 1266
1846543976 1 236220 R 93.0 212 2 197 1267
1846681754 1 236238 R 245.0 212 3 298 1268
1848019163 1 236409 R 142.0 212 1 315 1269
1848751384 1 236503 R 40.0 212 2 405 1270
1848936003 1 236527 R 196.0 212 3 548 1271
1852382477 1 236968 R 196.0 213 3 92 1272
1854627741 1 237255 R 191.0 213 1 313 1273
1855336423 1 237346 R 93.0 213 2 427 1274
1855532831 1 237371 R 245.0 213 3 536 1275
1856794101 1 237532 R 142.0 213 1 543 1276
1856974623 1 237556 R 40.0 213 2 562 1277
1858987150 1 237813 R 245.0 214 3 81 1278
1861194698 1 238096 R 142.0 214 1 210 1279
1861973823 1 238195 R 40.0 214 2 306 1280
1862103789 1 238212 R 196.0 214 3 440 1281
1863406482 1 238379 R 191.0 214 1 541 1282
1863614439 1 238405 R 93.0 214 2 590 1283
1867811020 1 238943 R 191.0 215 1 209 1284
1868566647 1 239039 R 93.0 215 2 328 1285
1868739675 1 239062 R 245.0 215 3 433 1286
1870002837 1 239223 R 142.0 215 1 441 1287
1870727181 1 239316 R 40.0 215 2 530 1288
1870947043 1 239344 R 196.0 215 3 676 1289
1874443713 1 239792 R 191.0 216 1 162 1290
1875145724 1 239881 R 93.0 216 2 274 1291
1875341999 1 239907 R 245.0 216 3 383 1292
1876619865 1 240070 R 142.0 216 1 392 1293
1877383301 1 240168 R 40.0 216 2 486 1294
1877521148 1 240186 R 196.0 216 3 622 1295
1881061723 1 240639 R 191.0 217 1 113 1296
1881747067 1 240726 R 93.0 217 2 222 1297
1881955156 1 240753 R 245.0 217 3 333 1298
1883264273 1 240921 R 142.0 217 1 347 1299
1883973060 1 241011 R 40.0 217 2 433 1300
1884169461 1 241037 R 196.0 217 3 578 1301
1887663931 1 241484 R 191.0 218 1 62 1302
1888365173 1 241574 R 93.0 218 2 175 1303
1888565421 1 241599 R 245.0 218 3 283 1304
1889826653 1 241761 R 142.0 218 1 291 1305
1890574468 1 241856 R 40.0 218 2 382 1306
1890782592 1 241883 R 196.0 218 3 528 1307
1894244661 1 242326 R 196.0 219 3 74 1308
1896448814 1 242608 R 191.0 219 1 290 1309
1897220094 1 242707 R 93.0 219 2 412 1310
1897353931 1 242724 R 245.0 219 3 513 1311
1898671870 1 242893 R 142.0 219 1 527 1312
1898844593 1 242915 R 40.0 219 2 545 1313
1900870730 1 243174 R 245.0 220 3 66 1314
1903080382 1 243457 R 142.0 220 1 195 1315
1903812504 1 243551 R 40.0 220 2 285 1316
1903965942 1 243570 R 196.0 220 3 424 1317
1905290153 1 243740 R 191.0 220 1 526 1318
1905435517 1 243759 R 93.0 220 2 568 1319
1909694658 1 244304 R 191.0 221 1 194 1320
1910387881 1 244392 R 93.0 221 2 304 1321
1910560715 1 244415 R 245.0 221 3 411 1322
1911880673 1 244584 R 142.0 221 1 426 1323
1912620618 1 244678 R 40.0 221 2 516 1324
1912770141 1 244697 R 196.0 221 3 654 1325
1916264848 1 245145 R 191.0 222 1 139 1326
1917029297 1 245243 R 93.0 222 2 260 1327
1917225633 1 245268 R 245.0 222 3 368 1328
1918458679 1 245426 R 142.0 222 1 372 1329
1919237713 1 245525 R 40.0 222 2 467 1330
1919398893 1 245546 R 196.0 222 3 606 1331
1922882652 1 245992 R 191.0 223 1 90 1332
1923630763 1 246088 R 93.0 223 2 208 1333
1923776326 1 246106 R 245.0 223 3 310 1334
1925095242 1 246275 R 142.0 223 1 325 1335
1925819584 1 246368 R 40.0 223 2 414 1336
1926008147 1 246392 R 196.0 223 3 557 1337
1929485068 1 246837 R 191.0 224 1 39 1338
1930248710 1 246935 R 93.0 224 2 160 1339
1930386525 1 246952 R 245.0 224 3 261 1340
1931681060 1 247118 R 142.0 224 1 272 1341
1932444459 1 247216 R 40.0 224 2 366 1342
1932613490 1 247237 R 196.0 224 3 506 1343
1936129717 1 247687 R 245.0 225 3 100 1344
1938294250 1 247964 R 142.0 225 1 223 1345
1939065508 1 248063 R 40.0 225 2 317 1346
1939230553 1 248084 R 196.0 225 3 457 1347
1940540121 1 248252 R 191.0 225 1 558 1348
1942725153 1 248532 R 93.0 225 2 860 1349
1944887843 1 248808 R 142.0 226 1 171 1350
1945635659 1 248904 R 40.0 226 2 262 1351
1945812462 1 248927 R 196.0 226 3 404 1352
1947097582 1 249091 R 191.0 226 1 501 1353
1947845413 1 249187 R 93.0 226 2 620 1354
1948053483 1 249214 R 245.0 226 3 730 1355
1951540048 1 249660 R 142.0 227 1 126 1356
1952233156 1 249749 R 40.0 227 2 211 1357
1952437340 1 249775 R 196.0 227 3 356 1358
1953718552 1 249939 R 191.0 227 1 453 1359
1954474270 1 250036 R 93.0 227 2 573 1360
1954647110 1 250058 R 245.0 227 3 679 1361
1958141267 1 250505 R 142.0 228 1 75 1362
1958286695 1 250524 R 40.0 228 2 90 1363
1960351243 1 250788 R 191.0 228 1 406 1364
1961083553 1 250882 R 93.0 228 2 523 1365
1961236867 1 250901 R 245.0 228 3 625 1366
1962546017 1 251069 R 196.0 228 3 753 1367
1966933152 1 251630 R 191.0 229 1 352 1368
1967701474 1 251729 R 93.0 229 2 474 1369
1967847111 1 251747 R 245.0 229 3 575 1370
1969174837 1 251917 R 142.0 229 1 591 1371
1969875735 1 252007 R 40.0 229 2 677 1372
1970044829 1 252029 R 196.0 229 3 911 1373
1971319734 1 252192 R 196.0 230 3 85 1374
1973574638 1 252480 R 191.0 230 1 306 1375
1974267761 1 252569 R 93.0 230 2 418 1376
1974440695 1 252591 R 245.0 230 3 523 1377
1975762607 1 252760 R 142.0 230 1 539 1378
1975927533 1 252782 R 40.0 230 2 555 1379
1977941864 1 253039 R 245.0 231 3 74 1380
1980178829 1 253326 R 142.0 231 1 208 1381
1980864180 1 253413 R 40.0 231 2 292 1382
1981103544 1 253444 R 196.0 231 3 441 1383
1982377889 1 253607 R 191.0 231 1 537 1384
1982573972 1 253632 R 93.0 231 2 585 1385
1986768585 1 254169 R 142.0 232 1 155 1386
1987524210 1 254266 R 40.0 232 2 248 1387
1987665892 1 254284 R 196.0 232 3 384 1388
1988965629 1 254450 R 191.0 232 1 484 1389
1989713452 1 254546 R 93.0 232 2 603 1390
1989858997 1 254565 R 245.0 232 3 705 1391
1993370029 1 255014 R 142.0 233 1 104 1392
1994102183 1 255108 R 40.0 233 2 194 1393
1994286902 1 255132 R 196.0 233 3 335 1394
1995586570 1 255298 R 191.0 233 1 436 1395
1996342195 1 255395 R 93.0 233 2 555 1396
1996515128 1 255417 R 245.0 233 3 662 1397
1999998573 1 255863 R 142.0 234 1 57 1398
2000738816 1 255957 R 40.0 234 2 148 1399
2000919593 1 255981 R 196.0 234 3 290 1400
2002212447 1 256146 R 191.0 234 1 388 1401
2002921163 1 256237 R 93.0 234 2 502 1402
2003117536 1 256262 R 245.0 234 3 610 1403
2006608021 1 256709 R 196.0 235 3 122 1404
2008774825 1 256986 R 191.0 235 1 332 1405
2009522606 1 257082 R 93.0 235 2 451 1406
2009730699 1 257108 R 245.0 235 3 559 1407
2010995966 1 257270 R 142.0 235 1 568 1408
2011188202 1 257295 R 40.0 235 2 589 1409
2013213230 1 257554 R 196.0 236 3 70 1410
2015395863 1 257834 R 191.0 236 1 283 1411
2016151455 1 257930 R 93.0 236 2 402 1412
2016324348 1 257952 R 245.0 236 3 507 1413
2017609124 1 258117 R 142.0 236 1 519 1414
2017766209 1 258137 R 40.0 236 2 535 1415
2019825585 1 258401 R 245.0 237 3 62 1416
2022033259 1 258683 R 142.0 237 1 189 1417
2022734134 1 258773 R 40.0 237 2 274 1418
2022934447 1 258798 R 196.0 237 3 420 1419
2024229328 1 258964 R 191.0 237 1 518 1420
2024382440 1 258984 R 93.0 237 2 561 1421
2028615166 1 259526 R 142.0 238 1 136 1422
2029386389 1 259624 R 40.0 238 2 229 1423
2029520261 1 259641 R 196.0 238 3 366 1424
2030828751 1 259809 R 191.0 238 1 467 1425
2031568752 1 259904 R 93.0 238 2 585 1426
2031718246 1 259923 R 245.0 238 3 687 1427
2035239841 1 260374 R 142.0 239 1 88 1428
2035987805 1 260469 R 40.0 239 2 179 1429
2036133387 1 260488 R 196.0 239 3 317 1430
2037406755 1 260651 R 191.0 239 1 413 1431
2038185820 1 260751 R 93.0 239 2 536 1432
2038347097 1 260771 R 245.0 239 3 640 1433
2041860811 1 261221 R 142.0 240 1 39 1434
2042554190 1 261310 R 196.0 240 3 243 1435
2042726900 1 261332 R 40.0 240 2 145 1436
2044040455 1 261500 R 191.0 240 1 366 1437
2044772609 1 261594 R 93.0 240 2 483 1438
2044988510 1 261621 R 245.0 240 3 593 1439
2048430971 1 262062 R 196.0 241 3 99 1440
2050638052 1 262345 R 191.0 241 1 314 1441
2051378016 1 262439 R 93.0 241 2 432 1442
2051589972 1 262466 R 245.0 241 3 542 1443
2052834707 1 262626 R 142.0 241 1 548 1444
2053050420 1 262653 R 40.0 241 2 571 1445
2055075585 1 262913 R 245.0 242 3 93 1446
2057231473 1 263188 R 142.0 242 1 215 1447
2057971437 1 263283 R 40.0 242 2 304 1448
2058183437 1 263310 R 196.0 242 3 451 1449
2059463704 1 263474 R 191.0 242 1 548 1450
2059624631 1 263495 R 93.0 242 2 592 1451
2063871970 1 264038 R 142.0 243 1 169 1452
2064588520 1 264130 R 40.0 243 2 256 1453
2064812217 1 264159 R 196.0 243 3 404 1454
2066052479 1 264318 R 191.0 243 1 496 1455
2066784604 1 264411 R 93.0 243 2 611 1456
2067000470 1 264439 R 245.0 243 3 723 1457
2070467662 1 264883 R 191.0 244 1 165 1458
2071215512 1 264978 R 93.0 244 2 283 1459
2071361067 1 264997 R 245.0 244 3 386 1460
2072648796 1 265162 R 142.0 244 1 396 1461
2073435672 1 265263 R 40.0 244 2 493 1462
2073624231 1 265287 R 196.0 244 3 636 1463
2077088702 1 265730 R 191.0 245 1 116 1464
2077844264 1 265827 R 93.0 245 2 236 1465
2078017230 1 265849 R 245.0 245 3 341 1466
2079297113 1 266013 R 142.0 245 1 351 1467
2079998057 1 266103 R 40.0 245 2 437 1468
2080229615 1 266132 R 196.0 245 3 585 1469
2083658651 1 266571 R 191.0 246 1 61 1470
2083897941 1 266602 R 93.0 246 2 115 1471
2085891895 1 266857 R 245.0 246 3 452 1472
2088113067 1 267141 R 142.0 246 1 583 1473
2088821845 1 267232 R 40.0 246 2 670 1474
2088986958 1 267253 R 196.0 246 3 810 1475
2090276870 1 267418 R 245.0 247 3 118 1476
2091024832 1 267514 R 191.0 247 1 108 1477
2091232659 1 267541 R 93.0 247 2 157 1478
2092503962 1 267703 R 142.0 247 1 249 1479
2093251803 1 267799 R 40.0 247 2 341 1480
2093428583 1 267822 R 196.0 247 3 483 1481
2096897635 1 268266 R 245.0 248 3 70 1482
2099093651 1 268547 R 142.0 248 1 197 1483
2099849340 1 268644 R 40.0 248 2 290 1484
2100053463 1 268670 R 196.0 248 3 434 1485
2101324876 1 268832 R 191.0 248 1 530 1486
2101497645 1 268855 R 93.0 248 2 576 1487
2105726454 1 269396 R 191.0 249 1 198 1488
2106435270 1 269487 R 93.0 249 2 311 1489
2106631577 1 269512 R 245.0 249 3 421 1490
2107897851 1 269674 R 142.0 249 1 428 1491
2108630103 1 269768 R 40.0 249 2 518 1492
2108814756 1 269791 R 196.0 249 3 659 1493
2112351334 1 270244 R 191.0 250 1 150 1494
2113036744 1 270332 R 93.0 250 2 261 1495
2113244772 1 270358 R 245.0 250 3 370 1496
2114526636 1 270522 R 142.0 250 1 380 1497
2115266637 1 270617 R 40.0 250 2 471 1498
2115447449 1 270640 R 196.0 250 3 613 1499
2118932925 1 271086 R 142.0 251 1 48 1500
2119649845 1 271178 R 196.0 251 3 254 1501
2119842045 1 271203 R 40.0 251 2 161 1502
2121156511 1 271371 R 191.0 251 1 381 1503
2121857447 1 271461 R 93.0 251 2 494 1504
2122057792 1 271486 R 245.0 251 3 603 1505
2125538510 1 271932 R 196.0 252 3 112 1506
2127738417 1 272213 R 191.0 252 1 327 1507
2128509705 1 272312 R 93.0 252 2 448 1508
2128643604 1 272329 R 245.0 252 3 548 1509
2129970424 1 272499 R 142.0 252 1 565 1510
2130154820 1 272523 R 40.0 252 2 585 1511
2132160573 1 272779 R 245.0 253 3 103 1512
2134335871 1 273058 R 142.0 253 1 228 1513
2135072971 1 273152 R 40.0 253 2 318 1514
2135249785 1 273175 R 196.0 253 3 459 1515
2136541676 1 273340 R 191.0 253 1 558 1516
2136761247 1 273368 R 93.0 253 2 609 1517
2140965752 1 273906 R 191.0 254 1 228 1518
2141666719 1 273996 R 93.0 254 2 340 1519
2141866926 1 274022 R 245.0 254 3 448 1520
2143192900 1 274192 R 142.0 254 1 466 1521
2143893809 1 274281 R 40.0 254 2 551 1522
2144062802 1 274303 R 196.0 254 3 692 1523
2147547648 1 274749 R 191.0 255 1 175 1524
2148318876 1 274848 R 93.0 255 2 297 1525
2148515245 1 274873 R 245.0 255 3 404 1526
2149743531 1 275030 R 142.0 255 1 408 1527
2150514747 1 275129 R 40.0 255 2 503 1528
2150679869 1 275150 R 196.0 255 3 642 1529
2154172503 1 275597 R 191.0 256 1 127 1530
2154920313 1 275693 R 93.0 256 2 246 1531
2155065971 1 275711 R 245.0 256 3 346 1532
2156399659 1 275882 R 142.0 256 1 364 1533
2157084938 1 275970 R 40.0 256 2 448 1534
2157324280 1 276000 R 196.0 256 3 597 1535
2160786444 1 276444 R 142.0 257 1 30 1536
2160982846 1 276469 R 196.0 257 3 170 1537
2162996232 1 276726 R 191.0 257 1 360 1538
2163751889 1 276823 R 93.0 257 2 480 1539
2163924854 1 276845 R 245.0 257 3 583 1540
2165171484 1 277005 R 40.0 257 2 587 1541
2167419216 1 277293 R 191.0 258 1 30 1542
2167607457 1 277317 R 93.0 258 2 78 1543
2169590822 1 277570 R 142.0 258 1 261 1544
2170323952 1 277664 R 40.0 258 2 350 1545
2170489106 1 277685 R 196.0 258 3 491 1546
2174014704 1 278137 R 245.0 259 3 84 1547
2176208919 1 278418 R 142.0 259 1 212 1548
2176956706 1 278513 R 40.0 259 2 302 1549
2177133512 1 278536 R 196.0 259 3 444 1550
2178387262 1 278696 R 191.0 259 1 538 1551
2178618564 1 278726 R 93.0 259 2 591 1552
2182804461 1 279262 R 191.0 260 1 208 1553
2183521122 1 279354 R 93.0 260 2 323 1554
2183744773 1 279382 R 245.0 260 3 434 1555
2185001375 1 279543 R 142.0 260 1 441 1556
2185756967 1 279640 R 40.0 260 2 534 1557
2185961152 1 279666 R 196.0 260 3 679 1558
2189441093 1 280111 R 191.0 261 1 161 1559
2190165469 1 280204 R 93.0 261 2 277 1560
2190354027 1 280228 R 245.0 261 3 384 1561
2191627261 1 280391 R 142.0 261 1 393 1562
2192335940 1 280482 R 40.0 261 2 480 1563
2192563601 1 280511 R 196.0 261 3 628 1564
2196017923 1 280953 R 142.0 262 1 59 1565
2196759075 1 281048 R 40.0 262 2 150 1566
2196947659 1 281072 R 196.0 262 3 293 1567
2198229701 1 281236 R 191.0 262 1 390 1568
2198993102 1 281334 R 93.0 262 2 511 1569
2199162167 1 281356 R 245.0 262 3 615 1570
2202620541 1 281798 R 196.0 263 3 122 1571
2202812654 1 281823 R 142.0 263 1 33 1572
2204842788 1 282083 R 191.0 263 1 341 1573
2205551577 1 282173 R 93.0 263 2 454 1574
2205779256 1 282203 R 245.0 263 3 565 1575
2207040629 1 282364 R 40.0 263 2 570 1576
2209250261 1 282647 R 245.0 264 3 115 1577
2209979697 1 282740 R 191.0 264 1 102 1578
2210195310 1 282768 R 93.0 264 2 153 1579
2211436425 1 282927 R 142.0 264 1 241 1580
2212207713 1 283025 R 40.0 264 2 336 1581
2212372865 1 283047 R 196.0 264 3 475 1582
2215844665 1 283491 R 245.0 265 3 62 1583
2218030086 1 283771 R 142.0 265 1 189 1584
2218777935 1 283866 R 40.0 265 2 280 1585
2218954789 1 283889 R 196.0 265 3 421 1586
2220256215 1 284056 R 191.0 265 1 522 1587
2220467985 1 284083 R 93.0 265 2 572 1588
2224688099 1 284623 R 191.0 266 1 193 1589
2225404666 1 284715 R 93.0 266 2 308 1590
2225565933 1 284735 R 245.0 266 3 410 1591
2226885132 1 284904 R 142.0 266 1 426 1592
2227578194 1 284993 R 40.0 266 2 511 1593
2227782412 1 285019 R 196.0 266 3 656 1594
2231262230 1 285464 R 191.0 267 1 138 1595
2231986608 1 285557 R 93.0 267 2 254 1596
2232175196 1 285581 R 245.0 267 3 360 1597
2233448459 1 285744 R 142.0 267 1 370 1598
2234219674 1 285843 R 40.0 267 2 465 1599
2234384856 1 285864 R 196.0 267 3 605 1600
2237901587 1 286314 R 142.0 268 1 44 1601
2238587245 1 286402 R 196.0 268 3 247 1602
2238826327 1 286433 R 40.0 268 2 159 1603
2240113268 1 286597 R 191.0 268 1 375 1604
2240814230 1 286687 R 93.0 268 2 488 1605
2240983236 1 286709 R 245.0 268 3 592 1606
2244460960 1 287154 R 191.0 269 1 36 1607
2245213927 1 287250 R 93.0 269 2 155 1608
2245437575 1 287279 R 245.0 269 3 266 1609
2246694267 1 287440 R 142.0 269 1 274 1610
2247449927 1 287536 R 40.0 269 2 367 1611
2247591643 1 287555 R 196.0 269 3 504 1612
2253274121 1 288282 R 191.0 270 1 268 1613
2254060996 1 288383 R 93.0 270 2 392 1614
2254249551 1 288407 R 245.0 270 3 498 1615
2255498464 1 288567 R 142.0 270 1 505 1616
2256230654 1 288660 R 40.0 270 2 594 1617
2256415339 1 288684 R 196.0 270 3 736 1618
2259924526 1 289133 R 142.0 271 1 175 1619
2260664493 1 289228 R 40.0 271 2 266 1620
2260845272 1 289251 R 196.0 271 3 408 1621
2262125196 1 289415 R 191.0 271 1 505 1622
2262826172 1 289505 R 93.0 271 2 618 1623
2263057729 1 289534 R 245.0 271 3 730 1624
2266535631 1 289979 R 191.0 272 1 173 1625
2267244384 1 290070 R 93.0 272 2 287 1626
2267409534 1 290091 R 245.0 272 3 390 1627
2268706265 1 290257 R 142.0 272 1 403 1628
2269461858 1 290354 R 40.0 272 2 496 1629
2269666106 1 290380 R 196.0 272 3 641 1630
2273104715 1 290820 R 142.0 273 1 70 1631
2273837135 1 290914 R 40.0 273 2 160 1632
2274021756 1 290938 R 196.0 273 3 303 1633
2275332017 1 291105 R 191.0 273 1 403 1634
2276079796 1 291201 R 93.0 273 2 522 1635
2276256639 1 291224 R 245.0 273 3 627 1636
2279733491 1 291669 R 142.0 274 1 23 1637
2279906519 1 291691 R 196.0 274 3 159 1638
2281921707 1 291949 R 191.0 274 1 351 1639
2282677427 1 292046 R 93.0 274 2 471 1640
2282881516 1 292072 R 245.0 274 3 579 1641
2284135261 1 292232 R 40.0 274 2 582 1642
2286374970 1 292519 R 196.0 275 3 92 1643
2288547565 1 292797 R 191.0 275 1 303 1644
2289256310 1 292888 R 93.0 275 2 417 1645
2289483932 1 292917 R 245.0 275 3 528 1646
2290739748 1 293078 R 142.0 275 1 536 1647
2290943642 1 293104 R 40.0 275 2 558 1648
2292954856 1 293361 R 245.0 276 3 76 1649
2295179376 1 293646 R 142.0 276 1 208 1650
2295911631 1 293740 R 40.0 276 2 298 1651
2296096262 1 293763 R 196.0 276 3 439 1652
2297355671 1 293924 R 191.0 276 1 534 1653
2297571385 1 293952 R 93.0 276 2 585 1654
2301734915 1 294485 R 142.0 277 1 151 1655
2302482728 1 294581 R 40.0 277 2 243 1656
2302659605 1 294603 R 196.0 277 3 384 1657
2303975663 1 294772 R 191.0 277 1 486 1658
2304723512 1 294867 R 93.0 277 2 604 1659
2304869099 1 294886 R 245.0 277 3 705 1660
2308399872 1 295338 R 142.0 278 1 108 1661
2309100774 1 295428 R 40.0 278 2 194 1662
2309269802 1 295449 R 196.0 278 3 334 1663
2310596703 1 295619 R 191.0 278 1 437 1664
2311289761 1 295708 R 93.0 278 2 548 1665
2311462693 1 295730 R 245.0 278 3 653 1666
2314964130 1 296178 R 191.0 279 1 100 1667
2315140680 1 296201 R 93.0 279 2 146 1668
2317197116 1 296464 R 245.0 279 3 490 1669
2319356061 1 296740 R 142.0 279 1 615 1670
2320127332 1 296839 R 40.0 279 2 709 1671
2320292421 1 296860 R 196.0 279 3 848 1672
2321606686 1 297028 R 196.0 280 3 122 1673
2323764359 1 297305 R 191.0 280 1 331 1674
2324504396 1 297399 R 93.0 280 2 448 1675
2324716454 1 297427 R 245.0 280 3 559 1676
2325963381 1 297586 R 142.0 280 1 564 1677
2326202426 1 297617 R 40.0 280 2 591 1678
2328196156 1 297872 R 196.0 281 3 69 1679
2330404861 1 298155 R 191.0 281 1 285 1680
2331121457 1 298246 R 93.0 281 2 399 1681
2331345174 1 298275 R 245.0 281 3 511 1682
2332581388 1 298433 R 142.0 281 1 515 1683
2332812655 1 298463 R 40.0 281 2 541 1684
2334776060 1 298714 R 245.0 282 3 53 1685
2337024991 1 299002 R 142.0 282 1 188 1686
2337733709 1 299093 R 40.0 282 2 275 1687
2337898832 1 299114 R 196.0 282 3 415 1688
2339234453 1 299285 R 191.0 282 1 519 1689
2339422789 1 299309 R 93.0 282 2 566 1690
2343627308 1 299847 R 191.0 283 1 185 1691
2344328214 1 299937 R 93.0 283 2 298 1692
2344559835 1 299966 R 245.0 283 3 409 1693
2345821381 1 300128 R 142.0 283 1 418 1694
2346562323 1 300223 R 40.0 283 2 509 1695
2346750915 1 300247 R 196.0 283 3 651 1696
2350240436 1 300694 R 191.0 284 1 136 1697
2350949187 1 300784 R 93.0 284 2 249 1698
2351114338 1 300805 R 245.0 284 3 352 1699
2352423858 1 300973 R 142.0 284 1 367 1700
2353187232 1 301071 R 40.0 284 2 461 1701
2353356295 1 301092 R 196.0 284 3 602 1702
2356833893 1 301538 R 191.0 285 1 84 1703
2357581904 1 301633 R 93.0 285 2 202 1704
2357758727 1 301656 R 245.0 285 3 306 1705
2359037020 1 301820 R 142.0 285 1 318 1706
2359745741 1 301910 R 40.0 285 2 404 1707
2359973363 1 301939 R 196.0 285 3 553 1708
2363423607 1 302381 R 191.0 286 1 31 1709
2364179412 1 302478 R 93.0 286 2 151 1710
2364383595 1 302504 R 245.0 286 3 259 1711
2365630648 1 302664 R 142.0 286 1 266 1712
2366378395 1 302759 R 40.0 286 2 357 1713
2366555236 1 302782 R 196.0 286 3 499 1714
2370025055 1 303226 R 245.0 287 3 85 1715
2372282842 1 303515 R 142.0 287 1 221 1716
2372975932 1 303604 R 40.0 287 2 306 1717
2373180117 1 303630 R 196.0 287 3 451 1718
2374428797 1 303790 R 191.0 287 1 544 1719
2374613228 1 303813 R 93.0 287 2 590 1720
2378856864 1 304357 R 191.0 288 1 214 1721
2379596833 1 304451 R 93.0 288 2 332 1722
2379777543 1 304474 R 245.0 288 3 437 1723
2381048983 1 304637 R 142.0 288 1 447 1724
2381820168 1 304736 R 40.0 288 2 542 1725
2381985290 1 304757 R 196.0 288 3 682 1726
2385439844 1 305199 R 142.0 289 1 113 1727
2385639838 1 305225 R 40.0 289 2 135 1728
2387668817 1 305484 R 191.0 289 1 446 1729
2387884475 1 305512 R 93.0 289 2 497 1730
2389852143 1 305764 R 196.0 289 3 793 1731
2392091802 1 306051 R 142.0 290 1 69 1732
2392287949 1 306076 R 40.0 290 2 90 1733
2394268304 1 306329 R 191.0 290 1 395 1734
2395008272 1 306424 R 93.0 290 2 513 1735
2395733078 1 306517 R 245.0 289 3 2088 1736
2396477019 1 306612 R 196.0 290 3 881 1737
2398707226 1 306897 R 245.0 290 3 1068 1738
2399400242 1 306986 R 191.0 291 1 156 1739
2399572969 1 307008 R 93.0 291 2 200 1740
