369810781 1 47309 R 191.0 1 1 118 1
370527343 1 47401 R 93.0 1 2 266 2
370719772 1 47426 R 245.0 1 3 418 3
373460556 1 47777 R 142.0 1 1 615 4
374192748 1 47870 R 40.0 1 2 707 5
374377425 1 47894 R 196.0 1 3 830 6
377152357 1 48249 R 142.0 2 1 191 7
377892354 1 48344 R 40.0 2 2 284 8
378073069 1 48367 R 196.0 2 3 409 9
380821819 1 48719 R 191.0 2 1 631 10
381546254 1 48812 R 93.0 2 2 780 11
381765999 1 48840 R 245.0 2 3 937 12
384496039 1 49189 R 142.0 3 1 235 13
385212596 1 49281 R 40.0 3 2 325 14
385405130 1 49305 R 196.0 3 3 451 15
388173134 1 49660 R 191.0 3 1 676 16
388874139 1 49750 R 93.0 3 2 823 17
389074384 1 49775 R 245.0 3 3 975 18
391818065 1 50126 R 191.0 4 1 247 19
392589283 1 50225 R 93.0 4 2 402 20
392785690 1 50250 R 245.0 4 3 555 21
395506969 1 50599 R 142.0 4 1 749 22
396231312 1 50691 R 40.0 4 2 841 23
396451091 1 50719 R 196.0 4 3 969 24
399187024 1 51070 R 142.0 5 1 324 25
399347985 1 51090 R 40.0 5 2 343 26
402848426 1 51538 R 191.0 5 1 762 27
403596302 1 51634 R 93.0 5 2 914 28
403742071 1 51653 R 245.0 5 3 1061 29
406512913 1 52007 R 142.0 6 1 366 30
407237257 1 52100 R 40.0 6 2 457 31
408008941 1 52199 R 196.0 5 3 1552 32
408204990 1 52224 R 196.0 6 3 681 33
410203647 1 52480 R 191.0 6 1 808 34
410959311 1 52576 R 93.0 6 2 962 35
411637244 1 52663 R 245.0 6 3 1175 36
412423989 1 52764 R 191.0 7 1 196 37
412612385 1 52788 R 93.0 7 2 276 38
413862247 1 52948 R 142.0 7 1 410 39
414610059 1 53044 R 40.0 7 2 504 40
414755652 1 53062 R 196.0 7 3 623 41
417551308 1 53420 R 245.0 7 3 1036 42
417743413 1 53445 R 245.0 8 3 166 43
421217506 1 53889 R 142.0 8 1 456 44
421973134 1 53986 R 40.0 8 2 551 45
422146065 1 54008 R 196.0 8 3 674 46
424908243 1 54362 R 191.0 8 1 898 47
425632821 1 54455 R 93.0 8 2 1047 48
426341591 1 54545 R 191.0 9 1 186 49
426506552 1 54566 R 93.0 9 2 263 50
426730237 1 54595 R 245.0 9 3 419 51
428521950 1 54824 R 142.0 9 1 495 52
429316640 1 54926 R 40.0 9 2 595 53
429470011 1 54946 R 196.0 9 3 715 54
432242959 1 55301 R 191.0 10 1 45 55
432972458 1 55394 R 93.0 10 2 194 56
433125826 1 55414 R 245.0 10 3 343 57
435916443 1 55771 R 142.0 10 1 545 58
436656414 1 55866 R 40.0 10 2 638 59
436805910 1 55885 R 196.0 10 3 758 60
439557433 1 56237 R 142.0 11 1 115 61
440273959 1 56329 R 40.0 11 2 205 62
440497712 1 56357 R 196.0 11 3 334 63
443243260 1 56709 R 191.0 11 1 557 64
443983321 1 56803 R 93.0 11 2 708 65
444132751 1 56823 R 245.0 11 3 855 66
446928285 1 57180 R 142.0 12 1 163 67
447652662 1 57273 R 40.0 12 2 253 68
447841219 1 57297 R 196.0 12 3 378 69
450556488 1 57645 R 191.0 12 1 597 70
451312180 1 57742 R 93.0 12 2 751 71
451485047 1 57764 R 245.0 12 3 901 72
454252169 1 58118 R 191.0 13 1 174 73
454428852 1 58141 R 93.0 13 2 253 74
457919619 1 58587 R 142.0 13 1 674 75
458683033 1 58685 R 40.0 13 2 770 76
458852051 1 58707 R 196.0 13 3 892 77
461595732 1 59058 R 142.0 14 1 248 78
462304489 1 59149 R 40.0 14 2 337 79
462532106 1 59178 R 196.0 14 3 466 80
465296303 1 59532 R 191.0 14 1 692 81
465989396 1 59620 R 93.0 14 2 836 82
466729856 1 59715 R 245.0 13 3 2268 83
467454282 1 59808 R 245.0 14 3 1152 84
468225471 1 59906 R 191.0 15 1 171 85
468923617 1 59996 R 142.0 15 1 290 86
469671491 1 60092 R 40.0 15 2 385 87
469848268 1 60114 R 196.0 15 3 507 88
472612462 1 60468 R 245.0 15 3 917 89
472773387 1 60489 R 93.0 15 2 810 90
476310088 1 60941 R 142.0 16 1 340 91
477003215 1 61030 R 40.0 16 2 427 92
477207434 1 61056 R 196.0 16 3 553 93
479938330 1 61406 R 191.0 16 1 774 94
480667619 1 61499 R 93.0 16 2 923 95
481447080 1 61599 R 245.0 16 3 1152 96
482147982 1 61689 R 191.0 17 1 161 97
482316869 1 61710 R 245.0 17 3 367 98
483645781 1 61880 R 142.0 17 1 383 99
484378176 1 61974 R 40.0 17 2 474 100
484562830 1 61998 R 196.0 17 3 599 101
487263344 1 62343 R 93.0 17 2 872 102
487483186 1 62371 R 245.0 18 3 132 103
490946522 1 62815 R 142.0 18 1 421 104
491686560 1 62909 R 40.0 18 2 515 105
491867309 1 62933 R 196.0 18 3 636 106
494618558 1 63285 R 196.0 19 3 93 107
498296047 1 63755 R 191.0 18 1 1332 108
499059391 1 63853 R 191.0 19 1 533 109
499744879 1 63941 R 93.0 18 2 1573 110
499983963 1 63972 R 93.0 19 2 708 111
500172456 1 63996 R 245.0 19 3 860 112
501990181 1 64228 R 93.0 20 2 69 113
502691550 1 64318 R 191.0 20 1 102 114
502922965 1 64348 R 245.0 20 3 317 115
505677687 1 64700 R 142.0 19 1 1411 116
506378567 1 64790 R 142.0 20 1 604 117
507126549 1 64886 R 40.0 19 2 1594 118
507271849 1 64904 R 40.0 20 2 718 119
507491690 1 64933 R 196.0 20 3 844 120
509309509 1 65165 R 142.0 21 1 83 121
509533172 1 65194 R 40.0 21 2 110 122
513009177 1 65639 R 191.0 21 1 527 123
513717995 1 65730 R 93.0 21 2 674 124
513883050 1 65751 R 245.0 21 3 823 125
516635639 1 66103 R 142.0 22 1 125 126
517422484 1 66204 R 40.0 22 2 225 127
518131702 1 66294 R 196.0 21 3 1311 128
518327784 1 66320 R 196.0 22 3 439 129
520337059 1 66577 R 191.0 22 1 569 130
521084908 1 66672 R 93.0 22 2 722 131
521261747 1 66695 R 245.0 22 3 871 132
523984973 1 67044 R 142.0 23 1 170 133
524732790 1 67139 R 40.0 23 2 264 134
524940916 1 67166 R 196.0 23 3 390 135
527673735 1 67516 R 191.0 23 1 612 136
528437235 1 67614 R 93.0 23 2 766 137
528606233 1 67635 R 245.0 23 3 915 138
531340236 1 67985 R 142.0 24 1 215 139
531505138 1 68006 R 40.0 24 2 235 140
535022245 1 68456 R 196.0 24 3 784 141
538692616 1 68926 R 191.0 24 1 1126 142
539401332 1 69017 R 191.0 25 1 321 143
540157106 1 69114 R 93.0 24 2 1370 144
540897043 1 69208 R 93.0 25 2 570 145
541078023 1 69232 R 245.0 24 3 1616 146
542378416 1 69398 R 142.0 25 1 732 147
543110596 1 69492 R 40.0 25 2 824 148
543264007 1 69511 R 196.0 25 3 945 149
546032216 1 69866 R 245.0 25 3 1354 150
546748720 1 69957 R 191.0 26 1 366 151
546940987 1 69982 R 93.0 26 2 447 152
547145143 1 70008 R 245.0 26 3 601 153
549710268 1 70336 R 142.0 26 1 775 154
550450196 1 70431 R 40.0 26 2 867 155
550599692 1 70450 R 196.0 26 3 986 156
553351252 1 70803 R 142.0 27 1 345 157
554130286 1 70902 R 40.0 27 2 443 158
554291497 1 70923 R 196.0 27 3 563 159
557071197 1 71279 R 191.0 27 1 791 160
557803418 1 71372 R 93.0 27 2 941 161
558520410 1 71464 R 245.0 27 3 1160 162
559221218 1 71554 R 191.0 28 1 170 163
559421339 1 71580 R 93.0 28 2 252 164
560722037 1 71746 R 142.0 28 1 392 165
561446410 1 71839 R 40.0 28 2 483 166
561634971 1 71863 R 196.0 28 3 607 167
564374929 1 72214 R 245.0 28 3 1015 168
568042134 1 72683 R 142.0 29 1 433 169
568805545 1 72781 R 40.0 29 2 529 170
568974603 1 72802 R 196.0 29 3 650 171
571715273 1 73153 R 191.0 29 1 873 172
572494508 1 73253 R 93.0 29 2 1030 173
573195460 1 73343 R 191.0 30 1 167 174
573943615 1 73438 R 245.0 29 3 1417 175
574088812 1 73457 R 93.0 30 2 337 176
575389552 1 73623 R 142.0 30 1 478 177
576160802 1 73722 R 40.0 30 2 574 178
576325901 1 73743 R 196.0 30 3 696 179
579045992 1 74091 R 142.0 31 1 50 180
579793949 1 74187 R 40.0 31 2 144 181
579970788 1 74210 R 196.0 31 3 267 182
582735097 1 74564 R 245.0 30 3 1573 183
583452605 1 74656 R 191.0 31 1 584 184
583633063 1 74679 R 93.0 31 2 663 185
583872437 1 74709 R 245.0 31 3 822 186
586432436 1 75037 R 142.0 32 1 99 187
587125735 1 75126 R 40.0 32 2 186 188
587329924 1 75152 R 196.0 32 3 312 189
590088137 1 75505 R 191.0 32 1 537 190
590843758 1 75602 R 93.0 32 2 690 191
590985440 1 75620 R 245.0 32 3 837 192
593768338 1 75976 R 142.0 33 1 142 193
594500493 1 76070 R 40.0 33 2 234 194
594685180 1 76093 R 196.0 33 3 357 195
597423829 1 76444 R 191.0 33 1 580 196
598156080 1 76538 R 93.0 33 2 731 197
598340666 1 76561 R 245.0 33 3 882 198
601115595 1 76916 R 191.0 34 1 157 199
601855597 1 77011 R 93.0 34 2 307 200
602036377 1 77034 R 245.0 34 3 458 201
604802639 1 77388 R 142.0 34 1 659 202
605480138 1 77475 R 40.0 34 2 744 203
605660886 1 77498 R 196.0 34 3 866 204
608474872 1 77858 R 142.0 35 1 233 205
609191443 1 77950 R 40.0 35 2 323 206
609383873 1 77975 R 196.0 35 3 446 207
612130369 1 78326 R 191.0 35 1 670 208
612846989 1 78418 R 93.0 35 2 819 209
613039393 1 78443 R 245.0 35 3 971 210
615814448 1 78798 R 142.0 36 1 276 211
616538885 1 78891 R 40.0 36 2 367 212
616696130 1 78911 R 196.0 36 3 487 213
619469972 1 79266 R 191.0 36 1 714 214
620194382 1 79358 R 93.0 36 2 863 215
620351889 1 79379 R 245.0 36 3 1011 216
623103268 1 79731 R 142.0 37 1 313 217
623866769 1 79829 R 40.0 37 2 409 218
624067017 1 79854 R 196.0 37 3 533 219
626821285 1 80207 R 191.0 37 1 759 220
627522257 1 80296 R 93.0 37 2 906 221
627722739 1 80322 R 245.0 37 3 1059 222
630481924 1 80675 R 142.0 38 1 362 223
631190675 1 80766 R 40.0 38 2 450 224
631387083 1 80791 R 196.0 38 3 575 225
634142330 1 81144 R 191.0 38 1 800 226
634858961 1 81236 R 93.0 38 2 948 227
635622764 1 81333 R 245.0 38 3 1173 228
636370542 1 81429 R 191.0 39 1 189 229
636515845 1 81448 R 93.0 39 2 265 230
637841090 1 81617 R 142.0 39 1 407 231
638526400 1 81705 R 40.0 39 2 493 232
638734499 1 81732 R 196.0 39 3 620 233
641462304 1 82081 R 196.0 40 3 73 234
645180746 1 82557 R 245.0 39 3 1501 235
645873808 1 82645 R 191.0 40 1 510 236
646046548 1 82668 R 93.0 40 2 588 237
646246795 1 82693 R 245.0 40 3 742 238
648826533 1 83023 R 142.0 40 1 918 239
649566739 1 83118 R 40.0 40 2 1010 240
650291121 1 83211 R 142.0 41 1 209 241
650479601 1 83235 R 196.0 41 3 331 242
650695282 1 83263 R 40.0 41 2 260 243
652478141 1 83491 R 191.0 41 1 459 244
653249462 1 83590 R 93.0 41 2 614 245
653445763 1 83615 R 245.0 41 3 767 246
656161071 1 83962 R 142.0 42 1 64 247
656901273 1 84057 R 40.0 42 2 157 248
657113272 1 84084 R 196.0 42 3 283 249
659837276 1 84433 R 191.0 42 1 505 250
660585150 1 84528 R 93.0 42 2 657 251
660730674 1 84547 R 245.0 42 3 803 252
663521026 1 84904 R 191.0 43 1 81 253
663686164 1 84925 R 93.0 43 2 158 254
667203286 1 85376 R 245.0 43 3 737 255
670878772 1 85846 R 142.0 43 1 1052 256
671595205 1 85938 R 142.0 44 1 248 257
672296417 1 86028 R 40.0 43 2 1232 258
673044103 1 86123 R 40.0 44 2 431 259
673221115 1 86146 R 196.0 43 3 1449 260
674496982 1 86309 R 191.0 44 1 589 261
675261390 1 86407 R 93.0 44 2 743 262
675457762 1 86432 R 245.0 44 3 897 263
678214433 1 86785 R 196.0 44 3 1192 264
678907463 1 86874 R 142.0 45 1 288 265
679111422 1 86900 R 40.0 45 2 312 266
679280514 1 86921 R 196.0 45 3 434 267
681849244 1 87250 R 191.0 45 1 634 268
682597095 1 87346 R 93.0 45 2 786 269
682805110 1 87373 R 245.0 45 3 941 270
685533168 1 87722 R 191.0 46 1 210 271
686288858 1 87819 R 93.0 46 2 363 272
686461726 1 87841 R 245.0 46 3 513 273
689183104 1 88189 R 142.0 46 1 707 274
689954345 1 88288 R 40.0 46 2 805 275
690119470 1 88309 R 196.0 46 3 925 276
692902247 1 88665 R 142.0 47 1 287 277
693587526 1 88753 R 40.0 47 2 374 278
693826902 1 88783 R 196.0 47 3 503 279
696571376 1 89135 R 191.0 47 1 727 280
697303601 1 89228 R 93.0 47 2 877 281
697457173 1 89248 R 245.0 47 3 1024 282
700226246 1 89603 R 142.0 48 1 329 283
700981843 1 89699 R 40.0 48 2 425 284
701123524 1 89717 R 196.0 48 3 541 285
703903164 1 90073 R 191.0 48 1 769 286
704643163 1 90168 R 93.0 48 2 921 287
705367969 1 90261 R 245.0 48 3 1142 288
706076657 1 90351 R 191.0 49 1 152 289
706304200 1 90381 R 245.0 49 3 366 290
707561949 1 90542 R 142.0 49 1 372 291
708294105 1 90635 R 40.0 49 2 463 292
708478723 1 90659 R 196.0 49 3 587 293
711227029 1 91011 R 93.0 49 2 867 294
711427339 1 91036 R 245.0 50 3 124 295
714924952 1 91484 R 142.0 50 1 418 296
715664923 1 91579 R 40.0 50 2 512 297
715845669 1 91602 R 196.0 50 3 633 298
718596957 1 91954 R 196.0 51 3 90 299
722247984 1 92421 R 191.0 50 1 1326 300
723019228 1 92520 R 191.0 51 1 528 301
723712466 1 92609 R 93.0 50 2 1570 302
723916329 1 92635 R 93.0 51 2 699 303
724085422 1 92657 R 245.0 51 3 849 304
725922112 1 92892 R 142.0 51 1 930 305
726685669 1 92989 R 142.0 52 1 132 306
727371216 1 93077 R 40.0 51 2 1113 307
727579067 1 93104 R 196.0 52 3 343 308
727736147 1 93124 R 40.0 52 2 264 309
729582524 1 93360 R 191.0 52 1 472 310
730353739 1 93459 R 93.0 52 2 627 311
730518920 1 93480 R 245.0 52 3 776 312
733287909 1 93834 R 142.0 53 1 81 313
733989051 1 93924 R 40.0 53 2 168 314
734189298 1 93950 R 196.0 53 3 294 315
736910371 1 94298 R 191.0 53 1 514 316
737651409 1 94393 R 93.0 53 2 665 317
737839936 1 94417 R 245.0 53 3 817 318
740604272 1 94771 R 142.0 54 1 121 319
741375490 1 94870 R 40.0 54 2 218 320
741509359 1 94887 R 196.0 54 3 335 321
744309542 1 95245 R 191.0 54 1 565 322
745010509 1 95335 R 93.0 54 2 712 323
745179539 1 95357 R 245.0 54 3 862 324
747963433 1 95713 R 142.0 55 1 167 325
748132271 1 95735 R 40.0 55 2 187 326
751594416 1 96178 R 191.0 55 1 602 327
752365703 1 96276 R 93.0 55 2 757 328
752530854 1 96298 R 245.0 55 3 907 329
755281483 1 96650 R 142.0 56 1 208 330
756052743 1 96748 R 40.0 56 2 305 331
756746293 1 96837 R 196.0 55 3 1390 332
756918941 1 96859 R 196.0 56 3 514 333
758984799 1 97124 R 191.0 56 1 652 334
759670146 1 97211 R 93.0 56 2 797 335
759909516 1 97242 R 245.0 56 3 956 336
762623075 1 97589 R 142.0 57 1 252 337
763355258 1 97683 R 40.0 57 2 343 338
763571130 1 97711 R 196.0 57 3 470 339
766308785 1 98061 R 191.0 57 1 693 340
767064400 1 98158 R 93.0 57 2 846 341
767206144 1 98176 R 245.0 57 3 993 342
769973239 1 98530 R 191.0 58 1 266 343
770705390 1 98624 R 93.0 58 2 417 344
770890103 1 98648 R 245.0 58 3 568 345
773626093 1 98998 R 142.0 58 1 764 346
774366129 1 99092 R 40.0 58 2 858 347
774578155 1 99120 R 196.0 58 3 983 348
777329584 1 99472 R 142.0 59 1 342 349
778046213 1 99564 R 40.0 59 2 433 350
778269901 1 99592 R 196.0 59 3 559 351
781007573 1 99943 R 191.0 59 1 783 352
781747713 1 100037 R 93.0 59 2 933 353
782472614 1 100130 R 245.0 59 3 1154 354
783181171 1 100221 R 191.0 60 1 165 355
783377431 1 100246 R 245.0 60 3 374 356
784638165 1 100407 R 142.0 60 1 381 357
785425044 1 100508 R 40.0 60 2 480 358
785613575 1 100532 R 196.0 60 3 603 359
788362881 1 100884 R 93.0 60 2 884 360
788531849 1 100906 R 245.0 61 3 138 361
792020744 1 101352 R 142.0 61 1 430 362
792721676 1 101442 R 40.0 61 2 519 363
792953238 1 101472 R 196.0 61 3 648 364
795681053 1 101821 R 191.0 61 1 869 365
795838138 1 101841 R 93.0 61 2 945 366
799368124 1 102293 R 142.0 62 1 475 367
800076909 1 102383 R 40.0 62 2 564 368
800242047 1 102405 R 196.0 62 3 684 369
803024524 1 102761 R 142.0 63 1 47 370
803772579 1 102856 R 40.0 63 2 142 371
803949411 1 102879 R 196.0 63 3 264 372
806713603 1 103233 R 191.0 62 1 1385 373
807431049 1 103325 R 191.0 63 1 581 374
808155664 1 103417 R 93.0 62 2 1626 375
808926823 1 103516 R 93.0 63 2 828 376
809060875 1 103533 R 245.0 62 3 1981 377
810375137 1 103702 R 245.0 63 3 1143 378
811122792 1 103797 R 191.0 64 1 157 379
811268157 1 103816 R 93.0 64 2 233 380
811488059 1 103844 R 245.0 64 3 388 381
814020007 1 104168 R 142.0 64 1 558 382
814775595 1 104265 R 40.0 64 2 654 383
814979814 1 104291 R 196.0 64 3 778 384
817684402 1 104637 R 142.0 65 1 131 385
818416620 1 104731 R 40.0 65 2 223 386
818601308 1 104755 R 196.0 65 3 347 387
821382868 1 105111 R 191.0 65 1 575 388
822083802 1 105200 R 93.0 65 2 720 389
822284017 1 105226 R 245.0 65 3 875 390
825047441 1 105580 R 142.0 66 1 178 391
825787474 1 105674 R 40.0 66 2 271 392
825968251 1 105697 R 196.0 66 3 394 393
828703848 1 106048 R 191.0 66 1 616 394
829482947 1 106147 R 93.0 66 2 772 395
829612971 1 106164 R 245.0 66 3 917 396
832390950 1 106520 R 142.0 67 1 222 397
833107510 1 106611 R 40.0 67 2 312 398
833300005 1 106636 R 196.0 67 3 435 399
836043480 1 106987 R 191.0 67 1 659 400
836767820 1 107080 R 93.0 67 2 809 401
836987720 1 107108 R 245.0 67 3 964 402
839723536 1 107458 R 191.0 68 1 234 403
840486935 1 107556 R 93.0 68 2 388 404
840624780 1 107574 R 245.0 68 3 535 405
843401854 1 107929 R 142.0 68 1 735 406
844126181 1 108022 R 40.0 68 2 827 407
844345993 1 108050 R 196.0 68 3 955 408
847081899 1 108400 R 142.0 69 1 310 409
847782801 1 108490 R 40.0 69 2 398 410
847983113 1 108515 R 196.0 69 3 524 411
850773491 1 108873 R 191.0 69 1 753 412
851482173 1 108963 R 93.0 69 2 899 413
851678786 1 108988 R 245.0 69 3 1053 414
854398091 1 109337 R 142.0 70 1 351 415
855169313 1 109435 R 40.0 70 2 447 416
855365648 1 109460 R 196.0 70 3 574 417
858070127 1 109807 R 191.0 70 1 791 418
858817875 1 109902 R 93.0 70 2 942 419
859550589 1 109996 R 245.0 70 3 1164 420
860266954 1 110088 R 191.0 71 1 176 421
860490477 1 110116 R 93.0 71 2 261 422
861757195 1 110278 R 142.0 71 1 397 423
862504972 1 110374 R 40.0 71 2 490 424
862650564 1 110393 R 196.0 71 3 609 425
865452899 1 110752 R 245.0 71 3 1025 426
865633261 1 110775 R 245.0 72 3 151 427
869112413 1 111220 R 142.0 72 1 442 428
869868012 1 111317 R 40.0 72 2 537 429
870040946 1 111339 R 196.0 72 3 660 430
872748316 1 111685 R 142.0 73 1 12 431
876437396 1 112158 R 191.0 72 1 1350 432
877177239 1 112252 R 191.0 73 1 548 433
877901883 1 112345 R 93.0 72 2 1593 434
878121308 1 112373 R 93.0 73 2 725 435
878305962 1 112397 R 245.0 73 3 878 436
880100406 1 112626 R 191.0 74 1 27 437
880840609 1 112721 R 93.0 74 2 177 438
881021319 1 112744 R 245.0 74 3 329 439
883815021 1 113102 R 142.0 74 1 532 440
884523980 1 113193 R 40.0 73 2 1518 441
885279521 1 113289 R 40.0 74 2 719 442
886019972 1 113384 R 196.0 73 3 1809 443
886169151 1 113403 R 196.0 74 3 930 444
887443912 1 113566 R 191.0 75 1 71 445
888223209 1 113666 R 93.0 75 2 227 446
888353108 1 113683 R 245.0 75 3 371 447
891123382 1 114037 R 142.0 75 1 572 448
891839964 1 114129 R 40.0 75 2 662 449
892063651 1 114158 R 196.0 75 3 789 450
894783683 1 114506 R 191.0 76 1 114 451
895508057 1 114599 R 93.0 76 2 263 452
895727896 1 114627 R 245.0 76 3 420 453
898494223 1 114981 R 142.0 76 1 619 454
899218693 1 115074 R 40.0 76 2 710 455
899407157 1 115098 R 196.0 76 3 834 456
902135000 1 115447 R 191.0 77 1 159 457
902347777 1 115474 R 93.0 77 2 243 458
905786740 1 115914 R 245.0 77 3 811 459
909485761 1 116388 R 142.0 77 1 1130 460
910249135 1 116485 R 142.0 78 1 332 461
910934622 1 116573 R 40.0 77 2 1314 462
911666746 1 116667 R 40.0 78 2 512 463
911851641 1 116691 R 196.0 77 3 1530 464
913189780 1 116862 R 191.0 78 1 678 465
913906408 1 116954 R 93.0 78 2 826 466
914098842 1 116978 R 245.0 78 3 978 467
916829268 1 117328 R 196.0 78 3 1273 468
917569208 1 117422 R 142.0 79 1 373 469
917749759 1 117446 R 40.0 79 2 395 470
917926570 1 117468 R 196.0 79 3 517 471
920529380 1 117801 R 191.0 79 1 722 472
921253792 1 117894 R 93.0 79 2 871 473
921411308 1 117914 R 245.0 79 3 1018 474
924146961 1 118264 R 191.0 80 1 289 475
924370486 1 118293 R 93.0 80 2 373 476
927876057 1 118742 R 142.0 80 1 796 477
928569215 1 118830 R 40.0 80 2 883 478
928773636 1 118857 R 196.0 80 3 1009 479
928942105 1 118878 R 142.0 81 1 36 480
931535359 1 119210 R 191.0 81 1 338 481
931715885 1 119233 R 93.0 81 2 418 482
935173551 1 119676 R 40.0 81 2 833 483
938873040 1 120149 R 191.0 82 1 382 484
939589963 1 120241 R 245.0 80 3 4249 485
940353434 1 120339 R 245.0 81 3 1651 486
941038608 1 120427 R 93.0 82 2 716 487
941246667 1 120453 R 245.0 82 3 870 488
942512320 1 120615 R 142.0 82 1 877 489
942685358 1 120637 R 196.0 81 3 1894 490
942885157 1 120663 R 40.0 82 2 923 491
943066174 1 120686 R 196.0 82 3 1045 492
943242425 1 120709 R 142.0 83 1 75 493
946177463 1 121084 R 191.0 83 1 420 494
946933174 1 121181 R 93.0 83 2 574 495
947106043 1 121203 R 245.0 83 3 723 496
949887848 1 121559 R 142.0 84 1 29 497
950581377 1 121648 R 40.0 83 2 1013 498
951321573 1 121743 R 196.0 83 3 1206 499
952045778 1 121835 R 40.0 84 2 304 500
952265616 1 121864 R 196.0 84 3 432 501
953544415 1 122027 R 191.0 84 1 467 502
954276645 1 122121 R 93.0 84 2 617 503
954492517 1 122149 R 245.0 84 3 774 504
957204708 1 122496 R 191.0 85 1 40 505
957944982 1 122591 R 93.0 85 2 191 506
958156911 1 122618 R 245.0 85 3 347 507
960875441 1 122966 R 142.0 85 1 540 508
961638896 1 123063 R 40.0 85 2 637 509
961776691 1 123081 R 196.0 85 3 752 510
964582840 1 123440 R 142.0 86 1 118 511
964771175 1 123464 R 40.0 86 2 141 512
968251916 1 123910 R 191.0 86 1 558 513
968945107 1 123999 R 93.0 86 2 703 514
969117971 1 124021 R 245.0 86 3 854 515
971912673 1 124378 R 142.0 87 1 161 516
972104978 1 124403 R 40.0 87 2 183 517
975556356 1 124845 R 191.0 87 1 597 518
976288610 1 124939 R 93.0 87 2 747 519
976504479 1 124966 R 245.0 87 3 902 520
979269888 1 125320 R 142.0 88 1 206 521
979994231 1 125413 R 40.0 88 2 297 522
980703476 1 125504 R 196.0 86 3 2281 523
981459180 1 125600 R 196.0 87 3 1480 524
981631796 1 125622 R 196.0 88 3 606 525
982888167 1 125783 R 191.0 88 1 639 526
983628208 1 125878 R 93.0 88 2 791 527
983840177 1 125905 R 245.0 88 3 946 528
986601705 1 126259 R 142.0 89 1 249 529
987333866 1 126352 R 40.0 89 2 342 530
987487264 1 126372 R 196.0 89 3 459 531
990262934 1 126727 R 191.0 89 1 687 532
990979523 1 126819 R 93.0 89 2 835 533
991203284 1 126848 R 245.0 89 3 993 534
993933468 1 127197 R 142.0 90 1 291 535
994137426 1 127223 R 40.0 90 2 315 536
997576377 1 127663 R 196.0 90 3 855 537
1001242719 1 128133 R 191.0 90 1 1197 538
1002029496 1 128233 R 191.0 91 1 402 539
1002738474 1 128324 R 93.0 90 2 1444 540
1003493983 1 128421 R 93.0 91 2 645 541
1003635873 1 128439 R 245.0 90 3 1687 542
1004943346 1 128606 R 142.0 91 1 805 543
1008589218 1 129073 R 142.0 92 1 375 544
1009345020 1 129170 R 40.0 91 2 1367 545
1010084960 1 129264 R 40.0 92 2 565 546
1010809766 1 129357 R 196.0 91 3 1652 547
1010998007 1 129381 R 196.0 92 3 783 548
1012274093 1 129545 R 245.0 91 3 1897 549
1013014010 1 129639 R 191.0 92 1 912 550
1013738580 1 129732 R 93.0 92 2 1060 551
1014510053 1 129831 R 245.0 92 3 1304 552
1014674915 1 129852 R 191.0 93 1 228 553
1015936635 1 130013 R 142.0 93 1 420 554
1016700041 1 130111 R 40.0 93 2 515 555
1016869070 1 130133 R 196.0 93 3 636 556
1019597779 1 130482 R 93.0 93 2 914 557
1019798233 1 130508 R 245.0 93 3 1069 558
1019978660 1 130531 R 245.0 94 3 196 559
1020155215 1 130553 R 191.0 94 1 34 560
1023284044 1 130954 R 142.0 94 1 464 561
1024055263 1 131053 R 40.0 94 2 562 562
1024220385 1 131074 R 196.0 94 3 682 563
1026940452 1 131422 R 142.0 95 1 36 564
1027688556 1 131518 R 196.0 95 3 229 565
1027865173 1 131540 R 40.0 95 2 153 566
1030668326 1 131899 R 191.0 95 1 483 567
1031369441 1 131989 R 93.0 94 2 1525 568
1032117252 1 132085 R 93.0 95 2 726 569
1032262763 1 132103 R 245.0 95 3 871 570
1034318880 1 132366 R 191.0 96 1 55 571
1035063935 1 132462 R 93.0 96 2 206 572
1035201760 1 132479 R 245.0 96 3 352 573
1037998384 1 132837 R 142.0 96 1 556 574
1038691527 1 132926 R 40.0 96 2 643 575
1038895715 1 132952 R 196.0 96 3 767 576
1041662829 1 133306 R 142.0 97 1 129 577
1042395018 1 133400 R 40.0 97 2 220 578
1042579637 1 133424 R 196.0 97 3 343 579
1045350429 1 133778 R 191.0 97 1 571 580
1046059180 1 133869 R 93.0 97 2 718 581
1046255520 1 133894 R 245.0 97 3 870 582
1049025834 1 134249 R 142.0 98 1 175 583
1049703342 1 134336 R 40.0 98 2 261 584
1049884084 1 134359 R 196.0 98 3 382 585
1052647035 1 134712 R 191.0 98 1 609 586
1053394870 1 134808 R 93.0 98 2 760 587
1053602927 1 134835 R 245.0 98 3 915 588
1056369342 1 135189 R 142.0 99 1 219 589
1057085969 1 135281 R 40.0 99 2 309 590
1057278389 1 135305 R 196.0 99 3 432 591
1060002283 1 135654 R 191.0 99 1 654 592
1060757939 1 135751 R 93.0 99 2 808 593
1060930810 1 135773 R 245.0 99 3 957 594
1063709180 1 136128 R 142.0 100 1 263 595
1064433557 1 136221 R 40.0 100 2 353 596
1064590831 1 136241 R 196.0 100 3 472 597
1067369401 1 136597 R 191.0 100 1 701 598
1068101654 1 136691 R 93.0 100 2 852 599
1068255022 1 136710 R 245.0 100 3 998 600
1070997985 1 137061 R 142.0 101 1 300 601
1071221485 1 137090 R 40.0 101 2 326 602
1074715132 1 137537 R 196.0 101 3 873 603
1078372724 1 138005 R 191.0 101 1 1213 604
1079112625 1 138100 R 191.0 102 1 412 605
1079837148 1 138193 R 93.0 101 2 1457 606
1080545833 1 138283 R 93.0 102 2 653 607
1080773695 1 138313 R 245.0 101 3 3056 608
1082047890 1 138476 R 142.0 102 1 818 609
1082756675 1 138566 R 40.0 102 2 907 610
1082953282 1 138592 R 196.0 102 3 1032 611
1083145158 1 138616 R 142.0 103 1 62 612
1085696665 1 138943 R 245.0 102 3 1439 613
1085896625 1 138968 R 191.0 103 1 384 614
1086077148 1 138991 R 93.0 103 2 464 615
1089392264 1 139416 R 40.0 103 2 861 616
1093050770 1 139884 R 191.0 104 1 404 617
1093776031 1 139977 R 93.0 104 2 553 618
1094516490 1 140072 R 245.0 103 3 2170 619
1094728133 1 140099 R 245.0 104 3 803 620
1096745091 1 140357 R 93.0 105 2 37 621
1100396629 1 140824 R 142.0 104 1 1375 622
1101105300 1 140915 R 142.0 105 1 569 623
1101861099 1 141012 R 40.0 104 2 1560 624
1102601041 1 141106 R 40.0 105 2 760 625
1103325846 1 141199 R 196.0 103 3 2742 626
1104070393 1 141295 R 191.0 105 1 919 627
1104771350 1 141384 R 191.0 106 1 112 628
1105519254 1 141480 R 93.0 106 2 264 629
1105696208 1 141503 R 245.0 105 3 1429 630
1105884445 1 141527 R 245.0 106 3 439 631
1107768438 1 141768 R 196.0 104 3 2416 632
1108461679 1 141857 R 196.0 105 3 1609 633
1108665538 1 141883 R 142.0 106 1 641 634
1108834343 1 141904 R 40.0 106 2 661 635
1109046377 1 141931 R 196.0 106 3 788 636
1111430501 1 142237 R 142.0 107 1 99 637
1112147303 1 142328 R 40.0 107 2 189 638
1112308522 1 142349 R 196.0 107 3 308 639
1115107564 1 142707 R 191.0 107 1 539 640
1115808561 1 142797 R 93.0 107 2 685 641
1115977491 1 142819 R 245.0 107 3 835 642
1118739083 1 143172 R 142.0 108 1 138 643
1119463430 1 143265 R 40.0 108 2 230 644
1119652054 1 143289 R 196.0 108 3 354 645
1122392438 1 143640 R 191.0 108 1 576 646
1123163755 1 143739 R 93.0 108 2 731 647
1123328808 1 143760 R 245.0 108 3 881 648
1126121652 1 144117 R 142.0 109 1 187 649
1126822556 1 144207 R 40.0 109 2 275 650
1126991619 1 144228 R 196.0 109 3 396 651
1129782820 1 144586 R 191.0 109 1 626 652
1130468167 1 144673 R 93.0 109 2 770 653
1130707505 1 144704 R 245.0 109 3 929 654
1133406598 1 145050 R 142.0 110 1 224 655
1134159262 1 145146 R 40.0 110 2 318 656
1134383011 1 145175 R 196.0 110 3 446 657
1137119490 1 145525 R 191.0 110 1 669 658
1137820491 1 145615 R 93.0 110 2 816 659
1138051988 1 145644 R 245.0 110 3 972 660
1140751046 1 145990 R 142.0 111 1 268 661
1141542837 1 146091 R 40.0 111 2 367 662
1141696206 1 146111 R 196.0 111 3 486 663
1144466939 1 146465 R 191.0 111 1 713 664
1145175750 1 146556 R 93.0 111 2 860 665
1145341014 1 146577 R 245.0 111 3 1010 666
1148142438 1 146936 R 142.0 112 1 318 667
1148882504 1 147031 R 40.0 112 2 412 668
1149031935 1 147050 R 196.0 112 3 531 669
1151794790 1 147403 R 191.0 112 1 755 670
1152542694 1 147499 R 93.0 112 2 907 671
1152719672 1 147522 R 245.0 112 3 1059 672
1155447493 1 147871 R 191.0 113 1 327 673
1156203228 1 147968 R 93.0 113 2 480 674
1156407307 1 147994 R 245.0 113 3 635 675
1159125958 1 148342 R 142.0 113 1 828 676
1159842558 1 148433 R 40.0 113 2 918 677
1160066063 1 148462 R 142.0 114 1 52 678
1160239292 1 148484 R 196.0 113 3 1068 679
1162783184 1 148810 R 191.0 114 1 370 680
1163515441 1 148904 R 93.0 114 2 521 681
1163700025 1 148927 R 245.0 114 3 672 682
1166493762 1 149285 R 40.0 114 2 873 683
1170146261 1 149752 R 191.0 115 1 416 684
1170883294 1 149847 R 93.0 115 2 567 685
1171060169 1 149869 R 245.0 115 3 717 686
1173825703 1 150223 R 142.0 115 1 917 687
1174029973 1 150249 R 196.0 114 3 1938 688
1174198570 1 150271 R 40.0 115 2 964 689
1174348278 1 150290 R 196.0 115 3 1081 690
1174556015 1 150317 R 142.0 116 1 115 691
1174713211 1 150337 R 196.0 116 3 232 692
1177521955 1 150696 R 191.0 116 1 465 693
1178215056 1 150785 R 93.0 116 2 610 694
1178419272 1 150811 R 245.0 116 3 765 695
1181182667 1 151165 R 142.0 117 1 67 696
1181883988 1 151255 R 40.0 116 2 1052 697
1182631742 1 151350 R 40.0 117 2 251 698
1182808581 1 151373 R 196.0 117 3 373 699
1184857660 1 151635 R 191.0 117 1 508 700
1185589906 1 151729 R 93.0 117 2 657 701
1185774462 1 151753 R 245.0 117 3 809 702
1188536128 1 152106 R 142.0 118 1 112 703
1189229272 1 152195 R 40.0 118 2 199 704
1189433459 1 152221 R 196.0 118 3 325 705
1192158162 1 152570 R 191.0 118 1 546 706
1192898227 1 152665 R 93.0 118 2 697 707
1193078905 1 152688 R 245.0 118 3 850 708
1195830400 1 153040 R 191.0 119 1 120 709
1196609532 1 153140 R 93.0 119 2 276 710
1196739433 1 153156 R 245.0 119 3 421 711
1199543091 1 153515 R 142.0 119 1 625 712
1200275257 1 153609 R 40.0 119 2 717 713
1200459944 1 153632 R 196.0 119 3 842 714
1203172379 1 153980 R 142.0 120 1 194 715
1203345051 1 154002 R 40.0 120 2 215 716
1206841298 1 154449 R 191.0 120 1 633 717
1207601840 1 154547 R 93.0 120 2 788 718
1207786458 1 154570 R 245.0 120 3 939 719
1210517801 1 154920 R 142.0 121 1 238 720
1211250055 1 155014 R 40.0 121 2 330 721
1212029512 1 155113 R 196.0 120 3 1427 722
1212159163 1 155130 R 196.0 121 3 546 723
1214232623 1 155395 R 191.0 121 1 684 724
1214910185 1 155482 R 93.0 121 2 827 725
1215090837 1 155505 R 245.0 121 3 978 726
1217855484 1 155859 R 142.0 122 1 281 727
1218579827 1 155952 R 40.0 122 2 372 728
1218799667 1 155980 R 196.0 122 3 501 729
1221576109 1 156335 R 191.0 122 1 727 730
1222292755 1 156427 R 93.0 122 2 875 731
1222485330 1 156452 R 245.0 122 3 1029 732
1225206828 1 156800 R 142.0 123 1 326 733
1225970203 1 156898 R 40.0 123 2 423 734
1226107984 1 156915 R 196.0 123 3 539 735
1228915700 1 157275 R 191.0 123 1 771 736
1229640108 1 157367 R 93.0 123 2 920 737
1230349287 1 157458 R 245.0 123 3 1140 738
1231104845 1 157555 R 191.0 124 1 155 739
1231277607 1 157577 R 245.0 124 3 361 740
1232585468 1 157744 R 142.0 124 1 375 741
1233294216 1 157835 R 40.0 124 2 464 742
1233490563 1 157860 R 196.0 124 3 588 743
1236247409 1 158213 R 93.0 124 2 870 744
1236424212 1 158236 R 245.0 125 3 124 745
1239882098 1 158678 R 142.0 125 1 413 746
1240629879 1 158774 R 40.0 125 2 507 747
1240837966 1 158801 R 196.0 125 3 632 748
1243557789 1 159149 R 191.0 125 1 853 749
1244313619 1 159246 R 93.0 125 2 1006 750
1245053674 1 159340 R 191.0 126 1 149 751
1245203128 1 159360 R 245.0 126 3 353 752
1245410920 1 159386 R 93.0 126 2 250 753
1247237319 1 159620 R 142.0 126 1 458 754
1247992915 1 159717 R 40.0 126 2 553 755
1248165849 1 159739 R 196.0 126 3 675 756
1250892176 1 160088 R 93.0 127 2 56 757
1254604226 1 160563 R 142.0 127 1 505 758
1255336415 1 160657 R 40.0 127 2 598 759
1255489853 1 160676 R 196.0 127 3 716 760
1258245870 1 161029 R 191.0 127 1 941 761
1258993904 1 161125 R 245.0 127 3 1222 762
1259170423 1 161147 R 191.0 128 1 164 763
1259358793 1 161171 R 93.0 128 2 244 764
1259574698 1 161199 R 245.0 128 3 399 765
1261936018 1 161501 R 142.0 128 1 548 766
1262676045 1 161596 R 40.0 128 2 640 767
1262825544 1 161615 R 196.0 128 3 760 768
1265591057 1 161969 R 191.0 129 1 89 769
1266359613 1 162068 R 93.0 129 2 245 770
1266505176 1 162086 R 245.0 129 3 390 771
1269248306 1 162437 R 142.0 129 1 588 772
1270027369 1 162537 R 40.0 129 2 685 773
1270188550 1 162558 R 196.0 129 3 805 774
1272947856 1 162911 R 142.0 130 1 165 775
1273672270 1 163004 R 40.0 130 2 257 776
1273860794 1 163028 R 196.0 130 3 380 777
1276638234 1 163383 R 191.0 130 1 607 778
1277331389 1 163472 R 93.0 130 2 752 779
1277504294 1 163494 R 245.0 130 3 902 780
1280271371 1 163848 R 191.0 131 1 176 781
1281003657 1 163942 R 93.0 131 2 326 782
1281219463 1 163970 R 245.0 131 3 482 783
1283939188 1 164318 R 142.0 131 1 676 784
1284702691 1 164415 R 40.0 131 2 772 785
1284871688 1 164437 R 196.0 131 3 892 786
1287615370 1 164788 R 142.0 132 1 251 787
1288386617 1 164887 R 40.0 132 2 348 788
1288551740 1 164908 R 196.0 132 3 467 789
1291294937 1 165259 R 191.0 132 1 691 790
1292042844 1 165355 R 93.0 132 2 844 791
1292188340 1 165374 R 245.0 132 3 991 792
1294943228 1 165726 R 142.0 133 1 293 793
1295691094 1 165822 R 40.0 133 2 386 794
1295867869 1 165845 R 196.0 133 3 509 795
1298650163 1 166201 R 191.0 133 1 737 796
1299405854 1 166297 R 93.0 133 2 890 797
1299578927 1 166320 R 245.0 133 3 1040 798
1302329690 1 166672 R 142.0 134 1 342 799
1303022846 1 166760 R 40.0 134 2 430 800
1303227031 1 166787 R 196.0 134 3 555 801
1306010296 1 167143 R 191.0 134 1 783 802
1306719081 1 167234 R 93.0 134 2 930 803
1307475073 1 167330 R 245.0 134 3 1155 804
1308215034 1 167425 R 191.0 135 1 169 805
1308364394 1 167444 R 245.0 135 3 373 806
1309665382 1 167611 R 142.0 135 1 385 807
1310397604 1 167704 R 40.0 135 2 478 808
1310582222 1 167728 R 196.0 135 3 600 809
1313344865 1 168082 R 93.0 135 2 883 810
1317028422 1 168553 R 142.0 136 1 431 811
1317705949 1 168640 R 40.0 136 2 516 812
1317886702 1 168663 R 196.0 136 3 639 813
1320662120 1 169018 R 191.0 136 1 866 814
1321418048 1 169115 R 93.0 136 2 1019 815
1322157968 1 169210 R 191.0 137 1 162 816
1322338604 1 169233 R 245.0 137 3 370 817
1322515284 1 169256 R 93.0 137 2 265 818
1324371928 1 169493 R 142.0 137 1 475 819
1325088490 1 169585 R 40.0 137 2 565 820
1325281015 1 169610 R 196.0 137 3 690 821
1327996552 1 169957 R 93.0 138 2 69 822
1328752575 1 170054 R 191.0 138 1 110 823
1328956739 1 170080 R 245.0 138 3 320 824
1331711526 1 170433 R 142.0 138 1 519 825
1332435905 1 170525 R 40.0 138 2 610 826
1332593246 1 170545 R 196.0 138 3 729 827
1335328871 1 170896 R 142.0 139 1 86 828
1336092552 1 170993 R 40.0 139 2 182 829
1336292833 1 171019 R 196.0 139 3 307 830
1339003894 1 171366 R 191.0 139 1 526 831
1339735988 1 171460 R 93.0 139 2 677 832
1339920638 1 171483 R 245.0 139 3 828 833
1342707775 1 171840 R 142.0 140 1 134 834
1343416493 1 171931 R 40.0 140 2 224 835
1343612897 1 171956 R 196.0 140 3 349 836
1346366904 1 172308 R 191.0 140 1 573 837
1347106869 1 172403 R 93.0 140 2 723 838
1347287583 1 172426 R 245.0 140 3 875 839
1350039143 1 172779 R 191.0 141 1 147 840
1350755672 1 172870 R 93.0 141 2 295 841
1350948098 1 172895 R 245.0 141 3 447 842
1353738172 1 173252 R 142.0 141 1 650 843
1354423452 1 173340 R 40.0 141 2 737 844
1354631543 1 173366 R 196.0 141 3 863 845
1357359665 1 173716 R 142.0 142 1 218 846
1358115260 1 173812 R 40.0 142 2 313 847
1358288193 1 173834 R 196.0 142 3 435 848
1361078324 1 174192 R 191.0 142 1 664 849
1361810447 1 174285 R 93.0 142 2 813 850
1361995100 1 174309 R 245.0 142 3 966 851
1364726606 1 174659 R 142.0 143 1 265 852
1365458764 1 174752 R 40.0 143 2 357 853
1365674661 1 174780 R 196.0 143 3 484 854
1368368059 1 175125 R 191.0 143 1 701 855
1369115877 1 175220 R 93.0 143 2 853 856
1369293011 1 175243 R 245.0 143 3 1004 857
1372058398 1 175597 R 142.0 144 1 307 858
1372798328 1 175692 R 40.0 144 2 400 859
1373010328 1 175719 R 196.0 144 3 526 860
1375754564 1 176070 R 191.0 144 1 750 861
1376447687 1 176159 R 93.0 144 2 895 862
1376652139 1 176185 R 245.0 144 3 1049 863
1379433115 1 176541 R 142.0 145 1 355 864
1379617547 1 176565 R 40.0 145 2 378 865
1383052174 1 177004 R 191.0 145 1 788 866
1383823452 1 177103 R 93.0 145 2 943 867
1384579445 1 177200 R 245.0 145 3 1168 868
1385256882 1 177286 R 191.0 146 1 175 869
1385437437 1 177310 R 93.0 146 2 254 870
1386735578 1 177476 R 142.0 146 1 394 871
1387475612 1 177570 R 40.0 146 2 487 872
1388200439 1 177663 R 196.0 145 3 1575 873
1388388622 1 177687 R 196.0 146 3 705 874
1390454445 1 177952 R 245.0 146 3 1025 875
1390607563 1 177971 R 245.0 147 3 149 876
1394124039 1 178421 R 142.0 147 1 444 877
1394824980 1 178511 R 40.0 147 2 531 878
1394993971 1 178533 R 196.0 147 3 653 879
1397788013 1 178890 R 191.0 147 1 883 880
1398528223 1 178985 R 93.0 147 2 1033 881
1398677510 1 179004 R 191.0 148 1 100 882
1398885342 1 179031 R 93.0 148 2 183 883
1401430009 1 179357 R 245.0 148 3 638 884
1405080182 1 179824 R 142.0 148 1 950 885
1405851606 1 179923 R 142.0 149 1 153 886
1406607405 1 180019 R 40.0 148 2 1144 887
1407284841 1 180106 R 40.0 149 2 335 888
1407465766 1 180129 R 196.0 148 3 1354 889
1408793959 1 180299 R 191.0 149 1 499 890
1409533959 1 180394 R 93.0 149 2 651 891
1409714799 1 180417 R 245.0 149 3 801 892
1412482496 1 180771 R 196.0 149 3 1100 893
1413199057 1 180863 R 142.0 150 1 197 894
1413391191 1 180888 R 40.0 150 2 221 895
1413532877 1 180906 R 196.0 150 3 337 896
1416137501 1 181239 R 191.0 150 1 543 897
1416854031 1 181331 R 93.0 150 2 691 898
1417046590 1 181355 R 245.0 150 3 845 899
1419787723 1 181706 R 142.0 151 1 145 900
1420519922 1 181800 R 40.0 151 2 237 901
1420704541 1 181824 R 196.0 151 3 360 902
1423477100 1 182179 R 191.0 151 1 587 903
1424201501 1 182271 R 93.0 151 2 736 904
1424358786 1 182291 R 245.0 151 3 884 905
1427150737 1 182649 R 142.0 152 1 191 906
1427890803 1 182744 R 40.0 152 2 285 907
1428071484 1 182767 R 196.0 152 3 407 908
1430828452 1 183120 R 191.0 152 1 632 909
1431529367 1 183209 R 93.0 152 2 778 910
1431729602 1 183235 R 245.0 152 3 931 911
1434494247 1 183589 R 142.0 153 1 235 912
1435210871 1 183681 R 40.0 153 2 325 913
1435403308 1 183705 R 196.0 153 3 449 914
1438149431 1 184057 R 191.0 153 1 673 915
1438866029 1 184148 R 93.0 153 2 821 916
1439058555 1 184173 R 245.0 153 3 973 917
1441833853 1 184528 R 142.0 154 1 279 918
1442558284 1 184621 R 40.0 154 2 370 919
1442715557 1 184641 R 196.0 154 3 489 920
1445489064 1 184996 R 191.0 154 1 716 921
1446213405 1 185089 R 93.0 154 2 866 922
1446433517 1 185117 R 245.0 154 3 1021 923
1449185196 1 185469 R 142.0 155 1 323 924
1449886158 1 185559 R 40.0 155 2 412 925
1450086415 1 185585 R 196.0 155 3 537 926
1452840383 1 185937 R 191.0 155 1 761 927
1453541285 1 186027 R 93.0 155 2 908 928
1453741803 1 186052 R 245.0 155 3 1061 929
1456485242 1 186404 R 191.0 156 1 332 930
1457256503 1 186502 R 93.0 156 2 488 931
1457452931 1 186528 R 245.0 156 3 641 932
1460179493 1 186877 R 142.0 156 1 835 933
1463848770 1 187346 R 142.0 157 1 408 934
1464565539 1 187438 R 40.0 156 2 1394 935
1465328852 1 187536 R 40.0 157 2 597 936
1466077094 1 187631 R 196.0 156 3 1688 937
1466222429 1 187650 R 196.0 157 3 809 938
1467500995 1 187814 R 191.0 157 1 846 939
1468225406 1 187906 R 93.0 157 2 995 940
1468996877 1 188005 R 191.0 158 1 141 941
1469752788 1 188102 R 245.0 157 3 1366 942
1469925362 1 188124 R 93.0 158 2 316 943
1471215681 1 188289 R 142.0 158 1 455 944
1471908807 1 188378 R 40.0 158 2 542 945
1472081804 1 188400 R 196.0 158 3 664 946
1474833026 1 188752 R 245.0 158 3 1073 947
1475627468 1 188854 R 93.0 159 2 150 948
1475780935 1 188873 R 191.0 159 1 114 949
1475977126 1 188899 R 245.0 159 3 323 950
1478520160 1 189224 R 142.0 159 1 494 951
1479252316 1 189318 R 40.0 159 2 587 952
1479468255 1 189345 R 196.0 159 3 715 953
1482180437 1 189693 R 142.0 160 1 67 954
1482920678 1 189787 R 40.0 160 2 160 955
1483132707 1 189815 R 196.0 160 3 288 956
1485856375 1 190163 R 191.0 160 1 507 957
1486604153 1 190259 R 93.0 160 2 660 958
1486812308 1 190286 R 245.0 160 3 814 959
1489555401 1 190637 R 142.0 161 1 115 960
1490271981 1 190728 R 40.0 161 2 206 961
1490495708 1 190757 R 196.0 161 3 334 962
1493211567 1 191105 R 191.0 161 1 553 963
1493967191 1 191201 R 93.0 161 2 706 964
1494140156 1 191223 R 245.0 161 3 856 965
1496863788 1 191572 R 142.0 162 1 154 966
1497650628 1 191673 R 40.0 162 2 253 967
1497839215 1 191697 R 196.0 162 3 376 968
1500571665 1 192047 R 191.0 162 1 599 969
1501280451 1 192137 R 93.0 162 2 746 970
1501476850 1 192163 R 245.0 162 3 899 971
1504259532 1 192519 R 191.0 163 1 175 972
1504944913 1 192606 R 93.0 163 2 319 973
1505152972 1 192633 R 245.0 163 3 473 974
1507917645 1 192987 R 142.0 163 1 673 975
1508618521 1 193077 R 40.0 163 2 761 976
1508850079 1 193106 R 196.0 163 3 891 977
1511593792 1 193458 R 142.0 164 1 248 978
1511750812 1 193478 R 40.0 164 2 266 979
1515223557 1 193922 R 191.0 164 1 682 980
1515979150 1 194019 R 93.0 164 2 835 981
1516152178 1 194041 R 245.0 164 3 985 982
1518892315 1 194392 R 142.0 165 1 286 983
1519655816 1 194489 R 40.0 165 2 383 984
1520404027 1 194585 R 196.0 164 3 1473 985
1520580513 1 194608 R 196.0 165 3 600 986
1522590502 1 194865 R 191.0 165 1 729 987
1523322687 1 194959 R 93.0 165 2 879 988
1523538798 1 194986 R 245.0 165 3 1035 989
1526245614 1 195333 R 142.0 166 1 331 990
1526441767 1 195358 R 40.0 166 2 354 991
1529922323 1 195804 R 191.0 166 1 772 992
1530662256 1 195898 R 93.0 166 2 923 993
1531387130 1 195991 R 245.0 166 3 1143 994
1532158215 1 196090 R 191.0 167 1 162 995
1532323225 1 196111 R 245.0 167 3 368 996
1533630141 1 196278 R 142.0 167 1 380 997
1534315451 1 196366 R 40.0 167 2 466 998
1535048042 1 196460 R 196.0 166 3 1556 999
1535232574 1 196483 R 196.0 167 3 684 1000
1537246390 1 196741 R 93.0 167 2 870 1001
1537446600 1 196767 R 245.0 168 3 127 1002
1540924567 1 197212 R 191.0 168 1 388 1003
1541112933 1 197236 R 93.0 168 2 468 1004
1544645640 1 197688 R 245.0 169 3 152 1005
1548287294 1 198154 R 142.0 168 1 1360 1006
1549027232 1 198249 R 142.0 169 1 559 1007
1549751749 1 198342 R 40.0 168 2 1546 1008
1550522933 1 198440 R 40.0 169 2 749 1009
1550657042 1 198458 R 196.0 168 3 1761 1010
1551954934 1 198624 R 191.0 169 1 904 1011
1552702989 1 198719 R 93.0 169 2 1057 1012
1553435192 1 198813 R 191.0 170 1 197 1013
1553619587 1 198837 R 93.0 170 2 277 1014
1553784767 1 198858 R 245.0 170 3 428 1015
1555642485 1 199096 R 196.0 169 3 1505 1016
1556390241 1 199191 R 142.0 170 1 606 1017
1556535569 1 199210 R 40.0 170 2 622 1018
1556755412 1 199238 R 196.0 170 3 749 1019
1559307507 1 199565 R 142.0 171 1 83 1020
1560008621 1 199655 R 40.0 171 2 172 1021
1560208896 1 199680 R 196.0 171 3 296 1022
1562992228 1 200037 R 191.0 171 1 525 1023
1563677510 1 200124 R 93.0 171 2 668 1024
1563916816 1 200155 R 245.0 171 3 827 1025
1566623864 1 200501 R 142.0 172 1 124 1026
1567395128 1 200600 R 40.0 172 2 220 1027
1567591500 1 200625 R 196.0 172 3 345 1028
1570328865 1 200976 R 191.0 172 1 568 1029
1571029793 1 201065 R 93.0 172 2 714 1030
1571261371 1 201095 R 245.0 172 3 871 1031
1573982975 1 201443 R 142.0 173 1 170 1032
1574730797 1 201539 R 40.0 173 2 263 1033
1574876382 1 201558 R 196.0 173 3 381 1034
1577676252 1 201916 R 191.0 173 1 612 1035
1578384999 1 202007 R 93.0 173 2 759 1036
1578550120 1 202028 R 245.0 173 3 909 1037
1581332897 1 202384 R 191.0 174 1 184 1038
1582080706 1 202480 R 93.0 174 2 337 1039
1582257548 1 202502 R 245.0 174 3 488 1040
1585009465 1 202855 R 142.0 174 1 685 1041
1585765127 1 202951 R 40.0 174 2 780 1042
1585938090 1 202974 R 196.0 174 3 902 1043
1588642643 1 203320 R 142.0 175 1 254 1044
1589437398 1 203422 R 40.0 175 2 354 1045
1589590769 1 203441 R 196.0 175 3 473 1046
1592328170 1 203792 R 191.0 175 1 696 1047
1593083763 1 203888 R 93.0 175 2 849 1048
1593288132 1 203914 R 245.0 175 3 1004 1049
1596036967 1 204266 R 142.0 176 1 304 1050
1596776995 1 204361 R 40.0 176 2 398 1051
1596926465 1 204380 R 196.0 176 3 516 1052
1599663837 1 204730 R 191.0 176 1 739 1053
1600396010 1 204824 R 93.0 176 2 888 1054
1600580832 1 204848 R 245.0 176 3 1040 1055
1603349214 1 205202 R 142.0 177 1 344 1056
1604065774 1 205294 R 40.0 177 2 434 1057
1604289524 1 205323 R 196.0 177 3 562 1058
1607026924 1 205673 R 191.0 177 1 785 1059
1607766829 1 205768 R 93.0 177 2 936 1060
1608491671 1 205860 R 245.0 177 3 1158 1061
1609262826 1 205959 R 191.0 178 1 175 1062
1609396556 1 205976 R 245.0 178 3 376 1063
1610720032 1 206146 R 142.0 178 1 392 1064
1611444441 1 206238 R 40.0 178 2 483 1065
1611633032 1 206263 R 196.0 178 3 607 1066
1614368629 1 206613 R 196.0 179 3 60 1067
1618053435 1 207084 R 93.0 178 2 1358 1068
1618801251 1 207180 R 191.0 179 1 500 1069
1618946613 1 207199 R 93.0 179 2 576 1070
1619166419 1 207227 R 245.0 179 3 731 1071
1621718471 1 207554 R 93.0 180 2 35 1072
1625356790 1 208019 R 191.0 180 1 443 1073
1625556947 1 208045 R 245.0 180 3 653 1074
1629083417 1 208496 R 142.0 179 1 1846 1075
1629768855 1 208584 R 142.0 180 1 1038 1076
1630500915 1 208678 R 142.0 181 1 236 1077
1631280211 1 208777 R 40.0 179 2 2126 1078
1631981268 1 208867 R 40.0 180 2 1320 1079
1632706146 1 208960 R 191.0 181 1 488 1080
1633490130 1 209060 R 93.0 181 2 644 1081
1633620063 1 209077 R 245.0 181 3 789 1082
1636400219 1 209433 R 40.0 181 2 989 1083
1637132905 1 209526 R 196.0 180 3 2079 1084
1637348665 1 209554 R 196.0 181 3 1210 1085
1637482217 1 209571 R 142.0 182 1 233 1086
1637674420 1 209596 R 40.0 182 2 256 1087
1637878667 1 209622 R 196.0 182 3 382 1088
1640050702 1 209900 R 191.0 182 1 532 1089
1640774978 1 209993 R 93.0 182 2 681 1090
1640994786 1 210021 R 245.0 182 3 838 1091
1643766336 1 210376 R 142.0 183 1 142 1092
1644498486 1 210469 R 40.0 183 2 235 1093
1644683175 1 210493 R 196.0 183 3 357 1094
1647401996 1 210841 R 191.0 183 1 577 1095
1648165362 1 210939 R 93.0 183 2 732 1096
1648303174 1 210956 R 245.0 183 3 879 1097
1651066835 1 211310 R 142.0 184 1 180 1098
1651806834 1 211405 R 40.0 184 2 273 1099
1651987613 1 211428 R 196.0 184 3 397 1100
1654780624 1 211785 R 191.0 184 1 626 1101
1655489373 1 211876 R 93.0 184 2 773 1102
1655685708 1 211901 R 245.0 184 3 925 1103
1658410377 1 212250 R 142.0 185 1 224 1104
1659189405 1 212350 R 40.0 185 2 322 1105
1659319407 1 212366 R 196.0 185 3 438 1106
1662077253 1 212719 R 191.0 185 1 664 1107
1662825062 1 212815 R 93.0 185 2 816 1108
1663033116 1 212842 R 245.0 185 3 970 1109
1665750010 1 213190 R 142.0 186 1 268 1110
1666474352 1 213282 R 40.0 186 2 359 1111
1666694127 1 213310 R 196.0 186 3 486 1112
1669432445 1 213661 R 191.0 186 1 709 1113
1670188134 1 213758 R 93.0 186 2 862 1114
1670361207 1 213780 R 245.0 186 3 1012 1115
1673101301 1 214130 R 142.0 187 1 313 1116
1673864735 1 214228 R 40.0 187 2 409 1117
1674002478 1 214246 R 196.0 187 3 527 1118
1676799389 1 214604 R 191.0 187 1 756 1119
1677531668 1 214698 R 93.0 187 2 907 1120
1677685219 1 214717 R 245.0 187 3 1053 1121
1680479979 1 215075 R 142.0 188 1 361 1122
1681188671 1 215166 R 40.0 188 2 450 1123
1681385047 1 215191 R 196.0 188 3 575 1124
1684131210 1 215542 R 191.0 188 1 798 1125
1684836995 1 215633 R 93.0 188 2 945 1126
1685569676 1 215726 R 245.0 188 3 1168 1127
1686348614 1 215826 R 191.0 189 1 186 1128
1686509568 1 215847 R 93.0 189 2 264 1129
1687776582 1 216009 R 142.0 189 1 399 1130
1688524364 1 216105 R 40.0 189 2 494 1131
1688732493 1 216131 R 196.0 189 3 619 1132
1691471921 1 216482 R 245.0 189 3 1026 1133
1691652447 1 216505 R 245.0 190 3 154 1134
1695131781 1 216950 R 142.0 190 1 445 1135
1695887439 1 217047 R 40.0 190 2 540 1136
1696060373 1 217069 R 196.0 190 3 660 1137
1698809403 1 217421 R 191.0 190 1 885 1138
1699526140 1 217513 R 93.0 190 2 1034 1139
1700289652 1 217611 R 191.0 191 1 179 1140
1700458424 1 217632 R 93.0 191 2 257 1141
1700670386 1 217659 R 245.0 191 3 412 1142
1702498724 1 217893 R 142.0 191 1 492 1143
1703230939 1 217987 R 40.0 191 2 583 1144
1703384311 1 218007 R 196.0 191 3 702 1145
1706175220 1 218364 R 191.0 192 1 36 1146
1706869431 1 218453 R 93.0 192 2 181 1147
1707042366 1 218475 R 245.0 192 3 331 1148
1709830513 1 218832 R 142.0 192 1 534 1149
1710570576 1 218927 R 40.0 192 2 628 1150
1710720007 1 218946 R 196.0 192 3 746 1151
1713471501 1 219298 R 142.0 193 1 104 1152
1714250601 1 219398 R 40.0 193 2 202 1153
1714411813 1 219418 R 196.0 193 3 323 1154
1717152085 1 219769 R 191.0 193 1 545 1155
1717884176 1 219863 R 93.0 193 2 696 1156
1718100079 1 219890 R 245.0 193 3 851 1157
1720842350 1 220241 R 142.0 194 1 152 1158
1721566735 1 220334 R 40.0 194 2 243 1159
1721755320 1 220358 R 196.0 194 3 366 1160
1724483811 1 220707 R 191.0 194 1 588 1161
1725223806 1 220802 R 93.0 194 2 739 1162
1725435766 1 220829 R 245.0 194 3 894 1163
1728187299 1 221181 R 191.0 195 1 166 1164
1728903866 1 221273 R 93.0 195 2 313 1165
1729127543 1 221302 R 245.0 195 3 470 1166
1731833717 1 221648 R 142.0 195 1 662 1167
1732597166 1 221746 R 40.0 195 2 758 1168
1732766213 1 221768 R 196.0 195 3 880 1169
1735509834 1 222119 R 142.0 196 1 237 1170
1735729447 1 222147 R 40.0 196 2 263 1171
1739166882 1 222587 R 191.0 196 1 675 1172
1739953759 1 222688 R 93.0 196 2 833 1173
1740142317 1 222712 R 245.0 196 3 985 1174
1742870982 1 223061 R 142.0 197 1 283 1175
1743571858 1 223151 R 40.0 197 2 372 1176
1744320134 1 223246 R 196.0 196 3 1463 1177
1744496656 1 223269 R 196.0 197 3 588 1178
1746549452 1 223532 R 191.0 197 1 724 1179
1747298242 1 223628 R 93.0 197 2 876 1180
1747447942 1 223647 R 245.0 197 3 1024 1181
1750224217 1 224002 R 142.0 198 1 328 1182
1750917340 1 224091 R 40.0 198 2 415 1183
1751121497 1 224117 R 196.0 198 3 540 1184
1753870462 1 224469 R 191.0 198 1 765 1185
1754587027 1 224561 R 93.0 198 2 914 1186
1755350927 1 224658 R 245.0 198 3 1139 1187
1756098648 1 224754 R 191.0 199 1 154 1188
1756275339 1 224777 R 245.0 199 3 361 1189
1757559917 1 224941 R 142.0 199 1 371 1190
1758292102 1 225035 R 40.0 199 2 463 1191
1758476789 1 225059 R 196.0 199 3 587 1192
1761206041 1 225408 R 93.0 199 2 864 1193
1761402508 1 225433 R 245.0 200 3 122 1194
1764922917 1 225884 R 142.0 200 1 418 1195
1765600417 1 225970 R 40.0 200 2 504 1196
1765781231 1 225994 R 196.0 200 3 626 1197
1768590714 1 226353 R 191.0 200 1 857 1198
1769276226 1 226441 R 93.0 200 2 1001 1199
1770008465 1 226535 R 191.0 201 1 143 1200
1770192976 1 226558 R 245.0 201 3 350 1201
1770420343 1 226587 R 93.0 201 2 252 1202
1772266421 1 226824 R 142.0 201 1 462 1203
1772982987 1 226915 R 40.0 201 2 552 1204
1773175515 1 226940 R 196.0 201 3 675 1205
1775893882 1 227288 R 93.0 202 2 56 1206
1779606057 1 227763 R 142.0 202 1 505 1207
1780330397 1 227856 R 40.0 202 2 596 1208
1780487737 1 227876 R 196.0 202 3 716 1209
1783243509 1 228229 R 191.0 202 1 941 1210
1783432161 1 228253 R 245.0 202 3 1149 1211
1783647571 1 228280 R 191.0 203 1 97 1212
1783781454 1 228298 R 93.0 203 2 170 1213
1786894860 1 228696 R 142.0 203 1 542 1214
1787658283 1 228794 R 40.0 203 2 638 1215
1787858590 1 228819 R 196.0 203 3 763 1216
1790602273 1 229171 R 142.0 204 1 121 1217
1790790572 1 229195 R 40.0 204 2 143 1218
1794273968 1 229641 R 191.0 204 1 561 1219
1794983669 1 229731 R 93.0 204 2 708 1220
1795203547 1 229760 R 245.0 204 3 864 1221
1797939282 1 230110 R 191.0 205 1 134 1222
1798640255 1 230199 R 93.0 205 2 280 1223
1798840532 1 230225 R 245.0 205 3 433 1224
1801603337 1 230579 R 142.0 205 1 633 1225
1802366809 1 230676 R 40.0 205 2 729 1226
1802535835 1 230698 R 196.0 205 3 849 1227
1805255472 1 231046 R 191.0 206 1 174 1228
1806039451 1 231147 R 93.0 206 2 331 1229
1806169389 1 231163 R 245.0 206 3 475 1230
1808950787 1 231519 R 142.0 206 1 677 1231
1809659533 1 231610 R 40.0 206 2 767 1232
1809887124 1 231639 R 196.0 206 3 894 1233
1812599930 1 231986 R 191.0 207 1 218 1234
1813324363 1 232079 R 93.0 207 2 367 1235
1813544110 1 232107 R 245.0 207 3 524 1236
1816278667 1 232457 R 142.0 207 1 719 1237
1817026474 1 232553 R 40.0 207 2 814 1238
1817203394 1 232576 R 196.0 207 3 935 1239
1819951244 1 232927 R 191.0 208 1 263 1240
1820174704 1 232956 R 93.0 208 2 348 1241
1823605878 1 233395 R 245.0 208 3 915 1242
1827336644 1 233873 R 142.0 208 1 1239 1243
1828029642 1 233961 R 142.0 209 1 432 1244
1828769850 1 234056 R 40.0 208 2 1420 1245
1829494098 1 234149 R 40.0 209 2 618 1246
1829714140 1 234177 R 196.0 208 3 1642 1247
1831001141 1 234342 R 191.0 209 1 782 1248
1831709924 1 234432 R 93.0 209 2 929 1249
1832465983 1 234529 R 245.0 209 3 1153 1250
1833205851 1 234624 R 191.0 210 1 168 1251
1833355331 1 234643 R 245.0 210 3 371 1252
1834652744 1 234809 R 196.0 209 3 1376 1253
1835353585 1 234899 R 142.0 210 1 473 1254
1835553671 1 234924 R 40.0 210 2 498 1255
1835734451 1 234948 R 196.0 210 3 619 1256
1838309415 1 235277 R 93.0 210 2 877 1257
1838494030 1 235301 R 245.0 211 3 135 1258
1841973612 1 235746 R 142.0 211 1 424 1259
1842752640 1 235846 R 40.0 211 2 522 1260
1842882643 1 235862 R 196.0 211 3 639 1261
1845674479 1 236220 R 191.0 211 1 868 1262
1846414756 1 236315 R 93.0 211 2 1019 1263
1847139113 1 236407 R 191.0 212 1 160 1264
1847327562 1 236431 R 245.0 212 3 370 1265
1847480769 1 236451 R 93.0 212 2 259 1266
1849313216 1 236686 R 142.0 212 1 468 1267
1850037558 1 236778 R 40.0 212 2 559 1268
1850257393 1 236806 R 196.0 212 3 687 1269
1853008879 1 237159 R 93.0 213 2 71 1270
1853749345 1 237253 R 191.0 213 1 110 1271
1853898761 1 237273 R 245.0 213 3 314 1272
1856664563 1 237627 R 142.0 213 1 513 1273
1857427971 1 237724 R 40.0 213 2 609 1274
1857565744 1 237742 R 196.0 213 3 726 1275
1860321245 1 238095 R 191.0 214 1 55 1276
1861100551 1 238194 R 93.0 214 2 212 1277
1861261827 1 238215 R 245.0 214 3 360 1278
1864043195 1 238571 R 142.0 214 1 561 1279
1864751905 1 238662 R 40.0 214 2 650 1280
1864948309 1 238687 R 196.0 214 3 775 1281
1867692336 1 239038 R 191.0 215 1 102 1282
1868416677 1 239131 R 93.0 215 2 252 1283
1868605331 1 239155 R 245.0 215 3 403 1284
1871339856 1 239505 R 142.0 215 1 599 1285
1872087601 1 239601 R 40.0 215 2 694 1286
1872295691 1 239627 R 196.0 215 3 820 1287
1875021196 1 239976 R 191.0 216 1 144 1288
1875761229 1 240071 R 93.0 216 2 295 1289
1875973149 1 240098 R 245.0 216 3 451 1290
1878695044 1 240446 R 142.0 216 1 645 1291
1879450671 1 240543 R 40.0 216 2 739 1292
1879623581 1 240565 R 196.0 216 3 861 1293
1882390751 1 240920 R 142.0 217 1 222 1294
1883122913 1 241013 R 40.0 217 2 314 1295
1883276279 1 241033 R 196.0 217 3 432 1296
1886068189 1 241390 R 191.0 217 1 662 1297
1886761371 1 241479 R 93.0 217 2 808 1298
1886934250 1 241501 R 245.0 217 3 957 1299
1889722543 1 241858 R 142.0 218 1 264 1300
1890462478 1 241953 R 40.0 218 2 357 1301
1890611974 1 241972 R 196.0 218 3 475 1302
1893372634 1 242325 R 191.0 218 1 701 1303
1894104847 1 242419 R 93.0 218 2 852 1304
1894320958 1 242447 R 245.0 218 3 1007 1305
1897034767 1 242794 R 142.0 219 1 304 1306
1897813795 1 242894 R 40.0 219 2 402 1307
1897975047 1 242914 R 196.0 219 3 522 1308
1900704383 1 243264 R 191.0 219 1 744 1309
1901444420 1 243358 R 93.0 219 2 895 1310
1901656653 1 243386 R 245.0 219 3 1051 1311
1904405619 1 243737 R 142.0 220 1 352 1312
1905129995 1 243830 R 40.0 220 2 442 1313
1905318517 1 243854 R 196.0 220 3 566 1314
1908079142 1 244208 R 191.0 220 1 792 1315
1908795707 1 244299 R 93.0 220 2 941 1316
1909559610 1 244397 R 245.0 220 3 1165 1317
1910244788 1 244485 R 191.0 221 1 173 1318
1910483940 1 244515 R 93.0 221 2 261 1319
1911725687 1 244674 R 142.0 221 1 393 1320
1912489123 1 244772 R 40.0 221 2 489 1321
1912658120 1 244794 R 196.0 221 3 610 1322
1915401623 1 245145 R 196.0 222 3 65 1323
1919099037 1 245618 R 245.0 221 3 1490 1324
1919799846 1 245708 R 191.0 222 1 500 1325
1920031217 1 245738 R 93.0 222 2 587 1326
1920180646 1 245757 R 245.0 222 3 733 1327
1922781501 1 246090 R 142.0 222 1 912 1328
1923474597 1 246178 R 40.0 222 2 999 1329
1924214852 1 246273 R 142.0 223 1 199 1330
1924395454 1 246296 R 196.0 223 3 321 1331
1924572035 1 246319 R 40.0 223 2 243 1332
1926420815 1 246555 R 191.0 223 1 452 1333
1927165698 1 246651 R 93.0 223 2 603 1334
1927365984 1 246676 R 245.0 223 3 757 1335
1930115949 1 247028 R 142.0 224 1 59 1336
1930809314 1 247117 R 40.0 224 2 145 1337
1931013498 1 247143 R 196.0 224 3 271 1338
1933780926 1 247497 R 191.0 224 1 498 1339
1934489677 1 247588 R 93.0 224 2 644 1340
1934686017 1 247613 R 245.0 224 3 798 1341
1937468621 1 247970 R 191.0 225 1 74 1342
1938154104 1 248057 R 93.0 225 2 218 1343
1938362158 1 248084 R 245.0 225 3 372 1344
1941123121 1 248437 R 142.0 225 1 572 1345
1941855363 1 248531 R 40.0 225 2 663 1346
1942039953 1 248555 R 196.0 225 3 787 1347
1944761579 1 248903 R 191.0 226 1 111 1348
1944988913 1 248932 R 93.0 226 2 197 1349
1948486153 1 249380 R 142.0 226 1 618 1350
1949163688 1 249466 R 40.0 226 2 704 1351
1949344433 1 249490 R 196.0 226 3 826 1352
1952158390 1 249850 R 142.0 227 1 192 1353
1952875016 1 249942 R 40.0 227 2 282 1354
1953067418 1 249966 R 196.0 227 3 406 1355
1955786059 1 250314 R 191.0 227 1 626 1356
1956533835 1 250410 R 93.0 227 2 778 1357
1956710709 1 250432 R 245.0 227 3 930 1358
1959498029 1 250789 R 142.0 228 1 235 1359
1960222426 1 250882 R 40.0 228 2 327 1360
1960379706 1 250902 R 196.0 228 3 445 1361
1963172528 1 251260 R 191.0 228 1 676 1362
1963865621 1 251348 R 93.0 228 2 821 1363
1964069837 1 251374 R 245.0 228 3 975 1364
1966786844 1 251722 R 142.0 229 1 272 1365
1967550291 1 251820 R 40.0 229 2 368 1366
1967750588 1 251846 R 196.0 229 3 493 1367
1970508253 1 252199 R 191.0 229 1 719 1368
1971241387 1 252292 R 93.0 229 2 869 1369
1971406747 1 252314 R 245.0 229 3 1018 1370
1974165472 1 252667 R 142.0 230 1 321 1371
1974874259 1 252757 R 40.0 230 2 410 1372
1975070663 1 252783 R 196.0 230 3 535 1373
1977797955 1 253132 R 191.0 230 1 756 1374
1978545773 1 253227 R 93.0 230 2 908 1375
1978722909 1 253250 R 245.0 230 3 1058 1376
1981513196 1 253607 R 191.0 231 1 335 1377
1981709336 1 253632 R 93.0 231 2 417 1378
1985195936 1 254079 R 142.0 231 1 837 1379
1985881212 1 254166 R 40.0 231 2 924 1380
1986613609 1 254260 R 142.0 232 1 122 1381
1986798342 1 254284 R 196.0 231 3 1140 1382
1987025531 1 254313 R 40.0 232 2 174 1383
1988835223 1 254544 R 191.0 232 1 377 1384
1989583034 1 254640 R 93.0 232 2 528 1385
1990315618 1 254734 R 245.0 231 3 2118 1386
1990500018 1 254758 R 245.0 232 3 774 1387
1992540632 1 255019 R 245.0 233 3 140 1388
1996170603 1 255483 R 142.0 233 1 450 1389
1996918440 1 255579 R 40.0 233 2 543 1390
1997651037 1 255673 R 196.0 232 3 1632 1391
1997866655 1 255700 R 196.0 233 3 766 1392
1999826567 1 255951 R 191.0 233 1 888 1393
2000613681 1 256052 R 93.0 233 2 1044 1394
2001322359 1 256143 R 191.0 234 1 183 1395
2001518506 1 256168 R 93.0 234 2 265 1396
2001711038 1 256193 R 245.0 234 3 417 1397
2003516117 1 256424 R 142.0 234 1 494 1398
2004256088 1 256518 R 40.0 234 2 588 1399
2004468085 1 256545 R 196.0 234 3 713 1400
2007219336 1 256898 R 142.0 235 1 72 1401
2007403799 1 256921 R 40.0 235 2 94 1402
2010895001 1 257368 R 191.0 235 1 512 1403
2011619369 1 257461 R 93.0 235 2 661 1404
2011776677 1 257481 R 245.0 235 3 810 1405
2014512378 1 257831 R 191.0 236 1 79 1406
2015276016 1 257929 R 93.0 236 2 233 1407
2015476298 1 257954 R 245.0 236 3 388 1408
2018193305 1 258302 R 142.0 236 1 580 1409
2018933369 1 258397 R 40.0 236 2 673 1410
2019658107 1 258490 R 196.0 235 3 1762 1411
2019846348 1 258514 R 196.0 236 3 889 1412
2021891276 1 258776 R 191.0 237 1 128 1413
2022599963 1 258866 R 93.0 237 2 275 1414
2022796366 1 258891 R 245.0 237 3 428 1415
2025569039 1 259246 R 142.0 237 1 629 1416
2029250408 1 259718 R 191.0 238 1 174 1417
2029419148 1 259739 R 93.0 238 2 252 1418
2032897400 1 260184 R 245.0 238 3 1134 1419
2036587014 1 260657 R 191.0 239 1 217 1420
2037287959 1 260746 R 93.0 239 2 363 1421
2037488327 1 260772 R 245.0 239 3 516 1422
2040213281 1 261121 R 142.0 238 1 1607 1423
2040953252 1 261216 R 142.0 239 1 806 1424
2041677806 1 261308 R 40.0 237 2 2689 1425
2042449201 1 261407 R 40.0 238 2 1891 1426
2043204872 1 261504 R 40.0 239 2 1092 1427
2043903211 1 261593 R 191.0 240 1 257 1428
2044674455 1 261692 R 93.0 240 2 412 1429
2044808395 1 261709 R 245.0 240 3 558 1430
2047553657 1 262060 R 142.0 240 1 755 1431
2048340886 1 262161 R 196.0 237 3 3641 1432
2049049715 1 262252 R 196.0 238 3 2836 1433
2049805518 1 262349 R 196.0 239 3 2037 1434
2049946909 1 262367 R 40.0 240 2 1060 1435
2051245454 1 262533 R 142.0 241 1 331 1436
2051453674 1 262560 R 196.0 240 3 1353 1437
2051610485 1 262580 R 40.0 241 2 376 1438
2051795138 1 262603 R 196.0 241 3 500 1439
2054933667 1 263005 R 191.0 241 1 773 1440
2055643296 1 263096 R 93.0 241 2 920 1441
2056415011 1 263195 R 245.0 241 3 1148 1442
2057108027 1 263283 R 191.0 242 1 156 1443
2057280864 1 263305 R 245.0 242 3 362 1444
2058608498 1 263475 R 142.0 242 1 378 1445
2059348498 1 263570 R 40.0 242 2 471 1446
2059529212 1 263593 R 196.0 242 3 593 1447
2062250603 1 263942 R 93.0 242 2 871 1448
2062427440 1 263964 R 245.0 243 3 124 1449
2065951990 1 264415 R 142.0 243 1 422 1450
2066668565 1 264507 R 40.0 243 2 512 1451
2066860999 1 264532 R 196.0 243 3 636 1452
2069623510 1 264885 R 191.0 243 1 862 1453
2070316876 1 264974 R 93.0 243 2 1007 1454
2071056831 1 265069 R 191.0 244 1 149 1455
2071268713 1 265096 R 245.0 244 3 361 1456
2071414146 1 265115 R 93.0 244 2 252 1457
2073291570 1 265355 R 142.0 244 1 465 1458
2074016010 1 265448 R 40.0 244 2 556 1459
2074173253 1 265468 R 196.0 244 3 676 1460
2076957914 1 265824 R 93.0 245 2 64 1461
2077713933 1 265921 R 191.0 245 1 105 1462
2077886853 1 265943 R 245.0 245 3 312 1463
2080642885 1 266296 R 142.0 245 1 510 1464
2081360425 1 266388 R 40.0 245 2 601 1465
2081541168 1 266411 R 196.0 245 3 722 1466
2084262468 1 266759 R 191.0 246 1 47 1467
2085057327 1 266861 R 93.0 246 2 205 1468
2085210792 1 266880 R 245.0 246 3 354 1469
2087963993 1 267233 R 142.0 246 1 551 1470
2088680523 1 267325 R 40.0 246 2 642 1471
2088873027 1 267349 R 196.0 246 3 765 1472
2091632331 1 267702 R 142.0 247 1 125 1473
2092356672 1 267795 R 40.0 247 2 216 1474
2092576517 1 267823 R 196.0 247 3 344 1475
2095328260 1 268176 R 191.0 247 1 568 1476
2096034016 1 268266 R 93.0 247 2 715 1477
2096242170 1 268293 R 245.0 247 3 870 1478
2098983650 1 268643 R 142.0 248 1 170 1479
2099684589 1 268733 R 40.0 248 2 258 1480
2099884834 1 268759 R 196.0 248 3 382 1481
2102641397 1 269112 R 191.0 248 1 608 1482
2103397050 1 269208 R 93.0 248 2 761 1483
2103569988 1 269230 R 245.0 248 3 911 1484
2106299777 1 269580 R 142.0 249 1 210 1485
2107071027 1 269679 R 40.0 249 2 307 1486
2107267398 1 269704 R 196.0 249 3 431 1487
2110008405 1 270055 R 191.0 249 1 655 1488
2110740559 1 270148 R 93.0 249 2 805 1489
2110893931 1 270168 R 245.0 249 3 952 1490
2113658908 1 270522 R 142.0 250 1 256 1491
2114406788 1 270618 R 40.0 250 2 351 1492
2114552349 1 270636 R 196.0 250 3 468 1493
2117340191 1 270993 R 191.0 250 1 697 1494
2118080129 1 271088 R 93.0 250 2 849 1495
2118229626 1 271107 R 245.0 250 3 996 1496
2121014137 1 271463 R 142.0 251 1 302 1497
2121769795 1 271560 R 40.0 251 2 396 1498
2121942729 1 271582 R 196.0 251 3 518 1499
2124652482 1 271929 R 191.0 251 1 737 1500
2125431443 1 272029 R 93.0 251 2 894 1501
2125592895 1 272049 R 245.0 251 3 1043 1502
2128318578 1 272398 R 142.0 252 1 341 1503
2129083027 1 272496 R 40.0 252 2 437 1504
2129279372 1 272521 R 196.0 252 3 561 1505
2132023300 1 272872 R 191.0 252 1 785 1506
2132747643 1 272965 R 93.0 252 2 934 1507
2133519386 1 273064 R 245.0 252 3 1160 1508
2134212321 1 273153 R 191.0 253 1 169 1509
2134416394 1 273179 R 245.0 253 3 379 1510
2135718824 1 273346 R 142.0 253 1 392 1511
2136443167 1 273438 R 40.0 253 2 482 1512
2136600442 1 273458 R 196.0 253 3 603 1513
2139386229 1 273815 R 93.0 253 2 887 1514
2139531813 1 273834 R 245.0 254 3 138 1515
2143007610 1 274278 R 142.0 254 1 429 1516
2143771049 1 274376 R 40.0 254 2 524 1517
2143971288 1 274402 R 196.0 254 3 649 1518
2146726916 1 274755 R 191.0 254 1 875 1519
2150358099 1 275219 R 191.0 255 1 444 1520
2151098315 1 275314 R 93.0 254 2 1491 1521
2151822559 1 275407 R 93.0 255 2 688 1522
2152011119 1 275431 R 245.0 255 3 839 1523
2154074950 1 275695 R 93.0 256 2 80 1524
2154204882 1 275712 R 191.0 256 1 40 1525
2157728972 1 276163 R 142.0 255 1 1417 1526
2158437696 1 276254 R 142.0 256 1 612 1527
2159193472 1 276350 R 40.0 255 2 1604 1528
2159933430 1 276445 R 40.0 256 2 801 1529
2160083107 1 276464 R 196.0 255 3 1816 1530
2161369707 1 276629 R 191.0 257 1 61 1531
2162094322 1 276722 R 93.0 257 2 210 1532
2162865978 1 276820 R 245.0 256 3 1491 1533
2163030804 1 276841 R 245.0 257 3 458 1534
2165037390 1 277098 R 196.0 256 3 1554 1535
2165816387 1 277198 R 142.0 257 1 660 1536
2165977310 1 277219 R 40.0 257 2 679 1537
2166150243 1 277241 R 196.0 257 3 801 1538
2168750625 1 277574 R 191.0 258 1 110 1539
2169435899 1 277661 R 93.0 258 2 254 1540
2169675291 1 277692 R 245.0 258 3 413 1541
2172405068 1 278041 R 142.0 258 1 608 1542
2173137290 1 278135 R 40.0 258 2 699 1543
2173353157 1 278163 R 196.0 258 3 826 1544
2176074619 1 278511 R 191.0 259 1 151 1545
2176830161 1 278608 R 93.0 259 2 304 1546
2176971842 1 278626 R 245.0 259 3 451 1547
2179736855 1 278980 R 142.0 259 1 650 1548
2180505176 1 279078 R 40.0 259 2 746 1549
2180650765 1 279097 R 196.0 259 3 865 1550
2183441418 1 279454 R 142.0 260 1 228 1551
2184134482 1 279543 R 40.0 260 2 315 1552
2184307414 1 279565 R 196.0 260 3 438 1553
2187081557 1 279920 R 191.0 260 1 664 1554
2187813679 1 280014 R 93.0 260 2 814 1555
2187998365 1 280037 R 245.0 260 3 966 1556
2190745859 1 280389 R 142.0 261 1 267 1557
2191477981 1 280483 R 40.0 261 2 360 1558
2191693895 1 280510 R 196.0 261 3 486 1559
2194444567 1 280862 R 191.0 261 1 711 1560
2195184568 1 280957 R 93.0 261 2 861 1561
2195365515 1 280980 R 245.0 261 3 1012 1562
2198116808 1 281332 R 191.0 262 1 285 1563
2198833354 1 281424 R 93.0 262 2 433 1564
2199025800 1 281449 R 245.0 262 3 585 1565
2201748869 1 281797 R 142.0 262 1 780 1566
2202517165 1 281896 R 40.0 262 2 876 1567
2202662789 1 281914 R 196.0 262 3 996 1568
2205453409 1 282272 R 142.0 263 1 358 1569
2206209005 1 282368 R 40.0 263 2 454 1570
2206381940 1 282390 R 196.0 263 3 574 1571
2209093493 1 282737 R 191.0 263 1 794 1572
2209825682 1 282831 R 93.0 263 2 943 1573
2210605233 1 282931 R 245.0 263 3 1171 1574
2211305980 1 283021 R 191.0 264 1 181 1575
2211506032 1 283046 R 93.0 264 2 262 1576
2212757854 1 283207 R 142.0 264 1 397 1577
2213552511 1 283308 R 40.0 264 2 496 1578
2213705881 1 283328 R 196.0 264 3 617 1579
2216452830 1 283679 R 245.0 264 3 1025 1580
2216641099 1 283704 R 245.0 265 3 153 1581
2220152143 1 284153 R 142.0 265 1 447 1582
2220892076 1 284248 R 40.0 265 2 541 1583
2221041571 1 284267 R 196.0 265 3 659 1584
2223819263 1 284622 R 142.0 266 1 21 1585
2227483192 1 285091 R 191.0 265 1 1356 1586
2228230941 1 285187 R 191.0 266 1 555 1587
2228963300 1 285281 R 93.0 265 2 1601 1588
2229147672 1 285304 R 93.0 266 2 729 1589
2229312823 1 285326 R 245.0 266 3 878 1590
2231115014 1 285556 R 191.0 267 1 28 1591
2231315240 1 285582 R 93.0 267 2 111 1592
2234829327 1 286032 R 142.0 267 1 534 1593
2235569568 1 286126 R 40.0 266 2 1523 1594
2236293848 1 286219 R 40.0 267 2 720 1595
2237002997 1 286310 R 196.0 266 3 1806 1596
2237199155 1 286335 R 196.0 267 3 936 1597
2238464425 1 286497 R 191.0 268 1 73 1598
2239248499 1 286597 R 93.0 268 2 230 1599
2239949929 1 286687 R 245.0 267 3 1514 1600
2240118573 1 286709 R 245.0 268 3 470 1601
2242184577 1 286973 R 142.0 268 1 579 1602
2242894333 1 287064 R 40.0 268 2 668 1603
2243051614 1 287084 R 196.0 268 3 789 1604
2245799232 1 287436 R 191.0 269 1 116 1605
2246551957 1 287532 R 93.0 269 2 268 1606
2246775642 1 287561 R 245.0 269 3 426 1607
2249521283 1 287912 R 142.0 269 1 622 1608
2250222237 1 288002 R 40.0 269 2 711 1609
2250422518 1 288028 R 196.0 269 3 835 1610
2253166139 1 288379 R 142.0 270 1 193 1611
2253937455 1 288478 R 40.0 270 2 290 1612
2254071258 1 288495 R 196.0 270 3 406 1613
2256814948 1 288846 R 191.0 270 1 630 1614
2257601890 1 288947 R 93.0 270 2 787 1615
2257790382 1 288971 R 245.0 270 3 939 1616
2260525269 1 289321 R 142.0 271 1 239 1617
2261273118 1 289416 R 40.0 271 2 333 1618
2261418710 1 289435 R 196.0 271 3 451 1619
2264197516 1 289791 R 191.0 271 1 679 1620
2264898519 1 289881 R 93.0 271 2 825 1621
2265130018 1 289910 R 245.0 271 3 982 1622
2267880531 1 290262 R 142.0 272 1 284 1623
2268573658 1 290351 R 40.0 272 2 371 1624
2268746562 1 290373 R 196.0 272 3 493 1625
2271544964 1 290731 R 191.0 272 1 723 1626
2272253777 1 290822 R 93.0 272 2 871 1627
2272419043 1 290843 R 245.0 272 3 1020 1628
2275201624 1 291199 R 191.0 273 1 296 1629
2275949455 1 291295 R 93.0 273 2 447 1630
2276126201 1 291318 R 245.0 273 3 598 1631
2278856245 1 291667 R 142.0 273 1 793 1632
2279588394 1 291761 R 40.0 273 2 885 1633
2279804539 1 291788 R 196.0 273 3 1014 1634
2280000415 1 291814 R 142.0 274 1 44 1635
2282525522 1 292137 R 191.0 274 1 337 1636
2282721664 1 292162 R 93.0 274 2 419 1637
2286208423 1 292608 R 40.0 274 2 837 1638
2289910141 1 293082 R 191.0 275 1 386 1639
2290595356 1 293170 R 93.0 275 2 530 1640
2290803480 1 293196 R 245.0 275 3 685 1641
2293562817 1 293550 R 142.0 275 1 884 1642
2293747501 1 293573 R 196.0 274 3 1900 1643
2293912189 1 293594 R 40.0 275 2 928 1644
2294136158 1 293623 R 196.0 275 3 1056 1645
2294308548 1 293645 R 142.0 276 1 83 1646
2297202842 1 294015 R 191.0 276 1 424 1647
2297947654 1 294111 R 93.0 276 2 575 1648
2298147965 1 294136 R 245.0 276 3 729 1649
2300923623 1 294492 R 142.0 277 1 34 1650
2301632854 1 294582 R 40.0 276 2 1019 1651
2302388676 1 294679 R 196.0 276 3 1215 1652
2303128487 1 294774 R 40.0 277 2 314 1653
2303277964 1 294793 R 196.0 277 3 432 1654
2304562911 1 294958 R 191.0 277 1 470 1655
2305334130 1 295056 R 93.0 277 2 624 1656
2305468002 1 295073 R 245.0 277 3 770 1657
2308250537 1 295430 R 191.0 278 1 46 1658
2308998540 1 295525 R 93.0 278 2 199 1659
2309144183 1 295544 R 245.0 278 3 344 1660
2311903486 1 295897 R 142.0 278 1 543 1661
2312620016 1 295989 R 40.0 278 2 634 1662
2312843789 1 296018 R 196.0 278 3 762 1663
2315603031 1 296371 R 142.0 279 1 121 1664
2315783555 1 296394 R 40.0 279 2 142 1665
2319277297 1 296841 R 191.0 279 1 561 1666
2319970329 1 296930 R 93.0 279 2 706 1667
2320143263 1 296952 R 245.0 279 3 856 1668
2322940707 1 297310 R 142.0 280 1 164 1669
2323657242 1 297402 R 40.0 280 2 254 1670
2324421114 1 297499 R 196.0 279 3 1348 1671
2324589886 1 297521 R 196.0 280 3 472 1672
2326581706 1 297776 R 191.0 280 1 600 1673
2327346061 1 297874 R 93.0 280 2 755 1674
2327542491 1 297899 R 245.0 280 3 907 1675
2330270541 1 298248 R 142.0 281 1 206 1676
2330979263 1 298339 R 40.0 281 2 295 1677
2331206949 1 298368 R 196.0 281 3 424 1678
2333933993 1 298717 R 191.0 281 1 645 1679
2334681724 1 298813 R 93.0 281 2 798 1680
2334827347 1 298831 R 245.0 281 3 944 1681
2337598430 1 299186 R 142.0 282 1 248 1682
2338339425 1 299281 R 40.0 282 2 342 1683
2338527964 1 299305 R 196.0 282 3 465 1684
2341289197 1 299659 R 191.0 282 1 691 1685
2342044794 1 299755 R 93.0 282 2 843 1686
2342217693 1 299777 R 245.0 282 3 994 1687
2344935130 1 300125 R 142.0 283 1 291 1688
2345698564 1 300223 R 40.0 283 2 388 1689
2345867623 1 300245 R 196.0 283 3 508 1690
2348593647 1 300593 R 191.0 283 1 730 1691
2349388302 1 300695 R 93.0 283 2 888 1692
2349541879 1 300715 R 245.0 283 3 1035 1693
2352316698 1 301070 R 191.0 284 1 310 1694
2352458059 1 301088 R 93.0 284 2 385 1695
2355953807 1 301536 R 142.0 284 1 806 1696
2356725031 1 301634 R 40.0 284 2 903 1697
2356890386 1 301655 R 196.0 284 3 1024 1698
2357051074 1 301676 R 142.0 285 1 50 1699
2359626880 1 302006 R 40.0 285 2 379 1700
2363302102 1 302476 R 191.0 285 1 820 1701
2364034262 1 302570 R 93.0 285 2 970 1702
2364751260 1 302662 R 245.0 284 3 2533 1703
2365514632 1 302759 R 191.0 286 1 208 1704
2366262445 1 302855 R 93.0 286 2 360 1705
2366997108 1 302949 R 196.0 285 3 1421 1706
2367690105 1 303038 R 142.0 286 1 516 1707
2367894112 1 303064 R 40.0 286 2 541 1708
2368063154 1 303086 R 196.0 286 3 662 1709
2370661449 1 303418 R 245.0 285 3 1946 1710
2370849890 1 303442 R 245.0 286 3 1074 1711
2374319812 1 303886 R 191.0 287 1 439 1712
2375083220 1 303984 R 93.0 287 2 593 1713
2375252238 1 304006 R 245.0 287 3 743 1714
2377965773 1 304353 R 142.0 287 1 935 1715
2378737099 1 304452 R 142.0 288 1 138 1716
2379492967 1 304549 R 40.0 287 2 1129 1717
2380170665 1 304635 R 196.0 287 3 1315 1718
2380351002 1 304658 R 40.0 288 2 344 1719
2381667184 1 304827 R 191.0 288 1 483 1720
2382375941 1 304918 R 93.0 288 2 631 1721
2382603558 1 304947 R 245.0 288 3 788 1722
2385323658 1 305295 R 191.0 289 1 55 1723
2386071615 1 305391 R 93.0 289 2 207 1724
2386248492 1 305413 R 245.0 289 3 359 1725
2389039377 1 305771 R 196.0 288 3 1556 1726
2389755777 1 305862 R 142.0 289 1 652 1727
2389948017 1 305887 R 40.0 289 2 675 1728
2390089771 1 305905 R 196.0 289 3 792 1729
2392660366 1 306234 R 191.0 290 1 98 1730
2393423914 1 306332 R 93.0 290 2 252 1731
2393592976 1 306353 R 245.0 290 3 403 1732
2396344526 1 306706 R 142.0 290 1 600 1733
2397077726 1 306799 R 40.0 290 2 692 1734
2397242874 1 306821 R 196.0 290 3 812 1735
