using saved target 'z1'
../../../../contiki/tools/sky/serialdump-linux -b115200 /dev/ttyUSB3
connecting to /dev/ttyUSB3 (115200) [OK]
Rime started with address 4.0
MAC 04:00:00:00:00:00:00:00 Ref ID: 4841
Contiki-3.x-2125-g5d67a61 started. Node id is set to 4.

************************************************
RTIMER_SECOND = 32768. F_CPU=8000000.
CLOCK_SECOND=128.
DURSLOT = 6015.(0.1835 s).
DURSLEEP = 66165.
DURCYCLE = 72180 .(2.2027 s).
MAX_CLOCK_DRIFT = WAKEUP_ADVANCE_TIME = 327 (0.0033 s).
PERIODIC_BCAST_CYCLES_SENSOR = 262147.
PERIODIC_BCAST_CYCLES_SINK = 262147.
MAX_CYCLE_COUNTER = 27904.
MAX_COUNT_NO_RTS_CTS = 65535.
MAX_CHILD_NUM = 10.
MAX_TRY_TO_FIND_PARENT = 3.

**********Below is Related Settings**********
PRIMAC_CONF_COMPOWER = 1.
PRIMAC_CONF_COMPOWER_SUPPORT = 1.
SF = 10.
PRI_SYNC_SUPPORT = 1.
RANDOM_DRIFT_IN_COOJA_SUPPORT = 0.
ADCSC_SUPPORT = 1.
DATA_TX_SUPPORT = 1.
CYCLES_PER_PACKET = 3.
DATA_INTERVAL = 1.
RETX_LIMIT = 6.
TOTAL_DATA_NUM = -1.
MAX_DATA_QUEUE_BUFS = 10.
PROC_GRADE_BASED_ON_ADDR_SUPPORT = 1.
NODES_NUM_PER_GRADE = 2.
ADDRESS_FREE_SUPPORT = 0.
IS_COOJA_SIM = 0.
CROSS_PLATFORM_SUPPORT = 1.
************************************************

My address is 4.0.
nullmac PRIMAC, channel check rate 8 Hz, radio channel 26
Starting
Hello, world
 P 0 0 0 2136735
 P 0 0 3452 2210842
 P 0 0 6842 2281095
 P 0 0 10232 2353275
 P 0 0 13622 2425455
 P 0 0 17012 2497635
EMPTY QUEUE
 P 428 0 20411 2572052
PT [2 0 1 -2 1]
 P 428 0 23801 2641995
PT [2 0 2 -2 1]
 P 428 0 27191 2714175
PT [2 0 3 -2 1]
 P 428 0 30581 2786355
PT [2 0 4 -2 1]
 P 3180 0 31219 2858535
PT [2 0 5 -2 1]
EMPTY QUEUE
 P 6092 0 32198 2932024
PT [2 0 6 -2 1]
 P 6092 0 35588 3002895
PT [2 0 7 -2 1]
 P 6092 0 38978 3075075
PT [2 0 8 -2 1]
 P 6092 0 42368 3147255
PT [2 0 9 -2 1]
rcv bro rts
 P 7141 0 42408 3219435
PT [2 0 10 -2 1]
 P 8426 0 42411 3291615
PT [2 0 11 -2 1]
EMPTY QUEUE
 P 9047 0 45810 3365937
PT [2 0 12 -1 1]
 P 9047 0 49200 3435975
PT [2 0 13 -1 1]
 P 9047 0 52590 3508155
PT [2 0 14 -1 1]
 P 10456 0 52599 3580335
PT [2 0 15 -1 1]
 P 11841 0 52602 3652515
PT [2 0 16 -1 1]
EMPTY QUEUE
 P 11852 0 55994 3726412
PT [2 0 17 -1 1]
EMPTY QUEUE
 P 12440 0 59393 3799240
PT [2 0 18 -2 1]
 P 12440 0 62783 3869055
PT [2 0 19 -2 1]
 P 14727 0 62791 3941235
PT [2 0 20 -2 1]
 P 16980 0 62794 4013415
PT [2 0 21 -2 1]
 P 16980 0 66184 4085595
PT [2 0 22 -2 1]
EMPTY QUEUE
 P 17504 0 69583 4160268
PT [2 0 23 -2 1]
 P 17504 0 72973 4229955
PT [2 0 24 -2 1]
 P 18907 0 72982 4302135
PT [2 0 25 -2 1]
 P 19764 0 72985 4374315
PT [2 0 26 -2 1]
 P 19764 0 76375 4446495
PT [2 0 27 -2 1]
EMPTY QUEUE
 P 20288 0 79774 4520848
PT [2 0 28 -2 1]
 P 20288 0 83164 4590855
PT [2 0 29 -2 1]
 P 23019 0 83173 4663035
PT [2 0 30 -2 1]
 P 24574 0 83176 4735215
PT [2 0 31 -2 1]
 P 24574 0 86566 4807395
PT [2 0 32 -2 1]
EMPTY QUEUE
 P 25066 0 89965 4880884
PT [2 0 33 -2 1]
 P 25066 0 93355 4951755
PT [2 0 34 -2 1]
 P 27679 0 93364 5023935
PT [2 0 35 -2 1]
 P 28763 0 93367 5096115
PT [2 0 36 -2 1]
 P 28763 0 96757 5168295
PT [2 0 37 -2 1]
EMPTY QUEUE
 P 29319 0 100156 5242552
PT [2 0 38 -2 1]
 P 29319 0 103546 5312655
PT [2 0 39 -2 1]
 P 32147 0 103554 5384835
PT [2 0 40 -2 1]
 P 33162 0 103558 5457015
PT [2 0 41 -2 1]
 P 33162 0 106948 5529195
PT [2 0 42 -2 1]
EMPTY QUEUE
 P 33718 0 110347 5603644
PT [2 0 43 -2 1]
 P 33718 0 113737 5673555
PT [2 0 44 -2 1]
 P 34579 0 113746 5745735
PT [2 0 45 -2 1]
 P 36651 0 113749 5817915
PT [2 0 46 -2 1]
 P 36651 0 117139 5890095
PT [2 0 47 -2 1]
EMPTY QUEUE
 P 37239 0 120538 5964256
PT [2 0 48 -2 1]
 P 37239 0 123928 6034455
PT [2 0 49 -2 1]
 P 39046 0 123937 6106635
PT [2 0 50 -2 1]
 P 39839 0 123940 6178815
PT [2 0 51 -2 1]
 P 39839 0 127330 6250995
PT [2 0 52 -2 1]
EMPTY QUEUE
 P 40395 0 130729 6324292
PT [2 0 53 -2 1]
 P 40395 0 134119 6395355
PT [2 0 54 -2 1]
 P 42657 0 134127 6467535
PT [2 0 55 -2 1]
 P 43424 0 134130 6539715
PT [2 0 56 -2 1]
 P 43424 0 137520 6611895
PT [2 0 57 -2 1]
EMPTY QUEUE
 P 44012 0 140919 6685928
PT [2 0 58 -2 1]
 P 44012 0 144309 6756255
PT [2 0 59 -2 1]
 P 46744 0 144317 6828435
PT [2 0 60 -2 1]
 P 48686 0 144320 6900615
PT [2 0 61 -2 1]
 P 48686 0 147710 6972795
PT [2 0 62 -2 1]
EMPTY QUEUE
 P 49212 0 151109 7046958
PT [2 0 63 -1 1]
 P 49212 0 154499 7117155
PT [2 0 64 -1 1]
 P 51347 0 154508 7189335
PT [2 0 65 -1 1]
 P 52944 0 154511 7261515
PT [2 0 66 -1 1]
 P 52944 0 157901 7333695
PT [2 0 67 -1 1]
EMPTY QUEUE
 P 53500 0 161300 7407568
PT [2 0 68 -2 1]
 P 53500 0 164690 7478055
PT [2 0 69 -2 1]
 P 54768 0 164698 7550235
PT [2 0 70 -2 1]
 P 57542 0 164701 7622415
PT [2 0 71 -2 1]
 P 57542 0 168091 7694595
PT [2 0 72 -2 1]
EMPTY QUEUE
 P 58163 0 171490 7769749
PT [2 0 73 -2 1]
 P 58163 0 174880 7838955
PT [2 0 74 -2 1]
 P 60777 0 174888 7911135
PT [2 0 75 -2 1]
 P 61867 0 174891 7983315
PT [2 0 76 -2 1]
 P 61867 0 178281 8055495
PT [2 0 77 -2 1]
EMPTY QUEUE
 P 62391 0 181680 8129208
PT [2 0 78 -2 1]
 P 62391 0 185070 8199855
PT [2 0 79 -2 1]
 P 64200 0 185078 8272035
PT [2 0 80 -2 1]
 P 66051 0 185081 8344215
PT [2 0 81 -2 1]
 P 66051 0 188471 8416395
PT [2 0 82 -2 1]
EMPTY QUEUE
 P 66544 0 191870 8490270
PT [2 0 83 -2 1]
 P 66544 0 195260 8560755
PT [2 0 84 -2 1]
 P 68297 0 195268 8632935
PT [2 0 85 -2 1]
 P 69103 0 195271 8705115
PT [2 0 86 -2 1]
 P 69103 0 198661 8777295
PT [2 0 87 -2 1]
EMPTY QUEUE
 P 69691 0 202060 8850944
PT [2 0 88 -2 1]
 P 69691 0 205450 8921655
PT [2 0 89 -2 1]
 P 71309 0 205458 8993835
PT [2 0 90 -2 1]
 P 73417 0 205461 9066015
PT [2 0 91 -2 1]
 P 73417 0 208851 9138195
PT [2 0 92 -2 1]
EMPTY QUEUE
 P 73909 0 212251 9212965
PT [2 0 93 -2 1]
 P 73909 0 215641 9282555
PT [2 0 94 -2 1]
 P 75376 0 215650 9354735
PT [2 0 95 -2 1]
 P 77203 0 215653 9426915
PT [2 0 96 -2 1]
 P 77203 0 219043 9499095
PT [2 0 97 -2 1]
EMPTY QUEUE
 P 77825 0 222441 9572649
PT [2 0 98 -2 1]
 P 77825 0 225831 9643455
PT [2 0 99 -2 1]
 P 79028 0 225839 9715635
PT [2 0 100 -2 1]
 P 81105 0 225842 9787815
PT [2 0 101 -2 1]
 P 81105 0 229232 9859995
PT [2 0 102 -2 1]
EMPTY QUEUE
 P 81693 0 232631 9933708
PT [2 0 103 -2 1]
 P 81693 0 236021 10004355
PT [2 0 104 -2 1]
 P 83891 0 236030 10076535
PT [2 0 105 -2 1]
 P 83891 0 239420 10148715
PT [2 0 106 -2 1]
 P 85164 0 239424 10220895
PT [2 0 107 -2 1]
EMPTY QUEUE
 P 85688 0 242823 10294224
PT [2 0 108 -2 1]
 P 85688 0 246213 10365255
PT [2 0 109 -2 1]
 P 88516 0 246221 10437435
PT [2 0 110 -2 1]
 P 88516 0 249611 10509615
PT [2 0 111 -2 1]
 P 89863 0 249614 10581795
PT [2 0 112 -2 1]
EMPTY QUEUE
 P 90387 0 253013 10656340
PT [2 0 113 -2 1]
 P 90387 0 256403 10726155
PT [2 0 114 -2 1]
 P 91281 0 256411 10798335
PT [2 0 115 -2 1]
 P 91281 0 259801 10870515
PT [2 0 116 -2 1]
 P 93175 0 259804 10942695
PT [2 0 117 -2 1]
EMPTY QUEUE
 P 93667 0 263203 11015864
PT [2 0 118 -2 1]
 P 93667 0 266593 11087055
PT [2 0 119 -2 1]
 P 96368 0 266601 11159235
PT [2 0 120 -2 1]
 P 96368 0 269991 11231415
PT [2 0 121 -2 1]
 P 98800 0 269994 11303595
PT [2 0 122 -2 1]
EMPTY QUEUE
 P 99356 0 273393 11377020
PT [2 0 123 -2 1]
 P 99356 0 276783 11447955
PT [2 0 124 -2 1]
 P 101046 0 276792 11520135
PT [2 0 125 -2 1]
 P 101046 0 280182 11592315
PT [2 0 126 -2 1]
 P 102273 0 280185 11664495
PT [2 0 127 -2 1]
EMPTY QUEUE
 P 102829 0 283584 11737600
PT [2 0 128 -2 1]
 P 102829 0 286974 11808855
PT [2 0 129 -2 1]
 P 104651 72 286993 11883386
PT [2 0 130 -2 1]
 P 106288 288 290416 11955983
PT [2 0 131 -2 1]
 P 107639 288 290419 12025395
PT [2 0 132 -2 1]
 P 108163 360 293820 12098774
PT [2 0 133 -2 1]
 P 109313 504 299803 12174709
PT [2 0 134 -2 1]
 P 111783 576 299821 12244222
PT [2 0 135 -2 1]
 P 112966 720 305803 12318397
PT [2 0 136 -2 1]
 P 114418 720 305806 12386295
PT [2 0 137 -2 1]
 P 114429 720 309198 12460257
PT [2 0 138 -2 1]
 P 114498 720 315160 12535065
PT [2 0 139 -2 1]
 P 116323 720 315176 12604785
PT [2 0 140 -2 1]
 P 117378 792 321156 12679297
PT [2 0 141 -2 1]
 P 119655 792 321159 12747195
PT [2 0 142 -2 1]
 P 119824 792 324554 12821318
PT [2 0 143 -2 1]
 P 119890 792 327946 12893391
PT [2 0 144 -2 1]
 P 121565 792 327962 12965686
PT [2 0 145 -2 1]
 P 123237 864 331378 13038122
PT [2 0 146 -2 1]
 P 125105 936 331399 13108095
PT [2 0 147 -2 1]
 P 125694 936 334797 13182097
PT [2 0 148 -2 1]
 P 128420 1008 334818 13252455
PT [2 0 149 -2 1]
 P 129831 1008 334835 13325753
PT [2 0 150 -2 1]
 P 134618 1435 334876 13396815
PT [2 0 151 -2 1]
 P 136031 1435 334892 13470465
PT [2 0 152 -2 1]
 P 140855 1435 334930 13541175
PT [2 0 153 -2 1]
 P 142239 1435 334948 13614634
PT [2 0 154 -2 1]
 P 147005 1791 334988 13685535
PT [2 0 155 -2 1]
 P 148443 1791 335005 13760307
PT [2 0 156 0 1]
 P 153330 1863 335045 13829895
PT [2 0 157 -2 1]
 P 154280 1863 337625 13905557
PT [2 0 158 -2 1]
 P 156392 1935 337647 13976542
PT [2 0 159 -2 1]
 P 161206 2362 337687 14046435
PT [2 0 160 -2 1]
 P 162661 2362 337704 14120469
PT [2 0 161 -2 1]
 P 167388 2434 337741 14190795
PT [2 0 162 -2 1]
 P 168749 2434 337757 14264061
PT [2 0 163 -2 1]
 P 173351 2789 337796 14335155
PT [2 0 164 -2 1]
 P 174755 2789 337812 14409189
PT [2 0 165 -2 1]
 P 179868 3049 337865 14482009
PT [2 0 166 -2 1]
 P 184745 3121 337905 14551695
PT [2 0 167 -2 1]
 P 186134 3121 337921 14625921
PT [2 0 168 -2 1]
 P 190953 3475 337960 14696055
PT [2 0 169 -2 1]
 P 191856 3475 340542 14771429
PT [2 0 170 -2 1]
 P 193921 3547 340563 14842702
PT [2 0 171 -2 1]
 P 198600 3691 340606 14912595
PT [2 0 172 -2 1]
 P 200069 3691 340623 14986565
PT [2 0 173 -2 1]
 P 204995 3691 340661 15056955
PT [2 0 174 -2 1]
 P 206370 3691 340679 15130158
PT [2 0 175 0 1]
 P 211271 3763 340718 15201315
PT [2 0 176 -2 1]
 P 212649 3763 340735 15275381
PT [2 0 177 -2 1]
 P 217397 3763 340773 15345675
PT [2 0 178 0 1]
 P 218745 3763 340791 15420061
PT [2 0 179 -2 1]
 P 223433 4191 340832 15490035
PT [2 0 180 -2 1]
 P 224933 4191 340849 15564293
PT [2 0 181 -2 1]
 P 229924 4191 340886 15634395
PT [2 0 182 -2 1]
 P 231298 4191 340903 15707853
PT [2 0 183 -2 1]
 P 236198 4546 340942 15778755
PT [2 0 184 -1 1]
 P 237671 4546 340958 15853173
PT [2 0 185 -2 1]
 P 242416 4618 340998 15923115
PT [2 0 186 -2 1]
 P 243860 4618 341014 15997854
PT [2 0 187 -2 1]
 P 248644 4618 341051 16067475
PT [2 0 188 -2 1]
 P 250144 4618 341068 16141989
PT [2 0 189 -2 1]
 P 255231 5044 341109 16211835
PT [2 0 190 -2 1]
 P 256733 5044 341126 16285677
PT [2 0 191 -1 1]
 P 261601 5044 341164 16356195
PT [2 0 192 -2 1]
 P 263073 5044 341181 16430869
PT [2 0 193 -2 1]
 P 267852 5398 341221 16500555
PT [2 0 194 -2 1]
 P 269231 5398 341237 16575485
PT [2 0 195 -2 1]
 P 273887 5470 341276 16644915
PT [2 0 196 -2 1]
 P 275420 5470 341292 16719717
PT [2 0 197 -2 1]
 P 280383 5470 341330 16789275
PT [2 0 198 -2 1]
 P 281887 5470 341346 16863374
PT [2 0 199 -2 1]
 P 286759 5897 341387 16933635
PT [2 0 200 -2 1]
 P 288168 5897 341405 17008501
PT [2 0 201 -2 1]
 P 292919 5897 341443 17077995
PT [2 0 202 -2 1]
 P 294235 5897 341459 17151069
PT [2 0 203 -2 1]
 P 298962 6252 341498 17222355
PT [2 0 204 -1 1]
 P 300399 6252 341514 17297317
PT [2 0 205 -2 1]
 P 305330 6324 341555 17366715
PT [2 0 206 -2 1]
 P 306737 6324 341574 17440973
PT [2 0 207 -1 1]
 P 311611 6396 341613 17511075
PT [2 0 208 -1 1]
 P 313052 6396 341632 17584181
PT [2 0 209 -1 1]
 P 317868 6468 341671 17655435
PT [2 0 210 -1 1]
 P 319184 6468 341688 17728765
PT [2 0 211 -2 1]
 P 323910 6468 341725 17799795
PT [2 0 212 -2 1]
 P 325441 6468 341743 17873061
PT [2 0 213 -1 1]
 P 330376 6822 341783 17944155
PT [2 0 214 -1 1]
 P 331879 6822 341800 18018765
PT [2 0 215 -2 1]
 P 336753 6822 341837 18088515
PT [2 0 216 -1 1]
 P 338226 6822 341855 18161909
PT [2 0 217 -1 1]
Warning: retx limit drop data
 P 343010 6822 341894 18232875
PT [2 0 218 -1 1]
 P 344454 6822 341911 18306590
PT [2 0 219 -1 1]
 P 349150 6894 341952 18377235
PT [2 0 220 -2 1]
 P 350617 6894 341970 18450693
PT [2 0 221 -1 1]
 P 355093 6894 342001 18521595
PT [2 0 222 -1 1]
 P 356532 6894 342017 18595757
PT [2 0 223 -1 1]
 P 361442 7249 342055 18665955
PT [2 0 224 -1 1]
 P 362852 7249 342073 18739925
PT [2 0 225 -1 1]
 P 367640 7321 342111 18810315
PT [2 0 226 0 1]
 P 369019 7321 342128 18883581
PT [2 0 227 -1 1]
 P 373749 7676 342165 18954675
PT [2 0 228 -1 1]
 P 375153 7676 342182 19028709
PT [2 0 229 -1 1]
 P 379660 7676 342216 19099035
PT [2 0 230 -1 1]
 P 381132 7676 342232 19173230
PT [2 0 231 -1 1]
Warning: retx limit drop data
 P 385012 7748 342275 19246002
PT [2 0 232 -1 1]
 P 389906 8386 342314 19315575
PT [2 0 233 -1 1]
 P 391233 8386 342332 19390441
PT [2 0 234 -1 1]
 P 396069 8458 342374 19459935
PT [2 0 235 -1 1]
 P 397401 8458 342391 19534643
PT [2 0 236 0 1]
 P 401956 8458 342427 19604295
PT [2 0 237 -1 1]
 P 403425 8458 342443 19678329
PT [2 0 238 -1 1]
 P 408427 8885 342484 19748655
PT [2 0 239 -1 1]
 P 409865 8885 342501 19823521
PT [2 0 240 -1 1]
 P 414746 8885 342538 19893015
PT [2 0 241 -1 1]
 P 416155 8885 342557 19966153
PT [2 0 242 -1 1]
 P 420978 9240 342597 20037375
PT [2 0 243 -1 1]
 P 422294 9240 342614 20112305
PT [2 0 244 -1 1]
 P 427090 9312 342653 20181735
PT [2 0 245 -1 1]
 P 428527 9312 342670 20255993
PT [2 0 246 -1 1]
 P 435524 9312 342721 20327054
PT [2 0 247 -1 1]
 P 439846 9666 342759 20398275
PT [2 0 248 -1 1]
 P 441331 9666 342777 20471733
PT [2 0 249 -1 1]
 P 446041 9738 342817 20542635
PT [2 0 250 -1 1]
 P 447433 9738 342834 20615837
PT [2 0 251 -1 1]
 P 452021 9738 342870 20686995
PT [2 0 252 -1 1]
 P 453319 9738 342888 20761477
PT [2 0 253 -1 1]
 P 458001 10165 342929 20831355
PT [2 0 254 -1 1]
 P 459438 10165 342945 20904653
PT [2 0 255 -1 1]
 P 464241 10165 342984 20975715
PT [2 0 256 -1 1]
 P 465648 10165 343002 21049333
PT [2 0 257 -1 1]
 P 470392 10520 343041 21120075
PT [2 0 258 -1 1]
 P 471834 10520 343058 21193565
PT [2 0 259 -1 1]
 P 476522 10592 343097 21264435
PT [2 0 260 -1 1]
 P 477838 10592 343115 21339174
PT [2 0 261 -1 1]
 P 482560 10592 343153 21408795
PT [2 0 262 -1 1]
 P 484093 10592 343169 21482445
PT [2 0 263 -1 1]
 P 488896 10947 343207 21553155
PT [2 0 264 -1 1]
 P 490399 10947 343225 21627125
PT [2 0 265 -1 1]
 P 495241 10947 343263 21697515
PT [2 0 266 -1 1]
 P 496683 10947 343279 21771261
PT [2 0 267 -1 1]
 P 501467 11303 343317 21841875
PT [2 0 268 -1 1]
 P 502783 11303 343333 21916869
PT [2 0 269 -1 1]
 P 507571 11375 343372 21986235
PT [2 0 270 -1 1]
 P 509007 11375 343388 22060045
PT [2 0 271 -1 1]
 P 513746 11375 343426 22130595
PT [2 0 272 -1 1]
 P 515185 11375 343442 22204758
PT [2 0 273 -1 1]
 P 519962 11803 343485 22274955
PT [2 0 274 -1 1]
 P 521370 11803 343503 22348925
PT [2 0 275 -1 1]
 P 526025 11803 343541 22419315
PT [2 0 276 -1 1]
 P 527404 11803 343558 22492581
PT [2 0 277 -1 1]
 P 532126 12158 343596 22563675
PT [2 0 278 -1 1]
 P 533531 12158 343613 22637709
PT [2 0 279 -1 1]
 P 538465 12230 343652 22708035
PT [2 0 280 -1 1]
 P 539872 12230 343669 22782421
PT [2 0 281 -1 1]
 P 544619 12586 343708 22852395
PT [2 0 282 -1 1]
 P 545964 12586 343725 22926557
PT [2 0 283 -1 1]
 P 550525 13014 343767 22996755
PT [2 0 284 -1 1]
 P 551969 13014 343784 23070341
PT [2 0 285 -1 1]
 P 556598 13014 343822 23141115
PT [2 0 286 -1 1]
 P 558004 13014 343839 23215406
PT [2 0 287 0 1]
 P 562812 13369 343878 23285475
PT [2 0 288 -1 1]
 P 564315 13369 343895 23360213
PT [2 0 289 -1 1]
 P 568970 13441 343935 23429835
PT [2 0 290 -1 1]
 P 570346 13441 343953 23504285
PT [2 0 291 -1 1]
 P 574942 13513 343993 23574195
PT [2 0 292 -1 1]
 P 576321 13513 344010 23647973
PT [2 0 293 -1 1]
 P 581049 13940 344049 23718555
PT [2 0 294 -1 1]
 P 582517 13940 344068 23793165
PT [2 0 295 -1 1]
 P 587390 13940 344106 23862915
PT [2 0 296 -1 1]
 P 588797 13940 344123 23937813
PT [2 0 297 -1 1]
 P 593548 14367 344164 24007275
PT [2 0 298 -1 1]
 P 594894 14367 344182 24081951
PT [2 0 299 -1 1]
 P 599555 14439 344221 24151635
PT [2 0 300 -1 1]
 P 600999 14439 344238 24225733
PT [2 0 301 -1 1]
 P 605727 14795 344277 24295995
PT [2 0 302 -1 1]
 P 607130 14795 344295 24370797
PT [2 0 303 -1 1]
 P 612068 14867 344335 24440355
PT [2 0 304 -1 1]
 P 613443 14867 344352 24513429
PT [2 0 305 -1 1]
 P 618134 14867 344390 24584715
PT [2 0 306 -1 1]
 P 619479 14867 344407 24659645
PT [2 0 307 -1 1]
 P 624012 15295 344450 24729075
PT [2 0 308 -1 1]
 P 625360 15295 344467 24803333
PT [2 0 309 -1 1]
 P 630055 15295 344507 24873435
PT [2 0 310 -1 1]
 P 631588 15295 344525 24946574
PT [2 0 311 -1 1]
 P 636465 15650 344565 25017795
PT [2 0 312 -1 1]
 P 637969 15650 344581 25091253
PT [2 0 313 -1 1]
 P 642724 15722 344619 25162155
PT [2 0 314 0 1]
 P 644133 15722 344636 25235357
PT [2 0 315 -1 1]
 P 648926 15722 344675 25306515
PT [2 0 316 -1 1]
 P 650273 15722 344693 25381029
PT [2 0 317 -1 1]
 P 654875 16149 344735 25450875
PT [2 0 318 -1 1]
 P 656311 16149 344753 25524173
PT [2 0 319 -1 1]
 P 661093 16149 344792 25595235
PT [2 0 320 -1 1]
 P 662564 16149 344809 25668917
PT [2 0 321 -1 1]
 P 667469 16221 344861 25741993
PT [2 0 322 -1 1]
 P 670023 16365 346100 25813917
PT [2 0 323 -1 1]
 P 672631 16509 350728 25886339
PT [2 0 324 -1 1]
 P 675162 16509 354151 25958021
PT [2 0 325 -1 1]
 P 679858 16509 354188 26028315
PT [2 0 326 -1 1]
Warning: retx limit drop data
 P 681294 16509 354204 26102562
PT [2 0 327 -1 1]
 P 686075 16937 354247 26172675
PT [2 0 328 -1 1]
 P 687513 16937 354265 26246421
PT [2 0 329 -1 1]
 P 690080 17009 357690 26318714
PT [2 0 330 -1 1]
 P 694820 17292 357727 26389215
PT [2 0 331 -1 1]
 P 696211 17292 357745 26462897
PT [2 0 332 -1 1]
 P 700893 17719 357786 26533575
PT [2 0 333 -1 1]
 P 702191 17719 357803 26606745
PT [2 0 334 -1 1]
 P 706848 17719 357839 26677935
PT [2 0 335 -1 1]
 P 708286 17719 357856 26752225
PT [2 0 336 -1 1]
 P 713166 18074 357895 26822295
PT [2 0 337 -1 1]
 P 714541 18074 357911 26897129
PT [2 0 338 -1 1]
 P 719237 18146 357950 26966655
PT [2 0 339 -1 1]
 P 720711 18146 357967 27041682
PT [2 0 340 -1 1]
 P 725348 18146 358005 27111015
PT [2 0 341 -1 1]
 P 726664 18146 358021 27185465
PT [2 0 342 -1 1]
 P 731243 18572 358061 27255375
PT [2 0 343 -1 1]
 P 732775 18572 358079 27328993
PT [2 0 344 -1 1]
 P 736611 18572 360672 27399735
PT [2 0 345 -1 1]
 P 738114 18572 360689 27474505
PT [2 0 346 -1 1]
 P 742904 18927 360728 27544095
PT [2 0 347 -1 1]
 P 744314 18927 360746 27618354
PT [2 0 348 0 1]
 P 749018 18999 360786 27688455
PT [2 0 349 -1 1]
 P 750464 18999 360802 27761818
PT [2 0 350 -1 1]
 P 755076 19071 360840 27832815
PT [2 0 351 -1 1]
 P 756608 19071 360858 27906753
PT [2 0 352 -1 1]
 P 761491 19143 360898 27977175
PT [2 0 353 -1 1]
 P 762441 19143 363479 28053189
PT [2 0 354 -1 1]
 P 764554 19215 363501 28123822
PT [2 0 355 -1 1]
 P 767077 19714 366931 28196322
PT [2 0 356 -1 1]
 P 771752 19714 366969 28265895
PT [2 0 357 -1 1]
 P 773066 19714 366986 28339160
PT [2 0 358 -1 1]
 P 777715 19786 367027 28410255
PT [2 0 359 -1 1]
 P 779151 19786 367047 28483874
PT [2 0 360 -1 1]
 P 784002 20141 367088 28554615
PT [2 0 361 -1 1]
 P 785408 20141 367105 28628040
PT [2 0 362 -1 1]
 P 790202 20213 367144 28698975
PT [2 0 363 -1 1]
 P 791065 20213 367155 28773225
PT [2 0 364 -1 1]
 P 794654 20213 367177 28843335
PT [2 0 365 -1 1]
 P 796097 20213 367194 28918009
PT [2 0 366 -1 1]
 P 800711 20568 367232 28987695
PT [2 0 367 -1 1]
 P 802242 20568 367248 29062273
PT [2 0 368 -1 1]
 P 804812 20995 367285 29134502
PT [2 0 369 -1 1]
 P 808614 21279 369878 29204235
PT [2 0 370 -1 1]
 P 810104 21279 369895 29279005
PT [2 0 371 -1 1]
 P 814313 21633 372498 29348595
PT [2 0 372 -1 1]
 P 815647 21633 372516 29422693
PT [2 0 373 -1 1]
 P 817164 21705 378497 29495241
PT [2 0 374 -1 1]
 P 819651 21777 381922 29567742
PT [2 0 375 -1 1]
 P 824247 22415 381962 29637315
PT [2 0 376 -1 1]
 P 825713 22415 381981 29710645
PT [2 0 377 -1 1]
 P 830503 22487 382021 29781675
PT [2 0 378 -1 1]
 P 831942 22487 382038 29855326
PT [2 0 379 -1 1]
 P 836738 22487 382075 29926035
PT [2 0 380 -1 1]
 P 838081 22487 382093 29999429
PT [2 0 381 -1 1]
 P 842789 22913 382134 30070395
PT [2 0 382 -1 1]
 P 844198 22913 382151 30145228
PT [2 0 383 -1 1]
 P 848817 22985 382190 30214755
PT [2 0 384 -1 1]
 P 850317 22985 382208 30288373
PT [2 0 385 -1 1]
 P 855143 23340 382248 30359115
PT [2 0 386 -1 1]
 P 856527 23340 382264 30433630
PT [2 0 387 -1 1]
 P 859108 23412 382298 30505810
PT [2 0 388 -1 1]
 P 861603 23412 382330 30577796
PT [2 0 389 -1 1]
Warning: retx limit drop data
 P 866328 23412 382367 30647835
PT [2 0 390 -1 1]
 P 867777 23412 382385 30722349
PT [2 0 391 0 1]
 P 872413 23838 382427 30792195
PT [2 0 392 -1 1]
 P 873879 23838 382444 30866196
PT [2 0 393 -1 1]
 P 878767 23838 382483 30936555
PT [2 0 394 -1 1]
 P 880204 23838 382500 31011644
PT [2 0 395 -1 1]
 P 884906 24193 382538 31080915
PT [2 0 396 -1 1]
 P 886313 24193 382555 31154532
PT [2 0 397 -1 1]
 P 891021 24265 382594 31225275
PT [2 0 398 -1 1]
 P 892334 24265 382611 31298892
PT [2 0 399 -1 1]
 P 899178 24265 382664 31370752
PT [2 0 400 -1 1]
 P 903511 24620 382701 31441815
PT [2 0 401 -1 1]
 P 904961 24620 382718 31516136
PT [2 0 402 -1 1]
 P 909818 24692 382757 31586175
PT [2 0 403 -1 1]
 P 911238 24692 382773 31661072
PT [2 0 404 -1 1]
 P 915485 24692 385375 31730535
PT [2 0 405 -1 1]
 P 916811 24692 385392 31804632
PT [2 0 406 -1 1]
 P 921584 25120 385433 31874895
PT [2 0 407 -1 1]
 P 922913 25120 385451 31948833
PT [2 0 408 -1 1]
 P 927405 25120 385488 32019255
PT [2 0 409 -1 1]
 P 928873 25120 385505 32092520
PT [2 0 410 -1 1]
 P 933278 25475 385539 32163615
PT [2 0 411 -1 1]
 P 934652 25475 385555 32237712
PT [2 0 412 -1 1]
 P 939489 25547 385594 32307975
PT [2 0 413 -1 1]
 P 940865 25547 385611 32381912
PT [2 0 414 -1 1]
 P 945025 25547 385643 32452335
PT [2 0 415 -1 1]
 P 946372 25547 385659 32526464
PT [2 0 416 -1 1]
 P 950966 25974 385699 32596695
PT [2 0 417 -1 1]
 P 952498 25974 385716 32670728
PT [2 0 418 -1 1]
 P 957394 25974 385754 32741055
PT [2 0 419 -1 1]
 P 958801 25974 385772 32814288
PT [2 0 420 -1 1]
 P 963479 26329 385813 32885415
PT [2 0 421 -1 1]
 P 964855 26329 385830 32959480
PT [2 0 422 -1 1]
 P 969570 26401 385869 33029775
PT [2 0 423 -1 1]
 P 970949 26401 385886 33104192
PT [2 0 424 -1 1]
 P 975446 26757 385924 33174135
PT [2 0 425 -1 1]
 P 976945 26757 385941 33248392
PT [2 0 426 -1 1]
 P 981842 27184 385982 33318495
PT [2 0 427 -1 1]
 P 983248 27184 385999 33391984
PT [2 0 428 -1 1]
 P 987961 27184 386037 33462855
PT [2 0 429 -1 1]
 P 989369 27184 386054 33537208
PT [2 0 430 -1 1]
 P 994116 27538 386094 33607215
PT [2 0 431 -1 1]
 P 995495 27538 386111 33681888
PT [2 0 432 -1 1]
 P 1000189 27610 386151 33751575
PT [2 0 433 -1 1]
 P 1001623 27610 386169 33826024
PT [2 0 434 -1 1]
 P 1006456 27682 386210 33895935
PT [2 0 435 -1 1]
 P 1007926 27682 386227 33969744
PT [2 0 436 -1 1]
 P 1012639 28109 386268 34040295
PT [2 0 437 -1 1]
 P 1014082 28109 386286 34114938
PT [2 0 438 -1 1]
 P 1018799 28109 386324 34184655
PT [2 0 439 -1 1]
 P 1020243 28109 386341 34259648
PT [2 0 440 -1 1]
 P 1024874 28536 386380 34329015
PT [2 0 441 -1 1]
 P 1026342 28536 386398 34403752
PT [2 0 442 -1 1]
 P 1031244 28608 386439 34473375
PT [2 0 443 -1 1]
 P 1032683 28608 386456 34547408
PT [2 0 444 -1 1]
 P 1037398 28963 386496 34617735
PT [2 0 445 -1 1]
 P 1038807 28963 386514 34692600
PT [2 0 446 -1 1]
 P 1043526 29035 386554 34762095
PT [2 0 447 -1 1]
 P 1044842 29035 386571 34835168
PT [2 0 448 -1 1]
 P 1049472 29035 386609 34906455
PT [2 0 449 -1 1]
 P 1050970 29035 386626 34981480
PT [2 0 450 -1 1]
 P 1055869 29462 386667 35050815
PT [2 0 451 -1 1]
 P 1057339 29462 386684 35125136
PT [2 0 452 -1 1]
 P 1062088 29534 386724 35195175
PT [2 0 453 -1 1]
 P 1063496 29534 386741 35268248
PT [2 0 454 -1 1]
 P 1068219 29534 386778 35339535
PT [2 0 455 -1 1]
 P 1069661 29534 386796 35412992
PT [2 0 456 -1 1]
Warning: retx limit drop data
 P 1074291 29534 386833 35483895
PT [2 0 457 -1 1]
 P 1075694 29534 386850 35557032
PT [2 0 458 -1 1]
 P 1080692 29534 386888 35628255
PT [2 0 459 -1 1]
 P 1082097 29534 386906 35702768
PT [2 0 460 -1 1]
 P 1086812 29961 386948 35772615
PT [2 0 461 -1 1]
 P 1088220 29961 386965 35845944
PT [2 0 462 -1 1]
 P 1092974 29961 387002 35916975
PT [2 0 463 -1 1]
 P 1094354 29961 387020 35990626
PT [2 0 464 -1 1]
 P 1098985 30316 387060 36061335
PT [2 0 465 -1 1]
 P 1100452 30316 387076 36134792
PT [2 0 466 -1 1]
 P 1105386 30388 387116 36205695
PT [2 0 467 -1 1]
 P 1106703 30388 387133 36280144
PT [2 0 468 -1 1]
 P 1109305 30460 387168 36352469
PT [2 0 469 -1 1]
 P 1114081 31098 387207 36422235
PT [2 0 470 -1 1]
 P 1115413 31098 387224 36496620
PT [2 0 471 -1 1]
 P 1120003 31170 387262 36566595
PT [2 0 472 -1 1]
 P 1121435 31170 387280 36640662
PT [2 0 473 -1 1]
 P 1125968 31170 387315 36710955
PT [2 0 474 -1 1]
 P 1127499 31242 387334 36786349
PT [2 0 475 -1 1]
 P 1132308 31669 387375 36855315
PT [2 0 476 -1 1]
 P 1133714 31669 387392 36928900
PT [2 0 477 -1 1]
 P 1138467 31669 387430 36999675
PT [2 0 478 -1 1]
 P 1139875 31669 387447 37073356
PT [2 0 479 -1 1]
 P 1144631 32024 387489 37144035
PT [2 0 480 -1 1]
 P 1146010 32024 387505 37217268
PT [2 0 481 -1 1]
 P 1150677 32096 387544 37288395
PT [2 0 482 -1 1]
 P 1152112 32096 387562 37362684
PT [2 0 483 -1 1]
 P 1156500 32168 390166 37432755
PT [2 0 484 -1 1]
 P 1157874 32168 390184 37506853
PT [2 0 485 -1 1]
 P 1162786 32595 390223 37577115
PT [2 0 486 -1 1]
 P 1164162 32595 390240 37651052
PT [2 0 487 -1 1]
 P 1170817 32667 390295 37722801
PT [2 0 488 -1 1]
 P 1175049 33022 390335 37793655
PT [2 0 489 -1 1]
 P 1176410 33022 390351 37867752
PT [2 0 490 -1 1]
 P 1181000 33450 390392 37938015
PT [2 0 491 -1 1]
 P 1182468 33450 390408 38012432
PT [2 0 492 -1 1]
 P 1187409 33450 390444 38082375
PT [2 0 493 -1 1]
 P 1188783 33450 390461 38156536
PT [2 0 494 -1 1]
 P 1193696 33805 390501 38226735
PT [2 0 495 -1 1]
 P 1195074 33805 390519 38300226
PT [2 0 496 -1 1]
 P 1199802 33877 390558 38371095
PT [2 0 497 -1 1]
 P 1201244 33877 390575 38445512
PT [2 0 498 -1 1]
 P 1205882 33949 390616 38515455
PT [2 0 499 -1 1]
 P 1207414 33949 390632 38590192
PT [2 0 500 -1 1]
 P 1211224 33949 390656 38659815
PT [2 0 501 -1 1]
 P 1212662 33949 390673 38734520
PT [2 0 502 -1 1]
Warning: retx limit drop data
 P 1217485 33949 390712 38804175
PT [2 0 503 0 1]
 P 1218406 33949 393294 38880509
PT [2 0 504 0 1]
 P 1220433 34021 393314 38951173
PT [2 0 505 -1 1]
 P 1223069 34367 393350 39022984
PT [2 0 506 -1 1]
 P 1227716 34439 393389 39092895
PT [2 0 507 -1 1]
 P 1229183 34439 393408 39167344
PT [2 0 508 -1 1]
 P 1233977 34794 393448 39237255
PT [2 0 509 -1 1]
 P 1235359 34794 393464 39311768
PT [2 0 510 -1 1]
 P 1237747 34866 393498 39383948
PT [2 0 511 -1 1]
 P 1240153 35010 393536 39456306
PT [2 0 512 -1 1]
 P 1242643 35082 393570 39528582
PT [2 0 513 -1 1]
 P 1245121 35154 393604 39600520
PT [2 0 514 -1 1]
 P 1247493 35226 393638 39672670
PT [2 0 515 -1 1]
 P 1250013 35298 393673 39744850
PT [2 0 516 -1 1]
 P 1252519 35442 393710 39817334
PT [2 0 517 -1 1]
 P 1255046 35514 393745 39889514
PT [2 0 518 -1 1]
 P 1257528 35586 393780 39961420
PT [2 0 519 -1 1]
 P 1259934 35730 393817 40033600
PT [2 0 520 -1 1]
 P 1262393 35802 393853 40105781
PT [2 0 521 0 1]
 P 1264863 36229 393891 40178106
PT [2 0 522 -1 1]
 P 1269129 36513 393928 40247775
PT [2 0 523 -1 1]
 P 1270532 36513 393946 40322160
PT [2 0 524 -1 1]
 P 1275307 36939 393989 40392135
PT [2 0 525 -1 1]
 P 1276778 36939 394006 40466168
PT [2 0 526 -1 1]
 P 1281560 37011 394044 40536495
PT [2 0 527 -1 1]
 P 1282880 37011 394060 40610976
PT [2 0 528 -1 1]
 P 1285366 37083 394095 40683188
PT [2 0 529 -1 1]
 P 1287904 37227 394132 40755400
PT [2 0 530 -1 1]
 P 1290238 37371 394171 40827758
PT [2 0 531 -1 1]
 P 1292688 37443 394206 40899938
PT [2 0 532 -1 1]
 P 1295125 37515 394242 40972182
PT [2 0 533 -1 1]
 P 1297485 37587 394277 41044024
PT [2 0 534 -1 1]
 P 1299770 37731 394315 41116236
PT [2 0 535 -1 1]
 P 1302108 37803 394350 41188482
PT [2 0 536 -1 1]
 P 1303905 37875 396951 41260454
PT [2 0 537 -1 1]
 P 1308298 38158 396988 41330475
PT [2 0 538 -1 1]
 P 1309734 38158 397005 41404412
PT [2 0 539 -1 1]
 P 1314447 38585 397045 41474835
PT [2 0 540 -1 1]
 P 1315829 38585 397063 41549349
PT [2 0 541 -1 1]
 P 1318343 38657 397097 41621770
PT [2 0 542 -1 1]
 P 1320869 38729 397131 41693822
PT [2 0 543 -1 1]
 P 1325546 39366 397172 41763555
PT [2 0 544 -1 1]
 P 1326866 39366 397190 41837940
PT [2 0 545 -1 1]
 P 1331517 39438 397231 41907915
PT [2 0 546 -1 1]
 P 1332951 39438 397248 41981884
PT [2 0 547 -1 1]
 P 1337761 39438 397285 42052275
PT [2 0 548 -1 1]
 P 1339133 39438 397302 42127300
PT [2 0 549 -1 1]
 P 1343755 39865 397342 42196635
PT [2 0 550 -1 1]
 P 1345226 39865 397359 42270316
PT [2 0 551 -1 1]
 P 1349855 39865 397397 42340995
PT [2 0 552 -1 1]
 P 1351299 39865 397414 42414742
PT [2 0 553 -1 1]
 P 1354791 39865 397437 42485355
PT [2 0 554 -1 1]
Warning: retx limit drop data
 P 1356322 39865 397455 42560209
PT [2 0 555 -1 1]
 P 1361134 39937 397494 42629715
PT [2 0 556 -1 1]
 P 1362572 39937 397510 42703972
PT [2 0 557 -1 1]
 P 1367262 39937 397548 42774075
PT [2 0 558 -1 1]
 P 1368606 39937 397566 42847308
PT [2 0 559 -1 1]
 P 1373270 40364 397608 42918435
PT [2 0 560 -1 1]
 P 1374617 40364 397624 42992276
PT [2 0 561 -1 1]
 P 1379128 40364 397662 43062795
PT [2 0 562 -1 1]
 P 1380563 40364 397680 43136700
PT [2 0 563 -1 1]
 P 1385378 40720 397720 43207155
PT [2 0 564 -1 1]
 P 1386848 40720 397739 43280677
PT [2 0 565 -1 1]
 P 1391603 40792 397778 43351515
PT [2 0 566 -1 1]
 P 1392521 40792 397791 43425595
PT [2 0 567 -1 1]
 P 1396041 40792 397813 43495875
PT [2 0 568 -1 1]
 P 1397483 40792 397831 43570548
PT [2 0 569 -1 1]
 P 1402027 40864 397872 43640235
PT [2 0 570 -1 1]
 P 1403561 40864 397891 43715230
PT [2 0 571 -1 1]
 P 1408375 40864 397928 43784595
PT [2 0 572 -1 1]
 P 1409813 40864 397945 43859332
PT [2 0 573 -1 1]
 P 1414506 41219 397982 43928955
PT [2 0 574 -1 1]
 P 1415850 41219 397999 44002924
PT [2 0 575 -1 1]
 P 1420516 41291 398038 44073315
PT [2 0 576 -1 1]
 P 1421862 41291 398056 44148148
PT [2 0 577 -1 1]
 P 1426377 41647 398096 44217675
PT [2 0 578 -1 1]
 P 1427812 41647 398112 44290780
PT [2 0 579 -1 1]
 P 1431584 41647 400705 44362035
PT [2 0 580 -1 1]
 P 1433085 41647 400723 44436804
PT [2 0 581 -1 1]
Warning: retx limit drop data
 P 1437810 41647 400761 44506395
PT [2 0 582 -1 1]
 P 1439219 41647 400779 44580653
PT [2 0 583 0 1]
 P 1443854 42002 400817 44650755
PT [2 0 584 -1 1]
 P 1445235 42002 400835 44724054
PT [2 0 585 -1 1]
 P 1449683 42074 400876 44795115
PT [2 0 586 -1 1]
 P 1451150 42074 400893 44868988
PT [2 0 587 -1 1]
 P 1455967 42429 400934 44939475
PT [2 0 588 -1 1]
 P 1457340 42429 400951 45013348
PT [2 0 589 -1 1]
 P 1462069 42501 400991 45083835
PT [2 0 590 -1 1]
 P 1463508 42501 401008 45157356
PT [2 0 591 -1 1]
 P 1468145 42501 401046 45228195
PT [2 0 592 -1 1]
 P 1469555 42501 401063 45302804
PT [2 0 593 -1 1]
 P 1474038 42856 401104 45372555
PT [2 0 594 0 1]
 P 1475505 42856 401120 45445661
PT [2 0 595 -1 1]
 P 1480418 42856 401158 45516915
PT [2 0 596 -1 1]
 P 1481855 42856 401177 45590084
PT [2 0 597 -1 1]
 P 1486615 43211 401217 45661275
PT [2 0 598 -1 1]
 P 1488087 43211 401234 45736108
PT [2 0 599 -1 1]
 P 1492790 43283 401274 45805635
PT [2 0 600 -1 1]
 P 1494232 43283 401290 45879508
PT [2 0 601 -1 1]
 P 1498846 43283 401331 45949995
PT [2 0 602 -1 1]
 P 1500345 43283 401348 46024412
PT [2 0 603 -1 1]
 P 1504588 43638 401380 46094355
PT [2 0 604 -1 1]
 P 1506025 43638 401398 46168516
PT [2 0 605 -1 1]
 P 1510787 43638 401436 46238715
PT [2 0 606 -1 1]
 P 1512194 43638 401455 46312684
PT [2 0 607 -1 1]
 P 1516865 43993 401496 46383075
PT [2 0 608 -1 1]
 P 1518211 43993 401514 46456308
PT [2 0 609 -1 1]
 P 1522793 43993 401554 46527435
PT [2 0 610 -1 1]
 P 1524197 43993 401572 46601468
PT [2 0 611 -1 1]
Warning: retx limit drop data
 P 1529117 43993 401610 46671795
PT [2 0 612 -1 1]
 P 1530523 43993 401627 46746180
PT [2 0 613 -1 1]
 P 1535160 44420 401669 46816155
PT [2 0 614 -1 1]
 P 1536567 44420 401688 46890380
PT [2 0 615 -1 1]
 P 1541242 44420 401729 46960515
PT [2 0 616 -1 1]
 P 1542620 44420 401747 47034036
PT [2 0 617 -1 1]
 P 1546130 44420 404341 47104875
PT [2 0 618 -1 1]
Warning: retx limit drop data
 P 1547662 44420 404359 47179729
PT [2 0 619 -1 1]
 P 1552487 44492 404401 47249235
PT [2 0 620 -1 1]
 P 1553925 44492 404418 47323492
PT [2 0 621 -1 1]
 P 1558660 44492 404458 47393595
PT [2 0 622 -1 1]
 P 1560068 44492 404476 47466892
PT [2 0 623 -1 1]
 P 1564618 44919 404518 47537955
PT [2 0 624 -1 1]
 P 1565997 44919 404536 47611828
PT [2 0 625 -1 1]
 P 1568414 44991 407963 47684058
PT [2 0 626 -1 1]
 P 1570913 45063 411390 47756206
PT [2 0 627 -1 1]
 P 1575398 45701 411429 47826675
PT [2 0 628 0 1]
 P 1576896 45701 411448 47900388
PT [2 0 629 -1 1]
 P 1581656 45773 411488 47971035
PT [2 0 630 -1 1]
 P 1583093 45773 411505 48044268
PT [2 0 631 -1 1]
 P 1587924 45845 411545 48115395
PT [2 0 632 -1 1]
 P 1589331 45845 411563 48189716
PT [2 0 633 -1 1]
 P 1594007 46272 411606 48259755
PT [2 0 634 -1 1]
 P 1595448 46272 411624 48334716
PT [2 0 635 -1 1]
 P 1600066 46272 411664 48404115
PT [2 0 636 -1 1]
 P 1601542 46272 411682 48478692
PT [2 0 637 -1 1]
 P 1603086 46344 414276 48550257
PT [2 0 638 -1 1]
 P 1604442 46416 414295 48623198
PT [2 0 639 -1 1]
 P 1606345 46560 414326 48694671
PT [2 0 640 -1 1]
 P 1607774 46560 414343 48767412
PT [2 0 641 -1 1]
 P 1610303 46560 414378 48839592
PT [2 0 642 -1 1]
 P 1612757 46632 414416 48911709
PT [2 0 643 -1 1]
 P 1615104 46776 414455 48983826
PT [2 0 644 -1 1]
 P 1617534 46920 414495 49056279
PT [2 0 645 -1 1]
 P 1619887 46992 414532 49128458
PT [2 0 646 -1 1]
 P 1622325 47064 414569 49200460
PT [2 0 647 -1 1]
 P 1624686 47136 414606 49272544
PT [2 0 648 -1 1]
Warning: data sending process fails.
 P 1627163 47345 414752 49345094
PT [2 0 649 -1 1]
 P 1629564 47489 414791 49417274
PT [2 0 650 -1 1]
 P 1632049 47561 414827 49489423
PT [2 0 651 -1 1]
 P 1634522 47633 414864 49561328
PT [2 0 652 -1 1]
 P 1636453 47777 414896 49633398
PT [2 0 653 -1 1]
 P 1640730 47849 414938 49703355
PT [2 0 654 -1 1]
 P 1642197 47849 414956 49777324
PT [2 0 655 -1 1]
 P 1647090 47849 414995 49847715
PT [2 0 656 -1 1]
 P 1648495 47849 415013 49920948
PT [2 0 657 -1 1]
 P 1653268 48203 415055 49992075
PT [2 0 658 -1 1]
 P 1654189 48203 417636 50068249
PT [2 0 659 -1 1]
 P 1656215 48275 417657 50139074
PT [2 0 660 -1 1]
 P 1658663 48491 417698 50211190
PT [2 0 661 -1 1]
 P 1660989 48563 417737 50283064
PT [2 0 662 -1 1]
 P 1663454 48707 417777 50355276
PT [2 0 663 -1 1]
 P 1665844 48779 417815 50427457
PT [2 0 664 -1 1]
 P 1668318 48923 417855 50499943
PT [2 0 665 -1 1]
 P 1670717 48995 417892 50572026
PT [2 0 666 -1 1]
 P 1673230 49067 417931 50644092
PT [2 0 667 -1 1]
 P 1675667 49211 417971 50716272
PT [2 0 668 -1 1]
 P 1678188 49283 418009 50788420
PT [2 0 669 -1 1]
 P 1679536 49283 420598 50860632
PT [2 0 670 -1 1]
 P 1681915 49355 420635 50933054
PT [2 0 671 -1 1]
 P 1684218 49427 420672 51004928
PT [2 0 672 -1 1]
 P 1686413 49571 420711 51077044
PT [2 0 673 -1 1]
 P 1688692 49643 420748 51149256
PT [2 0 674 -1 1]
 P 1690895 49715 420785 51221678
PT [2 0 675 -1 1]
 P 1692663 49715 423383 51295725
PT [2 0 676 -1 1]
 P 1693858 49787 423401 51366134
PT [2 0 677 -1 1]
 P 1696091 50003 423441 51438250
PT [2 0 678 -1 1]
 P 1698216 50147 423480 51510124
PT [2 0 679 -1 1]
 P 1700423 50219 423517 51582578
PT [2 0 680 -1 1]
 P 1701639 50291 426108 51654854
PT [2 0 681 -1 1]
 P 1703824 50363 426145 51726728
PT [2 0 682 -1 1]
 P 1705016 50435 428736 51799214
PT [2 0 683 -1 1]
 P 1707175 50507 428774 51871088
PT [2 0 684 -1 1]
 P 1709323 50579 428812 51943510
PT [2 0 685 -1 1]
 P 1711363 50651 428850 52015691
PT [2 0 686 -1 1]
 P 1713424 50723 428888 52087565
PT [2 0 687 -1 1]
 P 1715567 50867 428928 52159840
PT [2 0 688 -1 1]
 P 1717698 51011 428968 52232262
PT [2 0 689 -1 1]
 P 1719722 51083 429006 52304411
PT [2 0 690 -1 1]
 P 1721893 51155 429045 52376591
PT [2 0 691 -1 1]
 P 1724052 51227 429083 52448592
PT [2 0 692 -1 1]
 P 1726231 51371 429123 52520772
PT [2 0 693 -1 1]
 P 1728366 51515 429163 52593162
PT [2 0 694 -1 1]
 P 1730426 51587 429200 52665342
PT [2 0 695 -1 1]
 P 1732538 51659 429237 52737522
PT [2 0 696 -1 1]
 P 1734606 51731 429274 52809492
PT [2 0 697 -1 1]
 P 1736535 51875 429313 52881544
PT [2 0 698 -1 1]
 P 1738515 52019 429352 52954062
PT [2 0 699 -1 1]
 P 1740516 52091 429389 53026178
PT [2 0 700 -1 1]
 P 1742505 52091 429424 53098148
PT [2 0 701 -1 1]
 P 1744546 52163 429461 53170360
PT [2 0 702 -1 1]
 P 1746385 52307 429500 53242476
PT [2 0 703 -1 1]
 P 1748369 52307 429535 53314752
PT [2 0 704 -1 1]
Warning: retx limit drop data
 P 1750277 52379 429572 53387110
PT [2 0 705 -1 1]
 P 1752174 52379 429607 53459048
PT [2 0 706 -1 1]
 P 1753963 52451 429644 53531229
PT [2 0 707 -1 1]
 P 1755772 52595 429683 53603345
PT [2 0 708 -1 1]
 P 1757696 52667 429722 53675652
PT [2 0 709 -1 1]
 P 1758621 52739 432315 53747722
PT [2 0 710 -1 1]
 P 1761400 53022 432355 53817615
PT [2 0 711 -1 1]
 P 1762867 53022 432373 53891584
PT [2 0 712 -1 1]
 P 1767709 53449 432415 53961975
PT [2 0 713 -1 1]
 P 1769147 53449 432433 54035241
PT [2 0 714 -1 1]
 P 1773900 53449 432473 54106335
PT [2 0 715 -1 1]
 P 1775374 53449 432491 54180497
PT [2 0 716 -1 1]
 P 1780034 53804 432532 54250695
PT [2 0 717 -1 1]
 P 1781412 53804 432549 54325112
PT [2 0 718 -1 1]
 P 1785984 53876 432591 54395055
PT [2 0 719 -1 1]
 P 1787452 53876 432609 54469280
PT [2 0 720 -1 1]
 P 1789924 53948 436036 54540820
PT [2 0 721 -1 1]
 P 1794730 54302 436077 54611595
PT [2 0 722 -1 1]
 P 1796091 54302 436095 54685436
PT [2 0 723 -1 1]
 P 1800806 54374 436136 54755955
PT [2 0 724 -1 1]
 P 1802233 54374 436155 54829700
PT [2 0 725 -1 1]
 P 1806858 54729 436197 54900315
PT [2 0 726 -1 1]
 P 1808256 54729 436215 54975404
PT [2 0 727 -1 1]
 P 1812980 55084 436270 55047201
PT [2 0 728 -1 1]
 P 1817825 55156 436312 55116855
PT [2 0 729 -1 1]
 P 1819274 55156 436331 55191112
PT [2 0 730 -1 1]
 P 1824115 55511 436374 55261215
PT [2 0 731 -1 1]
 P 1825599 55511 436392 55334576
PT [2 0 732 -1 1]
 P 1830384 55583 436433 55405575
PT [2 0 733 -1 1]
 P 1831837 55583 436452 55479512
PT [2 0 734 -1 1]
 P 1836530 55583 436492 55549935
PT [2 0 735 -1 1]
 P 1837923 55583 436509 55623904
PT [2 0 736 -1 1]
 P 1842462 56010 436552 55694295
PT [2 0 737 -1 1]
 P 1843961 56010 436571 55767816
PT [2 0 738 -1 1]
 P 1848874 56082 436613 55838655
PT [2 0 739 -1 1]
 P 1850346 56082 436631 55913265
PT [2 0 740 0 1]
 P 1855103 56437 436671 55983015
PT [2 0 741 -1 1]
 P 1856574 56437 436690 56056184
PT [2 0 742 -1 1]
 P 1861244 56437 436731 56127375
PT [2 0 743 -1 1]
 P 1862560 56437 436750 56200482
PT [2 0 744 -1 1]
Warning: retx limit drop data
 P 1867107 56437 436789 56271735
PT [2 0 745 -1 1]
 P 1868606 56437 436808 56346536
PT [2 0 746 -1 1]
 P 1873519 56864 436852 56416095
PT [2 0 747 -1 1]
 P 1874924 56864 436870 56489872
PT [2 0 748 -1 1]
 P 1879773 56936 436924 56563030
PT [2 0 749 -1 1]
 P 1882389 57008 436963 56635114
PT [2 0 750 -1 1]
 P 1883863 57080 442945 56707455
PT [2 0 751 -1 1]
 P 1886359 57224 444187 56779200
PT [2 0 752 -1 1]
 P 1888844 57296 448818 56851253
PT [2 0 753 0 1]
 P 1891222 57368 452246 56923546
PT [2 0 754 -1 1]
 P 1895751 57652 452286 56993535
PT [2 0 755 -1 1]
 P 1897154 57652 452305 57067664
PT [2 0 756 -1 1]
 P 1901099 58078 452354 57140356
PT [2 0 757 -1 1]
 P 1905902 58150 452395 57210075
PT [2 0 758 -1 1]
 P 1907299 58150 452413 57284620
PT [2 0 759 -1 1]
 P 1909756 58222 452451 57356883
PT [2 0 760 -1 1]
 P 1912359 58294 455879 57428692
PT [2 0 761 -1 1]
 P 1914951 58721 459308 57500808
PT [2 0 762 -1 1]
 P 1919617 58793 459351 57570975
PT [2 0 763 -1 1]
 P 1921148 58793 459371 57645232
PT [2 0 764 -1 1]
 P 1925949 58793 459411 57715335
PT [2 0 765 -1 1]
 P 1927419 58793 459429 57789112
PT [2 0 766 -1 1]
 P 1932070 59220 459473 57859695
PT [2 0 767 0 1]
 P 1933542 59220 459490 57934592
PT [2 0 768 -1 1]
 P 1938100 59220 459529 58004055
PT [2 0 769 -1 1]
 P 1939543 59220 459548 58077481
PT [2 0 770 -1 1]
 P 1944012 59575 459590 58148415
PT [2 0 771 -1 1]
 P 1945479 59575 459608 58221840
PT [2 0 772 -1 1]
 P 1950192 59647 459650 58292775
PT [2 0 773 -1 1]
 P 1951565 59647 459669 58367736
PT [2 0 774 -1 1]
 P 1956251 59719 459709 58437135
PT [2 0 775 -1 1]
 P 1957628 59719 459726 58511169
PT [2 0 776 -1 1]
 P 1962159 60146 459770 58581495
PT [2 0 777 -1 1]
 P 1963505 60146 459789 58656104
PT [2 0 778 -1 1]
 P 1967977 60146 459830 58725855
PT [2 0 779 -1 1]
 P 1969477 60146 459847 58800592
PT [2 0 780 -1 1]
 P 1974259 60501 459889 58870215
PT [2 0 781 -1 1]
 P 1975635 60501 459906 58944408
PT [2 0 782 -1 1]
 P 1980326 60573 459949 59014575
PT [2 0 783 -1 1]
 P 1981799 60573 459967 59087936
PT [2 0 784 -1 1]
 P 1986336 60645 460006 59158935
PT [2 0 785 -1 1]
 P 1987779 60645 460025 59232872
PT [2 0 786 -1 1]
 P 1992352 61072 460069 59303295
PT [2 0 787 -1 1]
 P 1993853 61072 460086 59377265
PT [2 0 788 -1 1]
 P 1998730 61072 460125 59447655
PT [2 0 789 -1 1]
 P 2000167 61072 460144 59521144
PT [2 0 790 -1 1]
Warning: data sending process fails.
 P 2004826 61209 460291 59592015
PT [2 0 791 -1 1]
 P 2006267 61209 460308 59666624
PT [2 0 792 -1 1]
 P 2010902 61281 460347 59736375
PT [2 0 793 -1 1]
 P 2012345 61281 460364 59809544
PT [2 0 794 -1 1]
 P 2016825 61636 460406 59880735
PT [2 0 795 -1 1]
 P 2018357 61636 460424 59953969
PT [2 0 796 0 1]
 P 2023108 61708 460464 60025095
PT [2 0 797 -1 1]
 P 2024610 61708 460483 60099928
PT [2 0 798 -1 1]
 P 2031516 61780 460538 60171391
PT [2 0 799 -1 1]
 P 2035650 62418 460579 60241635
PT [2 0 800 -1 1]
 P 2037040 62418 460597 60316020
PT [2 0 801 -1 1]
 P 2041676 62845 460654 60388456
PT [2 0 802 -1 1]
 P 2046183 62917 460695 60458175
PT [2 0 803 -1 1]
 P 2047618 62917 460712 60532400
PT [2 0 804 -1 1]
 P 2052336 63272 460753 60602535
PT [2 0 805 -1 1]
 P 2053740 63272 460771 60675800
PT [2 0 806 -1 1]
 P 2058400 63344 460813 60746895
PT [2 0 807 -1 1]
 P 2059839 63344 460832 60820800
PT [2 0 808 -1 1]
 P 2064441 63344 460870 60891255
PT [2 0 809 -1 1]
 P 2065755 63344 460888 60965128
PT [2 0 810 -1 1]
Warning: retx limit drop data
 P 2070234 63344 460926 61035615
PT [2 0 811 -1 1]
 P 2071766 63344 460944 61109168
PT [2 0 812 -1 1]
 P 2076522 63416 460986 61179975
PT [2 0 813 -1 1]
 P 2077960 63416 461003 61254552
PT [2 0 814 -1 1]
 P 2082625 63771 461043 61324335
PT [2 0 815 -1 1]
 P 2084033 63771 461061 61397440
PT [2 0 816 -1 1]
 P 2088511 63843 461104 61468695
PT [2 0 817 -1 1]
 P 2089890 63843 461121 61541864
PT [2 0 818 -1 1]
 P 2094375 63843 461160 61613055
PT [2 0 819 -1 1]
 P 2095778 63843 461179 61687760
PT [2 0 820 -1 1]
 P 2100532 64270 461224 61757415
PT [2 0 821 -1 1]
 P 2102002 64270 461241 61831256
PT [2 0 822 -1 1]
 P 2106667 64270 461278 61901775
PT [2 0 823 -1 1]
 P 2108107 64270 461297 61976193
PT [2 0 824 -1 1]
 P 2112617 64625 461339 62046135
PT [2 0 825 -1 1]
 P 2113997 64625 461356 62120584
PT [2 0 826 -1 1]
 P 2118581 64697 461396 62190495
PT [2 0 827 -1 1]
 P 2120048 64697 461416 62264496
PT [2 0 828 -1 1]
 P 2124835 64697 461455 62334855
PT [2 0 829 -1 1]
 P 2126337 64697 461472 62410008
PT [2 0 830 -1 1]
 P 2131099 65052 461513 62479215
PT [2 0 831 -1 1]
 P 2132443 65052 461530 62552768
PT [2 0 832 -1 1]
 P 2137113 65052 461569 62623575
PT [2 0 833 -1 1]
 P 2138459 65052 461587 62697224
PT [2 0 834 -1 1]
 P 2142848 65407 461628 62767935
PT [2 0 835 -1 1]
 P 2144316 65407 461646 62841169
PT [2 0 836 -1 1]
 P 2149103 65479 461688 62912295
PT [2 0 837 -1 1]
 P 2150541 65479 461706 62986616
PT [2 0 838 -1 1]
 P 2155206 65479 461747 63056655
PT [2 0 839 -1 1]
 P 2156613 65479 461765 63131552
PT [2 0 840 -1 1]
 P 2161222 65906 461809 63201015
PT [2 0 841 -1 1]
 P 2162664 65906 461829 63276040
PT [2 0 842 -1 1]
 P 2167151 65906 461868 63345375
PT [2 0 843 -1 1]
 P 2168683 65906 461886 63419953
PT [2 0 844 0 1]
 P 2173443 66261 461926 63489735
PT [2 0 845 -1 1]
 P 2174946 66261 461943 63563352
PT [2 0 846 -1 1]
 P 2179614 66333 461985 63634095
PT [2 0 847 -1 1]
 P 2181030 66333 462002 63708672
PT [2 0 848 -1 1]
 P 2183540 66333 462038 63780661
PT [2 0 849 0 1]
 P 2188050 66688 462079 63850635
PT [2 0 850 -1 1]
 P 2189353 66688 462098 63925022
PT [2 0 851 -1 1]
 P 2193837 66760 462138 63994995
PT [2 0 852 -1 1]
 P 2195271 66760 462157 64068964
PT [2 0 853 -1 1]
 P 2199998 66760 462195 64139355
PT [2 0 854 -1 1]
 P 2201403 66760 462213 64214412
PT [2 0 855 -1 1]
 P 2206071 67187 462255 64283715
PT [2 0 856 -1 1]
 P 2207510 67187 462274 64357364
PT [2 0 857 -1 1]
 P 2212120 67187 462314 64428075
PT [2 0 858 -1 1]
 P 2213433 67187 462332 64501692
PT [2 0 859 -1 1]
 P 2217953 67543 462373 64572435
PT [2 0 860 -1 1]
 P 2219484 67543 462392 64645732
PT [2 0 861 -1 1]
 P 2224214 67615 462433 64716795
PT [2 0 862 -1 1]
 P 2225717 67615 462451 64791181
PT [2 0 863 -1 1]
 P 2230486 67970 462493 64861155
PT [2 0 864 -1 1]
 P 2231350 67970 462504 64935501
PT [2 0 865 -1 1]
 P 2234819 67970 462527 65005515
PT [2 0 866 -1 1]
 P 2236262 67970 462544 65080188
PT [2 0 867 -1 1]
 P 2240275 67970 462575 65149875
PT [2 0 868 -1 1]
Warning: retx limit drop data
 P 2241774 67970 462593 65224153
PT [2 0 869 -1 1]
 P 2246474 68325 462634 65294235
PT [2 0 870 -1 1]
 P 2247848 68325 462652 65368140
PT [2 0 871 -1 1]
 P 2252523 68397 462692 65438595
PT [2 0 872 -1 1]
 P 2253963 68397 462710 65511892
PT [2 0 873 -1 1]
 P 2258577 68752 462753 65582955
PT [2 0 874 -1 1]
 P 2259468 68752 465334 65659129
PT [2 0 875 -1 1]
 P 2261639 68824 465357 65729602
PT [2 0 876 -1 1]
 P 2266321 68968 465402 65799495
PT [2 0 877 -1 1]
 P 2267770 68968 465420 65873464
PT [2 0 878 -1 1]
 P 2272467 69323 465462 65943855
PT [2 0 879 -1 1]
 P 2273824 69323 465481 66017058
PT [2 0 880 -1 1]
 P 2278495 69395 465521 66088215
PT [2 0 881 -1 1]
 P 2279853 69395 465539 66162280
PT [2 0 882 -1 1]
 P 2284370 69395 465580 66232575
PT [2 0 883 -1 1]
 P 2285699 69395 465598 66306960
PT [2 0 884 -1 1]
 P 2290158 69822 465640 66376935
PT [2 0 885 -1 1]
 P 2291658 69822 465657 66451192
PT [2 0 886 -1 1]
 P 2296457 69894 465699 66521295
PT [2 0 887 -1 1]
 P 2297831 69894 465716 66594752
PT [2 0 888 -1 1]
 P 2302541 70249 465756 66665655
PT [2 0 889 -1 1]
 P 2304013 70249 465774 66740072
PT [2 0 890 -1 1]
 P 2308570 70321 465817 66810015
PT [2 0 891 -1 1]
 P 2310014 70321 465834 66884753
PT [2 0 892 -1 1]
 P 2314608 70321 465873 66954375
PT [2 0 893 -1 1]
 P 2316107 70321 465891 67028888
PT [2 0 894 -1 1]
 P 2320885 70748 465935 67098735
PT [2 0 895 0 1]
 P 2322322 70748 465953 67172512
PT [2 0 896 -1 1]
 P 2327033 70748 465990 67243095
PT [2 0 897 -1 1]
 P 2327951 70748 466001 67317207
PT [2 0 898 -1 1]
 P 2329746 70820 466024 67389711
PT [2 0 899 -1 1]
 P 2334381 71247 466065 67459635
PT [2 0 900 -1 1]
 P 2335710 71247 466082 67533572
PT [2 0 901 -1 1]
 P 2340320 71319 466123 67603995
PT [2 0 902 -1 1]
 P 2341724 71319 466140 67677197
PT [2 0 903 -1 1]
 P 2346291 71675 466179 67748355
PT [2 0 904 -1 1]
 P 2347727 71675 466198 67822452
PT [2 0 905 -1 1]
 P 2352536 71747 466239 67892715
PT [2 0 906 0 1]
 P 2353945 71747 466256 67967132
PT [2 0 907 -1 1]
 P 2358598 71747 466294 68037075
PT [2 0 908 -1 1]
 P 2359944 71747 466312 68111268
PT [2 0 909 -1 1]
 P 2364539 72174 466355 68181435
PT [2 0 910 -1 1]
 P 2366071 72174 466373 68255021
PT [2 0 911 0 1]
 P 2370747 72174 466413 68325795
PT [2 0 912 -1 1]
 P 2372248 72174 466430 68400212
PT [2 0 913 -1 1]
 P 2376960 72529 466471 68470155
PT [2 0 914 -1 1]
 P 2378367 72529 466489 68544828
PT [2 0 915 -1 1]
 P 2382956 72601 466531 68614515
PT [2 0 916 -1 1]
 P 2384270 72601 466550 68688933
PT [2 0 917 -1 1]
 P 2388159 72673 469159 68761162
PT [2 0 918 -1 1]
 P 2392882 73311 469199 68831055
PT [2 0 919 -1 1]
 P 2394331 73311 469217 68905024
PT [2 0 920 -1 1]
 P 2398964 73383 469258 68975415
PT [2 0 921 -1 1]
 P 2400384 73383 469277 69048680
PT [2 0 922 -1 1]
 P 2404967 73455 469319 69119775
PT [2 0 923 -1 1]
 P 2406358 73455 469336 69193872
PT [2 0 924 -1 1]
 P 2410949 73882 469380 69264135
PT [2 0 925 -1 1]
 P 2412245 73882 469400 69338488
PT [2 0 926 -1 1]
 P 2416285 73882 469433 69408495
PT [2 0 927 -1 1]
 P 2417688 73882 469450 69482592
PT [2 0 928 -1 1]
 P 2422464 74237 469492 69552855
PT [2 0 929 -1 1]
 P 2423964 74237 469511 69626888
PT [2 0 930 -1 1]
 P 2428680 74309 469552 69697215
PT [2 0 931 -1 1]
 P 2430152 74309 469570 69770545
PT [2 0 932 0 1]
 P 2434779 74309 469608 69841575
PT [2 0 933 -1 1]
 P 2436220 74309 469627 69915736
PT [2 0 934 -1 1]
 P 2439713 74309 472221 69985935
PT [2 0 935 -1 1]
Warning: retx limit drop data
 P 2441245 74309 472238 70060790
PT [2 0 936 -1 1]
 P 2445928 74592 472276 70130295
PT [2 0 937 -1 1]
 P 2447365 74592 472295 70204552
PT [2 0 938 -1 1]
 P 2452081 74947 472336 70274655
PT [2 0 939 -1 1]
 P 2453488 74947 472354 70347952
PT [2 0 940 -1 1]
 P 2458020 75019 472395 70419015
PT [2 0 941 -1 1]
 P 2459397 75019 472413 70492888
PT [2 0 942 -1 1]
 P 2463936 75374 472454 70563375
PT [2 0 943 0 1]
 P 2465339 75374 472472 70637248
PT [2 0 944 -1 1]
 P 2470022 75801 472514 70707735
PT [2 0 945 -1 1]
 P 2471491 75801 472532 70781256
PT [2 0 946 -1 1]
 P 2476208 75801 472572 70852095
PT [2 0 947 -1 1]
 P 2477649 75801 472589 70926705
PT [2 0 948 -1 1]
 P 2482211 76156 472632 70996455
PT [2 0 949 -1 1]
 P 2483589 76156 472649 71069560
PT [2 0 950 -1 1]
 P 2488223 76228 472690 71140815
PT [2 0 951 0 1]
 P 2489689 76228 472708 71213984
PT [2 0 952 -1 1]
 P 2496712 76583 472763 71287828
PT [2 0 953 -1 1]
 P 2501930 77010 472821 71359048
PT [2 0 954 -1 1]
 P 2506707 77010 472853 71429535
PT [2 0 955 -1 1]
 P 2508078 77010 472871 71503666
PT [2 0 956 0 1]
Warning: retx limit drop data
 P 2512662 77010 472910 71573895
PT [2 0 957 -1 1]
 P 2514034 77010 472929 71647864
PT [2 0 958 -1 1]
 P 2518623 77437 472972 71718255
PT [2 0 959 -1 1]
 P 2520090 77437 472990 71791520
PT [2 0 960 -1 1]
 P 2524839 77509 473032 71862615
PT [2 0 961 -1 1]
 P 2526244 77509 473050 71936680
PT [2 0 962 -1 1]
 P 2530869 77864 473092 72006975
PT [2 0 963 -1 1]
 P 2532212 77864 473111 72081328
PT [2 0 964 -1 1]
 P 2536873 77936 473153 72151335
PT [2 0 965 -1 1]
 P 2538315 77936 473170 72225624
PT [2 0 966 -1 1]
 P 2542917 77936 473209 72295695
PT [2 0 967 -1 1]
 P 2544320 77936 473227 72369152
PT [2 0 968 -1 1]
 P 2549135 78363 473272 72440055
PT [2 0 969 -1 1]
 P 2550637 78363 473289 72514472
PT [2 0 970 -1 1]
 P 2555267 78435 473331 72584415
PT [2 0 971 -1 1]
 P 2556741 78435 473348 72659152
PT [2 0 972 -1 1]
 P 2561407 78790 473389 72728775
PT [2 0 973 -1 1]
 P 2562786 78790 473407 72803256
PT [2 0 974 -1 1]
 P 2567330 78862 473448 72873135
PT [2 0 975 -1 1]
 P 2568735 78862 473466 72946848
PT [2 0 976 -1 1]
 P 2573489 78862 473506 73017495
PT [2 0 977 -1 1]
 P 2574895 78862 473523 73092072
PT [2 0 978 -1 1]
 P 2579498 79289 473565 73161855
PT [2 0 979 -1 1]
 P 2580874 79289 473583 73236752
PT [2 0 980 -1 1]
 P 2585085 79289 476186 73306215
PT [2 0 981 -1 1]
 P 2586400 79289 476203 73380312
PT [2 0 982 -1 1]
 P 2591073 79645 476243 73450575
PT [2 0 983 -1 1]
 P 2592508 79645 476262 73524513
PT [2 0 984 -1 1]
 P 2597136 79717 476303 73594935
PT [2 0 985 -1 1]
 P 2598573 79717 476321 73668200
PT [2 0 986 -1 1]
 P 2603239 79717 476361 73739295
PT [2 0 987 -1 1]
 P 2604646 79717 476380 73813392
PT [2 0 988 -1 1]
 P 2608214 79717 476402 73883655
PT [2 0 989 -1 1]
Warning: retx limit drop data
 P 2609561 79717 476420 73958413
PT [2 0 990 -1 1]
 P 2614204 80001 476460 74028015
PT [2 0 991 -1 1]
 P 2615639 80001 476479 74102240
PT [2 0 992 -1 1]
 P 2620334 80356 476521 74172375
PT [2 0 993 -1 1]
 P 2621837 80356 476539 74245736
PT [2 0 994 -1 1]
 P 2626475 80428 476579 74316735
PT [2 0 995 -1 1]
 P 2627854 80428 476597 74390578
PT [2 0 996 0 1]
 P 2632396 80428 476636 74461095
PT [2 0 997 -1 1]
 P 2633744 80428 476653 74535000
PT [2 0 998 -1 1]
 P 2638324 80855 476697 74605455
PT [2 0 999 -1 1]
 P 2639791 80855 476714 74678944
PT [2 0 1000 -1 1]
 P 2644388 80855 476753 74749815
PT [2 0 1001 -1 1]
 P 2645857 80855 476771 74824424
PT [2 0 1002 -1 1]
 P 2650492 81210 476812 74894175
PT [2 0 1003 -1 1]
 P 2651867 81210 476830 74967248
PT [2 0 1004 -1 1]
 P 2656443 81282 476870 75038535
PT [2 0 1005 -1 1]
 P 2657820 81282 476889 75111704
PT [2 0 1006 -1 1]
 P 2662433 81282 476927 75182895
PT [2 0 1007 -1 1]
 P 2663899 81282 476945 75257664
PT [2 0 1008 -1 1]
 P 2668689 81709 476988 75327255
PT [2 0 1009 -1 1]
 P 2670094 81709 477006 75401032
PT [2 0 1010 -1 1]
 P 2674666 81709 477045 75471615
PT [2 0 1011 -1 1]
 P 2676106 81709 477062 75546032
PT [2 0 1012 -1 1]
 P 2680685 82064 477101 75615975
PT [2 0 1013 -1 1]
 P 2682095 82064 477119 75690456
PT [2 0 1014 -1 1]
 P 2686710 82136 477160 75760335
PT [2 0 1015 -1 1]
 P 2688241 82136 477179 75834401
PT [2 0 1016 -1 1]
 P 2692939 82492 477220 75904695
PT [2 0 1017 -1 1]
 P 2694440 82492 477238 75979848
PT [2 0 1018 -1 1]
 P 2699016 82918 477283 76049055
PT [2 0 1019 -1 1]
 P 2700304 82918 477300 76123504
PT [2 0 1020 -1 1]
 P 2702622 82990 477337 76195798
PT [2 0 1021 -1 1]
 P 2704479 83062 483327 76267864
PT [2 0 1022 -1 1]
 P 2706420 83206 485929 76340286
PT [2 0 1023 -1 1]
 P 2708955 83278 487169 76412128
PT [2 0 1024 -1 1]
 P 2711318 83422 491801 76484454
PT [2 0 1025 -1 1]
 P 2713798 83494 495229 76556506
PT [2 0 1026 -1 1]
 P 2718591 83849 495285 76629084
PT [2 0 1027 -1 1]
 P 2723319 84204 495325 76698675
PT [2 0 1028 -1 1]
 P 2724832 84204 495343 76772996
PT [2 0 1029 -1 1]
 P 2729591 84276 495383 76843035
PT [2 0 1030 -1 1]
 P 2731009 84276 495402 76916332
PT [2 0 1031 -1 1]
 P 2735646 84631 495444 76987395
PT [2 0 1032 -1 1]
 P 2736972 84631 495461 77061204
PT [2 0 1033 -1 1]
 P 2741582 84703 495502 77131755
PT [2 0 1034 0 1]
 P 2742909 84703 495521 77205660
PT [2 0 1035 -1 1]
 P 2747364 84703 495560 77276115
PT [2 0 1036 -1 1]
 P 2748798 84703 495579 77349572
PT [2 0 1037 -1 1]
 P 2753593 85129 495625 77420475
PT [2 0 1038 -1 1]
 P 2755065 85129 495642 77495085
PT [2 0 1039 0 1]
 P 2759802 85201 495683 77564835
PT [2 0 1040 -1 1]
 P 2761145 85201 495701 77637876
PT [2 0 1041 -1 1]
 P 2765792 85556 495742 77709195
PT [2 0 1042 -1 1]
 P 2767235 85556 495760 77782429
PT [2 0 1043 -1 1]
 P 2771729 85628 495801 77853555
PT [2 0 1044 -1 1]
 P 2773260 85628 495818 77928388
PT [2 0 1045 -1 1]
 P 2778154 85628 495857 77997915
PT [2 0 1046 -1 1]
 P 2779622 85628 495876 78071756
PT [2 0 1047 -1 1]
Warning: retx limit drop data
 P 2782547 85628 495904 78144405
PT [2 0 1048 -1 1]
 P 2787205 85700 495945 78214455
PT [2 0 1049 -1 1]
 P 2788552 85772 495965 78289210
PT [2 0 1050 -1 1]
 P 2790890 85988 496007 78361326
PT [2 0 1051 -1 1]
 P 2793312 86132 496047 78433296
PT [2 0 1052 -1 1]
 P 2794800 86204 498639 78505462
PT [2 0 1053 -1 1]
 P 2799260 86204 498679 78575355
PT [2 0 1054 -1 1]
