using saved target 'z1'
../../../../contiki/tools/sky/serialdump-linux -b115200 /dev/ttyUSB4
connecting to /dev/ttyUSB4 (115200) [OK]
Rime started with address 5.0
MAC 05:00:00:00:00:00:00:00 Ref ID: 4841
Contiki-3.x-2125-g5d67a61 started. Node id is set to 5.

************************************************
RTIMER_SECOND = 32768. F_CPU=8000000.
CLOCK_SECOND=128.
DURSLOT = 6015.(0.1835 s).
DURSLEEP = 114285.
DURCYCLE = 120300 .(3.6712 s).
MAX_CLOCK_DRIFT = WAKEUP_ADVANCE_TIME = 327 (0.0033 s).
PERIODIC_BCAST_CYCLES_SENSOR = 196611.
PERIODIC_BCAST_CYCLES_SINK = 196611.
MAX_CYCLE_COUNTER = 27904.
MAX_COUNT_NO_RTS_CTS = 65535.
MAX_CHILD_NUM = 10.
MAX_TRY_TO_FIND_PARENT = 3.

**********Below is Related Settings**********
PRIMAC_CONF_COMPOWER = 1.
PRIMAC_CONF_COMPOWER_SUPPORT = 1.
SF = 18.
PRI_SYNC_SUPPORT = 1.
RANDOM_DRIFT_IN_COOJA_SUPPORT = 0.
ADCSC_SUPPORT = 0.
DATA_TX_SUPPORT = 1.
CYCLES_PER_PACKET = 3.
DATA_INTERVAL = 9.
RETX_LIMIT = 6.
TOTAL_DATA_NUM = -1.
MAX_DATA_QUEUE_BUFS = 10.
PROC_GRADE_BASED_ON_ADDR_SUPPORT = 1.
NODES_NUM_PER_GRADE = 2.
ADDRESS_FREE_SUPPORT = 0.
IS_COOJA_SIM = 0.
CROSS_PLATFORM_SUPPORT = 1.
************************************************

My address is 5.0.
nullmac PRIMAC, channel check rate 8 Hz, radio channel 26
Starting
Hello, world
 P 0 0 0 3033529
 P 0 0 3390 3153829
 P 0 0 6840 3274550
 P 0 0 10230 3394429
 P 0 0 13620 3514729
 P 0 0 17010 3635029
 P 0 0 20400 3755329
EMPTY QUEUE
 P 423 0 23799 3877637
PT [3 0 1 -13 1]
 P 423 0 27189 3995929
PT [3 0 2 -13 1]
 P 423 0 30579 4116229
PT [3 0 3 -13 1]
 P 3145 0 31247 4236529
PT [3 0 4 -13 1]
 P 5526 0 32256 4356829
PT [3 0 5 -13 1]
EMPTY QUEUE
 P 6110 0 35655 4478690
PT [3 0 6 -16 1]
 P 6110 0 39045 4597429
PT [3 0 7 -16 1]
 P 6110 0 42435 4717729
PT [3 0 8 -16 1]
 P 7021 0 42438 4838029
PT [3 0 9 -16 1]
rcv bro rts
 P 8287 0 42478 4958329
PT [3 0 10 -16 1]
EMPTY QUEUE
 P 8480 0 45873 5080756
PT [3 0 11 -16 1]
EMPTY QUEUE
 P 9031 0 49271 5200649
PT [3 0 12 -20 1]
 P 9031 0 52661 5319229
PT [3 0 13 -20 1]
 P 10403 0 52665 5439529
PT [3 0 14 -20 1]
 P 11906 0 52673 5559829
PT [3 0 15 -20 1]
 P 12636 0 52676 5680129
PT [3 0 16 -20 1]
EMPTY QUEUE
 P 13126 0 56075 5802536
PT [3 0 17 -23 1]
 P 14409 0 56083 5920729
PT [3 0 18 -23 1]
 P 14409 0 59473 6041029
PT [3 0 19 -23 1]
 P 14409 0 62863 6161329
PT [3 0 20 -23 1]
 P 16003 0 62868 6281629
PT [3 0 21 -23 1]
 P 17228 0 62871 6401929
PT [3 0 22 -23 1]
 P 17956 0 62874 6522229
PT [3 0 23 -23 1]
EMPTY QUEUE
 P 19768 0 62891 6644602
PT [3 0 24 -29 1]
 P 19768 0 66281 6762829
PT [3 0 25 -29 1]
 P 19768 0 69671 6883129
PT [3 0 26 -29 1]
 P 19768 0 73061 7003429
PT [3 0 27 -29 1]
 P 21359 0 73064 7123729
PT [3 0 28 -29 1]
 P 22581 0 73067 7244029
PT [3 0 29 -29 1]
EMPTY QUEUE
 P 24522 0 73085 7367234
PT [3 0 30 -33 1]
 P 24522 0 76475 7484629
PT [3 0 31 -33 1]
 P 24522 0 79865 7604929
PT [3 0 32 -33 1]
 P 24522 0 83255 7725229
PT [3 0 33 -33 1]
 P 27194 0 83258 7845529
PT [3 0 34 -33 1]
EMPTY QUEUE
 P 29092 0 83274 7966814
PT [3 0 35 -37 1]
 P 29815 0 83277 8086129
PT [3 0 36 -37 1]
 P 29815 0 86667 8206429
PT [3 0 37 -37 1]
 P 31100 0 86675 8326729
PT [3 0 38 -37 1]
 P 31100 0 90065 8447029
PT [3 0 39 -37 1]
EMPTY QUEUE
 P 31619 0 93464 8570010
PT [3 0 40 -40 1]
 P 33206 0 93467 8687629
PT [3 0 41 -40 1]
 P 34423 0 93470 8807929
PT [3 0 42 -40 1]
 P 35769 0 93478 8928229
PT [3 0 43 -40 1]
 P 37699 0 93486 9048529
PT [3 0 44 -40 1]
EMPTY QUEUE
 P 38219 0 96884 9171093
PT [3 0 45 -44 1]
 P 38219 0 100274 9289129
PT [3 0 46 -44 1]
 P 40888 0 100277 9409429
PT [3 0 47 -44 1]
 P 42265 0 100280 9529729
PT [3 0 48 -44 1]
 P 44692 0 100288 9650029
PT [3 0 49 -44 1]
EMPTY QUEUE
 P 46568 0 100306 9773170
PT [3 0 50 -47 1]
 P 46568 0 103696 9890629
PT [3 0 51 -47 1]
 P 46568 0 107086 10010929
PT [3 0 52 -47 1]
 P 47514 0 107089 10131229
PT [3 0 53 -47 1]
 P 48855 0 107092 10251529
PT [3 0 54 -47 1]
EMPTY QUEUE
 P 50783 0 107108 10374317
PT [3 0 55 -51 1]
 P 52266 0 107117 10492129
PT [3 0 56 -51 1]
 P 52266 0 110507 10612429
PT [3 0 57 -51 1]
 P 52266 0 113897 10732729
PT [3 0 58 -51 1]
 P 54420 0 113901 10853029
PT [3 0 59 -51 1]
 P 55727 0 113904 10973329
PT [3 0 60 -51 1]
EMPTY QUEUE
 P 56311 0 117303 11095286
PT [3 0 61 -55 1]
 P 57636 0 117311 11213929
PT [3 0 62 -55 1]
 P 57636 0 120701 11334229
PT [3 0 63 -55 1]
 P 57636 0 124091 11454529
PT [3 0 64 -55 1]
 P 60236 0 124094 11574829
PT [3 0 65 -55 1]
EMPTY QUEUE
 P 60788 0 127492 11697458
PT [3 0 66 -58 1]
 P 62133 0 127500 11815429
PT [3 0 67 -58 1]
 P 64063 0 127508 11935729
PT [3 0 68 -58 1]
 P 64063 0 130898 12056029
PT [3 0 69 -58 1]
 P 66504 0 130901 12176329
PT [3 0 70 -58 1]
 P 67024 72 134302 12299264
PT [3 0 71 -62 1]
 P 67091 72 140264 12421209
PT [3 0 72 -62 1]
 P 70134 144 140282 12538776
PT [3 0 73 -63 1]
 P 71394 144 140290 12657529
PT [3 0 74 -63 1]
 P 74085 144 140293 12777829
PT [3 0 75 -63 1]
 P 74846 144 140296 12898129
PT [3 0 76 -63 1]
 P 75333 216 143697 13019528
PT [3 0 77 -66 1]
 P 75885 288 147098 13141076
PT [3 0 78 -67 1]
 P 77230 288 147106 13259029
PT [3 0 79 -67 1]
 P 79298 360 147125 13382444
PT [3 0 80 -68 1]
 P 80967 360 147128 13499629
PT [3 0 81 -68 1]
 P 83127 360 147131 13619929
PT [3 0 82 -68 1]
 P 85031 714 147149 13741424
PT [3 0 83 -70 1]
 P 86947 1068 147168 13863484
PT [3 0 84 -71 1]
 P 87730 1068 147171 13980829
PT [3 0 85 -71 1]
 P 87796 1068 153134 14106081
PT [3 0 86 -71 1]
 P 89368 1068 153138 14221429
PT [3 0 87 -71 1]
 P 90571 1068 153141 14341729
PT [3 0 88 -71 1]
 P 92388 1423 153160 14463513
PT [3 0 89 -73 1]
 P 94429 1777 153180 14583556
PT [3 0 90 -75 1]
 P 95209 1777 153183 14702629
PT [3 0 91 -75 1]
 P 95275 1777 159145 14827112
PT [3 0 92 -75 1]
 P 96845 1777 159148 14943229
PT [3 0 93 -75 1]
 P 98046 1777 159151 15063529
PT [3 0 94 -75 1]
 P 99922 2131 159169 15185312
PT [3 0 95 -79 1]
 P 100720 2131 159172 15304129
PT [3 0 96 -79 1]
 P 102646 2413 159190 15425319
PT [3 0 97 -79 1]
 P 104552 2767 159209 15547076
PT [3 0 98 -81 1]
 P 105292 2767 159212 15665029
PT [3 0 99 -81 1]
 P 106841 2767 159215 15785329
PT [3 0 100 -81 1]
 P 108133 2767 159218 15905629
PT [3 0 101 -81 1]
 P 110052 2767 159234 16028834
PT [3 0 102 -83 1]
 P 112060 2839 159253 16147488
PT [3 0 103 -84 1]
 P 114652 2839 159270 16269274
PT [3 0 104 -85 1]
 P 115389 2839 159273 16386829
PT [3 0 105 -85 1]
 P 117304 2839 159290 16509010
PT [3 0 106 -86 1]
 P 118003 2839 159293 16627429
PT [3 0 107 -86 1]
 P 119910 2911 159312 16750588
PT [3 0 108 -88 1]
 P 120704 2911 159316 16868029
PT [3 0 109 -88 1]
 P 122726 2911 159333 16991170
PT [3 0 110 -89 1]
 P 123481 2911 159336 17108629
PT [3 0 111 -89 1]
 P 125431 2911 159353 17231420
PT [3 0 112 -90 1]
 P 126148 2911 159356 17349229
PT [3 0 113 -90 1]
 P 128088 2911 159373 17471218
PT [3 0 114 -92 1]
 P 128879 2911 159376 17589829
PT [3 0 115 -92 1]
 P 130804 2911 159394 17712427
PT [3 0 116 -92 1]
 P 131557 2911 159397 17830429
PT [3 0 117 -92 1]
 P 133473 2983 159417 17953492
PT [3 0 118 -95 1]
 P 134188 2983 159420 18071029
PT [3 0 119 -95 1]
 P 136064 2983 159437 18193530
PT [3 0 120 -96 1]
 P 136855 2983 159440 18311629
PT [3 0 121 -96 1]
 P 138746 2983 159457 18433234
PT [3 0 122 -98 1]
 P 139498 2983 159460 18552229
PT [3 0 123 -98 1]
 P 141478 2983 159477 18674666
PT [3 0 124 -99 1]
 P 142191 2983 159481 18792829
PT [3 0 125 -99 1]
 P 144003 2983 159497 18915330
PT [3 0 126 -100 1]
 P 144790 2983 159500 19033429
PT [3 0 127 -100 1]
 P 146682 3055 159519 19155852
PT [3 0 128 -102 1]
 P 147430 3055 159522 19274029
PT [3 0 129 -102 1]
 P 149378 3055 159539 19395474
PT [3 0 130 -103 1]
 P 150088 3055 159542 19514629
PT [3 0 131 -103 1]
 P 151901 3055 159558 19636682
PT [3 0 132 -105 1]
 P 152686 3055 159561 19755229
PT [3 0 133 -105 1]
 P 154643 3055 159578 19877538
PT [3 0 134 -106 1]
 P 155390 3055 159581 19995829
PT [3 0 135 -106 1]
 P 157338 3055 159597 20117850
PT [3 0 136 -107 1]
 P 158047 3055 159600 20236429
PT [3 0 137 -107 1]
 P 159890 3055 159618 20359602
PT [3 0 1 0 1]
 P 160783 3055 159621 20476920
PT [3 0 2 0 1]
 P 162783 3127 159640 20598959
PT [3 0 3 -1 1]
 P 163638 3127 159643 20717520
PT [3 0 4 -1 1]
 P 165630 3127 159660 20839540
PT [3 0 5 -3 1]
 P 166446 3127 159665 20958120
PT [3 0 6 -3 1]
 P 168398 3127 159682 21079821
PT [3 0 7 -4 1]
 P 169289 3127 159685 21198720
PT [3 0 8 -4 1]
 P 171180 3127 159701 21320742
PT [3 0 9 -4 1]
 P 172032 3127 159704 21439320
PT [3 0 10 -4 1]
 P 173946 3127 159721 21561405
PT [3 0 11 -7 1]
 P 174760 3127 159724 21679920
PT [3 0 12 -7 1]
 P 175555 3127 159727 21800220
PT [3 0 13 -7 1]
 P 176331 3127 159730 21920520
PT [3 0 14 -7 1]
 P 177087 3127 159734 22040820
PT [3 0 15 -7 1]
 P 177824 3127 159737 22161120
PT [3 0 16 -7 1]
 P 178542 3127 159740 22281420
PT [3 0 17 -7 1]
 P 179241 3127 159743 22401720
PT [3 0 18 -7 1]
 P 179921 3127 159746 22522020
PT [3 0 19 -7 1]
 P 181104 3127 159756 22643941
PT [3 0 20 -7 1]
 P 181990 3127 159759 22762620
PT [3 0 21 -7 1]
Warning: retx limit drop data
 P 183884 3127 159776 22884182
PT [3 0 22 -15 1]
 P 184732 3127 159779 23003220
PT [3 0 23 -15 1]
 P 186162 3127 159789 23123948
PT [3 0 24 -15 1]
 P 186971 3127 159792 23243820
PT [3 0 25 -15 1]
 P 188784 3127 159808 23365297
PT [3 0 26 -17 1]
 P 189669 3127 159811 23484420
PT [3 0 27 -17 1]
 P 190535 3127 159814 23604720
PT [3 0 28 -17 1]
 P 191381 3127 159817 23725020
PT [3 0 29 -17 1]
 P 193298 3127 159833 23846241
PT [3 0 30 -20 1]
 P 194107 3127 159836 23965620
PT [3 0 31 -20 1]
 P 195962 3127 159852 24087673
PT [3 0 32 -22 1]
 P 196844 3127 159855 24206220
PT [3 0 33 -22 1]
 P 198679 3127 159873 24328690
PT [3 0 34 -23 1]
 P 199523 3127 159876 24446820
PT [3 0 35 -23 1]
 P 200348 3127 159879 24567120
PT [3 0 36 -23 1]
 P 201154 3127 159882 24687420
PT [3 0 37 -23 1]
 P 202882 3127 159885 24807720
PT [3 0 38 -23 1]
Warning: retx limit drop data
 P 204713 3127 159901 24930146
PT [3 0 39 -27 1]
 P 205574 3127 159904 25048320
PT [3 0 40 -27 1]
 P 207244 3127 159907 25168620
PT [3 0 41 -27 1]
 P 209015 3127 159924 25290385
PT [3 0 42 -29 1]
 P 209819 3127 159927 25409220
PT [3 0 43 -29 1]
 P 211689 3127 159944 25531209
PT [3 0 44 -30 1]
 P 212568 3127 159947 25649820
PT [3 0 45 -30 1]
 P 214399 3127 159963 25771810
PT [3 0 46 -31 1]
 P 215239 3127 159966 25890420
PT [3 0 47 -31 1]
 P 216060 3127 159969 26010720
PT [3 0 48 -31 1]
 P 216862 3127 159972 26131020
PT [3 0 49 -31 1]
 P 218665 3127 159988 26253457
PT [3 0 50 -34 1]
 P 219541 3127 159991 26371620
PT [3 0 51 -34 1]
 P 221433 3199 160010 26494203
PT [3 0 52 -36 1]
 P 222271 3199 160013 26612220
PT [3 0 53 -36 1]
 P 224187 3199 160030 26734049
PT [3 0 54 -37 1]
 P 224986 3199 160034 26852820
PT [3 0 55 -37 1]
 P 226799 3199 160050 26975545
PT [3 0 56 -39 1]
 P 227674 3199 160053 27093420
PT [3 0 57 -39 1]
 P 229566 3199 160070 27214545
PT [3 0 58 -40 1]
 P 230403 3199 160073 27334020
PT [3 0 59 -40 1]
 P 232350 3199 160089 27457225
PT [3 0 60 -41 1]
 P 233148 3199 160092 27574620
PT [3 0 61 -41 1]
 P 234936 3271 160112 27696851
PT [3 0 62 -43 1]
 P 235808 3271 160116 27815220
PT [3 0 63 -43 1]
 P 237675 3271 160134 27937721
PT [3 0 64 -44 1]
 P 238509 3271 160137 28055820
PT [3 0 65 -44 1]
 P 240496 3271 160154 28178257
PT [3 0 66 -46 1]
 P 241292 3271 160157 28296420
PT [3 0 67 -46 1]
 P 243239 3271 160174 28418281
PT [3 0 68 -47 1]
 P 244109 3271 160177 28537020
PT [3 0 69 -47 1]
 P 245444 3271 162758 28661120
PT [3 0 70 -47 1]
 P 246276 3271 162761 28777620
PT [3 0 71 -47 1]
 P 247088 3271 162765 28897920
PT [3 0 72 -47 1]
 P 248966 3271 162782 29019525
PT [3 0 73 -50 1]
 P 249740 3271 162785 29138520
PT [3 0 74 -50 1]
Warning: retx limit drop data
 P 251729 3271 162802 29259859
PT [3 0 75 -52 1]
 P 252598 3271 162805 29379120
PT [3 0 76 -52 1]
 P 254546 3271 162822 29501589
PT [3 0 77 -53 1]
 P 255376 3271 162826 29619720
PT [3 0 78 -53 1]
 P 256187 3271 162829 29740020
PT [3 0 79 -53 1]
 P 258010 3271 162846 29863129
PT [3 0 80 -55 1]
 P 258783 3271 162849 29980620
PT [3 0 81 -55 1]
 P 260738 3271 162866 30101905
PT [3 0 82 -57 1]
 P 261605 3271 162869 30221220
PT [3 0 83 -57 1]
 P 263521 3343 162888 30344476
PT [3 0 84 -57 1]
 P 264349 3343 162891 30461820
PT [3 0 85 -57 1]
 P 265158 3343 162894 30582120
PT [3 0 86 -57 1]
 P 265948 3343 162897 30702420
PT [3 0 87 -57 1]
 P 266719 3343 162900 30822720
PT [3 0 88 -57 1]
 P 268597 3343 162919 30944965
PT [3 0 89 -62 1]
 P 269461 3343 162922 31063320
PT [3 0 90 -62 1]
 P 271417 3343 162940 31186206
PT [3 0 91 -63 1]
 P 272243 3343 162943 31303920
PT [3 0 92 -63 1]
 P 273050 3343 162946 31424220
PT [3 0 93 -63 1]
 P 274915 3343 162962 31547265
PT [3 0 94 -65 1]
 P 275683 3343 162965 31664820
PT [3 0 95 -65 1]
 P 277507 3415 162984 31787788
PT [3 0 96 -67 1]
 P 278370 3415 162987 31905420
PT [3 0 97 -67 1]
 P 279214 3415 162990 32025720
PT [3 0 98 -67 1]
 P 281214 3415 163007 32147709
PT [3 0 99 -69 1]
 P 282020 3415 163010 32266320
PT [3 0 100 -69 1]
 P 283946 3487 163030 32389223
PT [3 0 101 -70 1]
 P 284713 3487 163033 32506920
PT [3 0 102 -70 1]
 P 285461 3487 163036 32627220
PT [3 0 103 -70 1]
 P 287328 3487 163052 32750073
PT [3 0 104 -72 1]
 P 288187 3487 163055 32867820
PT [3 0 105 -72 1]
 P 290143 3559 163075 32990563
PT [3 0 106 -74 1]
 P 290963 3559 163078 33108420
PT [3 0 107 -74 1]
 P 291764 3559 163081 33228720
PT [3 0 108 -74 1]
 P 293692 3559 163098 33350422
PT [3 0 109 -76 1]
 P 294455 3559 163101 33469320
PT [3 0 110 -76 1]
 P 296320 3631 163120 33591647
PT [3 0 111 -77 1]
 P 297176 3631 163123 33709920
PT [3 0 112 -77 1]
 P 299024 3631 163140 33832422
PT [3 0 113 -79 1]
 P 299842 3631 163143 33950520
PT [3 0 114 -79 1]
 P 301861 3631 163160 34072989
PT [3 0 115 -80 1]
 P 302641 3631 163163 34191120
PT [3 0 116 -80 1]
 P 304487 3631 163179 34313109
PT [3 0 117 -81 1]
 P 305342 3631 163182 34431720
PT [3 0 118 -81 1]
 P 307216 3631 163200 34554189
PT [3 0 119 -83 1]
 P 308033 3631 163203 34672320
PT [3 0 120 -83 1]
 P 308831 3631 163206 34792620
PT [3 0 121 -83 1]
 P 309609 3631 163209 34912920
PT [3 0 122 -83 1]
 P 310368 3631 163212 35033220
PT [3 0 123 -83 1]
 P 311108 3631 163215 35153520
PT [3 0 124 -83 1]
 P 312864 3631 163232 35275925
PT [3 0 125 -87 1]
 P 313716 3631 163235 35394120
PT [3 0 126 -87 1]
Warning: retx limit drop data
 P 315607 3631 163252 35515970
PT [3 0 127 -88 1]
 P 316420 3631 163256 35634720
PT [3 0 128 -88 1]
 P 317214 3631 163259 35755020
PT [3 0 129 -88 1]
 P 319174 3631 163275 35877874
PT [3 0 130 -91 1]
 P 319930 3631 163279 35995620
PT [3 0 131 -91 1]
 P 321667 3631 163296 36117577
PT [3 0 132 -92 1]
 P 322516 3631 163300 36236220
PT [3 0 133 -92 1]
 P 324266 3631 163317 36358625
PT [3 0 134 -93 1]
 P 325077 3631 163320 36476820
PT [3 0 135 -93 1]
 P 327066 3631 163337 36599258
PT [3 0 136 -95 1]
 P 327839 3631 163340 36717420
PT [3 0 137 -95 1]
 P 329692 3703 163359 36839619
PT [3 0 138 -96 1]
 P 330540 3703 163362 36958020
PT [3 0 139 -96 1]
 P 332375 3703 163377 37080041
PT [3 0 140 -98 1]
 P 333185 3703 163380 37198620
PT [3 0 141 -98 1]
 P 333976 3703 163383 37318920
PT [3 0 142 -98 1]
 P 334747 3703 163387 37439220
PT [3 0 143 -98 1]
 P 335499 3703 163390 37559520
PT [3 0 144 -98 1]
 P 336232 3703 163393 37679820
PT [3 0 145 -98 1]
 P 336946 3703 163396 37800120
PT [3 0 146 -98 1]
 P 337641 3703 163399 37920420
PT [3 0 147 -98 1]
 P 338316 3703 163403 38040720
PT [3 0 148 -98 1]
 P 338972 3703 163406 38161020
PT [3 0 149 -98 1]
 P 339610 3703 163409 38281320
PT [3 0 150 -98 1]
 P 340228 3703 163412 38401620
PT [3 0 151 -98 1]
 P 340827 3703 163415 38521920
PT [3 0 152 -98 1]
 P 341407 3703 163418 38642220
PT [3 0 153 -98 1]
 P 341967 3703 163422 38762520
PT [3 0 154 -98 1]
 P 343573 3703 163438 38885021
PT [3 0 155 -108 1]
 P 344415 3703 163441 39003120
PT [3 0 156 -108 1]
 P 346339 3703 163457 39125493
PT [3 0 1 0 1]
 P 347252 3703 163460 39243610
PT [3 0 2 0 1]
 P 348146 3703 163463 39363910
PT [3 0 3 0 1]
 P 350087 3703 163480 39485675
PT [3 0 4 -2 1]
 P 350943 3703 163483 39604510
PT [3 0 5 -2 1]
 P 352875 3703 163500 39727267
PT [3 0 6 -3 1]
 P 353824 3703 163503 39845110
PT [3 0 7 -3 1]
Warning: retx limit drop data
 P 355153 3703 163514 39966668
PT [3 0 8 -3 1]
 P 356064 3703 163517 40085710
PT [3 0 9 -3 1]
 P 357884 3703 163534 40207188
PT [3 0 10 -6 1]
 P 358757 3703 163537 40326310
PT [3 0 11 -6 1]
 P 359611 3703 163540 40446610
PT [3 0 12 -6 1]
 P 361546 3703 163558 40567832
PT [3 0 13 -8 1]
 P 362493 3703 163561 40687210
PT [3 0 14 -8 1]
 P 364366 3703 163577 40809263
PT [3 0 15 -9 1]
 P 365275 3703 163580 40927810
PT [3 0 16 -9 1]
 P 367129 3703 163598 41050279
PT [3 0 17 -11 1]
 P 367999 3703 163601 41168410
PT [3 0 18 -11 1]
 P 369889 3703 163618 41290751
PT [3 0 19 -12 1]
 P 370834 3703 163621 41409010
PT [3 0 20 -12 1]
 P 372588 3703 163624 41529310
PT [3 0 21 -12 1]
Warning: retx limit drop data
 P 374418 3703 163640 41651159
PT [3 0 22 -14 1]
 P 375305 3703 163643 41769910
PT [3 0 23 -14 1]
 P 377128 3703 163660 41892667
PT [3 0 24 -16 1]
 P 377978 3703 163663 42010510
PT [3 0 25 -16 1]
 P 379847 3775 163683 42132742
PT [3 0 26 -17 1]
 P 380790 3775 163687 42251110
PT [3 0 27 -17 1]
 P 382672 3775 163703 42373546
PT [3 0 28 -19 1]
 P 383577 3775 163706 42491710
PT [3 0 29 -19 1]
 P 384463 3775 163709 42612010
PT [3 0 30 -19 1]
 P 386254 3775 163726 42734351
PT [3 0 31 -21 1]
 P 387102 3775 163729 42852610
PT [3 0 32 -21 1]
 P 389056 3775 163747 42974439
PT [3 0 33 -22 1]
 P 389997 3775 163750 43093210
PT [3 0 34 -22 1]
 P 391848 3775 163768 43215935
PT [3 0 35 -24 1]
 P 392751 3775 163771 43333810
PT [3 0 36 -24 1]
 P 394507 3775 163789 43455768
PT [3 0 37 -25 1]
 P 395371 3775 163792 43574410
PT [3 0 38 -25 1]
Warning: retx limit drop data
 P 396720 3775 166373 43699042
PT [3 0 39 -25 1]
 P 397659 3775 166376 43815010
PT [3 0 40 -25 1]
 P 399679 4057 166394 43936615
PT [3 0 41 -28 1]
 P 400579 4057 166397 44055610
PT [3 0 42 -28 1]
 P 401460 4057 166400 44175910
PT [3 0 43 -28 1]
 P 402322 4057 166403 44296210
PT [3 0 44 -28 1]
 P 403165 4057 166406 44416510
PT [3 0 45 -28 1]
 P 405054 4057 166423 44537764
PT [3 0 46 -31 1]
 P 405990 4057 166426 44657110
PT [3 0 47 -31 1]
 P 407839 4129 166444 44779821
PT [3 0 48 -33 1]
 P 408737 4129 166447 44897710
PT [3 0 49 -33 1]
 P 410659 4129 166466 45020819
PT [3 0 50 -34 1]
 P 411520 4129 166469 45138310
PT [3 0 51 -34 1]
 P 413434 4129 166485 45259595
PT [3 0 52 -35 1]
 P 414368 4129 166488 45378910
PT [3 0 53 -35 1]
 P 416243 4129 166505 45501923
PT [3 0 54 -37 1]
 P 417138 4129 166509 45619510
PT [3 0 55 -37 1]
 P 418842 4129 166513 45739810
PT [3 0 56 -37 1]
 P 420842 4129 166530 45862055
PT [3 0 57 -39 1]
 P 421680 4129 166533 45980410
PT [3 0 58 -39 1]
 P 423523 4129 166549 46102431
PT [3 0 59 -40 1]
 P 424456 4129 166552 46221010
PT [3 0 60 -40 1]
Warning: retx limit drop data
 P 426280 4129 166570 46343533
PT [3 0 61 -42 1]
 P 427174 4129 166573 46461610
PT [3 0 62 -42 1]
 P 429044 4201 166593 46583841
PT [3 0 63 -43 1]
 P 429901 4201 166596 46702210
PT [3 0 64 -43 1]
 P 431356 4403 166607 46824131
PT [3 0 65 -43 1]
 P 432286 4403 166610 46942810
PT [3 0 66 -43 1]
 P 434098 4475 166629 47064529
PT [3 0 67 -46 1]
 P 434990 4475 166632 47183410
PT [3 0 68 -46 1]
 P 436881 4475 166648 47304567
PT [3 0 69 -47 1]
 P 437734 4475 166652 47424010
PT [3 0 70 -47 1]
 P 439627 4475 166669 47546063
PT [3 0 71 -49 1]
 P 440555 4475 166672 47664610
PT [3 0 72 -49 1]
 P 442400 4475 166689 47787048
PT [3 0 73 -49 1]
 P 443289 4475 166692 47905210
PT [3 0 74 -49 1]
 P 444159 4475 166695 48025510
PT [3 0 75 -49 1]
 P 445011 4475 166698 48145810
PT [3 0 76 -49 1]
 P 446959 4475 166715 48268247
PT [3 0 77 -53 1]
 P 447885 4475 166718 48386410
PT [3 0 78 -53 1]
 P 449620 4475 166721 48506710
PT [3 0 79 -53 1]
 P 451507 4475 166737 48628571
PT [3 0 80 -55 1]
 P 452376 4475 166740 48747310
PT [3 0 81 -55 1]
 P 453226 4475 166743 48867610
PT [3 0 82 -55 1]
Warning: retx limit drop data
 P 455194 4475 166759 48990516
PT [3 0 83 -57 1]
 P 456118 4475 166762 49108210
PT [3 0 84 -57 1]
 P 458025 4547 166781 49230537
PT [3 0 85 -59 1]
 P 458911 4547 166784 49348810
PT [3 0 86 -59 1]
 P 460797 4829 166802 49471311
PT [3 0 87 -60 1]
 P 461644 4829 166805 49589410
PT [3 0 88 -60 1]
 P 463536 4829 166821 49711751
PT [3 0 89 -62 1]
 P 464457 4829 166824 49830010
PT [3 0 90 -62 1]
 P 466374 4829 166841 49951840
PT [3 0 91 -63 1]
 P 467257 4829 166844 50070610
PT [3 0 92 -63 1]
 P 469091 4829 166861 50192631
PT [3 0 93 -64 1]
 P 469936 4829 166864 50311210
PT [3 0 94 -64 1]
 P 470761 4829 166868 50431510
PT [3 0 95 -64 1]
 P 472640 4829 166884 50554043
PT [3 0 96 -66 1]
 P 473560 4829 166887 50672110
PT [3 0 97 -66 1]
 P 474461 4829 166890 50792410
PT [3 0 98 -66 1]
Warning: retx limit drop data
 P 476344 4829 166906 50914515
PT [3 0 99 -69 1]
 P 477207 4829 166909 51033010
PT [3 0 100 -69 1]
 P 478050 4829 166913 51153310
PT [3 0 101 -69 1]
 P 479861 4829 166930 51275715
PT [3 0 102 -71 1]
 P 480779 4829 166933 51393910
PT [3 0 103 -71 1]
 P 482506 4829 166936 51514210
PT [3 0 104 -71 1]
 P 483863 4829 166939 51634510
PT [3 0 105 -71 1]
 P 485843 4829 166955 51756979
PT [3 0 106 -73 1]
 P 486684 4829 166958 51875110
PT [3 0 107 -73 1]
 P 488073 4829 169538 51999017
PT [3 0 108 -73 1]
 P 488989 4829 169541 52115710
PT [3 0 109 -73 1]
 P 491008 4829 169557 52237315
PT [3 0 110 -76 1]
 P 491886 4829 169560 52356310
PT [3 0 111 -76 1]
 P 492745 4829 169563 52476610
PT [3 0 112 -76 1]
 P 494673 4829 169579 52597863
PT [3 0 113 -78 1]
 P 495493 4829 169583 52717210
PT [3 0 114 -78 1]
Warning: retx limit drop data
 P 497380 4829 169601 52839764
PT [3 0 115 -80 1]
 P 498293 4829 169604 52957810
PT [3 0 116 -80 1]
 P 500217 5111 169622 53080919
PT [3 0 117 -81 1]
 P 501092 5111 169625 53198410
PT [3 0 118 -81 1]
 P 502955 5111 169641 53320431
PT [3 0 119 -83 1]
 P 503791 5111 169644 53439010
PT [3 0 120 -83 1]
 P 505667 5111 169661 53561479
PT [3 0 121 -84 1]
 P 506579 5111 169664 53679610
PT [3 0 122 -84 1]
 P 508545 5111 169680 53801695
PT [3 0 123 -85 1]
 P 509418 5111 169683 53920210
PT [3 0 124 -85 1]
 P 511280 5111 169700 54042231
PT [3 0 125 -87 1]
 P 512115 5111 169703 54160810
PT [3 0 126 -87 1]
 P 512931 5111 169706 54281110
PT [3 0 127 -87 1]
 P 513727 5111 169710 54401410
PT [3 0 128 -87 1]
 P 514504 5111 169713 54521710
PT [3 0 129 -87 1]
 P 515262 5111 169716 54642010
PT [3 0 130 -87 1]
 P 516001 5111 169719 54762310
PT [3 0 131 -87 1]
 P 516721 5111 169722 54882610
PT [3 0 132 -87 1]
 P 517423 5111 169725 55002910
PT [3 0 133 -87 1]
 P 518104 5111 169728 55123210
PT [3 0 134 -87 1]
 P 518766 5111 169731 55243510
PT [3 0 135 -87 1]
 P 519409 5111 169734 55363810
PT [3 0 136 -87 1]
 P 520033 5111 169737 55484110
PT [3 0 137 -87 1]
 P 520638 5111 169740 55604410
PT [3 0 138 -87 1]
 P 521223 5111 169743 55724710
PT [3 0 139 -87 1]
 P 521789 5111 169746 55845010
PT [3 0 140 -87 1]
 P 522336 5111 169749 55965310
PT [3 0 141 -87 1]
 P 522864 5111 169752 56085610
PT [3 0 142 -87 1]
 P 523373 5111 169755 56205910
PT [3 0 143 -87 1]
 P 523862 5111 169759 56326210
PT [3 0 144 -87 1]
 P 524332 5111 169762 56446510
PT [3 0 145 -87 1]
 P 524784 5111 169765 56566810
PT [3 0 146 -87 1]
 P 525216 5111 169768 56687110
PT [3 0 147 -87 1]
 P 525629 5111 169771 56807410
PT [3 0 148 -87 1]
 P 526023 5111 169774 56927710
PT [3 0 149 -87 1]
 P 526397 5111 169777 57048010
PT [3 0 150 -87 1]
 P 526752 5111 169780 57168310
PT [3 0 151 -87 1]
 P 527088 5111 169783 57288610
PT [3 0 152 -87 1]
 P 527405 5111 169786 57408910
PT [3 0 153 -87 1]
 P 527703 5111 169789 57529210
PT [3 0 154 -87 1]
 P 527981 5111 169792 57649510
PT [3 0 155 -87 1]
 P 528240 5111 169795 57769810
PT [3 0 156 -87 1]
Warning: retx limit drop data
 P 529480 5111 169811 57892331
PT [3 0 1 0 1]
 P 530488 5111 169814 58010301
PT [3 0 2 0 1]
 P 532467 5111 169832 58132290
PT [3 0 3 -2 1]
 P 533436 5111 169836 58250901
PT [3 0 4 -2 1]
 P 535472 5111 169853 58372987
PT [3 0 5 -3 1]
 P 536403 5111 169856 58491501
PT [3 0 6 -3 1]
 P 538420 5111 169872 58614001
PT [3 0 7 -5 1]
 P 539426 5111 169876 58732101
PT [3 0 8 -5 1]
 P 541403 5111 169893 58854538
PT [3 0 9 -6 1]
