364928890 1 46653 R 191.0 1 1 96 1
365684751 1 46749 R 93.0 1 2 178 2
365857718 1 46772 R 245.0 1 3 289 3
367093563 1 46930 R 245.0 2 3 63 4
369297517 1 47212 R 142.0 1 1 570 5
370068942 1 47311 R 142.0 2 1 285 6
370824537 1 47407 R 40.0 1 2 789 7
371559868 1 47501 R 191.0 2 1 561 8
372276536 1 47593 R 191.0 3 1 268 9
372977681 1 47683 R 93.0 2 2 727 10
373705082 1 47776 R 40.0 2 2 773 11
374492419 1 47877 R 196.0 1 3 1375 12
375201081 1 47967 R 142.0 3 1 558 13
375928394 1 48061 R 93.0 3 2 722 14
376660781 1 48154 R 245.0 3 3 905 15
377377421 1 48246 R 191.0 4 1 537 16
378159778 1 48346 R 196.0 2 3 1460 17
378899647 1 48441 R 142.0 4 1 647 18
379624232 1 48534 R 40.0 3 2 1148 19
380343619 1 48626 R 93.0 4 2 902 20
381091689 1 48721 R 191.0 5 1 629 21
381824193 1 48815 R 245.0 4 3 1180 22
382540515 1 48907 R 93.0 5 2 800 23
383304179 1 49005 R 191.0 6 1 528 24
383473016 1 49026 R 93.0 6 2 535 25
384738762 1 49188 R 196.0 3 3 1919 26
385494461 1 49285 R 142.0 5 1 1107 27
386234489 1 49380 R 40.0 4 2 1609 28
386951271 1 49471 R 245.0 5 3 1452 29
387660136 1 49562 R 245.0 6 3 1159 30
387887416 1 49591 R 191.0 7 1 731 31
389139208 1 49752 R 245.0 7 3 965 32
389886988 1 49847 R 93.0 7 2 973 33
390063827 1 49870 R 191.0 8 1 625 34
391385771 1 50039 R 93.0 8 2 779 35
391519638 1 50056 R 245.0 8 3 887 36
391711985 1 50081 R 191.0 9 1 452 37
391915915 1 50107 R 93.0 9 2 463 38
392084979 1 50129 R 245.0 9 3 574 39
392297032 1 50156 R 245.0 10 3 217 40
393572223 1 50319 R 196.0 4 3 2664 41
394288783 1 50411 R 40.0 5 2 2257 42
395052481 1 50508 R 142.0 6 1 1947 43
395782813 1 50602 R 191.0 10 1 589 44
396499456 1 50694 R 191.0 11 1 297 45
397200402 1 50783 R 93.0 10 2 756 46
397948355 1 50879 R 93.0 11 2 468 47
398680760 1 50973 R 245.0 11 3 650 48
398896555 1 51000 R 191.0 12 1 220 49
400143395 1 51160 R 142.0 7 1 2215 50
400875713 1 51254 R 196.0 5 3 3216 51
401654813 1 51354 R 40.0 6 2 2815 52
402343087 1 51442 R 93.0 12 2 647 53
403083326 1 51536 R 245.0 12 3 831 54
403295262 1 51563 R 191.0 13 1 399 55
404558707 1 51725 R 142.0 8 1 2396 56
405306482 1 51821 R 40.0 7 2 2898 57
406038896 1 51915 R 142.0 9 1 2201 58
406755808 1 52006 R 142.0 10 1 1909 59
407519153 1 52104 R 196.0 6 3 3682 60
408267044 1 52200 R 196.0 7 3 3394 61
408983801 1 52292 R 93.0 13 2 1113 62
409700586 1 52383 R 245.0 13 3 1293 63
410463965 1 52481 R 191.0 14 1 932 64
411202371 1 52576 R 142.0 11 1 1710 65
411918697 1 52667 R 40.0 8 2 3362 66
412619830 1 52757 R 196.0 8 3 3567 67
413367987 1 52853 R 142.0 12 1 1219 68
414100003 1 52947 R 40.0 9 2 3256 69
414879320 1 53046 R 40.0 10 2 2972 70
415555080 1 53133 R 191.0 15 1 1200 71
416349802 1 53234 R 93.0 14 2 1671 72
417066558 1 53326 R 191.0 16 1 1010 73
417783038 1 53418 R 196.0 9 3 3844 74
418531170 1 53514 R 142.0 13 1 1496 75
419263468 1 53607 R 196.0 10 3 3650 76
419970286 1 53698 R 93.0 15 2 1750 77
420718289 1 53794 R 245.0 14 3 2319 78
421450619 1 53887 R 191.0 17 1 1187 79
422182921 1 53981 R 142.0 14 1 1580 80
422900440 1 54073 R 40.0 11 2 3615 81
423687542 1 54174 R 196.0 11 3 3833 82
424370057 1 54261 R 191.0 18 1 1176 83
425133461 1 54359 R 93.0 16 2 2028 84
425881557 1 54455 R 245.0 15 3 2596 85
426599188 1 54546 R 142.0 15 1 1761 86
427354815 1 54643 R 40.0 12 2 3801 87
428095038 1 54738 R 196.0 12 3 4013 88
428819588 1 54831 R 142.0 16 1 1661 89
429528312 1 54921 R 40.0 13 2 3311 90
430284163 1 55018 R 142.0 17 1 1464 91
431019351 1 55112 R 245.0 16 3 2869 92
431736019 1 55204 R 191.0 19 1 1735 93
432499425 1 55302 R 93.0 17 2 2586 94
433184965 1 55389 R 245.0 17 3 2763 95
433917296 1 55483 R 191.0 20 1 1630 96
434696359 1 55583 R 93.0 18 2 2484 97
435429791 1 55677 R 142.0 18 1 1739 98
436154281 1 55769 R 196.0 13 3 4661 99
436863236 1 55860 R 40.0 14 2 3866 100
437619053 1 55957 R 142.0 19 1 1635 101
438359163 1 56052 R 196.0 14 3 4557 102
439083669 1 56144 R 142.0 20 1 1439 103
439803248 1 56236 R 191.0 21 1 2000 104
440551139 1 56332 R 245.0 18 3 3322 105
441283322 1 56426 R 93.0 19 2 2942 106
442000111 1 56518 R 191.0 22 1 1897 107
442763659 1 56615 R 245.0 19 3 3221 108
443511538 1 56711 R 93.0 20 2 2844 109
444241975 1 56805 R 196.0 15 3 4926 110
444942932 1 56894 R 40.0 15 2 4516 111
445690870 1 56990 R 40.0 16 2 4229 112
446423251 1 57084 R 142.0 21 1 1994 113
447139993 1 57176 R 196.0 16 3 4913 114
447903365 1 57273 R 40.0 17 2 4128 115
448649406 1 57369 R 245.0 20 3 3590 116
449366030 1 57461 R 93.0 21 2 3209 117
450067166 1 57550 R 245.0 21 3 3388 118
450854158 1 57651 R 196.0 17 3 5005 119
451586375 1 57745 R 40.0 18 2 4214 120
452303166 1 57836 R 196.0 18 3 4807 121
453017811 1 57928 R 191.0 23 1 2155 122
453749998 1 58022 R 93.0 22 2 3386 123
454529176 1 58121 R 93.0 23 2 3102 124
455230403 1 58211 R 245.0 22 3 3665 125
455978290 1 58307 R 191.0 24 1 1766 126
456710595 1 58401 R 245.0 23 3 3470 127
457427270 1 58492 R 191.0 25 1 1568 128
458190819 1 58590 R 245.0 24 3 3276 129
458876130 1 58678 R 93.0 24 2 3274 130
459629099 1 58774 R 142.0 22 1 2533 131
460353438 1 58867 R 40.0 19 2 4568 132
461124797 1 58966 R 40.0 20 2 4283 133
461873833 1 59061 R 191.0 26 1 1369 134
462590368 1 59153 R 93.0 25 2 3366 135
463291492 1 59243 R 191.0 27 1 1166 136
464020943 1 59336 R 142.0 23 1 2327 137
464761058 1 59431 R 196.0 19 3 6017 138
465485539 1 59524 R 196.0 20 3 5725 139
466242065 1 59621 R 93.0 26 2 3449 140
466974505 1 59714 R 245.0 25 3 4016 141
467691189 1 59806 R 245.0 26 3 3723 142
468454733 1 59904 R 191.0 28 1 1443 143
469202578 1 60000 R 93.0 27 2 3444 144
469934841 1 60093 R 93.0 28 2 3154 145
470662422 1 60186 R 142.0 24 1 2793 146
471418045 1 60283 R 40.0 21 2 5217 147
472095736 1 60370 R 142.0 25 1 2592 148
472854388 1 60467 R 191.0 29 1 1622 149
473617911 1 60565 R 245.0 27 3 4106 150
474303259 1 60652 R 93.0 29 2 3329 151
475035675 1 60746 R 245.0 28 3 3896 152
475814700 1 60846 R 93.0 30 2 3138 153
476515862 1 60936 R 245.0 29 3 3701 154
477293163 1 61035 R 142.0 26 1 2874 155
478009802 1 61127 R 196.0 21 3 6944 156
478710851 1 61217 R 142.0 27 1 2287 157
479466554 1 61313 R 245.0 30 3 3694 158
480198847 1 61407 R 245.0 31 3 3405 159
480915549 1 61499 R 245.0 32 3 3112 160
481679130 1 61597 R 191.0 30 1 1216 161
482426913 1 61692 R 93.0 31 2 2833 162
483159326 1 61786 R 245.0 33 3 3015 163
483864288 1 61876 R 142.0 28 1 2563 164
484596592 1 61970 R 196.0 22 3 7404 165
485313298 1 62062 R 196.0 23 3 7112 166
486078612 1 62160 R 93.0 32 2 2916 167
486779808 1 62249 R 191.0 31 1 1485 168
487527706 1 62345 R 245.0 34 3 3191 169
488259998 1 62439 R 191.0 32 1 1290 170
489039064 1 62539 R 93.0 33 2 2911 171
489740227 1 62628 R 245.0 35 3 3091 172
490482333 1 62723 R 142.0 29 1 3026 173
491230293 1 62819 R 196.0 24 3 7485 174
491962446 1 62913 R 40.0 22 2 6694 175
492690940 1 63006 R 191.0 33 1 1473 176
493423130 1 63100 R 93.0 34 2 3088 177
494139841 1 63192 R 93.0 35 2 2796 178
494882057 1 63287 R 142.0 30 1 2821 179
495645545 1 63384 R 196.0 25 3 7667 180
496330880 1 63472 R 40.0 23 2 6485 181
497063300 1 63566 R 142.0 31 1 2332 182
497842481 1 63665 R 196.0 26 3 7565 183
498543497 1 63755 R 142.0 32 1 1754 184
499308952 1 63853 R 191.0 34 1 1937 185
499994379 1 63941 R 245.0 36 3 4019 186
500789169 1 64043 R 191.0 35 1 1742 187
501494169 1 64133 R 142.0 33 1 1747 188
502226468 1 64227 R 142.0 34 1 1457 189
502943036 1 64318 R 40.0 24 2 6948 190
503708605 1 64416 R 245.0 37 3 4109 191
504409690 1 64506 R 245.0 38 3 3816 192
505157502 1 64602 R 93.0 36 2 3822 193
505909489 1 64698 R 142.0 35 1 1545 194
506657302 1 64794 R 40.0 25 2 7039 195
507389631 1 64888 R 40.0 26 2 5981 196
508092704 1 64978 R 191.0 36 1 2293 197
508809348 1 65069 R 191.0 37 1 2001 198
509572752 1 65167 R 93.0 37 2 4003 199
510309120 1 65261 R 142.0 36 1 1724 200
511026799 1 65353 R 196.0 29 3 8099 201
511751137 1 65446 R 40.0 27 2 5771 202
512523550 1 65545 R 191.0 38 1 2092 203
513255846 1 65638 R 245.0 39 3 4564 204
513972445 1 65730 R 93.0 38 2 4182 205
514725470 1 65826 R 142.0 37 1 1905 206
515418680 1 65915 R 196.0 30 3 8277 207
516158641 1 66010 R 40.0 28 2 5567 208
516938863 1 66110 R 191.0 39 1 1889 209
517624326 1 66198 R 245.0 40 3 4740 210
518356478 1 66291 R 93.0 39 2 4360 211
519135768 1 66391 R 191.0 40 1 1786 212
519836780 1 66481 R 191.0 41 1 1492 213
520584770 1 66576 R 245.0 41 3 4735 214
521288758 1 66667 R 196.0 31 3 8646 215
522060043 1 66765 R 40.0 29 2 5555 216
522815780 1 66862 R 40.0 30 2 4884 217
523493472 1 66949 R 142.0 38 1 1875 218
524280411 1 67050 R 40.0 31 2 3920 219
524989327 1 67140 R 196.0 34 3 7966 220
525745090 1 67237 R 142.0 39 1 1779 221
526485200 1 67332 R 142.0 40 1 1490 222
527209611 1 67424 R 40.0 32 2 3910 223
527918520 1 67515 R 142.0 41 1 1290 224
528674257 1 67612 R 196.0 35 3 8053 225
529414290 1 67707 R 40.0 33 2 3808 226
530138896 1 67799 R 196.0 36 3 7858 227
530847545 1 67890 R 142.0 42 1 897 228
531603462 1 67987 R 196.0 37 3 7661 229
532330809 1 68080 R 191.0 42 1 2707 230
533047363 1 68172 R 93.0 40 2 5857 231
533810949 1 68269 R 93.0 41 2 5570 232
534546399 1 68364 R 196.0 38 3 7654 233
535270849 1 68456 R 196.0 39 3 7363 234
535979712 1 68547 R 142.0 43 1 1169 235
536735335 1 68644 R 40.0 34 2 3593 236
537475596 1 68739 R 196.0 40 3 7262 237
538199936 1 68831 R 40.0 35 2 3398 238
538971378 1 68930 R 142.0 44 1 1168 239
539685043 1 69021 R 40.0 36 2 2819 240
540433057 1 69117 R 196.0 42 3 6872 241
541167259 1 69211 R 191.0 43 1 3454 242
541899528 1 69305 R 191.0 44 1 3164 243
542616269 1 69397 R 245.0 42 3 7170 244
543317287 1 69486 R 245.0 43 3 6876 245
544065069 1 69582 R 93.0 42 2 6114 246
544797479 1 69676 R 191.0 45 1 3151 247
545570922 1 69775 R 142.0 45 1 1629 248
546287602 1 69866 R 196.0 43 3 6468 249
546988544 1 69956 R 40.0 37 2 2986 250
547736549 1 70052 R 196.0 44 3 6269 251
548468849 1 70146 R 196.0 45 3 5979 252
549247907 1 70245 R 40.0 38 2 2891 253
549949108 1 70335 R 196.0 46 3 5785 254
550696993 1 70431 R 196.0 47 3 5496 255
551429214 1 70525 R 40.0 39 2 2786 256
552184931 1 70621 R 191.0 46 1 3713 257
552886015 1 70711 R 245.0 44 3 7716 258
553633788 1 70807 R 93.0 43 2 6571 259
554366267 1 70901 R 191.0 47 1 2456 260
555082912 1 70992 R 191.0 48 1 1780 261
555846434 1 71090 R 245.0 45 3 7711 262
556551523 1 71180 R 142.0 46 1 1883 263
557315041 1 71278 R 196.0 48 3 5959 264
558000377 1 71366 R 40.0 40 2 3243 265
558795183 1 71467 R 40.0 41 2 2961 266
559511973 1 71559 R 142.0 47 1 1494 267
560212991 1 71649 R 196.0 50 3 5562 268
560960798 1 71745 R 40.0 42 2 2854 269
561693096 1 71838 R 40.0 43 2 2565 270
561877754 1 71862 R 142.0 48 1 1412 271
563140080 1 72024 R 93.0 44 2 7404 272
563934839 1 72125 R 93.0 45 2 6738 273
564651635 1 72217 R 191.0 49 1 2620 274
565352655 1 72307 R 191.0 50 1 2326 275
565584100 1 72336 R 245.0 47 3 8190 276
565733402 1 72356 R 93.0 46 2 6584 277
565941464 1 72382 R 245.0 48 3 7851 278
566098658 1 72402 R 245.0 49 3 7489 279
566283195 1 72426 R 245.0 50 3 7128 280
567589727 1 72593 R 142.0 49 1 1760 281
567762551 1 72615 R 142.0 50 1 1398 282
567962566 1 72641 R 40.0 44 2 2982 283
568143198 1 72664 R 40.0 45 2 2621 284
568319927 1 72687 R 40.0 46 2 2260 285
568508406 1 72711 R 40.0 47 2 1900 286
569752199 1 72870 R 93.0 47 2 4410 287
569975863 1 72899 R 93.0 48 2 4055 288
570148623 1 72921 R 93.0 49 2 3310 289
570348824 1 72946 R 93.0 50 2 2952 290
571997087 1 73157 R 40.0 48 2 1963 291
572193309 1 73182 R 40.0 49 2 1604 292
572323167 1 73199 R 40.0 50 2 1237 293
