 P 0 0 62 10004
 P 0 0 3452 81153
 P 0 0 6842 153333
 P 0 0 10232 225513
 P 0 0 13622 297693
 P 68 0 17014 371871
 P 68 0 20404 442053
 P 68 0 23794 514233
 P 68 0 27184 586413
 P 68 0 30574 658593
 P 136 0 33966 731267
 P 136 0 37356 802953
 P 136 0 40746 875133
 P 136 0 44136 947313
 P 2432 0 45230 1019493
 P 2500 0 48622 1092071
 P 2500 0 52012 1163853
 P 2500 0 55402 1236033
 P 2500 0 58792 1308213
 P 3528 0 58800 1380393
 P 3596 0 62192 1454795
 P 3596 0 65582 1524753
 P 3596 0 68972 1596933
 P 3596 0 72362 1669113
 P 5297 0 72370 1741293
 P 5365 0 75762 1815855
 P 5365 0 79152 1885653
 P 5365 0 82542 1957833
 P 5365 0 85932 2030013
 P 6586 0 85940 2102193
 P 6654 0 89332 2175763
 P 6654 0 92722 2246553
 P 6654 0 96112 2318733
 P 6654 0 99502 2390913
 P 7556 0 99510 2463093
 P 7624 0 102902 2537079
 P 7624 0 106292 2607453
 P 7624 0 109682 2679633
 P 7624 0 113072 2751813
 P 9742 0 113080 2823993
 P 9810 0 116472 2898267
 P 9810 0 119862 2968353
 P 9810 0 123252 3040533
 P 9810 0 126642 3112713
 P 12633 0 126649 3184893
 P 12701 0 130041 3257791
 P 12701 0 133431 3329253
 P 12701 0 136821 3401433
 P 12701 0 140211 3473613
 P 15172 0 140219 3545793
 P 15240 0 143611 3620259
 P 15240 0 147001 3690153
 P 15240 0 150391 3762333
 P 15240 0 153781 3834513
 P 16111 0 153789 3906693
 P 16179 0 157181 3980039
 P 16179 0 160571 4051053
 P 16179 0 163961 4123233
 P 16179 0 167351 4195413
 P 19035 0 167359 4267593
 P 19103 0 170751 4341739
 P 19103 0 174141 4411953
 P 19103 0 177531 4484133
 P 19103 0 180921 4556313
 P 21383 0 180929 4628493
 P 21451 0 184321 4701775
 P 21451 0 187711 4772853
 P 21451 0 191101 4845033
 P 21451 0 194491 4917213
 P 22644 0 194499 4989393
 P 22712 0 197891 5062707
 P 22712 0 201281 5133753
 P 22712 0 204671 5205933
 P 22712 0 208061 5278113
 P 24353 0 208069 5350293
 P 24421 0 211461 5422999
 P 24421 0 214851 5494653
 P 24421 0 218241 5566833
 P 24421 0 221631 5639013
 P 25999 0 221638 5711193
 P 26067 0 225030 5785211
 P 26067 0 228420 5855553
 P 26067 0 231810 5927733
 P 26067 0 235200 5999913
 P 27069 0 235208 6072093
 P 27137 0 238600 6145759
 P 27137 0 241990 6216453
 P 27137 0 245380 6288633
 P 27137 0 248770 6360813
 P 29099 0 248778 6432993
 P 29167 0 252170 6507203
 P 29167 0 255560 6577353
 P 29167 0 258950 6649533
 P 29167 0 262340 6721713
 P 31578 0 262348 6793893
 P 31646 0 265740 6868007
 P 31646 0 269130 6938253
 P 31646 0 272520 7010433
 P 31646 0 275910 7082613
 P 33993 0 275918 7154793
 P 34061 0 279310 7228683
 P 34061 0 282700 7299153
 P 34061 0 286090 7371333
 P 34061 0 289480 7443513
 P 35833 0 289489 7515693
 P 35901 0 292881 7589743
 P 35901 0 296271 7660053
 P 35901 0 299661 7732233
 P 35901 0 303051 7804413
 P 38633 0 303059 7876593
 P 38701 0 306451 7949651
 P 38701 0 309841 8020953
 P 38701 0 313231 8093133
 P 38701 0 316621 8165313
 P 39835 0 316628 8237493
 P 39903 0 320020 8310967
 P 39903 0 323410 8381853
 P 39903 0 326800 8454033
 P 39903 0 330190 8526213
 P 40972 0 330198 8598393
 P 41040 0 333590 8672155
 P 41040 0 336980 8742753
 P 41040 0 340370 8814933
 P 41040 0 343760 8887113
 P 43583 0 343767 8959293
 P 43651 0 347159 9033727
 P 43651 0 350549 9103653
 P 43651 0 353939 9175833
 P 43651 0 357329 9248013
 P 45105 0 357337 9320193
 P 45173 0 360729 9394147
 P 45173 0 364119 9464553
 P 45173 0 367509 9536733
 P 45173 0 370899 9608913
 P 47075 0 370907 9681093
 P 47143 0 374299 9753927
 P 47143 0 377689 9825453
 P 47143 0 381079 9897633
 P 47143 0 384469 9969813
 P 48982 0 384477 10041993
 P 49050 0 387869 10115627
 P 49050 0 391259 10186353
 P 49050 0 394649 10258533
 P 49050 0 398039 10330713
 P 50313 0 398047 10402893
 P 50381 0 401439 10475663
 P 50381 0 404829 10547253
 P 50381 0 408219 10619433
 P 50381 0 411609 10691613
 P 52605 0 411616 10763793
 P 52673 0 415008 10836595
 P 52673 0 418398 10908153
 P 52673 0 421788 10980333
 P 52673 0 425178 11052513
 P 55345 0 425186 11124693
 P 55413 0 428578 11198935
 P 55413 0 431968 11269053
 P 55413 0 435358 11341233
 P 55413 0 438748 11413413
 P 58021 0 438756 11485593
 P 58089 0 442148 11559099
 P 58089 0 445538 11629953
 P 58089 0 448928 11702133
 P 58089 0 452318 11774313
 P 60122 0 452326 11846493
 P 62297 544 455734 11990853
 P 69696 1906 455775 12207393
 P 71857 2178 455784 12279573
 P 81723 3538 455826 12496113
 P 84429 3809 455834 12568293
 P 91980 4899 459259 12784833
 P 103299 6531 462697 13073553
 P 108466 7347 462724 13217913
 P 115077 8164 462748 13362273
 P 117924 8706 466156 13434453
 P 121812 9250 467384 13506633
 P 133354 10883 467432 13650993
 P 135133 11156 467441 13723173
 P 137872 11428 467449 13795353
 P 141979 12244 467473 13867533
 P 146602 13060 467500 13939713
 P 152118 13876 467526 14011893
 P 157060 14694 467551 14084073
 P 161938 15510 467575 14156253
 P 175912 17679 467644 14300613
 P 178688 17951 467654 14374151
 P 185262 18767 467678 14444973
 P 188680 19311 471084 14517153
 P 190748 19583 471092 14589333
 P 199692 20945 474522 14733693
 P 203582 21761 474551 14805873
 P 209292 22577 474578 14878053
 P 213437 23392 474602 14950233
 P 227324 25564 474670 15094593
 P 232525 26380 474694 15166773
 P 242188 28014 481525 15311133
 P 244737 28286 481533 15383313
 P 249298 29102 481557 15455493
 P 254819 29918 481581 15527673
 P 265236 31822 481640 15672033
 P 267850 32638 481669 15744213
 P 277971 34269 481717 15888573
 P 286509 35629 481759 16032933
 P 292897 36445 481783 16105113
 P 294967 36717 485181 16177293
 P 297105 36989 488581 16249473
 P 303397 37805 488605 16321653
 P 307673 38621 488629 16393833
 P 311821 39439 488656 16466013
 P 318689 40256 488683 16538193
 P 332129 42705 488760 16682553
 P 334200 42976 492159 16754733
 P 338863 43791 492184 16826913
 P 343718 44607 492208 16899093
 P 349469 45423 492232 16971273
 P 355640 46241 492259 17043453
 P 358639 47058 492283 17115633
 P 368702 48693 492331 17259993
 P 373397 49509 492357 17332173
 P 378325 50053 495765 17404353
 P 380689 50325 495775 17477475
 P 384492 51142 495799 17548713
 P 386564 51413 499197 17620893
 P 399404 53863 499272 17765253
 P 404966 54679 499296 17837433
 P 412734 56311 499346 17981793
 P 415126 56583 499354 18053973
 P 427156 58761 499423 18270513
 P 431998 59307 499441 18342693
 P 437787 60121 499465 18414873
 P 441156 60665 502875 18487053
 P 443229 60939 502884 18559233
 P 447898 61755 502908 18631413
 P 451070 62299 506314 18703593
 P 463242 64204 506370 18847953
 P 467820 65022 506396 18920133
 P 481112 66928 506459 19064493
 P 484437 67744 506486 19136673
 P 487227 68288 509892 19208853
 P 489301 68559 509900 19281033
 P 493209 69102 511128 19353213
 P 498937 69918 511152 19425393
 P 503098 70736 511176 19497573
 P 508922 71280 512402 19569753
 P 510996 71552 515800 19641933
 P 515737 72370 515826 19714113
 P 519302 72914 519232 19786293
 P 525606 73730 519256 19858473
 P 527680 74002 522655 19930653
 P 533985 74818 522681 20002833
 P 538345 75635 522707 20075013
 P 543852 76450 522731 20147193
 P 547636 76992 526139 20219373
 P 549711 77264 526147 20291553
 P 554386 78080 526171 20363733
 P 560185 78624 527399 20435913
 P 565692 79442 527424 20508093
 P 570879 80258 527448 20580273
 P 574210 81074 527472 20652453
 P 580485 81890 527499 20724633
 P 582628 82162 530900 20796813
 P 588937 82980 530926 20868993
 P 593231 83793 530950 20941173
 P 598741 84606 530975 21013353
 P 603931 85422 530999 21085533
 P 607333 86238 531025 21157713
 P 621105 88688 531097 21302073
 P 626520 89232 532323 21374253
 P 644884 92226 532414 21590793
 P 649114 93043 532443 21662973
 P 655143 93858 532469 21735153
 P 659248 94671 532493 21807333
 P 674059 97118 535959 22023873
 P 675880 97390 535967 22096053
 P 677893 97662 535975 22168233
 P 682236 98206 535993 22240413
 P 683801 98206 537203 22312593
 P 685558 98478 537212 22384773
 P 688962 99024 540621 22456953
 P 691008 99296 540629 22529133
 P 693114 99841 540647 22601313
 P 696943 100383 540663 22673493
 P 698669 100655 540671 22745673
 P 698669 100655 544061 22817853
 P 700843 100927 544069 22890033
 P 703021 101199 544079 22963443
 P 707290 102017 544103 23034393
 P 710168 102289 544111 23106573
 P 712470 102561 544119 23178753
 P 713684 102833 544128 23250933
 P 715414 103105 544139 23323863
 P 717013 103379 544148 23395293
 P 721796 104194 544172 23467473
 P 724163 104465 544181 23539653
 P 725954 104737 544189 23611833
 P 728773 105009 544199 23685691
 P 728773 105009 547589 23756193
 P 730852 105281 547597 23828373
 P 739243 106642 547637 23972733
 P 741162 106914 547645 24044913
 P 743085 107186 547656 24117523
 P 744364 107458 547665 24189273
 P 748965 108002 547681 24261453
 P 751589 108273 547689 24333633
 P 753637 108544 547698 24405813
 P 753705 108544 551090 24479607
 P 753705 108544 554480 24550173
 P 753705 108544 557870 24622353
 P 753705 108544 561260 24694533
 P 754665 108544 561268 24766713
 P 754733 108544 564659 24840539
 P 754733 108544 568049 24911073
 P 754733 108544 571439 24983253
 P 754733 108544 574829 25055433
 P 756142 108544 574836 25127613
 P 756210 108544 578228 25200831
 P 756210 108544 581618 25271973
 P 756210 108544 585008 25344153
 P 756210 108544 588398 25416333
 P 757555 108544 588406 25488513
 P 757623 108544 591798 25563043
 P 757623 108544 595188 25632873
 P 757623 108544 598578 25705053
 P 757623 108544 601968 25777233
 P 760440 108544 601976 25849413
 P 760508 108544 605368 25923591
 P 760508 108544 608758 25993773
 P 760508 108544 612148 26065953
 P 760508 108544 615538 26138133
 P 762238 108544 615546 26210313
 P 762306 108544 618938 26282987
 P 762306 108544 622328 26354673
 P 762306 108544 625718 26426853
 P 762306 108544 629108 26499033
 P 764484 108544 629116 26571213
 P 764552 108544 632508 26643791
 P 764552 108544 635898 26715573
 P 764552 108544 639288 26787753
 P 764552 108544 642678 26859933
 P 766667 108544 642686 26932113
 P 766735 108544 646078 27006515
 P 766735 108544 649468 27076473
 P 766735 108544 652858 27148653
 P 766735 108544 656248 27220833
 P 768274 108544 656256 27293013
 P 768342 108544 659648 27367575
 P 768342 108544 663038 27437373
 P 768342 108544 666428 27509553
 P 768342 108544 669818 27581733
 P 770842 108544 669825 27653913
 P 770910 108544 673217 27727483
 P 770910 108544 676607 27798273
 P 770910 108544 679997 27870453
 P 770910 108544 683387 27942633
 P 771810 108544 683395 28014813
 P 771878 108544 686787 28088799
 P 771878 108544 690177 28159173
 P 771878 108544 693567 28231353
 P 771878 108544 696957 28303533
 P 774762 108544 696965 28375713
 P 774830 108544 700357 28449987
 P 774830 108544 703747 28520073
 P 774830 108544 707137 28592253
 P 774830 108544 710527 28664433
 P 777139 108544 710535 28736613
 P 777207 108544 713927 28809511
 P 777207 108544 717317 28880973
 P 777207 108544 720707 28953153
 P 777207 108544 724097 29025333
 P 778428 108544 724105 29097513
 P 778496 108544 727497 29171979
 P 778496 108544 730887 29241873
 P 778496 108544 734277 29314053
 P 778496 108544 737667 29386233
 P 778496 108544 741057 29458413
 P 780362 108544 741067 29531759
 P 780362 108544 744457 29602773
 P 780362 108544 747847 29674953
 P 780362 108544 751237 29747133
 P 780362 108544 754627 29819313
 P 783188 108544 754637 29893459
 P 783188 108544 758027 29963673
 P 783188 108544 761417 30035853
 P 783188 108544 764807 30108033
 P 783188 108544 768197 30180213
 P 784415 108544 768206 30253495
 P 784415 108544 771596 30324573
 P 784415 108544 774986 30396753
 P 784415 108544 778376 30468933
 P 784415 108544 781766 30541113
 P 785578 108544 781776 30614427
 P 785578 108544 785166 30685473
 P 785578 108544 788556 30757653
 P 785578 108544 791946 30829833
 P 785578 108544 795336 30902013
 P 788213 108544 795346 30974719
 P 788213 108544 798736 31046373
 P 788213 108544 802126 31118553
 P 788213 108544 805516 31190733
 P 788213 108544 808906 31262913
 P 789761 108544 808916 31336931
 P 789761 108544 812306 31407273
 P 789761 108544 815696 31479453
 P 789761 108544 819086 31551633
 P 789761 108544 822476 31623813
 P 791757 108544 822486 31697479
 P 791757 108544 825876 31768173
 P 791757 108544 829266 31840353
 P 791757 108544 832656 31912533
 P 791757 108544 836046 31984713
 P 793690 108544 836056 32058923
 P 793690 108544 839446 32129073
 P 793690 108544 842836 32201253
 P 793690 108544 846226 32273433
 P 793690 108544 849616 32345613
 P 795047 108544 849626 32419727
 P 795047 108544 853016 32489973
 P 795047 108544 856406 32562153
 P 795047 108544 859796 32634333
 P 795047 108544 863186 32706513
 P 797365 108544 863195 32780403
 P 797365 108544 866585 32850873
 P 797365 108544 869975 32923053
 P 797365 108544 873365 32995233
 P 797365 108544 876755 33067413
 P 800131 108544 876765 33141463
 P 800131 108544 880155 33211773
 P 800131 108544 883545 33283953
 P 800131 108544 886935 33356133
 P 800131 108544 890325 33428313
 P 802833 108544 890335 33501371
 P 802833 108544 893725 33572673
 P 802833 108544 897115 33644853
 P 802833 108544 900505 33717033
 P 802833 108544 903895 33789213
 P 804960 108544 903906 33862687
 P 804960 108544 907296 33933573
 P 804960 108544 910686 34005753
 P 804960 108544 914076 34077933
 P 804960 108544 917466 34150113
 P 805999 108544 917476 34223875
 P 805999 108544 920866 34294473
 P 805999 108544 924256 34366653
 P 805999 108544 927646 34438833
 P 805999 108544 931036 34511013
 P 807488 108544 931046 34585447
 P 807488 108544 934436 34655373
 P 807488 108544 937826 34727553
 P 807488 108544 941216 34799733
 P 807488 108544 944606 34871913
 P 808912 108544 944616 34945867
 P 808912 108544 948006 35016273
 P 808912 108544 951396 35088453
 P 808912 108544 954786 35160633
 P 808912 108544 958176 35232813
 P 811809 108544 958185 35305647
 P 811809 108544 961575 35377173
 P 811809 108544 964965 35449353
 P 811809 108544 968355 35521533
 P 811809 108544 971745 35593713
 P 813682 108544 971755 35667347
 P 813682 108544 975145 35738073
 P 813682 108544 978535 35810253
 P 813682 108544 981925 35882433
 P 813682 108544 985315 35954613
 P 816515 108544 985325 36027383
 P 816515 108544 988715 36098973
 P 816515 108544 992105 36171153
 P 816515 108544 995495 36243333
 P 816515 108544 998885 36315513
 P 817749 108544 998895 36388315
 P 817749 108544 1002285 36459873
 P 817749 108544 1005675 36532053
 P 817749 108544 1009065 36604233
 P 817749 108544 1012455 36676413
 P 818919 108544 1012465 36750655
 P 818919 108544 1015855 36820773
 P 818919 108544 1019245 36892953
 P 818919 108544 1022635 36965133
 P 818919 108544 1026025 37037313
 P 821562 108544 1026034 37110819
 P 821562 108544 1029424 37181673
 P 821562 108544 1032814 37253853
 P 821562 108544 1036204 37326033
 P 821562 108544 1039594 37398213
 P 823117 108544 1039604 37471367
 P 823117 108544 1042994 37542573
 P 823117 108544 1046384 37614753
 P 823117 108544 1049774 37686933
 P 823117 108544 1053164 37759113
 P 825121 108544 1053173 37832811
 P 825121 108544 1056563 37903473
 P 825121 108544 1059953 37975653
 P 825121 108544 1063343 38047833
 P 825121 108544 1066733 38120013
 P 825189 108544 1070125 38193615
 P 827285 108544 1070133 38264373
 P 827285 108544 1073523 38336553
 P 827285 108544 1076913 38408733
 P 827285 108544 1080303 38480913
 P 827353 108544 1083695 38554291
 P 829641 108544 1083703 38625273
 P 829641 108544 1087093 38697453
 P 829641 108544 1090483 38769633
 P 829641 108544 1093873 38841813
 P 829709 108544 1097265 38915351
 P 830878 108544 1097273 38986173
 P 830878 108544 1100663 39058353
 P 830878 108544 1104053 39130533
 P 830878 108544 1107443 39202713
 P 830946 108544 1110835 39277307
 P 832051 108544 1110843 39347073
 P 832051 108544 1114233 39419253
 P 832051 108544 1117623 39491433
 P 832051 108544 1121013 39563613
 P 832119 108544 1124405 39636575
 P 834217 108544 1124413 39707973
 P 834217 108544 1127803 39780153
 P 834217 108544 1131193 39852333
 P 834217 108544 1134583 39924513
 P 834285 108544 1137975 39997763
 P 836575 108544 1137983 40068873
 P 836575 108544 1141373 40141053
 P 836575 108544 1144763 40213233
 P 836575 108544 1148153 40285413
 P 836643 108544 1151545 40359335
 P 838614 108544 1151552 40429773
 P 838614 108544 1154942 40501953
 P 838614 108544 1158332 40574133
 P 838614 108544 1161722 40646313
 P 838682 108544 1165114 40719755
 P 839821 108544 1165122 40790673
 P 839821 108544 1168512 40862853
 P 839821 108544 1171902 40935033
 P 839821 108544 1175292 41007213
 P 839889 108544 1178684 41081583
 P 841733 108544 1178691 41151573
 P 841733 108544 1182081 41223753
 P 841733 108544 1185471 41295933
 P 841733 108544 1188861 41368113
 P 841801 108544 1192253 41441235
 P 843837 108544 1192261 41512473
 P 843837 108544 1195651 41584653
 P 843837 108544 1199041 41656833
 P 843837 108544 1202431 41729013
 P 843905 108544 1205823 41803319
 P 845621 108544 1205831 41873373
 P 845621 108544 1209221 41945553
 P 845621 108544 1212611 42017733
 P 845621 108544 1216001 42089913
 P 845689 108544 1219393 42164251
 P 848622 108544 1219401 42234273
 P 848622 108544 1222791 42306453
 P 848622 108544 1226181 42378633
 P 848622 108544 1229571 42450813
 P 848690 108544 1232963 42524543
 P 850279 108544 1232971 42595173
 P 850279 108544 1236361 42667353
 P 850279 108544 1239751 42739533
 P 850279 108544 1243141 42811713
 P 850347 108544 1246533 42884707
 P 852130 108544 1246540 42956073
 P 852130 108544 1249930 43028253
 P 852130 108544 1253320 43100433
 P 852130 108544 1256710 43172613
 P 852198 108544 1260102 43245255
 P 853660 108544 1260110 43316973
 P 853660 108544 1263500 43389153
 P 853660 108544 1266890 43461333
 P 853660 108544 1270280 43533513
 P 853728 108544 1273672 43606699
 P 856407 108544 1273680 43677873
 P 856407 108544 1277070 43750053
 P 856407 108544 1280460 43822233
 P 856407 108544 1283850 43894413
 P 856475 108544 1287242 43967503
 P 857810 108544 1287250 44038773
 P 857810 108544 1290640 44110953
 P 857810 108544 1294030 44183133
 P 857810 108544 1297420 44255313
 P 857878 108544 1300812 44328179
 P 859405 108544 1300820 44399673
 P 859405 108544 1304210 44471853
 P 859405 108544 1307600 44544033
 P 859405 108544 1310990 44616213
 P 859473 108544 1314382 44689239
 P 860681 108544 1314389 44760573
 P 860681 108544 1317779 44832753
 P 860681 108544 1321169 44904933
 P 860681 108544 1324559 44977113
 P 860749 108544 1327951 45051195
 P 863173 108544 1327959 45121473
 P 863173 108544 1331349 45193653
 P 863173 108544 1334739 45265833
 P 863173 108544 1338129 45338013
 P 863241 108544 1341521 45412511
 P 864321 108544 1341529 45482373
 P 864321 108544 1344919 45554553
 P 864321 108544 1348309 45626733
 P 864321 108544 1351699 45698913
 P 864389 108544 1355091 45771651
 P 865662 108544 1355099 45843273
 P 865662 108544 1358489 45915453
 P 865662 108544 1361879 45987633
 P 865662 108544 1365269 46059813
 P 865730 108544 1368661 46133223
 P 866683 108544 1368669 46204173
 P 866683 108544 1372059 46276353
 P 866683 108544 1375449 46348533
 P 866683 108544 1378839 46420713
 P 866751 108544 1382231 46493643
 P 868921 108544 1382239 46565073
 P 868921 108544 1385629 46637253
 P 868921 108544 1389019 46709433
 P 868921 108544 1392409 46781613
 P 868989 108544 1395801 46855471
 P 871863 108544 1395809 46925973
 P 871863 108544 1399199 46998153
 P 871863 108544 1402589 47070333
 P 871863 108544 1405979 47142513
 P 871931 108544 1409371 47215123
 P 872950 108544 1409378 47286873
 P 872950 108544 1412768 47359053
 P 872950 108544 1416158 47431233
 P 872950 108544 1419548 47503413
 P 873018 108544 1422940 47577207
 P 875765 108544 1422948 47647773
 P 875765 108544 1426338 47719953
 P 875765 108544 1429728 47792133
 P 875765 108544 1433118 47864313
 P 875833 108544 1436510 47938139
 P 877748 108544 1436518 48008673
 P 877748 108544 1439908 48080853
 P 877748 108544 1443298 48153033
 P 877748 108544 1446688 48225213
 P 877816 108544 1450080 48298431
 P 880436 108544 1450088 48369573
 P 880436 108544 1453478 48441753
 P 880436 108544 1456868 48513933
 P 880436 108544 1460258 48586113
 P 880504 108544 1463650 48660643
 P 883316 108544 1463658 48730473
 P 883316 108544 1467048 48802653
 P 883316 108544 1470438 48874833
 P 883316 108544 1473828 48947013
 P 883384 108544 1477220 49021191
 P 885877 108544 1477228 49091373
 P 885877 108544 1480618 49163553
 P 885877 108544 1484008 49235733
 P 885877 108544 1487398 49307913
 P 885945 108544 1490790 49380587
 P 887606 108544 1490798 49452273
 P 887606 108544 1494188 49524453
 P 887606 108544 1497578 49596633
 P 887606 108544 1500968 49668813
 P 887674 108544 1504360 49741391
 P 890040 108544 1504367 49813173
 P 890040 108544 1507757 49885353
 P 890040 108544 1511147 49957533
 P 890040 108544 1514537 50029713
 P 890108 108544 1517929 50104115
 P 892666 108544 1517937 50174073
 P 892666 108544 1521327 50246253
 P 892666 108544 1524717 50318433
 P 892666 108544 1528107 50390613
 P 892734 108544 1531499 50465175
 P 894972 108544 1531507 50534973
 P 894972 108544 1534897 50607153
 P 894972 108544 1538287 50679333
 P 894972 108544 1541677 50751513
 P 895040 108544 1545069 50825083
 P 896447 108544 1545077 50895873
 P 896447 108544 1548467 50968053
 P 896447 108544 1551857 51040233
 P 896447 108544 1555247 51112413
 P 896515 108544 1558639 51186399
 P 898626 108544 1558647 51256773
 P 898626 108544 1562037 51328953
 P 898626 108544 1565427 51401133
 P 898626 108544 1568817 51473313
 P 898694 108544 1572209 51547587
 P 900998 108544 1572217 51617673
 P 900998 108544 1575607 51689853
 P 900998 108544 1578997 51762033
 P 900998 108544 1582387 51834213
 P 901066 108544 1585779 51907111
 P 903050 108544 1585787 51978573
 P 903050 108544 1589177 52050753
 P 903050 108544 1592567 52122933
 P 903050 108544 1595957 52195113
 P 903118 108544 1599349 52269579
 P 904271 108544 1599356 52339473
 P 904271 108544 1602746 52411653
 P 904271 108544 1606136 52483833
 P 904271 108544 1609526 52556013
 P 904339 108544 1612918 52629359
 P 906196 108544 1612926 52700373
 P 906196 108544 1616316 52772553
 P 906196 108544 1619706 52844733
 P 906196 108544 1623096 52916913
 P 906264 108544 1626488 52991059
 P 908313 108544 1626496 53061273
 P 908313 108544 1629886 53133453
 P 908313 108544 1633276 53205633
 P 908313 108544 1636666 53277813
 P 908381 108544 1640058 53351095
 P 910112 108544 1640066 53422173
 P 910112 108544 1643456 53494353
 P 910112 108544 1646846 53566533
 P 910112 108544 1650236 53638713
 P 910180 108544 1653628 53712027
 P 913126 108544 1653636 53783073
 P 913126 108544 1657026 53855253
 P 913126 108544 1660416 53927433
 P 913126 108544 1663806 53999613
 P 913194 108544 1667198 54072319
 P 914798 108544 1667206 54143973
 P 914798 108544 1670596 54216153
 P 914798 108544 1673986 54288333
 P 914798 108544 1677376 54360513
 P 914866 108544 1680768 54434531
 P 916661 108544 1680776 54504873
 P 916661 108544 1684166 54577053
 P 916661 108544 1687556 54649233
 P 916661 108544 1690946 54721413
 P 916729 108544 1694338 54795079
 P 918205 108544 1694345 54865773
 P 918205 108544 1697735 54937953
 P 918205 108544 1701125 55010133
 P 918205 108544 1704515 55082313
 P 918273 108544 1707907 55156523
 P 920965 108544 1707915 55226673
 P 920965 108544 1711305 55298853
 P 920965 108544 1714695 55371033
 P 920965 108544 1718085 55443213
 P 921033 108544 1721477 55517327
 P 922381 108544 1721485 55587573
 P 922381 108544 1724875 55659753
 P 922381 108544 1728265 55731933
 P 922381 108544 1731655 55804113
 P 922449 108544 1735047 55878003
 P 923990 108544 1735055 55948473
 P 923990 108544 1738445 56020653
 P 923990 108544 1741835 56092833
 P 923990 108544 1745225 56165013
 P 924058 108544 1748617 56239063
 P 925279 108544 1748625 56309373
 P 925279 108544 1752015 56381553
 P 925279 108544 1755405 56453733
 P 925279 108544 1758795 56525913
 P 925347 108544 1762187 56598971
 P 927785 108544 1762194 56670273
 P 927785 108544 1765584 56742453
 P 927785 108544 1768974 56814633
 P 927785 108544 1772364 56886813
 P 927853 108544 1775756 56960287
 P 928947 108544 1775764 57031173
 P 928947 108544 1779154 57103353
 P 928947 108544 1782544 57175533
 P 928947 108544 1785934 57247713
 P 929015 108544 1789326 57321475
 P 930301 108544 1789334 57392073
 P 930301 108544 1792724 57464253
 P 930301 108544 1796114 57536433
 P 930301 108544 1799504 57608613
 P 930369 108544 1802896 57683047
 P 931336 108544 1802904 57752973
 P 931336 108544 1806294 57825153
 P 931336 108544 1809684 57897333
 P 931336 108544 1813074 57969513
 P 931404 108544 1816466 58043467
 P 933587 108544 1816474 58113873
 P 933587 108544 1819864 58186053
 P 933587 108544 1823254 58258233
 P 933587 108544 1826644 58330413
 P 933655 108544 1830036 58403247
 P 936543 108544 1830044 58474773
 P 936543 108544 1833434 58546953
 P 936543 108544 1836824 58619133
 P 936543 108544 1840214 58691313
 P 936611 108544 1843606 58764947
 P 937643 108544 1843614 58835673
 P 937643 108544 1847004 58907853
 P 937643 108544 1850394 58980033
 P 937643 108544 1853784 59052213
 P 937711 108544 1857176 59124983
 P 940472 108544 1857183 59196573
 P 940472 108544 1860573 59268753
 P 940472 108544 1863963 59340933
 P 940472 108544 1867353 59413113
 P 940540 108544 1870745 59485915
 P 942469 108544 1870753 59557473
 P 942469 108544 1874143 59629653
 P 942469 108544 1877533 59701833
 P 942469 108544 1880923 59774013
 P 942537 108544 1884315 59848255
 P 945170 108544 1884323 59918373
 P 945170 108544 1887713 59990553
 P 945170 108544 1891103 60062733
 P 945170 108544 1894493 60134913
 P 945238 108544 1897885 60208419
 P 948064 108544 1897893 60279273
 P 948064 108544 1901283 60351453
 P 948064 108544 1904673 60423633
 P 948064 108544 1908063 60495813
 P 948132 108544 1911455 60568967
 P 950638 108544 1911463 60640173
 P 950638 108544 1914853 60712353
 P 950638 108544 1918243 60784533
 P 950638 108544 1921633 60856713
 P 950706 108544 1925025 60930411
 P 952381 108544 1925033 61001073
 P 952381 108544 1928423 61073253
 P 952381 108544 1931813 61145433
 P 952381 108544 1935203 61217613
 P 952449 108544 1938595 61291215
 P 954828 108544 1938603 61361973
 P 954828 108544 1941993 61434153
 P 954828 108544 1945383 61506333
 P 954828 108544 1948773 61578513
 P 954896 108544 1952165 61651891
 P 957468 108544 1952172 61722873
 P 957468 108544 1955562 61795053
 P 957468 108544 1958952 61867233
 P 957468 108544 1962342 61939413
 P 957536 108544 1965734 62012951
 P 959788 108544 1965742 62083773
 P 959788 108544 1969132 62155953
 P 959788 108544 1972522 62228133
 P 959788 108544 1975912 62300313
 P 959856 108544 1979304 62374907
 P 961276 108544 1979312 62444673
 P 961276 108544 1982702 62516853
 P 961276 108544 1986092 62589033
 P 961276 108544 1989482 62661213
 P 961344 108544 1992874 62734175
 P 963469 108544 1992882 62805573
 P 963469 108544 1996272 62877753
 P 963469 108544 1999662 62949933
 P 963469 108544 2003052 63022113
 P 963537 108544 2006444 63095363
 P 965662 108544 2006452 63166473
 P 965662 108544 2009842 63238653
 P 965662 108544 2013232 63310833
 P 965662 108544 2016622 63383013
 P 965730 108544 2020014 63456935
 P 968048 108544 2020022 63527373
 P 968048 108544 2023412 63599553
 P 968048 108544 2026802 63671733
 P 968048 108544 2030192 63743913
 P 968116 108544 2033584 63817355
 P 970114 108544 2033592 63888273
 P 970114 108544 2036982 63960453
 P 970114 108544 2040372 64032633
 P 970114 108544 2043762 64104813
 P 970182 108544 2047154 64179183
 P 971349 108544 2047161 64249173
 P 971349 108544 2050551 64321353
 P 971349 108544 2053941 64393533
 P 971349 108544 2057331 64465713
 P 971417 108544 2060723 64538835
 P 973288 108544 2060731 64610073
 P 973288 108544 2064121 64682253
 P 973288 108544 2067511 64754433
 P 973288 108544 2070901 64826613
 P 973356 108544 2074293 64900919
 P 975419 108544 2074301 64970973
 P 975419 108544 2077691 65043153
 P 975419 108544 2081081 65115333
 P 975419 108544 2084471 65187513
 P 975487 108544 2087863 65261851
 P 977231 108544 2087871 65331873
 P 977231 108544 2091261 65404053
 P 977231 108544 2094651 65476233
 P 977231 108544 2098041 65548413
 P 977299 108544 2101433 65622143
 P 980259 108544 2101441 65692773
 P 980259 108544 2104831 65764953
 P 980259 108544 2108221 65837133
 P 980259 108544 2111611 65909313
 P 980327 108544 2115003 65982307
 P 981944 108544 2115011 66053673
 P 981944 108544 2118401 66125853
 P 981944 108544 2121791 66198033
 P 981944 108544 2125181 66270213
 P 982012 108544 2128573 66342855
 P 983821 108544 2128581 66414573
 P 983821 108544 2131971 66486753
 P 983821 108544 2135361 66558933
 P 983821 108544 2138751 66631113
 P 983889 108544 2142143 66704299
 P 985379 108544 2142150 66775473
 P 985379 108544 2145540 66847653
 P 985379 108544 2148930 66919833
 P 985379 108544 2152320 66992013
 P 985447 108544 2155712 67065103
 P 988153 108544 2155720 67136373
 P 988153 108544 2159110 67208553
 P 988153 108544 2162500 67280733
 P 988153 108544 2165890 67352913
 P 988221 108544 2169282 67425779
 P 989583 108544 2169290 67497273
 P 989583 108544 2172680 67569453
 P 989583 108544 2176070 67641633
 P 989583 108544 2179460 67713813
 P 989651 108544 2182852 67786839
 P 991206 108544 2182860 67858173
 P 991206 108544 2186250 67930353
 P 991206 108544 2189640 68002533
 P 991206 108544 2193030 68074713
 P 991274 108544 2196422 68148795
 P 992509 108544 2196430 68219073
 P 992509 108544 2199820 68291253
 P 992509 108544 2203210 68363433
 P 992509 108544 2206600 68435613
 P 992577 108544 2209992 68510111
 P 995029 108544 2209999 68579973
 P 995029 108544 2213389 68652153
 P 995029 108544 2216779 68724333
 P 0 0 0 792666
 P 0 0 3390 864846
 P 0 0 6780 937026
 P 0 0 10232 1011101
 P 0 0 13622 1081386
 P 0 0 17012 1153566
 P 0 0 20402 1225746
 P 0 0 23792 1297926
 P 333 0 27192 1370937
 P 333 0 30582 1442286
 P 333 0 33972 1514466
 P 333 0 37362 1586646
 P 333 0 40752 1658826
 P 666 0 44152 1732509
 P 666 0 47542 1803186
 P 666 0 50932 1875366
 P 666 0 54322 1947546
 P 2866 0 55512 2019726
 P 3199 0 58912 2092929
 P 3199 0 62302 2164086
 P 3199 0 65692 2236266
 P 3199 0 69082 2308446
 P 4385 0 69091 2380626
 P 4719 0 72490 2453510
 P 4719 0 75880 2524986
 P 4719 0 79270 2597166
 P 4719 0 82660 2669346
 P 7472 0 82669 2741526
 P 7805 0 86069 2815625
 P 7805 0 89459 2885886
 P 7805 0 92849 2958066
 P 7805 0 96239 3030246
 P 9437 0 96247 3102426
 P 9771 0 99648 3177231
 P 9771 0 103038 3246786
 P 9771 0 106428 3318966
 P 9771 0 109818 3391146
 P 9771 0 113208 3463326
 P 10104 0 116608 3537777
 P 11703 0 116616 3607686
 P 11703 0 120006 3679866
 P 11703 0 123396 3752046
 P 11703 0 126786 3824226
 P 12036 0 130185 3897077
 P 13985 0 130194 3968586
 P 13985 0 133584 4040766
 P 13985 0 136974 4112946
 P 13985 0 140364 4185126
 P 14318 0 143764 4259961
 P 16490 0 143773 4329486
 P 16490 0 147163 4401666
 P 16490 0 150553 4473846
 P 16490 0 153943 4546026
 P 16823 0 157343 4620285
 P 18578 0 157352 4690386
 P 18578 0 160742 4762566
 P 18578 0 164132 4834746
 P 18578 0 167522 4906926
 P 18912 0 170921 4980098
 P 21146 0 170929 5051286
 P 21146 0 174319 5123466
 P 21146 0 177709 5195646
 P 21146 0 181099 5267826
 P 21479 0 184499 5341445
 P 22560 0 184507 5412186
 P 22560 0 187897 5484366
 P 22560 0 191287 5556546
 P 22560 0 194677 5628726
 P 22894 0 198076 5702282
 P 24326 0 198084 5773086
 P 24326 0 201474 5845266
 P 24326 0 204864 5917446
 P 24326 0 208254 5989626
 P 24659 0 211655 6062606
 P 26314 0 211663 6133986
 P 26314 0 215053 6206166
 P 26314 0 218443 6278346
 P 26314 0 221833 6350526
 P 26647 0 225232 6424465
 P 27885 0 225240 6494886
 P 27885 0 228630 6567066
 P 27885 0 232020 6639246
 P 27885 0 235410 6711426
 P 28218 0 238811 6785815
 P 30862 0 238820 6855786
 P 30862 0 242210 6927966
 P 30862 0 245600 7000146
 P 30862 0 248990 7072326
 P 31195 0 252390 7146649
 P 33806 0 252399 7216686
 P 33806 0 255789 7288866
 P 33806 0 259179 7361046
 P 33806 0 262569 7433226
 P 34142 0 265968 7506976
 P 35600 0 265977 7577586
 P 35600 0 269367 7649766
 P 35600 0 272757 7721946
 P 35600 0 276147 7794126
 P 35933 0 279547 7868833
 P 37230 0 279555 7938486
 P 37230 0 282945 8010666
 P 37230 0 286335 8082846
 P 37230 0 289725 8155026
 P 37565 0 293124 8228135
 P 38573 0 293132 8299386
 P 38573 0 296522 8371566
 P 38573 0 299912 8443746
 P 38573 0 303302 8515926
 P 38906 0 306702 8588969
 P 41033 0 306710 8660286
 P 41033 0 310100 8732466
 P 41033 0 313490 8804646
 P 41033 0 316880 8876826
 P 41367 0 320279 8951342
 P 43461 0 320287 9021186
 P 43461 0 323677 9093366
 P 43461 0 327067 9165546
 P 43461 0 330457 9237726
 P 43794 0 333857 9311153
 P 46239 0 333865 9382086
 P 46239 0 337255 9454266
 P 46239 0 340645 9526446
 P 46239 0 344035 9598626
 P 46572 0 347435 9672501
 P 49239 0 347444 9742986
 P 49239 0 350834 9815166
 P 49239 0 354224 9887346
 P 49239 0 357614 9959526
 P 49573 0 361013 10033338
 P 52111 0 361022 10103886
 P 52111 0 364412 10176066
 P 52111 0 367802 10248246
 P 52111 0 371192 10320426
 P 52444 0 374592 10393661
 P 54053 0 374601 10464786
 P 54053 0 377991 10536966
 P 54053 0 381381 10609146
 P 54053 0 384771 10681326
 P 54387 0 388170 10755522
 P 55963 0 388178 10825686
 P 55963 0 391568 10897866
 P 55963 0 394958 10970046
 P 55963 0 398348 11042226
 P 56296 0 401748 11116869
 P 58224 0 401757 11186586
 P 58224 0 405147 11258766
 P 58224 0 408537 11330946
 P 58224 0 411927 11403126
 P 58557 0 415326 11477705
 P 60867 0 415334 11547486
 P 60867 0 418724 11619666
 P 60867 0 422114 11691846
 P 60867 0 425504 11764026
 P 61200 0 428904 11838029
 P 63554 343 428925 11909363
 P 63887 415 432327 11980566
 P 66912 759 432348 12053947
 P 68672 1176 432380 12127761
 P 69338 1320 435794 12198851
 P 70699 1663 435815 12271479
 P 72091 2007 435837 12343595
 P 75256 2423 435870 12416512
 P 75923 2567 439282 12486835
 P 78212 2910 439302 12560743
 P 80405 3254 439323 12632092
 P 82706 3671 439355 12703599
 P 83042 3743 442756 12774546
 P 86225 4087 442776 12849207
 P 88397 4502 442809 12919947
 P 90760 4918 442845 12993631
 P 91093 4990 446247 13063266
 P 94051 5334 446267 13137831
 P 94717 5478 449680 13209435
 P 96717 5822 449702 13282578
 P 99497 6238 449733 13353955
 P 102793 6926 449774 13426263
 P 107374 7682 449822 13497451
 P 111630 8442 449877 13570560
 P 114454 8930 449922 13643635
 P 117313 9002 449941 13714697
 P 119309 9346 449961 13787835
 P 124996 10106 451223 13859823
 P 130521 11139 451288 13931299
 P 136173 12171 451352 14004312
 P 144002 13205 451412 14074763
 P 149239 14237 451474 14148799
 P 156141 15267 451535 14220275
 P 157811 15627 454980 14291335
 P 159805 15971 455000 14365243
 P 165486 16731 456263 14437487
 P 170291 17690 456314 14508702
 P 176502 18306 461497 14581143
 P 180549 19339 461562 14652363
 P 183302 19755 461596 14725503
 P 187870 20515 461649 14796691
 P 192118 21274 461702 14869799
 P 196268 22034 465144 14941242
 P 201946 23066 465203 15014767
 P 205085 23698 465266 15085731
 P 211498 24729 465325 15158231
 P 216457 25618 467939 15230763
 P 218125 25978 471388 15300846
 P 220116 26322 471408 15375603
 P 225787 27354 471470 15447079
 P 232098 28385 471533 15520091
 P 237736 29417 471599 15590543
 P 241589 29977 471655 15664163
 P 247770 31009 471714 15734872
 P 253792 32042 471774 15807114
 P 256930 32530 471818 15880193
 P 261623 33291 471869 15952150
 P 264971 33707 471899 16024295
 P 269324 34738 471960 16097051
 P 274402 35624 474573 16169103
 P 276401 35968 477986 16241283
 P 279055 36456 481420 16313335
 P 284717 37489 481480 16385579
 P 290236 38247 481535 16457023
 P 295130 39279 481599 16530547
 P 300136 40039 481653 16601609
 P 304845 40743 481727 16674011
 P 308093 41087 481753 16746543
 P 314042 42118 481814 16817763
 P 320406 43152 481875 16890519
 P 325537 43913 481927 16963243
 P 329580 44674 481980 17035839
 P 335351 45436 482033 17106771
 P 340111 46468 482098 17179271
 P 343466 46956 482142 17251836
 P 347570 47716 482194 17322895
 P 349625 48132 485616 17394066
 P 351609 48476 485637 17468567
 P 357264 49509 485701 17540043
 P 363023 50398 488310 17612703
 P 367256 51160 488359 17683891
 P 371075 51863 488434 17756681
 P 379027 52896 488499 17828923
 P 384706 53928 488563 17900655
 P 388155 54416 488607 17972707
 P 390618 54759 488628 18046103
 P 396650 55792 488692 18116811
 P 398722 56280 488737 18190911
 P 400397 56696 488768 18261139
 P 403525 57384 488807 18334730
 P 407435 57873 490059 18407067
 P 412588 58561 491311 18476766
 P 419237 59449 496493 18551045
 P 424208 60481 496551 18622263
 P 428631 61439 496604 18694448
 P 432109 62056 502989 18767583
 P 436170 62760 503071 18840243
 P 440714 63521 503123 18911559
 P 444938 64282 503176 18984283
 P 448077 64841 503233 19056879
 P 456016 65874 503296 19127587
 P 462289 66834 503346 19199260
 P 467873 67722 505954 19272843
 P 472192 68475 509394 19344031
 P 474878 69235 509446 19417139
 P 479035 69995 509500 19488583
 P 481679 70477 512933 19562171
 P 486724 71365 515543 19633743
 P 491750 72399 515606 19704963
 P 496595 72817 515651 19778103
 P 500102 73305 519085 19850155
 P 506072 73921 521695 19922463
 P 508619 74409 525130 19994515
 P 515467 75441 525193 20066759
 P 521930 76473 525253 20138493
 P 526519 76889 525293 20211210
 P 530304 77233 530472 20283363
 P 535930 77993 530535 20354583
 P 539755 78475 533969 20427659
 P 544452 79507 534033 20499391
 P 551323 80539 534093 20572659
 P 556274 81571 534155 20643367
 P 560357 82059 537600 20716091
 P 565029 82403 540213 20788623
 P 566871 82891 543647 20860678
 P 574062 83928 543705 20932919
 P 578918 84960 543765 21004651
 P 584410 85720 543826 21077919
 P 590541 86480 545088 21148627
 P 595265 87515 545147 21220873
 P 599607 88219 545228 21294299
 P 606600 89245 545292 21366282
 P 611134 90005 545356 21437957
 P 614768 90437 545436 21510135
 P 617073 90852 545469 21582795
 P 622687 91882 545534 21654529
 P 628940 92915 545595 21727795
 P 635098 93947 545654 21798503
 P 640648 94979 545712 21870747
 P 642503 95322 545734 21943503
 P 645106 95956 545801 22014725
 P 647332 96300 545821 22087607
 P 650006 96644 545841 22159979
 P 654323 97335 545882 22233055
 P 657316 97673 545903 22303884
 P 658709 98017 545924 22376263
 P 660045 98433 549348 22446666
 P 662014 98777 549367 22520911
 P 666462 99463 549408 22592451
 P 670650 100150 549449 22666039
 P 671787 100494 549468 22737131
 P 671787 100494 552858 22807566
 P 673915 100839 552879 22881939
 P 676746 101183 552901 22954055
 P 683690 102217 552966 23025019
 P 686265 102561 552986 23099183
 P 689032 102905 553006 23170787
 P 691479 103248 553027 23241879
 P 693093 103592 553048 23314507
 P 695413 103936 553069 23386626
 P 700820 104969 553126 23459635
 P 702883 105312 553146 23531751
 P 705137 105657 553167 23603355
 P 707070 106001 553188 23676495
 P 709897 106273 553198 23746504
 P 711702 106617 553218 23820183
 P 717617 107647 553281 23891403
 P 719498 108063 553314 23963935
 P 721238 108407 553334 24036563
 P 722658 108753 553354 24108679
 P 725294 109096 553375 24180283
 P 727742 109783 553417 24253871
 P 728906 110127 553437 24325987
 P 731286 110471 553456 24397591
 P 731286 110471 556846 24467706
 P 731286 110471 560236 24539886
 P 731286 110471 563626 24612066
 P 731286 110471 567016 24684246
 P 734016 110471 567034 24757161
 P 734016 110471 570424 24828606
 P 734016 110471 573814 24900786
 P 734016 110471 577204 24972966
 P 734016 110471 580594 25045146
 P 736970 110471 580611 25118510
 P 736970 110471 584001 25189506
 P 736970 110471 587391 25261686
 P 736970 110471 590781 25333866
 P 736970 110471 594171 25406046
 P 739506 110471 594189 25479345
 P 739506 110471 597579 25550406
 P 739506 110471 600969 25622586
 P 739506 110471 604359 25694766
 P 739506 110471 607749 25766946
 P 742521 110471 607767 25841717
 P 742521 110471 611157 25911306
 P 742521 110471 614547 25983486
 P 742521 110471 617937 26055666
 P 742521 110471 621327 26127846
 P 744350 110471 621346 26201529
 P 744350 110471 624736 26272206
 P 744350 110471 628126 26344386
 P 744350 110471 631516 26416566
 P 744350 110471 634906 26488746
 P 746562 110471 634925 26562877
 P 746562 110471 638315 26633106
 P 746562 110471 641705 26705286
 P 746562 110471 645095 26777466
 P 746562 110471 648485 26849646
 P 748998 110471 648503 26923714
 P 748998 110471 651893 26994006
 P 748998 110471 655283 27066186
 P 748998 110471 658673 27138366
 P 748998 110471 662063 27210546
 P 751304 110471 662081 27284037
 P 751304 110471 665471 27354906
 P 751304 110471 668861 27427086
 P 751304 110471 672251 27499266
 P 751304 110471 675641 27571446
 P 752682 110471 675658 27645898
 P 752682 110471 679048 27715806
 P 752682 110471 682438 27787986
 P 752682 110471 685828 27860166
 P 752682 110471 689218 27932346
 P 755466 110471 689236 28005197
 P 755466 110471 692626 28076706
 P 755466 110471 696016 28148886
 P 755466 110471 699406 28221066
 P 755466 110471 702796 28293246
 P 757705 110471 702814 28368081
 P 757705 110471 706204 28437606
 P 757705 110471 709594 28509786
 P 757705 110471 712984 28581966
 P 757705 110471 716374 28654146
 P 759624 110471 716391 28728405
 P 759624 110471 719781 28798506
 P 759624 110471 723171 28870686
 P 759624 110471 726561 28942866
 P 759624 110471 729951 29015046
 P 761124 110471 729970 29088217
 P 761124 110471 733360 29159406
 P 761124 110471 736750 29231586
 P 761124 110471 740140 29303766
 P 761124 110471 743530 29375946
 P 762781 110471 743541 29449235
 P 763115 110471 746940 29521874
 P 763115 110471 750330 29592486
 P 763115 110471 753720 29664666
 P 763115 110471 757110 29736846
 P 765656 110471 757119 29809026
 P 765989 110471 760519 29883733
 P 765989 110471 763909 29953386
 P 765989 110471 767299 30025566
 P 765989 110471 770689 30097746
 P 766833 110471 770698 30169926
 P 767167 110471 774097 30243034
 P 767167 110471 777487 30314286
 P 767167 110471 780877 30386466
 P 767167 110471 784267 30458646
 P 768234 110471 784275 30530826
 P 768567 110471 787675 30603869
 P 768567 110471 791065 30675186
 P 768567 110471 794455 30747366
 P 768567 110471 797845 30819546
 P 771265 110471 797853 30891726
 P 771598 110471 801253 30966241
 P 771598 110471 804643 31036086
 P 771598 110471 808033 31108266
 P 771598 110471 811423 31180446
 P 773655 110471 811431 31252626
 P 773988 110471 814831 31326053
 P 773988 110471 818221 31396986
 P 773988 110471 821611 31469166
 P 773988 110471 825001 31541346
 P 776012 110471 825009 31613526
 P 776345 110471 828409 31687401
 P 776345 110471 831799 31757886
 P 776345 110471 835189 31830066
 P 776345 110471 838579 31902246
 P 777215 110471 838588 31974426
 P 777549 110471 841987 32048238
 P 777549 110471 845377 32118786
 P 777549 110471 848767 32190966
 P 777549 110471 852157 32263146
 P 779155 110471 852166 32335326
 P 779488 110471 855566 32408561
 P 779488 110471 858956 32479686
 P 779488 110471 862346 32551866
 P 779488 110471 865736 32624046
 P 780292 110471 865745 32696226
 P 780625 110471 869144 32770421
 P 780625 110471 872534 32840586
 P 780625 110471 875924 32912766
 P 780625 110471 879314 32984946
 P 780625 110471 882704 33057126
 P 782561 110471 882722 33131769
 P 782561 110471 886112 33201486
 P 782561 110471 889502 33273666
 P 782561 110471 892892 33345846
 P 782561 110471 896282 33418026
 P 783696 110471 896300 33492605
 P 783696 110471 899690 33562386
 P 783696 110471 903080 33634566
 P 783696 110471 906470 33706746
 P 783696 110471 909860 33778926
 P 785440 110471 909877 33852930
 P 785440 110471 913267 33923286
 P 785440 110471 916657 33995466
 P 785440 110471 920047 34067646
 P 785440 110471 923437 34139826
 P 786637 110471 923455 34212741
 P 786637 110471 926845 34284186
 P 786637 110471 930235 34356366
 P 786637 110471 933625 34428546
 P 786637 110471 937015 34500726
 P 788730 110471 937033 34574092
 P 788730 110471 940423 34645086
 P 788730 110471 943813 34717266
 P 788730 110471 947203 34789446
 P 788730 110471 950593 34861626
 P 790148 110471 950612 34934925
 P 790148 110471 954002 35005986
 P 790148 110471 957392 35078166
 P 790148 110471 960782 35150346
 P 790148 110471 964172 35222526
 P 792813 110471 964192 35297298
 P 792813 110471 967582 35366886
 P 792813 110471 970972 35439066
 P 792813 110471 974362 35511246
 P 792813 110471 977752 35583426
 P 793979 110471 977771 35657173
 P 794902 110471 977779 35727786
 P 794902 110471 981169 35799966
 P 794902 110471 984559 35872146
 P 794902 110471 987949 35944326
 P 795235 110471 991349 36019033
 P 796029 110471 991357 36088686
 P 796029 110471 994747 36160866
 P 796029 110471 998137 36233046
 P 796029 110471 1001527 36305226
 P 796363 110471 1004926 36378334
 P 797764 110471 1004934 36449586
 P 797764 110471 1008324 36521766
 P 797764 110471 1011714 36593946
 P 797764 110471 1015104 36666126
 P 798097 110471 1018504 36739169
 P 799209 110471 1018512 36810486
 P 799209 110471 1021902 36882666
 P 799209 110471 1025292 36954846
 P 799209 110471 1028682 37027026
 P 799543 110471 1032081 37101542
 P 801517 110471 1032090 37171386
 P 801517 110471 1035480 37243566
 P 801517 110471 1038870 37315746
 P 801517 110471 1042260 37387926
 P 801850 110471 1045660 37461353
 P 804559 110471 1045670 37532286
 P 804559 110471 1049060 37604466
 P 804559 110471 1052450 37676646
 P 804559 110471 1055840 37748826
 P 804892 110471 1059239 37822701
 P 805648 110471 1059248 37893186
 P 805648 110471 1062638 37965366
 P 805648 110471 1066028 38037546
 P 805648 110471 1069418 38109726
 P 805714 110471 1072809 38183262
 P 807794 110471 1072827 38255941
 P 807794 110471 1076217 38326266
 P 807794 110471 1079607 38398446
 P 807794 110471 1082997 38470626
 P 807794 110471 1086387 38542806
 P 809201 110471 1086404 38617033
 P 809201 110471 1089794 38687166
 P 809201 110471 1093184 38759346
 P 809201 110471 1096574 38831526
 P 809201 110471 1099964 38903706
 P 809534 110471 1103364 38976813
 P 811119 110471 1103372 39048066
 P 811119 110471 1106762 39120246
 P 811119 110471 1110152 39192426
 P 811119 110471 1113542 39264606
 P 811452 110471 1116942 39337649
 P 812233 110471 1116949 39408966
 P 813816 110471 1116958 39481146
 P 813816 110471 1120348 39553326
 P 813816 110471 1123738 39625506
 P 814150 110471 1127137 39699542
 P 814150 110471 1130527 39769866
 P 814932 110471 1130536 39842046
 P 814932 110471 1133926 39914226
 P 814932 110471 1137316 39986406
 P 815265 110471 1140716 40060633
 P 815265 110471 1144106 40130766
 P 816654 110471 1144114 40202946
 P 816654 110471 1147504 40275126
 P 816654 110471 1150894 40347306
 P 816988 110471 1154293 40421214
 P 816988 110471 1157683 40491666
 P 817832 110471 1157691 40563846
 P 817832 110471 1161081 40636026
 P 817832 110471 1164471 40708206
 P 818165 110471 1167871 40781281
 P 818165 110471 1171261 40852566
 P 820896 110471 1171269 40924746
 P 820896 110471 1174659 40996926
 P 820896 110471 1178049 41069106
 P 821230 110471 1181448 41142886
 P 821230 110471 1184838 41213466
 P 823672 110471 1184846 41285646
 P 823672 110471 1188236 41357826
 P 823672 110471 1191626 41430006
 P 824005 110471 1195026 41503977
 P 824005 110471 1198416 41574366
 P 825518 110471 1198424 41646546
 P 825518 110471 1201814 41718726
 P 825518 110471 1205204 41790906
 P 825851 110471 1208604 41864557
 P 825851 110471 1211994 41935266
 P 827331 110471 1212002 42007446
 P 827331 110471 1215392 42079626
 P 827331 110471 1218782 42151806
 P 827666 110471 1222181 42226675
 P 827666 110471 1225571 42296166
 P 830040 110471 1225580 42368346
 P 830040 110471 1228970 42440526
 P 830040 110471 1232360 42512706
 P 830373 110471 1235760 42586229
 P 830373 110471 1239150 42657066
 P 832586 110471 1239159 42729246
 P 832586 110471 1242549 42801426
 P 832586 110471 1245939 42873606
 P 832921 110471 1249338 42947323
 P 832921 110471 1252728 43017966
 P 834845 110471 1252737 43090146
 P 834845 110471 1256127 43162326
 P 834845 110471 1259517 43234506
 P 835178 110471 1262917 43307901
 P 835178 110471 1266307 43378866
 P 836173 110471 1266315 43451046
 P 836173 110471 1269705 43523226
 P 836173 110471 1273095 43595406
 P 836507 110471 1276495 43670018
 P 836507 110471 1279885 43739766
 P 838909 110471 1279893 43811946
 P 838909 110471 1283283 43884126
 P 838909 110471 1286673 43956306
 P 839243 110471 1290072 44029573
 P 839243 110471 1293462 44100666
 P 841100 110471 1293470 44172846
 P 841100 110471 1296860 44245026
 P 841100 110471 1300250 44317206
 P 841433 110471 1303650 44390666
 P 841433 110471 1307040 44461566
 P 844185 110471 1307048 44533746
 P 844185 110471 1310438 44605926
 P 844185 110471 1313828 44678106
 P 844519 110471 1317227 44751246
 P 844519 110471 1320617 44822466
 P 846598 110471 1320625 44894646
 P 846598 110471 1324015 44966826
 P 846598 110471 1327405 45039006
 P 846931 110471 1330806 45113362
 P 846931 110471 1334196 45183366
 P 848208 110471 1334205 45255546
 P 848208 110471 1337595 45327726
 P 848208 110471 1340985 45399906
 P 848541 110471 1344384 45472917
 P 848541 110471 1347774 45544266
 P 850425 110471 1347783 45616446
 P 850425 110471 1351173 45688626
 P 850425 110471 1354563 45760806
 P 850760 110471 1357962 45834011
 P 850760 110471 1361352 45905166
 P 852099 110471 1361361 45977346
 P 852099 110471 1364751 46049526
 P 852099 110471 1368141 46121706
 P 852432 110471 1371541 46194589
 P 852432 110471 1374931 46266066
 P 854666 110471 1374940 46338246
 P 854666 110471 1378330 46410426
 P 854666 110471 1381720 46482606
 P 855001 110471 1385119 46556707
 P 855001 110471 1388509 46626966
 P 856562 110471 1388517 46699146
 P 856562 110471 1391907 46771326
 P 856562 110471 1395297 46843506
 P 856895 110471 1398697 46918309
 P 856895 110471 1402087 46987866
 P 857655 110471 1402095 47060046
 P 857655 110471 1405485 47132226
 P 857655 110471 1408875 47204406
 P 857989 110471 1412274 47277354
 P 857989 110471 1415664 47348766
 P 859356 110471 1415672 47420946
 P 859356 110471 1419062 47493126
 P 859356 110471 1422452 47565306
 P 859689 110471 1425852 47639981
 P 859689 110471 1429242 47709666
 P 860511 110471 1429250 47781846
 P 860511 110471 1432640 47854026
 P 860511 110471 1436030 47926206
 P 860844 110471 1439429 48000049
 P 860844 110471 1442819 48070566
 P 863553 110471 1442827 48142746
 P 863553 110471 1446217 48214926
 P 863553 110471 1449607 48287106
 P 863886 110471 1453007 48361653
 P 863886 110471 1456397 48431466
 P 864929 110471 1456406 48503646
 P 864929 110471 1459796 48575826
 P 864929 110471 1463186 48648006
 P 865262 110471 1466586 48722745
 P 865262 110471 1469976 48792366
 P 867552 110471 1469986 48864546
 P 867552 110471 1473376 48936726
 P 867552 110471 1476766 49008906
 P 867886 110471 1480165 49083326
 P 867886 110471 1483555 49153266
 P 870047 110471 1483564 49225446
 P 870047 110471 1486954 49297626
 P 870047 110471 1490344 49369806
 P 870380 110471 1493744 49443393
 P 870380 110471 1497134 49514166
 P 870380 110471 1500524 49586346
 P 871932 110471 1500532 49658526
 P 871932 110471 1503922 49730706
 P 872266 110471 1507321 49804998
 P 872266 110471 1510711 49875066
 P 872266 110471 1514101 49947246
 P 873017 110471 1514109 50019426
 P 873017 110471 1517499 50091606
 P 873350 110471 1520899 50166089
 P 873350 110471 1524289 50235966
 P 873350 110471 1527679 50308146
 P 874708 110471 1527687 50380326
 P 874708 110471 1531077 50452506
 P 875041 110471 1534477 50526669
 P 875041 110471 1537867 50596866
 P 875041 110471 1541257 50669046
 P 875758 110471 1541265 50741226
 P 875758 110471 1544655 50813406
 P 876091 110471 1548055 50886737
 P 876091 110471 1551445 50957766
 P 876091 110471 1554835 51029946
 P 877798 110471 1554844 51102126
 P 877798 110471 1558234 51174306
 P 878131 110471 1561634 51248341
 P 878131 110471 1565024 51318666
 P 878131 110471 1568414 51390846
 P 879165 110471 1568423 51463026
 P 879165 110471 1571813 51535206
 P 879499 110471 1575212 51609434
 P 879499 110471 1578602 51679566
 P 879499 110471 1581992 51751746
 P 881781 110471 1582001 51823926
 P 881781 110471 1585391 51896106
 P 882114 110471 1588791 51970013
 P 882114 110471 1592181 52040466
 P 882114 110471 1595571 52112646
 P 882954 110471 1595579 52184826
 P 882954 110471 1598969 52257006
 P 883288 110471 1602368 52330082
 P 883288 110471 1605758 52401366
 P 883288 110471 1609148 52473546
 P 885631 110471 1609156 52545726
 P 885631 110471 1612546 52617906
 P 885965 110471 1615946 52691686
 P 885965 110471 1619336 52762266
 P 885965 110471 1622726 52834446
 P 888147 110471 1622734 52906626
 P 888147 110471 1626124 52978806
 P 888480 110471 1629524 53052777
 P 888480 110471 1632914 53123166
 P 888480 110471 1636304 53195346
 P 890373 110471 1636312 53267526
 P 890373 110471 1639702 53339706
 P 890707 110471 1643102 53413359
 P 890707 110471 1646492 53484066
 P 890707 110471 1649882 53556246
 P 891671 110471 1649890 53628426
 P 891671 110471 1653280 53700606
 P 892004 110471 1656680 53775473
 P 892004 110471 1660070 53844966
 P 892004 110471 1663460 53917146
 P 894374 110471 1663470 53989326
 P 894374 110471 1666860 54061506
 P 894709 110471 1670259 54135031
 P 894709 110471 1673649 54205866
 P 894709 110471 1677039 54278046
 P 896594 110471 1677048 54350226
 P 896594 110471 1680438 54422406
 P 896927 110471 1683838 54496121
 P 896927 110471 1687228 54566766
 P 896927 110471 1690618 54638946
 P 898651 110471 1690628 54711126
 P 898651 110471 1694018 54783306
 P 898985 110471 1697417 54856702
 P 898985 110471 1700807 54927666
 P 898985 110471 1704197 54999846
 P 900420 110471 1704206 55072026
 P 900420 110471 1707596 55144206
 P 900753 110471 1710996 55218817
 P 900753 110471 1714386 55288566
 P 900753 110471 1717776 55360746
 P 903307 110471 1717784 55432926
 P 903307 110471 1721174 55505106
 P 903640 110471 1724574 55578373
 P 903640 110471 1727964 55649466
 P 903640 110471 1731354 55721646
 P 905554 110471 1731363 55793826
 P 905554 110471 1734753 55866006
 P 905888 110471 1738152 55939465
 P 905888 110471 1741542 56010366
 P 905888 110471 1744932 56082546
 P 907256 110471 1744940 56154726
 P 907256 110471 1748330 56226906
 P 907589 110471 1751731 56300046
 P 907589 110471 1755121 56371266
 P 907589 110471 1758511 56443446
 P 909852 110471 1758519 56515626
 P 909852 110471 1761909 56587806
 P 910186 110471 1765308 56662162
 P 910186 110471 1768698 56732166
 P 910186 110471 1772088 56804346
 P 911776 110471 1772097 56876526
 P 911776 110471 1775487 56948706
 P 912109 110471 1778888 57021718
 P 912109 110471 1782278 57093066
 P 912109 110471 1785668 57165246
 P 912897 110471 1785677 57237426
 P 912897 110471 1789067 57309606
 P 913230 110471 1792466 57382809
 P 913230 110471 1795856 57453966
 P 913230 110471 1799246 57526146
 P 914625 110471 1799255 57598326
 P 914625 110471 1802645 57670506
 P 914960 110471 1806044 57743391
 P 914960 110471 1809434 57814866
 P 914960 110471 1812824 57887046
 P 916066 110471 1812833 57959226
 P 916066 110471 1816223 58031406
 P 916399 110471 1819623 58105505
 P 916399 110471 1823013 58175766
 P 916399 110471 1826403 58247946
 P 918368 110471 1826412 58320126
 P 918368 110471 1829802 58392306
 P 918702 110471 1833201 58467110
 P 918702 110471 1836591 58536666
 P 918702 110471 1839981 58608846
 P 921406 110471 1839989 58681026
 P 921406 110471 1843379 58753206
 P 921739 110471 1846779 58826153
 P 921739 110471 1850169 58897566
 P 921739 110471 1853559 58969746
 P 922490 110471 1853567 59041926
 P 922490 110471 1856957 59114106
 P 922824 110471 1860356 59188782
 P 922824 110471 1863746 59258466
 P 922824 110471 1867136 59330646
 P 924567 110471 1867144 59402826
 P 924567 110471 1870534 59475006
 P 924900 110471 1873934 59548849
 P 924900 110471 1877324 59619366
 P 924900 110471 1880714 59691546
 P 927537 110471 1880722 59763726
 P 927537 110471 1884112 59835906
 P 927870 110471 1887511 59910453
 P 927870 110471 1890901 59980266
 P 927870 110471 1894291 60052446
 P 929322 110471 1894299 60124626
 P 929322 110471 1897689 60196806
 P 929655 110471 1901089 60271545
 P 929655 110471 1904479 60341166
 P 929655 110471 1907869 60413346
 P 931489 110471 1907878 60485526
 P 931489 110471 1911268 60557706
 P 931822 110471 1914668 60632125
 P 931822 110471 1918058 60702066
 P 931822 110471 1921448 60774246
 P 933879 110471 1921457 60846426
 P 933879 110471 1924847 60918606
 P 934213 110471 1928246 60992194
 P 934213 110471 1931636 61062966
 P 934213 110471 1935026 61135146
 P 935853 110471 1935035 61207326
 P 935853 110471 1938425 61279506
 P 936186 110471 1941825 61353797
 P 936186 110471 1945215 61423866
 P 936186 110471 1948605 61496046
 P 938305 110471 1948614 61568226
 P 938305 110471 1952004 61640406
 P 938639 110471 1955403 61714890
 P 938639 110471 1958793 61784766
 P 938639 110471 1962183 61856946
 P 939605 110471 1962191 61929126
 P 939605 110471 1965581 62001306
 P 939938 110471 1968981 62075469
 P 939938 110471 1972371 62145666
 P 939938 110471 1975761 62217846
 P 941255 110471 1975769 62290026
 P 941255 110471 1979159 62362206
 P 941588 110471 1982558 62435537
 P 941588 110471 1985948 62506566
 P 941588 110471 1989338 62578746
 P 943128 110471 1989346 62650926
 P 943128 110471 1992736 62723106
 P 943461 110471 1996136 62797141
 P 943461 110471 1999526 62867466
 P 943461 110471 2002916 62939646
 P 944526 110471 2002924 63011826
 P 946096 110471 2002933 63084006
 P 946430 110471 2006333 63158042
 P 946430 110471 2009723 63228366
 P 946430 110471 2013113 63300546
 P 946430 110471 2016503 63372726
 P 947199 110471 2016512 63444906
 P 947533 110471 2019911 63519134
 P 947533 110471 2023301 63589266
 P 947533 110471 2026691 63661446
 P 947533 110471 2030081 63733626
 P 948909 110471 2030090 63805806
 P 949243 110471 2033490 63879714
 P 949243 110471 2036880 63950166
 P 949243 110471 2040270 64022346
 P 949243 110471 2043660 64094526
 P 950074 110471 2043668 64166706
 P 950407 110471 2047067 64239781
 P 950407 110471 2050457 64311066
 P 950407 110471 2053847 64383246
 P 950407 110471 2057237 64455426
 P 953125 110471 2057245 64527606
 P 953458 110471 2060645 64601385
 P 953458 110471 2064035 64671966
 P 953458 110471 2067425 64744146
 P 953458 110471 2070815 64816326
 P 955887 110471 2070823 64888506
 P 956220 110471 2074223 64962477
 P 956220 110471 2077613 65032866
 P 956220 110471 2081003 65105046
 P 956220 110471 2084393 65177226
 P 958520 110471 2084401 65249406
 P 958854 110471 2087800 65323058
 P 958854 110471 2091190 65393766
 P 958854 110471 2094580 65465946
 P 958854 110471 2097970 65538126
 P 958854 110471 2101360 65610306
 P 960749 110471 2101379 65685173
 P 960749 110471 2104769 65754666
 P 960749 110471 2108159 65826846
 P 960749 110471 2111549 65899026
 P 960749 110471 2114939 65971206
 P 963028 110471 2114957 66044730
 P 963028 110471 2118347 66115566
 P 963028 110471 2121737 66187746
 P 963028 110471 2125127 66259926
 P 963028 110471 2128517 66332106
 P 964249 110471 2128536 66405821
 P 964249 110471 2131926 66476466
 P 964249 110471 2135316 66548646
 P 964249 110471 2138706 66620826
 P 964249 110471 2142096 66693006
 P 965341 110471 2142113 66766401
 P 965341 110471 2145503 66837366
 P 965341 110471 2148893 66909546
 P 965341 110471 2152283 66981726
 P 965341 110471 2155673 67053906
 P 967040 110471 2155691 67128517
 P 967040 110471 2159081 67198266
 P 967040 110471 2162471 67270446
 P 967040 110471 2165861 67342626
 P 967040 110471 2169251 67414806
 P 968098 110471 2169269 67488073
 P 968098 110471 2172659 67559166
 P 968098 110471 2176049 67631346
 P 968098 110471 2179439 67703526
 P 968098 110471 2182829 67775706
 P 970148 110471 2182846 67849166
 P 970148 110471 2186236 67920066
 P 970148 110471 2189626 67992246
 P 970148 110471 2193016 68064426
 P 970148 110471 2196406 68136606
 P 971524 110471 2196424 68209745
 P 971524 110471 2199814 68280966
 P 971524 110471 2203204 68353146
 P 971524 110471 2206594 68425326
 P 971524 110471 2209984 68497506
 P 974148 110471 2210002 68571863
 P 974148 110471 2213392 68641866
 P 974148 110471 2216782 68714046
 P 0 0 0 1791031
 P 0 0 3390 1863211
 P 0 0 6780 1935391
 P 0 0 10232 2009370
 P 0 0 13622 2079751
 P 0 0 17012 2151931
 P 0 0 20402 2224111
 P 0 0 23792 2296291
 P 366 0 27192 2369495
 P 366 0 30582 2440651
 P 366 0 33972 2512831
 P 366 0 37362 2585011
 P 366 0 40752 2657191
 P 860 0 44152 2732091
 P 860 0 47542 2801551
 P 860 0 50932 2873731
 P 2335 0 52847 2945911
 P 3606 0 54966 3018091
 P 4164 0 58366 3091935
 P 4164 0 61756 3162451
 P 4164 0 65146 3234631
 P 5625 0 65154 3306811
 P 7066 0 65157 3378991
 P 9450 0 65161 3451171
 P 11822 0 65164 3523351
 P 14777 0 65181 3597131
 P 16982 0 65189 3667711
 P 16982 0 68579 3739891
 P 16982 0 71969 3812071
 P 16982 0 75359 3884251
 P 19701 0 75377 3958351
 P 21165 0 75385 4028611
 P 21165 0 78775 4100791
 P 21165 0 82165 4172971
 P 21165 0 85555 4245151
 P 23445 0 85573 4319539
 P 26129 0 85581 4389511
 P 26129 0 88971 4461691
 P 26129 0 92361 4533871
 P 26129 0 95751 4606051
 P 28275 0 95770 4680055
 P 30950 0 95778 4750411
 P 30950 0 99168 4822591
 P 30950 0 102558 4894771
 P 30950 0 105948 4966951
 P 33676 0 105966 5041371
 P 36456 0 105974 5111311
 P 37313 0 105983 5183491
 P 37313 0 109373 5255671
 P 37313 0 112763 5327851
 P 38694 0 112781 5401086
 P 38694 0 116171 5472211
 P 40507 0 116180 5544391
 P 40507 0 119570 5616571
 P 40507 0 122960 5688751
 P 42406 0 122977 5762434
 P 42406 0 126367 5833111
 P 44675 0 126375 5905291
 P 44675 0 129765 5977471
 P 44675 0 133155 6049651
 P 48000 0 133172 6123495
 P 48000 0 136562 6194011
 P 50738 0 136570 6266191
 P 50738 0 139960 6338371
 P 50738 0 143350 6410551
 P 52509 0 143367 6484043
 P 52509 0 146757 6554911
 P 54651 0 146766 6627091
 P 55858 0 146774 6699271
 P 55858 0 150164 6771451
 P 58131 0 150181 6846287
 P 58131 0 153571 6915811
 P 58131 0 156961 6987991
 P 60805 0 156969 7060171
 P 60805 0 160359 7132351
 P 62736 0 160377 7207219
 P 62736 0 163767 7276711
 P 62736 0 167157 7348891
 P 64495 0 167166 7421071
 P 66243 0 167174 7493251
 P 68804 0 167192 7566967
 P 68804 0 170582 7637611
 P 68804 0 173972 7709791
 P 68804 0 177362 7781971
 P 70427 0 177370 7854151
 P 71943 0 177388 7927675
 P 71943 0 180778 7998511
 P 71943 0 184168 8070691
 P 71943 0 187558 8142871
 P 73417 0 187567 8215051
 P 75054 0 187585 8288222
 P 77554 0 187594 8359411
 P 77554 0 190984 8431591
 P 77554 0 194374 8503771
 P 77554 0 197764 8575951
 P 80372 0 197782 8650306
 P 82530 0 197790 8720311
 P 82530 0 201180 8792491
 P 82530 0 204570 8864671
 P 82530 0 207960 8936851
 P 85900 0 207977 9011207
 P 86789 0 207985 9081211
 P 89289 0 207993 9153391
 P 89289 0 211383 9225571
 P 89289 0 214773 9297751
 P 89911 0 218172 9372491
 P 92617 0 218180 9442111
 P 94773 0 218188 9514291
 P 94773 0 221578 9586471
 P 94773 0 224968 9658651
 P 95331 0 228367 9733551
 P 97027 0 228375 9803011
 P 98265 0 228384 9875191
 P 100765 0 228392 9947371
 P 100765 0 231782 10019551
 P 101291 0 235182 10094291
 P 101291 0 238572 10163911
 P 103200 0 238580 10236091
 P 105357 0 238588 10308271
 P 105357 0 241978 10380451
 P 105979 0 245378 10454359
 P 105979 0 248768 10524811
 P 107228 0 248777 10596991
 P 109007 0 248785 10669171
 P 109007 0 252175 10741351
 P 109629 0 255575 10815227
 P 109629 0 258965 10885711
 P 110838 0 258973 10957891
 P 112337 0 258981 11030071
 P 112337 0 262371 11102251
 P 112928 0 265771 11176448
 P 112928 0 269161 11246611
 P 115198 0 269169 11318791
 P 117360 0 269178 11390971
 P 119860 0 269186 11463151
 P 120449 0 272586 11537730
 P 120449 0 275976 11607511
 P 120449 0 279366 11679691
 P 121848 0 279375 11751871
 P 124005 0 279384 11824051
 P 124627 72 282785 11898616
 P 124627 72 286175 11968411
 P 125153 144 289577 12043553
 P 128013 216 289597 12114198
 P 129792 216 289605 12184951
 P 130382 288 293006 12258492
 P 130972 360 296408 12330705
 P 131530 432 299810 12404293
 P 133663 432 299818 12473671
 P 135784 504 299839 12548172
 P 136310 576 303240 12620161
 P 136932 648 306642 12692213
 P 136932 648 310032 12762391
 P 140047 720 310051 12837756
 P 141748 792 310070 12908496
 P 144839 864 310090 12980966
 P 144839 864 313480 13051111
 P 145428 936 316882 13126252
 P 145439 936 320274 13196356
 P 148257 1008 320294 13269621
 P 150044 1364 320314 13342281
 P 153686 1793 320347 13414429
 P 156518 2221 320379 13486866
 P 158510 2648 320411 13559302
 P 160795 2720 320431 13630714
 P 163384 3004 323011 13705396
 P 169037 3926 328193 13774944
 P 173406 4418 328235 13847501
 P 178840 5202 328287 13918441
 P 182349 5701 328332 13991517
 P 186384 6200 328376 14064689
 P 191166 6983 328428 14135108
 P 195411 7482 328470 14208665
 P 197715 7766 328480 14280039
 P 200126 8017 328501 14352289
 P 204266 8509 328545 14424877
 P 210877 9575 328604 14495816
 P 214066 9719 331208 14568221
 P 218333 10218 331254 14640241
 P 221088 10573 331276 14713668
 P 224146 10882 331307 14786104
 P 227915 11309 331338 14858541
 P 234081 12020 331389 14929697
 P 237894 12520 331433 15002262
 P 240999 12875 331454 15073896
 P 247015 13941 331513 15147421
 P 250157 14441 331557 15218001
 P 252823 14724 331569 15289801
 P 257420 15365 334170 15362904
 P 260893 15864 334213 15435340
 P 264876 16363 334255 15507905
 P 269506 16862 335512 15579573
 P 272605 17217 335533 15652425
 P 278713 18000 335586 15723580
 P 284093 18782 335637 15796656
 P 287286 19137 335659 15868549
 P 290047 19281 336651 15940281
 P 292823 19636 336673 16013484
 P 297676 20419 336725 16084032
 P 304317 21485 336784 16156821
 P 307124 21623 336807 16229033
 P 310301 21979 336830 16301245
 P 313124 22479 336872 16373712
 P 316760 22907 336902 16446596
 P 322880 23689 336955 16518810
 P 325839 24031 336988 16590829
 P 327886 24386 337009 16663104
 P 331181 24741 339602 16734292
 P 338734 25806 339665 16806249
 P 341342 26305 339710 16877854
 P 345089 26732 339743 16950961
 P 347559 27160 339775 17022500
 P 351186 27587 339807 17095865
 P 357451 28369 339860 17167565
 P 359817 28724 339880 17240225
 P 362791 29151 339914 17311284
 P 365853 29506 339937 17384163
 P 369530 30144 342539 17455997
 P 373519 30643 342584 17528594
 P 377527 31142 342630 17601221
 P 380615 31409 342661 17673528
 P 383824 31765 342680 17745004
 P 390674 32830 342742 17817761
 P 394380 33330 342788 17889718
 P 396224 33402 342808 17962120
 P 399266 33758 342827 18033980
 P 404747 34257 343808 18106673
 P 406771 34613 343828 18177253
 P 409567 34969 343848 18249337
 P 411476 35397 343879 18322252
 P 415179 35818 343911 18394620
 P 421708 36594 345175 18467150
 P 425988 37094 345219 18539689
 P 432332 37877 345272 18610716
 P 439342 38943 345330 18682512
 P 442624 39436 345376 18754526
 P 445446 39508 345396 18827961
 P 447494 39935 345430 18900493
 P 450041 40362 345463 18972832
 P 453210 40717 345485 19044212
 P 460596 41502 346513 19116937
 P 467865 42570 346574 19189117
 P 472132 43069 346618 19260240
 P 476747 43779 346660 19332676
 P 480361 44206 346693 19404089
 P 483644 44633 346726 19476845
 P 486062 44898 346749 19549216
 P 490329 45397 346792 19621876
 P 497171 46465 346854 19692810
 P 500184 46820 346886 19765772
 P 503314 47175 346907 19838929
 P 506357 47602 346947 19910707
 P 509463 47958 346966 19982329
 P 515586 48741 347021 20055213
 P 519143 49240 347066 20126849
 P 521860 49595 347097 20199380
 P 526245 49951 347134 20270263
 P 533832 50944 347194 20342987
 P 535254 51300 347215 20416593
 P 539665 51799 347260 20487718
 P 542818 52299 347301 20560760
 P 547196 52798 347344 20631757
 P 552900 53437 347382 20704801
 P 556489 53792 347422 20775651
 P 559075 54148 347441 20847784
 P 563121 54648 347484 20921789
 P 568013 55147 348739 20994098
 P 572353 55574 348783 21064581
 P 576298 56066 348829 21137113
 P 579921 56367 348871 21209614
 P 582978 56722 348891 21282241
 P 589399 57789 348952 21354741
 P 592712 58216 351558 21427152
 P 595435 58499 354139 21499972
 P 600551 59138 359319 21570384
 P 603666 59638 359363 21642853
 P 608019 60137 359408 21715482
 P 616178 61204 359469 21787469
 P 619164 61704 359511 21859040
 P 622329 62059 359530 21931124
 P 624817 62218 359552 22002698
 P 626713 62573 359573 22075805
 P 629899 62928 359593 22148432
 P 635032 63639 359635 22220039
 P 637617 63996 359655 22293209
 P 640676 64352 359675 22363789
 P 644265 64707 359704 22434511
 P 647299 65062 359723 22508596
 P 652922 65772 359762 22581193
 P 657942 66483 359802 22653821
 P 661135 66838 359823 22724337
 P 662939 66838 360761 22795411
 P 665782 67193 360781 22869786
 P 668972 67548 360800 22942605
 P 674822 68615 360862 23013761
 P 676726 68970 360883 23086645
 P 679812 69325 360903 23159016
 P 682727 69680 360924 23230908
 P 685046 70035 360945 23302225
 P 688081 70390 360966 23375141
 P 695168 71457 361028 23446424
 P 697008 71813 361048 23519276
 P 700065 72169 361068 23591682
 P 702791 72525 361088 23663509
 P 705275 72779 361110 23736905
 P 708471 73135 361131 23807772
 P 715340 74202 361191 23881009
 P 717744 74557 361211 23951782
 P 720779 74913 361231 24024185
 P 722576 75269 361254 24096013
 P 725554 75624 361275 24169408
 P 731120 76335 361317 24240437
 P 733500 76528 361337 24312297
 P 736620 76884 361357 24385692
 P 736620 76884 364747 24455551
 P 736620 76884 368137 24527731
 P 736620 76884 371527 24599911
 P 738176 76884 371536 24672091
 P 741147 76884 371554 24746798
 P 741147 76884 374944 24816451
 P 741147 76884 378334 24888631
 P 741147 76884 381724 24960811
 P 743347 76884 381732 25032991
 P 745655 76884 381750 25107858
 P 745655 76884 385140 25177351
 P 745655 76884 388530 25249531
 P 745655 76884 391920 25321711
 P 746543 76884 391928 25393891
 P 749052 76884 391946 25468407
 P 750259 76884 391954 25538251
 P 750259 76884 395344 25610431
 P 750259 76884 398734 25682611
 P 751568 76884 398742 25754791
 P 752158 76884 402141 25829787
 P 754960 76884 402150 25899151
 P 754960 76884 405540 25971331
 P 754960 76884 408930 26043511
 P 757758 76884 408939 26115691
 P 758284 76884 412338 26189439
 P 760363 76884 412347 26260051
 P 761858 76884 412356 26332231
 P 761858 76884 415746 26404411
 P 763039 76884 415754 26476591
 P 763662 76884 419154 26550820
 P 763662 76884 422544 26620951
 P 766081 76884 422553 26693131
 P 766081 76884 425943 26765311
 P 767828 76884 425951 26837491
 P 768386 76884 429351 26911879
 P 768386 76884 432741 26981851
 P 770656 76884 432749 27054031
 P 773041 76884 432759 27126211
 P 774380 76884 432768 27198391
 P 774874 76884 436168 27272587
 P 774874 76884 439558 27342751
 P 774874 76884 442948 27414931
 P 776561 76884 442957 27487111
 P 778531 76884 442966 27559291
 P 779024 76884 446366 27632558
 P 779024 76884 449756 27703651
 P 779024 76884 453146 27775831
 P 780210 76884 453154 27848011
 P 781168 76884 453162 27920191
 P 784226 76884 453179 27994866
 P 784226 76884 456569 28064551
 P 784226 76884 459959 28136731
 P 784226 76884 463349 28208911
 P 786451 76884 463357 28281091
 P 789397 76884 463374 28355223
 P 789397 76884 466764 28425451
 P 789397 76884 470154 28497631
 P 789397 76884 473544 28569811
 P 791279 76884 473552 28641991
 P 791774 76884 476952 28715804
 P 794351 76884 476960 28786351
 P 794351 76884 480350 28858531
 P 794351 76884 483740 28930711
 P 797086 76884 483748 29002891
 P 797612 76884 487147 29076319
 P 800063 76884 487155 29147251
 P 800063 76884 490545 29219431
 P 800063 76884 493935 29291611
 P 801052 76884 493944 29363791
 P 801546 76884 497344 29437667
 P 803274 76884 497352 29508151
 P 805181 76884 497361 29580331
 P 805181 76884 500751 29652511
 P 807660 76884 500760 29724691
 P 808282 76884 504160 29799591
 P 808282 76884 507550 29869051
 P 809554 76884 507558 29941231
 P 809554 76884 510948 30013411
 P 809554 76884 514338 30085591
 P 812586 76884 514356 30158763
 P 812586 76884 517746 30229951
 P 815333 76884 517754 30302131
 P 815333 76884 521144 30374311
 P 815333 76884 524534 30446491
 P 818052 76884 524553 30519791
 P 818052 76884 527943 30590851
 P 820185 76884 527951 30663031
 P 820185 76884 531341 30735211
 P 820185 76884 534731 30807391
 P 822528 76884 534750 30882450
 P 822528 76884 538140 30951751
 P 824034 76884 538149 31023931
 P 826387 76884 538158 31096111
 P 826387 76884 541548 31168291
 P 828438 76884 541565 31242583
 P 828438 76884 544955 31312651
 P 828438 76884 548345 31384831
 P 830761 76884 548354 31457011
 P 830761 76884 551744 31529191
 P 833490 76884 551761 31603484
 P 833490 76884 555151 31673551
 P 833490 76884 558541 31745731
 P 835886 76884 558550 31817911
 P 837506 76884 558559 31890091
 P 838887 76884 558578 31963199
 P 838887 76884 561968 32034451
 P 838887 76884 565358 32106631
 P 838887 76884 568748 32178811
 P 840070 76884 568756 32250991
 P 841873 76884 568773 32324836
 P 844492 76884 568781 32395351
 P 844492 76884 572171 32467531
 P 844492 76884 575561 32539711
 P 844492 76884 578951 32611891
 P 847849 76884 578971 32684999
 P 850222 76884 578980 32756251
 P 850222 76884 582370 32828431
 P 850222 76884 585760 32900611
 P 850222 76884 589150 32972791
 P 851468 76884 589161 33046007
 P 853743 76884 589180 33118814
 P 853743 76884 592570 33189331
 P 853743 76884 595960 33261511
 P 853743 76884 599350 33333691
 P 855490 76884 599359 33405871
 P 857903 76884 599378 33478914
 P 859110 76884 599386 33550231
 P 859110 76884 602776 33622411
 P 859110 76884 606166 33694591
 P 860450 76884 606174 33766771
 P 860945 76884 609573 33840424
 P 863747 76884 609581 33911131
 P 863747 76884 612971 33983311
 P 863747 76884 616361 34055491
 P 865718 76884 616369 34127671
 P 866308 76884 619768 34200875
 P 868387 76884 619776 34272031
 P 869881 76884 619784 34344211
 P 869881 76884 623174 34416391
 P 870839 76884 623183 34488571
 P 871365 76884 626582 34562607
 P 871365 76884 629972 34632931
 P 873784 76884 629980 34705111
 P 873784 76884 633370 34777291
 P 876009 76884 633379 34849471
 P 876599 76884 636779 34922899
 P 876599 76884 640169 34993831
 P 878868 76884 640178 35066011
 P 878868 76884 643568 35138191
 P 880749 76884 643577 35210371
 P 881340 76884 646977 35285048
 P 881340 76884 650367 35354731
 P 883792 76884 650375 35426911
 P 883792 76884 653765 35499091
 P 886526 76884 653774 35571271
 P 886594 76884 659736 35646548
 P 887215 76884 663136 35716750
 P 888848 76884 663144 35787811
 P 890023 76884 663153 35859991
 P 891012 76884 663161 35932171
 P 891012 76884 666551 36004351
 P 891602 76884 669950 36077490
 P 891602 76884 673340 36148711
 P 893416 76884 673348 36220891
 P 895896 76884 673356 36293071
 P 895896 76884 676746 36365251
 P 896390 76884 680145 36438903
 P 896390 76884 683535 36509611
 P 898628 76884 683543 36581791
 P 899959 76884 683551 36653971
 P 902401 76884 683560 36726151
 P 905576 76884 683577 36799643
 P 905576 76884 686967 36870511
 P 905576 76884 690357 36942691
 P 905576 76884 693747 37014871
 P 907802 76884 693755 37087051
 P 910747 76884 693772 37161279
 P 910747 76884 697162 37231411
 P 910747 76884 700552 37303591
 P 910747 76884 703942 37375771
 P 912470 76884 703950 37447951
 P 914725 76884 703968 37522948
 P 914725 76884 707358 37592311
 P 914725 76884 710748 37664491
 P 914725 76884 714138 37736671
 P 916282 76884 714146 37808851
 P 918750 76884 714164 37881863
 P 918750 76884 717554 37953211
 P 918750 76884 720944 38025391
 P 918750 76884 724334 38097571
 P 920950 76884 724342 38169751
 P 922759 76884 724360 38243851
 P 925495 76884 724368 38314111
 P 925495 76884 727758 38386291
 P 925495 76884 731148 38458471
 P 926384 76884 731157 38530651
 P 927006 76884 734557 38604111
 P 929140 76884 734565 38675011
 P 929140 76884 737955 38747191
 P 929140 76884 741345 38819371
 P 930450 76884 741353 38891551
 P 930515 76884 744745 38965695
 P 932515 76884 744762 39037575
 P 934869 76884 744771 39108091
 P 934869 76884 748161 39180271
 P 937668 76884 748169 39252451
 P 937668 76884 751559 39324631
 P 937736 76884 757521 39399812
 P 940650 76884 757539 39470751
 P 940650 76884 760929 39541171
 P 941831 76884 760937 39613351
 P 941831 76884 764327 39685531
 P 941831 76884 767717 39757711
 P 944851 76884 767736 39830884
 P 944851 76884 771126 39902071
 P 946598 76884 771134 39974251
 P 946598 76884 774524 40046431
 P 946598 76884 777914 40118611
 P 948908 76884 777932 40192391
 P 948908 76884 781322 40262971
 P 950247 76884 781331 40335151
 P 950247 76884 784721 40407331
 P 950247 76884 788111 40479511
 P 951993 76884 788129 40552683
 P 953742 76884 788138 40623871
 P 955713 76884 788146 40696051
 P 955713 76884 791536 40768231
 P 955713 76884 794926 40840411
 P 956238 76884 798326 40915438
 P 958529 76884 798334 40984771
 P 958529 76884 801724 41056951
 P 960972 76884 801732 41129131
 P 960972 76884 805122 41201311
 P 961498 76884 808521 41276050
 P 963576 76884 808529 41345671
 P 963576 76884 811919 41417851
 P 965802 76884 811927 41490031
 P 965802 76884 815317 41562211
 P 966424 76884 818717 41636120
 P 968176 76884 818725 41706571
 P 968176 76884 822115 41778751
 P 969898 76884 822123 41850931
 P 969898 76884 825513 41923111
 P 970488 76884 828912 41996955
 P 971738 76884 828921 42067471
 P 974123 76884 828930 42139651
 P 975680 76884 828938 42211831
 P 975680 76884 832328 42284011
 P 976302 76884 835727 42358783
 P 976302 76884 839117 42428371
 P 978593 76884 839126 42500551
 P 980793 76884 839135 42572731
 P 980793 76884 842525 42644911
 P 981416 76884 845925 42719524
 P 981416 76884 849315 42789271
 P 984132 76884 849323 42861451
 P 985020 76884 849332 42933631
 P 985020 76884 852722 43005811
 P 985610 76884 856122 43080103
 P 985610 76884 859512 43150171
 P 987584 76884 859520 43222351
 P 988893 76884 859528 43294531
 P 988893 76884 862918 43366711
 P 989483 76884 866318 43440075
 P 989483 76884 869708 43511071
 P 990415 76884 869716 43583251
 P 992928 76884 869724 43655431
 P 995428 76884 869732 43727611
 P 995953 76884 873132 43802318
 P 995953 76884 876522 43871971
 P 995953 76884 879912 43944151
 P 996844 76884 879920 44016331
 P 999000 76884 879928 44088511
 P 999621 76884 883328 44162770
 P 999621 76884 886718 44232871
 P 999621 76884 890108 44305051
 P 1002273 76884 890117 44377231
 P 1004052 76884 890125 44449411
 P 1007175 76884 890143 44524503
 P 1007175 76884 893533 44593771
 P 1007175 76884 896923 44665951
 P 1007175 76884 900313 44738131
 P 1008675 76884 900322 44810311
 P 1011685 76884 900339 44884731
 P 1011685 76884 903729 44954671
 P 1011685 76884 907119 45026851
 P 1011685 76884 910509 45099031
 P 1013942 76884 910518 45171211
 P 1016261 76884 910535 45244863
 P 1018169 76884 910544 45315571
 P 1018169 76884 913934 45387751
 P 1018169 76884 917324 45459931
 P 1019000 76884 917332 45532111
 P 1019494 76884 920732 45606275
 P 1020768 76884 920740 45676471
 P 1020768 76884 924130 45748651
 P 1020768 76884 927520 45820831
 P 1022133 76884 927528 45893011
 P 1022659 76884 930928 45966663
 P 1025407 76884 930937 46037371
 P 1027475 76884 930945 46109551
 P 1027475 76884 934335 46181731
 P 1030216 76884 934344 46253911
 P 1030742 76884 937744 46328459
 P 1030742 76884 941134 46398271
 P 1032301 76884 941142 46470451
 P 1032301 76884 944532 46542631
 P 1033539 76884 944540 46614811
 P 1034065 76884 947940 46688687
 P 1034065 76884 951330 46759171
 P 1036429 76884 951339 46831351
 P 1036429 76884 954729 46903531
 P 1038120 76884 954737 46975711
 P 1038613 76884 958137 47048754
 P 1038613 76884 961527 47120071
 P 1040937 76884 961535 47192251
 P 1040937 76884 964925 47264431
 P 1042334 76884 964934 47336611
 P 1042860 76884 968333 47410294
 P 1042860 76884 971723 47480971
 P 1045257 76884 971731 47553151
 P 1045257 76884 975121 47625331
 P 1047170 76884 975129 47697511
 P 1047697 76884 978528 47770652
 P 1047697 76884 981918 47841871
 P 1049385 76884 981926 47914051
 P 1049385 76884 985316 47986231
 P 1050401 76884 985325 48058411
 P 1050896 76884 988724 48133408
 P 1050896 76884 992114 48202771
 P 1052084 76884 992122 48274951
 P 1053833 76884 992131 48347131
 P 1056001 76884 992140 48419311
 P 1056559 76884 995539 48492707
 P 1056559 76884 998929 48563671
 P 1056559 76884 1002319 48635851
 P 1058851 76884 1002328 48708031
 P 1060789 76884 1002337 48780211
 P 1061380 76884 1005737 48854888
 P 1061380 76884 1009127 48924571
 P 1061380 76884 1012517 48996751
 P 1063459 76884 1012525 49068931
 P 1065144 76884 1012533 49141111
 P 1068144 76884 1012551 49215627
 P 1068144 76884 1015941 49285471
 P 1068144 76884 1019331 49357651
 P 1068144 76884 1022721 49429831
 P 1069448 76884 1022729 49502011
 P 1069459 76884 1026121 49576164
 P 1072483 76884 1026139 49648066
 P 1072483 76884 1029529 49718551
 P 1072483 76884 1032919 49790731
 P 1074880 76884 1032927 49862911
 P 1074880 76884 1036317 49935091
 P 1077657 76884 1036334 50008262
 P 1077657 76884 1039724 50079451
 P 1077657 76884 1043114 50151631
 P 1079950 76884 1043123 50223811
 P 1079950 76884 1046513 50295991
 P 1082288 76884 1046531 50369707
 P 1082288 76884 1049921 50440351
 P 1082288 76884 1053311 50512531
 P 1085006 76884 1053320 50584711
 P 1086915 76884 1053328 50656891
 P 1089037 76884 1053346 50730031
 P 1089037 76884 1056736 50801251
 P 1089037 76884 1060126 50873431
 P 1089037 76884 1063516 50945611
 P 1090023 76884 1063525 51017791
 P 1092902 76884 1063542 51091923
 P 1092902 76884 1066932 51162151
 P 1092902 76884 1070322 51234331
 P 1092902 76884 1073712 51306511
 P 1095426 76884 1073721 51378691
 P 1096744 76884 1073740 51452023
 P 1099186 76884 1073748 51523051
 P 1099186 76884 1077138 51595231
 P 1099186 76884 1080528 51667411
 P 1099186 76884 1083918 51739591
 P 1102514 76884 1083936 51814300
 P 1104739 76884 1083945 51883951
 P 1104739 76884 1087335 51956131
 P 1104739 76884 1090725 52028311
 P 1104739 76884 1094115 52100491
 P 1107884 76884 1094134 52173759
 P 1109606 76884 1094143 52244851
 P 1109606 76884 1097533 52317031
 P 1109606 76884 1100923 52389211
 P 1109606 76884 1104313 52461391
 P 1112932 76884 1104332 52536066
 P 1114489 76884 1104340 52605751
 P 1114489 76884 1107730 52677931
 P 1114489 76884 1111120 52750111
 P 1114489 76884 1114510 52822291
 P 1115916 76884 1114527 52896808
 P 1118117 76884 1114535 52966651
 P 1120682 76884 1114543 53038831
 P 1120682 76884 1117933 53111011
 P 1120682 76884 1121323 53183191
 P 1121304 76884 1124722 53257515
 P 1122192 76884 1124730 53327551
 P 1124643 76884 1124738 53399731
 P 1124643 76884 1128128 53471911
 P 1124643 76884 1131518 53544091
 P 1125201 76884 1134917 53617424
 P 1126509 76884 1134926 53688451
 P 1128237 76884 1134934 53760631
 P 1130144 76884 1134943 53832811
 P 1130144 76884 1138333 53904991
 P 1130671 76884 1141732 53979700
 P 1133410 76884 1141741 54049411
 P 1133410 76884 1145131 54121591
 P 1134623 76884 1145139 54193771
 P 1134623 76884 1148529 54265951
 P 1135213 76884 1151928 54340179
 P 1136453 76884 1151936 54410311
 P 1136453 76884 1155326 54482491
 P 1139256 76884 1155334 54554671
 P 1139256 76884 1158724 54626851
 P 1139847 76884 1162124 54700920
 P 1141538 76884 1162132 54771211
 P 1141538 76884 1165522 54843391
 P 1143616 76884 1165531 54915571
 P 1143616 76884 1168921 54987751
 P 1144207 76884 1172321 55061532
 P 1145604 76884 1172330 55132111
 P 1145604 76884 1175720 55204291
 P 1147164 76884 1175728 55276471
 P 1147164 76884 1179118 55348651
 P 1147690 76884 1182518 55423487
 P 1149603 76884 1182527 55493011
 P 1149603 76884 1185917 55565191
 P 1151969 76884 1185925 55637371
 P 1154228 76884 1185933 55709551
 P 1154755 76884 1189333 55783748
 P 1155769 76884 1189342 55853911
 P 1155769 76884 1192732 55926091
 P 1155769 76884 1196122 55998271
 P 1158220 76884 1196131 56070451
 P 1158777 76884 1199531 56144134
 P 1160945 76884 1199539 56214811
 P 1160945 76884 1202929 56286991
 P 1160945 76884 1206319 56359171
 P 1162578 76884 1206327 56431351
 P 1164375 76884 1206344 56505995
 P 1166314 76884 1206352 56575711
 P 1166314 76884 1209742 56647891
 P 1166314 76884 1213132 56720071
 P 1166314 76884 1216522 56792251
 P 1168655 76884 1216539 56866128
 P 1171333 76884 1216548 56936611
 P 1171333 76884 1219938 57008791
 P 1171333 76884 1223328 57080971
 P 1171333 76884 1226718 57153151
 P 1174128 76884 1226738 57226260
 P 1175175 76884 1226747 57297511
 P 1175175 76884 1230137 57369691
 P 1175175 76884 1233527 57441871
 P 1175175 76884 1236917 57514051
 P 1177866 76884 1236934 57587767
 P 1180232 76884 1236942 57658411
 P 1182675 76884 1236950 57730591
 P 1182675 76884 1240340 57802771
 P 1182675 76884 1243730 57874951
 P 1184994 76884 1243749 57948444
 P 1186233 76884 1243757 58019311
 P 1188458 76884 1243766 58091491
 P 1188458 76884 1247156 58163671
 P 1188458 76884 1250546 58235851
 P 1188984 76884 1253946 58310111
 P 1191435 76884 1253954 58380211
 P 1193157 76884 1253963 58452391
 P 1193157 76884 1257353 58524571
 P 1193157 76884 1260743 58596751
 P 1193651 76884 1264143 58671715
 P 1195888 76884 1264152 58741111
 P 1197444 76884 1264160 58813291
 P 1197444 76884 1267550 58885471
 P 1197444 76884 1270940 58957651
 P 1198001 76884 1274340 59030726
 P 1200771 76884 1274348 59102011
 P 1202971 76884 1274356 59174191
 P 1202971 76884 1277746 59246371
 P 1202971 76884 1281136 59318551
 P 1203467 76884 1284535 59392556
 P 1205387 76884 1284543 59462911
 P 1206274 76884 1284551 59535091
 P 1208839 76884 1284559 59607271
 P 1208839 76884 1287949 59679451
 P 1209429 76884 1291348 59754447
 P 1209429 76884 1294738 59823811
 P 1210736 76884 1294746 59895991
 P 1213188 76884 1294754 59968171
 P 1213188 76884 1298144 60040351
 P 1213714 76884 1301543 60114099
 P 1213714 76884 1304933 60184711
 P 1216512 76884 1304941 60256891
 P 1218241 76884 1304949 60329071
 P 1220149 76884 1304957 60401251
 P 1220771 76884 1308356 60475479
 P 1220771 76884 1311746 60545611
 P 1221951 76884 1311755 60617791
 P 1221951 76884 1315145 60689971
 P 1223225 76884 1315153 60762151
 P 1223783 76884 1318553 60836539
 P 1223783 76884 1321943 60906511
 P 1225529 76884 1321952 60978691
 P 1225529 76884 1325342 61050871
 P 1228276 76884 1325350 61123051
 P 1228802 76884 1328750 61196991
 P 1228802 76884 1332140 61267411
 P 1230141 76884 1332148 61339591
 P 1230141 76884 1335538 61411771
 P 1232274 76884 1335547 61483951
 P 1232832 76884 1338947 61558403
 P 1232832 76884 1342337 61628311
 P 1234802 76884 1342345 61700491
 P 1234802 76884 1345735 61772671
 P 1236308 76884 1345743 61844851
 P 1239252 76884 1345761 61918183
 P 1239252 76884 1349151 61989211
 P 1240209 76884 1349160 62061391
 P 1240209 76884 1352550 62133571
 P 1240209 76884 1355940 62205751
 P 1243058 76884 1355958 62279370
 P 1243058 76884 1359348 62350111
 P 1245283 76884 1359357 62422291
 P 1245283 76884 1362747 62494471
 P 1245283 76884 1366137 62566651
 P 1248238 76884 1366154 62640526
 P 1249859 76884 1366162 62711011
 P 1251741 76884 1366170 62783191
 P 1251741 76884 1369560 62855371
 P 1251741 76884 1372950 62927551
 P 1251808 76884 1378913 63003084
 P 1253638 76884 1378930 63073671
 P 1256374 76884 1378938 63144091
 P 1256374 76884 1382328 63216271
 P 1256374 76884 1385718 63288451
 P 1256374 76884 1389108 63360631
 P 1258755 76884 1389127 63433803
 P 1259745 76884 1389136 63504991
 P 1259745 76884 1392526 63577171
 P 1259745 76884 1395916 63649351
 P 1259745 76884 1399306 63721531
 P 1262660 76884 1399324 63795311
 P 1265140 76884 1399332 63865891
 P 1265140 76884 1402722 63938071
 P 1265140 76884 1406112 64010251
 P 1265140 76884 1409502 64082431
 P 1267777 76884 1409520 64155603
 P 1269118 76884 1409529 64226791
 P 1271683 76884 1409537 64298971
 P 1271683 76884 1412927 64371151
 P 1271683 76884 1416317 64443331
 P 1272208 76884 1419717 64518358
 P 1273319 76884 1419725 64587691
 P 1275770 76884 1419734 64659871
 P 1275770 76884 1423124 64732051
 P 1275770 76884 1426514 64804231
 P 1276295 76884 1429914 64878970
 P 1278018 76884 1429922 64948591
 P 1279747 76884 1429931 65020771
 P 1281655 76884 1429939 65092951
 P 1281655 76884 1433329 65165131
 P 1282278 76884 1436728 65239840
 P 1284885 76884 1436737 65309491
 P 1284885 76884 1440127 65381671
 P 1286158 76884 1440137 65453851
 P 1286158 76884 1443527 65526031
 P 1286169 76884 1446919 65598680
 P 1289341 76884 1446937 65672151
 P 1289341 76884 1450327 65742571
 P 1292089 76884 1450335 65814751
 P 1294156 76884 1450344 65886931
 P 1294156 76884 1453734 65959111
 P 1295731 76884 1453752 66033467
 P 1295731 76884 1457142 66103471
 P 1295731 76884 1460532 66175651
 P 1297290 76884 1460541 66247831
 P 1297290 76884 1463931 66320011
 P 1300111 76884 1463950 66393311
 P 1302555 76884 1463958 66464371
 P 1302555 76884 1467348 66536551
 P 1304920 76884 1467356 66608731
 P 1307179 76884 1467364 66680911
 P 1307769 76884 1470764 66754051
 P 1309994 76884 1470773 66825271
 P 1309994 76884 1474163 66897451
 P 1309994 76884 1477553 66969631
 P 1312446 76884 1477561 67041811
 P 1313037 76884 1480960 67115559
 P 1314759 76884 1480969 67186171
 P 1314759 76884 1484359 67258351
 P 1314759 76884 1487749 67330531
 P 1316392 76884 1487757 67402711
 P 1318093 76884 1487776 67475755
 P 1319650 76884 1487784 67547071
 P 1319650 76884 1491174 67619251
 P 1319650 76884 1494564 67691431
 P 1319650 76884 1497954 67763611
 P 1322087 76884 1497971 67837742
 P 1324289 76884 1497979 67907971
 P 1324289 76884 1501369 67980151
 P 1324289 76884 1504759 68052331
 P 1324289 76884 1508149 68124511
 P 1327086 76884 1508167 68197908
 P 1327974 76884 1508175 68268871
 P 1330539 76884 1508184 68341051
 P 1330539 76884 1511574 68413231
 P 1330539 76884 1514964 68485411
 P 1331097 76884 1518363 68560055
 P 1332406 76884 1518372 68629771
 P 1334857 76884 1518380 68701951
