Rime started with address 110.219
MAC 6e:db:00:00:00:00:00:00

************************************************
RTIMER_SECOND = 28800. F_CPU=7372800.
RTIMER_ARCH_PRESCALER=256.
DURSLOT = 5274.(0.1831 s).
DURSLEEP = 58014.
DURCYCLE = 63288 .(2.1974 s).
MAX_CLOCK_DRIFT = WAKEUP_ADVANCE_TIME = 288 (0.0033 s).
PERIODIC_BCAST_CYCLES_SENSOR = 34471939.
PERIODIC_BCAST_CYCLES_SINK = 38207491.
MAX_CYCLE_COUNTER = 24576.
MAX_COUNT_NO_RTS_CTS = 65535.
MAX_CHILD_NUM = 10.
MAX_TRY_TO_FIND_PARENT = 3.

**********Below is Related Settings**********
PRIMAC_CONF_COMPOWER = 1.
PRIMAC_CONF_COMPOWER_SUPPORT = 1.
SF = 10.
PRI_SYNC_SUPPORT = 1.
RANDOM_DRIFT_IN_COOJA_SUPPORT = 0.
ADCSC_SUPPORT = 1.
DATA_TX_SUPPORT = 1.
CYCLES_PER_PACKET = 5.
DATA_INTERVAL = 9.
RETX_LIMIT = 6.
TOTAL_DATA_NUM = -1.
MAX_DATA_QUEUE_BUFS = 10.
PROC_GRADE_BASED_ON_ADDR_SUPPORT = 1.
NODES_NUM_PER_GRADE = 2.
ADDRESS_FREE_SUPPORT = 0.
IS_COOJA_SIM = 0.
CROSS_PLATFORM_SUPPORT = 1.
************************************************

My address is 110.219.
nullmac PRIMAC, channel check rate 8 Hz, radio channel 26
Contiki-3.x-2125-g5d67a61 started. Node id 0
Hello, world
 P 0 0 0 0
 P 0 0 0 0
 P 0 0 0 0
 P 0 0 0 0
 P 0 0 0 0
 P 0 0 0 0
 P 0 0 0 0
EMPTY QUEUE
 P 0 0 0 0
PT [4 0 1 74 1]
 P 0 0 0 0
PT [4 0 2 74 1]
 P 0 0 0 0
PT [4 0 3 74 1]
 P 0 0 0 0
PT [4 0 4 74 1]
 P 0 0 0 0
PT [4 0 5 74 1]
EMPTY QUEUE
 P 0 0 0 0
PT [4 0 1 0 1]
 P 0 0 0 0
PT [4 0 2 0 1]
 P 0 0 0 0
PT [4 0 3 0 1]
 P 0 0 0 0
PT [4 0 4 0 1]
 P 0 0 0 0
PT [4 0 5 0 1]
EMPTY QUEUE
 P 0 0 0 0
PT [4 0 6 48 1]
 P 0 0 0 0
PT [4 0 7 48 1]
 P 0 0 0 0
PT [4 0 8 48 1]
 P 0 0 0 0
PT [4 0 9 48 1]
 P 0 0 0 0
PT [4 0 10 48 1]
EMPTY QUEUE
 P 0 0 0 0
PT [4 0 1 0 1]
 P 0 0 0 0
PT [4 0 2 0 1]
 P 0 0 0 0
PT [4 0 3 0 1]
 P 0 0 0 0
PT [4 0 4 0 1]
 P 0 0 0 0
PT [4 0 5 0 1]
EMPTY QUEUE
 P 0 0 0 0
PT [4 0 6 48 1]
 P 0 0 0 0
PT [4 0 7 48 1]
 P 0 0 0 0
PT [4 0 8 48 1]
 P 0 0 0 0
PT [4 0 9 48 1]
 P 0 0 0 0
PT [4 0 10 48 1]
EMPTY QUEUE
 P 0 0 0 0
PT [4 0 1 0 1]
 P 0 0 0 0
PT [4 0 2 0 1]
 P 0 0 0 0
PT [4 0 3 0 1]
 P 0 0 0 0
PT [4 0 4 0 1]
 P 0 0 0 0
PT [4 0 5 0 1]
EMPTY QUEUE
 P 0 0 0 0
PT [4 0 6 49 1]
 P 0 0 0 0
PT [4 0 7 49 1]
 P 0 0 0 0
PT [4 0 8 49 1]
 P 0 0 0 0
PT [4 0 9 49 1]
 P 0 0 0 0
PT [4 0 10 49 1]
EMPTY QUEUE
 P 0 0 0 0
PT [4 0 1 0 1]
 P 0 0 0 0
PT [4 0 2 0 1]
 P 0 0 0 0
PT [4 0 3 0 1]
 P 0 0 0 0
PT [4 0 4 0 1]
 P 0 0 0 0
PT [4 0 5 0 1]
EMPTY QUEUE
 P 0 0 0 0
PT [4 0 6 49 1]
 P 0 0 0 0
PT [4 0 7 49 1]
 P 0 0 0 0
PT [4 0 8 49 1]
 P 0 0 0 0
PT [4 0 9 49 1]
 P 0 0 0 0
PT [4 0 10 49 1]
EMPTY QUEUE
 P 0 0 0 0
PT [4 0 1 0 1]
 P 0 0 0 0
PT [4 0 2 0 1]
 P 0 0 0 0
PT [4 0 3 0 1]
 P 0 0 0 0
PT [4 0 4 0 1]
 P 0 0 0 0
PT [4 0 5 0 1]
EMPTY QUEUE
 P 0 0 0 0
PT [4 0 6 49 1]
 P 0 0 0 0
PT [4 0 7 49 1]
 P 0 0 0 0
PT [4 0 8 49 1]
 P 0 0 0 0
PT [4 0 9 49 1]
 P 0 0 0 0
PT [4 0 10 49 1]
EMPTY QUEUE
 P 0 0 0 0
PT [4 0 1 0 1]
 P 0 0 0 0
PT [4 0 2 0 1]
 P 0 0 0 0
PT [4 0 3 0 1]
 P 0 0 0 0
PT [4 0 4 0 1]
 P 0 0 0 0
PT [4 0 5 0 1]
EMPTY QUEUE
 P 0 0 0 0
PT [4 0 6 48 1]
 P 0 0 0 0
PT [4 0 7 48 1]
 P 0 0 0 0
PT [4 0 8 48 1]
 P 0 0 0 0
PT [4 0 9 48 1]
 P 0 0 0 0
PT [4 0 10 48 1]
EMPTY QUEUE
 P 0 0 0 0
PT [4 0 1 0 1]
 P 0 0 0 0
PT [4 0 2 0 1]
 P 0 0 0 0
PT [4 0 3 0 1]
 P 0 0 0 0
PT [4 0 4 0 1]
 P 0 0 0 0
PT [4 0 5 0 1]
EMPTY QUEUE
 P 0 0 0 0
PT [4 0 6 50 1]
 P 0 0 0 0
PT [4 0 7 50 1]
 P 0 0 0 0
PT [4 0 8 50 1]
 P 0 0 0 0
PT [4 0 9 50 1]
 P 0 0 0 0
PT [4 0 10 50 1]
EMPTY QUEUE
 P 0 0 0 0
PT [4 0 1 0 1]
 P 0 0 0 0
PT [4 0 2 0 1]
 P 0 0 0 0
PT [4 0 3 0 1]
 P 0 0 0 0
PT [4 0 4 0 1]
 P 0 0 0 0
PT [4 0 5 0 1]
EMPTY QUEUE
 P 0 0 0 0
PT [4 0 6 49 1]
 P 0 0 0 0
PT [4 0 7 49 1]
 P 0 0 0 0
PT [4 0 8 49 1]
 P 0 0 0 0
PT [4 0 9 49 1]
 P 0 0 0 0
PT [4 0 10 49 1]
EMPTY QUEUE
 P 0 0 0 0
PT [4 0 1 0 1]
 P 0 0 0 0
PT [4 0 2 0 1]
 P 0 0 0 0
PT [4 0 3 0 1]
 P 0 0 0 0
PT [4 0 4 0 1]
 P 0 0 0 0
PT [4 0 5 0 1]
EMPTY QUEUE
 P 0 0 0 0
PT [4 0 6 48 1]
 P 0 0 0 0
PT [4 0 7 48 1]
 P 0 0 0 0
PT [4 0 8 48 1]
 P 0 0 0 0
PT [4 0 9 48 1]
 P 0 0 0 0
PT [4 0 10 48 1]
EMPTY QUEUE
 P 0 0 0 0
PT [4 0 1 0 1]
 P 0 0 0 0
PT [4 0 2 0 1]
 P 0 0 0 0
PT [4 0 3 0 1]
 P 0 0 0 0
PT [4 0 4 0 1]
 P 0 0 0 0
PT [4 0 5 0 1]
EMPTY QUEUE
 P 0 0 0 0
PT [4 0 6 48 1]
 P 0 0 0 0
PT [4 0 7 48 1]
 P 0 0 0 0
PT [4 0 8 48 1]
 P 0 0 0 0
PT [4 0 9 48 1]
 P 0 0 0 0
PT [4 0 10 48 1]
EMPTY QUEUE
 P 0 0 0 0
PT [4 0 1 0 1]
 P 0 0 0 0
PT [4 0 2 0 1]
 P 0 0 0 0
PT [4 0 3 0 1]
 P 0 0 0 0
PT [4 0 4 0 1]
 P 0 0 0 0
PT [4 0 5 0 1]
EMPTY QUEUE
 P 0 0 0 0
PT [4 0 6 49 1]
 P 0 0 0 0
PT [4 0 7 49 1]
 P 0 0 0 0
PT [4 0 8 49 1]
 P 0 0 0 0
PT [4 0 9 49 1]
 P 0 0 0 0
PT [4 0 10 49 1]
EMPTY QUEUE
 P 0 0 0 0
PT [4 0 1 0 1]
 P 0 0 0 0
PT [4 0 2 0 1]
 P 0 0 0 0
PT [4 0 3 0 1]
 P 0 0 0 0
PT [4 0 4 0 1]
 P 0 0 0 0
PT [4 0 5 0 1]
EMPTY QUEUE
 P 0 0 0 0
PT [4 0 6 47 1]
 P 0 0 0 0
PT [4 0 7 47 1]
 P 0 0 0 0
PT [4 0 8 47 1]
 P 0 0 0 0
PT [4 0 9 47 1]
 P 0 0 0 0
PT [4 0 10 47 1]
EMPTY QUEUE
 P 0 0 0 0
PT [4 0 1 0 1]
 P 0 0 0 0
PT [4 0 2 0 1]
 P 0 0 0 0
PT [4 0 3 0 1]
 P 0 0 0 0
PT [4 0 4 0 1]
 P 0 0 0 0
PT [4 0 5 0 1]
EMPTY QUEUE
 P 0 0 0 0
PT [4 0 6 49 1]
 P 0 0 0 0
PT [4 0 7 49 1]
 P 0 0 0 0
PT [4 0 8 49 1]
 P 0 0 0 0
PT [4 0 9 49 1]
 P 0 0 0 0
PT [4 0 10 49 1]
EMPTY QUEUE
 P 0 0 0 0
PT [4 0 1 0 1]
 P 0 0 0 0
PT [4 0 2 0 1]
 P 0 0 0 0
PT [4 0 3 0 1]
 P 0 0 0 0
PT [4 0 4 0 1]
 P 0 0 0 0
PT [4 0 5 0 1]
EMPTY QUEUE
 P 0 0 0 0
PT [4 0 6 50 1]
 P 0 0 0 0
PT [4 0 7 50 1]
 P 0 0 0 0
PT [4 0 8 50 1]
 P 0 0 0 0
PT [4 0 9 50 1]
 P 0 0 0 0
PT [4 0 0 90 1]
EMPTY QUEUE
 P 0 0 0 0
PT [4 0 1 0 1]
 P 0 0 0 0
PT [4 0 2 0 1]
 P 0 0 0 0
PT [4 0 3 0 1]
 P 0 0 0 0
PT [4 0 4 0 1]
 P 0 0 0 0
PT [4 0 5 40 1]
 P 0 0 0 0
PT [4 0 6 40 1]
 P 0 0 0 0
PT [4 0 7 40 1]
 P 0 0 0 0
PT [4 0 8 40 1]
 P 0 0 0 0
PT [4 0 9 80 1]
 P 0 0 0 0
PT [4 0 10 80 1]
 P 0 0 0 0
PT [4 0 11 80 1]
 P 0 0 0 0
PT [4 0 12 80 1]
 P 0 0 0 0
PT [4 0 1 0 1]
 P 0 0 0 0
PT [4 0 2 0 1]
 P 0 0 0 0
PT [4 0 3 0 1]
 P 0 0 0 0
PT [4 0 4 0 1]
 P 0 0 0 0
PT [4 0 5 0 1]
 P 0 0 0 0
PT [4 0 6 0 1]
 P 0 0 0 0
PT [4 0 7 58 1]
 P 0 0 0 0
PT [4 0 8 58 1]
 P 0 0 0 0
PT [4 0 9 58 1]
 P 0 0 0 0
PT [4 0 10 87 1]
 P 0 0 0 0
PT [4 0 11 87 1]
 P 0 0 0 0
PT [4 0 12 87 1]
 P 0 0 0 0
PT [4 0 13 87 1]
 P 0 0 0 0
PT [4 0 14 87 1]
 P 0 0 0 0
PT [4 0 1 0 1]
 P 0 0 0 0
PT [4 0 2 0 1]
 P 0 0 0 0
PT [4 0 3 0 1]
 P 0 0 0 0
PT [4 0 4 0 1]
 P 0 0 0 0
PT [4 0 5 0 1]
 P 0 0 0 0
PT [4 0 6 0 1]
 P 0 0 0 0
PT [4 0 7 59 1]
 P 0 0 0 0
PT [4 0 8 59 1]
 P 0 0 0 0
PT [4 0 9 59 1]
 P 0 0 0 0
PT [4 0 0 89 1]
EMPTY QUEUE
 P 0 0 0 0
PT [4 0 1 0 1]
 P 0 0 0 0
PT [4 0 2 0 1]
 P 0 0 0 0
PT [4 0 3 0 1]
 P 0 0 0 0
PT [4 0 4 0 1]
 P 0 0 0 0
PT [4 0 5 0 1]
 P 0 0 0 0
PT [4 0 6 50 1]
 P 0 0 0 0
PT [4 0 7 50 1]
 P 0 0 0 0
PT [4 0 8 50 1]
 P 0 0 0 0
PT [4 0 9 79 1]
 P 0 0 0 0
PT [4 0 10 79 1]
 P 0 0 0 0
PT [4 0 11 79 1]
 P 0 0 0 0
PT [4 0 12 79 1]
 P 0 0 0 0
PT [4 0 13 79 1]
 P 0 0 0 0
PT [4 0 1 0 1]
 P 0 0 0 0
PT [4 0 2 0 1]
 P 0 0 0 0
PT [4 0 3 0 1]
 P 0 0 0 0
PT [4 0 4 0 1]
 P 0 0 0 0
PT [4 0 5 0 1]
 P 0 0 0 0
PT [4 0 6 0 1]
 P 0 0 0 0
PT [4 0 7 59 1]
 P 0 0 0 0
PT [4 0 8 59 1]
 P 0 0 0 0
PT [4 0 9 59 1]
 P 0 0 0 0
PT [4 0 0 89 1]
EMPTY QUEUE
 P 0 0 0 0
PT [4 0 1 0 1]
 P 0 0 0 0
PT [4 0 2 0 1]
 P 0 0 0 0
PT [4 0 3 0 1]
 P 0 0 0 0
PT [4 0 4 0 1]
 P 0 0 0 0
PT [4 0 5 0 1]
 P 0 0 0 0
PT [4 0 6 50 1]
 P 0 0 0 0
PT [4 0 7 50 1]
 P 0 0 0 0
PT [4 0 8 50 1]
 P 0 0 0 0
PT [4 0 9 79 1]
 P 0 0 0 0
PT [4 0 10 79 1]
 P 0 0 0 0
PT [4 0 11 79 1]
 P 0 0 0 0
PT [4 0 12 79 1]
 P 0 0 0 0
PT [4 0 13 79 1]
 P 0 0 0 0
PT [4 0 1 0 1]
 P 0 0 0 0
PT [4 0 2 0 1]
 P 0 0 0 0
PT [4 0 3 0 1]
 P 0 0 0 0
PT [4 0 4 0 1]
 P 0 0 0 0
PT [4 0 5 0 1]
 P 0 0 0 0
PT [4 0 6 0 1]
 P 0 0 0 0
PT [4 0 7 59 1]
 P 0 0 0 0
PT [4 0 8 59 1]
 P 0 0 0 0
PT [4 0 9 59 1]
 P 0 0 0 0
PT [4 0 0 89 1]
EMPTY QUEUE
 P 0 0 0 0
PT [4 0 1 0 1]
 P 0 0 0 0
PT [4 0 2 0 1]
 P 0 0 0 0
PT [4 0 3 0 1]
 P 0 0 0 0
PT [4 0 4 0 1]
 P 0 0 0 0
PT [4 0 5 0 1]
 P 0 0 0 0
PT [4 0 6 50 1]
 P 0 0 0 0
PT [4 0 7 50 1]
 P 0 0 0 0
PT [4 0 8 50 1]
 P 0 0 0 0
PT [4 0 9 80 1]
 P 0 0 0 0
PT [4 0 10 80 1]
 P 0 0 0 0
PT [4 0 11 80 1]
 P 0 0 0 0
PT [4 0 12 80 1]
 P 0 0 0 0
PT [4 0 13 80 1]
 P 0 0 0 0
PT [4 0 1 0 1]
 P 0 0 0 0
PT [4 0 2 0 1]
 P 0 0 0 0
PT [4 0 3 0 1]
 P 0 0 0 0
PT [4 0 4 0 1]
 P 0 0 0 0
PT [4 0 5 0 1]
 P 0 0 0 0
PT [4 0 6 0 1]
 P 0 0 0 0
PT [4 0 7 59 1]
 P 0 0 0 0
PT [4 0 8 59 1]
 P 0 0 0 0
PT [4 0 9 59 1]
Warning: data sending process fails.
 P 0 0 0 0
PT [4 0 0 88 1]
 P 0 0 0 0
PT [4 0 1 88 1]
 P 0 0 0 0
PT [4 0 1 0 1]
 P 0 0 0 0
PT [4 0 2 0 1]
 P 0 0 0 0
PT [4 0 3 0 1]
 P 0 0 0 0
PT [4 0 4 0 1]
 P 0 0 0 0
PT [4 0 5 39 1]
 P 0 0 0 0
PT [4 0 6 39 1]
 P 0 0 0 0
PT [4 0 7 39 1]
 P 0 0 0 0
PT [4 0 8 69 1]
 P 0 0 0 0
PT [4 0 9 69 1]
 P 0 0 0 0
PT [4 0 10 69 1]
 P 0 0 0 0
PT [4 0 11 69 1]
 P 0 0 0 0
PT [4 0 12 69 1]
 P 0 0 0 0
PT [4 0 1 0 1]
 P 0 0 0 0
PT [4 0 2 0 1]
 P 0 0 0 0
PT [4 0 3 0 1]
 P 0 0 0 0
PT [4 0 4 0 1]
 P 0 0 0 0
PT [4 0 5 39 1]
 P 0 0 0 0
PT [4 0 6 39 1]
 P 0 0 0 0
PT [4 0 7 39 1]
 P 0 0 0 0
PT [4 0 8 39 1]
 P 0 0 0 0
PT [4 0 9 39 1]
 P 0 0 0 0
PT [4 0 10 87 1]
 P 0 0 0 0
PT [4 0 11 87 1]
 P 0 0 0 0
PT [4 0 12 87 1]
 P 0 0 0 0
PT [4 0 13 87 1]
 P 0 0 0 0
PT [4 0 14 87 1]
 P 0 0 0 0
PT [4 0 1 0 1]
 P 0 0 0 0
PT [4 0 2 0 1]
 P 0 0 0 0
PT [4 0 3 0 1]
 P 0 0 0 0
PT [4 0 4 0 1]
 P 0 0 0 0
PT [4 0 5 0 1]
 P 0 0 0 0
PT [4 0 6 49 1]
 P 0 0 0 0
PT [4 0 7 49 1]
 P 0 0 0 0
PT [4 0 8 49 1]
 P 0 0 0 0
PT [4 0 9 49 1]
 P 0 0 0 0
PT [4 0 0 89 1]
EMPTY QUEUE
 P 0 0 0 0
PT [4 0 1 89 1]
EMPTY QUEUE
 P 0 0 0 0
PT [4 0 1 0 1]
 P 0 0 0 0
PT [4 0 2 0 1]
 P 0 0 0 0
PT [4 0 3 0 1]
 P 0 0 0 0
PT [4 0 4 31 1]
 P 0 0 0 0
PT [4 0 5 31 1]
 P 0 0 0 0
PT [4 0 6 31 1]
 P 0 0 0 0
PT [4 0 7 31 1]
 P 0 0 0 0
PT [4 0 8 70 1]
 P 0 0 0 0
PT [4 0 9 70 1]
 P 0 0 0 0
PT [4 0 10 70 1]
 P 0 0 0 0
PT [4 0 11 70 1]
 P 0 0 0 0
PT [4 0 12 70 1]
Warning: data sending process fails.
 P 0 0 0 0
PT [4 0 1 0 1]
 P 0 0 0 0
PT [4 0 2 0 1]
 P 0 0 0 0
PT [4 0 3 21 1]
 P 0 0 0 0
PT [4 0 4 21 1]
 P 0 0 0 0
PT [4 0 5 21 1]
 P 0 0 0 0
PT [4 0 6 50 1]
 P 0 0 0 0
PT [4 0 7 50 1]
 P 0 0 0 0
PT [4 0 8 50 1]
 P 0 0 0 0
PT [4 0 9 50 1]
 P 0 0 0 0
PT [4 0 0 90 1]
EMPTY QUEUE
 P 0 0 0 0
PT [4 0 1 90 1]
EMPTY QUEUE
 P 0 0 0 0
PT [4 0 1 0 1]
 P 0 0 0 0
PT [4 0 2 0 1]
 P 0 0 0 0
PT [4 0 3 0 1]
 P 0 0 0 0
PT [4 0 4 30 1]
 P 0 0 0 0
PT [4 0 5 30 1]
 P 0 0 0 0
PT [4 0 6 30 1]
 P 0 0 0 0
PT [4 0 7 30 1]
 P 0 0 0 0
PT [4 0 8 70 1]
 P 0 0 0 0
PT [4 0 9 70 1]
 P 0 0 0 0
PT [4 0 10 70 1]
 P 0 0 0 0
PT [4 0 11 70 1]
 P 0 0 0 0
PT [4 0 12 70 1]
 P 0 0 0 0
PT [4 0 1 0 1]
 P 0 0 0 0
PT [4 0 2 0 1]
 P 0 0 0 0
PT [4 0 3 0 1]
 P 0 0 0 0
PT [4 0 4 0 1]
 P 0 0 0 0
PT [4 0 5 0 1]
 P 0 0 0 0
PT [4 0 6 50 1]
 P 0 0 0 0
PT [4 0 7 50 1]
 P 0 0 0 0
PT [4 0 8 50 1]
 P 0 0 0 0
PT [4 0 9 50 1]
 P 0 0 0 0
PT [4 0 0 89 1]
EMPTY QUEUE
 P 0 0 0 0
PT [4 0 1 89 1]
EMPTY QUEUE
 P 0 0 0 0
PT [4 0 1 0 1]
 P 0 0 0 0
PT [4 0 2 0 1]
 P 0 0 0 0
PT [4 0 3 0 1]
 P 0 0 0 0
PT [4 0 4 30 1]
 P 0 0 0 0
PT [4 0 5 30 1]
 P 0 0 0 0
PT [4 0 6 30 1]
 P 0 0 0 0
PT [4 0 7 30 1]
 P 0 0 0 0
PT [4 0 8 69 1]
 P 0 0 0 0
PT [4 0 9 69 1]
 P 0 0 0 0
PT [4 0 10 69 1]
 P 0 0 0 0
PT [4 0 11 69 1]
 P 0 0 0 0
PT [4 0 12 69 1]
Warning: data sending process fails.
 P 0 0 0 0
PT [4 0 1 0 1]
 P 0 0 0 0
PT [4 0 2 0 1]
 P 0 0 0 0
PT [4 0 3 20 1]
 P 0 0 0 0
PT [4 0 4 20 1]
 P 0 0 0 0
PT [4 0 5 20 1]
 P 0 0 0 0
PT [4 0 6 52 1]
 P 0 0 0 0
PT [4 0 7 52 1]
 P 0 0 0 0
PT [4 0 8 52 1]
 P 0 0 0 0
PT [4 0 9 52 1]
 P 0 0 0 0
PT [4 0 10 52 1]
 P 0 0 0 0
PT [4 0 1 0 1]
 P 0 0 0 0
PT [4 0 2 0 1]
 P 0 0 0 0
PT [4 0 3 0 1]
 P 0 0 0 0
PT [4 0 4 30 1]
 P 0 0 0 0
PT [4 0 5 30 1]
 P 0 0 0 0
PT [4 0 6 30 1]
 P 0 0 0 0
PT [4 0 7 30 1]
 P 0 0 0 0
PT [4 0 8 30 1]
 P 0 0 0 0
PT [4 0 9 30 1]
 P 0 0 0 0
PT [4 0 0 88 1]
EMPTY QUEUE
 P 0 0 0 0
PT [4 0 1 0 1]
 P 0 0 0 0
PT [4 0 2 0 1]
 P 0 0 0 0
PT [4 0 3 0 1]
 P 0 0 0 0
PT [4 0 4 28 1]
 P 0 0 0 0
PT [4 0 5 28 1]
 P 0 0 0 0
PT [4 0 6 28 1]
 P 0 0 0 0
PT [4 0 7 28 1]
 P 0 0 0 0
PT [4 0 8 28 1]
 P 0 0 0 0
PT [4 0 9 78 1]
 P 0 0 0 0
PT [4 0 10 78 1]
 P 0 0 0 0
PT [4 0 11 78 1]
 P 0 0 0 0
PT [4 0 12 78 1]
 P 0 0 0 0
PT [4 0 1 0 1]
 P 0 0 0 0
PT [4 0 2 0 1]
 P 0 0 0 0
PT [4 0 3 0 1]
 P 0 0 0 0
PT [4 0 4 0 1]
 P 0 0 0 0
PT [4 0 5 0 1]
 P 0 0 0 0
PT [4 0 6 51 1]
 P 0 0 0 0
PT [4 0 7 51 1]
 P 0 0 0 0
PT [4 0 8 51 1]
 P 0 0 0 0
PT [4 0 9 51 1]
 P 0 0 0 0
PT [4 0 10 51 1]
 P 0 0 0 0
PT [4 0 1 0 1]
 P 0 0 0 0
PT [4 0 2 0 1]
 P 0 0 0 0
PT [4 0 3 0 1]
 P 0 0 0 0
PT [4 0 4 0 1]
 P 0 0 0 0
PT [4 0 5 39 1]
 P 0 0 0 0
PT [4 0 6 39 1]
 P 0 0 0 0
PT [4 0 7 39 1]
 P 0 0 0 0
PT [4 0 8 39 1]
Warning: data sending process fails.
 P 0 0 0 0
PT [4 0 9 78 1]
 P 0 0 0 0
PT [4 0 10 78 1]
 P 0 0 0 0
PT [4 0 1 0 1]
 P 0 0 0 0
PT [4 0 2 0 1]
 P 0 0 0 0
PT [4 0 3 0 1]
 P 0 0 0 0
PT [4 0 4 0 1]
 P 0 0 0 0
PT [4 0 5 40 1]
 P 0 0 0 0
PT [4 0 6 40 1]
 P 0 0 0 0
PT [4 0 7 40 1]
 P 0 0 0 0
PT [4 0 8 40 1]
 P 0 0 0 0
PT [4 0 9 80 1]
 P 0 0 0 0
PT [4 0 10 80 1]
 P 0 0 0 0
PT [4 0 11 80 1]
 P 0 0 0 0
PT [4 0 12 80 1]
 P 0 0 0 0
PT [4 0 1 0 1]
 P 0 0 0 0
PT [4 0 2 0 1]
 P 0 0 0 0
PT [4 0 3 0 1]
 P 0 0 0 0
PT [4 0 4 0 1]
 P 0 0 0 0
PT [4 0 5 0 1]
 P 0 0 0 0
PT [4 0 6 0 1]
 P 0 0 0 0
PT [4 0 7 59 1]
 P 0 0 0 0
PT [4 0 8 59 1]
 P 0 0 0 0
PT [4 0 9 59 1]
 P 0 0 0 0
PT [4 0 0 89 1]
EMPTY QUEUE
 P 0 0 0 0
PT [4 0 1 0 1]
 P 0 0 0 0
PT [4 0 2 0 1]
 P 0 0 0 0
PT [4 0 3 0 1]
 P 0 0 0 0
PT [4 0 4 0 1]
 P 0 0 0 0
PT [4 0 5 0 1]
 P 0 0 0 0
PT [4 0 6 48 1]
 P 0 0 0 0
PT [4 0 7 48 1]
 P 0 0 0 0
PT [4 0 8 48 1]
 P 0 0 0 0
PT [4 0 9 79 1]
 P 0 0 0 0
PT [4 0 10 79 1]
 P 0 0 0 0
PT [4 0 11 79 1]
 P 0 0 0 0
PT [4 0 12 79 1]
 P 0 0 0 0
PT [4 0 13 79 1]
 P 0 0 0 0
PT [4 0 1 0 1]
 P 0 0 0 0
PT [4 0 2 0 1]
 P 0 0 0 0
PT [4 0 3 0 1]
 P 0 0 0 0
PT [4 0 4 0 1]
 P 0 0 0 0
PT [4 0 5 0 1]
 P 0 0 0 0
PT [4 0 6 0 1]
 P 0 0 0 0
PT [4 0 7 59 1]
 P 0 0 0 0
PT [4 0 8 59 1]
 P 0 0 0 0
PT [4 0 9 59 1]
 P 0 0 0 0
PT [4 0 0 88 1]
EMPTY QUEUE
 P 0 0 0 0
PT [4 0 1 0 1]
 P 0 0 0 0
PT [4 0 2 0 1]
 P 0 0 0 0
PT [4 0 3 0 1]
 P 0 0 0 0
PT [4 0 4 0 1]
 P 0 0 0 0
PT [4 0 5 0 1]
 P 0 0 0 0
PT [4 0 6 50 1]
 P 0 0 0 0
PT [4 0 7 50 1]
 P 0 0 0 0
PT [4 0 8 50 1]
 P 0 0 0 0
PT [4 0 9 80 1]
 P 0 0 0 0
PT [4 0 10 80 1]
 P 0 0 0 0
PT [4 0 11 80 1]
 P 0 0 0 0
PT [4 0 12 80 1]
 P 0 0 0 0
PT [4 0 13 80 1]
 P 0 0 0 0
PT [4 0 1 0 1]
 P 0 0 0 0
PT [4 0 2 0 1]
 P 0 0 0 0
PT [4 0 3 0 1]
 P 0 0 0 0
PT [4 0 4 0 1]
 P 0 0 0 0
PT [4 0 5 0 1]
 P 0 0 0 0
PT [4 0 6 49 1]
 P 0 0 0 0
PT [4 0 7 49 1]
 P 0 0 0 0
PT [4 0 8 49 1]
 P 0 0 0 0
PT [4 0 9 49 1]
 P 0 0 0 0
PT [4 0 10 49 1]
 P 0 0 0 0
PT [4 0 1 0 1]
 P 0 0 0 0
PT [4 0 2 0 1]
 P 0 0 0 0
PT [4 0 3 0 1]
 P 0 0 0 0
PT [4 0 4 0 1]
 P 0 0 0 0
PT [4 0 5 39 1]
 P 0 0 0 0
PT [4 0 6 39 1]
 P 0 0 0 0
PT [4 0 7 39 1]
 P 0 0 0 0
PT [4 0 8 39 1]
 P 0 0 0 0
PT [4 0 9 78 1]
 P 0 0 0 0
PT [4 0 10 78 1]
 P 0 0 0 0
PT [4 0 11 78 1]
 P 0 0 0 0
PT [4 0 12 78 1]
 P 0 0 0 0
PT [4 0 13 78 1]
 P 0 0 0 0
PT [4 0 14 78 1]
 P 0 0 0 0
PT [4 0 1 0 1]
 P 0 0 0 0
PT [4 0 2 0 1]
 P 0 0 0 0
PT [4 0 3 0 1]
 P 0 0 0 0
PT [4 0 4 0 1]
 P 0 0 0 0
PT [4 0 5 40 1]
 P 0 0 0 0
PT [4 0 6 40 1]
 P 0 0 0 0
PT [4 0 7 40 1]
 P 0 0 0 0
PT [4 0 8 40 1]
 P 0 0 0 0
PT [4 0 9 78 1]
 P 0 0 0 0
PT [4 0 10 78 1]
 P 0 0 0 0
PT [4 0 11 78 1]
 P 0 0 0 0
PT [4 0 12 78 1]
 P 0 0 0 0
PT [4 0 13 78 1]
 P 0 0 0 0
PT [4 0 14 78 1]
 P 0 0 0 0
PT [4 0 1 0 1]
 P 0 0 0 0
PT [4 0 2 0 1]
 P 0 0 0 0
PT [4 0 3 0 1]
 P 0 0 0 0
PT [4 0 4 30 1]
 P 0 0 0 0
PT [4 0 5 30 1]
 P 0 0 0 0
PT [4 0 6 30 1]
 P 0 0 0 0
PT [4 0 7 30 1]
 P 0 0 0 0
PT [4 0 8 30 1]
 P 0 0 0 0
PT [4 0 9 78 1]
 P 0 0 0 0
PT [4 0 10 78 1]
 P 0 0 0 0
PT [4 0 11 78 1]
 P 0 0 0 0
PT [4 0 12 78 1]
 P 0 0 0 0
PT [4 0 13 78 1]
 P 0 0 0 0
PT [4 0 14 78 1]
 P 0 0 0 0
PT [4 0 1 0 1]
 P 0 0 0 0
PT [4 0 2 0 1]
 P 0 0 0 0
PT [4 0 3 0 1]
 P 0 0 0 0
PT [4 0 4 29 1]
 P 0 0 0 0
PT [4 0 5 29 1]
 P 0 0 0 0
PT [4 0 6 29 1]
 P 0 0 0 0
PT [4 0 7 29 1]
 P 0 0 0 0
PT [4 0 8 29 1]
 P 0 0 0 0
PT [4 0 9 78 1]
 P 0 0 0 0
PT [4 0 10 78 1]
 P 0 0 0 0
PT [4 0 11 78 1]
 P 0 0 0 0
PT [4 0 12 78 1]
 P 0 0 0 0
PT [4 0 13 78 1]
 P 0 0 0 0
PT [4 0 1 0 1]
 P 0 0 0 0
PT [4 0 2 0 1]
 P 0 0 0 0
PT [4 0 3 0 1]
 P 0 0 0 0
PT [4 0 4 0 1]
 P 0 0 0 0
PT [4 0 5 39 1]
 P 0 0 0 0
PT [4 0 6 39 1]
 P 0 0 0 0
PT [4 0 7 39 1]
 P 0 0 0 0
PT [4 0 8 39 1]
 P 0 0 0 0
PT [4 0 9 39 1]
 P 0 0 0 0
PT [4 0 10 39 1]
 P 0 0 0 0
PT [4 0 1 0 1]
 P 0 0 0 0
PT [4 0 2 0 1]
 P 0 0 0 0
PT [4 0 3 0 1]
 P 0 0 0 0
PT [4 0 4 29 1]
 P 0 0 0 0
PT [4 0 5 29 1]
 P 0 0 0 0
PT [4 0 6 29 1]
 P 0 0 0 0
PT [4 0 7 29 1]
 P 0 0 0 0
PT [4 0 8 29 1]
 P 0 0 0 0
PT [4 0 9 77 1]
 P 0 0 0 0
PT [4 0 10 77 1]
 P 0 0 0 0
PT [4 0 11 77 1]
 P 0 0 0 0
PT [4 0 12 77 1]
 P 0 0 0 0
PT [4 0 13 77 1]
 P 0 0 0 0
PT [4 0 1 0 1]
 P 0 0 0 0
PT [4 0 2 0 1]
 P 0 0 0 0
PT [4 0 3 0 1]
 P 0 0 0 0
PT [4 0 4 0 1]
 P 0 0 0 0
PT [4 0 5 39 1]
 P 0 0 0 0
PT [4 0 6 39 1]
 P 0 0 0 0
PT [4 0 7 39 1]
 P 0 0 0 0
PT [4 0 8 39 1]
 P 0 0 0 0
PT [4 0 9 39 1]
 P 0 0 0 0
PT [4 0 0 88 1]
EMPTY QUEUE
 P 0 0 0 0
PT [4 0 1 0 1]
 P 0 0 0 0
PT [4 0 2 0 1]
 P 0 0 0 0
PT [4 0 3 0 1]
 P 0 0 0 0
PT [4 0 4 29 1]
 P 0 0 0 0
PT [4 0 5 29 1]
 P 0 0 0 0
PT [4 0 6 29 1]
 P 0 0 0 0
PT [4 0 7 29 1]
 P 0 0 0 0
PT [4 0 8 29 1]
 P 0 0 0 0
PT [4 0 9 29 1]
 P 0 0 0 0
PT [4 0 0 88 1]
EMPTY QUEUE
 P 0 0 0 0
PT [4 0 1 0 1]
 P 0 0 0 0
PT [4 0 2 0 1]
 P 0 0 0 0
PT [4 0 3 19 1]
 P 0 0 0 0
PT [4 0 4 19 1]
 P 0 0 0 0
PT [4 0 5 19 1]
 P 0 0 0 0
PT [4 0 6 19 1]
 P 0 0 0 0
PT [4 0 7 19 1]
 P 0 0 0 0
PT [4 0 8 19 1]
 P 0 0 0 0
PT [4 0 9 79 1]
 P 0 0 0 0
PT [4 0 10 79 1]
 P 0 0 0 0
PT [4 0 11 79 1]
 P 0 0 0 0
PT [4 0 1 0 1]
 P 0 0 0 0
PT [4 0 2 0 1]
 P 0 0 0 0
PT [4 0 3 0 1]
 P 0 0 0 0
PT [4 0 4 0 1]
 P 0 0 0 0
PT [4 0 5 0 1]
 P 0 0 0 0
PT [4 0 6 0 1]
 P 0 0 0 0
PT [4 0 7 57 1]
 P 0 0 0 0
PT [4 0 8 57 1]
 P 0 0 0 0
PT [4 0 9 57 1]
 P 0 0 0 0
PT [4 0 10 57 1]
 P 0 0 0 0
PT [4 0 1 0 1]
 P 0 0 0 0
PT [4 0 2 0 1]
 P 0 0 0 0
PT [4 0 3 0 1]
 P 0 0 0 0
PT [4 0 4 0 1]
 P 0 0 0 0
PT [4 0 5 0 1]
 P 0 0 0 0
PT [4 0 6 49 1]
 P 0 0 0 0
PT [4 0 7 49 1]
 P 0 0 0 0
PT [4 0 8 49 1]
 P 0 0 0 0
PT [4 0 9 49 1]
 P 0 0 0 0
PT [4 0 10 49 1]
 P 0 0 0 0
PT [4 0 1 0 1]
 P 0 0 0 0
PT [4 0 2 0 1]
 P 0 0 0 0
PT [4 0 3 0 1]
 P 0 0 0 0
PT [4 0 4 29 1]
 P 0 0 0 0
PT [4 0 5 29 1]
 P 0 0 0 0
PT [4 0 6 29 1]
 P 0 0 0 0
PT [4 0 7 29 1]
 P 0 0 0 0
PT [4 0 8 29 1]
 P 0 0 0 0
PT [4 0 9 29 1]
 P 0 0 0 0
PT [4 0 0 88 1]
EMPTY QUEUE
 P 0 0 0 0
PT [4 0 1 0 1]
 P 0 0 0 0
PT [4 0 2 0 1]
 P 0 0 0 0
PT [4 0 3 0 1]
 P 0 0 0 0
PT [4 0 4 0 1]
 P 0 0 0 0
PT [4 0 5 40 1]
 P 0 0 0 0
PT [4 0 6 40 1]
 P 0 0 0 0
PT [4 0 7 40 1]
 P 0 0 0 0
PT [4 0 8 40 1]
 P 0 0 0 0
PT [4 0 9 80 1]
 P 0 0 0 0
PT [4 0 10 80 1]
 P 0 0 0 0
PT [4 0 11 80 1]
 P 0 0 0 0
PT [4 0 12 80 1]
 P 0 0 0 0
PT [4 0 13 80 1]
 P 0 0 0 0
PT [4 0 1 0 1]
 P 0 0 0 0
PT [4 0 2 0 1]
 P 0 0 0 0
PT [4 0 3 0 1]
 P 0 0 0 0
PT [4 0 4 29 1]
 P 0 0 0 0
PT [4 0 5 29 1]
 P 0 0 0 0
PT [4 0 6 29 1]
 P 0 0 0 0
PT [4 0 7 29 1]
 P 0 0 0 0
PT [4 0 8 29 1]
 P 0 0 0 0
PT [4 0 9 29 1]
 P 0 0 0 0
PT [4 0 0 88 1]
EMPTY QUEUE
 P 0 0 0 0
PT [4 0 1 0 1]
 P 0 0 0 0
PT [4 0 2 0 1]
 P 0 0 0 0
PT [4 0 3 0 1]
 P 0 0 0 0
PT [4 0 4 30 1]
 P 0 0 0 0
PT [4 0 5 30 1]
 P 0 0 0 0
PT [4 0 6 30 1]
 P 0 0 0 0
PT [4 0 7 30 1]
 P 0 0 0 0
PT [4 0 8 30 1]
 P 0 0 0 0
PT [4 0 9 79 1]
 P 0 0 0 0
PT [4 0 10 79 1]
 P 0 0 0 0
PT [4 0 11 79 1]
 P 0 0 0 0
PT [4 0 12 79 1]
 P 0 0 0 0
PT [4 0 13 79 1]
 P 0 0 0 0
PT [4 0 1 0 1]
 P 0 0 0 0
PT [4 0 2 0 1]
 P 0 0 0 0
PT [4 0 3 0 1]
 P 0 0 0 0
PT [4 0 4 29 1]
 P 0 0 0 0
PT [4 0 5 29 1]
 P 0 0 0 0
PT [4 0 6 29 1]
 P 0 0 0 0
PT [4 0 7 29 1]
 P 0 0 0 0
PT [4 0 8 29 1]
 P 0 0 0 0
PT [4 0 9 29 1]
 P 0 0 0 0
PT [4 0 0 88 1]
EMPTY QUEUE
 P 0 0 0 0
PT [4 0 1 0 1]
 P 0 0 0 0
PT [4 0 2 0 1]
 P 0 0 0 0
PT [4 0 3 0 1]
 P 0 0 0 0
PT [4 0 4 0 1]
 P 0 0 0 0
PT [4 0 5 40 1]
 P 0 0 0 0
PT [4 0 6 40 1]
 P 0 0 0 0
PT [4 0 7 40 1]
 P 0 0 0 0
PT [4 0 8 40 1]
 P 0 0 0 0
PT [4 0 9 80 1]
 P 0 0 0 0
PT [4 0 10 80 1]
 P 0 0 0 0
PT [4 0 11 80 1]
 P 0 0 0 0
PT [4 0 12 80 1]
 P 0 0 0 0
PT [4 0 1 0 1]
 P 0 0 0 0
PT [4 0 2 0 1]
 P 0 0 0 0
PT [4 0 3 0 1]
 P 0 0 0 0
PT [4 0 4 0 1]
 P 0 0 0 0
PT [4 0 5 0 1]
 P 0 0 0 0
PT [4 0 6 48 1]
 P 0 0 0 0
PT [4 0 7 48 1]
 P 0 0 0 0
PT [4 0 8 48 1]
 P 0 0 0 0
PT [4 0 9 48 1]
 P 0 0 0 0
PT [4 0 10 48 1]
 P 0 0 0 0
PT [4 0 1 0 1]
 P 0 0 0 0
PT [4 0 2 0 1]
 P 0 0 0 0
PT [4 0 3 0 1]
 P 0 0 0 0
PT [4 0 4 0 1]
 P 0 0 0 0
PT [4 0 5 38 1]
 P 0 0 0 0
PT [4 0 6 38 1]
 P 0 0 0 0
PT [4 0 7 38 1]
 P 0 0 0 0
PT [4 0 8 38 1]
 P 0 0 0 0
PT [4 0 9 77 1]
 P 0 0 0 0
PT [4 0 10 77 1]
 P 0 0 0 0
PT [4 0 11 77 1]
 P 0 0 0 0
PT [4 0 12 77 1]
 P 0 0 0 0
PT [4 0 13 77 1]
 P 0 0 0 0
PT [4 0 14 77 1]
 P 0 0 0 0
PT [4 0 1 0 1]
 P 0 0 0 0
PT [4 0 2 0 1]
 P 0 0 0 0
PT [4 0 3 0 1]
 P 0 0 0 0
PT [4 0 4 30 1]
 P 0 0 0 0
PT [4 0 5 30 1]
 P 0 0 0 0
PT [4 0 6 30 1]
 P 0 0 0 0
PT [4 0 7 30 1]
 P 0 0 0 0
PT [4 0 8 30 1]
 P 0 0 0 0
PT [4 0 9 30 1]
 P 0 0 0 0
PT [4 0 10 30 1]
 P 0 0 0 0
PT [4 0 11 30 1]
 P 0 0 0 0
PT [4 0 12 30 1]
 P 0 0 0 0
PT [4 0 13 30 1]
Warning: retx limit drop data
 P 0 0 0 0
PT [4 0 14 30 1]
 P 0 0 0 0
PT [4 0 15 30 1]
 P 0 0 0 0
PT [4 0 16 30 1]
 P 0 0 0 0
PT [4 0 17 30 1]
 P 0 0 0 0
PT [4 0 18 30 1]
 P 0 0 0 0
PT [4 0 19 30 1]
Warning: retx limit drop data
 P 0 0 0 0
PT [4 0 20 30 1]
 P 0 0 0 0
PT [4 0 21 30 1]
 P 0 0 0 0
PT [4 0 22 30 1]
 P 0 0 0 0
PT [4 0 23 30 1]
 P 0 0 0 0
PT [4 0 24 30 1]
 P 0 0 0 0
PT [4 0 25 30 1]
Warning: retx limit drop data
 P 0 0 0 0
PT [4 0 26 30 1]
 P 0 0 0 0
PT [4 0 27 30 1]
 P 0 0 0 0
PT [4 0 28 30 1]
 P 0 0 0 0
PT [4 0 29 30 1]
 P 0 0 0 0
PT [4 0 30 30 1]
 P 0 0 0 0
PT [4 0 31 30 1]
Warning: retx limit drop data
 P 0 0 0 0
PT [4 0 32 30 1]
 P 0 0 0 0
PT [4 0 33 30 1]
 P 0 0 0 0
PT [4 0 34 30 1]
 P 0 0 0 0
PT [4 0 35 30 1]
 P 0 0 0 0
PT [4 0 36 30 1]
 P 0 0 0 0
PT [4 0 37 30 1]
Warning: retx limit drop data
 P 0 0 0 0
PT [4 0 38 30 1]
 P 0 0 0 0
PT [4 0 39 30 1]
 P 0 0 0 0
PT [4 0 40 30 1]
 P 0 0 0 0
PT [4 0 41 30 1]
 P 0 0 0 0
PT [4 0 42 30 1]
 P 0 0 0 0
PT [4 0 43 30 1]
Warning: retx limit drop data
 P 0 0 0 0
PT [4 0 44 30 1]
 P 0 0 0 0
PT [4 0 45 30 1]
 P 0 0 0 0
PT [4 0 46 30 1]
 P 0 0 0 0
PT [4 0 47 30 1]
 P 0 0 0 0
PT [4 0 48 30 1]
 P 0 0 0 0
PT [4 0 49 30 1]
Warning: retx limit drop data
 P 0 0 0 0
PT [4 0 50 30 1]
 P 0 0 0 0
PT [4 0 51 30 1]
 P 0 0 0 0
PT [4 0 52 30 1]
 P 0 0 0 0
PT [4 0 53 30 1]
 P 0 0 0 0
PT [4 0 54 30 1]
 P 0 0 0 0
PT [4 0 55 30 1]
Warning: retx limit drop data
 P 0 0 0 0
PT [4 0 56 30 1]
 P 0 0 0 0
PT [4 0 57 30 1]
 P 0 0 0 0
PT [4 0 58 30 1]
 P 0 0 0 0
PT [4 0 59 30 1]
 P 0 0 0 0
PT [4 0 60 30 1]
 P 0 0 0 0
PT [4 0 61 30 1]
Warning: retx limit drop data
 P 0 0 0 0
PT [4 0 62 30 1]
 P 0 0 0 0
PT [4 0 63 30 1]
 P 0 0 0 0
PT [4 0 64 30 1]
 P 0 0 0 0
PT [4 0 65 30 1]
 P 0 0 0 0
PT [4 0 66 30 1]
 P 0 0 0 0
PT [4 0 67 30 1]
Warning: retx limit drop data
 P 0 0 0 0
PT [4 0 68 30 1]
 P 0 0 0 0
PT [4 0 69 30 1]
 P 0 0 0 0
PT [4 0 70 30 1]
 P 0 0 0 0
PT [4 0 71 30 1]
 P 0 0 0 0
PT [4 0 72 30 1]
 P 0 0 0 0
PT [4 0 73 30 1]
Warning: retx limit drop data
 P 0 0 0 0
PT [4 0 74 30 1]
 P 0 0 0 0
PT [4 0 75 30 1]
 P 0 0 0 0
PT [4 0 76 30 1]
 P 0 0 0 0
PT [4 0 77 30 1]
 P 0 0 0 0
PT [4 0 78 30 1]
 P 0 0 0 0
PT [4 0 79 30 1]
Warning: retx limit drop data
 P 0 0 0 0
PT [4 0 80 30 1]
 P 0 0 0 0
PT [4 0 81 30 1]
 P 0 0 0 0
PT [4 0 82 30 1]
 P 0 0 0 0
PT [4 0 83 30 1]
 P 0 0 0 0
PT [4 0 84 30 1]
 P 0 0 0 0
PT [4 0 85 30 1]
Warning: retx limit drop data
 P 0 0 0 0
PT [4 0 86 30 1]
 P 0 0 0 0
PT [4 0 87 30 1]
 P 0 0 0 0
PT [4 0 88 30 1]
 P 0 0 0 0
PT [4 0 89 30 1]
 P 0 0 0 0
PT [4 0 90 30 1]
 P 0 0 0 0
PT [4 0 91 30 1]
Warning: retx limit drop data
 P 0 0 0 0
PT [4 0 92 30 1]
 P 0 0 0 0
PT [4 0 93 30 1]
 P 0 0 0 0
PT [4 0 94 30 1]
 P 0 0 0 0
PT [4 0 95 30 1]
 P 0 0 0 0
PT [4 0 96 30 1]
 P 0 0 0 0
PT [4 0 97 30 1]
Warning: retx limit drop data
 P 0 0 0 0
PT [4 0 98 30 1]
 P 0 0 0 0
PT [4 0 99 30 1]
 P 0 0 0 0
PT [4 0 100 30 1]
 P 0 0 0 0
PT [4 0 101 30 1]
 P 0 0 0 0
PT [4 0 102 30 1]
 P 0 0 0 0
PT [4 0 103 30 1]
Warning: retx limit drop data
 P 0 0 0 0
PT [4 0 104 30 1]
 P 0 0 0 0
PT [4 0 105 30 1]
 P 0 0 0 0
PT [4 0 106 30 1]
 P 0 0 0 0
PT [4 0 107 30 1]
 P 0 0 0 0
PT [4 0 108 30 1]
 P 0 0 0 0
PT [4 0 109 30 1]
Warning: retx limit drop data
 P 0 0 0 0
PT [4 0 110 30 1]
 P 0 0 0 0
PT [4 0 111 30 1]
 P 0 0 0 0
PT [4 0 112 30 1]
 P 0 0 0 0
PT [4 0 113 30 1]
 P 0 0 0 0
PT [4 0 114 30 1]
 P 0 0 0 0
PT [4 0 115 30 1]
Warning: retx limit drop data
 P 0 0 0 0
PT [4 0 116 30 1]
 P 0 0 0 0
PT [4 0 117 30 1]
 P 0 0 0 0
PT [4 0 118 30 1]
 P 0 0 0 0
PT [4 0 119 30 1]
 P 0 0 0 0
PT [4 0 120 30 1]
 P 0 0 0 0
PT [4 0 121 30 1]
Warning: retx limit drop data
 P 0 0 0 0
PT [4 0 122 30 1]
 P 0 0 0 0
PT [4 0 123 30 1]
 P 0 0 0 0
PT [4 0 124 30 1]
 P 0 0 0 0
PT [4 0 125 30 1]
 P 0 0 0 0
PT [4 0 126 30 1]
 P 0 0 0 0
PT [4 0 127 30 1]
Warning: retx limit drop data
 P 0 0 0 0
PT [4 0 128 30 1]
 P 0 0 0 0
PT [4 0 129 30 1]
 P 0 0 0 0
PT [4 0 130 30 1]
 P 0 0 0 0
PT [4 0 131 30 1]
 P 0 0 0 0
PT [4 0 132 30 1]
 P 0 0 0 0
PT [4 0 133 30 1]
Warning: retx limit drop data
 P 0 0 0 0
PT [4 0 134 30 1]
 P 0 0 0 0
PT [4 0 135 30 1]
 P 0 0 0 0
PT [4 0 136 30 1]
 P 0 0 0 0
PT [4 0 137 30 1]
 P 0 0 0 0
PT [4 0 138 30 1]
 P 0 0 0 0
PT [4 0 139 30 1]
Warning: retx limit drop data
 P 0 0 0 0
PT [4 0 140 30 1]
 P 0 0 0 0
PT [4 0 141 30 1]
 P 0 0 0 0
PT [4 0 142 30 1]
 P 0 0 0 0
PT [4 0 143 30 1]
 P 0 0 0 0
PT [4 0 144 30 1]
 P 0 0 0 0
PT [4 0 145 30 1]
Warning: retx limit drop data
 P 0 0 0 0
PT [4 0 146 30 1]
 P 0 0 0 0
PT [4 0 147 30 1]
 P 0 0 0 0
PT [4 0 148 30 1]
 P 0 0 0 0
PT [4 0 149 30 1]
 P 0 0 0 0
PT [4 0 150 30 1]
 P 0 0 0 0
PT [4 0 151 30 1]
Warning: retx limit drop data
 P 0 0 0 0
PT [4 0 152 30 1]
 P 0 0 0 0
PT [4 0 153 30 1]
 P 0 0 0 0
PT [4 0 154 30 1]
 P 0 0 0 0
PT [4 0 155 30 1]
 P 0 0 0 0
PT [4 0 156 30 1]
 P 0 0 0 0
PT [4 0 157 30 1]
Warning: retx limit drop data
 P 0 0 0 0
PT [4 0 158 30 1]
 P 0 0 0 0
PT [4 0 159 30 1]
 P 0 0 0 0
PT [4 0 160 30 1]
 P 0 0 0 0
PT [4 0 161 30 1]
 P 0 0 0 0
PT [4 0 162 30 1]
 P 0 0 0 0
PT [4 0 163 30 1]
Warning: retx limit drop data
 P 0 0 0 0
PT [4 0 164 30 1]
 P 0 0 0 0
PT [4 0 165 30 1]
 P 0 0 0 0
PT [4 0 166 30 1]
 P 0 0 0 0
PT [4 0 167 30 1]
 P 0 0 0 0
PT [4 0 168 30 1]
 P 0 0 0 0
PT [4 0 169 30 1]
Warning: retx limit drop data
 P 0 0 0 0
PT [4 0 170 30 1]
 P 0 0 0 0
PT [4 0 171 30 1]
 P 0 0 0 0
PT [4 0 172 30 1]
 P 0 0 0 0
PT [4 0 173 30 1]
 P 0 0 0 0
PT [4 0 174 30 1]
 P 0 0 0 0
PT [4 0 175 30 1]
Warning: retx limit drop data
 P 0 0 0 0
PT [4 0 176 30 1]
 P 0 0 0 0
PT [4 0 177 30 1]
 P 0 0 0 0
PT [4 0 178 30 1]
 P 0 0 0 0
PT [4 0 179 30 1]
 P 0 0 0 0
PT [4 0 180 30 1]
 P 0 0 0 0
PT [4 0 181 30 1]
Warning: retx limit drop data
 P 0 0 0 0
PT [4 0 182 30 1]
 P 0 0 0 0
PT [4 0 183 30 1]
 P 0 0 0 0
PT [4 0 184 30 1]
 P 0 0 0 0
PT [4 0 185 30 1]
 P 0 0 0 0
PT [4 0 186 30 1]
 P 0 0 0 0
PT [4 0 187 30 1]
Warning: retx limit drop data
 P 0 0 0 0
PT [4 0 188 30 1]
 P 0 0 0 0
PT [4 0 189 30 1]
 P 0 0 0 0
PT [4 0 190 30 1]
 P 0 0 0 0
PT [4 0 191 30 1]
 P 0 0 0 0
PT [4 0 192 30 1]
 P 0 0 0 0
PT [4 0 193 30 1]
Warning: retx limit drop data
 P 0 0 0 0
PT [4 0 194 30 1]
 P 0 0 0 0
PT [4 0 195 30 1]
 P 0 0 0 0
PT [4 0 196 30 1]
 P 0 0 0 0
PT [4 0 197 30 1]
 P 0 0 0 0
PT [4 0 198 30 1]
 P 0 0 0 0
PT [4 0 199 30 1]
Warning: retx limit drop data
 P 0 0 0 0
PT [4 0 200 30 1]
 P 0 0 0 0
PT [4 0 201 30 1]
 P 0 0 0 0
PT [4 0 202 30 1]
 P 0 0 0 0
PT [4 0 203 30 1]
 P 0 0 0 0
PT [4 0 204 30 1]
 P 0 0 0 0
PT [4 0 205 30 1]
Warning: retx limit drop data
 P 0 0 0 0
PT [4 0 206 30 1]
 P 0 0 0 0
PT [4 0 207 30 1]
 P 0 0 0 0
PT [4 0 208 30 1]
 P 0 0 0 0
PT [4 0 209 30 1]
 P 0 0 0 0
PT [4 0 210 30 1]
 P 0 0 0 0
PT [4 0 211 30 1]
Warning: retx limit drop data
 P 0 0 0 0
PT [4 0 212 30 1]
 P 0 0 0 0
PT [4 0 213 30 1]
 P 0 0 0 0
PT [4 0 214 30 1]
 P 0 0 0 0
PT [4 0 215 30 1]
 P 0 0 0 0
PT [4 0 216 30 1]
 P 0 0 0 0
PT [4 0 217 30 1]
Warning: retx limit drop data
 P 0 0 0 0
PT [4 0 218 30 1]
 P 0 0 0 0
PT [4 0 219 30 1]
 P 0 0 0 0
PT [4 0 220 30 1]
 P 0 0 0 0
PT [4 0 221 30 1]
 P 0 0 0 0
PT [4 0 222 30 1]
 P 0 0 0 0
PT [4 0 223 30 1]
Warning: retx limit drop data
 P 0 0 0 0
PT [4 0 224 30 1]
 P 0 0 0 0
PT [4 0 225 30 1]
 P 0 0 0 0
PT [4 0 226 30 1]
 P 0 0 0 0
PT [4 0 227 30 1]
 P 0 0 0 0
PT [4 0 228 30 1]
 P 0 0 0 0
PT [4 0 229 30 1]
Warning: retx limit drop data
 P 0 0 0 0
PT [4 0 230 30 1]
 P 0 0 0 0
PT [4 0 231 30 1]
 P 0 0 0 0
PT [4 0 232 30 1]
 P 0 0 0 0
PT [4 0 233 30 1]
 P 0 0 0 0
PT [4 0 234 30 1]
 P 0 0 0 0
PT [4 0 235 30 1]
Warning: retx limit drop data
 P 0 0 0 0
PT [4 0 236 30 1]
 P 0 0 0 0
PT [4 0 237 30 1]
 P 0 0 0 0
PT [4 0 238 30 1]
 P 0 0 0 0
PT [4 0 239 30 1]
 P 0 0 0 0
PT [4 0 240 30 1]
 P 0 0 0 0
PT [4 0 241 30 1]
Warning: retx limit drop data
 P 0 0 0 0
PT [4 0 242 30 1]
 P 0 0 0 0
PT [4 0 243 30 1]
 P 0 0 0 0
PT [4 0 244 30 1]
 P 0 0 0 0
PT [4 0 245 30 1]
 P 0 0 0 0
PT [4 0 246 30 1]
 P 0 0 0 0
PT [4 0 247 30 1]
Warning: retx limit drop data
 P 0 0 0 0
PT [4 0 248 30 1]
 P 0 0 0 0
PT [4 0 249 30 1]
 P 0 0 0 0
PT [4 0 250 30 1]
 P 0 0 0 0
PT [4 0 251 30 1]
 P 0 0 0 0
PT [4 0 252 30 1]
 P 0 0 0 0
PT [4 0 253 30 1]
Warning: retx limit drop data
 P 0 0 0 0
PT [4 0 254 30 1]
 P 0 0 0 0
PT [4 0 255 30 1]
 P 0 0 0 0
PT [4 0 256 30 1]
 P 0 0 0 0
PT [4 0 257 30 1]
 P 0 0 0 0
PT [4 0 258 30 1]
 P 0 0 0 0
PT [4 0 259 30 1]
Warning: retx limit drop data
 P 0 0 0 0
PT [4 0 260 30 1]
 P 0 0 0 0
PT [4 0 261 30 1]
 P 0 0 0 0
PT [4 0 262 30 1]
 P 0 0 0 0
PT [4 0 263 30 1]
 P 0 0 0 0
PT [4 0 264 30 1]
 P 0 0 0 0
PT [4 0 265 30 1]
Warning: retx limit drop data
 P 0 0 0 0
PT [4 0 266 30 1]
 P 0 0 0 0
PT [4 0 267 30 1]
 P 0 0 0 0
PT [4 0 268 30 1]
 P 0 0 0 0
PT [4 0 269 30 1]
 P 0 0 0 0
PT [4 0 270 30 1]
 P 0 0 0 0
PT [4 0 271 30 1]
Warning: retx limit drop data
 P 0 0 0 0
PT [4 0 272 30 1]
 P 0 0 0 0
PT [4 0 273 30 1]
 P 0 0 0 0
PT [4 0 274 30 1]
 P 0 0 0 0
PT [4 0 275 30 1]
 P 0 0 0 0
PT [4 0 276 30 1]
 P 0 0 0 0
PT [4 0 277 30 1]
Warning: retx limit drop data
 P 0 0 0 0
PT [4 0 278 30 1]
 P 0 0 0 0
PT [4 0 279 30 1]
 P 0 0 0 0
PT [4 0 280 30 1]
 P 0 0 0 0
PT [4 0 281 30 1]
 P 0 0 0 0
PT [4 0 282 30 1]
 P 0 0 0 0
PT [4 0 283 30 1]
Warning: retx limit drop data
 P 0 0 0 0
PT [4 0 284 30 1]
 P 0 0 0 0
PT [4 0 285 30 1]
 P 0 0 0 0
PT [4 0 286 30 1]
 P 0 0 0 0
PT [4 0 287 30 1]
 P 0 0 0 0
PT [4 0 288 30 1]
 P 0 0 0 0
PT [4 0 289 30 1]
Warning: retx limit drop data
 P 0 0 0 0
PT [4 0 290 30 1]
 P 0 0 0 0
PT [4 0 291 30 1]
 P 0 0 0 0
PT [4 0 292 30 1]
 P 0 0 0 0
PT [4 0 293 30 1]
 P 0 0 0 0
PT [4 0 294 30 1]
 P 0 0 0 0
PT [4 0 295 30 1]
Warning: retx limit drop data
 P 0 0 0 0
PT [4 0 296 30 1]
 P 0 0 0 0
PT [4 0 297 30 1]
 P 0 0 0 0
PT [4 0 298 30 1]
 P 0 0 0 0
PT [4 0 299 30 1]
 P 0 0 0 0
PT [4 0 300 30 1]
 P 0 0 0 0
PT [4 0 301 30 1]
Warning: retx limit drop data
 P 0 0 0 0
PT [4 0 302 30 1]
 P 0 0 0 0
PT [4 0 303 30 1]
 P 0 0 0 0
PT [4 0 304 30 1]
 P 0 0 0 0
PT [4 0 305 30 1]
 P 0 0 0 0
PT [4 0 306 30 1]
 P 0 0 0 0
PT [4 0 307 30 1]
Warning: retx limit drop data
 P 0 0 0 0
PT [4 0 308 30 1]
 P 0 0 0 0
PT [4 0 309 30 1]
 P 0 0 0 0
PT [4 0 310 30 1]
 P 0 0 0 0
PT [4 0 311 30 1]
 P 0 0 0 0
PT [4 0 312 30 1]
 P 0 0 0 0
PT [4 0 313 30 1]
Warning: retx limit drop data
 P 0 0 0 0
PT [4 0 314 30 1]
 P 0 0 0 0
PT [4 0 315 30 1]
 P 0 0 0 0
PT [4 0 316 30 1]
 P 0 0 0 0
PT [4 0 317 30 1]
 P 0 0 0 0
PT [4 0 318 30 1]
 P 0 0 0 0
PT [4 0 319 30 1]
Warning: retx limit drop data
 P 0 0 0 0
PT [4 0 320 30 1]
 P 0 0 0 0
PT [4 0 321 30 1]
 P 0 0 0 0
PT [4 0 322 30 1]
 P 0 0 0 0
PT [4 0 323 30 1]
 P 0 0 0 0
PT [4 0 324 30 1]
 P 0 0 0 0
PT [4 0 325 30 1]
Warning: retx limit drop data
 P 0 0 0 0
PT [4 0 326 30 1]
 P 0 0 0 0
PT [4 0 327 30 1]
 P 0 0 0 0
PT [4 0 328 30 1]
 P 0 0 0 0
PT [4 0 329 30 1]
 P 0 0 0 0
PT [4 0 330 30 1]
 P 0 0 0 0
PT [4 0 331 30 1]
Warning: retx limit drop data
 P 0 0 0 0
PT [4 0 332 30 1]
 P 0 0 0 0
PT [4 0 333 30 1]
 P 0 0 0 0
PT [4 0 334 30 1]
 P 0 0 0 0
PT [4 0 335 30 1]
 P 0 0 0 0
PT [4 0 336 30 1]
 P 0 0 0 0
PT [4 0 337 30 1]
Warning: retx limit drop data
 P 0 0 0 0
PT [4 0 338 30 1]
 P 0 0 0 0
PT [4 0 339 30 1]
 P 0 0 0 0
PT [4 0 340 30 1]
 P 0 0 0 0
PT [4 0 341 30 1]
 P 0 0 0 0
PT [4 0 342 30 1]
 P 0 0 0 0
PT [4 0 343 30 1]
Warning: retx limit drop data
 P 0 0 0 0
PT [4 0 344 30 1]
 P 0 0 0 0
PT [4 0 345 30 1]
 P 0 0 0 0
PT [4 0 346 30 1]
 P 0 0 0 0
PT [4 0 347 30 1]
 P 0 0 0 0
PT [4 0 348 30 1]
 P 0 0 0 0
PT [4 0 349 30 1]
Warning: retx limit drop data
 P 0 0 0 0
PT [4 0 350 30 1]
 P 0 0 0 0
PT [4 0 351 30 1]
 P 0 0 0 0
PT [4 0 352 30 1]
 P 0 0 0 0
PT [4 0 353 30 1]
 P 0 0 0 0
PT [4 0 354 30 1]
 P 0 0 0 0
PT [4 0 355 30 1]
Warning: retx limit drop data
 P 0 0 0 0
PT [4 0 356 30 1]
 P 0 0 0 0
PT [4 0 357 30 1]
 P 0 0 0 0
PT [4 0 358 30 1]
