204755756 1 26151 R 7.0 1 1 28 1
208450007 1 26623 R 12.0 1 1 501 2
230483100 1 29444 R 13.0 1 1 501 3
237817560 1 30382 R 2.0 1 1 31 4
248820874 1 31791 R 7.0 2 1 499 5
252519036 1 32264 R 12.0 2 1 501 6
267219528 1 34146 R 13.0 2 1 34 7
278234668 1 35556 R 2.0 2 1 35 8
296541455 1 37899 R 7.0 3 1 494 9
300210787 1 38369 R 24.0 1 2 51 10
303899328 1 38841 R 13.0 3 1 23 11
307567979 1 39310 R 12.0 3 1 1431 12
311263198 1 39783 R 23.0 1 2 1937 13
325916356 1 41659 R 2.0 3 1 23 14
336940055 1 43070 R 12.0 4 1 24 15
340620098 1 43541 R 7.0 4 1 24 16
344312292 1 44014 R 13.0 4 1 29 17
347946279 1 44479 R 6.0 1 2 1462 18
355290555 1 45419 R 16.0 1 2 3341 19
358955431 1 45888 R 23.0 2 2 1932 20
362640307 1 46360 R 24.0 2 2 2867 21
370011611 1 47303 R 2.0 4 1 25 22
377312440 1 48238 R 6.0 2 2 51 23
377533040 1 48266 R 12.0 5 1 44 24
384676482 1 49180 R 7.0 5 1 495 25
388353937 1 49651 R 16.0 2 2 1934 26
388530098 1 49674 R 13.0 5 1 518 27
392001078 1 50118 R 18.0 1 2 1931 28
403033723 1 51530 R 4.0 1 3 539 29
406727734 1 52003 R 14.0 1 3 3369 30
406869276 1 52021 R 24.0 3 2 2895 31
410370130 1 52469 R 2.0 5 1 23 32
414033546 1 52938 R 3.0 1 3 2425 33
414797396 1 53036 R 16.0 3 2 145 34
417710784 1 53409 R 10.0 2 2 53 35
421401593 1 53881 R 7.0 6 1 26 36
428717183 1 54818 R 12.0 6 1 496 37
429464717 1 54913 R 8.0 1 3 2050 38
429673485 1 54940 R 6.0 3 2 1584 39
432378743 1 55286 R 14.0 2 3 1014 40
433142229 1 55384 R 24.0 4 2 1079 41
436052436 1 55756 R 13.0 6 1 494 42
436252547 1 55782 R 3.0 2 3 569 43
450743800 1 57637 R 4.0 2 3 1477 44
450916745 1 57659 R 23.0 4 2 1466 45
454422253 1 58108 R 18.0 2 2 4272 46
454617825 1 58133 R 8.0 2 3 562 47
458115332 1 58581 R 2.0 6 1 968 48
465424512 1 59516 R 7.0 7 1 23 49
469107366 1 59987 R 16.0 4 2 1463 50
472771696 1 60457 R 12.0 7 1 16 51
476494946 1 60933 R 13.0 7 1 32 52
480146714 1 61401 R 4.0 3 3 81 53
487448379 1 62335 R 23.0 5 2 42 54
491142462 1 62808 R 3.0 3 3 2886 55
494793143 1 63275 R 24.0 5 2 2868 56
495548878 1 63372 R 14.0 3 3 3461 57
496288959 1 63467 R 25.0 1 4 1699 58
498481462 1 63747 R 2.0 7 1 28 59
505848230 1 64690 R 6.0 4 2 5694 60
506017618 1 64712 R 19.0 1 3 2922 61
506229084 1 64739 R 8.0 3 3 1539 62
506374675 1 64758 R 11.0 1 4 1111 63
509532888 1 65162 R 17.0 2 3 4310 64
510225916 1 65251 R 10.0 4 2 609 65
527831210 1 67504 R 16.0 5 2 3340 66
528070247 1 67535 R 13.0 8 1 1455 67
528258493 1 67559 R 3.0 4 3 2943 68
531534025 1 67978 R 5.0 1 4 2917 69
535180678 1 68445 R 18.0 4 2 3811 70
535384534 1 68471 R 12.0 8 1 1930 71
535553706 1 68493 R 6.0 5 2 3859 72
535764812 1 68520 R 19.0 2 3 1091 73
538844360 1 68914 R 4.0 4 3 2419 74
539025105 1 68937 R 23.0 6 2 1947 75
542555564 1 69389 R 8.0 4 3 1484 76
546194756 1 69855 R 24.0 6 2 4752 77
546406636 1 69882 R 17.0 3 3 2921 78
546551744 1 69900 R 10.0 5 2 99 79
546771286 1 69929 R 2.0 8 1 91 80
549874811 1 70326 R 14.0 4 3 4777 81
550592489 1 70418 R 25.0 2 4 3481 82
553552055 1 70796 R 9.0 1 4 2921 83
554315685 1 70894 R 11.0 2 4 2077 84
555000969 1 70982 R 6.0 6 2 1179 85
560896460 1 71736 R 13.0 9 1 962 86
561061858 1 71758 R 16.0 6 2 2422 87
561284833 1 71786 R 3.0 5 3 1066 88
564563719 1 72206 R 7.0 9 1 2381 89
564771525 1 72233 R 4.0 5 3 570 90
568228376 1 72675 R 18.0 5 2 2872 91
568459197 1 72705 R 12.0 9 1 54 92
575557915 1 73613 R 23.0 7 2 991 93
579275227 1 74089 R 24.0 7 2 2864 94
579455832 1 74112 R 22.0 1 5 2499 95
579632478 1 74135 R 5.0 2 4 2969 96
579820976 1 74159 R 17.0 4 3 1560 97
582923972 1 74556 R 25.0 3 4 1511 98
586622542 1 75029 R 19.0 3 3 2426 99
586798967 1 75052 R 8.0 5 3 1983 100
586987358 1 75076 R 9.0 2 4 1559 101
590272373 1 75497 R 7.0 10 1 27 102
593952124 1 75968 R 2.0 9 1 26 103
597603660 1 76435 R 13.0 10 1 965 104
604950111 1 77375 R 18.0 6 2 1924 105
605150487 1 77401 R 11.0 3 4 3408 106
605331572 1 77424 R 15.0 1 5 2052 107
605507887 1 77447 R 6.0 7 2 1517 108
612281515 1 78314 R 23.0 8 2 993 109
612477631 1 78339 R 4.0 6 3 564 110
615947046 1 78783 R 16.0 7 2 3334 111
616174628 1 78812 R 3.0 6 3 2916 112
619673277 1 79260 R 12.0 10 1 969 113
620405668 1 79354 R 8.0 6 3 635 114
621122001 1 79445 R 9.0 3 4 754 115
621823162 1 79535 R 19.0 4 3 807 116
622023329 1 79561 R 20.0 1 5 430 117
634321744 1 81135 R 16.0 8 2 987 118
634510368 1 81159 R 13.0 11 1 980 119
637999719 1 81606 R 2.0 10 1 20 120
638724565 1 81698 R 24.0 8 2 5305 121
639495928 1 81797 R 22.0 2 5 4075 122
640189068 1 81886 R 25.0 4 4 2731 123
641644852 1 82072 R 7.0 11 1 495 124
641852528 1 82099 R 23.0 9 2 69 125
645310351 1 82541 R 10.0 6 2 7566 126
645510397 1 82567 R 5.0 3 4 6223 127
645691173 1 82590 R 17.0 5 3 4822 128
645867837 1 82613 R 10.0 7 2 2464 129
648988751 1 83012 R 18.0 7 2 2395 130
652665899 1 83483 R 12.0 11 1 21 131
656380784 1 83958 R 21.0 2 5 4357 132
657081862 1 84048 R 17.0 6 3 1109 133
663671467 1 84892 R 4.0 7 3 1014 134
667351556 1 85363 R 13.0 12 1 20 135
674706702 1 86304 R 11.0 4 4 6203 136
674915147 1 86331 R 6.0 8 2 5233 137
675072731 1 86351 R 15.0 2 5 5338 138
678359055 1 86772 R 9.0 4 4 2913 139
678582222 1 86800 R 19.0 5 3 2904 140
678754841 1 86822 R 8.0 7 3 2936 141
678955235 1 86848 R 20.0 2 5 2077 142
682030775 1 87242 R 14.0 7 3 5715 143
682262236 1 87271 R 22.0 3 5 4383 144
682411598 1 87290 R 25.0 5 4 2961 145
682619197 1 87317 R 2.0 11 1 98 146
685709831 1 87713 R 7.0 12 1 496 147
693085390 1 88657 R 18.0 8 2 1929 148
696766470 1 89128 R 16.0 9 2 3348 149
697499060 1 89222 R 3.0 8 3 1585 150
700419786 1 89595 R 12.0 12 1 29 151
704080117 1 90064 R 23.0 10 2 2397 152
704812098 1 90158 R 4.0 8 3 1109 153
711437658 1 91006 R 15.0 3 5 4825 154
712135565 1 91095 R 11.0 5 4 4873 155
712914449 1 91195 R 8.0 8 3 2149 156
713615517 1 91284 R 20.0 3 5 1345 157
715075531 1 91471 R 13.0 13 1 22 158
718748371 1 91941 R 10.0 8 2 6619 159
719504103 1 92038 R 21.0 4 5 2567 160
720244153 1 92133 R 10.0 9 2 1175 161
722430697 1 92413 R 19.0 6 3 2413 162
723170854 1 92508 R 9.0 5 4 2528 163
723894910 1 92600 R 6.0 10 2 705 164
724115030 1 92628 R 11.0 6 4 1256 165
724298958 1 92652 R 15.0 4 5 361 166
726082282 1 92880 R 24.0 10 2 4747 167
726861101 1 92980 R 2.0 12 1 115 168
727562269 1 93070 R 22.0 4 5 4540 169
728310190 1 93165 R 25.0 6 4 3202 170
728486680 1 93188 R 14.0 9 3 852 171
740770223 1 94760 R 7.0 13 1 2374 172
740958749 1 94784 R 23.0 11 2 1956 173
741174010 1 94812 R 4.0 9 3 598 174
744464028 1 95233 R 12.0 13 1 966 175
744632522 1 95255 R 8.0 9 3 1040 176
744844130 1 95282 R 19.0 7 3 597 177
744989815 1 95300 R 18.0 9 2 2934 178
748120621 1 95701 R 24.0 11 2 2394 179
755448329 1 96639 R 22.0 5 5 2940 180
755648417 1 96665 R 25.0 7 4 1533 181
759124092 1 97110 R 20.0 4 5 2002 182
759363270 1 97140 R 9.0 6 4 1068 183
762793518 1 97579 R 7.0 14 1 20 184
770170519 1 98524 R 23.0 12 2 518 185
773813253 1 98990 R 2.0 13 1 965 186
774025460 1 99017 R 14.0 10 3 1511 187
774170763 1 99036 R 24.0 12 2 564 188
777514658 1 99464 R 11.0 7 4 2920 189
777714517 1 99489 R 6.0 11 2 1950 190
777895795 1 99512 R 15.0 5 5 1584 191
778071818 1 99535 R 12.0 14 1 95 192
781197913 1 99935 R 3.0 9 3 7129 193
781336049 1 99953 R 13.0 14 1 2394 194
781516557 1 99976 R 16.0 11 2 2442 195
781755660 1 100006 R 3.0 10 3 2024 196
788525926 1 100873 R 4.0 10 3 549 197
795856239 1 101811 R 8.0 10 3 2426 198
796056429 1 101837 R 20.0 5 5 1558 199
796237561 1 101860 R 9.0 7 4 1088 200
796414184 1 101883 R 19.0 8 3 1076 201
799501689 1 102278 R 17.0 8 3 8525 202
803232319 1 102755 R 7.0 15 1 28 203
814202523 1 104160 R 13.0 15 1 962 204
817879526 1 104630 R 21.0 5 5 9050 205
818064262 1 104654 R 10.0 11 2 1480 206
818229160 1 104675 R 2.0 14 1 1011 207
821540705 1 105099 R 11.0 8 4 3857 208
821738771 1 105124 R 6.0 12 2 2414 209
821914972 1 105147 R 12.0 15 1 540 210
825250377 1 105574 R 25.0 8 4 4796 211
825975034 1 105666 R 24.0 13 2 1090 212
828871605 1 106037 R 4.0 11 3 69 213
832558656 1 106509 R 8.0 11 3 1009 214
833297973 1 106604 R 19.0 9 3 170 215
836221167 1 106978 R 21.0 6 5 6229 216
836448666 1 107007 R 5.0 8 4 3411 217
836609952 1 107028 R 17.0 10 3 2003 218
839896462 1 107448 R 11.0 9 4 567 219
854594763 1 109330 R 6.0 13 2 985 220
858271100 1 109800 R 2.0 15 1 496 221
861919086 1 110267 R 16.0 13 2 985 222
869264062 1 111207 R 18.0 12 2 1932 223
880293248 1 112619 R 23.0 14 2 2874 224
880500865 1 112646 R 4.0 12 3 574 225
883945655 1 113087 R 21.0 7 5 6700 226
884149935 1 113113 R 10.0 12 2 3832 227
884318674 1 113134 R 22.0 7 5 7688 228
884530588 1 113162 R 25.0 9 4 6741 229
884676273 1 113180 R 14.0 12 3 5337 230
884895937 1 113208 R 24.0 14 2 2984 231
887622118 1 113557 R 9.0 8 4 6677 232
887845703 1 113586 R 20.0 7 5 2968 233
888018587 1 113608 R 15.0 7 5 5810 234
888218391 1 113634 R 8.0 12 3 2031 235
888399858 1 113657 R 11.0 10 4 1609 236
891318790 1 114031 R 3.0 13 3 71 237
895005661 1 114502 R 9.0 9 4 2453 238
895722958 1 114594 R 19.0 10 3 2508 239
896486358 1 114692 R 15.0 8 5 1254 240
897171729 1 114780 R 6.0 14 2 322 241
898675893 1 114972 R 16.0 14 2 53 242
905972360 1 115906 R 23.0 15 2 992 243
909695175 1 116383 R 5.0 9 4 8092 244
909883908 1 116407 R 10.0 13 2 2425 245
917003300 1 117318 R 20.0 8 5 1531 246
920663425 1 117787 R 25.0 10 4 6189 247
924374755 1 118262 R 24.0 15 2 2877 248
924555122 1 118285 R 22.0 9 5 1558 249
928032155 1 118730 R 19.0 11 3 1489 250
928796148 1 118828 R 9.0 10 4 1139 251
929489960 1 118916 R 8.0 13 3 2146 252
930230312 1 119011 R 11.0 11 4 1321 253
931694797 1 119199 R 25.0 11 4 2436 254
931886941 1 119223 R 14.0 14 3 567 255
946359312 1 121076 R 10.0 14 2 1923 256
950038377 1 121547 R 4.0 13 3 3359 257
953709420 1 122016 R 6.0 15 2 2391 258
953897679 1 122041 R 15.0 9 5 3433 259
957414264 1 122491 R 3.0 14 3 3365 260
957563394 1 122510 R 16.0 15 2 1941 261
961055143 1 122957 R 21.0 8 5 10929 262
961796160 1 123052 R 5.0 10 4 9585 263
962567596 1 123150 R 17.0 12 3 6848 264
963260594 1 123239 R 21.0 9 5 6513 265
964000771 1 123334 R 5.0 11 4 4226 266
964725434 1 123426 R 22.0 10 5 1531 267
965496767 1 123525 R 25.0 12 4 1596 268
968415731 1 123899 R 4.0 14 3 71 269
979402683 1 125305 R 21.0 10 5 3409 270
980174012 1 125404 R 17.0 13 3 2980 271
980867039 1 125493 R 10.0 15 2 702 272
983077247 1 125776 R 8.0 14 3 3359 273
983817565 1 125870 R 11.0 12 4 2541 274
994092097 1 127185 R 3.0 15 3 2890 275
997769513 1 127656 R 22.0 11 5 592 276
1001489272 1 128132 R 18.0 15 2 2867 277
1008812688 1 129070 R 5.0 12 4 4801 278
1016138532 1 130007 R 4.0 15 3 548 279
1019842006 1 130481 R 19.0 12 3 7131 280
1019990902 1 130500 R 20.0 10 5 3438 281
1020199520 1 130527 R 19.0 13 3 2477 282
1038164395 1 132827 R 25.0 13 4 5259 283
1038920139 1 132923 R 21.0 11 5 4918 284
1039660254 1 133018 R 17.0 14 3 4953 285
1040384561 1 133111 R 5.0 13 4 3204 286
1041827613 1 133296 R 22.0 12 5 594 287
1045488101 1 133764 R 9.0 12 4 5267 288
1046251465 1 133862 R 8.0 15 3 5805 289
1046999809 1 133958 R 11.0 13 4 4983 290
1047731655 1 134051 R 15.0 11 5 5107 291
1048448527 1 134143 R 20.0 11 5 971 292
1056537325 1 135178 R 21.0 12 5 2005 293
1074855076 1 137523 R 9.0 13 4 3857 294
1075634328 1 137623 R 19.0 14 3 3920 295
1076335204 1 137713 R 11.0 14 4 3100 296
1077083893 1 137808 R 15.0 12 5 2755 297
1078550238 1 137996 R 25.0 14 4 4330 298
1082196104 1 138463 R 17.0 15 3 4297 299
1082951738 1 138559 R 5.0 14 4 3013 300
1100557277 1 140813 R 21.0 13 5 1999 301
1107901271 1 141753 R 20.0 12 5 3410 302
1108089596 1 141777 R 19.0 15 3 3376 303
1108305179 1 141805 R 9.0 14 4 2500 304
1108502101 1 141830 R 11.0 15 4 2523 305
1108632077 1 141847 R 15.0 13 5 1155 306
1122585765 1 143633 R 5.0 15 4 2447 307
1133602986 1 145043 R 20.0 13 5 1061 308
1134327246 1 145136 R 9.0 15 4 1120 309
1140954770 1 145984 R 15.0 14 5 122 310
1159344456 1 148338 R 22.0 14 5 4356 311
1162982484 1 148803 R 21.0 14 5 4823 312
1177643100 1 150680 R 21.0 15 5 1530 313
1181376127 1 151158 R 20.0 14 5 1537 314
1196047308 1 153036 R 22.0 15 5 3415 315
1199716454 1 153505 R 15.0 15 5 2005 316
