using saved target 'z1'
../../../../contiki/tools/sky/serialdump-linux -b115200 /dev/ttyUSB3
connecting to /dev/ttyUSB3 (115200) [OK]
Rime started with address 4.0
MAC 04:00:00:00:00:00:00:00 Ref ID: 4841
Contiki-3.x-2125-g5d67a61 started. Node id is set to 4.

************************************************
RTIMER_SECOND = 32768. F_CPU=8000000.
CLOCK_SECOND=128.
DURSLOT = 6015.(0.1835 s).
DURSLEEP = 114285.
DURCYCLE = 120300 .(3.6712 s).
MAX_CLOCK_DRIFT = WAKEUP_ADVANCE_TIME = 327 (0.0033 s).
PERIODIC_BCAST_CYCLES_SENSOR = 196611.
PERIODIC_BCAST_CYCLES_SINK = 196611.
MAX_CYCLE_COUNTER = 27904.
MAX_COUNT_NO_RTS_CTS = 65535.
MAX_CHILD_NUM = 10.
MAX_TRY_TO_FIND_PARENT = 3.

**********Below is Related Settings**********
PRIMAC_CONF_COMPOWER = 1.
PRIMAC_CONF_COMPOWER_SUPPORT = 1.
SF = 18.
PRI_SYNC_SUPPORT = 1.
RANDOM_DRIFT_IN_COOJA_SUPPORT = 0.
ADCSC_SUPPORT = 1.
DATA_TX_SUPPORT = 1.
CYCLES_PER_PACKET = 3.
DATA_INTERVAL = 5.
RETX_LIMIT = 6.
TOTAL_DATA_NUM = 50.
MAX_DATA_QUEUE_BUFS = 10.
PROC_GRADE_BASED_ON_ADDR_SUPPORT = 1.
NODES_NUM_PER_GRADE = 2.
ADDRESS_FREE_SUPPORT = 1.
IS_COOJA_SIM = 0.
CROSS_PLATFORM_SUPPORT = 1.
************************************************

My address is 233.0.
nullmac PRIMAC, channel check rate 8 Hz, radio channel 26
Starting
Hello, world
 P 0 0 0 3034210
 P 0 0 3451 3156213
 P 0 0 6841 3274810
 P 0 0 10231 3395110
 P 0 0 13621 3515410
 P 0 0 17011 3635710
EMPTY QUEUE
 P 432 0 20411 3757260
PT [143 0 1 4 1]
 P 432 0 23801 3876310
PT [143 0 2 4 1]
 P 432 0 27191 3996610
PT [143 0 3 4 1]
 P 432 0 30581 4116910
PT [143 0 4 4 1]
 P 1887 0 32516 4237210
PT [143 0 5 4 1]
EMPTY QUEUE
 P 3688 0 34673 4359303
PT [143 0 6 4 1]
 P 3688 0 38063 4477810
PT [143 0 7 4 1]
 P 3688 0 41453 4598110
PT [143 0 8 4 1]
 P 3688 0 44843 4718410
PT [143 0 9 4 1]
rcv bro rts
 P 5093 0 44883 4838710
PT [143 0 10 4 1]
 P 6465 0 44886 4959010
PT [143 0 11 4 1]
EMPTY QUEUE
 P 6534 0 50848 5084136
PT [143 0 12 4 1]
EMPTY QUEUE
 P 7093 0 54247 5201979
PT [143 0 13 4 1]
 P 7093 0 57637 5319910
PT [143 0 14 4 1]
 P 9347 0 57645 5440210
PT [143 0 15 4 1]
 P 11563 0 57648 5560510
PT [143 0 16 4 1]
 P 12421 0 57651 5680810
PT [143 0 17 4 1]
EMPTY QUEUE
 P 12982 0 61050 5802905
PT [143 0 18 4 1]
 P 12982 0 64440 5921410
PT [143 0 19 4 1]
 P 14314 0 64448 6041710
PT [143 0 20 4 1]
 P 14314 0 67838 6162010
PT [143 0 21 4 1]
 P 15831 0 67841 6282310
PT [143 0 22 4 1]
 P 16914 0 67844 6402610
PT [143 0 23 4 1]
EMPTY QUEUE
 P 17441 0 71243 6525631
PT [143 0 24 4 1]
 P 20142 0 71251 6643210
PT [143 0 25 4 1]
 P 20142 0 74641 6763510
PT [143 0 26 4 1]
 P 20142 0 78031 6883810
PT [143 0 27 4 1]
 P 21119 0 78034 7004110
PT [143 0 28 4 1]
 P 23191 0 78037 7124410
PT [143 0 29 4 1]
EMPTY QUEUE
 P 26293 0 78055 7246663
PT [143 0 30 4 1]
 P 26293 0 81445 7365010
PT [143 0 31 4 1]
 P 26293 0 84835 7485310
PT [143 0 32 4 1]
 P 26293 0 88225 7605610
PT [143 0 33 4 1]
 P 27048 0 88228 7725910
PT [143 0 34 4 1]
 P 27815 0 88231 7846210
PT [143 0 35 4 1]
EMPTY QUEUE
 P 30933 0 88249 7968911
PT [143 0 36 4 1]
 P 33499 0 88258 8086810
PT [143 0 37 4 1]
 P 33499 0 91648 8207110
PT [143 0 38 4 1]
 P 33499 0 95038 8327410
PT [143 0 39 4 1]
 P 35402 0 95042 8447710
PT [143 0 40 4 1]
 P 36999 0 95045 8568010
PT [143 0 41 4 1]
EMPTY QUEUE
 P 39939 0 95064 8690359
PT [143 0 42 4 1]
 P 39939 0 98454 8808610
PT [143 0 43 4 1]
 P 39939 0 101844 8928910
PT [143 0 44 4 1]
 P 39939 0 105234 9049210
PT [143 0 45 4 1]
 P 42672 0 105238 9169510
PT [143 0 46 4 1]
 P 43761 0 105241 9289810
PT [143 0 47 4 1]
 P 46136 0 105244 9410110
PT [143 0 48 4 1]
EMPTY QUEUE
 P 49169 0 105262 9532684
PT [143 0 49 5 1]
 P 49169 0 108652 9650710
PT [143 0 50 5 1]
 P 49169 0 112042 9771010
PT [143 0 51 5 1]
 P 49169 0 115432 9891310
PT [143 0 52 5 1]
 P 51300 0 115435 10011610
PT [143 0 53 5 1]
 P 52965 0 115438 10131910
PT [143 0 54 5 1]
EMPTY QUEUE
 P 56141 0 115457 10254195
PT [143 0 55 4 1]
 P 56141 0 118847 10372510
PT [143 0 56 4 1]
 P 56141 0 122237 10492810
PT [143 0 57 4 1]
 P 56141 0 125627 10613110
PT [143 0 58 4 1]
 P 57605 0 125630 10733410
PT [143 0 59 4 1]
 P 59750 0 125633 10853710
PT [143 0 60 4 1]
EMPTY QUEUE
 P 62863 0 125652 10975100
PT [143 0 61 4 1]
 P 62863 0 129042 11094310
PT [143 0 62 4 1]
 P 62863 0 132432 11214610
PT [143 0 63 4 1]
 P 62863 0 135822 11334910
PT [143 0 64 4 1]
 P 63661 0 135825 11455210
PT [143 0 65 4 1]
 P 64917 0 135829 11575510
PT [143 0 66 4 1]
EMPTY QUEUE
 P 68093 0 135849 11697668
PT [143 0 67 4 1]
 P 68093 0 139239 11816110
PT [143 0 68 4 1]
 P 68093 0 142629 11936410
PT [143 0 69 4 1]
 P 68620 72 146031 12058393
PT [143 0 70 4 1]
 P 71330 72 146034 12177010
PT [143 0 71 4 1]
 P 72460 72 146037 12297310
PT [143 0 72 4 1]
 P 75572 144 146057 12419741
PT [143 0 73 4 1]
 P 76233 319 149461 12539373
PT [143 0 74 4 1]
 P 76792 391 152863 12660821
PT [143 0 75 4 1]
 P 77383 463 156265 12778510
PT [143 0 76 4 1]
 P 79043 463 156268 12898810
PT [143 0 77 4 1]
 P 80333 463 156271 13019110
PT [143 0 78 4 1]
 P 82987 463 158851 13143564
PT [143 0 79 4 1]
 P 83284 463 162247 13261814
PT [143 0 80 4 1]
 P 83876 535 165649 13382654
PT [143 0 81 5 1]
 P 87921 823 165700 13500310
PT [143 0 82 4 1]
 P 88851 823 165703 13620610
PT [143 0 83 4 1]
 P 90971 823 165706 13740910
PT [143 0 84 4 1]
 P 92906 823 165710 13861210
PT [143 0 85 4 1]
 P 96032 1179 165732 13982905
PT [143 0 86 4 1]
 P 104961 2245 165799 14101810
PT [143 0 87 4 1]
 P 106831 2601 165820 14223761
PT [143 0 88 4 1]
 P 111592 2889 165871 14342410
PT [143 0 89 4 1]
 P 114272 3173 168452 14466736
PT [143 0 90 4 1]
 P 115917 3173 168455 14583010
PT [143 0 91 4 1]
 P 117472 3173 168458 14703310
PT [143 0 92 4 1]
 P 120650 3529 168478 14825293
PT [143 0 93 4 1]
 P 127318 4457 168553 14945274
PT [143 0 94 4 1]
 P 131607 4673 168592 15064210
PT [143 0 95 4 1]
 P 134063 5029 168612 15186705
PT [143 0 96 4 1]
 P 136577 5366 168644 15306941
PT [143 0 97 4 1]
 P 139483 5438 168659 15425110
PT [143 0 98 4 1]
 P 141709 5438 168662 15545410
PT [143 0 99 4 1]
 P 143469 5438 168665 15665710
PT [143 0 100 4 1]
 P 146502 5793 168686 15787759
PT [143 0 101 4 1]
 P 152092 6364 168745 15906310
PT [143 0 102 5 1]
 P 154271 6364 168748 16026610
PT [143 0 103 5 1]
 P 155060 6364 168751 16146910
PT [143 0 104 5 1]
 P 156428 6364 168754 16267210
PT [143 0 105 5 1]
 P 159548 6719 168773 16389769
PT [143 0 106 4 1]
 P 169237 7858 168846 16507810
PT [143 0 107 4 1]
 P 170970 8214 168866 16629409
PT [143 0 108 4 1]
 P 173471 8214 168871 16748410
PT [143 0 109 4 1]
 P 176626 8569 168892 16870265
PT [143 0 110 4 1]
 P 180353 8857 168943 16989010
PT [143 0 111 4 1]
 P 182614 8857 168946 17109310
PT [143 0 112 4 1]
 P 185843 9213 168965 17231871
PT [143 0 113 6 1]
 P 191046 9785 169022 17349910
PT [143 0 114 4 1]
 P 192356 9785 169025 17470210
PT [143 0 115 4 1]
 P 195483 10141 169044 17592705
PT [143 0 116 4 1]
 P 202071 11067 169117 17712781
PT [143 0 117 4 1]
 P 205028 11139 169131 17831110
PT [143 0 118 4 1]
 P 207485 11495 169150 17954213
PT [143 0 119 4 1]
 P 209897 11808 169182 18073201
PT [143 0 120 4 1]
 P 212923 11880 169196 18192010
PT [143 0 121 4 1]
 P 216280 12236 169215 18314025
PT [143 0 122 4 1]
 P 218523 12308 169229 18432610
PT [143 0 123 5 1]
 P 220917 12308 169233 18552910
PT [143 0 124 5 1]
 P 223151 12308 169236 18673210
PT [143 0 125 5 1]
 P 224919 12308 169239 18793510
PT [143 0 126 5 1]
 P 228115 12664 169259 18916485
PT [143 0 127 4 1]
 P 234761 13514 169291 19034110
PT [143 0 128 4 1]
 P 236571 13870 169310 19156797
PT [143 0 129 4 1]
 P 241136 14158 169357 19274710
PT [143 0 130 4 1]
 P 243371 14158 169361 19395010
PT [143 0 131 4 1]
 P 245873 14158 169364 19515310
PT [143 0 132 4 1]
 P 249056 14514 169383 19636975
PT [143 0 133 4 1]
 P 255623 15442 169456 19757977
PT [143 0 134 5 1]
 P 260584 15892 169519 19879109
PT [143 0 135 5 1]
 P 264117 16036 169544 19996510
PT [143 0 136 5 1]
 P 266090 16301 169564 20119133
PT [143 0 137 4 1]
 P 268593 16301 169569 20237110
PT [143 0 138 4 1]
 P 271839 16657 169589 20359093
PT [143 0 139 4 1]
 P 274073 16729 169605 20477710
PT [143 0 140 4 1]
 P 275537 16729 169608 20598010
PT [143 0 141 4 1]
 P 278599 17084 169627 20721241
PT [143 0 142 4 1]
 P 283007 17440 170856 20840804
PT [143 0 143 4 1]
 P 285494 17440 170859 20958910
PT [143 0 144 4 1]
 P 287961 17440 170862 21079210
PT [143 0 145 4 1]
 P 289663 17440 170865 21199510
PT [143 0 146 4 1]
 P 292782 17795 170884 21321140
PT [143 0 147 5 1]
 P 296397 17795 170896 21440110
PT [143 0 148 5 1]
 P 298629 17795 170899 21560410
PT [143 0 149 5 1]
 P 301775 18150 170919 21682392
PT [143 0 150 5 1]
 P 308228 19284 170958 21801010
PT [143 0 151 5 1]
 P 309509 19284 170961 21921310
PT [143 0 152 5 1]
 P 312672 19356 170981 22044252
PT [143 0 153 5 1]
 P 317391 19927 171035 22164425
PT [143 0 154 5 1]
 P 321121 19927 171040 22282210
PT [143 0 155 5 1]
 P 324177 20282 171061 22404641
PT [143 0 156 5 1]
 P 327920 20565 171073 22522810
PT [143 0 157 5 1]
 P 330338 20565 171076 22643110
PT [143 0 158 5 1]
 P 333528 20920 171095 22766215
PT [143 0 159 5 1]
 P 336506 20992 171114 22883710
PT [143 0 160 5 1]
 P 336506 20992 174504 23004010
PT [143 0 161 5 1]
 P 336506 20992 177894 23124310
PT [143 0 162 5 1]
 P 338539 20992 177897 23244610
PT [143 0 163 5 1]
 P 338539 20992 181287 23364910
PT [143 0 164 5 1]
EMPTY QUEUE
 P 340820 20992 181305 23487197
PT [143 0 165 5 1]
 P 340820 20992 184695 23605510
PT [143 0 166 5 1]
 P 340820 20992 188085 23725810
PT [143 0 167 5 1]
 P 342431 20992 188088 23846110
PT [143 0 168 5 1]
 P 343799 20992 188092 23966410
PT [143 0 169 5 1]
EMPTY QUEUE
 P 346356 20992 188110 24088631
PT [143 0 170 5 1]
 P 347571 20992 188118 24207010
PT [143 0 171 5 1]
 P 347571 20992 191508 24327310
PT [143 0 172 5 1]
 P 347571 20992 194898 24447610
PT [143 0 173 5 1]
 P 349662 20992 194901 24567910
PT [143 0 174 5 1]
 P 350363 20992 194905 24688210
PT [143 0 175 5 1]
EMPTY QUEUE
 P 353685 20992 194924 24810079
PT [143 0 176 5 1]
 P 355760 20992 194932 24928810
PT [143 0 177 5 1]
 P 355760 20992 198322 25049110
PT [143 0 178 5 1]
 P 355760 20992 201712 25169410
PT [143 0 179 5 1]
 P 356961 20992 201715 25289710
PT [143 0 180 5 1]
 P 359575 20992 201718 25410010
PT [143 0 181 5 1]
EMPTY QUEUE
 P 361687 20992 201736 25533031
PT [143 0 182 5 1]
 P 364049 20992 201745 25650610
PT [143 0 183 5 1]
 P 364049 20992 205135 25770910
PT [143 0 184 5 1]
 P 364049 20992 208525 25891210
PT [143 0 185 5 1]
 P 365124 20992 208528 26011510
PT [143 0 186 5 1]
 P 366689 20992 208531 26131810
PT [143 0 187 5 1]
EMPTY QUEUE
 P 369043 20992 211112 26256840
PT [143 0 188 5 1]
EMPTY QUEUE
 P 372029 20992 211130 26373820
PT [143 0 189 5 1]
 P 372029 20992 214520 26492710
PT [143 0 190 5 1]
 P 372029 20992 217910 26613010
PT [143 0 191 5 1]
 P 373265 20992 217913 26733310
PT [143 0 192 5 1]
 P 375055 20992 217916 26853610
PT [143 0 193 5 1]
EMPTY QUEUE
 P 377326 20992 217935 26976055
PT [143 0 194 5 1]
 P 378509 20992 217944 27094210
PT [143 0 195 5 1]
 P 378509 20992 221334 27214510
PT [143 0 196 5 1]
 P 378509 20992 224724 27334810
PT [143 0 197 5 1]
 P 379365 20992 224727 27455110
PT [143 0 198 5 1]
 P 381411 20992 224731 27575410
PT [143 0 199 5 1]
EMPTY QUEUE
 P 383809 20992 224750 27696927
PT [143 0 200 5 1]
 P 386043 20992 224760 27816010
PT [143 0 201 5 1]
 P 386043 20992 228150 27936310
PT [143 0 202 5 1]
 P 386043 20992 231540 28056610
PT [143 0 203 5 1]
 P 386043 20992 234930 28176910
PT [143 0 204 5 1]
 P 388378 20992 234933 28297210
PT [143 0 205 5 1]
EMPTY QUEUE
 P 391032 20992 234951 28418631
PT [143 0 206 5 1]
 P 391032 20992 238341 28537810
PT [143 0 207 5 1]
 P 391032 20992 241731 28658110
PT [143 0 208 5 1]
 P 391032 20992 245121 28778410
PT [143 0 209 5 1]
 P 393102 20992 245124 28898710
PT [143 0 210 5 1]
EMPTY QUEUE
 P 395248 20992 245142 29020803
PT [143 0 211 5 1]
 P 397565 20992 245145 29139310
PT [143 0 212 5 1]
 P 397565 20992 248535 29259610
PT [143 0 213 5 1]
 P 397565 20992 251925 29379910
PT [143 0 214 5 1]
 P 397565 20992 255315 29500210
PT [143 0 215 5 1]
EMPTY QUEUE
 P 399359 20992 255333 29622495
PT [143 0 216 5 1]
 P 401431 20992 255337 29740810
PT [143 0 217 5 1]
 P 403038 20992 255340 29861110
PT [143 0 218 5 1]
 P 405585 20992 255348 29981410
PT [143 0 219 5 1]
 P 405585 20992 258738 30101710
PT [143 0 220 5 1]
EMPTY QUEUE
 P 406208 20992 262138 30223771
PT [143 0 221 5 1]
 P 406208 20992 265528 30342310
PT [143 0 222 5 1]
 P 407613 20992 265532 30462610
PT [143 0 223 5 1]
 P 409699 20992 265536 30582910
PT [143 0 224 5 1]
 P 412283 20992 265545 30703210
PT [143 0 225 5 1]
EMPTY QUEUE
 P 412874 20992 268945 30826455
PT [143 0 226 5 1]
 P 412874 20992 272335 30943810
PT [143 0 227 5 1]
 P 412874 20992 275725 31064110
PT [143 0 228 5 1]
 P 413612 20992 275729 31184410
PT [143 0 229 5 1]
 P 414808 20992 275733 31304710
PT [143 0 230 5 1]
EMPTY QUEUE
 P 418018 20992 275751 31426643
PT [143 0 231 5 1]
 P 418018 20992 279141 31545310
PT [143 0 232 5 1]
 P 418018 20992 282531 31665610
PT [143 0 233 5 1]
 P 418018 20992 285921 31785910
PT [143 0 234 5 1]
 P 420669 20992 285924 31906210
PT [143 0 235 5 1]
 P 421740 20992 285929 32026510
PT [143 0 236 5 1]
EMPTY QUEUE
 P 424948 20992 285948 32148635
PT [143 0 237 5 1]
 P 424948 20992 289338 32267110
PT [143 0 238 5 1]
 P 424948 20992 292728 32387410
PT [143 0 239 5 1]
 P 424948 20992 296118 32507710
PT [143 0 240 5 1]
 P 426550 20992 296121 32628010
PT [143 0 241 5 1]
 P 427782 20992 296124 32748310
PT [143 0 242 5 1]
EMPTY QUEUE
 P 430958 20992 296142 32870083
PT [143 0 243 5 1]
 P 430958 20992 299532 32988910
PT [143 0 244 5 1]
 P 430958 20992 302922 33109210
PT [143 0 245 5 1]
 P 430958 20992 306312 33229510
PT [143 0 246 5 1]
 P 432785 20992 306315 33349810
PT [143 0 247 5 1]
 P 433636 20992 306319 33470110
PT [143 0 248 5 1]
EMPTY QUEUE
 P 436844 20992 306337 33593131
PT [143 0 249 5 1]
 P 436844 20992 309727 33710710
PT [143 0 250 5 1]
 P 436844 20992 313117 33831010
PT [143 0 251 5 1]
 P 436844 20992 316507 33951310
PT [143 0 252 5 1]
 P 438926 20992 316510 34071610
PT [143 0 253 5 1]
 P 440702 20992 316513 34191910
PT [143 0 254 5 1]
EMPTY QUEUE
 P 443879 20992 316530 34313555
PT [143 0 255 5 1]
 P 443879 20992 319920 34432510
PT [143 0 256 5 1]
 P 443879 20992 323310 34552810
PT [143 0 257 5 1]
 P 443879 20992 326700 34673110
PT [143 0 258 5 1]
 P 446474 20992 326703 34793410
PT [143 0 259 5 1]
 P 447361 20992 326706 34913710
PT [143 0 260 5 1]
EMPTY QUEUE
 P 450442 20992 326723 35035451
PT [143 0 261 5 1]
 P 450442 20992 330113 35154310
PT [143 0 262 5 1]
 P 450442 20992 333503 35274610
PT [143 0 263 5 1]
 P 450442 20992 336893 35394910
PT [143 0 264 5 1]
 P 452783 20992 336896 35515210
PT [143 0 265 5 1]
 P 454021 20992 336899 35635510
PT [143 0 266 5 1]
EMPTY QUEUE
 P 456673 20992 336909 35756494
PT [143 0 267 5 1]
EMPTY QUEUE
 P 456684 20992 340301 35877924
PT [143 0 268 5 1]
EMPTY QUEUE
 P 457308 20992 343700 35998844
PT [143 0 269 5 1]
 P 457308 20992 347090 36116710
PT [143 0 270 5 1]
 P 458282 20992 347093 36237010
PT [143 0 271 5 1]
 P 459905 20992 347096 36357310
PT [143 0 272 5 1]
 P 462491 20992 347104 36477610
PT [143 0 273 5 1]
EMPTY QUEUE
 P 462988 20992 350503 36599641
PT [143 0 274 5 1]
 P 462988 20992 353893 36718210
PT [143 0 275 5 1]
 P 462988 20992 357283 36838510
PT [143 0 276 5 1]
 P 465461 20992 357286 36958810
PT [143 0 277 5 1]
 P 467873 20992 357294 37079110
PT [143 0 278 5 1]
EMPTY QUEUE
 P 470124 20992 357312 37201651
PT [143 0 279 6 1]
 P 472442 20992 357315 37319710
PT [143 0 280 6 1]
 P 472442 20992 360705 37440010
PT [143 0 281 6 1]
 P 472442 20992 364095 37560310
PT [143 0 282 6 1]
 P 472442 20992 367485 37680610
PT [143 0 283 6 1]
EMPTY QUEUE
 P 474872 20992 367503 37802799
PT [143 0 284 6 1]
 P 476966 20992 367506 37921210
PT [143 0 285 6 1]
 P 478594 20992 367509 38041510
PT [143 0 286 6 1]
 P 478594 20992 370899 38161810
PT [143 0 287 6 1]
 P 478594 20992 374289 38282110
PT [143 0 288 6 1]
EMPTY QUEUE
 P 480230 20992 374306 38403467
PT [143 0 289 6 1]
 P 480230 20992 377696 38522710
PT [143 0 290 6 1]
 P 481656 20992 377699 38643010
PT [143 0 291 6 1]
 P 483763 20992 377702 38763310
PT [143 0 292 6 1]
 P 483763 20992 381092 38883610
PT [143 0 293 6 1]
EMPTY QUEUE
 P 487085 20992 381110 39005735
PT [143 0 294 6 1]
 P 489162 20992 381118 39124210
PT [143 0 295 6 1]
 P 489162 20992 384508 39244510
PT [143 0 296 6 1]
 P 489923 20992 384511 39364810
PT [143 0 297 6 1]
 P 491141 20992 384514 39485110
PT [143 0 298 6 1]
EMPTY QUEUE
 P 491636 20992 387913 39607363
PT [143 0 299 6 1]
 P 493157 20992 387921 39725710
PT [143 0 300 6 1]
 P 495519 20992 387929 39846010
PT [143 0 301 6 1]
 P 495519 20992 391319 39966310
PT [143 0 302 6 1]
 P 498192 20992 391322 40086610
PT [143 0 303 6 1]
 P 499283 20992 391325 40206910
PT [143 0 304 6 1]
EMPTY QUEUE
 P 499874 20992 394724 40329099
PT [143 0 305 6 1]
 P 502159 20992 394734 40447510
PT [143 0 306 6 1]
 P 504553 20992 394742 40567810
PT [143 0 307 6 1]
 P 504553 20992 398132 40688110
PT [143 0 308 6 1]
 P 506175 20992 398136 40808410
PT [143 0 309 6 1]
 P 508542 20992 398139 40928710
PT [143 0 310 6 1]
EMPTY QUEUE
 P 509069 20992 401539 41050547
PT [143 0 311 6 1]
 P 510718 20992 401548 41169310
PT [143 0 312 6 1]
 P 511901 20992 401557 41289610
PT [143 0 313 6 1]
 P 511901 20992 404947 41409910
PT [143 0 314 6 1]
 P 514004 20992 404950 41530210
PT [143 0 315 6 1]
 P 515641 20992 404954 41650510
PT [143 0 316 6 1]
EMPTY QUEUE
 P 516264 20992 408354 41773564
PT [143 0 317 6 1]
 P 518040 20992 408363 41891110
PT [143 0 318 6 1]
 P 518040 20992 411753 42011410
PT [143 0 319 6 1]
 P 518040 20992 415143 42131710
PT [143 0 320 6 1]
 P 519475 20992 415146 42252010
PT [143 0 321 6 1]
 P 521591 20992 415149 42372310
PT [143 0 322 6 1]
EMPTY QUEUE
 P 524343 20992 415168 42495299
PT [143 0 323 6 1]
 P 524343 20992 418558 42612910
PT [143 0 324 6 1]
 P 524343 20992 421948 42733210
PT [143 0 325 6 1]
 P 524343 20992 425338 42853510
PT [143 0 326 6 1]
 P 524990 20992 425342 42973810
PT [143 0 327 6 1]
EMPTY QUEUE
 P 527581 20992 425360 43095359
PT [143 0 328 6 1]
 P 527581 20992 428750 43214410
PT [143 0 329 6 1]
 P 527581 20992 432140 43334710
PT [143 0 330 6 1]
 P 527581 20992 435530 43455010
PT [143 0 331 6 1]
 P 528717 20992 435534 43575310
PT [143 0 332 6 1]
EMPTY QUEUE
 P 530960 20992 435552 43697179
PT [143 0 333 6 1]
 P 533204 20992 435555 43815910
PT [143 0 334 6 1]
 P 533204 20992 438945 43936210
PT [143 0 335 6 1]
 P 533204 20992 442335 44056510
PT [143 0 336 6 1]
 P 533204 20992 445725 44176810
PT [143 0 337 6 1]
EMPTY QUEUE
 P 534964 20992 445744 44298231
PT [143 0 338 6 1]
 P 536962 20992 445747 44417410
PT [143 0 339 6 1]
 P 538494 20992 445750 44537710
PT [143 0 340 6 1]
 P 538494 20992 449140 44658010
PT [143 0 341 6 1]
 P 538494 20992 452530 44778310
PT [143 0 342 6 1]
EMPTY QUEUE
 P 541437 20992 452549 44901076
PT [143 0 343 6 1]
 P 541437 20992 455939 45018910
PT [143 0 344 6 1]
 P 542769 20992 455942 45139210
PT [143 0 345 6 1]
 P 544782 20992 455945 45259510
PT [143 0 346 6 1]
 P 544782 20992 459335 45379810
PT [143 0 347 6 1]
EMPTY QUEUE
 P 547628 20992 459353 45501200
PT [143 0 348 7 1]
 P 547628 20992 462743 45620410
PT [143 0 349 7 1]
 P 547628 20992 466133 45740710
PT [143 0 350 7 1]
 P 548292 20992 466136 45861010
PT [143 0 351 7 1]
 P 549414 20992 466139 45981310
PT [143 0 352 7 1]
EMPTY QUEUE
 P 552547 20992 466158 46102796
PT [143 0 353 7 1]
 P 552547 20992 469548 46221910
PT [143 0 354 7 1]
 P 552547 20992 472938 46342210
PT [143 0 355 7 1]
 P 552547 20992 476328 46462510
PT [143 0 356 7 1]
 P 555124 20992 476331 46582810
PT [143 0 357 7 1]
 P 556120 20992 476334 46703110
PT [143 0 358 7 1]
EMPTY QUEUE
 P 559331 20992 476353 46824404
PT [143 0 359 6 1]
 P 559331 20992 479743 46943710
PT [143 0 360 6 1]
 P 559331 20992 483133 47064010
PT [143 0 361 6 1]
 P 559331 20992 486523 47184310
PT [143 0 362 6 1]
 P 560860 20992 486526 47304610
PT [143 0 363 6 1]
EMPTY QUEUE
 P 563768 20992 486544 47426991
PT [143 0 364 6 1]
 P 565493 20992 486552 47545210
PT [143 0 365 6 1]
 P 567727 20992 486555 47665510
PT [143 0 366 6 1]
 P 567727 20992 489945 47785810
PT [143 0 367 6 1]
 P 567727 20992 493335 47906110
PT [143 0 368 6 1]
EMPTY QUEUE
 P 568254 20992 496735 48029227
PT [143 0 369 6 1]
 P 570190 20992 496743 48146710
PT [143 0 370 6 1]
 P 572198 20992 496747 48267010
PT [143 0 371 6 1]
 P 573741 20992 496750 48387310
PT [143 0 372 6 1]
 P 573741 20992 500140 48507610
PT [143 0 373 6 1]
EMPTY QUEUE
 P 574236 20992 503540 48628839
PT [143 0 374 6 1]
 P 575377 20992 503549 48748210
PT [143 0 375 6 1]
 P 575377 20992 506939 48868510
PT [143 0 376 6 1]
 P 576720 20992 506942 48988810
PT [143 0 377 6 1]
 P 578742 20992 506945 49109110
PT [143 0 378 6 1]
EMPTY QUEUE
 P 579237 20992 510345 49232067
PT [143 0 379 6 1]
 P 582000 20992 510353 49349710
PT [143 0 380 6 1]
 P 584075 20992 510361 49470010
PT [143 0 381 6 1]
 P 584075 20992 513751 49590310
PT [143 0 382 6 1]
 P 584749 20992 513754 49710610
PT [143 0 383 6 1]
 P 585881 20992 513757 49830910
PT [143 0 384 6 1]
EMPTY QUEUE
 P 586440 20992 517157 49953515
PT [143 0 385 6 1]
 P 587960 20992 517166 50071510
PT [143 0 386 6 1]
 P 590322 20992 517174 50191810
PT [143 0 387 6 1]
 P 590322 20992 520564 50312110
PT [143 0 388 6 1]
 P 592909 20992 520567 50432410
PT [143 0 389 6 1]
 P 593916 20992 520570 50552710
PT [143 0 390 6 1]
EMPTY QUEUE
 P 594413 20992 523969 50675733
PT [143 0 391 7 1]
 P 596699 20992 523977 50793310
PT [143 0 392 7 1]
 P 599093 20992 523986 50913610
PT [143 0 393 7 1]
 P 599093 20992 527376 51033910
PT [143 0 394 7 1]
 P 600632 20992 527379 51154210
PT [143 0 395 7 1]
EMPTY QUEUE
 P 601129 20992 530778 51276049
PT [143 0 396 8 1]
 P 603393 20992 530781 51394810
PT [143 0 397 8 1]
 P 605042 20992 530789 51515110
PT [143 0 398 8 1]
 P 605042 20992 534179 51635410
PT [143 0 399 8 1]
 P 605042 20992 537569 51755710
PT [143 0 400 8 1]
EMPTY QUEUE
 P 605538 20992 540968 51876972
PT [143 0 401 6 1]
 P 607555 20992 540971 51996310
PT [143 0 402 6 1]
 P 608664 20992 540979 52116610
PT [143 0 403 6 1]
 P 610928 20992 540982 52236910
PT [143 0 404 6 1]
 P 610928 20992 544372 52357210
PT [143 0 405 6 1]
EMPTY QUEUE
 P 611520 20992 547771 52479528
PT [143 0 406 6 1]
 P 611520 20992 551161 52597810
PT [143 0 407 6 1]
 P 613296 20992 551169 52718110
PT [143 0 408 6 1]
 P 615316 20992 551172 52838410
PT [143 0 409 6 1]
 P 616870 20992 551175 52958710
PT [143 0 410 6 1]
EMPTY QUEUE
 P 620041 20992 551192 53081284
PT [143 0 411 6 1]
 P 620041 20992 554582 53199310
PT [143 0 412 6 1]
 P 620041 20992 557972 53319610
PT [143 0 413 6 1]
 P 620041 20992 561362 53439910
PT [143 0 414 6 1]
 P 621394 20992 561365 53560210
PT [143 0 415 6 1]
 P 623428 20992 561368 53680510
PT [143 0 416 6 1]
EMPTY QUEUE
 P 626604 20992 561385 53802219
PT [143 0 417 6 1]
 P 626604 20992 564775 53921110
PT [143 0 418 6 1]
 P 626604 20992 568165 54041410
PT [143 0 419 6 1]
 P 626604 20992 571555 54161710
PT [143 0 420 6 1]
 P 627291 20992 571558 54282010
PT [143 0 421 6 1]
 P 628435 20992 571561 54402310
PT [143 0 422 6 1]
EMPTY QUEUE
 P 631612 20992 571578 54524723
PT [143 0 423 7 1]
 P 631612 20992 574968 54642910
PT [143 0 424 7 1]
 P 631612 20992 578358 54763210
PT [143 0 425 7 1]
 P 631612 20992 581748 54883510
PT [143 0 426 7 1]
 P 634212 20992 581751 55003810
PT [143 0 427 7 1]
 P 635230 20992 581754 55124110
PT [143 0 428 7 1]
EMPTY QUEUE
 P 638342 20992 581771 55246651
PT [143 0 429 7 1]
 P 638342 20992 585161 55364710
PT [143 0 430 7 1]
 P 638342 20992 588551 55485010
PT [143 0 431 7 1]
 P 638342 20992 591941 55605310
PT [143 0 432 7 1]
 P 639891 20992 591944 55725610
PT [143 0 433 7 1]
 P 641070 20992 591947 55845910
PT [143 0 434 7 1]
EMPTY QUEUE
 P 644280 20992 591964 55968229
PT [143 0 435 7 1]
 P 644280 20992 595354 56086510
PT [143 0 436 7 1]
 P 644280 20992 598744 56206810
PT [143 0 437 7 1]
 P 644280 20992 602134 56327110
PT [143 0 438 7 1]
 P 646054 20992 602137 56447410
PT [143 0 439 7 1]
 P 646853 20992 602141 56567710
PT [143 0 440 7 1]
EMPTY QUEUE
 P 649997 20992 602158 56689131
PT [143 0 441 7 1]
 P 649997 20992 605548 56808310
PT [143 0 442 7 1]
 P 649997 20992 608938 56928610
PT [143 0 443 7 1]
 P 649997 20992 612328 57048910
PT [143 0 444 7 1]
 P 652028 20992 612331 57169210
PT [143 0 445 7 1]
 P 653752 20992 612334 57289510
PT [143 0 446 7 1]
EMPTY QUEUE
 P 656833 20992 612351 57411571
PT [143 0 447 7 1]
 P 656833 20992 615741 57530110
PT [143 0 448 7 1]
 P 656833 20992 619131 57650410
PT [143 0 449 7 1]
 P 656833 20992 622521 57770710
PT [143 0 450 7 1]
 P 659375 20992 622524 57891010
PT [143 0 451 7 1]
 P 660209 20992 622527 58011310
PT [143 0 452 7 1]
EMPTY QUEUE
 P 663290 20992 622545 58133563
PT [143 0 453 7 1]
 P 663290 20992 625935 58251910
PT [143 0 454 7 1]
 P 663290 20992 629325 58372210
PT [143 0 455 7 1]
 P 663290 20992 632715 58492510
PT [143 0 456 7 1]
 P 665579 20992 632718 58612810
PT [143 0 457 7 1]
 P 666765 20992 632722 58733110
PT [143 0 458 7 1]
EMPTY QUEUE
 P 669844 20992 632741 58855043
PT [143 0 459 7 1]
 P 669844 20992 636131 58973710
PT [143 0 460 7 1]
 P 669844 20992 639521 59094010
PT [143 0 461 7 1]
 P 669844 20992 642911 59214310
PT [143 0 462 7 1]
 P 670765 20992 642915 59334610
PT [143 0 463 7 1]
 P 672335 20992 642919 59454910
PT [143 0 464 7 1]
EMPTY QUEUE
 P 675415 20992 642938 59578059
PT [143 0 465 7 1]
 P 675415 20992 646328 59695510
PT [143 0 466 7 1]
 P 675415 20992 649718 59815810
PT [143 0 467 7 1]
 P 675415 20992 653108 59936110
PT [143 0 468 7 1]
 P 677836 20992 653111 60056410
PT [143 0 469 7 1]
EMPTY QUEUE
 P 680872 20992 653129 60178343
PT [143 0 470 7 1]
 P 682597 20992 653138 60297010
PT [143 0 471 7 1]
 P 684862 20992 653141 60417310
PT [143 0 472 7 1]
 P 684862 20992 656531 60537610
PT [143 0 473 7 1]
 P 684862 20992 659921 60657910
PT [143 0 474 7 1]
EMPTY QUEUE
 P 685453 20992 663321 60780003
PT [143 0 475 7 1]
 P 687388 20992 663329 60898510
PT [143 0 476 7 1]
 P 688600 20992 663338 61018810
PT [143 0 477 7 1]
 P 690908 20992 663341 61139110
PT [143 0 478 7 1]
 P 693455 20992 663350 61259410
PT [143 0 479 7 1]
EMPTY QUEUE
 P 693950 20992 666750 61381023
PT [143 0 480 7 1]
 P 693950 20992 670140 61500010
PT [143 0 481 7 1]
 P 693950 20992 673530 61620310
PT [143 0 482 7 1]
 P 693950 20992 676920 61740610
PT [143 0 483 7 1]
 P 696260 20992 676923 61860910
PT [143 0 484 7 1]
EMPTY QUEUE
 P 699404 20992 676941 61983291
PT [143 0 485 7 1]
 P 699404 20992 680331 62101510
PT [143 0 486 7 1]
 P 699404 20992 683721 62221810
PT [143 0 487 7 1]
 P 699404 20992 687111 62342110
PT [143 0 488 7 1]
 P 701450 20992 687114 62462410
PT [143 0 489 7 1]
 P 703029 20992 687117 62582710
PT [143 0 490 7 1]
EMPTY QUEUE
 P 706109 20992 687135 62705219
PT [143 0 491 7 1]
 P 706109 20992 690525 62823310
PT [143 0 492 7 1]
 P 706109 20992 693915 62943610
PT [143 0 493 7 1]
 P 706109 20992 697305 63063910
PT [143 0 494 7 1]
 P 707486 20992 697308 63184210
PT [143 0 495 7 1]
 P 709544 20992 697311 63304510
PT [143 0 496 7 1]
EMPTY QUEUE
 P 712657 20992 697329 63426731
PT [143 0 497 7 1]
 P 712657 20992 700719 63545110
PT [143 0 498 7 1]
 P 712657 20992 704109 63665410
PT [143 0 499 7 1]
 P 712657 20992 707499 63785710
PT [143 0 500 7 1]
 P 713368 20992 707502 63906010
PT [143 0 501 7 1]
 P 714537 20992 707505 64026310
PT [143 0 502 7 1]
EMPTY QUEUE
 P 717618 20992 707523 64147667
PT [143 0 503 7 1]
 P 717618 20992 710913 64266910
PT [143 0 504 7 1]
 P 717618 20992 714303 64387210
PT [143 0 505 7 1]
 P 717618 20992 717693 64507510
PT [143 0 506 7 1]
 P 720242 20992 717696 64627810
PT [143 0 507 7 1]
 P 721285 20992 717699 64748110
PT [143 0 508 7 1]
EMPTY QUEUE
 P 724364 20992 717718 64870171
PT [143 0 509 7 1]
 P 724364 20992 721108 64988710
PT [143 0 510 7 1]
 P 724364 20992 724498 65109010
PT [143 0 511 7 1]
 P 724364 20992 727888 65229310
PT [143 0 512 7 1]
 P 725939 20992 727891 65349610
PT [143 0 513 7 1]
 P 727143 20992 727895 65469910
PT [143 0 514 7 1]
EMPTY QUEUE
 P 730288 20992 727914 65592228
PT [143 0 515 7 1]
 P 730288 20992 731304 65710510
PT [143 0 516 7 1]
 P 730288 20992 734694 65830810
PT [143 0 517 7 1]
 P 730288 20992 738084 65951110
PT [143 0 518 7 1]
 P 732087 20992 738087 66071410
PT [143 0 519 7 1]
 P 732911 20992 738090 66191710
PT [143 0 520 7 1]
EMPTY QUEUE
 P 735991 20992 738109 66313643
PT [143 0 521 7 1]
 P 735991 20992 741499 66432310
PT [143 0 522 7 1]
 P 735991 20992 744889 66552610
PT [143 0 523 7 1]
 P 735991 20992 748279 66672910
PT [143 0 524 7 1]
 P 735991 20992 751669 66793210
PT [143 0 525 7 1]
 P 738313 20992 751672 66913510
PT [143 0 526 7 1]
EMPTY QUEUE
 P 741394 20992 751690 67036659
PT [143 0 527 7 1]
 P 741394 20992 755080 67154110
PT [143 0 528 7 1]
 P 741394 20992 758470 67274410
PT [143 0 529 7 1]
 P 741394 20992 761860 67394710
PT [143 0 530 7 1]
 P 743452 20992 761863 67515010
PT [143 0 531 7 1]
 P 745044 20992 761866 67635310
PT [143 0 532 7 1]
EMPTY QUEUE
 P 748125 20992 761883 67757115
PT [143 0 533 7 1]
 P 748125 20992 765273 67875910
PT [143 0 534 7 1]
 P 748125 20992 768663 67996210
PT [143 0 535 7 1]
 P 748125 20992 772053 68116510
PT [143 0 536 7 1]
 P 749516 20992 772056 68236810
PT [143 0 537 7 1]
 P 751588 20992 772059 68357110
PT [143 0 538 7 1]
EMPTY QUEUE
 P 754765 20992 772076 68479204
PT [143 0 539 7 1]
 P 754765 20992 775466 68597710
PT [143 0 540 7 1]
 P 754765 20992 778856 68718010
PT [143 0 541 7 1]
 P 754765 20992 782246 68838310
PT [143 0 542 7 1]
 P 755490 20992 782249 68958610
PT [143 0 543 7 1]
 P 756673 20992 782252 69078910
PT [143 0 544 7 1]
EMPTY QUEUE
 P 759787 20992 782269 69200620
PT [143 0 545 7 1]
 P 759787 20992 785659 69319510
PT [143 0 546 7 1]
 P 759787 20992 789049 69439810
PT [143 0 547 7 1]
 P 759787 20992 792439 69560110
PT [143 0 548 7 1]
 P 762424 20992 792442 69680410
PT [143 0 549 7 1]
 P 763480 20992 792445 69800710
PT [143 0 550 7 1]
EMPTY QUEUE
 P 766657 20992 792462 69923699
PT [143 0 551 7 1]
 P 766657 20992 795852 70041310
PT [143 0 552 7 1]
 P 766657 20992 799242 70161610
PT [143 0 553 7 1]
 P 766657 20992 802632 70281910
PT [143 0 554 7 1]
 P 766657 20992 806022 70402210
PT [143 0 555 7 1]
 P 768988 20992 806025 70522510
PT [143 0 556 7 1]
EMPTY QUEUE
 P 772167 20992 806042 70644157
PT [143 0 557 8 1]
 P 772167 20992 809432 70763110
PT [143 0 558 8 1]
 P 772167 20992 812822 70883410
PT [143 0 559 8 1]
 P 772167 20992 816212 71003710
PT [143 0 560 8 1]
 P 774233 20992 816215 71124010
PT [143 0 561 8 1]
 P 775833 20992 816218 71244310
PT [143 0 562 8 1]
 P 778146 20992 816221 71364610
PT [143 0 563 8 1]
EMPTY QUEUE
 P 781240 20992 816238 71486383
PT [143 0 564 8 1]
 P 781240 20992 819628 71605210
PT [143 0 565 8 1]
 P 781240 20992 823018 71725510
PT [143 0 566 8 1]
 P 781240 20992 826408 71845810
PT [143 0 567 8 1]
 P 783308 20992 826412 71966110
PT [143 0 568 8 1]
 P 784913 20992 826415 72086410
PT [143 0 569 8 1]
EMPTY QUEUE
 P 788089 20992 826432 72207927
PT [143 0 570 8 1]
 P 788089 20992 829822 72327010
PT [143 0 571 8 1]
 P 788089 20992 833212 72447310
PT [143 0 572 8 1]
 P 788089 20992 836602 72567610
PT [143 0 573 8 1]
 P 789490 20992 836605 72687910
PT [143 0 574 8 1]
 P 791572 20992 836608 72808210
PT [143 0 575 8 1]
EMPTY QUEUE
 P 794748 20992 836625 72930943
PT [143 0 576 8 1]
 P 794748 20992 840015 73048810
PT [143 0 577 8 1]
 P 794748 20992 843405 73169110
PT [143 0 578 8 1]
 P 794748 20992 846795 73289410
PT [143 0 579 8 1]
 P 795483 20992 846799 73409710
PT [143 0 580 8 1]
 P 796676 20992 846803 73530010
PT [143 0 581 8 1]
EMPTY QUEUE
 P 799756 20992 846820 73651303
PT [143 0 582 8 1]
 P 799756 20992 850210 73770610
PT [143 0 583 8 1]
 P 799756 20992 853600 73890910
PT [143 0 584 8 1]
 P 799756 20992 856990 74011210
PT [143 0 585 8 1]
 P 802403 20992 856993 74131510
PT [143 0 586 8 1]
 P 803470 20992 856996 74251810
PT [143 0 587 8 1]
EMPTY QUEUE
 P 806678 20992 857014 74373423
PT [143 0 588 8 1]
 P 806678 20992 860404 74492410
PT [143 0 589 8 1]
 P 806678 20992 863794 74612710
PT [143 0 590 8 1]
 P 806678 20992 867184 74733010
PT [143 0 591 8 1]
 P 808276 20992 867187 74853310
PT [143 0 592 8 1]
 P 809504 20992 867190 74973610
PT [143 0 593 8 1]
EMPTY QUEUE
 P 812584 20992 867208 75094775
PT [143 0 594 8 1]
 P 812584 20992 870598 75214210
PT [143 0 595 8 1]
 P 812584 20992 873988 75334510
PT [143 0 596 8 1]
 P 812584 20992 877378 75454810
PT [143 0 597 8 1]
 P 814408 20992 877381 75575110
PT [143 0 598 8 1]
 P 815257 20992 877384 75695410
PT [143 0 599 8 1]
EMPTY QUEUE
 P 818368 20992 877403 75817823
PT [143 0 600 8 1]
 P 818368 20992 880793 75936010
PT [143 0 601 8 1]
 P 818368 20992 884183 76056310
PT [143 0 602 8 1]
 P 818368 20992 887573 76176610
PT [143 0 603 8 1]
 P 820447 20992 887577 76296910
PT [143 0 604 8 1]
 P 822220 20992 887580 76417210
PT [143 0 605 8 1]
EMPTY QUEUE
 P 825300 20992 887599 76540295
PT [143 0 606 8 1]
 P 825300 20992 890989 76657810
PT [143 0 607 8 1]
 P 825300 20992 894379 76778110
PT [143 0 608 8 1]
 P 825300 20992 897769 76898410
PT [143 0 609 8 1]
 P 827891 20992 897772 77018710
PT [143 0 610 8 1]
 P 828774 20992 897775 77139010
PT [143 0 611 8 1]
EMPTY QUEUE
 P 831428 20992 900356 77262376
PT [143 0 612 8 1]
EMPTY QUEUE
 P 831497 20992 906318 77384052
PT [143 0 613 8 1]
EMPTY QUEUE
 P 832088 20992 909718 77502311
PT [143 0 614 8 1]
 P 832088 20992 913108 77620210
PT [143 0 615 8 1]
 P 834426 20992 913111 77740510
PT [143 0 616 8 1]
 P 835661 20992 913114 77860810
PT [143 0 617 8 1]
 P 838246 20992 913123 77981110
PT [143 0 618 8 1]
EMPTY QUEUE
 P 838315 20992 919085 78105276
PT [143 0 619 8 1]
EMPTY QUEUE
 P 838494 20992 922481 78223696
PT [143 0 620 8 1]
EMPTY QUEUE
 P 839117 20992 925881 78344444
PT [143 0 621 8 1]
 P 840088 20992 925884 78462310
PT [143 0 622 8 1]
 P 841708 20992 925887 78582610
PT [143 0 623 8 1]
