using saved target 'z1'
../../../../contiki/tools/sky/serialdump-linux -b115200 /dev/ttyUSB1
connecting to /dev/ttyUSB1 (115200) [OK]
Rime started with address 2.0
MAC 02:00:00:00:00:00:00:00 Ref ID: 4841
Contiki-3.x-2125-g5d67a61 started. Node id is set to 2.

************************************************
RTIMER_SECOND = 32768. F_CPU=8000000.
CLOCK_SECOND=128.
DURSLOT = 6015.(0.1835 s).
DURSLEEP = 114285.
DURCYCLE = 120300 .(3.6712 s).
MAX_CLOCK_DRIFT = WAKEUP_ADVANCE_TIME = 327 (0.0033 s).
PERIODIC_BCAST_CYCLES_SENSOR = 917507.
PERIODIC_BCAST_CYCLES_SINK = 917507.
MAX_CYCLE_COUNTER = 27904.
MAX_COUNT_NO_RTS_CTS = 65535.
MAX_CHILD_NUM = 10.
MAX_TRY_TO_FIND_PARENT = 3.

**********Below is Related Settings**********
PRIMAC_CONF_COMPOWER = 1.
PRIMAC_CONF_COMPOWER_SUPPORT = 1.
SF = 18.
PRI_SYNC_SUPPORT = 1.
RANDOM_DRIFT_IN_COOJA_SUPPORT = 0.
ADCSC_SUPPORT = 0.
DATA_TX_SUPPORT = 1.
CYCLES_PER_PACKET = 3.
DATA_INTERVAL = 5.
RETX_LIMIT = 6.
TOTAL_DATA_NUM = 0.
MAX_DATA_QUEUE_BUFS = 10.
PROC_GRADE_BASED_ON_ADDR_SUPPORT = 1.
NODES_NUM_PER_GRADE = 2.
ADDRESS_FREE_SUPPORT = 0.
IS_COOJA_SIM = 0.
CROSS_PLATFORM_SUPPORT = 1.
************************************************

My address is 2.0.
nullmac PRIMAC, channel check rate 8 Hz, radio channel 26
Starting
Hello, world
 P 0 0 0 1971857
 P 0 0 3390 2092157
 P 0 0 6780 2212457
 P 0 0 10230 2333594
 P 0 0 13620 2453057
 P 0 0 17010 2573357
 P 0 0 20400 2693657
 P 0 0 23790 2813957
EMPTY QUEUE
 P 66 0 29753 2939145
EMPTY QUEUE
 P 132 0 35716 3058133
EMPTY QUEUE
 P 2818 0 36788 3176161
PT [1 0 1 -3 2]
 P 3642 0 39354 3295157
PT [1 0 2 -3 2]
 P 3642 0 42744 3415457
PT [1 0 3 -3 2]
 P 3642 0 46134 3535757
PT [1 0 4 -3 2]
 P 3642 0 49524 3656057
PT [1 0 5 -3 2]
rcv bro rts
EMPTY QUEUE
 P 6303 0 49572 3777311
PT [1 0 6 -3 2]
 P 8350 0 49575 3896657
PT [1 0 7 -3 2]
 P 8350 0 52965 4016957
PT [1 0 8 -3 2]
 P 8350 0 56355 4137257
PT [1 0 9 -3 2]
 P 8350 0 59745 4257557
PT [1 0 10 -3 2]
EMPTY QUEUE
 P 10020 0 59762 4380026
PT [1 0 11 -4 2]
 P 11460 0 59766 4498157
PT [1 0 12 -4 2]
 P 11460 0 63156 4618457
PT [1 0 13 -4 2]
 P 11460 0 66546 4738757
PT [1 0 14 -4 2]
 P 11460 0 69936 4859057
PT [1 0 15 -4 2]
EMPTY QUEUE
 P 11786 0 73335 4981941
PT [1 0 16 -5 2]
 P 13833 0 73343 5099657
PT [1 0 17 -5 2]
 P 15468 0 73347 5219957
PT [1 0 18 -5 2]
 P 15468 0 76737 5340257
PT [1 0 19 -5 2]
 P 15468 0 80127 5460557
PT [1 0 20 -5 2]
EMPTY QUEUE
 P 15797 0 83525 5582355
PT [1 0 21 -6 2]
 P 18100 0 83533 5701157
PT [1 0 22 -6 2]
 P 18100 0 86923 5821457
PT [1 0 23 -6 2]
 P 18936 0 86926 5941757
PT [1 0 24 -6 2]
 P 18936 0 90316 6062057
PT [1 0 25 -6 2]
EMPTY QUEUE
 P 19263 0 93714 6184302
PT [1 0 26 -6 2]
 P 21758 0 93722 6302657
PT [1 0 27 -6 2]
 P 21758 0 97112 6422957
PT [1 0 28 -6 2]
 P 21758 0 100502 6543257
PT [1 0 29 -6 2]
 P 23812 0 100505 6663557
PT [1 0 30 -6 2]
EMPTY QUEUE
 P 24140 0 103904 6785738
PT [1 0 31 -7 2]
 P 26475 0 103912 6904157
PT [1 0 32 -7 2]
 P 26475 0 107302 7024457
PT [1 0 33 -7 2]
 P 26475 0 110692 7144757
PT [1 0 34 -7 2]
 P 29234 0 110696 7265057
PT [1 0 35 -7 2]
EMPTY QUEUE
 P 29562 0 114095 7386662
PT [1 0 36 -8 2]
 P 29562 0 117485 7505657
PT [1 0 37 -8 2]
 P 31609 0 117493 7625957
PT [1 0 38 -8 2]
 P 31609 0 120883 7746257
PT [1 0 39 -8 2]
 P 32514 0 120886 7866557
PT [1 0 40 -8 2]
EMPTY QUEUE
 P 32579 0 126848 7991424
PT [1 0 41 -8 2]
EMPTY QUEUE
 P 32906 0 130247 8108429
PT [1 0 42 -9 2]
 P 32906 0 133637 8227457
PT [1 0 43 -9 2]
 P 35145 0 133645 8347757
PT [1 0 44 -9 2]
 P 37940 0 133648 8468057
PT [1 0 45 -9 2]
 P 37940 0 137038 8588357
PT [1 0 46 -9 2]
EMPTY QUEUE
 P 38268 0 140436 8709610
PT [1 0 47 -9 2]
 P 38268 0 143826 8828957
PT [1 0 48 -9 2]
 P 38268 0 147216 8949257
PT [1 0 49 -9 2]
 P 40186 0 147224 9069558
PT [1 0 50 -9 2]
 P 40186 0 150614 9189858
PT [1 0 51 -9 2]
 P 41830 0 150617 9310158
PT [1 0 52 -9 2]
EMPTY QUEUE
 P 42158 0 154015 9432627
PT [1 0 53 -11 2]
 P 42158 0 157405 9550758
PT [1 0 54 -11 2]
 P 42158 0 160795 9671058
PT [1 0 55 -11 2]
 P 44684 0 160803 9791358
PT [1 0 56 -11 2]
 P 45529 0 160806 9911658
PT [1 0 57 -11 2]
EMPTY QUEUE
 P 45856 0 164205 10032783
PT [1 0 58 -12 2]
 P 45856 0 167595 10152258
PT [1 0 59 -12 2]
 P 45856 0 170985 10272558
PT [1 0 60 -12 2]
 P 45856 0 174375 10392858
PT [1 0 61 -12 2]
 P 47294 0 174383 10513158
PT [1 0 62 -12 2]
 P 48749 0 174386 10633458
PT [1 0 63 -12 2]
EMPTY QUEUE
 P 49077 0 177785 10754775
PT [1 0 64 -13 2]
 P 49077 0 181175 10874058
PT [1 0 65 -13 2]
 P 49077 0 184565 10994358
PT [1 0 66 -13 2]
 P 49077 0 187955 11114658
PT [1 0 67 -13 2]
 P 50963 0 187963 11234958
PT [1 0 68 -13 2]
 P 51876 0 187966 11355258
PT [1 0 69 -13 2]
EMPTY QUEUE
 P 52203 0 191365 11476255
PT [1 0 70 -14 2]
 P 52203 0 194755 11595858
PT [1 0 71 -14 2]
 P 52203 0 198145 11716158
PT [1 0 72 -14 2]
 P 54505 0 198153 11836458
PT [1 0 73 -14 2]
 P 54505 0 201543 11956758
PT [1 0 74 -14 2]
 P 57308 0 201546 12077058
PT [1 0 75 -14 2]
EMPTY QUEUE
 P 57635 0 204945 12199270
PT [1 0 76 -15 2]
 P 57635 0 208335 12317658
PT [1 0 77 -15 2]
 P 60129 0 208343 12437958
PT [1 0 78 -15 2]
 P 60129 0 211733 12558258
PT [1 0 79 -15 2]
 P 60129 0 215123 12678558
PT [1 0 80 -15 2]
 P 62358 0 215126 12798858
PT [1 0 81 -15 2]
EMPTY QUEUE
 P 62686 0 218524 12921774
PT [1 0 82 -16 2]
 P 65020 0 218532 13039458
PT [1 0 83 -16 2]
 P 65020 0 221922 13159758
PT [1 0 84 -16 2]
 P 65020 0 225312 13280058
PT [1 0 85 -16 2]
 P 66162 0 225315 13400358
PT [1 0 86 -16 2]
EMPTY QUEUE
 P 66491 0 228715 13521421
PT [1 0 87 -16 2]
 P 66491 0 232105 13640958
PT [1 0 88 -16 2]
 P 68537 0 232113 13761258
PT [1 0 89 -16 2]
 P 68537 0 235503 13881558
PT [1 0 90 -16 2]
 P 70129 0 235506 14001858
PT [1 0 91 -16 2]
EMPTY QUEUE
 P 70457 0 238905 14124647
PT [1 0 92 -17 2]
 P 70457 0 242295 14242458
PT [1 0 93 -17 2]
 P 70457 0 245685 14362758
PT [1 0 94 -17 2]
 P 72694 0 245694 14483058
PT [1 0 95 -17 2]
 P 74255 0 245697 14603358
PT [1 0 96 -17 2]
EMPTY QUEUE
 P 74582 0 249096 14725314
PT [1 0 97 -18 2]
 P 74582 0 252486 14843958
PT [1 0 98 -18 2]
 P 74582 0 255876 14964258
PT [1 0 99 -18 2]
 P 74582 0 259266 15084558
PT [1 0 100 -18 2]
 P 76497 0 259269 15204858
PT [1 0 101 -18 2]
EMPTY QUEUE
 P 78775 0 259285 15327520
PT [1 0 102 -19 2]
 P 78775 0 262675 15445458
PT [1 0 103 -19 2]
 P 78775 0 266065 15565758
PT [1 0 104 -19 2]
 P 78775 0 269455 15686058
PT [1 0 105 -19 2]
 P 80915 0 269458 15806358
PT [1 0 106 -19 2]
EMPTY QUEUE
 P 83641 0 269474 15929211
PT [1 0 107 -19 2]
 P 83641 0 272864 16046958
PT [1 0 108 -19 2]
 P 83641 0 276254 16167258
PT [1 0 109 -19 2]
 P 83641 0 279644 16287558
PT [1 0 110 -19 2]
 P 84951 0 279647 16407858
PT [1 0 111 -19 2]
EMPTY QUEUE
 P 85278 0 283046 16529590
PT [1 0 112 -20 2]
 P 86620 0 283054 16648458
PT [1 0 113 -20 2]
 P 86620 0 286444 16768758
PT [1 0 114 -20 2]
 P 86620 0 289834 16889058
PT [1 0 115 -20 2]
 P 88635 0 289838 17009358
PT [1 0 116 -20 2]
EMPTY QUEUE
 P 88964 0 293236 17131028
PT [1 0 117 -21 2]
 P 88964 0 296626 17249958
PT [1 0 118 -21 2]
 P 91681 0 296635 17370258
PT [1 0 119 -21 2]
 P 91681 0 300025 17490558
PT [1 0 120 -21 2]
 P 91681 0 303415 17610858
PT [1 0 121 -21 2]
 P 92770 0 303418 17731158
PT [1 0 122 -21 2]
EMPTY QUEUE
 P 93097 0 306816 17852250
PT [1 0 123 -22 2]
 P 93097 0 310206 17971758
PT [1 0 124 -22 2]
 P 95015 0 310214 18092058
PT [1 0 125 -22 2]
 P 95015 0 313604 18212358
PT [1 0 126 -22 2]
 P 95015 0 316994 18332658
PT [1 0 127 -22 2]
 P 96074 0 316997 18452958
PT [1 0 128 -22 2]
EMPTY QUEUE
 P 96402 0 320395 18575011
PT [1 0 129 -22 2]
 P 96402 0 323785 18693558
PT [1 0 130 -22 2]
 P 98927 0 323794 18813858
PT [1 0 131 -22 2]
 P 98927 0 327184 18934158
PT [1 0 132 -22 2]
 P 100340 0 327187 19054458
PT [1 0 133 -22 2]
EMPTY QUEUE
 P 100667 0 330585 19176959
PT [1 0 134 -23 2]
 P 100667 0 333975 19295058
PT [1 0 135 -23 2]
 P 100667 0 337365 19415358
PT [1 0 136 -23 2]
 P 102648 0 337374 19535658
PT [1 0 137 -23 2]
 P 104286 0 337377 19655958
PT [1 0 138 -23 2]
EMPTY QUEUE
 P 104614 0 340776 19778395
PT [1 0 139 -24 2]
 P 104614 0 344166 19896558
PT [1 0 140 -24 2]
 P 104614 0 347556 20016858
PT [1 0 141 -24 2]
 P 104614 0 350946 20137158
PT [1 0 142 -24 2]
 P 106275 0 350955 20257458
PT [1 0 143 -24 2]
 P 107467 0 350958 20377758
PT [1 0 144 -24 2]
EMPTY QUEUE
 P 107793 0 354357 20499618
PT [1 0 145 -25 2]
 P 107793 0 357747 20618358
PT [1 0 146 -25 2]
 P 107793 0 361137 20738658
PT [1 0 147 -25 2]
 P 110670 0 361146 20858958
PT [1 0 148 -25 2]
 P 110670 0 364536 20979258
PT [1 0 149 -25 2]
 P 112728 0 364539 21099558
PT [1 0 150 -25 2]
EMPTY QUEUE
 P 113055 0 367938 21222378
PT [1 0 151 -26 2]
 P 113055 0 371328 21340158
PT [1 0 152 -26 2]
 P 114588 0 371337 21460458
PT [1 0 153 -26 2]
 P 114588 0 374727 21580758
PT [1 0 154 -26 2]
 P 116072 0 374730 21701058
PT [1 0 155 -26 2]
EMPTY QUEUE
 P 116400 0 378128 21822279
PT [1 0 156 -26 2]
 P 116400 0 381518 21941658
PT [1 0 157 -26 2]
 P 119053 0 381527 22061958
PT [1 0 158 -26 2]
 P 119053 0 384917 22182258
PT [1 0 159 -26 2]
 P 121389 0 384920 22302558
PT [1 0 160 -26 2]
EMPTY QUEUE
 P 121716 0 388319 22423715
PT [1 0 161 -27 2]
 P 121716 0 391709 22543158
PT [1 0 162 -27 2]
 P 124337 0 391718 22663458
PT [1 0 163 -27 2]
 P 124337 0 395108 22783758
PT [1 0 164 -27 2]
 P 125075 0 395111 22904058
PT [1 0 165 -27 2]
EMPTY QUEUE
 P 125402 0 398510 23026686
PT [1 0 166 -28 2]
 P 125402 0 401900 23144658
PT [1 0 167 -28 2]
 P 126679 0 401909 23264958
PT [1 0 168 -28 2]
 P 126679 0 405299 23385258
PT [1 0 169 -28 2]
 P 126679 0 408689 23505558
PT [1 0 170 -28 2]
 P 128411 0 408692 23625858
PT [1 0 171 -28 2]
EMPTY QUEUE
 P 128422 0 412084 23747075
PT [1 0 172 -28 2]
EMPTY QUEUE
 P 130219 0 412101 23867634
PT [1 0 173 -29 2]
 P 130219 0 415491 23986758
PT [1 0 174 -29 2]
 P 130219 0 418881 24107058
PT [1 0 175 -29 2]
 P 131280 0 418884 24227358
PT [1 0 176 -29 2]
 P 131280 0 422274 24347658
PT [1 0 177 -29 2]
EMPTY QUEUE
 P 132756 0 422291 24469070
PT [1 0 178 -30 2]
 P 132756 0 425681 24588258
PT [1 0 179 -30 2]
 P 132756 0 429071 24708558
PT [1 0 180 -30 2]
 P 134267 0 429074 24828858
PT [1 0 181 -30 2]
 P 134267 0 432464 24949158
PT [1 0 182 -30 2]
EMPTY QUEUE
 P 136960 0 432481 25072043
PT [1 0 183 -30 2]
 P 136960 0 435871 25189758
PT [1 0 184 -30 2]
 P 136960 0 439261 25310058
PT [1 0 185 -30 2]
 P 136960 0 442651 25430358
PT [1 0 186 -30 2]
 P 138441 0 442654 25550658
PT [1 0 187 -30 2]
EMPTY QUEUE
 P 138769 0 446053 25671783
PT [1 0 188 -31 2]
 P 140462 0 446062 25791258
PT [1 0 189 -31 2]
 P 140462 0 449452 25911558
PT [1 0 190 -31 2]
 P 140462 0 452842 26031858
PT [1 0 191 -31 2]
 P 140462 0 456232 26152158
PT [1 0 192 -31 2]
 P 142296 0 456236 26272458
PT [1 0 193 -31 2]
EMPTY QUEUE
 P 142624 0 459635 26393775
PT [1 0 194 -32 2]
 P 143517 0 459644 26513058
PT [1 0 195 -32 2]
 P 143517 0 463034 26633358
PT [1 0 196 -32 2]
 P 143517 0 466424 26753658
PT [1 0 197 -32 2]
 P 143517 0 469814 26873958
PT [1 0 198 -32 2]
 P 145577 0 469817 26994258
PT [1 0 199 -32 2]
EMPTY QUEUE
 P 145904 0 473216 27115254
PT [1 0 200 -33 2]
 P 147405 0 473226 27234858
PT [1 0 201 -33 2]
 P 147405 0 476616 27355158
PT [1 0 202 -33 2]
 P 147405 0 480006 27475458
PT [1 0 203 -33 2]
 P 148635 0 480009 27595758
PT [1 0 204 -33 2]
EMPTY QUEUE
 P 148962 0 483407 27717970
PT [1 0 205 -34 2]
 P 148962 0 486797 27836358
PT [1 0 206 -34 2]
 P 151423 0 486806 27956658
PT [1 0 207 -34 2]
 P 151423 0 490196 28076958
PT [1 0 208 -34 2]
 P 154030 0 490199 28197258
PT [1 0 209 -34 2]
EMPTY QUEUE
 P 154357 0 493597 28320175
PT [1 0 210 -34 2]
 P 154357 0 496987 28437858
PT [1 0 211 -34 2]
 P 154357 0 500377 28558158
PT [1 0 212 -34 2]
 P 157042 0 500386 28678458
PT [1 0 213 -34 2]
 P 158851 0 500389 28798758
PT [1 0 214 -34 2]
EMPTY QUEUE
 P 159001 0 503784 28919638
PT [1 0 215 -34 2]
EMPTY QUEUE
 P 159329 0 507182 29040631
PT [1 0 216 -35 2]
 P 159329 0 510572 29159658
PT [1 0 217 -35 2]
 P 159329 0 513962 29279958
PT [1 0 218 -35 2]
 P 161182 0 513971 29400258
PT [1 0 219 -35 2]
 P 163601 0 513974 29520558
PT [1 0 220 -35 2]
EMPTY QUEUE
 P 163928 0 517373 29641810
PT [1 0 221 -36 2]
 P 163928 0 520763 29761158
PT [1 0 222 -36 2]
 P 163928 0 524153 29881458
PT [1 0 223 -36 2]
 P 163928 0 527543 30001758
PT [1 0 224 -36 2]
 P 166485 0 527552 30122058
PT [1 0 225 -36 2]
 P 168362 0 527555 30242358
PT [1 0 226 -36 2]
EMPTY QUEUE
 P 168688 0 530954 30364826
PT [1 0 227 -37 2]
 P 168688 0 534344 30482958
PT [1 0 228 -37 2]
 P 168688 0 537734 30603258
PT [1 0 229 -37 2]
 P 168688 0 541124 30723558
PT [1 0 230 -37 2]
 P 171437 0 541133 30843858
PT [1 0 231 -37 2]
 P 173156 0 541136 30964158
PT [1 0 232 -37 2]
EMPTY QUEUE
 P 173482 0 544535 31085282
PT [1 0 233 -38 2]
 P 173482 0 547925 31204758
PT [1 0 234 -38 2]
 P 173482 0 551315 31325058
PT [1 0 235 -38 2]
 P 173482 0 554705 31445358
PT [1 0 236 -38 2]
 P 175911 0 554714 31565658
PT [1 0 237 -38 2]
 P 177343 0 554718 31685958
PT [1 0 238 -38 2]
EMPTY QUEUE
 P 179971 0 554735 31807434
PT [1 0 239 -39 2]
 P 179971 0 558125 31926558
PT [1 0 240 -39 2]
 P 179971 0 561515 32046858
PT [1 0 241 -39 2]
 P 179971 0 564905 32167158
PT [1 0 242 -39 2]
 P 182525 0 564908 32287458
PT [1 0 243 -39 2]
EMPTY QUEUE
 P 185249 0 564925 32408871
PT [1 0 244 -39 2]
 P 185249 0 568315 32528058
PT [1 0 245 -39 2]
 P 185249 0 571705 32648358
PT [1 0 246 -39 2]
 P 185249 0 575095 32768658
PT [1 0 247 -39 2]
 P 187740 0 575099 32888958
PT [1 0 248 -39 2]
EMPTY QUEUE
 P 188068 0 578498 33011427
PT [1 0 249 -40 2]
 P 188068 0 581888 33129558
PT [1 0 250 -40 2]
 P 190017 0 581897 33249858
PT [1 0 251 -40 2]
 P 190017 0 585287 33370158
PT [1 0 252 -40 2]
 P 191934 0 585290 33490458
PT [1 0 253 -40 2]
EMPTY QUEUE
 P 192260 0 588689 33611582
PT [1 0 254 -41 2]
 P 192260 0 592079 33731058
PT [1 0 255 -41 2]
 P 194657 0 592088 33851358
PT [1 0 256 -41 2]
 P 194657 0 595478 33971658
PT [1 0 257 -41 2]
 P 194657 0 598868 34091958
PT [1 0 258 -41 2]
EMPTY QUEUE
 P 194723 0 602259 34213006
PT [1 0 259 -41 2]
 P 196098 0 602262 34332558
PT [1 0 260 -41 2]
EMPTY QUEUE
 P 198377 0 602278 34454035
PT [1 0 261 -42 2]
 P 198377 0 605668 34573158
PT [1 0 262 -42 2]
 P 198377 0 609058 34693458
PT [1 0 263 -42 2]
 P 198377 0 612448 34813758
PT [1 0 264 -42 2]
 P 198377 0 615838 34934058
PT [1 0 265 -42 2]
 P 199595 0 615841 35054358
PT [1 0 266 -42 2]
EMPTY QUEUE
 P 202222 0 615859 35175770
PT [1 0 267 -43 2]
 P 202222 0 619249 35294958
PT [1 0 268 -43 2]
 P 202222 0 622639 35415258
PT [1 0 269 -43 2]
 P 202222 0 626029 35535558
PT [1 0 270 -43 2]
 P 203153 0 626032 35655858
PT [1 0 271 -43 2]
EMPTY QUEUE
 P 205973 0 626049 35778743
PT [1 0 272 -43 2]
 P 205973 0 629439 35896458
PT [1 0 273 -43 2]
 P 205973 0 632829 36016758
PT [1 0 274 -43 2]
 P 205973 0 636219 36137058
PT [1 0 275 -43 2]
 P 208025 0 636222 36257358
PT [1 0 276 -43 2]
EMPTY QUEUE
 P 210470 0 636240 36378931
PT [1 0 277 -44 2]
 P 212771 0 636249 36497958
PT [1 0 278 -44 2]
 P 212771 0 639639 36618258
PT [1 0 279 -44 2]
 P 212771 0 643029 36738558
PT [1 0 280 -44 2]
 P 214761 0 643032 36858858
PT [1 0 281 -44 2]
EMPTY QUEUE
 P 215088 0 646431 36980110
PT [1 0 282 -45 2]
 P 215088 0 649821 37099458
PT [1 0 283 -45 2]
 P 217485 0 649831 37219758
PT [1 0 284 -45 2]
 P 217485 0 653221 37340058
PT [1 0 285 -45 2]
 P 218900 0 653224 37460358
PT [1 0 286 -45 2]
EMPTY QUEUE
 P 219227 0 656622 37582826
PT [1 0 287 -46 2]
 P 219227 0 660012 37700958
PT [1 0 288 -46 2]
 P 219227 0 663402 37821258
PT [1 0 289 -46 2]
 P 220568 0 663411 37941558
PT [1 0 290 -46 2]
 P 222945 0 663414 38061858
PT [1 0 291 -46 2]
EMPTY QUEUE
 P 223272 0 666812 38182983
PT [1 0 292 -46 2]
 P 223272 0 670202 38302458
PT [1 0 293 -46 2]
 P 223272 0 673592 38422758
PT [1 0 294 -46 2]
 P 223272 0 676982 38543058
PT [1 0 295 -46 2]
 P 225317 0 676990 38663358
PT [1 0 296 -46 2]
 P 226928 0 676993 38783658
PT [1 0 297 -46 2]
EMPTY QUEUE
 P 226994 0 682956 38907278
PT [1 0 298 -46 2]
EMPTY QUEUE
 P 227322 0 686354 39025531
PT [1 0 299 -47 2]
 P 227322 0 689744 39144558
PT [1 0 300 -47 2]
 P 227322 0 693134 39264858
PT [1 0 301 -47 2]
 P 228134 0 693137 39385158
PT [1 0 302 -47 2]
 P 230083 0 693145 39505458
PT [1 0 303 -47 2]
EMPTY QUEUE
 P 230411 0 696544 39626711
PT [1 0 304 -48 2]
 P 230411 0 699934 39746058
PT [1 0 305 -48 2]
 P 230411 0 703324 39866358
PT [1 0 306 -48 2]
 P 231833 0 703327 39986658
PT [1 0 307 -48 2]
 P 234230 0 703335 40106958
PT [1 0 308 -48 2]
EMPTY QUEUE
 P 234556 0 706734 40229426
PT [1 0 309 -49 2]
 P 234556 0 710124 40347558
PT [1 0 310 -49 2]
 P 234556 0 713514 40467858
PT [1 0 311 -49 2]
 P 236941 0 713517 40588158
PT [1 0 312 -49 2]
 P 236941 0 716907 40708458
PT [1 0 313 -49 2]
EMPTY QUEUE
 P 238610 0 716923 40829582
PT [1 0 314 -50 2]
 P 238610 0 720313 40949058
PT [1 0 315 -50 2]
 P 238610 0 723703 41069358
PT [1 0 316 -50 2]
 P 239395 0 723706 41189658
PT [1 0 317 -50 2]
 P 239395 0 727096 41309958
PT [1 0 318 -50 2]
EMPTY QUEUE
 P 239406 0 730488 41431431
PT [1 0 319 -50 2]
EMPTY QUEUE
 P 242451 0 730504 41551735
PT [1 0 320 -50 2]
 P 242451 0 733894 41670858
PT [1 0 321 -50 2]
 P 244120 0 733897 41791158
PT [1 0 322 -50 2]
 P 244120 0 737287 41911458
PT [1 0 323 -50 2]
 P 244120 0 740677 42031758
PT [1 0 324 -50 2]
EMPTY QUEUE
 P 245564 0 740694 42153171
PT [1 0 325 -51 2]
 P 245564 0 744084 42272358
PT [1 0 326 -51 2]
 P 247938 0 744087 42392658
PT [1 0 327 -51 2]
 P 247938 0 747477 42512958
PT [1 0 328 -51 2]
 P 247938 0 750867 42633258
PT [1 0 329 -51 2]
EMPTY QUEUE
 P 248264 0 754266 42755726
PT [1 0 330 -52 2]
 P 249349 0 754274 42873858
PT [1 0 331 -52 2]
 P 249349 0 757664 42994158
PT [1 0 332 -52 2]
 P 251917 0 757667 43114458
PT [1 0 333 -52 2]
 P 251917 0 761057 43234758
PT [1 0 334 -52 2]
EMPTY QUEUE
 P 252245 0 764456 43355883
PT [1 0 335 -53 2]
 P 252245 0 767846 43475358
PT [1 0 336 -53 2]
 P 253682 0 767854 43595658
PT [1 0 337 -53 2]
 P 255068 0 767857 43715958
PT [1 0 338 -53 2]
 P 255068 0 771247 43836258
PT [1 0 339 -53 2]
EMPTY QUEUE
 P 255396 0 774645 43957575
PT [1 0 340 -53 2]
 P 255396 0 778035 44076858
PT [1 0 341 -53 2]
 P 255396 0 781425 44197158
PT [1 0 342 -53 2]
 P 257281 0 781433 44317458
PT [1 0 343 -53 2]
 P 259404 0 781436 44437758
PT [1 0 344 -53 2]
EMPTY QUEUE
 P 259731 0 784835 44558755
PT [1 0 345 -54 2]
 P 259731 0 788225 44678358
PT [1 0 346 -54 2]
 P 259731 0 791615 44798658
PT [1 0 347 -54 2]
 P 259731 0 795005 44918958
PT [1 0 348 -54 2]
 P 261552 0 795013 45039258
PT [1 0 349 -54 2]
 P 263773 0 795016 45159558
PT [1 0 350 -54 2]
EMPTY QUEUE
 P 264101 0 798415 45281772
PT [1 0 351 -55 2]
 P 264101 0 801805 45400158
PT [1 0 352 -55 2]
 P 264101 0 805195 45520458
PT [1 0 353 -55 2]
 P 264101 0 808585 45640758
PT [1 0 354 -55 2]
 P 265346 0 808593 45761058
PT [1 0 355 -55 2]
 P 266513 0 808596 45881358
PT [1 0 356 -55 2]
EMPTY QUEUE
 P 266839 0 811995 46004274
PT [1 0 357 -56 2]
 P 266839 0 815385 46121958
PT [1 0 358 -56 2]
 P 266839 0 818775 46242258
PT [1 0 359 -56 2]
 P 266839 0 822165 46362558
PT [1 0 360 -56 2]
 P 269044 0 822173 46482858
PT [1 0 361 -56 2]
 P 271589 0 822176 46603158
PT [1 0 362 -56 2]
EMPTY QUEUE
 P 271915 0 825575 46724218
PT [1 0 363 -57 2]
 P 271915 0 828965 46843758
PT [1 0 364 -57 2]
 P 271915 0 832355 46964058
PT [1 0 365 -57 2]
 P 274568 0 832363 47084358
PT [1 0 366 -57 2]
 P 276315 0 832366 47204658
PT [1 0 367 -57 2]
EMPTY QUEUE
 P 276642 0 835764 47327447
PT [1 0 368 -57 2]
 P 276642 0 839154 47445258
PT [1 0 369 -57 2]
 P 276642 0 842544 47565558
PT [1 0 370 -57 2]
 P 279231 0 842552 47685858
PT [1 0 371 -57 2]
 P 280147 0 842555 47806158
PT [1 0 372 -57 2]
EMPTY QUEUE
 P 280212 0 848517 47930417
PT [1 0 373 -57 2]
EMPTY QUEUE
 P 280539 0 851915 48048031
PT [1 0 374 -58 2]
 P 280539 0 855305 48167058
PT [1 0 375 -58 2]
 P 280539 0 858695 48287358
PT [1 0 376 -58 2]
 P 281585 0 858698 48407658
PT [1 0 377 -58 2]
 P 283886 0 858706 48527958
PT [1 0 378 -58 2]
EMPTY QUEUE
 P 284213 0 862105 48649211
PT [1 0 379 -59 2]
 P 284213 0 865495 48768558
PT [1 0 380 -59 2]
 P 284213 0 868885 48888858
PT [1 0 381 -59 2]
 P 286124 0 868888 49009158
PT [1 0 382 -59 2]
 P 288617 0 868896 49129458
PT [1 0 383 -59 2]
EMPTY QUEUE
 P 288943 0 872295 49251926
PT [1 0 384 -60 2]
 P 288943 0 875685 49370058
PT [1 0 385 -60 2]
 P 288943 0 879075 49490358
PT [1 0 386 -60 2]
 P 290280 0 879078 49610658
PT [1 0 387 -60 2]
 P 292453 0 879088 49730958
PT [1 0 388 -60 2]
EMPTY QUEUE
 P 292780 0 882486 49852082
PT [1 0 389 -61 2]
 P 292780 0 885876 49971558
PT [1 0 390 -61 2]
 P 292780 0 889266 50091858
PT [1 0 391 -61 2]
 P 295078 0 889269 50212158
PT [1 0 392 -61 2]
 P 296835 0 889279 50332458
PT [1 0 393 -61 2]
EMPTY QUEUE
 P 297162 0 892679 50453776
PT [1 0 394 -61 2]
 P 297162 0 896069 50573058
PT [1 0 395 -61 2]
 P 297162 0 899459 50693358
PT [1 0 396 -61 2]
 P 297162 0 902849 50813658
PT [1 0 397 -61 2]
 P 297862 0 902852 50933958
PT [1 0 398 -61 2]
EMPTY QUEUE
 P 300490 0 902869 51054955
PT [1 0 399 -62 2]
 P 300490 0 906259 51174558
PT [1 0 400 -62 2]
 P 300490 0 909649 51294858
PT [1 0 401 -62 2]
 P 300490 0 913039 51415158
PT [1 0 402 -62 2]
 P 302184 0 913042 51535458
PT [1 0 403 -62 2]
EMPTY QUEUE
 P 305004 0 913060 51657670
PT [1 0 404 -63 2]
 P 305004 0 916450 51776058
PT [1 0 405 -63 2]
 P 305004 0 919840 51896358
PT [1 0 406 -63 2]
 P 305004 0 923230 52016658
PT [1 0 407 -63 2]
 P 305004 0 926620 52136958
PT [1 0 408 -63 2]
 P 306028 0 926623 52257258
PT [1 0 409 -63 2]
EMPTY QUEUE
 P 308657 0 926640 52380176
PT [1 0 410 -64 2]
 P 308657 0 930030 52497858
PT [1 0 411 -64 2]
 P 308657 0 933420 52618158
PT [1 0 412 -64 2]
 P 308657 0 936810 52738458
PT [1 0 413 -64 2]
 P 308657 0 940200 52858758
PT [1 0 414 -64 2]
 P 309714 0 940204 52979058
PT [1 0 415 -64 2]
EMPTY QUEUE
 P 312534 0 940221 53100119
PT [1 0 416 -64 2]
 P 312534 0 943611 53219658
PT [1 0 417 -64 2]
 P 312534 0 947001 53339958
PT [1 0 418 -64 2]
 P 312534 0 950391 53460258
PT [1 0 419 -64 2]
 P 313273 0 950394 53580558
PT [1 0 420 -64 2]
EMPTY QUEUE
 P 315935 0 950410 53703347
PT [1 0 421 -65 2]
 P 315935 0 953800 53821158
PT [1 0 422 -65 2]
 P 315935 0 957190 53941458
PT [1 0 423 -65 2]
 P 315935 0 960580 54061758
PT [1 0 424 -65 2]
 P 317892 0 960583 54182058
PT [1 0 425 -65 2]
EMPTY QUEUE
 P 319976 0 960601 54304015
PT [1 0 426 -66 2]
 P 319976 0 963991 54422658
PT [1 0 427 -66 2]
 P 319976 0 967381 54542958
PT [1 0 428 -66 2]
 P 319976 0 970771 54663258
PT [1 0 429 -66 2]
 P 319976 0 974161 54783558
PT [1 0 430 -66 2]
 P 321518 0 974165 54903858
PT [1 0 431 -66 2]
EMPTY QUEUE
 P 324146 0 974183 55026518
PT [1 0 432 -67 2]
 P 324146 0 977573 55144458
PT [1 0 433 -67 2]
 P 324146 0 980963 55264758
PT [1 0 434 -67 2]
 P 324146 0 984353 55385058
PT [1 0 435 -67 2]
 P 324890 0 984356 55505358
PT [1 0 436 -67 2]
EMPTY QUEUE
 P 327616 0 984372 55628210
PT [1 0 437 -68 2]
 P 327616 0 987762 55745958
PT [1 0 438 -68 2]
 P 327616 0 991152 55866258
PT [1 0 439 -68 2]
 P 327616 0 994542 55986558
PT [1 0 440 -68 2]
 P 329578 0 994545 56106858
PT [1 0 441 -68 2]
EMPTY QUEUE
 P 331247 0 994563 56229392
PT [1 0 442 -68 2]
 P 331247 0 997953 56347458
PT [1 0 443 -68 2]
 P 331247 0 1001343 56467758
PT [1 0 444 -68 2]
 P 331247 0 1004733 56588058
PT [1 0 445 -68 2]
 P 333914 0 1004736 56708358
PT [1 0 446 -68 2]
EMPTY QUEUE
 P 336285 0 1004753 56830058
PT [1 0 447 -69 2]
 P 336285 0 1008143 56948958
PT [1 0 448 -69 2]
 P 336285 0 1011533 57069258
PT [1 0 449 -69 2]
 P 336285 0 1014923 57189558
PT [1 0 450 -69 2]
 P 337002 0 1014926 57309858
PT [1 0 451 -69 2]
EMPTY QUEUE
 P 339630 0 1014943 57432262
PT [1 0 452 -70 2]
 P 339630 0 1018333 57550458
PT [1 0 453 -70 2]
 P 339630 0 1021723 57670758
PT [1 0 454 -70 2]
 P 339630 0 1025113 57791058
PT [1 0 455 -70 2]
 P 340700 0 1025116 57911358
PT [1 0 456 -70 2]
EMPTY QUEUE
 P 343521 0 1025132 58033955
PT [1 0 457 -70 2]
 P 343521 0 1028522 58151958
PT [1 0 458 -70 2]
 P 343521 0 1031912 58272258
PT [1 0 459 -70 2]
 P 343521 0 1035302 58392558
PT [1 0 460 -70 2]
 P 344273 0 1035306 58512858
PT [1 0 461 -70 2]
EMPTY QUEUE
 P 344600 0 1038704 58635359
PT [1 0 462 -71 2]
 P 346933 0 1038712 58753458
PT [1 0 463 -71 2]
 P 346933 0 1042102 58873758
PT [1 0 464 -71 2]
