using saved target 'z1'
../../../../contiki/tools/sky/serialdump-linux -b115200 /dev/ttyUSB1
connecting to /dev/ttyUSB1 (115200) [OK]
Rime started with address 2.0
MAC 02:00:00:00:00:00:00:00 Ref ID: 4841
Contiki-3.x-2125-g5d67a61 started. Node id is set to 2.

************************************************
RTIMER_SECOND = 32768. F_CPU=8000000.
CLOCK_SECOND=128.
DURSLOT = 6015.(0.1835 s).
DURSLEEP = 114285.
DURCYCLE = 120300 .(3.6712 s).
MAX_CLOCK_DRIFT = WAKEUP_ADVANCE_TIME = 327 (0.0033 s).
PERIODIC_BCAST_CYCLES_SENSOR = 983043.
PERIODIC_BCAST_CYCLES_SINK = 983043.
MAX_CYCLE_COUNTER = 27904.
MAX_COUNT_NO_RTS_CTS = 65535.
MAX_CHILD_NUM = 10.
MAX_TRY_TO_FIND_PARENT = 3.

**********Below is Related Settings**********
PRIMAC_CONF_COMPOWER = 1.
PRIMAC_CONF_COMPOWER_SUPPORT = 1.
SF = 18.
PRI_SYNC_SUPPORT = 1.
RANDOM_DRIFT_IN_COOJA_SUPPORT = 0.
ADCSC_SUPPORT = 0.
DATA_TX_SUPPORT = 1.
CYCLES_PER_PACKET = 3.
DATA_INTERVAL = 3.
RETX_LIMIT = 6.
TOTAL_DATA_NUM = 50.
MAX_DATA_QUEUE_BUFS = 10.
PROC_GRADE_BASED_ON_ADDR_SUPPORT = 1.
NODES_NUM_PER_GRADE = 2.
ADDRESS_FREE_SUPPORT = 0.
IS_COOJA_SIM = 0.
CROSS_PLATFORM_SUPPORT = 1.
************************************************

My address is 2.0.
nullmac PRIMAC, channel check rate 8 Hz, radio channel 26
Starting
Hello, world
 P 0 0 0 1972160
 P 0 0 3390 2092460
 P 0 0 6780 2212760
 P 0 0 10231 2333897
 P 0 0 13621 2453360
 P 0 0 17011 2573660
 P 0 0 20401 2693960
 P 0 0 23791 2814260
EMPTY QUEUE
 P 65 0 29753 2939447
EMPTY QUEUE
 P 132 0 35715 3058436
EMPTY QUEUE
 P 2816 0 36789 3176465
PT [1 0 1 -4 2]
 P 3639 0 39356 3295460
PT [1 0 2 -4 2]
 P 3639 0 42746 3415760
PT [1 0 3 -4 2]
 P 3639 0 46136 3536060
PT [1 0 4 -4 2]
 P 3639 0 49526 3656360
PT [1 0 5 -4 2]
rcv bro rts
EMPTY QUEUE
 P 6300 0 49575 3777613
PT [1 0 6 -5 2]
 P 8346 0 49579 3896960
PT [1 0 7 -5 2]
 P 8346 0 52969 4017260
PT [1 0 8 -5 2]
 P 8346 0 56359 4137560
PT [1 0 9 -5 2]
 P 8346 0 59749 4257860
PT [1 0 10 -5 2]
EMPTY QUEUE
 P 10014 0 59766 4380328
PT [1 0 11 -6 2]
 P 10014 0 63156 4498460
PT [1 0 12 -6 2]
 P 11646 0 63159 4618760
PT [1 0 13 -6 2]
 P 11646 0 66549 4739060
PT [1 0 14 -6 2]
 P 11646 0 69939 4859360
PT [1 0 15 -6 2]
EMPTY QUEUE
 P 11972 0 73338 4982244
PT [1 0 16 -7 2]
 P 14018 0 73346 5099960
PT [1 0 17 -7 2]
 P 16099 0 73349 5220260
PT [1 0 18 -7 2]
 P 16099 0 76739 5340560
PT [1 0 19 -7 2]
 P 16099 0 80129 5460860
PT [1 0 20 -7 2]
EMPTY QUEUE
 P 16426 0 83527 5582656
PT [1 0 21 -8 2]
 P 16426 0 86917 5701460
PT [1 0 22 -8 2]
 P 18477 0 86920 5821760
PT [1 0 23 -8 2]
 P 20779 0 86928 5942060
PT [1 0 24 -8 2]
 P 22729 0 86936 6062360
PT [1 0 25 -8 2]
EMPTY QUEUE
 P 23057 0 90334 6183837
PT [1 0 26 -8 2]
 P 23057 0 93724 6302960
PT [1 0 27 -8 2]
 P 25461 0 93727 6423260
PT [1 0 28 -8 2]
 P 25461 0 97117 6543560
PT [1 0 29 -8 2]
 P 27860 0 97125 6663860
PT [1 0 30 -8 2]
EMPTY QUEUE
 P 28188 0 100523 6785273
PT [1 0 31 -9 2]
 P 28188 0 103913 6904460
PT [1 0 32 -9 2]
 P 28993 0 103916 7024760
PT [1 0 33 -9 2]
 P 28993 0 107306 7145060
PT [1 0 34 -9 2]
 P 31327 0 107314 7265360
PT [1 0 35 -9 2]
EMPTY QUEUE
 P 31655 0 110712 7388246
PT [1 0 36 -10 2]
 P 31655 0 114102 7505960
PT [1 0 37 -10 2]
 P 34446 0 114105 7626260
PT [1 0 38 -10 2]
 P 35605 0 114108 7746560
PT [1 0 39 -10 2]
 P 35605 0 117498 7866860
PT [1 0 40 -10 2]
EMPTY QUEUE
 P 37689 0 117515 7988656
PT [1 0 41 -11 2]
 P 37689 0 120905 8107460
PT [1 0 42 -11 2]
 P 37689 0 124295 8227760
PT [1 0 43 -11 2]
 P 38529 0 124298 8348060
PT [1 0 44 -11 2]
 P 38529 0 127688 8468360
PT [1 0 45 -11 2]
EMPTY QUEUE
 P 41574 0 127706 8590605
PT [1 0 46 -12 2]
 P 41574 0 131096 8708960
PT [1 0 47 -12 2]
 P 41574 0 134486 8829260
PT [1 0 48 -12 2]
 P 43024 0 134489 8949560
PT [1 0 49 -12 2]
 P 43024 0 137879 9069860
PT [1 0 50 -12 2]
EMPTY QUEUE
 P 44468 0 137896 9192040
PT [1 0 51 -13 2]
 P 44468 0 141286 9310460
PT [1 0 52 -13 2]
 P 44468 0 144676 9430760
PT [1 0 53 -13 2]
 P 45375 0 144679 9551060
PT [1 0 54 -13 2]
 P 45375 0 148069 9671360
PT [1 0 55 -13 2]
EMPTY QUEUE
 P 46756 0 148086 9792964
PT [1 0 56 -14 2]
 P 46756 0 151476 9911960
PT [1 0 57 -14 2]
 P 46756 0 154866 10032260
PT [1 0 58 -14 2]
 P 49392 0 154870 10152560
PT [1 0 59 -14 2]
 P 49392 0 158260 10272860
PT [1 0 60 -14 2]
EMPTY QUEUE
 P 51985 0 160840 10397728
PT [1 0 61 -14 2]
EMPTY QUEUE
 P 52311 0 164239 10514732
PT [1 0 62 -15 2]
 P 52311 0 167629 10633760
PT [1 0 63 -15 2]
 P 54117 0 167632 10754060
PT [1 0 64 -15 2]
 P 54117 0 171022 10874360
PT [1 0 65 -15 2]
 P 54117 0 174412 10994660
PT [1 0 66 -15 2]
EMPTY QUEUE
 P 56426 0 174428 11115912
PT [1 0 67 -16 2]
 P 56426 0 177818 11235260
PT [1 0 68 -16 2]
 P 56426 0 181208 11355560
PT [1 0 69 -16 2]
 P 57561 0 181211 11475860
PT [1 0 70 -16 2]
 P 57561 0 184601 11596160
PT [1 0 71 -16 2]
EMPTY QUEUE
 P 57888 0 187999 11717573
PT [1 0 72 -16 2]
 P 59709 0 188008 11836760
PT [1 0 73 -16 2]
 P 59776 0 193970 11961948
PT [1 0 74 -16 2]
 P 62052 343 193990 12078778
PT [1 0 75 -17 2]
 P 64437 343 193993 12197660
PT [1 0 76 -17 2]
 P 65958 343 193996 12317960
PT [1 0 77 -17 2]
 P 66904 343 193999 12438260
PT [1 0 78 -17 2]
 P 69533 685 194019 12559915
PT [1 0 79 -18 2]
 P 72297 757 194039 12680374
PT [1 0 80 -18 2]
 P 74924 1099 194060 12800354
PT [1 0 81 -18 2]
 P 77746 1171 194080 12921872
PT [1 0 82 -17 2]
 P 78917 1171 194083 13039760
PT [1 0 83 -17 2]
 P 79769 1171 194086 13160060
PT [1 0 84 -17 2]
 P 81804 1171 194090 13280360
PT [1 0 85 -17 2]
 P 84081 1243 194110 13402175
PT [1 0 86 -19 2]
 P 86356 1315 194130 13522154
PT [1 0 87 -19 2]
 P 87816 1315 194133 13641260
PT [1 0 88 -19 2]
 P 90541 1387 194152 13763970
PT [1 0 89 -19 2]
 P 92194 1387 194155 13881860
PT [1 0 90 -19 2]
 P 94822 1459 194175 14003226
PT [1 0 91 -20 2]
 P 97449 1531 194195 14123718
PT [1 0 92 -20 2]
 P 100076 1603 194214 14243698
PT [1 0 93 -20 2]
 P 102705 1675 194232 14365215
PT [1 0 94 -20 2]
 P 105334 1747 194250 14486218
PT [1 0 95 -20 2]
 P 107962 1819 194268 14604662
PT [1 0 96 -21 2]
Warning: data sending process fails.
 P 110590 1884 194392 14726787
PT [1 0 97 -21 2]
 P 113217 1956 194411 14846158
PT [1 0 98 -21 2]
 P 115845 2028 194430 14967162
PT [1 0 99 -21 2]
 P 118474 2100 194448 15086376
PT [1 0 100 -21 2]
 P 120750 2172 194466 15206354
PT [1 0 101 -21 2]
 P 122854 2172 194469 15325460
PT [1 0 102 -21 2]
 P 125577 2244 194488 15448170
PT [1 0 103 -22 2]
 P 127618 2244 194491 15566060
PT [1 0 104 -22 2]
 P 130277 2316 194511 15687427
PT [1 0 105 -22 2]
 P 131742 2316 194514 15806660
PT [1 0 106 -22 2]
 P 133826 2388 194532 15928218
PT [1 0 107 -22 2]
 P 135484 2388 194535 16047260
PT [1 0 108 -22 2]
 P 138529 2460 194554 16168499
PT [1 0 109 -23 2]
 P 139707 2460 194557 16287860
PT [1 0 110 -23 2]
 P 141150 2532 194576 16410314
PT [1 0 111 -23 2]
 P 142009 2532 194579 16528460
PT [1 0 112 -23 2]
 P 143073 2532 194589 16651053
PT [1 0 113 -23 2]
 P 145148 2532 194592 16769060
PT [1 0 114 -23 2]
 P 147999 2604 194611 16890778
PT [1 0 115 -24 2]
 P 149659 2604 194614 17009660
PT [1 0 116 -24 2]
 P 151424 2676 194633 17131316
PT [1 0 117 -24 2]
 P 153532 2676 194637 17250260
PT [1 0 118 -24 2]
 P 155483 2676 197217 17375447
PT [1 0 119 -24 2]
 P 157528 2676 197220 17490860
PT [1 0 120 -24 2]
 P 159676 2748 197239 17612579
PT [1 0 121 -25 2]
 P 161146 2748 197242 17731460
PT [1 0 122 -25 2]
 P 162718 2820 197261 17853115
PT [1 0 123 -25 2]
 P 163045 2892 200661 17974471
PT [1 0 124 -25 2]
 P 165577 2964 200679 18093426
PT [1 0 125 -25 2]
 P 166761 2964 200682 18212660
PT [1 0 126 -25 2]
Warning: data sending process fails.
 P 169742 3029 200805 18334316
PT [1 0 127 -25 2]
 P 172658 3101 200824 18454198
PT [1 0 128 -26 2]
 P 172723 3101 206786 18577743
PT [1 0 129 -26 2]
 P 173587 3101 206789 18693860
PT [1 0 130 -26 2]
 P 175863 3173 206807 18815578
PT [1 0 131 -26 2]
 P 177527 3173 206810 18934460
PT [1 0 132 -26 2]
 P 180250 3245 206829 19056114
PT [1 0 133 -27 2]
 P 181435 3245 206832 19175060
PT [1 0 134 -27 2]
 P 183779 3245 206842 19297621
PT [1 0 135 -27 2]
 P 184644 3245 206847 19415660
PT [1 0 136 -27 2]
 P 186466 3245 206857 19536868
PT [1 0 137 -27 2]
 P 188548 3245 206860 19656260
PT [1 0 138 -27 2]
Warning: data sending process fails.
 P 191591 3310 206984 19778075
PT [1 0 139 -28 2]
 P 194377 3310 206988 19896860
PT [1 0 140 -28 2]
 P 195822 3382 207007 20018515
PT [1 0 141 -28 2]
 P 196753 3382 207010 20137460
PT [1 0 142 -28 2]
 P 198134 3454 207028 20260586
PT [1 0 143 -28 2]
 P 200794 3454 207031 20378060
PT [1 0 144 -28 2]
 P 203646 3526 207050 20500098
PT [1 0 145 -29 2]
 P 205474 3526 207053 20618660
PT [1 0 146 -29 2]
 P 207239 3598 207072 20741147
PT [1 0 147 -29 2]
 P 209772 3598 207075 20859260
PT [1 0 148 -29 2]
 P 211984 3670 207093 20981682
PT [1 0 149 -30 2]
 P 214709 3670 207096 21099860
PT [1 0 150 -30 2]
 P 214774 3670 213058 21224375
PT [1 0 151 -30 2]
 P 217048 3742 213078 21341878
PT [1 0 152 -30 2]
 P 219454 3742 213081 21460760
PT [1 0 153 -30 2]
 P 222178 3814 213100 21582414
PT [1 0 154 -30 2]
 P 223643 3814 213103 21701360
PT [1 0 155 -30 2]
 P 226301 3886 213123 21824486
PT [1 0 156 -31 2]
 P 227382 3886 213126 21941960
PT [1 0 157 -31 2]
 P 230009 3958 213146 22063998
PT [1 0 158 -31 2]
 P 232637 4030 213167 22184748
PT [1 0 159 -31 2]
 P 235456 4102 213186 22304982
PT [1 0 160 -31 2]
 P 236218 4102 213189 22423160
PT [1 0 161 -31 2]
 P 236545 4174 216590 22545614
PT [1 0 162 -32 2]
 P 238504 4444 216602 22666053
PT [1 0 163 -32 2]
 P 240483 4444 216605 22784060
PT [1 0 164 -32 2]
 P 243111 4516 216625 22905779
PT [1 0 165 -32 2]
 P 245931 4858 216645 23026014
PT [1 0 166 -32 2]
 P 247495 4858 216648 23144960
PT [1 0 167 -32 2]
 P 250122 5200 216669 23268086
PT [1 0 168 -33 2]
 P 252941 5542 216690 23387298
PT [1 0 169 -33 2]
 P 254954 5542 216693 23505860
PT [1 0 170 -33 2]
 P 257453 5884 216713 23628347
PT [1 0 171 -33 2]
 P 259018 5884 216716 23746460
PT [1 0 172 -33 2]
 P 260685 6227 216735 23868882
PT [1 0 173 -34 2]
 P 262251 6227 216738 23987060
PT [1 0 174 -34 2]
 P 264621 6569 216758 24108906
PT [1 0 175 -34 2]
 P 266635 6569 216761 24227660
PT [1 0 176 -34 2]
 P 269262 6912 216783 24350469
PT [1 0 177 -34 2]
 P 271890 7254 216802 24469166
PT [1 0 178 -34 2]
 P 274710 7596 216821 24591450
PT [1 0 179 -35 2]
 P 276277 7596 216824 24708860
PT [1 0 180 -35 2]
 P 278775 7938 216844 24831474
PT [1 0 181 -35 2]
 P 280791 7938 216847 24949460
PT [1 0 182 -35 2]
 P 283419 8280 216867 25070987
PT [1 0 183 -35 2]
 P 286045 8622 216886 25191734
PT [1 0 184 -35 2]
 P 288672 8965 216905 25311970
PT [1 0 185 -36 2]
 P 291298 9307 216925 25431694
PT [1 0 186 -36 2]
 P 293925 9650 216944 25552954
PT [1 0 187 -36 2]
 P 296551 9993 216963 25673702
PT [1 0 188 -36 2]
 P 299178 10336 216981 25793939
PT [1 0 189 -36 2]
 P 301543 10607 216991 25913152
PT [1 0 190 -36 2]
 P 304172 10679 217009 26033578
PT [1 0 191 -37 2]
Warning: data sending process fails.
 P 306744 10744 217133 26154072
PT [1 0 192 -38 2]
 P 309370 11088 217152 26273955
PT [1 0 193 -38 2]
 P 311996 11431 217171 26395471
PT [1 0 194 -38 2]
 P 314622 11774 217189 26514429
PT [1 0 195 -38 2]
 P 317248 12117 217207 26634919
PT [1 0 196 -38 2]
 P 319873 12460 217225 26754899
PT [1 0 197 -39 2]
 P 322498 12803 217245 26876416
PT [1 0 198 -39 2]
 P 325123 13146 217264 26997419
PT [1 0 199 -39 2]
 P 327748 13489 217283 27115863
PT [1 0 200 -39 2]
 P 330374 13832 217303 27237893
PT [1 0 201 -39 2]
 P 333000 14176 217322 27357359
PT [1 0 202 -39 2]
 P 335818 14519 217340 27478363
PT [1 0 203 -40 2]
 P 336911 14519 217343 27596061
PT [1 0 204 -40 2]
 P 339408 14862 217362 27719155
PT [1 0 205 -40 2]
 P 340181 14862 217366 27836661
PT [1 0 206 -40 2]
 P 341848 15205 217384 27959436
PT [1 0 207 -40 2]
 P 344219 15548 217402 28078903
PT [1 0 208 -40 2]
 P 346177 15548 217405 28197561
PT [1 0 209 -40 2]
 P 348451 15891 217424 28320207
PT [1 0 210 -41 2]
 P 351173 16234 217443 28440699
PT [1 0 211 -41 2]
 P 352556 16234 217446 28558461
PT [1 0 212 -41 2]
 P 355183 16577 217464 28680981
PT [1 0 213 -41 2]
 P 358002 16920 217482 28800447
PT [1 0 214 -41 2]
 P 360500 17263 217500 28921451
PT [1 0 215 -42 2]
 P 362844 17263 217503 29039661
PT [1 0 216 -42 2]
 P 364509 17606 217523 29162244
PT [1 0 217 -42 2]
 P 366086 17606 217526 29280261
PT [1 0 218 -42 2]
 P 366151 17606 223488 29403784
PT [1 0 219 -42 2]
 P 368176 17606 223491 29520861
PT [1 0 220 -42 2]
 P 370451 17949 223509 29642579
PT [1 0 221 -43 2]
 P 372413 17949 223512 29761461
PT [1 0 222 -43 2]
 P 374873 18221 223522 29882605
PT [1 0 223 -43 2]
 P 376259 18221 223525 30002061
PT [1 0 224 -43 2]
 P 378885 18293 223546 30123781
PT [1 0 225 -43 2]
 P 381703 18636 223565 30244015
PT [1 0 226 -43 2]
 P 383282 18636 223568 30362961
PT [1 0 227 -43 2]
 P 385907 18978 223589 30486087
PT [1 0 228 -44 2]
 P 388724 19321 223608 30605299
PT [1 0 229 -44 2]
 P 390752 19321 223611 30723861
PT [1 0 230 -44 2]
 P 393250 19663 223631 30846348
PT [1 0 231 -44 2]
 P 395215 19663 223634 30964461
PT [1 0 232 -44 2]
 P 396883 20005 223653 31086884
PT [1 0 233 -45 2]
 P 398272 20005 223656 31205061
PT [1 0 234 -45 2]
Warning: data sending process fails.
 P 400640 20340 223782 31327004
PT [1 0 235 -45 2]
 P 401742 20340 223785 31445661
PT [1 0 236 -45 2]
 P 402069 20412 227185 31568820
PT [1 0 237 -45 2]
 P 404343 20754 227206 31687263
PT [1 0 238 -45 2]
 P 405125 20754 227210 31806561
PT [1 0 239 -45 2]
 P 407845 21096 227231 31929591
PT [1 0 240 -46 2]
 P 409844 21096 227234 32047161
PT [1 0 241 -46 2]
 P 412502 21440 227254 32169360
PT [1 0 242 -46 2]
 P 415206 21440 227257 32287761
PT [1 0 243 -46 2]
 P 417288 21782 227277 32410663
PT [1 0 244 -46 2]
 P 418136 21782 227280 32528361
PT [1 0 245 -46 2]
 P 421177 22124 227301 32651455
PT [1 0 246 -47 2]
 P 423755 22124 227304 32768961
PT [1 0 247 -47 2]
 P 425196 22466 227324 32891736
PT [1 0 248 -47 2]
 P 426781 22466 227327 33009561
PT [1 0 249 -47 2]
 P 429406 22810 227346 33131503
PT [1 0 250 -47 2]
 P 432222 23152 227366 33252507
PT [1 0 251 -48 2]
 P 434256 23152 227369 33370461
PT [1 0 252 -48 2]
 P 436880 23494 227389 33493299
PT [1 0 253 -48 2]
 P 439696 23836 227409 33613279
PT [1 0 254 -48 2]
 P 441283 23836 227412 33731361
PT [1 0 255 -48 2]
 P 443909 24178 227431 33853047
PT [1 0 256 -48 2]
 P 444235 24250 230833 33973764
PT [1 0 257 -49 2]
 P 446858 24592 230853 34095023
PT [1 0 258 -49 2]
 P 449482 24664 230872 34214075
PT [1 0 259 -49 2]
 P 452105 25006 230892 34334055
PT [1 0 260 -49 2]
 P 454675 25078 230910 34454676
PT [1 0 261 -49 2]
 P 457300 25420 230928 34574655
PT [1 0 262 -49 2]
 P 457628 25492 234328 34695115
PT [1 0 263 -50 2]
 P 457695 25492 240290 34818533
PT [1 0 264 -50 2]
 P 458021 25564 243691 34935875
PT [1 0 265 -50 2]
 P 458086 25564 249653 35058140
PT [1 0 266 -50 2]
 P 460710 25636 249671 35176380
PT [1 0 267 -50 2]
 P 461038 25708 253071 35296455
PT [1 0 268 -50 2]
 P 461049 25708 256463 35416350
PT [1 0 269 -50 2]
 P 463322 26050 256482 35537279
PT [1 0 270 -51 2]
 P 466042 26392 256501 35657515
PT [1 0 271 -51 2]
 P 467633 26392 256505 35776461
PT [1 0 272 -51 2]
 P 470290 26734 256523 35899588
PT [1 0 273 -51 2]
 P 472330 26734 256526 36017061
PT [1 0 274 -51 2]
 P 472657 26806 259927 36138427
PT [1 0 275 -52 2]
 P 472722 26806 265889 36261460
PT [1 0 276 -52 2]
 P 474994 27148 265908 36379379
PT [1 0 277 -52 2]
 P 476107 27148 265911 36498261
PT [1 0 278 -52 2]
 P 478829 27490 265929 36619915
PT [1 0 279 -52 2]
 P 481487 27832 265947 36741687
PT [1 0 280 -52 2]
 P 481815 27904 269347 36860227
PT [1 0 281 -53 2]
 P 483896 28248 269366 36980719
PT [1 0 282 -53 2]
 P 485490 28248 269370 37099761
PT [1 0 283 -53 2]
 P 485490 28248 272760 37220061
PT [1 0 284 -53 2]
 P 487533 28248 272763 37340361
PT [1 0 285 -53 2]
 P 489512 28248 272766 37460661
PT [1 0 286 -53 2]
 P 490916 28248 272769 37580961
PT [1 0 287 -53 2]
 P 493280 28248 272772 37701261
PT [1 0 288 -53 2]
 P 494044 28248 272775 37821561
PT [1 0 289 -53 2]
EMPTY QUEUE
 P 496608 28248 272792 37942560
PT [1 0 290 -53 2]
 P 499357 28248 272795 38062161
PT [1 0 291 -53 2]
 P 501530 28248 272798 38182461
PT [1 0 292 -53 2]
 P 502615 28248 272801 38302761
PT [1 0 293 -53 2]
 P 503732 28248 272805 38423061
PT [1 0 294 -53 2]
 P 504850 28248 272808 38543361
PT [1 0 295 -53 2]
EMPTY QUEUE
 P 507091 28248 272825 38665574
PT [1 0 296 -55 2]
 P 507091 28248 276215 38783961
PT [1 0 297 -55 2]
 P 508210 28248 276218 38904261
PT [1 0 298 -55 2]
 P 509010 28248 276221 39024561
PT [1 0 299 -55 2]
 P 511025 28248 276224 39144861
PT [1 0 300 -55 2]
 P 513744 28248 276227 39265161
PT [1 0 301 -55 2]
 P 514609 28248 276230 39385461
PT [1 0 302 -55 2]
EMPTY QUEUE
 P 517457 28248 276247 39508378
PT [1 0 303 -56 2]
 P 520049 28248 276250 39626061
PT [1 0 304 -56 2]
 P 521809 28248 276254 39746361
PT [1 0 305 -56 2]
 P 524274 28248 276257 39866661
PT [1 0 306 -56 2]
 P 526931 28248 276260 39986961
PT [1 0 307 -56 2]
 P 528052 28248 276263 40107261
PT [1 0 308 -56 2]
EMPTY QUEUE
 P 529813 28248 276280 40228322
PT [1 0 309 -57 2]
 P 530615 28248 276283 40347861
PT [1 0 310 -57 2]
 P 531737 28248 276286 40468161
PT [1 0 311 -57 2]
 P 532541 28248 276289 40588461
PT [1 0 312 -57 2]
 P 534560 28248 276292 40708761
PT [1 0 313 -57 2]
 P 537174 28248 276295 40829061
PT [1 0 314 -57 2]
EMPTY QUEUE
 P 539383 28248 276312 40951850
PT [1 0 315 -58 2]
 P 540141 28248 276316 41069661
PT [1 0 316 -58 2]
 P 542628 28248 276319 41189961
PT [1 0 317 -58 2]
 P 544283 28248 276322 41310261
PT [1 0 318 -58 2]
 P 546642 28248 276325 41430561
PT [1 0 319 -58 2]
 P 549194 28248 276328 41550861
PT [1 0 320 -58 2]
EMPTY QUEUE
 P 549259 28248 282290 41676112
PT [1 0 321 -58 2]
 P 550691 28248 282293 41791461
PT [1 0 322 -58 2]
 P 552923 28248 282296 41911761
PT [1 0 323 -58 2]
 P 554292 28248 282299 42032061
PT [1 0 324 -58 2]
 P 555085 28248 282302 42152361
PT [1 0 325 -58 2]
EMPTY QUEUE
 P 555413 28248 285701 42273934
PT [1 0 326 -60 2]
 P 557359 28248 285710 42392961
PT [1 0 327 -60 2]
 P 559465 28248 285713 42513261
PT [1 0 328 -60 2]
 P 561219 28248 285716 42633561
PT [1 0 329 -60 2]
 P 563421 28248 285719 42753861
PT [1 0 330 -60 2]
 P 565560 28248 285722 42874161
PT [1 0 331 -60 2]
EMPTY QUEUE
 P 565887 28248 289121 42995414
PT [1 0 332 -61 2]
 P 567832 28248 289129 43114761
PT [1 0 333 -61 2]
 P 568979 28248 289132 43235061
PT [1 0 334 -61 2]
 P 568979 28248 292522 43355361
PT [1 0 335 -61 2]
 P 568979 28248 295912 43475661
PT [1 0 336 -61 2]
EMPTY QUEUE
 P 569305 28248 299311 43598129
PT [1 0 337 -62 2]
 P 571698 28248 299319 43716261
PT [1 0 338 -62 2]
 P 571698 28248 302709 43836561
PT [1 0 339 -62 2]
 P 574223 28248 302712 43956861
PT [1 0 340 -62 2]
 P 574223 28248 306102 44077161
PT [1 0 341 -62 2]
EMPTY QUEUE
 P 574234 28248 309494 44197962
PT [1 0 342 -62 2]
EMPTY QUEUE
 P 574560 28248 312893 44319033
PT [1 0 343 -63 2]
 P 575897 28248 312901 44438061
PT [1 0 344 -63 2]
 P 575897 28248 316291 44558361
PT [1 0 345 -63 2]
 P 577624 28248 316294 44678661
PT [1 0 346 -63 2]
 P 577624 28248 319684 44798961
PT [1 0 347 -63 2]
EMPTY QUEUE
 P 577951 28248 323083 44920213
PT [1 0 348 -64 2]
 P 577951 28248 326473 45039561
PT [1 0 349 -64 2]
 P 580664 28248 326481 45159861
PT [1 0 350 -64 2]
 P 580664 28248 329871 45280161
PT [1 0 351 -64 2]
 P 583000 28248 329874 45400461
PT [1 0 352 -64 2]
EMPTY QUEUE
 P 583326 28248 333273 45522929
PT [1 0 353 -65 2]
 P 583326 28248 336663 45641061
PT [1 0 354 -65 2]
 P 583326 28248 340053 45761361
PT [1 0 355 -65 2]
 P 585239 28248 340061 45881661
PT [1 0 356 -65 2]
 P 585239 28248 343451 46001961
PT [1 0 357 -65 2]
 P 587033 28248 343454 46122261
PT [1 0 358 -65 2]
EMPTY QUEUE
 P 587360 28248 346853 46243385
PT [1 0 359 -66 2]
 P 587360 28248 350243 46362861
PT [1 0 360 -66 2]
 P 587360 28248 353633 46483161
PT [1 0 361 -66 2]
 P 589881 28248 353641 46603461
PT [1 0 362 -66 2]
 P 589881 28248 357031 46723761
PT [1 0 363 -66 2]
 P 591357 28248 357034 46844061
PT [1 0 364 -66 2]
 P 592865 28248 357037 46964361
PT [1 0 365 -66 2]
EMPTY QUEUE
 P 593191 28248 360436 47085677
PT [1 0 366 -67 2]
 P 593191 28248 363826 47204961
PT [1 0 367 -67 2]
 P 595168 28248 363834 47325261
PT [1 0 368 -67 2]
 P 595168 28248 367224 47445561
PT [1 0 369 -67 2]
 P 595877 28248 367227 47565861
PT [1 0 370 -67 2]
EMPTY QUEUE
 P 596203 28248 370626 47686857
PT [1 0 371 -68 2]
 P 596203 28248 374016 47806461
PT [1 0 372 -68 2]
 P 597860 28248 374024 47926761
PT [1 0 373 -68 2]
 P 597860 28248 377414 48047061
PT [1 0 374 -68 2]
 P 598891 28248 377417 48167361
PT [1 0 375 -68 2]
EMPTY QUEUE
 P 601515 28248 377433 48288838
PT [1 0 376 -68 2]
 P 601515 28248 380823 48407961
PT [1 0 377 -68 2]
 P 601515 28248 384213 48528261
PT [1 0 378 -68 2]
 P 601515 28248 387603 48648561
PT [1 0 379 -68 2]
 P 603411 28248 387606 48768861
PT [1 0 380 -68 2]
EMPTY QUEUE
 P 606227 28248 387623 48890274
PT [1 0 381 -69 2]
 P 606227 28248 391013 49009461
PT [1 0 382 -69 2]
 P 606227 28248 394403 49129761
PT [1 0 383 -69 2]
 P 606227 28248 397793 49250061
PT [1 0 384 -69 2]
 P 607548 28248 397796 49370361
PT [1 0 385 -69 2]
 P 608582 28248 397799 49490661
PT [1 0 386 -69 2]
EMPTY QUEUE
 P 611077 28248 397816 49613546
PT [1 0 387 -70 2]
 P 611077 28248 401206 49731261
PT [1 0 388 -70 2]
 P 611077 28248 404596 49851561
PT [1 0 389 -70 2]
 P 611077 28248 407986 49971861
PT [1 0 390 -70 2]
 P 611792 28248 407989 50092161
PT [1 0 391 -70 2]
EMPTY QUEUE
 P 612119 28248 411387 50213286
PT [1 0 392 -71 2]
 P 613871 28248 411396 50332761
PT [1 0 393 -71 2]
 P 613871 28248 414786 50453061
PT [1 0 394 -71 2]
 P 613871 28248 418176 50573361
PT [1 0 395 -71 2]
 P 615803 28248 418179 50693661
PT [1 0 396 -71 2]
EMPTY QUEUE
 P 616130 28248 421578 50814977
PT [1 0 397 -72 2]
 P 616130 28248 424968 50934261
PT [1 0 398 -72 2]
 P 618842 28248 424977 51054561
PT [1 0 399 -72 2]
 P 618842 28248 428367 51174861
PT [1 0 400 -72 2]
 P 619880 28248 428370 51295161
PT [1 0 401 -72 2]
EMPTY QUEUE
 P 619945 28248 434332 51418460
PT [1 0 402 -72 2]
EMPTY QUEUE
 P 620271 28248 437731 51537033
PT [1 0 403 -73 2]
 P 621383 28248 437739 51656061
PT [1 0 404 -73 2]
 P 621383 28248 441129 51776361
PT [1 0 405 -73 2]
 P 623286 28248 441132 51896661
PT [1 0 406 -73 2]
 P 623286 28248 444522 52016961
PT [1 0 407 -73 2]
EMPTY QUEUE
 P 623612 28248 447921 52138213
PT [1 0 408 -74 2]
 P 623612 28248 451311 52257561
PT [1 0 409 -74 2]
 P 625556 28248 451319 52377861
PT [1 0 410 -74 2]
 P 627492 28248 451322 52498161
PT [1 0 411 -74 2]
 P 627492 28248 454712 52618461
PT [1 0 412 -74 2]
EMPTY QUEUE
 P 627819 28248 458111 52740929
PT [1 0 413 -75 2]
 P 627819 28248 461501 52859061
PT [1 0 414 -75 2]
 P 630211 28248 461509 52979361
PT [1 0 415 -75 2]
 P 632853 28248 461512 53099661
PT [1 0 416 -75 2]
 P 632853 28248 464902 53219961
PT [1 0 417 -75 2]
EMPTY QUEUE
 P 633181 28248 468300 53341085
PT [1 0 418 -76 2]
 P 633181 28248 471690 53460561
PT [1 0 419 -76 2]
 P 635509 28248 471698 53580861
PT [1 0 420 -76 2]
 P 636200 28248 471701 53701161
PT [1 0 421 -76 2]
 P 636200 28248 475091 53821461
PT [1 0 422 -76 2]
EMPTY QUEUE
 P 636527 28248 478489 53942778
PT [1 0 423 -76 2]
 P 636527 28248 481879 54062061
PT [1 0 424 -76 2]
 P 638279 28248 481887 54182361
PT [1 0 425 -76 2]
 P 638279 28248 485277 54302661
PT [1 0 426 -76 2]
 P 639964 28248 485280 54422961
PT [1 0 427 -76 2]
 P 641489 28248 485283 54543261
PT [1 0 428 -76 2]
 P 642534 28248 485286 54663561
PT [1 0 429 -76 2]
EMPTY QUEUE
 P 642862 28248 488684 54784557
PT [1 0 430 -78 2]
 P 645095 28248 488692 54904161
PT [1 0 431 -78 2]
 P 645095 28248 492082 55024461
PT [1 0 432 -78 2]
 P 645095 28248 495472 55144761
PT [1 0 433 -78 2]
 P 645822 28248 495475 55265061
PT [1 0 434 -78 2]
EMPTY QUEUE
 P 646149 28248 498873 55387274
PT [1 0 435 -78 2]
 P 646149 28248 502263 55505661
PT [1 0 436 -78 2]
 P 648061 28248 502271 55625961
PT [1 0 437 -78 2]
 P 648061 28248 505661 55746261
PT [1 0 438 -78 2]
 P 649397 28248 505664 55866561
PT [1 0 439 -78 2]
EMPTY QUEUE
 P 649725 28248 509062 55989478
PT [1 0 440 -79 2]
 P 649725 28248 512452 56107161
PT [1 0 441 -79 2]
 P 649725 28248 515842 56227461
PT [1 0 442 -79 2]
 P 650805 28248 515850 56347761
PT [1 0 443 -79 2]
 P 651598 28248 515853 56468061
PT [1 0 444 -79 2]
EMPTY QUEUE
 P 651609 28248 519245 56588798
PT [1 0 445 -79 2]
EMPTY QUEUE
 P 651936 28248 522643 56709934
PT [1 0 446 -80 2]
 P 651936 28248 526033 56828961
PT [1 0 447 -80 2]
 P 653665 28248 526041 56949261
PT [1 0 448 -80 2]
 P 656348 28248 526044 57069561
PT [1 0 449 -80 2]
 P 658291 28248 526053 57189861
PT [1 0 450 -80 2]
EMPTY QUEUE
 P 658618 28248 529452 57311338
PT [1 0 451 -81 2]
 P 658618 28248 532842 57430461
PT [1 0 452 -81 2]
 P 658618 28248 536232 57550761
PT [1 0 453 -81 2]
 P 660727 28248 536235 57671061
PT [1 0 454 -81 2]
 P 663118 28248 536244 57791361
PT [1 0 455 -81 2]
EMPTY QUEUE
 P 663445 28248 539643 57912773
PT [1 0 456 -82 2]
 P 663445 28248 543033 58031961
PT [1 0 457 -82 2]
 P 663445 28248 546423 58152261
PT [1 0 458 -82 2]
 P 664466 28248 546427 58272561
PT [1 0 459 -82 2]
 P 666793 28248 546436 58392861
PT [1 0 460 -82 2]
EMPTY QUEUE
 P 666804 28248 549828 58515422
PT [1 0 461 -82 2]
EMPTY QUEUE
 P 667131 28248 553227 58634733
PT [1 0 462 -83 2]
 P 667131 28248 556617 58753761
PT [1 0 463 -83 2]
 P 667131 28248 560007 58874061
PT [1 0 464 -83 2]
 P 669170 28248 560016 58994361
PT [1 0 465 -83 2]
 P 670705 28248 560019 59114661
PT [1 0 466 -83 2]
EMPTY QUEUE
 P 671031 28248 563418 59235913
PT [1 0 467 -84 2]
 P 671031 28248 566808 59355261
PT [1 0 468 -84 2]
 P 671031 28248 570198 59475561
PT [1 0 469 -84 2]
 P 671031 28248 573588 59595861
PT [1 0 470 -84 2]
 P 671768 28248 573591 59716161
PT [1 0 471 -84 2]
EMPTY QUEUE
 P 674074 28248 573602 59838306
PT [1 0 472 -84 2]
EMPTY QUEUE
 P 674401 28248 577002 59958034
PT [1 0 473 -85 2]
 P 674401 28248 580392 60077061
PT [1 0 474 -85 2]
 P 674401 28248 583782 60197361
PT [1 0 475 -85 2]
 P 675747 28248 583785 60317661
PT [1 0 476 -85 2]
 P 678234 28248 583793 60437961
PT [1 0 477 -85 2]
 P 679773 28248 583796 60558261
PT [1 0 478 -85 2]
EMPTY QUEUE
 P 680099 28248 587195 60679513
PT [1 0 479 -86 2]
 P 680099 28248 590585 60798861
PT [1 0 480 -86 2]
 P 680099 28248 593975 60919161
PT [1 0 481 -86 2]
 P 680099 28248 597365 61039461
PT [1 0 482 -86 2]
 P 682042 28248 597373 61159761
PT [1 0 483 -86 2]
 P 683582 28248 597376 61280061
PT [1 0 484 -86 2]
EMPTY QUEUE
 P 683909 28248 600775 61402529
PT [1 0 485 -87 2]
 P 683909 28248 604165 61520661
PT [1 0 486 -87 2]
 P 683909 28248 607555 61640961
PT [1 0 487 -87 2]
 P 683909 28248 610945 61761261
PT [1 0 488 -87 2]
 P 684651 28248 610948 61881561
PT [1 0 489 -87 2]
EMPTY QUEUE
 P 687274 28248 610964 62002686
PT [1 0 490 -88 2]
 P 687274 28248 614354 62122161
PT [1 0 491 -88 2]
 P 687274 28248 617744 62242461
PT [1 0 492 -88 2]
 P 687274 28248 621134 62362761
PT [1 0 493 -88 2]
 P 688625 28248 621137 62483061
PT [1 0 494 -88 2]
EMPTY QUEUE
 P 690895 28248 621153 62604377
PT [1 0 495 -88 2]
 P 690895 28248 624543 62723661
PT [1 0 496 -88 2]
 P 690895 28248 627933 62843961
PT [1 0 497 -88 2]
 P 690895 28248 631323 62964261
PT [1 0 498 -88 2]
 P 693207 28248 631326 63084561
PT [1 0 499 -88 2]
EMPTY QUEUE
 P 693272 28248 634718 63206537
PT [1 0 500 -88 2]
EMPTY QUEUE
 P 695767 28248 634734 63326338
PT [1 0 501 -89 2]
 P 695767 28248 638124 63445461
PT [1 0 502 -89 2]
 P 695767 28248 641514 63565761
PT [1 0 503 -89 2]
 P 695767 28248 644904 63686061
PT [1 0 504 -89 2]
 P 698305 28248 644907 63806361
PT [1 0 505 -89 2]
EMPTY QUEUE
 P 698632 28248 648305 63927614
PT [1 0 506 -90 2]
 P 700383 28248 648313 64046961
PT [1 0 507 -90 2]
 P 700383 28248 651703 64167261
PT [1 0 508 -90 2]
 P 700383 28248 655093 64287561
PT [1 0 509 -90 2]
 P 700383 28248 658483 64407861
PT [1 0 510 -90 2]
 P 702507 28248 658486 64528161
PT [1 0 511 -90 2]
 P 703575 28248 658489 64648461
PT [1 0 512 -90 2]
EMPTY QUEUE
 P 706134 28248 658506 64771347
PT [1 0 513 -91 2]
 P 706134 28248 661896 64889061
PT [1 0 514 -91 2]
 P 706134 28248 665286 65009361
PT [1 0 515 -91 2]
 P 706134 28248 668676 65129661
PT [1 0 516 -91 2]
 P 706883 28248 668680 65249961
PT [1 0 517 -91 2]
EMPTY QUEUE
 P 707210 28248 672078 65371086
PT [1 0 518 -92 2]
 P 709121 28248 672086 65490561
PT [1 0 519 -92 2]
 P 709121 28248 675476 65610861
PT [1 0 520 -92 2]
 P 709121 28248 678866 65731161
PT [1 0 521 -92 2]
 P 711088 28248 678869 65851461
PT [1 0 522 -92 2]
 P 712159 28248 678872 65971761
PT [1 0 523 -92 2]
EMPTY QUEUE
 P 712488 28248 682270 66093079
PT [1 0 524 -93 2]
 P 715007 28248 682278 66212361
PT [1 0 525 -93 2]
 P 715007 28248 685668 66332661
PT [1 0 526 -93 2]
 P 715007 28248 689058 66452961
PT [1 0 527 -93 2]
 P 715759 28248 689061 66573261
PT [1 0 528 -93 2]
EMPTY QUEUE
 P 716086 28248 692460 66694258
PT [1 0 529 -94 2]
 P 716086 28248 695850 66813861
PT [1 0 530 -94 2]
 P 718380 28248 695859 66934161
PT [1 0 531 -94 2]
 P 718380 28248 699249 67054461
PT [1 0 532 -94 2]
 P 719742 28248 699252 67174761
PT [1 0 533 -94 2]
EMPTY QUEUE
 P 720068 28248 702651 67296973
PT [1 0 534 -95 2]
 P 720068 28248 706041 67415361
PT [1 0 535 -95 2]
 P 720068 28248 709431 67535661
PT [1 0 536 -95 2]
 P 722458 28248 709440 67655961
PT [1 0 537 -95 2]
 P 722458 28248 712830 67776261
PT [1 0 538 -95 2]
 P 723277 28248 712833 67896561
PT [1 0 539 -95 2]
EMPTY QUEUE
 P 723604 28248 716232 68019478
PT [1 0 540 -96 2]
 P 723604 28248 719622 68137161
PT [1 0 541 -96 2]
 P 723604 28248 723012 68257461
PT [1 0 542 -96 2]
 P 724938 28248 723021 68377761
PT [1 0 543 -96 2]
 P 727647 28248 723024 68498061
PT [1 0 544 -96 2]
EMPTY QUEUE
 P 727973 28248 726423 68619121
PT [1 0 545 -97 2]
 P 727973 28248 729813 68738661
PT [1 0 546 -97 2]
 P 727973 28248 733203 68858961
PT [1 0 547 -97 2]
 P 730267 28248 733212 68979261
PT [1 0 548 -97 2]
 P 730267 28248 736602 69099561
PT [1 0 549 -97 2]
 P 732689 28248 736605 69219861
PT [1 0 550 -97 2]
EMPTY QUEUE
 P 733016 28248 740004 69342649
PT [1 0 551 -98 2]
 P 733016 28248 743394 69460461
PT [1 0 552 -98 2]
 P 735502 28248 743402 69580761
PT [1 0 553 -98 2]
 P 735502 28248 746792 69701061
PT [1 0 554 -98 2]
 P 738118 28248 746795 69821361
PT [1 0 555 -98 2]
EMPTY QUEUE
 P 738446 28248 750193 69943319
PT [1 0 556 -99 2]
 P 738446 28248 753583 70061961
PT [1 0 557 -99 2]
 P 740717 28248 753591 70182261
PT [1 0 558 -99 2]
 P 743011 28248 753599 70302561
PT [1 0 559 -99 2]
 P 745308 28248 753602 70422861
PT [1 0 560 -99 2]
EMPTY QUEUE
 P 745635 28248 757000 70544338
PT [1 0 561 -99 2]
 P 745635 28248 760390 70663461
PT [1 0 562 -99 2]
 P 745635 28248 763780 70783761
PT [1 0 563 -99 2]
 P 745635 28248 767170 70904061
PT [1 0 564 -99 2]
 P 746493 28248 767173 71024361
PT [1 0 565 -99 2]
EMPTY QUEUE
 P 749114 28248 767189 71145774
PT [1 0 566 -100 2]
 P 749114 28248 770579 71264961
PT [1 0 567 -100 2]
 P 749114 28248 773969 71385261
PT [1 0 568 -100 2]
 P 749114 28248 777359 71505561
PT [1 0 569 -100 2]
 P 749114 28248 780749 71625861
PT [1 0 570 -100 2]
 P 751478 28248 780752 71746161
PT [1 0 571 -100 2]
EMPTY QUEUE
 P 754196 28248 780768 71869046
PT [1 0 572 -101 2]
 P 754196 28248 784158 71986761
PT [1 0 573 -101 2]
 P 754196 28248 787548 72107061
PT [1 0 574 -101 2]
 P 754196 28248 790938 72227361
PT [1 0 575 -101 2]
 P 754196 28248 794328 72347661
PT [1 0 576 -101 2]
EMPTY QUEUE
 P 756817 28248 794345 72469458
PT [1 0 577 -102 2]
 P 756817 28248 797735 72588261
PT [1 0 578 -102 2]
 P 758864 28248 797738 72708561
PT [1 0 579 -102 2]
 P 758864 28248 801128 72828861
PT [1 0 580 -102 2]
 P 758864 28248 804518 72949161
PT [1 0 581 -102 2]
EMPTY QUEUE
 P 761677 28248 804535 73070733
PT [1 0 582 -103 2]
 P 763620 28248 804543 73189761
PT [1 0 583 -103 2]
 P 764836 28248 804546 73310061
PT [1 0 584 -103 2]
 P 764836 28248 807936 73430361
PT [1 0 585 -103 2]
 P 764836 28248 811326 73550661
PT [1 0 586 -103 2]
EMPTY QUEUE
 P 764901 28248 814718 73671645
PT [1 0 587 -103 2]
EMPTY QUEUE
 P 767617 28248 814735 73792437
PT [1 0 588 -104 2]
 P 769538 28248 814738 73911561
PT [1 0 589 -104 2]
 P 769538 28248 818128 74031861
PT [1 0 590 -104 2]
 P 769538 28248 821518 74152161
PT [1 0 591 -104 2]
 P 769538 28248 824908 74272461
PT [1 0 592 -104 2]
EMPTY QUEUE
 P 769864 28248 828307 74393713
PT [1 0 593 -105 2]
 P 771978 28248 828310 74513061
PT [1 0 594 -105 2]
 P 774272 28248 828318 74633361
PT [1 0 595 -105 2]
 P 776566 28248 828326 74753661
PT [1 0 596 -105 2]
 P 776566 28248 831716 74873961
PT [1 0 597 -105 2]
EMPTY QUEUE
 P 776894 28248 835114 74995438
PT [1 0 598 -106 2]
 P 776894 28248 838504 75114561
PT [1 0 599 -106 2]
 P 778690 28248 838507 75234861
PT [1 0 600 -106 2]
 P 781025 28248 838515 75355161
PT [1 0 601 -106 2]
 P 783319 28248 838523 75475461
PT [1 0 602 -106 2]
EMPTY QUEUE
 P 783646 28248 841921 75596938
PT [1 0 603 -106 2]
 P 783646 28248 845311 75716061
PT [1 0 604 -106 2]
 P 784611 28248 845314 75836361
PT [1 0 605 -106 2]
 P 784611 28248 848704 75956661
PT [1 0 606 -106 2]
 P 787096 28248 848713 76076961
PT [1 0 607 -106 2]
EMPTY QUEUE
 P 787424 28248 852111 76198375
PT [1 0 608 -107 2]
 P 787424 28248 855501 76317561
PT [1 0 609 -107 2]
 P 789095 28248 855504 76437861
PT [1 0 610 -107 2]
 P 789095 28248 858894 76558161
PT [1 0 611 -107 2]
 P 789095 28248 862284 76678461
PT [1 0 612 -107 2]
EMPTY QUEUE
 P 791532 28248 862302 76800034
PT [1 0 613 -108 2]
 P 793473 28248 862311 76919061
PT [1 0 614 -108 2]
 P 793473 28248 865701 77039361
PT [1 0 615 -108 2]
 P 795242 28248 865705 77159661
PT [1 0 616 -108 2]
 P 795242 28248 869095 77279961
PT [1 0 617 -108 2]
EMPTY QUEUE
 P 795568 28248 872494 77401213
PT [1 0 1 0 2]
 P 795568 28248 875884 77520452
PT [1 0 2 0 2]
 P 797618 28248 875893 77640752
PT [1 0 3 0 2]
 P 797618 28248 879283 77761052
PT [1 0 4 0 2]
 P 800489 28248 879286 77881352
PT [1 0 5 0 2]
EMPTY QUEUE
 P 800815 28248 882685 78003820
PT [1 0 6 -1 2]
 P 800815 28248 886075 78121952
PT [1 0 7 -1 2]
 P 803313 28248 886083 78242252
PT [1 0 8 -1 2]
 P 803313 28248 889473 78362552
PT [1 0 9 -1 2]
 P 803313 28248 892863 78482852
PT [1 0 10 -1 2]
 P 805514 28248 892866 78603152
PT [1 0 11 -1 2]
