using saved target 'z1'
../../../../contiki/tools/sky/serialdump-linux -b115200 /dev/ttyUSB4
connecting to /dev/ttyUSB4 (115200) [OK]
Rime started with address 5.0
MAC 05:00:00:00:00:00:00:00 Ref ID: 4841
Contiki-3.x-2125-g5d67a61 started. Node id is set to 5.

************************************************
RTIMER_SECOND = 32768. F_CPU=8000000.
CLOCK_SECOND=128.
DURSLOT = 6015.(0.1835 s).
DURSLEEP = 114285.
DURCYCLE = 120300 .(3.6712 s).
MAX_CLOCK_DRIFT = WAKEUP_ADVANCE_TIME = 327 (0.0033 s).
PERIODIC_BCAST_CYCLES_SENSOR = 196611.
PERIODIC_BCAST_CYCLES_SINK = 196611.
MAX_CYCLE_COUNTER = 27904.
MAX_COUNT_NO_RTS_CTS = 65535.
MAX_CHILD_NUM = 10.
MAX_TRY_TO_FIND_PARENT = 3.

**********Below is Related Settings**********
PRIMAC_CONF_COMPOWER = 1.
PRIMAC_CONF_COMPOWER_SUPPORT = 1.
SF = 18.
PRI_SYNC_SUPPORT = 1.
RANDOM_DRIFT_IN_COOJA_SUPPORT = 0.
ADCSC_SUPPORT = 1.
DATA_TX_SUPPORT = 1.
CYCLES_PER_PACKET = 1.
DATA_INTERVAL = 3.
RETX_LIMIT = 6.
TOTAL_DATA_NUM = 50.
MAX_DATA_QUEUE_BUFS = 10.
PROC_GRADE_BASED_ON_ADDR_SUPPORT = 1.
NODES_NUM_PER_GRADE = 2.
ADDRESS_FREE_SUPPORT = 0.
IS_COOJA_SIM = 0.
CROSS_PLATFORM_SUPPORT = 1.
************************************************

My address is 5.0.
nullmac PRIMAC, channel check rate 8 Hz, radio channel 26
Starting
Hello, world
 P 0 0 0 3037116
 P 0 0 3390 3157416
 P 0 0 6841 3278139
 P 0 0 10231 3398016
 P 0 0 13621 3518316
 P 0 0 17011 3638616
 P 0 0 20401 3758916
EMPTY QUEUE
 P 429 0 23800 3881230
PT [3 0 1 -10 1]
 P 429 0 27190 3999516
PT [3 0 2 -10 1]
 P 429 0 30580 4119816
PT [3 0 3 -10 1]
 P 3155 0 31244 4240116
PT [3 0 4 -10 1]
 P 5539 0 32250 4360416
PT [3 0 5 -10 1]
EMPTY QUEUE
 P 6127 0 35648 4482281
PT [3 0 6 -13 1]
 P 6127 0 39038 4601016
PT [3 0 7 -13 1]
 P 6127 0 42428 4721316
PT [3 0 8 -13 1]
 P 7042 0 42432 4841616
PT [3 0 9 -13 1]
rcv bro rts
 P 8315 0 42473 4961916
PT [3 0 10 -13 1]
EMPTY QUEUE
 P 8514 0 45868 5084349
PT [3 0 11 -13 1]
EMPTY QUEUE
 P 9071 0 49267 5204242
PT [3 0 12 -16 1]
 P 9071 0 52657 5322816
PT [3 0 13 -16 1]
 P 10448 0 52661 5443116
PT [3 0 14 -16 1]
 P 11955 0 52670 5563416
PT [3 0 15 -16 1]
 P 12689 0 52673 5683716
PT [3 0 16 -16 1]
EMPTY QUEUE
 P 14490 0 52691 5804877
PT [3 0 17 -21 1]
 P 14490 0 56081 5924316
PT [3 0 18 -21 1]
 P 14490 0 59472 6044616
PT [3 0 19 -21 1]
 P 14490 0 62862 6164916
PT [3 0 20 -21 1]
 P 16090 0 62865 6285216
PT [3 0 21 -21 1]
 P 16843 0 62868 6405516
PT [3 0 22 -21 1]
EMPTY QUEUE
 P 18665 0 62885 6527893
PT [3 0 23 -25 1]
 P 18665 0 66275 6646116
PT [3 0 24 -25 1]
 P 18665 0 69665 6766416
PT [3 0 25 -25 1]
 P 18665 0 73055 6886716
PT [3 0 26 -25 1]
 P 20263 0 73058 7007016
PT [3 0 27 -25 1]
EMPTY QUEUE
 P 22136 0 73076 7130130
PT [3 0 28 -27 1]
 P 24070 0 73084 7247616
PT [3 0 29 -27 1]
 P 24070 0 76474 7367916
PT [3 0 30 -27 1]
 P 24070 0 79864 7488216
PT [3 0 31 -27 1]
 P 25222 0 79867 7608516
PT [3 0 32 -27 1]
EMPTY QUEUE
 P 25747 0 83265 7729774
PT [3 0 33 -32 1]
 P 28180 0 83273 7849116
PT [3 0 34 -32 1]
 P 29446 0 83281 7969416
PT [3 0 35 -32 1]
 P 29446 0 86671 8089716
PT [3 0 36 -32 1]
 P 32124 0 86674 8210016
PT [3 0 37 -32 1]
 P 33508 0 86678 8330316
PT [3 0 38 -32 1]
EMPTY QUEUE
 P 34033 0 90076 8453461
PT [3 0 39 -36 1]
 P 35383 0 90084 8570916
PT [3 0 40 -36 1]
 P 36872 0 90092 8691216
PT [3 0 41 -36 1]
 P 36872 0 93482 8811516
PT [3 0 42 -36 1]
 P 37829 0 93485 8931816
PT [3 0 43 -36 1]
EMPTY QUEUE
 P 38321 0 96884 9054641
PT [3 0 44 -39 1]
 P 38321 0 100274 9172416
PT [3 0 45 -39 1]
 P 40593 0 100283 9292716
PT [3 0 46 -39 1]
 P 41507 0 100292 9413016
PT [3 0 47 -39 1]
 P 42782 0 100296 9533316
PT [3 0 48 -39 1]
EMPTY QUEUE
 P 43338 0 103694 9655277
PT [3 0 49 -42 1]
 P 43338 0 107084 9773916
PT [3 0 50 -42 1]
 P 43338 0 110474 9894216
PT [3 0 51 -42 1]
 P 44909 0 110483 10014516
PT [3 0 52 -42 1]
 P 46046 0 110492 10134816
PT [3 0 53 -42 1]
 P 46789 0 110496 10255116
PT [3 0 54 -42 1]
EMPTY QUEUE
 P 47378 0 113894 10377078
PT [3 0 55 -42 1]
 P 47378 0 117284 10495716
PT [3 0 56 -42 1]
 P 47378 0 120674 10616016
PT [3 0 57 -42 1]
 P 48408 0 120682 10736316
PT [3 0 58 -42 1]
 P 49997 0 120685 10856616
PT [3 0 59 -42 1]
 P 50738 0 120689 10976916
PT [3 0 60 -42 1]
EMPTY QUEUE
 P 52615 0 120706 11099230
PT [3 0 61 -47 1]
 P 52615 0 124096 11217516
PT [3 0 62 -47 1]
 P 52615 0 127486 11337816
PT [3 0 63 -47 1]
 P 52615 0 130876 11458116
PT [3 0 64 -47 1]
 P 54202 0 130879 11578416
PT [3 0 65 -47 1]
EMPTY QUEUE
 P 56107 0 130897 11701145
PT [3 0 66 -50 1]
 P 58041 0 130906 11819016
PT [3 0 67 -50 1]
 P 58566 72 134307 11941892
PT [3 0 68 -50 1]
 P 59186 144 137708 12061295
PT [3 0 69 -52 1]
 P 60327 144 137711 12179916
PT [3 0 70 -52 1]
 P 60915 216 141112 12302279
PT [3 0 71 -53 1]
 P 65049 432 141153 12421843
PT [3 0 72 -54 1]
 P 66807 504 141172 12542079
PT [3 0 73 -55 1]
 P 67395 576 144572 12662507
PT [3 0 74 -55 1]
 P 70061 576 144576 12781416
PT [3 0 75 -55 1]
 P 71433 576 144579 12901716
PT [3 0 76 -55 1]
 P 71804 576 147974 13024385
PT [3 0 77 -55 1]
 P 73710 648 147996 13143805
PT [3 0 78 -58 1]
 P 77982 1008 148058 13265673
PT [3 0 79 -57 1]
 P 78947 1008 148061 13382916
PT [3 0 80 -57 1]
 P 80850 1363 148081 13504383
PT [3 0 81 -60 1]
 P 84855 1934 148135 13623516
PT [3 0 82 -60 1]
 P 85347 2006 151537 13746583
PT [3 0 83 -61 1]
 P 87194 2150 151561 13864116
PT [3 0 84 -61 1]
 P 89132 2504 151580 13987183
PT [3 0 85 -63 1]
 P 98918 4136 151672 14106123
PT [3 0 86 -63 1]
 P 101871 4352 151715 14225016
PT [3 0 87 -64 1]
 P 102877 4352 151719 14345316
PT [3 0 88 -64 1]
 P 104858 4636 151736 14467631
PT [3 0 89 -65 1]
 P 110500 5418 151796 14585916
PT [3 0 90 -66 1]
 P 111428 5418 151799 14706216
PT [3 0 91 -66 1]
 P 113303 5701 151817 14828242
PT [3 0 92 -67 1]
 P 121741 6483 151897 14946816
PT [3 0 93 -68 1]
 P 122745 6483 151901 15067116
PT [3 0 94 -68 1]
 P 124713 6483 151919 15190102
PT [3 0 95 -69 1]
 P 131938 6838 154540 15307716
PT [3 0 96 -69 1]
 P 132862 6838 154544 15428016
PT [3 0 97 -69 1]
 P 134663 6838 154561 15549178
PT [3 0 98 -71 1]
 P 143209 7548 154636 15668616
PT [3 0 99 -72 1]
 P 143994 7548 154639 15788916
PT [3 0 100 -72 1]
 P 144940 7548 154642 15909216
PT [3 0 101 -72 1]
 P 146854 7548 154660 16031401
PT [3 0 102 -74 1]
 P 155386 8613 154738 16149816
PT [3 0 103 -75 1]
 P 157217 8613 154755 16272418
PT [3 0 104 -75 1]
 P 165583 9396 154833 16390416
PT [3 0 105 -76 1]
 P 167473 9396 154851 16512921
PT [3 0 106 -77 1]
 P 177468 10533 154949 16632983
PT [3 0 107 -77 1]
 P 183623 11316 158399 16751316
PT [3 0 108 -78 1]
 P 185494 11388 159623 16873295
PT [3 0 109 -79 1]
 P 194024 12809 159708 16991916
PT [3 0 110 -78 1]
 P 195261 12809 159711 17112216
PT [3 0 111 -78 1]
 P 197261 13164 159730 17235220
PT [3 0 112 -81 1]
 P 202962 14019 159797 17352816
PT [3 0 113 -80 1]
 P 204844 14374 159818 17475499
PT [3 0 114 -82 1]
 P 208725 14945 159871 17593416
PT [3 0 115 -83 1]
 P 209958 14945 159874 17713716
PT [3 0 116 -83 1]
 P 211859 15300 159894 17837103
PT [3 0 117 -84 1]
 P 217971 16222 162504 17954316
PT [3 0 118 -84 1]
 P 219726 16577 162524 18076967
PT [3 0 119 12 1]
 P 223969 17076 162582 18197473
PT [3 0 120 12 1]
 P 228253 17647 162636 18315216
PT [3 0 121 11 1]
 P 228988 17647 162639 18435516
PT [3 0 122 11 1]
 P 230900 18001 162658 18558647
PT [3 0 123 10 1]
 P 234227 18568 162680 18676116
PT [3 0 124 10 1]
 P 236023 18923 162700 18799055
PT [3 0 125 8 1]
 P 239477 19422 162746 18916716
PT [3 0 126 8 1]
 P 241069 19422 162750 19037016
PT [3 0 127 8 1]
 P 242445 19422 162758 19157316
PT [3 0 128 8 1]
 P 243801 19422 162766 19277616
PT [3 0 129 8 1]
 P 243801 19422 166156 19397916
PT [3 0 130 8 1]
EMPTY QUEUE
 P 244325 19422 169555 19520613
PT [3 0 131 4 1]
 P 245472 19422 169558 19638516
PT [3 0 132 4 1]
 P 245472 19422 172948 19758816
PT [3 0 133 4 1]
 P 247334 19422 172956 19879116
PT [3 0 134 4 1]
 P 247334 19422 176346 19999416
PT [3 0 135 4 1]
EMPTY QUEUE
 P 247827 19422 179745 20122018
PT [3 0 136 1 1]
 P 250474 19422 179748 20240016
PT [3 0 137 1 1]
 P 250474 19422 183138 20360316
PT [3 0 138 1 1]
 P 252906 19422 183147 20480616
PT [3 0 139 1 1]
 P 254172 19422 183155 20600916
PT [3 0 140 1 1]
EMPTY QUEUE
 P 254729 19422 186553 20723294
PT [3 0 141 -3 1]
 P 256007 19422 186556 20841516
PT [3 0 142 -3 1]
 P 256007 19422 189946 20961816
PT [3 0 143 -3 1]
 P 256007 19422 193336 21082116
PT [3 0 144 -3 1]
 P 257355 19422 193345 21202416
PT [3 0 145 -3 1]
EMPTY QUEUE
 P 259334 19422 193363 21323801
PT [3 0 146 -6 1]
 P 260258 19422 193366 21443016
PT [3 0 147 -6 1]
 P 261577 19422 193369 21563316
PT [3 0 148 -6 1]
 P 261577 19422 196759 21683616
PT [3 0 149 -6 1]
 P 261577 19422 200149 21803916
PT [3 0 150 -6 1]
EMPTY QUEUE
 P 264341 19422 200165 21925237
PT [3 0 151 -9 1]
 P 265255 19422 200173 22044516
PT [3 0 152 -9 1]
 P 267387 19422 200176 22164816
PT [3 0 153 -9 1]
 P 268672 19422 200179 22285116
PT [3 0 154 -9 1]
 P 269365 19422 200182 22405416
PT [3 0 155 -9 1]
EMPTY QUEUE
 P 269953 19422 203581 22528305
PT [3 0 156 -13 1]
 P 271524 19422 203590 22646016
PT [3 0 157 -13 1]
 P 272661 19422 203598 22766316
PT [3 0 158 -13 1]
 P 272661 19422 206988 22886616
PT [3 0 159 -13 1]
 P 274218 19422 206991 23006916
PT [3 0 160 -13 1]
 P 275406 19422 206994 23127216
PT [3 0 161 -13 1]
EMPTY QUEUE
 P 275930 19422 210393 23249497
PT [3 0 162 -17 1]
 P 276960 19422 210401 23367816
PT [3 0 163 -17 1]
 P 279084 19422 210410 23488116
PT [3 0 164 -17 1]
 P 279084 19422 213800 23608416
PT [3 0 165 -17 1]
 P 281722 19422 213803 23728716
PT [3 0 166 -17 1]
 P 283067 19422 213806 23849016
PT [3 0 167 -17 1]
EMPTY QUEUE
 P 283655 19422 217205 23971201
PT [3 0 168 -21 1]
 P 284463 19422 217213 24089616
PT [3 0 169 -21 1]
 P 285283 19422 217221 24209916
PT [3 0 170 -21 1]
 P 285283 19422 220611 24330216
PT [3 0 171 -21 1]
 P 286199 19422 220614 24450516
PT [3 0 172 -21 1]
 P 287510 19422 220617 24570816
PT [3 0 173 -21 1]
EMPTY QUEUE
 P 288098 19422 224016 24692713
PT [3 0 174 -25 1]
 P 290052 19422 224025 24811416
PT [3 0 175 -25 1]
 P 290052 19422 227415 24931716
PT [3 0 176 -25 1]
 P 291361 19422 227423 25052016
PT [3 0 177 -25 1]
 P 293487 19422 227426 25172316
PT [3 0 178 -25 1]
EMPTY QUEUE
 P 294075 19422 230824 25295333
PT [3 0 179 -28 1]
 P 294075 19422 234214 25412916
PT [3 0 180 -28 1]
 P 294075 19422 237604 25533216
PT [3 0 181 -28 1]
 P 295423 19422 237613 25653516
PT [3 0 182 -28 1]
 P 296625 19422 237616 25773816
PT [3 0 183 -28 1]
EMPTY QUEUE
 P 298554 19422 237634 25896833
PT [3 0 184 -32 1]
 P 298554 19422 241024 26014416
PT [3 0 185 -32 1]
 P 298554 19422 244414 26134716
PT [3 0 186 -32 1]
 P 298554 19422 247804 26255016
PT [3 0 187 -32 1]
 P 301122 19422 247807 26375316
PT [3 0 188 -32 1]
EMPTY QUEUE
 P 302483 19422 247817 26496374
PT [3 0 189 -32 1]
 P 303166 19422 247820 26615916
PT [3 0 190 -32 1]
EMPTY QUEUE
 P 305064 19422 247836 26737493
PT [3 0 191 -36 1]
 P 305064 19422 251226 26856516
PT [3 0 192 -36 1]
 P 305064 19422 254616 26976816
PT [3 0 193 -36 1]
 P 305064 19422 258006 27097116
PT [3 0 194 -36 1]
 P 306610 19422 258009 27217416
PT [3 0 195 -36 1]
 P 307787 19422 258012 27337716
PT [3 0 196 -36 1]
EMPTY QUEUE
 P 309609 19422 258029 27458877
PT [3 0 197 -40 1]
 P 309609 19422 261419 27578316
PT [3 0 198 -40 1]
 P 309609 19422 264809 27698616
PT [3 0 199 -40 1]
 P 309609 19422 268199 27818916
PT [3 0 200 -40 1]
 P 312237 19422 268202 27939216
PT [3 0 201 -40 1]
EMPTY QUEUE
 P 314142 19422 268220 28061657
PT [3 0 202 -44 1]
 P 316076 19422 268229 28179816
PT [3 0 203 -44 1]
 P 316076 19422 271619 28300116
PT [3 0 204 -44 1]
 P 316076 19422 275009 28420416
PT [3 0 205 -44 1]
 P 317335 19422 275012 28540716
PT [3 0 206 -44 1]
EMPTY QUEUE
 P 317891 19422 278411 28663861
PT [3 0 207 -47 1]
 P 320323 19422 278419 28781316
PT [3 0 208 -47 1]
 P 321588 19422 278428 28901616
PT [3 0 209 -47 1]
 P 321588 19422 281818 29021916
PT [3 0 210 -47 1]
 P 322493 19422 281821 29142216
PT [3 0 211 -47 1]
EMPTY QUEUE
 P 323114 19422 285219 29263474
PT [3 0 212 -51 1]
 P 323114 19422 288609 29382816
PT [3 0 213 -51 1]
 P 324462 19422 288617 29503116
PT [3 0 214 -51 1]
 P 325949 19422 288626 29623416
PT [3 0 215 -51 1]
 P 327172 19422 288630 29743716
PT [3 0 216 -51 1]
EMPTY QUEUE
 P 327664 19422 292029 29865837
PT [3 0 217 -54 1]
 P 327664 19422 295419 29984316
PT [3 0 218 -54 1]
 P 327664 19422 298809 30104616
PT [3 0 219 -54 1]
 P 329937 19422 298817 30224916
PT [3 0 220 -54 1]
 P 330852 19422 298825 30345216
PT [3 0 221 -54 1]
 P 331543 19422 298828 30465516
PT [3 0 222 -54 1]
EMPTY QUEUE
 P 332036 19422 302227 30586966
PT [3 0 223 -58 1]
 P 332036 19422 305617 30706116
PT [3 0 224 -58 1]
 P 332036 19422 309007 30826416
PT [3 0 225 -58 1]
 P 333608 19422 309015 30946716
PT [3 0 226 -58 1]
 P 334746 19422 309023 31067016
PT [3 0 227 -58 1]
 P 335435 19422 309026 31187316
PT [3 0 228 -58 1]
EMPTY QUEUE
 P 336023 19422 312425 31310109
PT [3 0 229 -62 1]
 P 336023 19422 315815 31427916
PT [3 0 230 -62 1]
 P 336023 19422 319205 31548216
PT [3 0 231 -62 1]
 P 337053 19422 319214 31668516
PT [3 0 232 -62 1]
 P 338588 19422 319217 31788816
PT [3 0 233 -62 1]
 P 339753 19422 319220 31909116
PT [3 0 234 -62 1]
EMPTY QUEUE
 P 341598 19422 319237 32030437
PT [3 0 235 -66 1]
 P 341598 19422 322627 32149716
PT [3 0 236 -66 1]
 P 341598 19422 326017 32270016
PT [3 0 237 -66 1]
 P 341598 19422 329407 32390316
PT [3 0 238 -66 1]
 P 344216 19422 329410 32510616
PT [3 0 239 -66 1]
EMPTY QUEUE
 P 346154 19422 329426 32632930
PT [3 0 240 -70 1]
 P 346821 19422 329430 32751216
PT [3 0 241 -70 1]
 P 348129 19422 329439 32871516
PT [3 0 242 -70 1]
 P 348129 19422 332829 32991816
PT [3 0 243 -70 1]
 P 348129 19422 336219 33112116
PT [3 0 244 -70 1]
EMPTY QUEUE
 P 348717 19422 339618 33234877
PT [3 0 245 -73 1]
 P 350247 19422 339621 33352716
PT [3 0 246 -73 1]
 P 351407 19422 339624 33473016
PT [3 0 247 -73 1]
 P 352737 19422 339632 33593316
PT [3 0 248 -73 1]
 P 352737 19422 343022 33713616
PT [3 0 249 -73 1]
EMPTY QUEUE
 P 353261 19422 346420 33836249
PT [3 0 250 -76 1]
 P 353261 19422 349810 33954216
PT [3 0 251 -76 1]
 P 355874 19422 349813 34074516
PT [3 0 252 -76 1]
 P 357223 19422 349821 34194816
PT [3 0 253 -76 1]
 P 357885 19422 349825 34315116
PT [3 0 254 -76 1]
EMPTY QUEUE
 P 359263 19422 352405 34439570
PT [3 0 255 -76 1]
EMPTY QUEUE
 P 359883 19422 355803 34557505
PT [3 0 256 -80 1]
 P 359883 19422 359193 34676016
PT [3 0 257 -80 1]
 P 359883 19422 362583 34796316
PT [3 0 258 -80 1]
 P 361411 19422 362586 34916616
PT [3 0 259 -80 1]
 P 362760 19422 362595 35036916
PT [3 0 260 -80 1]
EMPTY QUEUE
 P 365284 19422 362612 35158174
PT [3 0 261 -84 1]
 P 365284 19422 366002 35277516
PT [3 0 262 -84 1]
 P 365284 19422 369392 35397816
PT [3 0 263 -84 1]
 P 366366 19422 369395 35518116
PT [3 0 264 -84 1]
 P 366366 19422 372785 35638416
PT [3 0 265 -84 1]
EMPTY QUEUE
 P 369386 19422 372802 35760889
PT [3 0 266 -87 1]
 P 370651 19422 372811 35879016
PT [3 0 267 -87 1]
 P 370651 19422 376201 35999316
PT [3 0 268 -87 1]
 P 373258 19422 376204 36119616
PT [3 0 269 -87 1]
 P 373258 19422 379594 36239916
PT [3 0 270 -87 1]
EMPTY QUEUE
 P 373784 19422 382992 36363031
PT [3 0 271 -89 1]
 P 375133 19422 383001 36480516
PT [3 0 272 -89 1]
 P 376621 19422 383010 36600816
PT [3 0 273 -89 1]
 P 377858 19422 383013 36721116
PT [3 0 274 -89 1]
 P 377858 19422 386404 36841416
PT [3 0 275 -89 1]
EMPTY QUEUE
 P 378414 19422 389803 36962609
PT [3 0 276 -94 1]
 P 378414 19422 393193 37082016
PT [3 0 277 -94 1]
 P 380687 19422 393201 37202316
PT [3 0 278 -94 1]
 P 381603 19422 393210 37322616
PT [3 0 279 -94 1]
 P 382276 19422 393213 37442916
PT [3 0 280 -94 1]
EMPTY QUEUE
 P 382768 19422 396612 37565037
PT [3 0 281 -97 1]
 P 382768 19422 400002 37683516
PT [3 0 282 -97 1]
 P 382768 19422 403392 37803816
PT [3 0 283 -97 1]
 P 384340 19422 403400 37924116
PT [3 0 284 -97 1]
 P 385478 19422 403408 38044416
PT [3 0 285 -97 1]
 P 386149 19422 403411 38164716
PT [3 0 286 -97 1]
EMPTY QUEUE
 P 387962 19422 403427 38287765
PT [3 0 287 -101 1]
 P 387962 19422 406817 38405316
PT [3 0 288 -101 1]
 P 387962 19422 410207 38525616
PT [3 0 289 -101 1]
 P 387962 19422 413597 38645916
PT [3 0 290 -101 1]
 P 389478 19422 413601 38766216
PT [3 0 291 -101 1]
 P 390625 19422 413604 38886516
PT [3 0 292 -101 1]
EMPTY QUEUE
 P 392511 19422 413620 39009277
PT [3 0 293 -105 1]
 P 392511 19422 417010 39127116
PT [3 0 294 -105 1]
 P 392511 19422 420400 39247416
PT [3 0 295 -105 1]
 P 392511 19422 423790 39367716
PT [3 0 296 -105 1]
 P 395108 19422 423794 39488016
PT [3 0 297 -105 1]
EMPTY QUEUE
 P 396981 19422 423811 39609913
PT [3 0 1 0 1]
 P 397738 19422 423814 39728507
PT [3 0 2 0 1]
 P 399155 19422 423823 39848807
PT [3 0 3 0 1]
 P 399155 19422 427213 39969107
PT [3 0 4 0 1]
 P 399155 19422 430603 40089407
PT [3 0 5 0 1]
EMPTY QUEUE
 P 399679 19422 434002 40212008
PT [3 0 6 -3 1]
 P 401301 19422 434005 40330007
PT [3 0 7 -3 1]
 P 401301 19422 437395 40450307
PT [3 0 8 -3 1]
 P 402056 19422 437398 40570607
PT [3 0 9 -3 1]
 P 403333 19422 437406 40690907
PT [3 0 10 -3 1]
EMPTY QUEUE
 P 403954 19422 440804 40813797
PT [3 0 11 -6 1]
 P 403954 19422 444194 40931507
PT [3 0 12 -6 1]
 P 403954 19422 447584 41051807
PT [3 0 13 -6 1]
 P 405573 19422 447587 41172107
PT [3 0 14 -6 1]
 P 406822 19422 447590 41292407
PT [3 0 15 -6 1]
EMPTY QUEUE
 P 408739 19422 447607 41414944
PT [3 0 16 -10 1]
 P 408739 19422 450997 41533007
PT [3 0 17 -10 1]
 P 408739 19422 454387 41653307
PT [3 0 18 -10 1]
 P 408739 19422 457777 41773607
PT [3 0 19 -10 1]
 P 411440 19422 457780 41893907
PT [3 0 20 -10 1]
EMPTY QUEUE
 P 413377 19422 457797 42015613
PT [3 0 21 -13 1]
 P 414129 19422 457800 42134507
PT [3 0 22 -13 1]
 P 415437 19422 457808 42254807
PT [3 0 23 -13 1]
 P 415437 19422 461198 42375107
PT [3 0 24 -13 1]
 P 415437 19422 464588 42495407
PT [3 0 25 -13 1]
EMPTY QUEUE
 P 415994 19422 467986 42617784
PT [3 0 26 -17 1]
 P 417609 19422 467989 42736007
PT [3 0 27 -17 1]
 P 418855 19422 467992 42856307
PT [3 0 28 -17 1]
 P 420184 19422 468001 42976607
PT [3 0 29 -17 1]
 P 420184 19422 471391 43096907
PT [3 0 30 -17 1]
EMPTY QUEUE
 P 420708 19422 474790 43219444
PT [3 0 31 -20 1]
 P 420708 19422 478180 43337507
PT [3 0 32 -20 1]
 P 423404 19422 478183 43457807
PT [3 0 33 -20 1]
 P 424752 19422 478192 43578107
PT [3 0 34 -20 1]
 P 425500 19422 478195 43698407
PT [3 0 35 -20 1]
EMPTY QUEUE
 P 427396 19422 478211 43819824
PT [3 0 36 -23 1]
 P 427396 19422 481601 43939007
PT [3 0 37 -23 1]
 P 427396 19422 484991 44059307
PT [3 0 38 -23 1]
 P 427396 19422 488381 44179607
PT [3 0 39 -23 1]
 P 429008 19422 488385 44299907
PT [3 0 40 -23 1]
 P 430250 19422 488388 44420207
PT [3 0 41 -23 1]
EMPTY QUEUE
 P 432167 19422 488405 44543097
PT [3 0 42 -27 1]
 P 432167 19422 491795 44660807
PT [3 0 43 -27 1]
 P 432167 19422 495185 44781107
PT [3 0 44 -27 1]
 P 432167 19422 498575 44901407
PT [3 0 45 -27 1]
 P 434859 19422 498578 45021707
PT [3 0 46 -27 1]
EMPTY QUEUE
 P 436797 19422 498595 45143508
PT [3 0 47 -29 1]
 P 437541 19422 498598 45262307
PT [3 0 48 -29 1]
 P 438850 19422 498607 45382607
PT [3 0 49 -29 1]
 P 438850 19422 501997 45502907
PT [3 0 50 -29 1]
 P 438850 19422 505387 45623207
PT [3 0 51 -29 1]
EMPTY QUEUE
 P 439470 19422 508786 45745488
PT [3 0 52 -32 1]
 P 441079 19422 508789 45863807
PT [3 0 53 -32 1]
 P 442317 19422 508792 45984107
PT [3 0 54 -32 1]
 P 443646 19422 508800 46104407
PT [3 0 55 -32 1]
 P 443646 19422 512190 46224707
PT [3 0 56 -32 1]
EMPTY QUEUE
 P 444235 19422 515588 46346893
PT [3 0 57 -36 1]
 P 444235 19422 518978 46465307
PT [3 0 58 -36 1]
 P 446923 19422 518982 46585607
PT [3 0 59 -36 1]
 P 448271 19422 518990 46705907
PT [3 0 60 -36 1]
 P 449010 19422 518994 46826207
PT [3 0 61 -36 1]
EMPTY QUEUE
 P 450810 19422 519011 46948008
PT [3 0 62 -39 1]
 P 450810 19422 522401 47066807
PT [3 0 63 -39 1]
 P 450810 19422 525791 47187107
PT [3 0 64 -39 1]
 P 450810 19422 529181 47307407
PT [3 0 65 -39 1]
 P 452414 19422 529184 47427707
PT [3 0 66 -39 1]
EMPTY QUEUE
 P 454321 19422 529201 47549766
PT [3 0 67 -42 1]
 P 456255 19422 529210 47668307
PT [3 0 68 -42 1]
 P 456255 19422 532600 47788607
PT [3 0 69 -42 1]
 P 456255 19422 535990 47908907
PT [3 0 70 -42 1]
 P 457413 19422 535993 48029207
PT [3 0 71 -42 1]
EMPTY QUEUE
 P 457970 19422 539391 48150944
PT [3 0 72 -46 1]
 P 460402 19422 539399 48269807
PT [3 0 73 -46 1]
 P 461667 19422 539408 48390107
PT [3 0 74 -46 1]
 P 461667 19422 542798 48510407
PT [3 0 75 -46 1]
 P 464350 19422 542802 48630707
PT [3 0 76 -46 1]
 P 465740 19422 542805 48751007
PT [3 0 77 -46 1]
EMPTY QUEUE
 P 466232 19422 546204 48873288
PT [3 0 78 -50 1]
 P 467581 19422 546213 48991607
PT [3 0 79 -50 1]
 P 469069 19422 546222 49111907
PT [3 0 80 -50 1]
 P 469069 19422 549612 49232207
PT [3 0 81 -50 1]
 P 470030 19422 549616 49352507
PT [3 0 82 -50 1]
 P 471386 19422 549619 49472807
PT [3 0 83 -50 1]
EMPTY QUEUE
 P 471878 19422 553018 49594544
PT [3 0 84 -54 1]
 P 474151 19422 553026 49713407
PT [3 0 85 -54 1]
 P 475066 19422 553034 49833707
PT [3 0 86 -54 1]
 P 475066 19422 556424 49954007
PT [3 0 87 -54 1]
 P 477236 19422 556427 50074307
PT [3 0 88 -54 1]
 P 478558 19422 556431 50194607
PT [3 0 89 -54 1]
EMPTY QUEUE
 P 479146 19422 559830 50316280
PT [3 0 90 -58 1]
 P 480718 19422 559838 50435207
PT [3 0 91 -58 1]
 P 481856 19422 559846 50555507
PT [3 0 92 -58 1]
 P 481856 19422 563236 50675807
PT [3 0 93 -58 1]
 P 484471 19422 563239 50796107
PT [3 0 94 -58 1]
 P 487003 19422 563242 50916407
PT [3 0 95 -58 1]
EMPTY QUEUE
 P 487495 19422 566641 51037697
PT [3 0 96 -62 1]
 P 488526 19422 566649 51157007
PT [3 0 97 -62 1]
 P 490651 19422 566658 51277307
PT [3 0 98 -62 1]
 P 490651 19422 570048 51397607
PT [3 0 99 -62 1]
 P 493359 19422 570051 51517907
PT [3 0 100 -62 1]
EMPTY QUEUE
 P 493915 19422 573449 51640380
PT [3 0 101 -65 1]
 P 493915 19422 576839 51758507
PT [3 0 102 -65 1]
 P 494723 19422 576847 51878807
PT [3 0 103 -65 1]
 P 495542 19422 576856 51999107
PT [3 0 104 -65 1]
 P 496244 19422 576859 52119407
PT [3 0 105 -65 1]
EMPTY QUEUE
 P 496313 19422 582821 52243925
PT [3 0 106 -65 1]
EMPTY QUEUE
 P 496933 19422 586219 52361796
PT [3 0 107 -69 1]
 P 496933 19422 589609 52480307
PT [3 0 108 -69 1]
 P 498887 19422 589618 52600607
PT [3 0 109 -69 1]
 P 500534 19422 589627 52720907
PT [3 0 110 -69 1]
 P 501277 19422 589630 52841207
PT [3 0 111 -69 1]
EMPTY QUEUE
 P 501833 19422 593029 52962432
PT [3 0 112 -73 1]
 P 501833 19422 596419 53081807
PT [3 0 113 -73 1]
 P 501833 19422 599809 53202107
PT [3 0 114 -73 1]
 P 504615 19422 599818 53322407
PT [3 0 115 -73 1]
 P 505753 19422 599827 53442707
PT [3 0 116 -73 1]
 P 506494 19422 599830 53563007
PT [3 0 117 -73 1]
EMPTY QUEUE
 P 507082 19422 603229 53684872
PT [3 0 118 -77 1]
 P 507082 19422 606619 53803607
PT [3 0 119 -77 1]
 P 507082 19422 610009 53923907
PT [3 0 120 -77 1]
 P 508939 19422 610018 54044207
PT [3 0 121 -77 1]
 P 509789 19422 610026 54164507
PT [3 0 122 -77 1]
 P 510528 19422 610029 54284807
PT [3 0 123 -77 1]
EMPTY QUEUE
 P 511084 19422 613428 54406096
PT [3 0 124 -81 1]
 P 511084 19422 616818 54525407
PT [3 0 125 -81 1]
 P 511084 19422 620208 54645707
PT [3 0 126 -81 1]
 P 513197 19422 620217 54766007
PT [3 0 127 -81 1]
 P 514782 19422 620220 54886307
PT [3 0 128 -81 1]
EMPTY QUEUE
 P 516583 19422 620236 55009420
PT [3 0 129 -84 1]
 P 516583 19422 623626 55126907
PT [3 0 130 -84 1]
 P 516583 19422 627016 55247207
PT [3 0 131 -84 1]
 P 516583 19422 630406 55367507
PT [3 0 132 -84 1]
 P 517722 19422 630410 55487807
PT [3 0 133 -84 1]
 P 518365 19422 630413 55608107
PT [3 0 134 -84 1]
EMPTY QUEUE
 P 520253 19422 630430 55730711
PT [3 0 135 -87 1]
 P 520253 19422 633820 55848707
PT [3 0 136 -87 1]
 P 520253 19422 637210 55969007
PT [3 0 137 -87 1]
 P 520253 19422 640600 56089307
PT [3 0 138 -87 1]
 P 521834 19422 640603 56209607
PT [3 0 139 -87 1]
 P 523046 19422 640606 56329907
PT [3 0 140 -87 1]
EMPTY QUEUE
 P 524995 19422 640622 56451484
PT [3 0 141 -92 1]
 P 524995 19422 644012 56570507
PT [3 0 142 -92 1]
 P 524995 19422 647402 56690807
PT [3 0 143 -92 1]
 P 524995 19422 650792 56811107
PT [3 0 144 -92 1]
 P 527657 19422 650795 56931407
PT [3 0 145 -92 1]
EMPTY QUEUE
 P 529562 19422 650811 57053368
PT [3 0 146 -96 1]
 P 530275 19422 650814 57172007
PT [3 0 147 -96 1]
 P 531583 19422 650822 57292307
PT [3 0 148 -96 1]
 P 531583 19422 654212 57412607
PT [3 0 149 -96 1]
 P 531583 19422 657602 57532907
PT [3 0 150 -96 1]
EMPTY QUEUE
 P 532107 19422 661001 57654772
PT [3 0 151 -99 1]
 P 533684 19422 661004 57773507
PT [3 0 152 -99 1]
 P 534892 19422 661007 57893807
PT [3 0 153 -99 1]
 P 536220 19422 661016 58014107
PT [3 0 154 -99 1]
 P 536220 19422 664406 58134407
PT [3 0 155 -99 1]
EMPTY QUEUE
 P 536713 19422 667804 58255665
PT [3 0 156 -102 1]
 P 536713 19422 671194 58375007
PT [3 0 157 -102 1]
 P 539371 19422 671197 58495307
PT [3 0 158 -102 1]
 P 540719 19422 671206 58615607
PT [3 0 159 -102 1]
 P 541428 19422 671209 58735907
PT [3 0 160 -102 1]
EMPTY QUEUE
 P 543292 19422 671227 58858732
PT [3 0 161 -106 1]
 P 543292 19422 674617 58976507
PT [3 0 162 -106 1]
 P 543292 19422 678007 59096807
PT [3 0 163 -106 1]
 P 543292 19422 681397 59217107
PT [3 0 164 -106 1]
 P 544864 19422 681401 59337407
PT [3 0 165 -106 1]
 P 546067 19422 681404 59457707
PT [3 0 166 -106 1]
EMPTY QUEUE
 P 547984 19422 681421 59580244
PT [3 0 1 0 1]
 P 547984 19422 684811 59698197
PT [3 0 2 0 1]
 P 547984 19422 688201 59818497
PT [3 0 3 0 1]
 P 547984 19422 691591 59938797
PT [3 0 4 0 1]
 P 550748 19422 691595 60059097
PT [3 0 5 0 1]
EMPTY QUEUE
 P 552740 19422 691611 60181154
PT [3 0 6 -3 1]
 P 554178 19422 691620 60299697
PT [3 0 7 -3 1]
 P 554178 19422 695010 60419997
PT [3 0 8 -3 1]
 P 554178 19422 698400 60540297
PT [3 0 9 -3 1]
 P 555573 19422 698403 60660597
PT [3 0 10 -3 1]
EMPTY QUEUE
 P 556130 19422 701801 60783071
PT [3 0 11 -7 1]
 P 557468 19422 701809 60901197
PT [3 0 12 -7 1]
 P 557468 19422 705199 61021497
PT [3 0 13 -7 1]
 P 557468 19422 708589 61141797
PT [3 0 14 -7 1]
 P 558510 19422 708592 61262097
PT [3 0 15 -7 1]
EMPTY QUEUE
 P 559034 19422 711991 61384474
PT [3 0 16 -10 1]
 P 560988 19422 712000 61502697
PT [3 0 17 -10 1]
 P 563400 19422 712008 61622997
PT [3 0 18 -10 1]
 P 563400 19422 715398 61743297
PT [3 0 19 -10 1]
 P 564761 19422 715401 61863597
PT [3 0 20 -10 1]
EMPTY QUEUE
 P 565349 19422 718799 61986774
PT [3 0 21 -13 1]
 P 565349 19422 722189 62104197
PT [3 0 22 -13 1]
 P 566634 19422 722198 62224497
PT [3 0 23 -13 1]
 P 567963 19422 722206 62344797
PT [3 0 24 -13 1]
 P 570211 19422 722209 62465097
PT [3 0 25 -13 1]
 P 571612 19422 722212 62585397
PT [3 0 26 -13 1]
EMPTY QUEUE
 P 571681 19422 728174 62708667
PT [3 0 27 -13 1]
EMPTY QUEUE
 P 572173 19422 731573 62827658
PT [3 0 28 -18 1]
 P 573682 19422 731582 62946297
PT [3 0 29 -18 1]
 P 575936 19422 731590 63066597
PT [3 0 30 -18 1]
 P 578628 19422 731593 63186897
PT [3 0 31 -18 1]
 P 581237 19422 731596 63307197
PT [3 0 32 -18 1]
EMPTY QUEUE
 P 581858 19422 734994 63428487
PT [3 0 33 -21 1]
 P 581858 19422 738384 63547797
PT [3 0 34 -21 1]
 P 582793 19422 738392 63668097
PT [3 0 35 -21 1]
 P 584345 19422 738400 63788397
PT [3 0 36 -21 1]
 P 587131 19422 738403 63908697
PT [3 0 37 -21 1]
 P 587986 19422 738407 64028997
PT [3 0 38 -21 1]
EMPTY QUEUE
 P 588575 19422 741805 64150862
PT [3 0 39 -26 1]
 P 588575 19422 745195 64269597
PT [3 0 40 -26 1]
 P 589734 19422 745203 64389897
PT [3 0 41 -26 1]
 P 590745 19422 745212 64510197
PT [3 0 42 -26 1]
 P 592511 19422 745215 64630497
PT [3 0 43 -26 1]
 P 594766 19422 745218 64750797
PT [3 0 44 -26 1]
EMPTY QUEUE
 P 595323 19422 748616 64872086
PT [3 0 45 -30 1]
 P 595323 19422 752006 64991397
PT [3 0 46 -30 1]
 P 597468 19422 752014 65111697
PT [3 0 47 -30 1]
 P 598255 19422 752023 65231997
PT [3 0 48 -30 1]
 P 600942 19422 752027 65352297
PT [3 0 49 -30 1]
EMPTY QUEUE
 P 601466 19422 755426 65475442
PT [3 0 50 -33 1]
 P 601466 19422 758816 65592897
PT [3 0 51 -33 1]
 P 601466 19422 762206 65713197
PT [3 0 52 -33 1]
 P 602305 19422 762215 65833497
PT [3 0 53 -33 1]
 P 604239 19422 762223 65953797
PT [3 0 54 -33 1]
 P 604965 19422 762227 66074097
PT [3 0 55 -33 1]
EMPTY QUEUE
 P 605521 19422 765626 66196986
PT [3 0 56 -37 1]
 P 605521 19422 769016 66314697
PT [3 0 57 -37 1]
 P 605521 19422 772406 66434997
PT [3 0 58 -37 1]
 P 607188 19422 772415 66555297
PT [3 0 59 -37 1]
 P 608853 19422 772418 66675597
PT [3 0 60 -37 1]
EMPTY QUEUE
 P 610718 19422 772434 66797558
PT [3 0 61 -40 1]
 P 610718 19422 775824 66916197
PT [3 0 62 -40 1]
 P 610718 19422 779214 67036497
PT [3 0 63 -40 1]
 P 610718 19422 782604 67156797
PT [3 0 64 -40 1]
 P 611937 19422 782607 67277097
PT [3 0 65 -40 1]
EMPTY QUEUE
 P 613906 19422 782624 67399058
PT [3 0 66 -44 1]
 P 615840 19422 782633 67517697
PT [3 0 67 -44 1]
 P 615840 19422 786023 67637997
PT [3 0 68 -44 1]
 P 615840 19422 789413 67758297
PT [3 0 69 -44 1]
 P 618584 19422 789417 67878597
PT [3 0 70 -44 1]
 P 620035 19422 789420 67998897
PT [3 0 71 -44 1]
EMPTY QUEUE
 P 620527 19422 792819 68120154
PT [3 0 72 -48 1]
 P 621856 19422 792827 68239497
PT [3 0 73 -48 1]
 P 621856 19422 796217 68359797
PT [3 0 74 -48 1]
 P 621856 19422 799607 68480097
PT [3 0 75 -48 1]
 P 622878 19422 799611 68600397
PT [3 0 76 -48 1]
 P 624295 19422 799616 68720697
PT [3 0 77 -48 1]
EMPTY QUEUE
 P 626232 19422 799633 68843554
PT [3 0 78 -52 1]
 P 628166 19422 799641 68961297
PT [3 0 79 -52 1]
 P 628166 19422 803031 69081597
PT [3 0 80 -52 1]
 P 628166 19422 806421 69201897
PT [3 0 81 -52 1]
 P 630397 19422 806424 69322197
PT [3 0 82 -52 1]
 P 631781 19422 806427 69442497
PT [3 0 83 -52 1]
EMPTY QUEUE
 P 634802 19422 806444 69565195
PT [3 0 84 -56 1]
 P 636067 19422 806453 69683097
PT [3 0 85 -56 1]
 P 636067 19422 809843 69803397
PT [3 0 86 -56 1]
 P 636067 19422 813233 69923697
PT [3 0 87 -56 1]
 P 638743 19422 813236 70043997
PT [3 0 88 -56 1]
 P 641335 19422 813239 70164297
PT [3 0 89 -56 1]
EMPTY QUEUE
 P 642695 19422 813249 70286123
PT [3 0 90 -56 1]
EMPTY QUEUE
 P 644707 19422 813266 70406110
PT [3 0 91 -61 1]
 P 644707 19422 816656 70525197
PT [3 0 92 -61 1]
 P 644707 19422 820046 70645497
PT [3 0 93 -61 1]
 P 647476 19422 820050 70765797
PT [3 0 94 -61 1]
 P 647476 19422 823440 70886097
PT [3 0 95 -61 1]
EMPTY QUEUE
 P 650305 19422 823457 71007322
PT [3 0 96 -64 1]
 P 651220 19422 823465 71126697
PT [3 0 97 -64 1]
 P 651220 19422 826855 71246997
PT [3 0 98 -64 1]
 P 651983 19422 826858 71367297
PT [3 0 99 -64 1]
 P 651983 19422 830248 71487597
PT [3 0 100 -64 1]
EMPTY QUEUE
 P 652541 19422 833646 71610040
PT [3 0 101 -67 1]
 P 654113 19422 833654 71728197
PT [3 0 102 -67 1]
 P 655251 19422 833662 71848497
PT [3 0 103 -67 1]
 P 656998 19422 833665 71968797
PT [3 0 104 -67 1]
 P 659236 19422 833669 72089097
PT [3 0 105 -67 1]
EMPTY QUEUE
 P 659857 19422 837068 72211955
PT [3 0 106 -71 1]
 P 659857 19422 840458 72329697
PT [3 0 107 -71 1]
 P 660888 19422 840467 72449997
PT [3 0 108 -71 1]
 P 663015 19422 840476 72570297
PT [3 0 109 -71 1]
 P 665683 19422 840480 72690597
PT [3 0 110 -71 1]
 P 667792 19422 840483 72810897
PT [3 0 111 -71 1]
EMPTY QUEUE
 P 668348 19422 843882 72933914
PT [3 0 112 -75 1]
 P 668348 19422 847272 73051497
PT [3 0 113 -75 1]
 P 669155 19422 847281 73171797
PT [3 0 114 -75 1]
 P 669974 19422 847289 73292097
PT [3 0 115 -75 1]
 P 671176 19422 847293 73412397
PT [3 0 116 -75 1]
EMPTY QUEUE
 P 671700 19422 850691 73534966
PT [3 0 117 -78 1]
 P 671700 19422 854081 73652997
PT [3 0 118 -78 1]
 P 671700 19422 857471 73773297
PT [3 0 119 -78 1]
 P 673654 19422 857479 73893597
PT [3 0 120 -78 1]
 P 675301 19422 857488 74013897
PT [3 0 121 -78 1]
 P 676007 19422 857491 74134197
PT [3 0 122 -78 1]
EMPTY QUEUE
 P 676018 19422 860883 74256727
PT [3 0 123 -78 1]
EMPTY QUEUE
 P 676542 19422 864282 74376490
PT [3 0 124 -83 1]
 P 676542 19422 867672 74495097
PT [3 0 125 -83 1]
 P 679324 19422 867680 74615397
PT [3 0 126 -83 1]
 P 680461 19422 867689 74735697
PT [3 0 127 -83 1]
 P 681257 19422 867692 74855997
PT [3 0 128 -83 1]
EMPTY QUEUE
 P 681877 19422 871091 74977287
PT [3 0 129 -86 1]
 P 681877 19422 874481 75096597
PT [3 0 130 -86 1]
 P 681877 19422 877871 75216897
PT [3 0 131 -86 1]
 P 683735 19422 877880 75337197
PT [3 0 132 -86 1]
 P 684586 19422 877888 75457497
PT [3 0 133 -86 1]
 P 685380 19422 877891 75577797
PT [3 0 134 -86 1]
EMPTY QUEUE
 P 685873 19422 881289 75699567
PT [3 0 135 -90 1]
 P 685873 19422 884679 75818397
PT [3 0 136 -90 1]
 P 685873 19422 888069 75938697
PT [3 0 137 -90 1]
 P 687986 19422 888077 76058997
PT [3 0 138 -90 1]
 P 689627 19422 888080 76179297
PT [3 0 139 -90 1]
EMPTY QUEUE
 P 691523 19422 888098 76300618
PT [3 0 140 -94 1]
 P 692297 19422 888101 76419897
PT [3 0 141 -94 1]
 P 692297 19422 891491 76540197
PT [3 0 142 -94 1]
 P 692297 19422 894881 76660497
PT [3 0 143 -94 1]
 P 692297 19422 898271 76780797
PT [3 0 144 -94 1]
EMPTY QUEUE
 P 694170 19422 898288 76903782
PT [3 0 145 -97 1]
 P 695808 19422 898292 77021397
PT [3 0 146 -97 1]
 P 697117 19422 898300 77141697
PT [3 0 147 -97 1]
 P 697117 19422 901690 77261997
PT [3 0 148 -97 1]
 P 697117 19422 905080 77382297
PT [3 0 149 -97 1]
EMPTY QUEUE
 P 697706 19422 908479 77504516
PT [3 0 150 -101 1]
 P 698898 19422 908483 77622897
PT [3 0 151 -101 1]
 P 700247 19422 908492 77743197
PT [3 0 152 -101 1]
 P 702181 19422 908501 77863497
PT [3 0 153 -101 1]
 P 702181 19422 911891 77983797
PT [3 0 154 -101 1]
EMPTY QUEUE
 P 702801 19422 915290 78105374
PT [3 0 155 -104 1]
 P 705519 19422 915293 78224397
PT [3 0 156 -104 1]
 P 706944 19422 915296 78344697
PT [3 0 157 -104 1]
 P 709376 19422 915305 78464997
PT [3 0 158 -104 1]
 P 710641 19422 915314 78585297
PT [3 0 159 -104 1]
