using saved target 'z1'
../../../../contiki/tools/sky/serialdump-linux -b115200 /dev/ttyUSB4
connecting to /dev/ttyUSB4 (115200) [OK]
Rime started with address 5.0
MAC 05:00:00:00:00:00:00:00 Ref ID: 4841
Contiki-3.x-2125-g5d67a61 started. Node id is set to 5.

************************************************
RTIMER_SECOND = 32768. F_CPU=8000000.
CLOCK_SECOND=128.
DURSLOT = 6015.(0.1835 s).
DURSLEEP = 66165.
DURCYCLE = 72180 .(2.2027 s).
MAX_CLOCK_DRIFT = WAKEUP_ADVANCE_TIME = 327 (0.0033 s).
PERIODIC_BCAST_CYCLES_SENSOR = 196611.
PERIODIC_BCAST_CYCLES_SINK = 196611.
MAX_CYCLE_COUNTER = 27904.
MAX_COUNT_NO_RTS_CTS = 65535.
MAX_CHILD_NUM = 10.
MAX_TRY_TO_FIND_PARENT = 3.

**********Below is Related Settings**********
PRIMAC_CONF_COMPOWER = 1.
PRIMAC_CONF_COMPOWER_SUPPORT = 1.
SF = 10.
PRI_SYNC_SUPPORT = 1.
RANDOM_DRIFT_IN_COOJA_SUPPORT = 0.
ADCSC_SUPPORT = 0.
DATA_TX_SUPPORT = 1.
CYCLES_PER_PACKET = 5.
DATA_INTERVAL = 9.
RETX_LIMIT = 6.
TOTAL_DATA_NUM = -1.
MAX_DATA_QUEUE_BUFS = 10.
PROC_GRADE_BASED_ON_ADDR_SUPPORT = 1.
NODES_NUM_PER_GRADE = 2.
ADDRESS_FREE_SUPPORT = 0.
IS_COOJA_SIM = 0.
CROSS_PLATFORM_SUPPORT = 1.
************************************************

My address is 5.0.
nullmac PRIMAC, channel check rate 8 Hz, radio channel 26
Starting
Hello, world
 P 0 0 0 2140306
 P 0 0 3390 2212486
 P 0 0 6841 2285087
 P 0 0 10231 2356846
 P 0 0 13621 2429026
 P 0 0 17011 2501206
 P 0 0 20401 2573386
EMPTY QUEUE
 P 424 0 23799 2647575
PT [3 0 1 -7 1]
 P 424 0 27189 2717746
PT [3 0 2 -7 1]
 P 424 0 30579 2789926
PT [3 0 3 -7 1]
 P 3169 0 31224 2862106
PT [3 0 4 -7 1]
 P 5583 0 32200 2934286
PT [3 0 5 -7 1]
EMPTY QUEUE
 P 6166 0 35598 3008028
PT [3 0 6 -8 1]
 P 6166 0 38988 3078646
PT [3 0 7 -8 1]
 P 6166 0 42378 3150826
PT [3 0 8 -8 1]
 P 7139 0 42381 3223006
PT [3 0 9 -8 1]
rcv bro rts
 P 8480 0 42421 3295186
PT [3 0 10 -8 1]
EMPTY QUEUE
 P 8545 0 48383 3371933
PT [3 0 11 -8 1]
EMPTY QUEUE
 P 9096 0 51782 3441267
PT [3 0 12 -11 1]
 P 9096 0 55172 3511726
PT [3 0 13 -11 1]
 P 10427 0 55175 3583906
PT [3 0 14 -11 1]
 P 11868 0 55184 3656086
PT [3 0 15 -11 1]
 P 11868 0 58574 3728266
PT [3 0 16 -11 1]
EMPTY QUEUE
 P 12355 0 61973 3802551
PT [3 0 17 -13 1]
 P 12355 0 65363 3872626
PT [3 0 18 -13 1]
 P 14565 0 65366 3944806
PT [3 0 19 -13 1]
 P 16874 0 65374 4016986
PT [3 0 20 -13 1]
 P 16874 0 68764 4089166
PT [3 0 21 -13 1]
EMPTY QUEUE
 P 17361 0 72163 4163387
PT [3 0 22 -15 1]
 P 17361 0 75553 4233526
PT [3 0 23 -15 1]
 P 18687 0 75556 4305706
PT [3 0 24 -15 1]
 P 19599 0 75564 4377886
PT [3 0 25 -15 1]
 P 19599 0 78954 4450066
PT [3 0 26 -15 1]
EMPTY QUEUE
 P 20119 0 82353 4523744
PT [3 0 27 -17 1]
 P 20119 0 85743 4594426
PT [3 0 28 -17 1]
 P 22773 0 85746 4666606
PT [3 0 29 -17 1]
 P 24383 0 85754 4738786
PT [3 0 30 -17 1]
 P 24383 0 89144 4810966
PT [3 0 31 -17 1]
EMPTY QUEUE
 P 24448 0 95106 4887713
PT [3 0 32 -17 1]
EMPTY QUEUE
 P 24935 0 98504 4956982
PT [3 0 33 -20 1]
 P 27468 0 98508 5027506
PT [3 0 34 -20 1]
 P 28604 0 98516 5099686
PT [3 0 35 -20 1]
 P 28604 0 101906 5171866
PT [3 0 36 -20 1]
 P 28604 0 105296 5244046
PT [3 0 37 -20 1]
EMPTY QUEUE
 P 29156 0 108695 5318396
PT [3 0 38 -22 1]
 P 31904 0 108698 5388406
PT [3 0 39 -22 1]
 P 32971 0 108706 5460586
PT [3 0 40 -22 1]
 P 32971 0 112096 5532766
PT [3 0 41 -22 1]
 P 32971 0 115486 5604946
PT [3 0 42 -22 1]
EMPTY QUEUE
 P 33554 0 118885 5679263
PT [3 0 43 -24 1]
 P 34334 0 118888 5749306
PT [3 0 44 -24 1]
 P 36456 0 118897 5821486
PT [3 0 45 -24 1]
 P 36456 0 122287 5893666
PT [3 0 46 -24 1]
 P 36456 0 125677 5965846
PT [3 0 47 -24 1]
EMPTY QUEUE
 P 37008 0 129076 6039556
PT [3 0 48 -26 1]
 P 38734 0 129079 6110206
PT [3 0 49 -26 1]
 P 39579 0 129087 6182386
PT [3 0 50 -26 1]
 P 39579 0 132477 6254566
PT [3 0 51 -26 1]
 P 39579 0 135867 6326746
PT [3 0 52 -26 1]
EMPTY QUEUE
 P 40066 0 139266 6401351
PT [3 0 53 -28 1]
 P 42245 0 139269 6471106
PT [3 0 54 -28 1]
 P 43062 0 139278 6543286
PT [3 0 55 -28 1]
 P 43062 0 142668 6615466
PT [3 0 56 -28 1]
 P 43062 0 146058 6687646
PT [3 0 57 -28 1]
EMPTY QUEUE
 P 43549 0 149457 6760651
PT [3 0 58 -30 1]
 P 46197 0 149461 6832006
PT [3 0 59 -30 1]
 P 48188 0 149469 6904186
PT [3 0 60 -30 1]
 P 48188 0 152859 6976366
PT [3 0 61 -30 1]
 P 48188 0 156249 7048546
PT [3 0 62 -30 1]
EMPTY QUEUE
 P 48708 0 159648 7123567
PT [3 0 63 -32 1]
 P 50758 0 159651 7192906
PT [3 0 64 -32 1]
 P 52403 0 159659 7265086
PT [3 0 65 -32 1]
 P 52403 0 163049 7337266
PT [3 0 66 -32 1]
 P 52403 0 166439 7409446
PT [3 0 67 -32 1]
EMPTY QUEUE
 P 52922 0 169837 7483891
PT [3 0 68 -34 1]
 P 54102 0 169840 7553806
PT [3 0 69 -34 1]
 P 56921 0 169848 7625986
PT [3 0 70 -34 1]
 P 56921 0 173238 7698166
PT [3 0 71 -34 1]
 P 56921 0 176628 7770346
PT [3 0 72 -34 1]
EMPTY QUEUE
 P 57440 0 180026 7843703
PT [3 0 73 -36 1]
 P 59965 0 180029 7914706
PT [3 0 74 -36 1]
 P 61100 0 180037 7986886
PT [3 0 75 -36 1]
 P 61100 0 183427 8059066
PT [3 0 76 -36 1]
 P 61100 0 186817 8131246
PT [3 0 77 -36 1]
EMPTY QUEUE
 P 61587 0 190215 8205019
PT [3 0 78 -38 1]
 P 63307 0 190218 8275606
PT [3 0 79 -38 1]
 P 65203 0 190226 8347786
PT [3 0 80 -38 1]
 P 65203 0 193616 8419966
PT [3 0 81 -38 1]
 P 65203 0 197006 8492146
PT [3 0 82 -38 1]
EMPTY QUEUE
 P 65754 0 200404 8565918
PT [3 0 83 -41 1]
 P 67418 0 200407 8636506
PT [3 0 84 -41 1]
 P 68267 0 200415 8708686
PT [3 0 85 -41 1]
 P 68267 0 203805 8780866
PT [3 0 86 -41 1]
 P 68267 0 207195 8853046
PT [3 0 87 -41 1]
EMPTY QUEUE
 P 68754 0 210594 8926179
PT [3 0 88 -43 1]
 P 70282 0 210597 8997406
PT [3 0 89 -43 1]
 P 72432 0 210605 9069586
PT [3 0 90 -43 1]
 P 72432 0 213995 9141766
PT [3 0 91 -43 1]
 P 72432 0 217385 9213946
PT [3 0 92 -43 1]
EMPTY QUEUE
 P 72919 0 220784 9288039
PT [3 0 93 -45 1]
 P 74295 0 220787 9358306
PT [3 0 94 -45 1]
 P 76163 0 220796 9430486
PT [3 0 95 -45 1]
 P 76163 0 224186 9502666
PT [3 0 96 -45 1]
 P 76163 0 227576 9574846
PT [3 0 97 -45 1]
EMPTY QUEUE
 P 76746 0 230975 9649483
PT [3 0 98 -47 1]
 P 77857 0 230978 9719206
PT [3 0 99 -47 1]
 P 79976 0 230986 9791386
PT [3 0 100 -47 1]
 P 79976 0 234376 9863566
PT [3 0 101 -47 1]
 P 79976 0 237766 9935746
PT [3 0 102 -47 1]
EMPTY QUEUE
 P 80495 0 241165 10010255
PT [3 0 103 -49 1]
 P 82601 0 241168 10080106
PT [3 0 104 -49 1]
 P 84023 0 241177 10152286
PT [3 0 105 -49 1]
 P 84023 0 244567 10224466
PT [3 0 106 -49 1]
 P 84023 0 247957 10296646
PT [3 0 107 -49 1]
EMPTY QUEUE
 P 84606 0 251356 10370643
PT [3 0 108 -51 1]
 P 87339 0 251359 10441006
PT [3 0 109 -51 1]
 P 88438 0 251367 10513186
PT [3 0 110 -51 1]
 P 88438 0 254757 10585366
PT [3 0 111 -51 1]
 P 88438 0 258147 10657546
PT [3 0 112 -51 1]
EMPTY QUEUE
 P 89053 0 261545 10732535
PT [3 0 113 -53 1]
 P 89850 0 261548 10801906
PT [3 0 114 -53 1]
 P 89850 0 264938 10874086
PT [3 0 115 -53 1]
 P 91163 0 264947 10946266
PT [3 0 116 -53 1]
 P 91163 0 268337 11018446
PT [3 0 117 -53 1]
EMPTY QUEUE
 P 91746 0 271735 11091803
PT [3 0 118 -55 1]
 P 94351 0 271738 11162806
PT [3 0 119 -55 1]
 P 94351 0 275128 11234986
PT [3 0 120 -55 1]
 P 95736 0 275136 11307166
PT [3 0 121 -55 1]
 P 95736 0 278526 11379346
PT [3 0 122 -55 1]
EMPTY QUEUE
 P 96319 0 281924 11452639
PT [3 0 123 -57 1]
 P 97911 0 281927 11523706
PT [3 0 124 -57 1]
 P 97911 0 285317 11595886
PT [3 0 125 -57 1]
 P 99842 0 285325 11668066
PT [3 0 126 -57 1]
 P 99842 0 288715 11740246
PT [3 0 127 -57 1]
EMPTY QUEUE
 P 100361 0 292114 11814948
PT [3 0 128 -59 1]
 P 101562 0 292117 11884606
PT [3 0 129 -59 1]
 P 101562 0 295507 11956786
PT [3 0 130 -59 1]
 P 104031 0 295515 12028966
PT [3 0 131 -59 1]
 P 104202 0 298910 12102228
PT [3 0 132 -59 1]
 P 104753 72 302310 12175288
PT [3 0 133 -62 1]
 P 106503 72 302313 12245506
PT [3 0 134 -62 1]
 P 106503 72 305703 12317686
PT [3 0 135 -62 1]
 P 108284 144 305723 12392245
PT [3 0 136 -63 1]
 P 108284 144 309113 12462046
PT [3 0 137 -63 1]
 P 108284 144 312503 12534226
PT [3 0 138 -63 1]
 P 109483 144 312506 12606406
PT [3 0 139 -63 1]
 P 109483 144 315896 12678586
PT [3 0 140 -63 1]
 P 111485 216 315915 12753178
PT [3 0 141 -65 1]
 P 111485 216 319305 12822946
PT [3 0 142 -65 1]
 P 111485 216 322695 12895126
PT [3 0 143 -65 1]
 P 112532 216 322698 12967306
PT [3 0 144 -65 1]
 P 112543 216 326090 13041075
PT [3 0 145 -65 1]
 P 114516 288 326109 13113085
PT [3 0 146 -67 1]
 P 114516 288 329499 13183846
PT [3 0 147 -67 1]
 P 114516 288 332889 13256026
PT [3 0 148 -67 1]
 P 116732 288 332892 13328206
PT [3 0 149 -67 1]
 P 117315 360 336293 13402829
PT [3 0 150 -69 1]
 P 119625 360 336302 13472566
PT [3 0 151 -69 1]
 P 120650 643 338882 13548961
PT [3 0 152 -69 1]
 P 121386 643 338885 13616926
PT [3 0 153 -69 1]
 P 122938 643 338888 13689106
PT [3 0 154 -69 1]
 P 123425 715 342289 13763185
PT [3 0 155 -71 1]
 P 123491 715 348252 13836786
PT [3 0 156 -71 1]
 P 124772 715 348255 13905646
PT [3 0 157 -71 1]
 P 126561 1069 348276 13979245
PT [3 0 158 -72 1]
 P 127112 1141 351676 14052416
PT [3 0 159 -72 1]
 P 127695 1213 355077 14123381
PT [3 0 160 -73 1]
 P 129655 1568 355095 14196745
PT [3 0 161 -73 1]
 P 130399 1568 355099 14266546
PT [3 0 162 -73 1]
 P 130886 1640 358500 14340433
PT [3 0 163 -74 1]
 P 130886 1640 361890 14410906
PT [3 0 164 -74 1]
 P 130953 1640 367852 14488006
PT [3 0 165 -74 1]
 P 132480 1640 367855 14555266
PT [3 0 166 -74 1]
 P 133167 1640 367858 14627446
PT [3 0 167 -74 1]
 P 134978 1995 367876 14701045
PT [3 0 168 -76 1]
 P 135498 2067 371276 14774185
PT [3 0 169 -77 1]
 P 136017 2139 374677 14845117
PT [3 0 170 -77 1]
 P 137944 2493 374697 14918512
PT [3 0 171 -77 1]
 P 138722 2493 374700 14988346
PT [3 0 172 -77 1]
 P 139209 2565 378100 15062233
PT [3 0 173 -78 1]
 P 139209 2565 381490 15132706
PT [3 0 174 -78 1]
 P 140781 2565 381493 15204886
PT [3 0 175 -78 1]
 P 142682 2919 381511 15279798
PT [3 0 176 -80 1]
 P 143169 2991 384912 15350409
PT [3 0 177 -80 1]
 P 143169 2991 388302 15421426
PT [3 0 178 -80 1]
 P 143169 2991 391692 15493606
PT [3 0 179 -80 1]
 P 144334 2991 391695 15565786
PT [3 0 180 -80 1]
 P 146110 3345 391715 15640858
PT [3 0 181 -82 1]
 P 146175 3345 397677 15715097
PT [3 0 182 -82 1]
 P 146759 3417 401077 15784321
PT [3 0 183 -82 1]
 P 148687 3772 401097 15856885
PT [3 0 184 -83 1]
 P 149460 3772 401100 15926686
PT [3 0 185 -83 1]
 P 150043 3844 404501 16000061
PT [3 0 186 -84 1]
 P 150043 3844 407891 16071046
PT [3 0 187 -84 1]
 P 150043 3844 411281 16143226
PT [3 0 188 -84 1]
 P 151599 3844 411284 16215406
PT [3 0 189 -84 1]
 P 152792 3844 411287 16287586
PT [3 0 190 -84 1]
 P 154698 4198 411306 16362177
PT [3 0 191 -86 1]
 P 155017 4198 414701 16433240
PT [3 0 192 -86 1]
 P 157023 4552 414720 16505641
PT [3 0 193 -87 1]
 P 157805 4552 414724 16576306
PT [3 0 194 -87 1]
 P 158416 4552 420140 16652733
PT [3 0 195 -87 1]
 P 158999 4624 423541 16722661
PT [3 0 196 -88 1]
 P 159486 4696 426941 16794264
PT [3 0 197 -88 1]
 P 161051 4696 426944 16865026
PT [3 0 198 -88 1]
 P 162951 5050 426964 16938369
PT [3 0 199 -89 1]
 P 163503 5122 430365 17011734
PT [3 0 200 -90 1]
 P 163503 5122 433755 17081566
PT [3 0 201 -90 1]
 P 163916 5122 437150 17155742
PT [3 0 202 -90 1]
 P 165074 5122 437153 17225926
PT [3 0 203 -90 1]
 P 166978 5405 437170 17299411
PT [3 0 204 -91 1]
 P 167001 5405 440562 17371920
PT [3 0 205 -91 1]
 P 167552 5405 443961 17444187
PT [3 0 206 -92 1]
 P 169449 5760 443979 17516993
PT [3 0 207 -92 1]
 P 170218 5760 443982 17586826
PT [3 0 208 -92 1]
 P 170833 5832 447382 17660232
PT [3 0 209 -93 1]
 P 171385 5832 450781 17733292
PT [3 0 210 -94 1]
 P 171970 5904 454182 17805779
PT [3 0 211 -94 1]
 P 173521 5904 454185 17875546
PT [3 0 212 -94 1]
 P 174232 5904 454188 17947726
PT [3 0 213 -94 1]
 P 176140 6187 454204 18022780
PT [3 0 214 -95 1]
 P 176583 6187 457599 18094463
PT [3 0 215 -95 1]
 P 178555 6542 457617 18165749
PT [3 0 216 -96 1]
 P 179333 6542 457620 18236446
PT [3 0 217 -96 1]
 P 179398 6542 463582 18312873
PT [3 0 218 -96 1]
 P 179950 6542 466980 18382528
PT [3 0 219 -97 1]
 P 180469 6614 470381 18454437
PT [3 0 220 -98 1]
 P 182030 6614 470384 18525166
PT [3 0 221 -98 1]
 P 183898 6896 470402 18598235
PT [3 0 222 -99 1]
 P 184417 6968 473802 18671841
PT [3 0 223 -99 1]
 P 184937 7040 477202 18744053
PT [3 0 224 -100 1]
 P 185457 7112 480603 18815626
PT [3 0 225 -100 1]
 P 186611 7112 480606 18886066
PT [3 0 226 -100 1]
 P 188417 7394 480624 18960703
PT [3 0 227 -101 1]
 P 188968 7466 484024 19031652
PT [3 0 228 -101 1]
 P 189583 7538 487425 19103801
PT [3 0 229 -102 1]
 P 191543 7820 487443 19177659
PT [3 0 230 -102 1]
 P 192307 7820 487446 19246966
PT [3 0 231 -102 1]
 P 192858 7892 490847 19321269
PT [3 0 232 -103 1]
 P 192923 7892 494239 19393130
PT [3 0 233 -103 1]
 P 193410 7892 497638 19465163
PT [3 0 234 -104 1]
 P 194957 7892 497641 19535686
PT [3 0 235 -104 1]
 P 196141 7892 497644 19607866
PT [3 0 236 -104 1]
 P 198017 8246 497664 19682458
PT [3 0 237 -105 1]
 P 198813 8246 497667 19752226
PT [3 0 238 -105 1]
 P 200783 8528 497685 19826511
PT [3 0 239 -106 1]
 P 201554 8528 497688 19896586
PT [3 0 240 -106 1]
 P 203141 8528 497691 19968766
PT [3 0 241 -106 1]
 P 203661 8600 501092 20043294
PT [3 0 242 -106 1]
 P 204213 8600 504490 20114656
PT [3 0 243 -108 1]
 P 205416 8600 504493 20185306
PT [3 0 244 -108 1]
 P 207379 8954 504511 20260281
PT [3 0 245 -108 1]
 P 208079 8954 504514 20329666
PT [3 0 246 -108 1]
 P 209712 8954 504518 20401846
PT [3 0 247 -108 1]
 P 210983 8954 504521 20474026
PT [3 0 248 -108 1]
 P 212769 9237 504538 20547031
PT [3 0 1 0 1]
 P 213648 9237 504541 20618276
PT [3 0 2 0 1]
 P 213872 9237 507936 20692839
PT [3 0 3 0 1]
 P 213937 9400 511328 20764028
PT [3 0 4 0 1]
 P 215611 9400 511331 20834816
PT [3 0 5 0 1]
 P 217689 9400 511348 20908269
PT [3 0 6 -2 1]
 P 219755 9400 511365 20980130
PT [3 0 7 -3 1]
 P 222413 9472 511384 21053767
PT [3 0 8 -3 1]
 P 225505 9827 511402 21126619
PT [3 0 9 -4 1]
 P 226772 9827 511405 21195716
PT [3 0 10 -4 1]
 P 228786 9827 511421 21268913
PT [3 0 11 -4 1]
 P 229687 9827 511424 21340076
PT [3 0 12 -4 1]
 P 231676 9899 511443 21415243
PT [3 0 13 -5 1]
 P 232553 9899 511446 21484436
PT [3 0 14 -5 1]
 P 234516 9899 511463 21558529
PT [3 0 15 -6 1]
 P 235368 9899 511466 21628796
PT [3 0 16 -6 1]
 P 236208 9899 511469 21700976
PT [3 0 17 -6 1]
 P 237036 9899 511472 21773156
PT [3 0 18 -6 1]
 P 237851 9899 511476 21845336
PT [3 0 19 -6 1]
 P 238654 9899 511479 21917516
PT [3 0 20 -6 1]
 P 239445 9899 511482 21989696
PT [3 0 21 -6 1]
 P 240224 9899 511485 22061876
PT [3 0 22 -6 1]
 P 240991 9899 511488 22134056
PT [3 0 23 -6 1]
 P 241745 9899 511492 22206236
PT [3 0 24 -6 1]
 P 242487 9899 511495 22278416
PT [3 0 25 -6 1]
 P 243217 9899 511499 22350596
PT [3 0 26 -6 1]
 P 243935 9899 511502 22422776
PT [3 0 27 -6 1]
 P 244641 9899 511505 22494956
PT [3 0 28 -6 1]
 P 245334 9899 511508 22567136
PT [3 0 29 -6 1]
 P 246015 9899 511511 22639316
PT [3 0 30 -6 1]
 P 246684 9899 511514 22711496
PT [3 0 31 -6 1]
 P 247341 9899 511517 22783676
PT [3 0 32 -6 1]
 P 247985 9899 511521 22855856
PT [3 0 33 -6 1]
 P 248617 9899 511524 22928036
PT [3 0 34 -6 1]
 P 249237 9899 511527 23000216
PT [3 0 35 -6 1]
 P 249846 9899 511530 23072396
PT [3 0 36 -6 1]
 P 250442 9899 511533 23144576
PT [3 0 37 -6 1]
 P 251025 9899 511537 23216756
PT [3 0 38 -6 1]
 P 251596 9899 511540 23288936
PT [3 0 39 -6 1]
 P 252155 9899 511543 23361116
PT [3 0 40 -6 1]
 P 252702 9899 511546 23433296
PT [3 0 41 -6 1]
 P 253237 9899 511549 23505476
PT [3 0 42 -6 1]
 P 253759 9899 511552 23577656
PT [3 0 43 -6 1]
 P 254269 9899 511555 23649836
PT [3 0 44 -6 1]
 P 254767 9899 511558 23722016
PT [3 0 45 -6 1]
 P 255253 9899 511561 23794196
PT [3 0 46 -6 1]
 P 255728 9899 511564 23866376
PT [3 0 47 -6 1]
 P 256189 9899 511567 23938556
PT [3 0 48 -6 1]
 P 256638 9899 511570 24010736
PT [3 0 49 -6 1]
 P 257075 9899 511573 24082916
PT [3 0 50 -6 1]
 P 257500 9899 511576 24155096
PT [3 0 51 -6 1]
 P 257912 9899 511580 24227276
PT [3 0 52 -6 1]
 P 258312 9899 511583 24299456
PT [3 0 53 -6 1]
 P 258700 9899 511586 24371636
PT [3 0 54 -6 1]
 P 259076 9899 511589 24443816
PT [3 0 55 -6 1]
 P 259440 9899 511592 24515996
PT [3 0 56 -6 1]
 P 259791 9899 511595 24588176
PT [3 0 57 -6 1]
 P 260130 9899 511598 24660356
PT [3 0 58 -6 1]
 P 260457 9899 511601 24732536
PT [3 0 59 -6 1]
 P 260772 9899 511604 24804716
PT [3 0 60 -6 1]
 P 261074 9899 511608 24876896
PT [3 0 61 -6 1]
 P 261364 9899 511611 24949076
PT [3 0 62 -6 1]
 P 262745 9971 511629 25024146
PT [3 0 63 -26 1]
 P 263635 9971 511632 25093436
PT [3 0 64 -26 1]
 P 265638 10043 511652 25168668
PT [3 0 65 -27 1]
 P 266504 10043 511655 25237796
PT [3 0 66 -27 1]
 P 268481 10398 511674 25312707
PT [3 0 67 -28 1]
 P 269323 10398 511677 25382156
PT [3 0 68 -28 1]
 P 271210 10470 511696 25456171
PT [3 0 69 -29 1]
 P 272027 10470 511699 25526516
PT [3 0 70 -29 1]
 P 272832 10470 511702 25598696
PT [3 0 71 -29 1]
 P 273625 10470 511705 25670876
PT [3 0 72 -29 1]
 P 275494 10542 511723 25745627
PT [3 0 73 -31 1]
 P 276382 10542 511726 25815236
PT [3 0 74 -31 1]
 P 278305 10818 511745 25890180
PT [3 0 75 -31 1]
 P 279168 10818 511748 25959596
PT [3 0 76 -31 1]
 P 281076 10818 511765 26033913
PT [3 0 77 -32 1]
 P 283035 10890 511783 26105567
PT [3 0 78 -33 1]
 P 284692 10890 511786 26176136
PT [3 0 79 -33 1]
 P 286658 11173 511802 26250422
PT [3 0 80 -33 1]
 P 288577 11245 511822 26323003
PT [3 0 81 -34 1]
 P 291025 11600 511840 26394799
PT [3 0 82 -34 1]
 P 292286 11600 511843 26464856
PT [3 0 83 -34 1]
 P 294103 11883 511860 26538085
PT [3 0 84 -35 1]
 P 296055 11955 511878 26611243
PT [3 0 85 -36 1]
 P 298598 12309 511900 26683615
PT [3 0 86 -36 1]
 P 301607 12664 511920 26755475
PT [3 0 87 -36 1]
 P 303425 13019 511939 26828840
PT [3 0 88 -37 1]
 P 304266 13019 511942 26897936
PT [3 0 89 -37 1]
 P 304818 13091 515342 26971631
PT [3 0 90 -38 1]
 P 305305 13163 518743 27044035
PT [3 0 91 -38 1]
 P 305793 13235 522143 27116887
PT [3 0 92 -39 1]
 P 307709 13517 522161 27189369
PT [3 0 93 -39 1]
 P 308493 13517 522165 27258836
PT [3 0 94 -39 1]
 P 310218 13517 522169 27331016
PT [3 0 95 -39 1]
 P 310737 13589 525569 27404839
PT [3 0 96 -40 1]
 P 312089 13589 525572 27475376
PT [3 0 97 -40 1]
 P 314057 13871 525591 27550238
PT [3 0 98 -41 1]
 P 314908 13871 525594 27619736
PT [3 0 99 -41 1]
 P 316574 13871 525597 27691916
PT [3 0 100 -41 1]
 P 316639 13871 531559 27768215
PT [3 0 101 -41 1]
 P 318560 13871 531576 27837549
PT [3 0 102 -43 1]
 P 319362 13871 531579 27908456
PT [3 0 103 -43 1]
 P 321258 13943 531597 27981831
PT [3 0 104 -44 1]
 P 322035 13943 531601 28052816
PT [3 0 105 -44 1]
 P 324071 13943 531618 28127198
PT [3 0 106 -44 1]
 P 324953 13943 531621 28197176
PT [3 0 107 -44 1]
 P 326931 14015 531639 28272471
PT [3 0 108 -45 1]
 P 327788 14015 531642 28341536
PT [3 0 109 -45 1]
 P 329644 14015 531659 28414637
PT [3 0 110 -46 1]
 P 330477 14015 531662 28485896
PT [3 0 111 -46 1]
 P 332373 14087 531681 28561031
PT [3 0 112 -47 1]
 P 333181 14087 531684 28630256
PT [3 0 113 -47 1]
 P 333977 14087 531687 28702436
PT [3 0 114 -47 1]
 P 334762 14087 531690 28774616
PT [3 0 115 -47 1]
 P 335534 14087 531693 28846796
PT [3 0 116 -47 1]
 P 336293 14087 531697 28918976
PT [3 0 117 -47 1]
 P 337040 14087 531700 28991156
PT [3 0 118 -47 1]
 P 337775 14087 531703 29063336
PT [3 0 119 -47 1]
 P 338498 14087 531706 29135516
PT [3 0 120 -47 1]
 P 339209 14087 531709 29207696
PT [3 0 121 -47 1]
 P 339907 14087 531712 29279876
PT [3 0 122 -47 1]
 P 340593 14087 531715 29352056
PT [3 0 123 -47 1]
 P 341267 14087 531718 29424236
PT [3 0 124 -47 1]
 P 341929 14087 531721 29496416
PT [3 0 125 -47 1]
 P 342580 14087 531725 29568596
PT [3 0 126 -47 1]
 P 343218 14087 531729 29640776
PT [3 0 127 -47 1]
 P 343844 14087 531732 29712956
PT [3 0 128 -47 1]
 P 344458 14087 531735 29785136
PT [3 0 129 -47 1]
 P 345060 14087 531738 29857316
PT [3 0 130 -47 1]
 P 345650 14087 531741 29929496
PT [3 0 131 -47 1]
 P 346227 14087 531744 30001676
PT [3 0 132 -47 1]
 P 346792 14087 531747 30073856
PT [3 0 133 -47 1]
 P 347345 14087 531750 30146036
PT [3 0 134 -47 1]
 P 347886 14087 531753 30218216
PT [3 0 135 -47 1]
 P 348416 14087 531756 30290396
PT [3 0 136 -47 1]
 P 348932 14087 531759 30362576
PT [3 0 137 -47 1]
 P 349436 14087 531762 30434756
PT [3 0 138 -47 1]
 P 349928 14087 531765 30506936
PT [3 0 139 -47 1]
 P 350408 14087 531768 30579116
PT [3 0 140 -47 1]
 P 350875 14087 531772 30651296
PT [3 0 141 -47 1]
 P 351330 14087 531775 30723476
PT [3 0 142 -47 1]
 P 351773 14087 531778 30795656
PT [3 0 143 -47 1]
 P 352204 14087 531781 30867836
PT [3 0 144 -47 1]
 P 352623 14087 531784 30940016
PT [3 0 145 -47 1]
 P 353029 14087 531787 31012196
PT [3 0 146 -47 1]
 P 353424 14087 531790 31084376
PT [3 0 147 -47 1]
 P 353806 14087 531793 31156556
PT [3 0 148 -47 1]
 P 354176 14087 531796 31228736
PT [3 0 149 -47 1]
 P 354533 14087 531800 31300916
PT [3 0 150 -47 1]
 P 354878 14087 531803 31373096
PT [3 0 151 -47 1]
 P 355211 14087 531806 31445276
PT [3 0 152 -47 1]
 P 355532 14087 531809 31517456
PT [3 0 153 -47 1]
 P 355841 14087 531812 31589636
PT [3 0 154 -47 1]
 P 356137 14087 531816 31661816
PT [3 0 155 -47 1]
 P 356421 14087 531819 31733996
PT [3 0 156 -47 1]
 P 356693 14087 531822 31806176
PT [3 0 157 -47 1]
 P 356953 14087 531825 31878356
PT [3 0 158 -47 1]
 P 357201 14087 531828 31950536
PT [3 0 159 -47 1]
 P 357436 14087 531831 32022716
PT [3 0 160 -47 1]
 P 357659 14087 531834 32094896
PT [3 0 161 -47 1]
 P 357870 14087 531837 32167076
PT [3 0 162 -47 1]
 P 358069 14087 531840 32239256
PT [3 0 163 -47 1]
 P 358255 14087 531844 32311436
PT [3 0 164 -47 1]
 P 358429 14087 531847 32383616
PT [3 0 165 -47 1]
 P 358591 14087 531850 32455796
PT [3 0 166 -47 1]
 P 358741 14087 531853 32527976
PT [3 0 167 -47 1]
 P 358880 14087 531856 32600156
PT [3 0 168 -47 1]
 P 359005 14087 531859 32672336
PT [3 0 169 -47 1]
 P 359118 14087 531862 32744516
PT [3 0 170 -47 1]
 P 359219 14087 531865 32816696
PT [3 0 171 -47 1]
 P 359308 14087 531868 32888876
PT [3 0 172 -47 1]
 P 359385 14087 531871 32961056
PT [3 0 173 -47 1]
 P 359449 14087 531874 33033236
PT [3 0 174 -47 1]
 P 359501 14087 531877 33105416
PT [3 0 175 -47 1]
 P 360514 14159 531896 33179656
PT [3 0 176 -74 1]
 P 362498 14514 531914 33252603
PT [3 0 177 -75 1]
 P 365106 14869 531934 33325007
PT [3 0 178 -75 1]
 P 368146 14941 531953 33396835
PT [3 0 179 -75 1]
 P 369963 15297 531972 33468119
PT [3 0 180 -76 1]
 P 371832 15652 531991 33541003
PT [3 0 181 -76 1]
 P 373879 16008 532010 33613407
PT [3 0 182 -77 1]
 P 376677 16080 532030 33685268
PT [3 0 183 -77 1]
 P 378124 16434 532050 33756614
PT [3 0 184 -77 1]
 P 380164 16788 532070 33829467
PT [3 0 185 -78 1]
 P 380229 16788 538032 33904219
PT [3 0 186 -78 1]
 P 380782 16860 541432 33973540
PT [3 0 187 -77 1]
 P 381269 16932 544833 34045175
PT [3 0 188 -79 1]
 P 382963 17287 544851 34117035
PT [3 0 189 -80 1]
 P 383547 17359 548252 34190495
PT [3 0 190 -80 1]
 P 384066 17431 551652 34262642
PT [3 0 191 -80 1]
 P 384650 17503 555053 34334279
PT [3 0 192 -81 1]
 P 384715 17692 558445 34407195
PT [3 0 193 -81 1]
 P 386318 18047 558466 34478352
PT [3 0 194 -82 1]
 P 389022 18119 558485 34550211
PT [3 0 195 -82 1]
 P 389526 18119 561880 34623251
PT [3 0 196 -82 1]
 P 390141 18191 565281 34695403
PT [3 0 197 -83 1]
 P 391591 18546 565299 34767999
PT [3 0 198 -83 1]
 P 392079 18546 568697 34838593
PT [3 0 199 -84 1]
 P 392630 18618 572098 34912263
PT [3 0 200 -84 1]
 P 393183 18690 575498 34984476
PT [3 0 201 -85 1]
 P 393798 18762 578899 35056111
PT [3 0 202 -85 1]
 P 395188 19044 578915 35128945
PT [3 0 203 -85 1]
 P 395675 19116 582316 35199799
PT [3 0 204 -86 1]
 P 396290 19188 585716 35272011
PT [3 0 205 -86 1]
 P 396504 19188 589111 35345369
PT [3 0 206 -86 1]
 P 397055 19188 592510 35416897
PT [3 0 207 -87 1]
 P 399533 19543 592529 35489799
PT [3 0 208 -87 1]
 P 400117 19615 595930 35560732
PT [3 0 209 -88 1]
 P 400668 19687 599330 35634062
PT [3 0 210 -88 1]
 P 401219 19687 602729 35706033
PT [3 0 211 -89 1]
 P 403454 20042 602748 35779127
PT [3 0 212 -89 1]
 P 403829 20042 606143 35850566
PT [3 0 213 -89 1]
 P 404348 20114 609544 35922367
PT [3 0 214 -90 1]
 P 404868 20114 612942 35993826
PT [3 0 215 -90 1]
 P 405387 20186 616343 36067175
PT [3 0 216 -91 1]
 P 408680 20540 616363 36139294
PT [3 0 217 -90 1]
 P 410333 20612 616382 36210895
PT [3 0 218 -92 1]
 P 410344 20612 619774 36283629
PT [3 0 219 -92 1]
 P 410896 20612 623172 36355238
PT [3 0 220 -92 1]
 P 413430 20966 623192 36428171
PT [3 0 221 -93 1]
 P 413982 21038 626592 36499039
PT [3 0 222 -93 1]
 P 414533 21038 629991 36572161
PT [3 0 223 -94 1]
 P 415020 21110 633391 36644551
PT [3 0 224 -94 1]
 P 415573 21182 636791 36716187
PT [3 0 225 -95 1]
 P 416997 21537 636811 36789327
PT [3 0 226 -95 1]
 P 416997 21537 640201 36858776
PT [3 0 227 -95 1]
 P 417516 21537 643600 36931909
PT [3 0 228 -96 1]
 P 418067 21609 647000 37004266
PT [3 0 229 -96 1]
 P 420749 21964 647019 37078495
PT [3 0 230 -97 1]
 P 420749 21964 650409 37147496
PT [3 0 231 -97 1]
 P 421237 21964 653807 37221494
PT [3 0 232 -98 1]
 P 421822 22036 657208 37294428
PT [3 0 233 -98 1]
 P 421822 22036 660598 37364036
PT [3 0 234 -98 1]
 P 424333 22391 660617 37437699
PT [3 0 235 -99 1]
 P 424398 22391 666579 37513251
PT [3 0 236 -99 1]
 P 424982 22391 669977 37582329
PT [3 0 237 -100 1]
 P 425533 22463 673378 37654239
PT [3 0 238 -100 1]
 P 425533 22463 676768 37724936
PT [3 0 239 -100 1]
 P 428175 22746 676786 37798069
PT [3 0 240 -101 1]
 P 428639 22746 680181 37871311
PT [3 0 241 -101 1]
 P 429222 22818 683582 37943471
PT [3 0 242 -102 1]
 P 429805 22890 686982 38015171
PT [3 0 243 -102 1]
 P 431883 23173 686998 38086789
PT [3 0 244 -103 1]
 P 432434 23245 690399 38160363
PT [3 0 245 -103 1]
 P 432986 23317 693799 38232575
PT [3 0 246 -104 1]
 P 432986 23317 697189 38302376
PT [3 0 247 -104 1]
 P 433601 23317 700587 38376149
PT [3 0 248 -104 1]
 P 435140 23671 700608 38449403
PT [3 0 249 -105 1]
 P 437208 23743 700628 38520047
PT [3 0 250 -105 1]
 P 437208 23743 704018 38591096
PT [3 0 251 -105 1]
 P 437273 23743 709980 38668067
PT [3 0 252 -105 1]
 P 440573 24026 709998 38736731
PT [3 0 253 -106 1]
 P 441188 24098 713399 38810111
PT [3 0 254 -107 1]
 P 441771 24170 716799 38881011
PT [3 0 255 -107 1]
 P 442324 24170 720197 38954101
PT [3 0 256 -108 1]
 P 442811 24242 723598 39026491
PT [3 0 257 -108 1]
 P 445701 24599 723617 39099440
PT [3 0 1 0 1]
 P 445701 24599 727007 39168427
PT [3 0 2 0 1]
 P 445766 24599 732969 39245174
PT [3 0 3 0 1]
 P 446349 24599 736368 39314540
PT [3 0 4 -1 1]
 P 446932 24671 739768 39386482
PT [3 0 5 -1 1]
 P 448373 25025 739788 39458374
PT [3 0 6 -2 1]
 P 451744 25025 739806 39531528
PT [3 0 7 -2 1]
 P 452232 25097 743206 39603216
PT [3 0 8 -3 1]
 P 452232 25097 746596 39673687
PT [3 0 9 -3 1]
 P 454134 25451 746616 39748533
PT [3 0 10 -3 1]
 P 454621 25451 750015 39818968
PT [3 0 11 -4 1]
 P 455108 25523 753415 39891294
PT [3 0 12 -4 1]
 P 455108 25523 756805 39962407
PT [3 0 13 -4 1]
 P 455108 25523 760195 40034587
PT [3 0 14 -4 1]
 P 456687 25805 762777 40111718
PT [3 0 15 -4 1]
 P 457302 25877 766178 40180974
PT [3 0 16 -6 1]
 P 457885 25949 769578 40252641
PT [3 0 17 -6 1]
 P 457885 25949 772968 40323307
PT [3 0 18 -6 1]
 P 459324 26303 772988 40396682
PT [3 0 19 -7 1]
 P 459389 26303 776380 40469279
PT [3 0 20 -7 1]
 P 459909 26375 779781 40541778
PT [3 0 21 -8 1]
 P 459909 26375 783171 40612027
PT [3 0 22 -8 1]
 P 459909 26375 786561 40684207
PT [3 0 23 -8 1]
 P 462753 26657 786579 40758557
PT [3 0 24 -9 1]
 P 464597 26729 786598 40830914
PT [3 0 25 -10 1]
 P 465166 26729 792056 40904962
PT [3 0 26 -10 1]
 P 465783 26801 795456 40974955
PT [3 0 27 -11 1]
 P 466366 26873 798857 41046622
PT [3 0 28 -11 1]
 P 468697 27156 798875 41118241
PT [3 0 29 -11 1]
 P 469216 27228 802276 41191782
PT [3 0 30 -12 1]
 P 469216 27228 805666 41261647
PT [3 0 31 -12 1]
 P 469227 27228 809058 41335416
PT [3 0 32 -12 1]
 P 472497 27511 809077 41407248
PT [3 0 33 -13 1]
 P 473033 27511 814568 41482434
PT [3 0 34 -13 1]
 P 473648 27583 817969 41552394
PT [3 0 35 -14 1]
 P 474231 27655 821369 41624062
PT [3 0 36 -14 1]
 P 474814 27727 824770 41697170
PT [3 0 37 -15 1]
 P 477771 28083 824789 41769223
PT [3 0 38 -15 1]
 P 477771 28083 828179 41839087
PT [3 0 39 -15 1]
 P 477782 28083 831571 41912856
PT [3 0 40 -15 1]
 P 478334 28083 834969 41985169
PT [3 0 41 -16 1]
 P 480187 28437 834988 42058038
PT [3 0 42 -17 1]
 P 481777 28437 839425 42130806
PT [3 0 43 -17 1]
 P 482392 28509 842826 42202014
PT [3 0 44 -18 1]
 P 482975 28581 846227 42273682
PT [3 0 45 -18 1]
 P 482975 28581 849617 42344347
PT [3 0 46 -18 1]
 P 484610 28935 849637 42417723
PT [3 0 47 -19 1]
 P 487760 28935 849653 42490812
PT [3 0 48 -19 1]
 P 488311 29007 853054 42562658
PT [3 0 49 -20 1]
 P 488311 29007 856444 42633067
PT [3 0 50 -20 1]
 P 488311 29007 859834 42705247
PT [3 0 51 -20 1]
 P 491215 29290 859852 42779916
PT [3 0 52 -21 1]
 P 491832 29362 863252 42850899
PT [3 0 53 -21 1]
 P 492383 29434 866653 42922918
PT [3 0 54 -22 1]
 P 492383 29434 870043 42993967
PT [3 0 55 -22 1]
 P 494922 29716 870059 43068988
PT [3 0 56 -23 1]
 P 495442 29788 873460 43140418
PT [3 0 57 -23 1]
 P 496058 29860 876860 43213110
PT [3 0 58 -24 1]
 P 496058 29860 880250 43282687
PT [3 0 59 -24 1]
 P 496123 29860 886212 43359530
PT [3 0 60 -24 1]
 P 496706 29860 889611 43428800
PT [3 0 61 -25 1]
 P 498567 30214 889629 43501670
PT [3 0 62 -25 1]
 P 499118 30286 893030 43572570
PT [3 0 63 -26 1]
 P 499118 30286 896420 43643587
PT [3 0 64 -26 1]
 P 501112 30568 896436 43717938
PT [3 0 65 -25 1]
 P 501727 30640 899837 43789782
PT [3 0 66 -27 1]
 P 501793 30640 905800 43865047
PT [3 0 67 -27 1]
 P 502376 30712 909201 43934302
PT [3 0 68 -28 1]
 P 502991 30784 912601 44006034
PT [3 0 69 -28 1]
 P 505468 31139 912620 44077799
PT [3 0 70 -29 1]
 P 505468 31139 916010 44148847
PT [3 0 71 -29 1]
 P 505468 31139 919400 44221027
PT [3 0 72 -29 1]
 P 506019 31139 922799 44295312
PT [3 0 73 -30 1]
 P 506570 31211 926199 44367766
PT [3 0 74 -30 1]
 P 509430 31565 926218 44440586
PT [3 0 75 -31 1]
 P 509430 31565 929608 44509747
PT [3 0 76 -31 1]
 P 509495 31565 935570 44586494
PT [3 0 77 -31 1]
 P 510110 31565 938969 44655892
PT [3 0 78 -32 1]
 P 511933 31919 938987 44728634
PT [3 0 79 -32 1]
 P 512420 31991 942388 44799566
PT [3 0 80 -33 1]
 P 513003 31991 945787 44872784
PT [3 0 81 -33 1]
 P 513490 32063 949188 44945142
PT [3 0 82 -34 1]
 P 513490 32063 952578 45015007
PT [3 0 83 -34 1]
 P 515381 32418 952596 45090270
PT [3 0 84 -35 1]
 P 517449 32418 952614 45160384
PT [3 0 85 -35 1]
 P 517968 32490 956014 45232645
PT [3 0 86 -35 1]
 P 517968 32490 959404 45303727
PT [3 0 87 -35 1]
 P 520787 32844 959422 45378958
PT [3 0 88 -36 1]
 P 521307 32844 962820 45449937
PT [3 0 89 -37 1]
 P 521826 32916 966221 45522774
PT [3 0 90 -37 1]
 P 521826 32916 969611 45592447
PT [3 0 91 -37 1]
 P 521826 32916 973001 45664627
PT [3 0 92 -37 1]
 P 523312 33199 973019 45738017
PT [3 0 93 -38 1]
 P 523670 33199 976414 45811568
PT [3 0 94 -38 1]
 P 524286 33271 979815 45883195
PT [3 0 95 -39 1]
 P 524903 33343 983215 45954895
PT [3 0 96 -40 1]
 P 525422 33415 986616 46027906
PT [3 0 97 -40 1]
 P 527422 33770 986636 46099992
PT [3 0 98 -40 1]
 P 527422 33770 990026 46169887
PT [3 0 99 -40 1]
 P 527422 33770 993416 46242067
PT [3 0 100 -40 1]
 P 528038 33770 996814 46316448
PT [3 0 101 -42 1]
 P 529732 34124 996835 46389447
PT [3 0 102 -42 1]
 P 530216 34124 1000230 46461026
PT [3 0 103 -42 1]
 P 530642 34124 1005833 46534587
PT [3 0 104 -42 1]
 P 531257 34196 1009233 46604993
PT [3 0 105 -43 1]
 P 531840 34268 1012634 46676662
PT [3 0 106 -44 1]
 P 533443 34622 1012655 46748522
PT [3 0 107 -44 1]
 P 535564 34622 1012664 46819507
PT [3 0 108 -44 1]
 P 536052 34622 1016063 46893761
PT [3 0 109 -45 1]
 P 536604 34694 1019463 46965638
PT [3 0 110 -45 1]
 P 538055 35048 1019482 47038810
PT [3 0 111 -46 1]
 P 538055 35048 1022872 47108227
PT [3 0 112 -46 1]
 P 538055 35048 1026262 47180407
PT [3 0 113 -46 1]
 P 538606 35048 1029661 47253572
PT [3 0 114 -47 1]
 P 539094 35120 1033061 47325834
PT [3 0 115 -48 1]
 P 540420 35475 1033081 47399998
PT [3 0 116 -48 1]
 P 540420 35475 1036471 47469127
PT [3 0 117 -48 1]
 P 540939 35475 1039870 47543156
PT [3 0 118 -49 1]
 P 541458 35547 1043270 47615994
PT [3 0 119 -49 1]
 P 541458 35547 1046660 47685667
PT [3 0 120 -49 1]
 P 543872 35901 1046679 47759266
PT [3 0 121 -50 1]
 P 543937 35901 1052641 47834882
PT [3 0 122 -50 1]
 P 544424 35901 1056040 47903864
PT [3 0 123 -51 1]
 P 544975 35973 1059440 47975869
PT [3 0 124 -51 1]
 P 547178 36327 1059459 48047666
PT [3 0 125 -52 1]
 P 547665 36327 1062858 48120788
PT [3 0 126 -52 1]
 P 548249 36399 1066258 48193338
PT [3 0 127 -53 1]
 P 548249 36399 1069648 48263107
PT [3 0 128 -53 1]
 P 548249 36399 1073038 48335287
PT [3 0 129 -53 1]
 P 551540 36682 1073055 48410276
PT [3 0 130 -54 1]
 P 553257 36754 1073074 48480905
PT [3 0 131 -54 1]
 P 553843 36826 1076474 48552992
PT [3 0 132 -54 1]
 P 553843 36826 1079864 48624007
PT [3 0 133 -54 1]
 P 556345 37109 1079881 48699093
PT [3 0 134 -56 1]
 P 556960 37181 1083282 48770554
PT [3 0 135 -56 1]
 P 557543 37253 1086682 48843117
PT [3 0 136 -56 1]
 P 557543 37253 1090072 48912727
PT [3 0 137 -56 1]
 P 557608 37253 1093464 48986999
PT [3 0 138 -56 1]
 P 558968 37535 1093481 49058264
PT [3 0 139 -58 1]
 P 559482 37535 1098994 49133514
PT [3 0 140 -58 1]
 P 560098 37607 1102395 49203475
PT [3 0 141 -59 1]
 P 560682 37679 1105796 49275143
PT [3 0 142 -59 1]
 P 561266 37751 1109196 49348250
PT [3 0 143 -59 1]
 P 563839 38106 1109216 49420303
PT [3 0 144 -60 1]
 P 563839 38106 1112606 49490167
PT [3 0 145 -60 1]
 P 564314 38106 1116001 49564405
PT [3 0 146 -60 1]
 P 564865 38106 1119400 49636248
PT [3 0 147 -61 1]
 P 565417 38178 1122800 49708190
PT [3 0 148 -61 1]
 P 565417 38178 1126190 49778887
PT [3 0 149 -61 1]
 P 565859 38178 1129585 49853124
PT [3 0 150 -61 1]
 P 566475 38178 1132983 49925032
PT [3 0 151 -63 1]
 P 567027 38250 1136384 49996910
PT [3 0 152 -63 1]
 P 567027 38250 1139774 50067607
PT [3 0 153 -63 1]
 P 567532 38250 1143169 50141907
PT [3 0 154 -63 1]
 P 568052 38250 1146567 50213657
PT [3 0 155 -64 1]
 P 568573 38322 1149967 50285599
PT [3 0 156 -64 1]
 P 568573 38322 1153357 50356327
PT [3 0 157 -64 1]
 P 568573 38322 1156747 50428507
PT [3 0 158 -64 1]
 P 569188 38322 1160146 50502920
PT [3 0 159 -66 1]
 P 569772 38394 1163546 50574062
PT [3 0 160 -67 1]
 P 569772 38394 1166936 50645047
PT [3 0 161 -67 1]
 P 569772 38394 1170326 50717227
PT [3 0 162 -67 1]
 P 570345 38394 1175780 50793590
PT [3 0 163 -67 1]
 P 570960 38466 1179180 50863614
PT [3 0 164 -68 1]
 P 570960 38466 1182570 50933767
PT [3 0 165 -68 1]
 P 570960 38466 1185960 51005947
PT [3 0 166 -68 1]
 P 571544 38466 1189358 51079401
PT [3 0 167 -69 1]
 P 572127 38538 1192759 51152750
PT [3 0 168 -70 1]
 P 572127 38538 1196149 51222487
PT [3 0 169 -70 1]
 P 572127 38538 1199539 51294667
PT [3 0 170 -70 1]
 P 572646 38538 1202938 51367736
PT [3 0 171 -71 1]
 P 573199 38610 1206338 51441375
PT [3 0 172 -72 1]
 P 573199 38610 1209728 51511207
PT [3 0 173 -72 1]
 P 573199 38610 1213118 51583387
PT [3 0 174 -72 1]
 P 573738 38610 1218606 51659782
PT [3 0 175 -72 1]
 P 574353 38682 1222006 51729774
PT [3 0 176 -73 1]
 P 574353 38682 1225396 51799927
PT [3 0 177 -73 1]
 P 574353 38682 1228786 51872107
PT [3 0 178 -73 1]
 P 574937 38682 1232184 51945561
PT [3 0 179 -74 1]
 P 575520 38754 1235585 52018910
PT [3 0 180 -75 1]
 P 575520 38754 1238975 52088647
PT [3 0 181 -75 1]
 P 575520 38754 1242365 52160827
PT [3 0 182 -75 1]
 P 576039 38754 1245764 52233896
PT [3 0 183 -76 1]
 P 576591 38826 1249164 52307534
PT [3 0 184 -77 1]
 P 576591 38826 1252554 52377367
PT [3 0 185 -77 1]
 P 576591 38826 1255944 52449547
PT [3 0 186 -77 1]
 P 577127 38826 1261435 52525942
PT [3 0 187 -77 1]
 P 577742 38898 1264835 52595934
PT [3 0 188 -78 1]
 P 577742 38898 1268225 52666087
PT [3 0 189 -78 1]
 P 577742 38898 1271615 52738267
PT [3 0 190 -78 1]
 P 578326 38898 1275013 52811721
PT [3 0 191 -79 1]
 P 578909 38970 1278414 52885070
PT [3 0 192 -80 1]
 P 578909 38970 1281804 52954807
PT [3 0 193 -80 1]
 P 578909 38970 1285194 53026987
PT [3 0 194 -80 1]
 P 579428 38970 1288593 53100056
PT [3 0 195 -81 1]
 P 579979 39042 1291994 53173694
PT [3 0 196 -82 1]
 P 579979 39042 1295384 53243527
PT [3 0 197 -82 1]
 P 579979 39042 1298774 53315707
PT [3 0 198 -82 1]
 P 580513 39042 1304267 53392102
PT [3 0 199 -82 1]
 P 581128 39114 1307667 53462093
PT [3 0 200 -83 1]
 P 581128 39114 1311057 53532247
PT [3 0 201 -83 1]
 P 581128 39114 1314447 53604427
PT [3 0 202 -83 1]
 P 581712 39114 1317845 53677881
PT [3 0 203 -85 1]
 P 582295 39186 1321246 53751230
PT [3 0 204 -85 1]
 P 582295 39186 1324636 53820967
PT [3 0 205 -85 1]
 P 582295 39186 1328026 53893147
PT [3 0 206 -85 1]
 P 582295 39186 1331416 53965327
PT [3 0 207 -85 1]
 P 582815 39186 1334814 54038396
PT [3 0 208 -87 1]
 P 583367 39258 1338215 54112035
PT [3 0 209 -86 1]
 P 583367 39258 1341605 54181867
PT [3 0 210 -86 1]
 P 583367 39258 1344995 54254047
PT [3 0 211 -86 1]
 P 583898 39258 1350491 54330442
PT [3 0 212 -86 1]
 P 584513 39330 1353892 54400434
PT [3 0 213 -89 1]
 P 584513 39330 1357282 54470587
PT [3 0 214 -89 1]
 P 584513 39330 1360672 54542767
PT [3 0 215 -89 1]
 P 585096 39330 1364071 54616220
PT [3 0 216 -90 1]
 P 585682 39402 1367471 54689571
PT [3 0 217 -89 1]
 P 585682 39402 1370861 54759307
PT [3 0 218 -89 1]
 P 585682 39402 1374251 54831487
PT [3 0 219 -89 1]
 P 586201 39402 1377650 54904556
PT [3 0 220 -92 1]
 P 586752 39474 1381050 54978194
PT [3 0 221 -92 1]
 P 586752 39474 1384440 55048027
PT [3 0 222 -92 1]
 P 586752 39474 1387830 55120207
PT [3 0 223 -92 1]
 P 587280 39474 1393329 55196602
PT [3 0 224 -92 1]
 P 587896 39546 1396730 55266595
PT [3 0 225 -93 1]
 P 587896 39546 1400120 55336747
PT [3 0 226 -93 1]
 P 587896 39546 1403510 55408927
PT [3 0 227 -93 1]
 P 588479 39546 1406909 55482380
PT [3 0 228 -95 1]
 P 589063 39618 1410309 55555730
PT [3 0 229 -96 1]
 P 589063 39618 1413699 55625467
PT [3 0 230 -96 1]
 P 589063 39618 1417089 55697647
PT [3 0 231 -96 1]
 P 589582 39618 1420488 55770716
PT [3 0 232 -97 1]
 P 590133 39690 1423888 55844354
PT [3 0 233 -97 1]
 P 590133 39690 1427278 55914187
PT [3 0 234 -97 1]
 P 590133 39690 1430668 55986367
PT [3 0 235 -97 1]
 P 590659 39690 1436169 56062762
PT [3 0 236 -97 1]
 P 591274 39762 1439570 56132754
PT [3 0 237 -99 1]
 P 591274 39762 1442960 56202907
PT [3 0 238 -99 1]
 P 591274 39762 1446350 56275087
PT [3 0 239 -99 1]
 P 591857 39762 1449749 56348540
PT [3 0 240 -100 1]
 P 592440 39834 1453150 56421890
PT [3 0 241 -101 1]
 P 592440 39834 1456540 56491627
PT [3 0 242 -101 1]
 P 592440 39834 1459930 56563807
PT [3 0 243 -101 1]
 P 592959 39834 1463329 56636876
PT [3 0 244 -102 1]
 P 593511 39906 1466729 56710513
PT [3 0 245 -102 1]
 P 593511 39906 1470119 56780347
PT [3 0 246 -102 1]
 P 593511 39906 1473509 56852527
PT [3 0 247 -102 1]
 P 594035 39906 1479014 56928923
PT [3 0 248 -102 1]
 P 594651 39978 1482415 56998915
PT [3 0 249 -104 1]
 P 594651 39978 1485805 57069067
PT [3 0 250 -104 1]
 P 594651 39978 1489195 57141247
PT [3 0 251 -104 1]
 P 595236 39978 1492594 57214702
PT [3 0 252 -105 1]
 P 595819 40050 1495995 57288050
PT [3 0 253 -106 1]
 P 595819 40050 1499385 57357787
PT [3 0 254 -106 1]
 P 595819 40050 1502775 57429967
PT [3 0 255 -106 1]
 P 595819 40050 1506165 57502147
PT [3 0 256 -106 1]
 P 596341 40050 1509564 57575218
PT [3 0 257 -106 1]
 P 596893 40122 1512965 57648854
PT [3 0 258 -108 1]
 P 596893 40122 1516355 57718687
PT [3 0 259 -108 1]
 P 596893 40122 1519745 57790867
PT [3 0 260 -108 1]
 P 597414 40122 1525251 57867262
PT [3 0 261 -108 1]
 P 598030 40194 1528651 57937254
PT [3 0 1 0 1]
 P 598030 40194 1532041 58007298
PT [3 0 2 0 1]
 P 598030 40194 1535431 58079478
PT [3 0 3 0 1]
 P 598519 40194 1538829 58152836
PT [3 0 4 -2 1]
 P 599070 40266 1542230 58226249
PT [3 0 5 -2 1]
 P 599070 40266 1545620 58296018
PT [3 0 6 -2 1]
 P 599070 40266 1549010 58368198
PT [3 0 7 -2 1]
 P 599654 40266 1552408 58441332
PT [3 0 8 -3 1]
 P 600205 40338 1555809 58514905
PT [3 0 9 -4 1]
 P 600205 40338 1559199 58584738
PT [3 0 10 -4 1]
 P 600205 40338 1562589 58656918
PT [3 0 11 -4 1]
 P 600692 40338 1565988 58731171
PT [3 0 12 -5 1]
 P 601180 40410 1569388 58802985
PT [3 0 13 -6 1]
 P 601180 40410 1572778 58873458
PT [3 0 14 -6 1]
