using saved target 'z1'
../../../../contiki/tools/sky/serialdump-linux -b115200 /dev/ttyUSB2
connecting to /dev/ttyUSB2 (115200) [OK]
Rime started with address 3.0
MAC 03:00:00:00:00:00:00:00 Ref ID: 4841
Contiki-3.x-2125-g5d67a61 started. Node id is set to 3.

************************************************
RTIMER_SECOND = 32768. F_CPU=8000000.
CLOCK_SECOND=128.
DURSLOT = 6015.(0.1835 s).
DURSLEEP = 66165.
DURCYCLE = 72180 .(2.2027 s).
MAX_CLOCK_DRIFT = WAKEUP_ADVANCE_TIME = 327 (0.0033 s).
PERIODIC_BCAST_CYCLES_SENSOR = 917507.
PERIODIC_BCAST_CYCLES_SINK = 917507.
MAX_CYCLE_COUNTER = 27904.
MAX_COUNT_NO_RTS_CTS = 65535.
MAX_CHILD_NUM = 10.
MAX_TRY_TO_FIND_PARENT = 3.

**********Below is Related Settings**********
PRIMAC_CONF_COMPOWER = 1.
PRIMAC_CONF_COMPOWER_SUPPORT = 1.
SF = 10.
PRI_SYNC_SUPPORT = 1.
RANDOM_DRIFT_IN_COOJA_SUPPORT = 0.
ADCSC_SUPPORT = 1.
DATA_TX_SUPPORT = 1.
CYCLES_PER_PACKET = 0.
DATA_INTERVAL = 1.
RETX_LIMIT = 6.
TOTAL_DATA_NUM = 50.
MAX_DATA_QUEUE_BUFS = 10.
PROC_GRADE_BASED_ON_ADDR_SUPPORT = 1.
NODES_NUM_PER_GRADE = 2.
ADDRESS_FREE_SUPPORT = 0.
IS_COOJA_SIM = 0.
CROSS_PLATFORM_SUPPORT = 1.
************************************************

My address is 3.0.
nullmac PRIMAC, channel check rate 8 Hz, radio channel 26
Starting
Hello, world
 P 0 0 0 1501908
 P 0 0 3390 1574088
 P 0 0 6780 1646268
 P 0 0 10232 1719831
 P 0 0 13622 1790628
 P 0 0 17012 1862808
 P 0 0 20402 1934988
 P 0 0 23792 2007168
EMPTY QUEUE
 P 69 0 29754 2084014
EMPTY QUEUE
 P 432 0 33154 2152230
PT [1 0 1 -1 2]
 P 2764 0 34212 2223708
PT [1 0 2 -1 2]
 P 3593 0 36773 2295888
PT [1 0 3 -1 2]
 P 3593 0 40163 2368068
PT [1 0 4 -1 2]
 P 3593 0 43553 2440248
PT [1 0 5 -1 2]
EMPTY QUEUE
 P 3659 0 46944 2514648
PT [1 0 6 -1 2]
 P 5935 0 46948 2584608
PT [1 0 7 -1 2]
rcv bro rts
EMPTY QUEUE
 P 8388 0 46997 2659281
PT [1 0 8 1 2]
 P 8388 0 50387 2728968
PT [1 0 9 1 2]
 P 8388 0 53777 2801148
PT [1 0 10 1 2]
 P 8388 0 57167 2873328
PT [1 0 11 1 2]
 P 9675 0 57170 2945508
PT [1 0 12 1 2]
EMPTY QUEUE
 P 11521 0 57188 3019348
PT [1 0 13 1 2]
 P 11521 0 60578 3089868
PT [1 0 14 1 2]
 P 11521 0 63968 3162048
PT [1 0 15 1 2]
 P 11521 0 67358 3234228
PT [1 0 16 1 2]
 P 11521 0 70748 3306408
PT [1 0 17 1 2]
 P 13512 0 70751 3378588
PT [1 0 18 1 2]
EMPTY QUEUE
 P 15554 0 70768 3453133
PT [1 0 19 2 2]
 P 17801 0 70771 3522948
PT [1 0 20 2 2]
 P 17801 0 74161 3595128
PT [1 0 21 2 2]
 P 17801 0 77551 3667308
PT [1 0 22 2 2]
 P 17801 0 80941 3739488
PT [1 0 23 2 2]
EMPTY QUEUE
 P 20293 0 80957 3814225
PT [1 0 24 3 2]
 P 20293 0 84347 3883848
PT [1 0 25 3 2]
 P 22190 0 84350 3956028
PT [1 0 26 3 2]
 P 22190 0 87740 4028208
PT [1 0 27 3 2]
 P 22190 0 91130 4100388
PT [1 0 28 3 2]
EMPTY QUEUE
 P 24619 0 91147 4174804
PT [1 0 29 3 2]
 P 24619 0 94537 4244748
PT [1 0 30 3 2]
 P 26965 0 94540 4316928
PT [1 0 31 3 2]
 P 26965 0 97930 4389108
PT [1 0 32 3 2]
 P 26965 0 101320 4461288
PT [1 0 33 3 2]
EMPTY QUEUE
 P 28820 0 101337 4534872
PT [1 0 34 4 2]
 P 28820 0 104727 4605648
PT [1 0 35 4 2]
 P 31103 0 104730 4677828
PT [1 0 36 4 2]
 P 31103 0 108120 4750008
PT [1 0 37 4 2]
 P 31103 0 111510 4822188
PT [1 0 38 4 2]
EMPTY QUEUE
 P 33921 0 111526 4896477
PT [1 0 39 5 2]
 P 33921 0 114916 4966548
PT [1 0 40 5 2]
 P 35629 0 114919 5038728
PT [1 0 41 5 2]
 P 35629 0 118309 5110908
PT [1 0 42 5 2]
 P 35629 0 121699 5183088
PT [1 0 43 5 2]
EMPTY QUEUE
 P 36583 0 121708 5257296
PT [1 0 44 5 2]
EMPTY QUEUE
 P 36915 0 125106 5328117
PT [1 0 45 6 2]
 P 39584 0 125109 5399628
PT [1 0 46 6 2]
 P 39584 0 128499 5471808
PT [1 0 47 6 2]
 P 39584 0 131889 5543988
PT [1 0 48 6 2]
 P 42458 0 131897 5616168
PT [1 0 49 6 2]
EMPTY QUEUE
 P 42789 0 135296 5691000
PT [1 0 50 6 2]
 P 43859 0 135299 5760528
PT [1 0 51 6 2]
 P 43859 0 138689 5832708
PT [1 0 52 6 2]
 P 43859 0 142079 5904888
PT [1 0 53 6 2]
 P 43859 0 145469 5977068
PT [1 0 54 6 2]
EMPTY QUEUE
 P 45915 0 145487 6051325
PT [1 0 55 7 2]
 P 46922 0 145491 6121428
PT [1 0 56 7 2]
 P 46922 0 148881 6193608
PT [1 0 57 7 2]
 P 46922 0 152271 6265788
PT [1 0 58 7 2]
 P 46922 0 155661 6337968
PT [1 0 59 7 2]
EMPTY QUEUE
 P 49428 0 155678 6411137
PT [1 0 60 8 2]
 P 51909 0 155681 6482328
PT [1 0 61 8 2]
 P 51909 0 159071 6554508
PT [1 0 62 8 2]
 P 51909 0 162461 6626688
PT [1 0 63 8 2]
 P 51909 0 165851 6698868
PT [1 0 64 8 2]
EMPTY QUEUE
 P 54352 0 165869 6772484
PT [1 0 65 8 2]
 P 55746 0 165872 6843228
PT [1 0 66 8 2]
 P 55746 0 169262 6915408
PT [1 0 67 8 2]
 P 55746 0 172652 6987588
PT [1 0 68 8 2]
 P 55746 0 176042 7059768
PT [1 0 69 8 2]
EMPTY QUEUE
 P 57617 0 176059 7133320
PT [1 0 70 9 2]
 P 59460 0 176062 7204128
PT [1 0 71 9 2]
 P 59460 0 179452 7276308
PT [1 0 72 9 2]
 P 59460 0 182842 7348488
PT [1 0 73 9 2]
 P 59460 0 186232 7420668
PT [1 0 74 9 2]
EMPTY QUEUE
 P 62292 0 186249 7493645
PT [1 0 75 10 2]
 P 64072 0 186252 7565028
PT [1 0 76 10 2]
 P 64072 0 189642 7637208
PT [1 0 77 10 2]
 P 64072 0 193032 7709388
PT [1 0 78 10 2]
 P 64072 0 196422 7781568
PT [1 0 79 10 2]
EMPTY QUEUE
 P 65306 0 196439 7855504
PT [1 0 80 10 2]
 P 66511 0 196442 7925928
PT [1 0 81 10 2]
 P 66511 0 199832 7998108
PT [1 0 82 10 2]
 P 66511 0 203222 8070288
PT [1 0 83 10 2]
 P 66511 0 206612 8142468
PT [1 0 84 10 2]
EMPTY QUEUE
 P 69730 0 206630 8216852
PT [1 0 85 11 2]
 P 71896 0 206633 8286828
PT [1 0 86 11 2]
 P 71896 0 210023 8359008
PT [1 0 87 11 2]
 P 71896 0 213413 8431188
PT [1 0 88 11 2]
 P 71896 0 216803 8503368
PT [1 0 89 11 2]
EMPTY QUEUE
 P 74542 0 216820 8577689
PT [1 0 90 12 2]
 P 76805 0 216824 8647728
PT [1 0 91 12 2]
 P 76805 0 220214 8719908
PT [1 0 92 12 2]
 P 76805 0 223604 8792088
PT [1 0 93 12 2]
 P 76805 0 226994 8864268
PT [1 0 94 12 2]
EMPTY QUEUE
 P 78310 0 227010 8937116
PT [1 0 95 12 2]
 P 80051 0 227018 9008628
PT [1 0 96 12 2]
 P 81964 0 227021 9080808
PT [1 0 97 12 2]
 P 81964 0 230411 9152988
PT [1 0 98 12 2]
 P 81964 0 233801 9225168
PT [1 0 99 12 2]
EMPTY QUEUE
 P 82296 0 237200 9300002
PT [1 0 100 13 2]
 P 84487 0 237208 9369528
PT [1 0 101 13 2]
 P 86849 0 237212 9441708
PT [1 0 102 13 2]
 P 86849 0 240602 9513888
PT [1 0 103 13 2]
 P 86849 0 243992 9586068
PT [1 0 104 13 2]
EMPTY QUEUE
 P 87181 0 247390 9660325
PT [1 0 105 14 2]
 P 89254 0 247398 9730428
PT [1 0 106 14 2]
 P 91553 0 247401 9802608
PT [1 0 107 14 2]
 P 93300 0 247409 9874788
PT [1 0 108 14 2]
 P 93300 0 250799 9946968
PT [1 0 109 14 2]
EMPTY QUEUE
 P 93632 0 254197 10021640
PT [1 0 110 15 2]
 P 93632 0 257587 10091328
PT [1 0 111 15 2]
 P 95357 0 257590 10163508
PT [1 0 112 15 2]
 P 97553 0 257598 10235688
PT [1 0 113 15 2]
 P 97553 0 260988 10307868
PT [1 0 114 15 2]
EMPTY QUEUE
 P 97884 0 264387 10381708
PT [1 0 115 15 2]
 P 97884 0 267777 10452228
PT [1 0 116 15 2]
 P 100569 0 267780 10524408
PT [1 0 117 15 2]
 P 102647 0 267788 10596588
PT [1 0 118 15 2]
 P 103916 0 267797 10668768
PT [1 0 119 15 2]
EMPTY QUEUE
 P 105999 0 267813 10743441
PT [1 0 120 16 2]
 P 105999 0 271203 10813128
PT [1 0 121 16 2]
 P 105999 0 274593 10885308
PT [1 0 122 16 2]
 P 108270 0 274596 10957488
PT [1 0 123 16 2]
 P 108270 0 277986 11029668
PT [1 0 124 16 2]
EMPTY QUEUE
 P 110804 0 278002 11103509
PT [1 0 125 17 2]
 P 110804 0 281392 11174028
PT [1 0 126 17 2]
 P 110804 0 284782 11246208
PT [1 0 127 17 2]
 P 113268 0 284785 11318388
PT [1 0 128 17 2]
 P 113268 0 288175 11390568
PT [1 0 129 17 2]
EMPTY QUEUE
 P 115738 0 288192 11465112
PT [1 0 130 17 2]
 P 115738 0 291582 11534928
PT [1 0 131 17 2]
 P 115738 0 294972 11607108
PT [1 0 132 17 2]
 P 117883 0 294975 11679288
PT [1 0 133 17 2]
 P 117883 0 298365 11751468
PT [1 0 134 17 2]
EMPTY QUEUE
 P 119782 0 298382 11826205
PT [1 0 135 18 2]
 P 122088 0 298385 11895828
PT [1 0 136 18 2]
 P 124010 0 298388 11968008
PT [1 0 137 18 2]
 P 126102 342 298407 12042666
PT [1 0 138 18 2]
 P 132078 1371 298464 12114910
PT [1 0 139 19 2]
 P 138108 1786 298505 12184548
PT [1 0 140 19 2]
 P 140201 1858 298525 12258823
PT [1 0 141 19 2]
 P 144972 2129 298547 12328908
PT [1 0 142 19 2]
 P 146265 2201 298566 12403982
PT [1 0 143 19 2]
 P 152209 2688 298626 12476162
PT [1 0 144 19 2]
 P 157870 3447 298684 12547126
PT [1 0 145 19 2]
 P 163906 3591 298726 12617628
PT [1 0 146 19 2]
 P 166055 3591 298729 12689808
PT [1 0 147 19 2]
 P 167830 3591 298739 12763418
PT [1 0 148 19 2]
 P 170404 3663 298768 12836905
PT [1 0 149 21 2]
 P 176073 4422 298827 12909146
PT [1 0 150 20 2]
 P 181930 4910 298887 12981422
PT [1 0 151 20 2]
 P 187365 5326 298929 13050708
PT [1 0 152 21 2]
 P 188663 5398 298947 13124566
PT [1 0 153 20 2]
 P 195902 5813 298996 13196498
PT [1 0 154 21 2]
 P 201905 5885 299031 13269150
PT [1 0 155 21 2]
 P 208687 6029 299073 13339428
PT [1 0 156 21 2]
 P 211651 6101 299093 13414087
PT [1 0 157 21 2]
 P 219267 6786 299136 13483788
PT [1 0 158 21 2]
 P 221418 6786 299139 13555968
PT [1 0 159 21 2]
 P 223367 6858 299157 13629058
PT [1 0 160 21 2]
 P 225985 6930 301742 13700328
PT [1 0 161 21 2]
 P 227287 7273 301761 13775242
PT [1 0 162 22 2]
 P 231577 7417 301792 13844688
PT [1 0 163 22 2]
 P 234127 7760 301811 13918771
PT [1 0 164 22 2]
 P 239732 8445 301855 13989048
PT [1 0 165 22 2]
 P 241660 8445 301858 14061228
PT [1 0 166 22 2]
 P 243571 8789 301877 14135886
PT [1 0 167 22 2]
 P 248536 9203 305299 14205588
PT [1 0 168 23 2]
 P 250160 9546 305317 14279766
PT [1 0 169 23 2]
 P 251857 9690 308730 14349948
PT [1 0 170 23 2]
 P 254138 9690 308734 14422128
PT [1 0 171 23 2]
 P 256420 9690 308737 14494308
PT [1 0 172 23 2]
 P 258702 9690 308740 14566488
PT [1 0 173 23 2]
 P 260984 9690 308743 14638668
PT [1 0 174 23 2]
 P 261053 9690 314705 14715130
PT [1 0 175 23 2]
 P 262984 9690 314708 14783028
PT [1 0 176 23 2]
 P 265539 10034 314727 14857943
PT [1 0 177 24 2]
 P 271606 10720 314769 14927388
PT [1 0 178 24 2]
 P 274481 11063 314789 15002366
PT [1 0 179 24 2]
 P 279300 11748 314833 15071748
PT [1 0 180 24 2]
 P 281570 12091 314852 15146280
PT [1 0 181 25 2]
Warning: data sending process fails.
 P 288208 12697 314987 15216108
PT [1 0 182 24 2]
 P 291053 13040 315006 15291022
PT [1 0 183 25 2]
 P 295463 13799 318444 15361699
PT [1 0 184 25 2]
 P 298439 14143 318465 15435383
PT [1 0 185 25 2]
 P 304514 14830 318508 15504828
PT [1 0 186 25 2]
 P 306976 15172 318528 15579806
PT [1 0 187 25 2]
 P 314124 16130 318579 15650970
PT [1 0 188 25 2]
 P 317219 16303 318607 15724102
PT [1 0 189 25 2]
 P 322069 17330 318663 15796346
PT [1 0 190 26 2]
 P 325331 17618 318706 15865728
PT [1 0 191 26 2]
 P 327617 17618 318709 15937908
PT [1 0 192 26 2]
 P 327617 17618 322099 16010088
PT [1 0 193 26 2]
 P 327617 17618 325489 16082268
PT [1 0 194 26 2]
 P 329816 17618 325498 16154448
PT [1 0 195 26 2]
EMPTY QUEUE
 P 330148 17618 328896 16228736
PT [1 0 196 26 2]
 P 330148 17618 332286 16298808
PT [1 0 197 26 2]
 P 332307 17618 332290 16370988
PT [1 0 198 26 2]
 P 332307 17618 335680 16443168
PT [1 0 199 26 2]
 P 335212 17618 335689 16515348
PT [1 0 200 26 2]
EMPTY QUEUE
 P 335543 17618 339088 16589828
PT [1 0 201 27 2]
 P 335543 17618 342478 16659708
PT [1 0 202 27 2]
 P 336872 17618 342481 16731888
PT [1 0 203 27 2]
 P 336872 17618 345871 16804068
PT [1 0 204 27 2]
 P 337923 17618 345880 16876248
PT [1 0 205 27 2]
EMPTY QUEUE
 P 338255 17618 349278 16950409
PT [1 0 206 28 2]
 P 338255 17618 352668 17020608
PT [1 0 207 28 2]
 P 340289 17618 352671 17092788
PT [1 0 208 28 2]
 P 340289 17618 356061 17164968
PT [1 0 209 28 2]
 P 343070 17618 356070 17237148
PT [1 0 210 28 2]
EMPTY QUEUE
 P 343402 17618 359468 17310476
PT [1 0 211 29 2]
 P 343402 17618 362858 17381508
PT [1 0 212 29 2]
 P 345629 17618 362861 17453688
PT [1 0 213 29 2]
 P 345629 17618 366251 17525868
PT [1 0 214 29 2]
 P 347580 17618 366260 17598048
PT [1 0 215 29 2]
EMPTY QUEUE
 P 347911 17618 369659 17672080
PT [1 0 216 29 2]
 P 347911 17618 373049 17742408
PT [1 0 217 29 2]
 P 349819 17618 373052 17814588
PT [1 0 218 29 2]
 P 349819 17618 376442 17886768
PT [1 0 219 29 2]
 P 352476 17618 376451 17958948
PT [1 0 220 29 2]
EMPTY QUEUE
 P 352808 17618 379850 18033173
PT [1 0 221 30 2]
 P 352808 17618 383240 18103308
PT [1 0 222 30 2]
 P 353885 17618 383243 18175488
PT [1 0 223 30 2]
 P 353885 17618 386633 18247668
PT [1 0 224 30 2]
 P 356736 17618 386642 18319848
PT [1 0 225 30 2]
EMPTY QUEUE
 P 357068 17618 390040 18393753
PT [1 0 226 31 2]
 P 357068 17618 393430 18464208
PT [1 0 227 31 2]
 P 358850 17618 393433 18536388
PT [1 0 228 31 2]
 P 358850 17618 396823 18608568
PT [1 0 229 31 2]
 P 361383 17618 396832 18680748
PT [1 0 230 31 2]
EMPTY QUEUE
 P 361394 17618 400224 18753493
PT [1 0 231 31 2]
EMPTY QUEUE
 P 361728 17618 403622 18825779
PT [1 0 232 33 2]
 P 363703 17618 403626 18897288
PT [1 0 233 33 2]
 P 363703 17618 407016 18969468
PT [1 0 234 33 2]
 P 365406 17618 407025 19041648
PT [1 0 235 33 2]
 P 365406 17618 410415 19113828
PT [1 0 236 33 2]
EMPTY QUEUE
 P 365737 17618 413814 19188660
PT [1 0 237 32 2]
 P 367393 17618 413818 19258188
PT [1 0 238 32 2]
 P 367393 17618 417208 19330368
PT [1 0 239 32 2]
 P 369802 17618 417217 19402548
PT [1 0 240 32 2]
 P 369802 17618 420607 19474728
PT [1 0 241 32 2]
EMPTY QUEUE
 P 370136 17618 424006 19548987
PT [1 0 242 34 2]
 P 373010 17618 424009 19619088
PT [1 0 243 34 2]
 P 373010 17618 427399 19691268
PT [1 0 244 34 2]
 P 375613 17618 427408 19763448
PT [1 0 245 34 2]
 P 375613 17618 430798 19835628
PT [1 0 246 34 2]
EMPTY QUEUE
 P 375945 17618 434196 19908797
PT [1 0 247 34 2]
 P 377476 17618 434199 19979988
PT [1 0 248 34 2]
 P 377476 17618 437589 20052168
PT [1 0 249 34 2]
 P 378802 17618 437597 20124348
PT [1 0 250 34 2]
 P 378802 17618 440987 20196528
PT [1 0 251 34 2]
EMPTY QUEUE
 P 379134 17618 444386 20270145
PT [1 0 252 34 2]
 P 380858 17618 444389 20340888
PT [1 0 253 34 2]
 P 380858 17618 447779 20413068
PT [1 0 254 34 2]
 P 381866 17618 447787 20485248
PT [1 0 255 34 2]
 P 381866 17618 451177 20557428
PT [1 0 256 34 2]
EMPTY QUEUE
 P 382198 17618 454576 20630981
PT [1 0 257 35 2]
 P 383603 17618 454579 20701788
PT [1 0 258 35 2]
 P 383603 17618 457969 20773968
PT [1 0 259 35 2]
 P 385719 17618 457977 20846148
PT [1 0 260 35 2]
 P 385719 17618 461367 20918328
PT [1 0 261 35 2]
EMPTY QUEUE
 P 386052 17618 464765 20991306
PT [1 0 262 36 2]
 P 388674 17618 464768 21062688
PT [1 0 263 36 2]
 P 388674 17618 468158 21134868
PT [1 0 264 36 2]
 P 388674 17618 471548 21207048
PT [1 0 265 36 2]
 P 389896 17618 471556 21279228
PT [1 0 266 36 2]
EMPTY QUEUE
 P 390227 17618 474955 21353164
PT [1 0 267 36 2]
 P 391506 17618 474958 21423588
PT [1 0 268 36 2]
 P 391506 17618 478348 21495768
PT [1 0 269 36 2]
 P 391506 17618 481738 21567948
PT [1 0 270 36 2]
 P 392409 17618 481746 21640128
PT [1 0 271 36 2]
EMPTY QUEUE
 P 392741 17618 485145 21712977
PT [1 0 272 37 2]
 P 394213 17618 485149 21784488
PT [1 0 273 37 2]
 P 395918 17618 485158 21856668
PT [1 0 274 37 2]
 P 395918 17618 488548 21928848
PT [1 0 275 37 2]
 P 395918 17618 491938 22001028
PT [1 0 276 37 2]
EMPTY QUEUE
 P 396250 17618 495336 22075861
PT [1 0 277 38 2]
 P 397405 17618 495339 22145388
PT [1 0 278 38 2]
 P 399560 17618 495348 22217568
PT [1 0 279 38 2]
 P 399560 17618 498738 22289748
PT [1 0 280 38 2]
 P 399560 17618 502128 22361928
PT [1 0 281 38 2]
EMPTY QUEUE
 P 399891 17618 505527 22436184
PT [1 0 282 38 2]
 P 402262 17618 505530 22506288
PT [1 0 283 38 2]
 P 404355 17618 505539 22578468
PT [1 0 284 38 2]
 P 404355 17618 508929 22650648
PT [1 0 285 38 2]
 P 404355 17618 512319 22722828
PT [1 0 286 38 2]
EMPTY QUEUE
 P 404686 17618 515718 22795996
PT [1 0 287 39 2]
 P 405714 17618 515721 22867188
PT [1 0 288 39 2]
 P 407233 17618 515730 22939368
PT [1 0 289 39 2]
 P 407233 17618 519120 23011548
PT [1 0 290 39 2]
 P 407233 17618 522510 23083728
PT [1 0 291 39 2]
EMPTY QUEUE
 P 407565 17618 525908 23157345
PT [1 0 292 40 2]
 P 408786 17618 525911 23228088
PT [1 0 293 40 2]
 P 411267 17618 525920 23300268
PT [1 0 294 40 2]
 P 411267 17618 529310 23372448
PT [1 0 295 40 2]
 P 411267 17618 532700 23444628
PT [1 0 296 40 2]
EMPTY QUEUE
 P 411599 17618 536098 23518180
PT [1 0 297 40 2]
 P 412501 17618 536101 23588988
PT [1 0 298 40 2]
 P 413384 17618 536110 23661168
PT [1 0 299 40 2]
 P 413384 17618 539500 23733348
PT [1 0 300 40 2]
 P 413384 17618 542890 23805528
PT [1 0 301 40 2]
EMPTY QUEUE
 P 413715 17618 546289 23878504
PT [1 0 302 41 2]
 P 415834 17618 546292 23949888
PT [1 0 303 41 2]
 P 418703 17618 546301 24022068
PT [1 0 304 41 2]
 P 418703 17618 549691 24094248
PT [1 0 305 41 2]
 P 418703 17618 553081 24166428
PT [1 0 306 41 2]
EMPTY QUEUE
 P 418714 17618 556473 24240037
PT [1 0 307 41 2]
 P 421538 17618 556476 24310788
PT [1 0 308 41 2]
EMPTY QUEUE
 P 424164 17618 556494 24385460
PT [1 0 309 42 2]
 P 424164 17618 559884 24455148
PT [1 0 310 42 2]
 P 424164 17618 563274 24527328
PT [1 0 311 42 2]
 P 424164 17618 566664 24599508
PT [1 0 312 42 2]
 P 425133 17618 566668 24671688
PT [1 0 313 42 2]
EMPTY QUEUE
 P 426675 17618 566686 24745530
PT [1 0 314 44 2]
 P 426675 17618 570076 24816048
PT [1 0 315 44 2]
 P 426675 17618 573466 24888228
PT [1 0 316 44 2]
 P 426675 17618 576856 24960408
PT [1 0 317 44 2]
 P 429374 17618 576859 25032588
PT [1 0 318 44 2]
EMPTY QUEUE
 P 431366 17618 576875 25107132
PT [1 0 319 43 2]
 P 431366 17618 580265 25176948
PT [1 0 320 43 2]
 P 431366 17618 583655 25249128
PT [1 0 321 43 2]
 P 431366 17618 587045 25321308
PT [1 0 322 43 2]
 P 433234 17618 587048 25393488
PT [1 0 323 43 2]
EMPTY QUEUE
 P 435164 17618 587065 25468225
PT [1 0 324 44 2]
 P 435164 17618 590455 25537848
PT [1 0 325 44 2]
 P 435164 17618 593845 25610028
PT [1 0 326 44 2]
 P 435164 17618 597235 25682208
PT [1 0 327 44 2]
 P 437737 17618 597238 25754388
PT [1 0 328 44 2]
EMPTY QUEUE
 P 439093 17618 597254 25828805
PT [1 0 329 45 2]
 P 439093 17618 600644 25898748
PT [1 0 330 45 2]
 P 439093 17618 604034 25970928
PT [1 0 331 45 2]
 P 439093 17618 607424 26043108
PT [1 0 332 45 2]
 P 441859 17618 607427 26115288
PT [1 0 333 45 2]
EMPTY QUEUE
 P 444178 17618 607443 26188873
PT [1 0 334 46 2]
 P 444178 17618 610833 26259648
PT [1 0 335 46 2]
 P 444178 17618 614223 26331828
PT [1 0 336 46 2]
 P 444178 17618 617613 26404008
PT [1 0 337 46 2]
 P 446625 17618 617616 26476188
PT [1 0 338 46 2]
EMPTY QUEUE
 P 449391 17618 617634 26549037
PT [1 0 339 46 2]
 P 451123 17618 617642 26620548
PT [1 0 340 46 2]
 P 451123 17618 621032 26692728
PT [1 0 341 46 2]
 P 451123 17618 624422 26764908
PT [1 0 342 46 2]
 P 452739 17618 624425 26837088
PT [1 0 343 46 2]
EMPTY QUEUE
 P 453071 17618 627824 26911921
PT [1 0 344 47 2]
 P 455253 17618 627833 26981448
PT [1 0 345 47 2]
 P 455253 17618 631223 27053628
PT [1 0 346 47 2]
 P 455253 17618 634613 27125808
PT [1 0 347 47 2]
 P 457574 17618 634616 27197988
PT [1 0 348 47 2]
EMPTY QUEUE
 P 457907 17618 638014 27272246
PT [1 0 349 49 2]
 P 460027 17618 638023 27342348
PT [1 0 350 49 2]
 P 460027 17618 641413 27414528
PT [1 0 351 49 2]
 P 460027 17618 644803 27486708
PT [1 0 352 49 2]
 P 462541 17618 644807 27558888
PT [1 0 353 49 2]
EMPTY QUEUE
 P 462872 17618 648206 27632056
PT [1 0 354 48 2]
 P 464418 17618 648215 27703248
PT [1 0 355 48 2]
 P 464418 17618 651605 27775428
PT [1 0 356 48 2]
 P 464418 17618 654995 27847608
PT [1 0 357 48 2]
 P 466741 17618 654999 27919788
PT [1 0 358 48 2]
EMPTY QUEUE
 P 467073 17618 658398 27993405
PT [1 0 359 49 2]
 P 469581 17618 658407 28064148
PT [1 0 360 49 2]
 P 469581 17618 661797 28136328
PT [1 0 361 49 2]
 P 469581 17618 665187 28208508
PT [1 0 362 49 2]
 P 472098 17618 665190 28280688
PT [1 0 363 49 2]
EMPTY QUEUE
 P 472430 17618 668588 28354241
PT [1 0 364 50 2]
 P 473340 17618 668597 28425048
PT [1 0 365 50 2]
 P 473340 17618 671987 28497228
PT [1 0 366 50 2]
 P 473340 17618 675377 28569408
PT [1 0 367 50 2]
 P 473340 17618 678767 28641588
PT [1 0 368 50 2]
 P 475698 17618 678770 28713768
PT [1 0 369 50 2]
EMPTY QUEUE
 P 478927 17618 678787 28788058
PT [1 0 370 51 2]
 P 478927 17618 682177 28858128
PT [1 0 371 51 2]
 P 478927 17618 685567 28930308
PT [1 0 372 51 2]
 P 478927 17618 688957 29002488
PT [1 0 373 51 2]
 P 478927 17618 692347 29074668
PT [1 0 374 51 2]
EMPTY QUEUE
 P 481580 17618 692365 29149148
PT [1 0 375 51 2]
 P 483909 17618 692368 29219028
PT [1 0 376 51 2]
 P 483909 17618 695758 29291208
PT [1 0 377 51 2]
 P 483909 17618 699148 29363388
PT [1 0 378 51 2]
 P 483909 17618 702538 29435568
PT [1 0 379 51 2]
EMPTY QUEUE
 P 485477 17618 702556 29509729
PT [1 0 380 52 2]
 P 487998 17618 702559 29579928
PT [1 0 381 52 2]
 P 487998 17618 705949 29652108
PT [1 0 382 52 2]
 P 487998 17618 709339 29724288
PT [1 0 383 52 2]
 P 487998 17618 712729 29796468
PT [1 0 384 52 2]
EMPTY QUEUE
 P 490016 17618 712746 29869797
PT [1 0 385 53 2]
 P 492219 17618 712749 29940828
PT [1 0 386 53 2]
 P 494549 17618 712752 30013008
PT [1 0 387 53 2]
 P 494549 17618 716142 30085188
PT [1 0 388 53 2]
 P 494549 17618 719532 30157368
PT [1 0 389 53 2]
EMPTY QUEUE
 P 496503 17618 719550 30230216
PT [1 0 390 53 2]
 P 498256 17618 719558 30301728
PT [1 0 391 53 2]
 P 500780 17618 719561 30373908
PT [1 0 392 53 2]
 P 500780 17618 722951 30446088
PT [1 0 393 53 2]
 P 500780 17618 726341 30518268
PT [1 0 394 53 2]
EMPTY QUEUE
 P 501113 17618 729740 30593102
PT [1 0 395 54 2]
 P 503316 17618 729748 30662628
PT [1 0 396 54 2]
 P 505520 17618 729751 30734808
PT [1 0 397 54 2]
 P 505520 17618 733141 30806988
PT [1 0 398 54 2]
 P 505520 17618 736531 30879168
PT [1 0 399 54 2]
EMPTY QUEUE
 P 505852 17618 739929 30953425
PT [1 0 400 55 2]
 P 507993 17618 739937 31023528
PT [1 0 401 55 2]
 P 509366 17618 739941 31095708
PT [1 0 402 55 2]
 P 509366 17618 743331 31167888
PT [1 0 403 55 2]
 P 509366 17618 746721 31240068
PT [1 0 404 55 2]
EMPTY QUEUE
 P 509698 17618 750120 31313237
PT [1 0 405 55 2]
 P 511265 17618 750128 31384428
PT [1 0 406 55 2]
 P 513344 17618 750131 31456608
PT [1 0 407 55 2]
 P 513344 17618 753521 31528788
PT [1 0 408 55 2]
 P 513344 17618 756911 31600968
PT [1 0 409 55 2]
EMPTY QUEUE
 P 513676 17618 760310 31674585
PT [1 0 410 56 2]
 P 516205 17618 760318 31745328
PT [1 0 411 56 2]
 P 518477 17618 760321 31817508
PT [1 0 412 56 2]
 P 518477 17618 763711 31889688
PT [1 0 413 56 2]
 P 518477 17618 767101 31961868
PT [1 0 414 56 2]
EMPTY QUEUE
 P 518810 17618 770499 32035422
PT [1 0 415 57 2]
 P 519741 17618 770507 32106228
PT [1 0 416 57 2]
 P 521694 17618 770510 32178408
PT [1 0 417 57 2]
 P 521694 17618 773900 32250588
PT [1 0 418 57 2]
 P 521694 17618 777290 32322768
PT [1 0 419 57 2]
EMPTY QUEUE
 P 522026 17618 780688 32395744
PT [1 0 420 57 2]
 P 524943 17618 780696 32467128
PT [1 0 421 57 2]
 P 526065 17618 780699 32539308
PT [1 0 422 57 2]
 P 526065 17618 784089 32611488
PT [1 0 423 57 2]
 P 526065 17618 787479 32683668
PT [1 0 424 57 2]
EMPTY QUEUE
 P 526396 17618 790878 32757604
PT [1 0 425 58 2]
 P 528739 17618 790886 32828028
PT [1 0 426 58 2]
 P 530566 17618 790889 32900208
PT [1 0 427 58 2]
 P 530566 17618 794279 32972388
PT [1 0 428 58 2]
 P 530566 17618 797669 33044568
PT [1 0 429 58 2]
EMPTY QUEUE
 P 530898 17618 801067 33118953
PT [1 0 430 59 2]
 P 532155 17618 801077 33188928
PT [1 0 431 59 2]
 P 534175 17618 801080 33261108
PT [1 0 432 59 2]
 P 534175 17618 804470 33333288
PT [1 0 433 59 2]
 P 534175 17618 807860 33405468
PT [1 0 434 59 2]
EMPTY QUEUE
 P 534507 17618 811258 33479788
PT [1 0 435 60 2]
 P 534507 17618 814648 33549828
PT [1 0 436 60 2]
 P 536279 17618 814656 33622008
PT [1 0 437 60 2]
 P 536279 17618 818046 33694188
PT [1 0 438 60 2]
 P 538269 17618 818049 33766368
PT [1 0 439 60 2]
EMPTY QUEUE
 P 538600 17618 821448 33840112
PT [1 0 440 60 2]
 P 538600 17618 824838 33910728
PT [1 0 441 60 2]
 P 540822 17618 824846 33982908
PT [1 0 442 60 2]
 P 540822 17618 828236 34055088
PT [1 0 443 60 2]
 P 543261 17618 828239 34127268
PT [1 0 444 60 2]
EMPTY QUEUE
 P 543593 17618 831638 34201973
PT [1 0 445 61 2]
 P 543593 17618 835028 34271628
PT [1 0 446 61 2]
 P 545753 17618 835036 34343808
PT [1 0 447 61 2]
 P 545753 17618 838426 34415988
PT [1 0 448 61 2]
 P 548129 17618 838429 34488168
PT [1 0 449 61 2]
EMPTY QUEUE
 P 548461 17618 841827 34561273
PT [1 0 450 62 2]
 P 548461 17618 845217 34632528
PT [1 0 451 62 2]
 P 550047 17618 845225 34704708
PT [1 0 452 62 2]
 P 550047 17618 848615 34776888
PT [1 0 453 62 2]
 P 551848 17618 848618 34849068
PT [1 0 454 62 2]
EMPTY QUEUE
 P 552179 17618 852017 34922108
PT [1 0 455 62 2]
 P 552179 17618 855407 34993428
PT [1 0 456 62 2]
 P 554727 17618 855415 35065608
PT [1 0 457 62 2]
 P 554727 17618 858805 35137788
PT [1 0 458 62 2]
 P 557489 17618 858808 35209968
PT [1 0 459 62 2]
EMPTY QUEUE
 P 557821 17618 862207 35284481
PT [1 0 460 63 2]
 P 557821 17618 865597 35354328
PT [1 0 461 63 2]
 P 558771 17618 865605 35426508
PT [1 0 462 63 2]
 P 558771 17618 868995 35498688
PT [1 0 463 63 2]
 P 559934 17618 868999 35570868
PT [1 0 464 63 2]
EMPTY QUEUE
 P 560266 17618 872397 35644293
PT [1 0 465 64 2]
 P 560266 17618 875787 35715228
PT [1 0 466 64 2]
 P 563202 17618 875795 35787408
PT [1 0 467 64 2]
 P 563202 17618 879185 35859588
PT [1 0 468 64 2]
 P 564302 17618 879189 35931768
PT [1 0 469 64 2]
EMPTY QUEUE
 P 564634 17618 882587 36005640
PT [1 0 470 64 2]
 P 564634 17618 885977 36076128
PT [1 0 471 64 2]
 P 566996 17618 885985 36148308
PT [1 0 472 64 2]
 P 566996 17618 889375 36220488
PT [1 0 473 64 2]
 P 569570 17618 889378 36292668
PT [1 0 474 64 2]
EMPTY QUEUE
 P 569901 17618 892777 36366476
PT [1 0 475 65 2]
 P 569901 17618 896167 36437028
PT [1 0 476 65 2]
 P 571177 17618 896175 36509208
PT [1 0 477 65 2]
 P 571177 17618 899565 36581388
PT [1 0 478 65 2]
 P 571177 17618 902955 36653568
PT [1 0 479 65 2]
 P 573208 17618 902958 36725748
PT [1 0 480 65 2]
EMPTY QUEUE
 P 573540 17618 906357 36798981
PT [1 0 481 66 2]
 P 575266 17618 906365 36870108
PT [1 0 482 66 2]
 P 575266 17618 909755 36942288
PT [1 0 483 66 2]
 P 575266 17618 913145 37014468
PT [1 0 484 66 2]
 P 576978 17618 913148 37086648
PT [1 0 485 66 2]
EMPTY QUEUE
 P 577310 17618 916546 37160841
PT [1 0 486 67 2]
 P 578974 17618 916554 37231008
PT [1 0 487 67 2]
 P 578974 17618 919944 37303188
PT [1 0 488 67 2]
 P 578974 17618 923334 37375368
PT [1 0 489 67 2]
 P 581904 17618 923338 37447548
PT [1 0 490 67 2]
EMPTY QUEUE
 P 582235 17618 926737 37522188
PT [1 0 491 67 2]
 P 583325 17618 926745 37591908
PT [1 0 492 67 2]
 P 583325 17618 930135 37664088
PT [1 0 493 67 2]
 P 583325 17618 933525 37736268
PT [1 0 494 67 2]
 P 584911 17618 933529 37808448
PT [1 0 495 67 2]
EMPTY QUEUE
 P 585242 17618 936928 37883024
PT [1 0 496 68 2]
 P 587239 17618 936936 37952808
PT [1 0 497 68 2]
 P 589035 17618 936945 38024988
PT [1 0 498 68 2]
 P 589035 17618 940335 38097168
PT [1 0 499 68 2]
 P 590814 17618 940339 38169348
PT [1 0 500 68 2]
EMPTY QUEUE
 P 591146 17618 943737 38244021
PT [1 0 501 69 2]
 P 591146 17618 947127 38313708
PT [1 0 502 69 2]
 P 593392 17618 947136 38385888
PT [1 0 503 69 2]
 P 593392 17618 950526 38458068
PT [1 0 504 69 2]
 P 594853 17618 950529 38530248
PT [1 0 505 69 2]
EMPTY QUEUE
 P 595186 17618 953927 38604090
PT [1 0 506 71 2]
 P 595186 17618 957317 38674608
PT [1 0 507 71 2]
 P 597372 17618 957325 38746788
PT [1 0 508 71 2]
 P 597372 17618 960715 38818968
PT [1 0 509 71 2]
 P 600050 17618 960718 38891148
PT [1 0 510 71 2]
EMPTY QUEUE
 P 600119 17618 966680 38967994
PT [1 0 511 71 2]
EMPTY QUEUE
 P 600450 17618 970079 39036176
PT [1 0 512 70 2]
 P 602060 17618 970088 39107688
PT [1 0 513 70 2]
 P 602060 17618 973478 39179868
PT [1 0 514 70 2]
 P 603395 17618 973481 39252048
PT [1 0 515 70 2]
 P 603395 17618 976871 39324228
PT [1 0 516 70 2]
EMPTY QUEUE
 P 603727 17618 980270 39399061
PT [1 0 517 71 2]
 P 606301 17618 980278 39468588
PT [1 0 518 71 2]
 P 606301 17618 983668 39540768
PT [1 0 519 71 2]
 P 606301 17618 987058 39612948
PT [1 0 520 71 2]
 P 606301 17618 990448 39685128
PT [1 0 521 71 2]
 P 608661 17618 990452 39757308
PT [1 0 522 71 2]
EMPTY QUEUE
 P 609968 17618 990470 39831854
PT [1 0 523 72 2]
 P 609968 17618 993860 39901668
PT [1 0 524 72 2]
 P 609968 17618 997250 39973848
PT [1 0 525 72 2]
 P 609968 17618 1000640 40046028
PT [1 0 526 72 2]
 P 609968 17618 1004030 40118208
PT [1 0 527 72 2]
 P 612522 17618 1004033 40190388
PT [1 0 528 72 2]
EMPTY QUEUE
 P 614554 17618 1004049 40265125
PT [1 0 529 73 2]
 P 614554 17618 1007439 40334748
PT [1 0 530 73 2]
 P 614554 17618 1010829 40406928
PT [1 0 531 73 2]
 P 614554 17618 1014219 40479108
PT [1 0 532 73 2]
 P 616789 17618 1014222 40551288
PT [1 0 533 73 2]
EMPTY QUEUE
 P 619214 17618 1014239 40624136
PT [1 0 534 73 2]
 P 619214 17618 1017629 40695648
PT [1 0 535 73 2]
 P 620917 17618 1017637 40767828
PT [1 0 536 73 2]
 P 620917 17618 1021027 40840008
PT [1 0 537 73 2]
 P 622321 17618 1021030 40912188
PT [1 0 538 73 2]
EMPTY QUEUE
 P 622653 17618 1024429 40987021
PT [1 0 539 74 2]
 P 622653 17618 1027819 41056548
PT [1 0 540 74 2]
 P 624806 17618 1027827 41128728
PT [1 0 541 74 2]
 P 624806 17618 1031217 41200908
PT [1 0 542 74 2]
 P 626915 17618 1031220 41273088
PT [1 0 543 74 2]
EMPTY QUEUE
 P 627247 17618 1034618 41347345
PT [1 0 544 75 2]
 P 627247 17618 1038008 41417448
PT [1 0 545 75 2]
 P 629338 17618 1038016 41489628
PT [1 0 546 75 2]
 P 629338 17618 1041406 41561808
PT [1 0 547 75 2]
 P 631640 17618 1041409 41633988
PT [1 0 548 75 2]
EMPTY QUEUE
 P 631972 17618 1044807 41707156
PT [1 0 549 75 2]
 P 631972 17618 1048197 41778348
PT [1 0 550 75 2]
 P 631972 17618 1051587 41850528
PT [1 0 551 75 2]
 P 633201 17618 1051596 41922708
PT [1 0 552 75 2]
 P 635184 17618 1051600 41994888
PT [1 0 553 75 2]
EMPTY QUEUE
 P 635516 17618 1054999 42068505
PT [1 0 554 76 2]
 P 635516 17618 1058389 42139248
PT [1 0 555 76 2]
 P 635516 17618 1061779 42211428
PT [1 0 556 76 2]
 P 636427 17618 1061788 42283608
PT [1 0 557 76 2]
 P 637579 17618 1061792 42355788
PT [1 0 558 76 2]
EMPTY QUEUE
 P 637911 17618 1065190 42429341
PT [1 0 559 77 2]
 P 637911 17618 1068580 42500148
PT [1 0 560 77 2]
 P 637911 17618 1071970 42572328
PT [1 0 561 77 2]
 P 640040 17618 1071979 42644508
PT [1 0 562 77 2]
 P 641898 17618 1071982 42716688
PT [1 0 563 77 2]
EMPTY QUEUE
 P 642230 17618 1075380 42789664
PT [1 0 564 77 2]
 P 642230 17618 1078770 42861048
PT [1 0 565 77 2]
 P 642230 17618 1082160 42933228
PT [1 0 566 77 2]
 P 643753 17618 1082169 43005408
PT [1 0 567 77 2]
 P 643753 17618 1085559 43077588
PT [1 0 568 77 2]
 P 645804 17618 1085562 43149768
PT [1 0 569 77 2]
EMPTY QUEUE
 P 646135 17618 1088961 43223704
PT [1 0 570 78 2]
 P 646135 17618 1092351 43294128
PT [1 0 571 78 2]
 P 648620 17618 1092360 43366308
PT [1 0 572 78 2]
 P 648620 17618 1095750 43438488
PT [1 0 573 78 2]
 P 648620 17618 1099140 43510668
PT [1 0 574 78 2]
EMPTY QUEUE
 P 648952 17618 1102539 43585053
PT [1 0 575 79 2]
 P 650845 17618 1102542 43655028
PT [1 0 576 79 2]
 P 652084 17618 1102551 43727208
PT [1 0 577 79 2]
 P 652084 17618 1105941 43799388
PT [1 0 578 79 2]
 P 652084 17618 1109331 43871568
PT [1 0 579 79 2]
EMPTY QUEUE
 P 652153 17618 1115293 43948190
PT [1 0 580 79 2]
 P 653471 17618 1115296 44015928
PT [1 0 581 79 2]
EMPTY QUEUE
 P 654724 17618 1115314 44090601
PT [1 0 582 80 2]
 P 654724 17618 1118704 44160288
PT [1 0 583 80 2]
 P 654724 17618 1122094 44232468
PT [1 0 584 80 2]
 P 654724 17618 1125484 44304648
PT [1 0 585 80 2]
 P 657003 17618 1125487 44376828
PT [1 0 586 80 2]
EMPTY QUEUE
 P 659475 17618 1125504 44450670
PT [1 0 587 81 2]
 P 659475 17618 1128894 44521188
PT [1 0 588 81 2]
 P 659475 17618 1132284 44593368
PT [1 0 589 81 2]
 P 659475 17618 1135674 44665548
PT [1 0 590 81 2]
 P 662203 17618 1135677 44737728
PT [1 0 591 81 2]
EMPTY QUEUE
 P 665379 17618 1135695 44812272
PT [1 0 592 81 2]
 P 665379 17618 1139085 44882088
PT [1 0 593 81 2]
 P 665379 17618 1142475 44954268
PT [1 0 594 81 2]
 P 665379 17618 1145865 45026448
PT [1 0 595 81 2]
 P 668045 17618 1145868 45098628
PT [1 0 596 81 2]
EMPTY QUEUE
 P 669369 17618 1145886 45173366
PT [1 0 597 82 2]
 P 669369 17618 1149276 45242988
PT [1 0 598 82 2]
 P 669369 17618 1152666 45315168
PT [1 0 599 82 2]
 P 669369 17618 1156056 45387348
PT [1 0 600 82 2]
 P 671459 17618 1156059 45459528
PT [1 0 601 82 2]
EMPTY QUEUE
 P 674513 17618 1156075 45533945
PT [1 0 602 83 2]
 P 674513 17618 1159465 45603888
PT [1 0 603 83 2]
 P 674513 17618 1162855 45676068
PT [1 0 604 83 2]
 P 674513 17618 1166245 45748248
PT [1 0 605 83 2]
 P 675516 17618 1166248 45820428
PT [1 0 606 83 2]
EMPTY QUEUE
 P 677740 17618 1166264 45894012
PT [1 0 607 83 2]
 P 677740 17618 1169654 45964788
PT [1 0 608 83 2]
 P 677740 17618 1173044 46036968
PT [1 0 609 83 2]
 P 677740 17618 1176434 46109148
PT [1 0 610 83 2]
 P 677740 17618 1179824 46181328
PT [1 0 611 83 2]
 P 679193 17618 1179827 46253508
PT [1 0 612 83 2]
EMPTY QUEUE
 P 682122 17618 1179844 46327796
PT [1 0 613 84 2]
 P 682122 17618 1183234 46397868
PT [1 0 614 84 2]
 P 682122 17618 1186624 46470048
PT [1 0 615 84 2]
 P 682122 17618 1190014 46542228
PT [1 0 616 84 2]
 P 683513 17618 1190017 46614408
PT [1 0 617 84 2]
EMPTY QUEUE
 P 686636 17618 1190034 46687257
PT [1 0 618 85 2]
 P 688374 17618 1190042 46758768
PT [1 0 619 85 2]
 P 688374 17618 1193432 46830948
PT [1 0 620 85 2]
 P 688374 17618 1196822 46903128
PT [1 0 621 85 2]
 P 691237 17618 1196825 46975308
PT [1 0 622 85 2]
EMPTY QUEUE
 P 691569 17618 1200223 47050141
PT [1 0 623 86 2]
 P 693755 17618 1200232 47119668
PT [1 0 624 86 2]
 P 693755 17618 1203622 47191848
PT [1 0 625 86 2]
 P 693755 17618 1207012 47264028
PT [1 0 626 86 2]
 P 695531 17618 1207015 47336208
PT [1 0 627 86 2]
EMPTY QUEUE
 P 695862 17618 1210414 47410464
PT [1 0 628 86 2]
 P 697986 17618 1210423 47480568
PT [1 0 629 86 2]
 P 697986 17618 1213813 47552748
PT [1 0 630 86 2]
 P 697986 17618 1217203 47624928
PT [1 0 631 86 2]
 P 700211 17618 1217206 47697108
PT [1 0 632 86 2]
EMPTY QUEUE
 P 700543 17618 1220605 47770277
PT [1 0 633 87 2]
 P 702094 17618 1220613 47841468
PT [1 0 634 87 2]
 P 702094 17618 1224003 47913648
PT [1 0 635 87 2]
 P 702094 17618 1227393 47985828
PT [1 0 636 87 2]
 P 704256 17618 1227396 48058008
PT [1 0 637 87 2]
EMPTY QUEUE
 P 704588 17618 1230796 48131626
PT [1 0 638 88 2]
 P 707101 17618 1230804 48202368
PT [1 0 639 88 2]
 P 707101 17618 1234194 48274548
PT [1 0 640 88 2]
 P 707101 17618 1237584 48346728
PT [1 0 641 88 2]
 P 708688 17618 1237588 48418908
PT [1 0 642 88 2]
EMPTY QUEUE
 P 709020 17618 1240986 48492460
PT [1 0 643 88 2]
 P 709935 17618 1240994 48563268
PT [1 0 644 88 2]
 P 709935 17618 1244384 48635448
PT [1 0 645 88 2]
 P 709935 17618 1247774 48707628
PT [1 0 646 88 2]
 P 709935 17618 1251164 48779808
PT [1 0 647 88 2]
 P 712324 17618 1251167 48851988
PT [1 0 648 88 2]
EMPTY QUEUE
 P 715556 17618 1251184 48926276
PT [1 0 649 89 2]
 P 715556 17618 1254574 48996348
PT [1 0 650 89 2]
 P 715556 17618 1257964 49068528
PT [1 0 651 89 2]
 P 715556 17618 1261354 49140708
PT [1 0 652 89 2]
 P 718139 17618 1261357 49212888
PT [1 0 653 89 2]
EMPTY QUEUE
 P 720798 17618 1261374 49287369
PT [1 0 654 90 2]
 P 720798 17618 1264764 49357248
PT [1 0 655 90 2]
 P 720798 17618 1268154 49429428
PT [1 0 656 90 2]
 P 720798 17618 1271544 49501608
PT [1 0 657 90 2]
 P 723061 17618 1271547 49573788
PT [1 0 658 90 2]
EMPTY QUEUE
 P 724634 17618 1271563 49647949
PT [1 0 659 91 2]
 P 724634 17618 1274953 49718148
PT [1 0 660 91 2]
 P 724634 17618 1278343 49790328
PT [1 0 661 91 2]
 P 724634 17618 1281733 49862508
PT [1 0 662 91 2]
 P 726066 17618 1281736 49934688
PT [1 0 663 91 2]
EMPTY QUEUE
 P 728088 17618 1281753 50008016
PT [1 0 664 91 2]
 P 728088 17618 1285143 50079048
PT [1 0 665 91 2]
 P 728088 17618 1288533 50151228
PT [1 0 666 91 2]
 P 728088 17618 1291923 50223408
PT [1 0 667 91 2]
 P 728088 17618 1295313 50295588
PT [1 0 668 91 2]
EMPTY QUEUE
 P 730049 17618 1295330 50369621
PT [1 0 669 92 2]
 P 732443 17618 1295333 50439948
PT [1 0 670 92 2]
 P 732443 17618 1298723 50512128
PT [1 0 671 92 2]
 P 732443 17618 1302113 50584308
PT [1 0 672 92 2]
 P 732443 17618 1305503 50656488
PT [1 0 673 92 2]
EMPTY QUEUE
 P 733830 17618 1305519 50730713
PT [1 0 674 93 2]
 P 736418 17618 1305522 50800848
PT [1 0 675 93 2]
 P 736418 17618 1308912 50873028
PT [1 0 676 93 2]
 P 736418 17618 1312302 50945208
PT [1 0 677 93 2]
 P 736418 17618 1315692 51017388
PT [1 0 678 93 2]
EMPTY QUEUE
 P 738767 17618 1315708 51091292
PT [1 0 679 93 2]
 P 741035 17618 1315711 51161748
PT [1 0 680 93 2]
 P 741035 17618 1319101 51233928
PT [1 0 681 93 2]
 P 741035 17618 1322491 51306108
PT [1 0 682 93 2]
 P 741035 17618 1325881 51378288
PT [1 0 683 93 2]
EMPTY QUEUE
 P 741366 17618 1329280 51451328
PT [1 0 684 94 2]
 P 742649 17618 1329289 51522648
PT [1 0 685 94 2]
 P 745046 17618 1329292 51594828
PT [1 0 686 94 2]
 P 745046 17618 1332682 51667008
PT [1 0 687 94 2]
 P 745046 17618 1336072 51739188
PT [1 0 688 94 2]
EMPTY QUEUE
 P 745378 17618 1339470 51813701
PT [1 0 689 95 2]
 P 746343 17618 1339479 51883548
PT [1 0 690 95 2]
 P 748933 17618 1339483 51955728
PT [1 0 691 95 2]
 P 748933 17618 1342873 52027908
PT [1 0 692 95 2]
 P 748933 17618 1346263 52100088
PT [1 0 693 95 2]
EMPTY QUEUE
 P 748944 17618 1349655 52173185
PT [1 0 694 95 2]
EMPTY QUEUE
 P 751193 17618 1349665 52246668
PT [1 0 695 95 2]
 P 753465 17618 1349668 52316628
PT [1 0 696 95 2]
EMPTY QUEUE
 P 753797 17618 1353067 52389477
PT [1 0 697 96 2]
 P 753797 17618 1356457 52460988
PT [1 0 698 96 2]
 P 753797 17618 1359847 52533168
PT [1 0 699 96 2]
 P 756686 17618 1359856 52605348
PT [1 0 700 96 2]
 P 758127 17618 1359859 52677528
PT [1 0 701 96 2]
EMPTY QUEUE
 P 758459 17618 1363257 52752361
PT [1 0 702 97 2]
 P 758459 17618 1366647 52821888
PT [1 0 703 97 2]
 P 758459 17618 1370037 52894068
PT [1 0 704 97 2]
 P 759494 17618 1370046 52966248
PT [1 0 705 97 2]
 P 761640 17618 1370049 53038428
PT [1 0 706 97 2]
EMPTY QUEUE
 P 761971 17618 1373448 53112684
PT [1 0 707 97 2]
 P 761971 17618 1376838 53182788
PT [1 0 708 97 2]
 P 761971 17618 1380228 53254968
PT [1 0 709 97 2]
 P 764736 17618 1380237 53327148
PT [1 0 710 97 2]
 P 767075 17618 1380240 53399328
PT [1 0 711 97 2]
EMPTY QUEUE
 P 767407 17618 1383639 53472497
PT [1 0 712 98 2]
 P 767407 17618 1387029 53543688
PT [1 0 713 98 2]
 P 767407 17618 1390419 53615868
PT [1 0 714 98 2]
 P 769342 17618 1390428 53688048
PT [1 0 715 98 2]
 P 771362 17618 1390431 53760228
PT [1 0 716 98 2]
EMPTY QUEUE
 P 771695 17618 1393829 53833846
PT [1 0 717 99 2]
 P 771695 17618 1397219 53904588
PT [1 0 718 99 2]
 P 771695 17618 1400609 53976768
PT [1 0 719 99 2]
 P 774336 17618 1400618 54048948
PT [1 0 720 99 2]
 P 775525 17618 1400621 54121128
PT [1 0 721 99 2]
EMPTY QUEUE
 P 775857 17618 1404019 54194680
PT [1 0 722 99 2]
 P 775857 17618 1407409 54265488
PT [1 0 723 99 2]
 P 775857 17618 1410799 54337668
PT [1 0 724 99 2]
 P 778693 17618 1410807 54409848
PT [1 0 725 99 2]
 P 780587 17618 1410810 54482028
PT [1 0 726 99 2]
EMPTY QUEUE
 P 780919 17618 1414209 54555005
PT [1 0 727 100 2]
 P 780919 17618 1417599 54626388
PT [1 0 728 100 2]
 P 780919 17618 1420989 54698568
PT [1 0 729 100 2]
 P 783437 17618 1420997 54770748
PT [1 0 730 100 2]
 P 785524 17618 1421001 54842928
PT [1 0 731 100 2]
EMPTY QUEUE
 P 785856 17618 1424399 54916865
PT [1 0 732 101 2]
 P 785856 17618 1427789 54987288
PT [1 0 733 101 2]
 P 785856 17618 1431179 55059468
PT [1 0 734 101 2]
 P 785856 17618 1434569 55131648
PT [1 0 735 101 2]
 P 787160 17618 1434577 55203828
PT [1 0 736 101 2]
 P 789569 17618 1434580 55276008
PT [1 0 737 101 2]
EMPTY QUEUE
 P 789902 17618 1437978 55350394
PT [1 0 738 102 2]
 P 789902 17618 1441368 55420368
PT [1 0 739 102 2]
 P 789902 17618 1444758 55492548
PT [1 0 740 102 2]
 P 789902 17618 1448148 55564728
PT [1 0 741 102 2]
 P 792408 17618 1448151 55636908
PT [1 0 742 102 2]
EMPTY QUEUE
 P 794046 17618 1448168 55711228
PT [1 0 743 102 2]
 P 794046 17618 1451558 55781268
PT [1 0 744 102 2]
 P 794046 17618 1454948 55853448
PT [1 0 745 102 2]
 P 794046 17618 1458338 55925628
PT [1 0 746 102 2]
 P 796489 17618 1458341 55997808
PT [1 0 747 102 2]
EMPTY QUEUE
 P 798611 17618 1458358 56071554
PT [1 0 748 103 2]
 P 798611 17618 1461748 56142168
PT [1 0 749 103 2]
 P 798611 17618 1465138 56214348
PT [1 0 750 103 2]
 P 798611 17618 1468528 56286528
PT [1 0 751 103 2]
 P 800479 17618 1468531 56358708
PT [1 0 752 103 2]
EMPTY QUEUE
 P 800811 17618 1471929 56432741
PT [1 0 753 104 2]
 P 802122 17618 1471938 56503068
PT [1 0 754 104 2]
 P 802122 17618 1475328 56575248
PT [1 0 755 104 2]
 P 802122 17618 1478718 56647428
PT [1 0 756 104 2]
 P 804951 17618 1478721 56719608
PT [1 0 757 104 2]
EMPTY QUEUE
 P 805283 17618 1482119 56793832
PT [1 0 758 104 2]
 P 806276 17618 1482128 56863968
PT [1 0 759 104 2]
 P 806276 17618 1485518 56936148
PT [1 0 760 104 2]
 P 806276 17618 1488908 57008328
PT [1 0 761 104 2]
 P 807506 17618 1488912 57080508
PT [1 0 762 104 2]
EMPTY QUEUE
 P 807837 17618 1492311 57154412
PT [1 0 763 105 2]
 P 810048 17618 1492320 57224868
PT [1 0 764 105 2]
 P 810048 17618 1495710 57297048
PT [1 0 765 105 2]
 P 810048 17618 1499100 57369228
PT [1 0 766 105 2]
 P 811216 17618 1499103 57441408
PT [1 0 767 105 2]
EMPTY QUEUE
 P 811548 17618 1502501 57514481
PT [1 0 768 106 2]
 P 814465 17618 1502510 57585768
PT [1 0 769 106 2]
 P 814465 17618 1505900 57657948
PT [1 0 770 106 2]
 P 814465 17618 1509290 57730128
PT [1 0 771 106 2]
 P 817106 17618 1509293 57802308
PT [1 0 772 106 2]
EMPTY QUEUE
 P 817438 17618 1512691 57876085
PT [1 0 773 107 2]
 P 818501 17618 1512700 57946668
PT [1 0 774 107 2]
 P 818501 17618 1516090 58018848
PT [1 0 775 107 2]
 P 818501 17618 1519480 58091028
PT [1 0 776 107 2]
 P 820055 17618 1519483 58163208
PT [1 0 777 107 2]
EMPTY QUEUE
 P 820386 17618 1522882 58237176
PT [1 0 778 107 2]
 P 823179 17618 1522891 58307568
PT [1 0 779 107 2]
 P 823179 17618 1526281 58379748
PT [1 0 780 107 2]
 P 823179 17618 1529671 58451928
PT [1 0 781 107 2]
 P 823179 17618 1533061 58524108
PT [1 0 782 107 2]
 P 824958 17618 1533064 58596288
PT [1 0 783 107 2]
EMPTY QUEUE
 P 826988 17618 1533073 58669824
PT [1 0 784 107 2]
EMPTY QUEUE
 P 827054 17618 1536464 58741044
PT [1 0 785 107 2]
EMPTY QUEUE
 P 827387 17618 1539862 58813497
PT [1 0 1 0 2]
 P 827387 17618 1543252 58885118
PT [1 0 2 0 2]
 P 830273 17618 1543255 58957298
PT [1 0 3 0 2]
 P 832833 17618 1543263 59029478
PT [1 0 4 0 2]
 P 832833 17618 1546653 59101658
PT [1 0 5 0 2]
EMPTY QUEUE
 P 833164 17618 1550053 59176491
PT [1 0 6 -1 2]
 P 833164 17618 1553443 59246018
PT [1 0 7 -1 2]
 P 834707 17618 1553447 59318198
PT [1 0 8 -1 2]
 P 837019 17618 1553450 59390378
PT [1 0 9 -1 2]
 P 838717 17618 1553458 59462558
PT [1 0 10 -1 2]
EMPTY QUEUE
 P 840267 17618 1553475 59537103
PT [1 0 11 0 2]
 P 842579 17618 1553478 59606918
PT [1 0 12 0 2]
 P 842579 17618 1556868 59679098
PT [1 0 13 0 2]
 P 842579 17618 1560258 59751278
PT [1 0 14 0 2]
 P 842579 17618 1563648 59823458
PT [1 0 15 0 2]
EMPTY QUEUE
 P 843811 17618 1563665 59898194
PT [1 0 16 0 2]
 P 846316 17618 1563669 59967818
PT [1 0 17 0 2]
 P 846316 17618 1567059 60039998
PT [1 0 18 0 2]
 P 846316 17618 1570449 60112178
PT [1 0 19 0 2]
 P 846316 17618 1573839 60184358
PT [1 0 20 0 2]
EMPTY QUEUE
 P 848765 17618 1573857 60258774
PT [1 0 21 1 2]
 P 850951 17618 1573861 60328718
PT [1 0 22 1 2]
 P 850951 17618 1577251 60400898
PT [1 0 23 1 2]
 P 850951 17618 1580641 60473078
PT [1 0 24 1 2]
 P 850951 17618 1584031 60545258
PT [1 0 25 1 2]
EMPTY QUEUE
 P 854107 17618 1584049 60618843
PT [1 0 26 2 2]
 P 855463 17618 1584052 60689618
PT [1 0 27 2 2]
 P 855463 17618 1587442 60761798
PT [1 0 28 2 2]
 P 855463 17618 1590832 60833978
PT [1 0 29 2 2]
 P 855463 17618 1594222 60906158
PT [1 0 30 2 2]
EMPTY QUEUE
 P 856764 17618 1594239 60979006
PT [1 0 31 2 2]
 P 858471 17618 1594247 61050518
PT [1 0 32 2 2]
 P 860436 17618 1594250 61122698
PT [1 0 33 2 2]
 P 860436 17618 1597640 61194878
PT [1 0 34 2 2]
 P 862753 17618 1597644 61267058
PT [1 0 35 2 2]
EMPTY QUEUE
 P 863084 17618 1601043 61341890
PT [1 0 36 3 2]
 P 865241 17618 1601051 61411418
PT [1 0 37 3 2]
 P 865241 17618 1604441 61483598
PT [1 0 38 3 2]
 P 865241 17618 1607831 61555778
PT [1 0 39 3 2]
 P 867752 17618 1607834 61627958
PT [1 0 40 3 2]
EMPTY QUEUE
 P 868084 17618 1611232 61702215
PT [1 0 41 4 2]
 P 870179 17618 1611240 61772318
PT [1 0 42 4 2]
 P 870179 17618 1614630 61844498
PT [1 0 43 4 2]
 P 870179 17618 1618020 61916678
PT [1 0 44 4 2]
 P 872371 17618 1618023 61988858
PT [1 0 45 4 2]
 P 874691 17618 1618026 62061038
PT [1 0 46 4 2]
EMPTY QUEUE
 P 876544 17618 1618042 62135775
PT [1 0 47 5 2]
 P 876544 17618 1621432 62205398
PT [1 0 48 5 2]
 P 876544 17618 1624822 62277578
PT [1 0 49 5 2]
 P 876544 17618 1628212 62349758
PT [1 0 50 5 2]
 P 879057 17618 1628215 62421938
PT [1 0 51 5 2]
EMPTY QUEUE
 P 881551 17618 1628225 62496027
PT [1 0 52 5 2]
EMPTY QUEUE
 P 881884 17618 1631623 62566968
PT [1 0 53 7 2]
 P 881884 17618 1635013 62638478
PT [1 0 54 7 2]
 P 881884 17618 1638403 62710658
PT [1 0 55 7 2]
 P 884078 17618 1638406 62782838
PT [1 0 56 7 2]
 P 884963 17618 1638414 62855018
PT [1 0 57 7 2]
EMPTY QUEUE
 P 885294 17618 1641813 62929850
PT [1 0 58 6 2]
 P 885294 17618 1645203 62999378
PT [1 0 59 6 2]
 P 885294 17618 1648593 63071558
PT [1 0 60 6 2]
 P 886657 17618 1648596 63143738
PT [1 0 61 6 2]
 P 889528 17618 1648604 63215918
PT [1 0 62 6 2]
EMPTY QUEUE
 P 889860 17618 1652003 63290175
PT [1 0 63 7 2]
 P 889860 17618 1655393 63360278
PT [1 0 64 7 2]
 P 889860 17618 1658783 63432458
PT [1 0 65 7 2]
 P 891928 17618 1658787 63504638
PT [1 0 66 7 2]
 P 894225 17618 1658795 63576818
PT [1 0 67 7 2]
EMPTY QUEUE
 P 894557 17618 1662193 63649987
PT [1 0 68 8 2]
 P 894557 17618 1665583 63721178
PT [1 0 69 8 2]
 P 894557 17618 1668973 63793358
PT [1 0 70 8 2]
 P 896819 17618 1668976 63865538
PT [1 0 71 8 2]
 P 898030 17618 1668985 63937718
PT [1 0 72 8 2]
EMPTY QUEUE
 P 898361 17618 1672384 64011334
PT [1 0 73 8 2]
 P 898361 17618 1675774 64082078
PT [1 0 74 8 2]
 P 898361 17618 1679164 64154258
PT [1 0 75 8 2]
 P 900304 17618 1679167 64226438
PT [1 0 76 8 2]
 P 901965 17618 1679176 64298618
PT [1 0 77 8 2]
EMPTY QUEUE
 P 902296 17618 1682575 64372170
PT [1 0 78 9 2]
 P 902296 17618 1685965 64442978
PT [1 0 79 9 2]
 P 902296 17618 1689355 64515158
PT [1 0 80 9 2]
 P 903408 17618 1689358 64587338
PT [1 0 81 9 2]
 P 905007 17618 1689367 64659518
PT [1 0 82 9 2]
EMPTY QUEUE
 P 905339 17618 1692765 64732495
PT [1 0 83 10 2]
 P 905339 17618 1696155 64803878
PT [1 0 84 10 2]
 P 905339 17618 1699545 64876058
PT [1 0 85 10 2]
 P 907156 17618 1699548 64948238
PT [1 0 86 10 2]
 P 908181 17618 1699557 65020418
PT [1 0 87 10 2]
EMPTY QUEUE
 P 908513 17618 1702955 65094354
PT [1 0 88 10 2]
 P 908513 17618 1706345 65164778
PT [1 0 89 10 2]
 P 908513 17618 1709735 65236958
PT [1 0 90 10 2]
 P 910523 17618 1709738 65309138
PT [1 0 91 10 2]
 P 912510 17618 1709747 65381318
PT [1 0 92 10 2]
EMPTY QUEUE
 P 912841 17618 1713146 65455702
PT [1 0 93 11 2]
 P 912841 17618 1716536 65525678
PT [1 0 94 11 2]
 P 912841 17618 1719926 65597858
PT [1 0 95 11 2]
 P 914532 17618 1719929 65670038
PT [1 0 96 11 2]
 P 916969 17618 1719938 65742218
PT [1 0 97 11 2]
EMPTY QUEUE
 P 917301 17618 1723336 65816539
PT [1 0 98 12 2]
 P 917301 17618 1726726 65886578
PT [1 0 99 12 2]
 P 917301 17618 1730116 65958758
PT [1 0 100 12 2]
 P 920209 17618 1730119 66030938
PT [1 0 101 12 2]
 P 922584 17618 1730128 66103118
PT [1 0 102 12 2]
EMPTY QUEUE
 P 922916 17618 1733526 66176862
PT [1 0 103 13 2]
 P 922916 17618 1736916 66247478
PT [1 0 104 13 2]
 P 922916 17618 1740306 66319658
PT [1 0 105 13 2]
 P 924481 17618 1740310 66391838
PT [1 0 106 13 2]
 P 926282 17618 1740319 66464018
PT [1 0 107 13 2]
 P 928264 17618 1740322 66536198
PT [1 0 108 13 2]
EMPTY QUEUE
 P 928595 17618 1743721 66610902
PT [1 0 109 13 2]
 P 928595 17618 1747111 66680558
PT [1 0 110 13 2]
 P 928595 17618 1750501 66752738
PT [1 0 111 13 2]
 P 931358 17618 1750510 66824918
PT [1 0 112 13 2]
 P 933789 17618 1750513 66897098
PT [1 0 113 13 2]
EMPTY QUEUE
 P 934121 17618 1753912 66970203
PT [1 0 114 14 2]
 P 934121 17618 1757302 67041458
PT [1 0 115 14 2]
 P 934121 17618 1760692 67113638
PT [1 0 116 14 2]
 P 935286 17618 1760702 67185818
PT [1 0 117 14 2]
 P 937654 17618 1760705 67257998
PT [1 0 118 14 2]
EMPTY QUEUE
 P 937986 17618 1764103 67331039
PT [1 0 119 15 2]
 P 937986 17618 1767493 67402358
PT [1 0 120 15 2]
 P 937986 17618 1770883 67474538
PT [1 0 121 15 2]
 P 939089 17618 1770892 67546718
PT [1 0 122 15 2]
 P 940882 17618 1770895 67618898
PT [1 0 123 15 2]
EMPTY QUEUE
 P 941214 17618 1774293 67693410
PT [1 0 124 15 2]
 P 941214 17618 1777683 67763258
PT [1 0 125 15 2]
 P 941214 17618 1781073 67835438
PT [1 0 126 15 2]
 P 943793 17618 1781081 67907618
PT [1 0 127 15 2]
 P 946547 17618 1781085 67979798
PT [1 0 128 15 2]
EMPTY QUEUE
 P 946878 17618 1784484 68053222
PT [1 0 129 16 2]
 P 946878 17618 1787874 68124158
PT [1 0 130 16 2]
 P 946878 17618 1791264 68196338
PT [1 0 131 16 2]
 P 948370 17618 1791272 68268518
PT [1 0 132 16 2]
 P 949526 17618 1791275 68340698
PT [1 0 133 16 2]
EMPTY QUEUE
 P 949858 17618 1794674 68414571
PT [1 0 134 17 2]
 P 949858 17618 1798064 68485058
PT [1 0 135 17 2]
 P 949858 17618 1801454 68557238
PT [1 0 136 17 2]
 P 951800 17618 1801462 68629418
PT [1 0 137 17 2]
 P 952893 17618 1801465 68701598
PT [1 0 138 17 2]
EMPTY QUEUE
 P 953225 17618 1804863 68775407
PT [1 0 139 18 2]
 P 953225 17618 1808253 68845958
PT [1 0 140 18 2]
 P 953225 17618 1811643 68918138
PT [1 0 141 18 2]
 P 955105 17618 1811651 68990318
PT [1 0 142 18 2]
 P 957671 17618 1811654 69062498
PT [1 0 143 18 2]
EMPTY QUEUE
 P 958002 17618 1815053 69135730
PT [1 0 144 18 2]
 P 958002 17618 1818443 69206858
PT [1 0 145 18 2]
 P 958002 17618 1821833 69279038
PT [1 0 146 18 2]
 P 959308 17618 1821841 69351218
PT [1 0 147 18 2]
 P 960788 17618 1821844 69423398
PT [1 0 148 18 2]
EMPTY QUEUE
 P 961120 17618 1825243 69497591
PT [1 0 149 19 2]
 P 961120 17618 1828633 69567758
PT [1 0 150 19 2]
 P 961120 17618 1832023 69639938
PT [1 0 151 19 2]
 P 961120 17618 1835413 69712118
PT [1 0 152 19 2]
 P 963048 17618 1835416 69784298
PT [1 0 153 19 2]
EMPTY QUEUE
 P 965136 17618 1835433 69858939
PT [1 0 154 20 2]
 P 965136 17618 1838823 69928658
PT [1 0 155 20 2]
 P 965136 17618 1842213 70000838
PT [1 0 156 20 2]
 P 965136 17618 1845603 70073018
PT [1 0 157 20 2]
 P 967001 17618 1845606 70145198
PT [1 0 158 20 2]
EMPTY QUEUE
 P 969538 17618 1845624 70219774
PT [1 0 159 20 2]
 P 969538 17618 1849014 70289558
PT [1 0 160 20 2]
 P 969538 17618 1852404 70361738
PT [1 0 161 20 2]
 P 969538 17618 1855794 70433918
PT [1 0 162 20 2]
 P 970828 17618 1855797 70506098
PT [1 0 163 20 2]
EMPTY QUEUE
 P 973304 17618 1855815 70580099
PT [1 0 164 21 2]
 P 973304 17618 1859205 70650458
PT [1 0 165 21 2]
 P 975651 17618 1859208 70722638
PT [1 0 166 21 2]
 P 975651 17618 1862598 70794818
PT [1 0 167 21 2]
 P 975651 17618 1865988 70866998
PT [1 0 168 21 2]
EMPTY QUEUE
 P 977554 17618 1866004 70939911
PT [1 0 169 22 2]
 P 977554 17618 1869394 71011358
PT [1 0 170 22 2]
 P 980094 17618 1869397 71083538
PT [1 0 171 22 2]
 P 980094 17618 1872787 71155718
PT [1 0 172 22 2]
 P 980094 17618 1876177 71227898
PT [1 0 173 22 2]
EMPTY QUEUE
 P 982959 17618 1876193 71301258
PT [1 0 174 22 2]
 P 982959 17618 1879583 71372258
PT [1 0 175 22 2]
 P 985180 17618 1879586 71444438
PT [1 0 176 22 2]
 P 985180 17618 1882976 71516618
PT [1 0 177 22 2]
 P 985180 17618 1886366 71588798
PT [1 0 178 22 2]
EMPTY QUEUE
 P 986446 17618 1886383 71662094
PT [1 0 179 23 2]
 P 986446 17618 1889773 71733158
PT [1 0 180 23 2]
 P 987836 17618 1889776 71805338
PT [1 0 181 23 2]
 P 987836 17618 1893166 71877518
PT [1 0 182 23 2]
 P 987836 17618 1896556 71949698
PT [1 0 183 23 2]
EMPTY QUEUE
 P 991089 17618 1896572 72024467
PT [1 0 184 24 2]
 P 991089 17618 1899962 72094058
PT [1 0 185 24 2]
 P 993184 17618 1899966 72166238
PT [1 0 186 24 2]
 P 993184 17618 1903356 72238418
PT [1 0 187 24 2]
 P 993184 17618 1906746 72310598
PT [1 0 188 24 2]
EMPTY QUEUE
 P 995862 17618 1906762 72383446
PT [1 0 189 25 2]
 P 997154 17618 1906770 72454958
PT [1 0 190 25 2]
 P 999443 17618 1906773 72527138
PT [1 0 191 25 2]
 P 999443 17618 1910163 72599318
PT [1 0 192 25 2]
 P 999443 17618 1913553 72671498
PT [1 0 193 25 2]
EMPTY QUEUE
 P 999774 17618 1916952 72746330
PT [1 0 194 25 2]
 P 1000747 17618 1916960 72815858
PT [1 0 195 25 2]
 P 1002717 17618 1916963 72888038
PT [1 0 196 25 2]
 P 1002717 17618 1920353 72960218
PT [1 0 197 25 2]
 P 1002717 17618 1923743 73032398
PT [1 0 198 25 2]
EMPTY QUEUE
 P 1003049 17618 1927142 73106655
PT [1 0 199 26 2]
 P 1005240 17618 1927151 73176758
PT [1 0 200 26 2]
 P 1006379 17618 1927154 73248938
PT [1 0 201 26 2]
 P 1006379 17618 1930544 73321118
PT [1 0 202 26 2]
 P 1006379 17618 1933934 73393298
PT [1 0 203 26 2]
EMPTY QUEUE
 P 1006711 17618 1937332 73466467
PT [1 0 204 27 2]
 P 1009608 17618 1937341 73537658
PT [1 0 205 27 2]
 P 1011452 17618 1937344 73609838
PT [1 0 206 27 2]
 P 1013808 17618 1937347 73682018
PT [1 0 207 27 2]
 P 1013808 17618 1940737 73754198
PT [1 0 208 27 2]
EMPTY QUEUE
 P 1014139 17618 1944136 73827814
PT [1 0 209 27 2]
 P 1015182 17618 1944145 73898558
PT [1 0 210 27 2]
 P 1015182 17618 1947535 73970738
PT [1 0 211 27 2]
 P 1017731 17618 1947538 74042918
PT [1 0 212 27 2]
 P 1017731 17618 1950928 74115098
PT [1 0 213 27 2]
EMPTY QUEUE
 P 1018063 17618 1954327 74188651
PT [1 0 214 28 2]
 P 1020836 17618 1954336 74259458
PT [1 0 215 28 2]
 P 1020836 17618 1957726 74331638
PT [1 0 216 28 2]
 P 1023066 17618 1957730 74403818
PT [1 0 217 28 2]
 P 1023066 17618 1961120 74475998
PT [1 0 218 28 2]
EMPTY QUEUE
 P 1023398 17618 1964518 74548975
PT [1 0 219 29 2]
 P 1025341 17618 1964527 74620358
PT [1 0 220 29 2]
 P 1025341 17618 1967917 74692538
PT [1 0 221 29 2]
 P 1026741 17618 1967920 74764718
PT [1 0 222 29 2]
 P 1026741 17618 1971310 74836898
PT [1 0 223 29 2]
EMPTY QUEUE
 P 1027073 17618 1974708 74910834
PT [1 0 224 29 2]
 P 1029722 17618 1974717 74981258
PT [1 0 225 29 2]
 P 1029722 17618 1978107 75053438
PT [1 0 226 29 2]
 P 1031827 17618 1978110 75125618
PT [1 0 227 29 2]
 P 1031827 17618 1981500 75197798
PT [1 0 228 29 2]
EMPTY QUEUE
 P 1032158 17618 1984899 75272182
PT [1 0 229 30 2]
 P 1035001 17618 1984908 75342158
PT [1 0 230 30 2]
 P 1035001 17618 1988298 75414338
PT [1 0 231 30 2]
 P 1037299 17618 1988301 75486518
PT [1 0 232 30 2]
 P 1037299 17618 1991691 75558698
PT [1 0 233 30 2]
EMPTY QUEUE
 P 1037631 17618 1995089 75633019
PT [1 0 234 31 2]
 P 1040156 17618 1995098 75703058
PT [1 0 235 31 2]
 P 1040156 17618 1998488 75775238
PT [1 0 236 31 2]
 P 1042135 17618 1998491 75847418
PT [1 0 237 31 2]
 P 1042135 17618 2001881 75919598
PT [1 0 238 31 2]
EMPTY QUEUE
 P 1042467 17618 2005279 75993342
PT [1 0 239 32 2]
 P 1044162 17618 2005288 76063958
PT [1 0 240 32 2]
 P 1044162 17618 2008678 76136138
PT [1 0 241 32 2]
 P 1045310 17618 2008681 76208318
PT [1 0 242 32 2]
 P 1045310 17618 2012071 76280498
PT [1 0 243 32 2]
EMPTY QUEUE
 P 1045641 17618 2015470 76355202
PT [1 0 244 32 2]
 P 1048042 17618 2015479 76424858
PT [1 0 245 32 2]
 P 1048042 17618 2018869 76497038
PT [1 0 246 32 2]
 P 1049895 17618 2018872 76569218
PT [1 0 247 32 2]
 P 1049895 17618 2022262 76641398
PT [1 0 248 32 2]
EMPTY QUEUE
 P 1050227 17618 2025661 76714503
PT [1 0 249 33 2]
 P 1052822 17618 2025670 76785758
PT [1 0 250 33 2]
 P 1052822 17618 2029060 76857938
PT [1 0 251 33 2]
 P 1054868 17618 2029064 76930118
PT [1 0 252 33 2]
 P 1054868 17618 2032454 77002298
PT [1 0 253 33 2]
EMPTY QUEUE
 P 1055200 17618 2035852 77075339
PT [1 0 254 34 2]
 P 1057477 17618 2035861 77146658
PT [1 0 255 34 2]
 P 1057477 17618 2039251 77218838
PT [1 0 256 34 2]
 P 1059204 17618 2039255 77291018
PT [1 0 257 34 2]
 P 1061220 17618 2039258 77363198
PT [1 0 258 34 2]
 P 1063588 17618 2039261 77435378
PT [1 0 259 34 2]
EMPTY QUEUE
 P 1065366 17618 2039278 77508226
PT [1 0 260 34 2]
 P 1065366 17618 2042668 77579738
PT [1 0 261 34 2]
 P 1067110 17618 2042677 77651918
PT [1 0 262 34 2]
 P 1067110 17618 2046067 77724098
PT [1 0 263 34 2]
 P 1068911 17618 2046076 77796278
PT [1 0 264 34 2]
EMPTY QUEUE
 P 1068977 17618 2049467 77870678
PT [1 0 265 34 2]
 P 1071347 17618 2049470 77940638
PT [1 0 266 34 2]
EMPTY QUEUE
 P 1071680 17618 2052868 78013487
PT [1 0 267 35 2]
 P 1071680 17618 2056258 78084998
PT [1 0 268 35 2]
 P 1073931 17618 2056267 78157178
PT [1 0 269 35 2]
 P 1073931 17618 2059657 78229358
PT [1 0 270 35 2]
 P 1076494 17618 2059660 78301538
PT [1 0 271 35 2]
EMPTY QUEUE
 P 1076826 17618 2063059 78376371
PT [1 0 272 36 2]
 P 1076826 17618 2066449 78445898
PT [1 0 273 36 2]
 P 1079015 17618 2066458 78518078
PT [1 0 274 36 2]
 P 1079015 17618 2069848 78590258
PT [1 0 275 36 2]
