using saved target 'z1'
../../../../contiki/tools/sky/serialdump-linux -b115200 /dev/ttyUSB2
connecting to /dev/ttyUSB2 (115200) [OK]
Rime started with address 3.0
MAC 03:00:00:00:00:00:00:00 Ref ID: 4841
Contiki-3.x-2125-g5d67a61 started. Node id is set to 3.

************************************************
RTIMER_SECOND = 32768. F_CPU=8000000.
CLOCK_SECOND=128.
DURSLOT = 6015.(0.1835 s).
DURSLEEP = 66165.
DURCYCLE = 72180 .(2.2027 s).
MAX_CLOCK_DRIFT = WAKEUP_ADVANCE_TIME = 327 (0.0049 s).
PERIODIC_BCAST_CYCLES_SENSOR = 4259843.
PERIODIC_BCAST_CYCLES_SINK = 4259843.
MAX_CYCLE_COUNTER = 41728.
MAX_COUNT_NO_RTS_CTS = 65535.
MAX_CHILD_NUM = 10.
MAX_TRY_TO_FIND_PARENT = 3.

**********Below is Related Settings**********
PRIMAC_CONF_COMPOWER = 1.
PRIMAC_CONF_COMPOWER_SUPPORT = 1.
SF = 10.
PRI_SYNC_SUPPORT = 1.
RANDOM_DRIFT_IN_COOJA_SUPPORT = 0.
ADCSC_SUPPORT = 1.
DATA_TX_SUPPORT = 1.
CYCLES_PER_PACKET = 2.
DATA_INTERVAL = 5.
RETX_LIMIT = 6.
TOTAL_DATA_NUM = 100.
MAX_DATA_QUEUE_BUFS = 10.
PROC_GRADE_BASED_ON_ADDR_SUPPORT = 1.
NODES_NUM_PER_GRADE = 2.
ADDRESS_FREE_SUPPORT = 0.
IS_COOJA_SIM = 0.
CROSS_PLATFORM_SUPPORT = 0.
************************************************

My address is 3.0.
nullmac PRIMAC, channel check rate 8 Hz, radio channel 26
Starting
Hello, world
 P 0 0 0 1210738
 P 0 0 3443 1284291
 P 0 0 6833 1355098
 P 0 0 10223 1427278
 P 0 0 13613 1499458
 P 0 0 17003 1571638
EMPTY QUEUE
 P 340 0 20397 1646186
PT [2 0 1 0 1]
 P 340 0 23787 1715998
PT [2 0 2 0 1]
 P 340 0 27177 1788178
PT [2 0 3 0 1]
 P 340 0 30567 1860358
PT [2 0 4 0 1]
 P 2649 0 31648 1932538
PT [2 0 5 0 1]
EMPTY QUEUE
 P 3149 0 35042 2005870
PT [2 0 6 1 1]
 P 3956 0 37625 2076898
PT [2 0 7 1 1]
 P 3956 0 41015 2149078
PT [2 0 8 1 1]
 P 3956 0 44405 2221258
PT [2 0 9 1 1]
 P 6265 0 44411 2293438
PT [2 0 10 1 1]
EMPTY QUEUE
 P 6732 0 47805 2367185
PT [2 0 11 2 1]
 P 8763 0 47808 2437798
PT [2 0 12 2 1]
 P 10378 0 47811 2509978
PT [2 0 13 2 1]
 P 11994 0 47815 2582158
PT [2 0 14 2 1]
 P 13313 0 47821 2654338
PT [2 0 15 2 1]
EMPTY QUEUE
 P 15518 0 47831 2728117
PT [2 0 16 3 1]
 P 15518 0 51221 2798698
PT [2 0 17 3 1]
 P 15518 0 54611 2870878
PT [2 0 18 3 1]
 P 15518 0 58001 2943058
PT [2 0 19 3 1]
 P 17254 0 58008 3015238
PT [2 0 20 3 1]
EMPTY QUEUE
 P 18981 0 58018 3089369
PT [2 0 21 4 1]
 P 18981 0 61408 3159598
PT [2 0 22 4 1]
 P 18981 0 64798 3231778
PT [2 0 23 4 1]
 P 18981 0 68188 3303958
PT [2 0 24 4 1]
 P 21006 0 68194 3376138
PT [2 0 25 4 1]
EMPTY QUEUE
 P 23695 0 68204 3450525
PT [2 0 26 5 1]
 P 23695 0 71594 3520498
PT [2 0 27 5 1]
 P 23695 0 74984 3592678
PT [2 0 28 5 1]
 P 23695 0 78374 3664858
PT [2 0 29 5 1]
 P 26393 0 78380 3737038
PT [2 0 30 5 1]
EMPTY QUEUE
 P 27805 0 78389 3810978
PT [2 0 31 6 1]
 P 27805 0 81779 3881398
PT [2 0 32 6 1]
 P 27805 0 85169 3953578
PT [2 0 33 6 1]
 P 27805 0 88559 4025758
PT [2 0 34 6 1]
 P 30024 0 88565 4097938
PT [2 0 35 6 1]
EMPTY QUEUE
 P 32607 0 88574 4171014
PT [2 0 36 7 1]
 P 34290 0 88581 4242298
PT [2 0 37 7 1]
 P 34290 0 91971 4314478
PT [2 0 38 7 1]
 P 34290 0 95361 4386658
PT [2 0 39 7 1]
 P 35344 0 95366 4458838
PT [2 0 40 7 1]
EMPTY QUEUE
 P 38129 0 95375 4533674
PT [2 0 41 9 1]
 P 39334 0 95380 4603198
PT [2 0 42 9 1]
 P 39334 0 98770 4675378
PT [2 0 43 9 1]
 P 39334 0 102160 4747558
PT [2 0 44 9 1]
 P 39334 0 105550 4819738
PT [2 0 45 9 1]
EMPTY QUEUE
 P 41800 0 105559 4894190
PT [2 0 46 10 1]
 P 43935 0 105564 4964098
PT [2 0 47 10 1]
 P 43935 0 108954 5036278
PT [2 0 48 10 1]
 P 43935 0 112344 5108458
PT [2 0 49 10 1]
 P 43935 0 115734 5180638
PT [2 0 50 10 1]
EMPTY QUEUE
 P 47010 0 115743 5255634
PT [2 0 51 11 1]
 P 47899 0 115749 5324998
PT [2 0 52 11 1]
 P 47899 0 119139 5397178
PT [2 0 53 11 1]
 P 47899 0 122529 5469358
PT [2 0 54 11 1]
 P 47899 0 125919 5541538
PT [2 0 55 11 1]
EMPTY QUEUE
 P 50782 0 125928 5615254
PT [2 0 56 12 1]
 P 52857 0 125934 5685898
PT [2 0 57 12 1]
 P 52857 0 129324 5758078
PT [2 0 58 12 1]
 P 52857 0 132714 5830258
PT [2 0 59 12 1]
 P 52857 0 136104 5902438
PT [2 0 60 12 1]
EMPTY QUEUE
 P 55488 0 136114 5976860
PT [2 0 61 14 1]
 P 57597 0 136120 6046798
PT [2 0 62 14 1]
 P 59365 57 138698 6123474
PT [2 0 63 14 1]
 P 62123 392 138710 6194022
PT [2 0 64 13 1]
 P 65953 605 139703 6266107
PT [2 0 65 14 1]
 P 68354 765 139715 6338511
PT [2 0 66 14 1]
 P 70100 1100 139728 6410370
PT [2 0 67 14 1]
 P 73421 1502 139745 6481078
PT [2 0 68 14 1]
 P 76032 1909 143153 6552058
PT [2 0 69 14 1]
 P 78676 2244 143165 6626623
PT [2 0 70 15 1]
 P 82095 2650 143183 6698483
PT [2 0 71 15 1]
 P 83491 2985 143196 6771526
PT [2 0 72 15 1]
 P 86748 3391 143214 6842906
PT [2 0 73 15 1]
 P 89284 3726 143226 6914351
PT [2 0 74 16 1]
 P 92143 4133 143243 6986852
PT [2 0 75 16 1]
 P 95159 4468 143255 7059447
PT [2 0 76 16 1]
 P 97441 4875 143276 7132618
PT [2 0 77 16 1]
 P 97441 4875 146666 7201678
PT [2 0 78 16 1]
 P 100089 5211 146678 7275603
PT [2 0 79 17 1]
 P 103382 5616 146696 7348935
PT [2 0 80 17 1]
 P 104846 5951 146708 7421083
PT [2 0 81 17 1]
 P 108331 6357 146726 7491984
PT [2 0 82 17 1]
 P 110869 6692 146738 7564354
PT [2 0 83 17 1]
 P 113571 7098 146755 7636247
PT [2 0 84 18 1]
 P 114103 7169 150151 7709547
PT [2 0 85 18 1]
 P 115390 7433 150159 7779673
PT [2 0 86 18 1]
 P 117751 7697 150168 7853517
PT [2 0 87 18 1]
 P 120194 8032 150180 7926374
PT [2 0 88 19 1]
 P 122893 8438 152770 7998523
PT [2 0 89 19 1]
 P 126394 8653 153381 8070607
PT [2 0 90 19 1]
 P 128546 8653 154589 8140018
PT [2 0 91 19 1]
 P 129982 8988 154602 8214070
PT [2 0 92 19 1]
 P 135605 9731 154631 8286890
PT [2 0 93 20 1]
 P 138254 10140 158038 8359231
PT [2 0 94 20 1]
 P 140876 10476 158051 8431283
PT [2 0 95 20 1]
 P 143640 10810 158064 8502854
PT [2 0 96 20 1]
 P 145719 11148 158076 8576091
PT [2 0 97 20 1]
 P 149080 11554 158092 8647471
PT [2 0 98 21 1]
 P 151859 11625 159069 8718852
PT [2 0 99 21 1]
 P 154331 11761 159081 8791703
PT [2 0 100 21 1]
 P 157160 12096 159094 8864042
PT [2 0 101 21 1]
 P 160945 12502 160319 8937054
PT [2 0 102 21 1]
 P 163744 12837 160331 9007924
PT [2 0 103 22 1]
 P 166223 13172 160343 9080328
PT [2 0 104 22 1]
 P 168497 13508 160357 9153434
PT [2 0 105 22 1]
 P 170790 13914 160377 9225166
PT [2 0 106 22 1]
 P 174249 14321 160394 9297954
PT [2 0 107 23 1]
 P 176664 14657 160406 9369688
PT [2 0 108 23 1]
 P 179441 15063 160427 9440524
PT [2 0 109 24 1]
 P 179940 15134 163823 9513951
PT [2 0 110 22 1]
 P 181704 15469 163834 9586355
PT [2 0 111 22 1]
 P 184567 15806 163845 9658247
PT [2 0 112 23 1]
 P 187077 16141 163857 9729596
PT [2 0 113 23 1]
 P 189950 16543 163875 9803184
PT [2 0 114 23 1]
 P 192277 16950 163893 9874563
PT [2 0 115 23 1]
 P 195640 17357 163912 9947224
PT [2 0 116 23 1]
 P 198058 17692 163924 10018319
PT [2 0 117 25 1]
 P 200868 18099 163942 10090848
PT [2 0 118 24 1]
 P 201335 18170 167338 10163059
PT [2 0 119 24 1]
 P 202629 18436 169916 10236583
PT [2 0 120 24 1]
 P 205526 18773 169927 10308411
PT [2 0 121 25 1]
 P 209135 19250 169949 10380464
PT [2 0 122 25 1]
 P 211351 19585 169962 10452741
PT [2 0 123 25 1]
 P 213055 19919 169976 10524567
PT [2 0 124 25 1]
 P 216389 20325 169994 10595340
PT [2 0 125 27 1]
 P 218807 20661 170005 10668447
PT [2 0 126 26 1]
 P 221557 21068 170022 10740884
PT [2 0 127 26 1]
 P 221557 21068 173412 10810679
PT [2 0 128 26 1]
 P 224519 21404 173424 10884379
PT [2 0 129 26 1]
 P 227301 21811 173441 10957967
PT [2 0 130 26 1]
 P 229105 22146 173452 11028612
PT [2 0 131 27 1]
 P 232407 22553 173470 11100696
PT [2 0 132 27 1]
 P 234924 22888 173482 11173645
PT [2 0 133 28 1]
 P 237674 23296 173500 11245887
PT [2 0 134 27 1]
 P 240734 23632 173513 11318036
PT [2 0 135 27 1]
 P 243040 24039 173531 11389832
PT [2 0 136 28 1]
 P 243040 24039 176921 11460299
PT [2 0 137 28 1]
 P 245805 24374 176933 11534511
PT [2 0 138 28 1]
 P 246400 24445 180329 11604659
PT [2 0 139 28 1]
 P 247894 24516 180340 11677975
PT [2 0 140 29 1]
 P 249618 24516 181548 11749019
PT [2 0 141 29 1]
 P 251458 24852 181560 11823361
PT [2 0 142 29 1]
 P 257075 25594 181591 11895219
PT [2 0 143 29 1]
 P 262403 26333 185011 11968096
PT [2 0 144 30 1]
 P 263891 26669 185023 12040507
PT [2 0 145 30 1]
 P 267325 27075 185040 12112528
PT [2 0 146 30 1]
 P 269844 27411 185051 12184132
PT [2 0 147 30 1]
 P 272569 27817 185068 12256727
PT [2 0 148 30 1]
 P 274381 28152 185080 12328651
PT [2 0 149 30 1]
 P 277753 28558 185097 12401472
PT [2 0 150 129 1]
 P 280304 28893 185109 12472564
PT [2 0 151 129 1]
 P 283128 29300 185127 12544904
PT [2 0 152 129 1]
 P 283128 29300 188517 12615179
PT [2 0 153 129 1]
 P 284388 29564 188526 12689716
PT [2 0 154 129 1]
 P 287164 29898 188539 12762404
PT [2 0 155 130 1]
 P 290749 30376 188564 12834552
PT [2 0 156 130 1]
 P 293574 30783 188582 12905803
PT [2 0 157 130 1]
 P 295324 31118 188594 12977855
PT [2 0 158 130 1]
 P 298294 31453 188607 13051251
PT [2 0 159 131 1]
 P 301219 31858 188625 13122888
PT [2 0 160 131 1]
 P 304528 32264 188644 13195645
PT [2 0 161 131 1]
 P 304528 32264 192034 13264799
PT [2 0 162 131 1]
 P 306025 32599 192046 13339683
PT [2 0 163 131 1]
 P 309304 33005 192062 13410329
PT [2 0 164 132 1]
 P 311730 33340 192074 13483468
PT [2 0 165 132 1]
 P 314496 33746 192093 13555936
PT [2 0 166 132 1]
 P 316346 34082 192104 13627347
PT [2 0 167 132 1]
 P 319819 34488 192121 13700874
PT [2 0 168 132 1]
 P 320351 34559 195516 13772540
PT [2 0 169 133 1]
 P 322779 34895 195528 13844336
PT [2 0 170 133 1]
 P 325046 35230 195541 13915748
PT [2 0 171 133 1]
 P 326802 35567 195553 13988599
PT [2 0 172 133 1]
 P 330113 35973 195569 14060907
PT [2 0 173 134 1]
 P 332669 36308 195582 14133088
PT [2 0 174 134 1]
 P 335566 36715 195601 14204949
PT [2 0 175 134 1]
 P 337355 37050 195614 14277287
PT [2 0 176 134 1]
 P 340731 37457 195631 14350331
PT [2 0 177 134 1]
 P 341264 37528 199027 14422546
PT [2 0 178 136 1]
 P 343919 37864 199039 14493316
PT [2 0 179 135 1]
 P 346764 38199 199051 14565752
PT [2 0 180 135 1]
 P 348267 38535 199064 14637643
PT [2 0 181 135 1]
 P 351676 38943 199081 14711487
PT [2 0 182 135 1]
 P 354138 39278 199093 14782485
PT [2 0 183 136 1]
 P 356848 39685 199111 14853864
PT [2 0 184 136 1]
 P 358673 40020 199122 14927323
PT [2 0 185 136 1]
 P 362052 40426 199141 14999791
PT [2 0 186 136 1]
 P 362052 40426 202531 15069299
PT [2 0 187 136 1]
 P 364549 40761 202541 15142584
PT [2 0 188 137 1]
 P 367452 41168 202559 15215820
PT [2 0 189 137 1]
 P 369247 41503 202570 15288639
PT [2 0 190 137 1]
 P 372529 41911 202589 15359828
PT [2 0 191 137 1]
 P 374552 42175 205167 15433863
PT [2 0 192 137 1]
 P 376765 42511 205181 15505245
PT [2 0 193 138 1]
 P 378425 42724 208590 15577040
PT [2 0 194 138 1]
 P 380221 43059 208601 15648163
PT [2 0 195 138 1]
 P 383072 43395 208613 15720793
PT [2 0 196 138 1]
 P 385570 43731 208625 15792909
PT [2 0 197 140 1]
 P 388477 44140 208642 15865888
PT [2 0 198 139 1]
 P 390339 44477 208654 15938259
PT [2 0 199 139 1]
 P 393751 44885 208673 16010215
PT [2 0 200 139 1]
 P 396185 45221 208685 16081756
PT [2 0 201 139 1]
 P 398965 45629 208701 16154449
PT [2 0 202 140 1]
 P 399560 45700 212097 16225604
PT [2 0 203 140 1]
 P 401392 46037 212109 16297688
PT [2 0 204 140 1]
 P 404210 46375 212121 16371275
PT [2 0 205 140 1]
 P 406677 46710 212132 16442369
PT [2 0 206 141 1]
 P 408906 47045 212145 16514040
PT [2 0 207 141 1]
 P 410773 47380 212158 16588072
PT [2 0 208 141 1]
 P 414689 47857 212184 16660061
PT [2 0 209 141 1]
 P 417126 48192 212195 16732367
PT [2 0 210 141 1]
 P 419911 48599 212211 16803396
PT [2 0 211 142 1]
 P 419911 48599 215601 16873799
PT [2 0 212 142 1]
 P 421717 48934 215614 16947213
PT [2 0 213 143 1]
 P 425100 49342 215633 17020863
PT [2 0 214 142 1]
 P 427601 49677 215644 17092755
PT [2 0 215 142 1]
 P 430547 50084 215661 17164584
PT [2 0 216 143 1]
 P 432289 50419 215674 17237597
PT [2 0 217 143 1]
 P 435803 50825 215693 17309103
PT [2 0 218 143 1]
 P 438368 51161 215705 17380451
PT [2 0 219 143 1]
 P 441731 51568 215721 17452983
PT [2 0 220 144 1]
 P 441731 51568 219111 17523419
PT [2 0 221 144 1]
 P 443251 51903 219123 17597760
PT [2 0 222 144 1]
 P 446573 52309 219142 17670867
PT [2 0 223 144 1]
 P 449011 52645 219154 17741671
PT [2 0 224 144 1]
 P 451801 53051 219170 17815003
PT [2 0 225 145 1]
 P 453547 53387 219182 17887088
PT [2 0 226 145 1]
 P 456903 53794 219201 17957988
PT [2 0 227 145 1]
 P 457434 53864 222598 18029847
PT [2 0 228 145 1]
 P 459969 54201 222609 18102507
PT [2 0 229 145 1]
 P 462228 54537 222620 18174560
PT [2 0 230 146 1]
 P 464072 54874 222633 18248277
PT [2 0 231 146 1]
 P 467397 55280 222652 18318824
PT [2 0 232 146 1]
 P 469934 55616 222663 18390747
PT [2 0 233 146 1]
 P 472726 56023 222681 18463506
PT [2 0 234 148 1]
 P 474572 56358 222693 18536676
PT [2 0 235 147 1]
 P 477962 56765 222712 18608985
PT [2 0 236 147 1]
 P 478493 56835 226109 18681387
PT [2 0 237 147 1]
 P 481062 57170 226121 18753055
PT [2 0 238 147 1]
 P 483388 57505 226132 18824115
PT [2 0 239 148 1]
 P 485236 57840 226145 18896744
PT [2 0 240 148 1]
 P 488659 58247 226164 18968828
PT [2 0 241 148 1]
 P 491133 58582 226177 19041711
PT [2 0 242 148 1]
 P 493931 58989 226194 19114051
PT [2 0 243 148 1]
 P 497014 59324 226205 19186168
PT [2 0 244 149 1]
 P 499492 59730 226224 19258092
PT [2 0 245 149 1]
 P 499492 59730 229614 19327919
PT [2 0 246 149 1]
 P 502302 60065 229626 19402643
PT [2 0 247 149 1]
 P 505790 60468 229642 19473607
PT [2 0 248 149 1]
 P 507789 60874 229658 19546492
PT [2 0 249 150 1]
 P 508321 60944 233055 19616639
PT [2 0 250 150 1]
 P 511005 61281 233067 19690948
PT [2 0 251 150 1]
 P 513898 61616 233082 19763410
PT [2 0 252 150 1]
 P 518660 61952 236873 19836107
PT [2 0 253 151 1]
 P 522442 62429 236895 19908160
PT [2 0 254 151 1]
 P 525336 62765 236909 19980565
PT [2 0 255 151 1]
 P 527381 63100 236922 20052327
PT [2 0 256 151 1]
 P 530365 63435 239506 20124891
PT [2 0 257 151 1]
 P 532950 63770 239519 20197071
PT [2 0 258 152 1]
 P 536285 64247 239543 20269028
PT [2 0 259 152 1]
 P 538046 64584 239555 20341368
PT [2 0 260 152 1]
 P 541408 64991 239574 20412395
PT [2 0 261 152 1]
 P 541876 65062 242969 20484575
PT [2 0 262 152 1]
 P 544451 65398 242982 20557589
PT [2 0 263 153 1]
 P 546691 65734 242995 20629832
PT [2 0 264 153 1]
 P 548580 66069 243008 20701819
PT [2 0 265 153 1]
 P 551910 66476 243026 20773456
PT [2 0 266 153 1]
 P 554422 66812 243037 20846659
PT [2 0 267 153 1]
 P 557197 67219 243053 20917976
PT [2 0 268 154 1]
 P 559024 67551 243065 20989381
PT [2 0 269 154 1]
 P 562889 68028 243090 21062400
PT [2 0 270 154 1]
 P 562889 68028 246480 21132419
PT [2 0 271 154 1]
 P 565370 68363 246491 21206471
PT [2 0 272 155 1]
 P 568179 68770 246510 21278301
PT [2 0 273 155 1]
 P 570721 68841 247075 21351472
PT [2 0 274 155 1]
 P 573510 69176 247088 21424067
PT [2 0 275 155 1]
 P 575022 69513 247099 21496152
PT [2 0 276 155 1]
 P 578294 69919 247114 21566955
PT [2 0 277 156 1]
 P 583042 70518 247136 21640576
PT [2 0 278 156 1]
 P 586866 70996 247159 21712725
PT [2 0 279 156 1]
 P 586866 70996 250549 21782039
PT [2 0 280 156 1]
 P 589626 71331 250560 21857243
PT [2 0 281 156 1]
 P 592962 71737 250576 21928176
PT [2 0 282 157 1]
 P 595019 72074 250588 21999748
PT [2 0 283 157 1]
 P 598386 72481 250606 22073463
PT [2 0 284 157 1]
 P 600839 72816 250617 22145292
PT [2 0 285 158 1]
 P 603653 73223 250634 22217087
PT [2 0 286 158 1]
 P 604185 73294 254030 22289588
PT [2 0 287 158 1]
 P 606052 73630 254042 22361992
PT [2 0 288 158 1]
 P 608888 73966 254054 22433788
PT [2 0 289 158 1]
 P 608888 73966 257444 22503839
PT [2 0 290 158 1]
 P 608888 73966 260834 22576019
PT [2 0 291 158 1]
 P 608888 73966 264224 22648199
PT [2 0 292 158 1]
 P 611121 73966 264230 22720379
PT [2 0 293 158 1]
EMPTY QUEUE
 P 613670 73966 264240 22795118
PT [2 0 294 159 1]
 P 613670 73966 267630 22864739
PT [2 0 295 159 1]
 P 613670 73966 271020 22936919
PT [2 0 296 159 1]
 P 613670 73966 274410 23009099
PT [2 0 297 159 1]
 P 614658 73966 274416 23081279
PT [2 0 298 159 1]
EMPTY QUEUE
 P 617688 73966 274426 23155410
PT [2 0 299 160 1]
 P 617688 73966 277816 23225639
PT [2 0 300 160 1]
 P 617688 73966 281206 23297819
PT [2 0 301 160 1]
 P 617688 73966 284596 23369999
PT [2 0 302 160 1]
 P 619861 73966 284602 23442179
PT [2 0 303 160 1]
EMPTY QUEUE
 P 622860 73966 284612 23516214
PT [2 0 304 161 1]
 P 622860 73966 288002 23586539
PT [2 0 305 161 1]
 P 622860 73966 291392 23658719
PT [2 0 306 161 1]
 P 622860 73966 294782 23730899
PT [2 0 307 161 1]
 P 625067 73966 294788 23803079
PT [2 0 308 161 1]
EMPTY QUEUE
 P 627844 73966 294797 23876826
PT [2 0 309 162 1]
 P 627844 73966 298187 23947439
PT [2 0 310 162 1]
 P 627844 73966 301577 24019619
PT [2 0 311 162 1]
 P 627844 73966 304967 24091799
PT [2 0 312 162 1]
 P 629445 73966 304973 24163979
PT [2 0 313 162 1]
EMPTY QUEUE
 P 632351 73966 304982 24238815
PT [2 0 1 0 1]
 P 632351 73966 308372 24308502
PT [2 0 2 0 1]
 P 632351 73966 311762 24380682
PT [2 0 3 0 1]
 P 632351 73966 315152 24452862
PT [2 0 4 0 1]
 P 635103 73966 315158 24525042
PT [2 0 5 0 1]
EMPTY QUEUE
 P 636792 73966 315166 24599782
PT [2 0 6 2 1]
 P 636792 73966 318556 24669402
PT [2 0 7 2 1]
 P 636792 73966 321946 24741582
PT [2 0 8 2 1]
 P 636792 73966 325336 24813762
PT [2 0 9 2 1]
 P 639196 73966 325341 24885942
PT [2 0 10 2 1]
EMPTY QUEUE
 P 641367 73966 325350 24959050
PT [2 0 11 3 1]
 P 641367 73966 328740 25030302
PT [2 0 12 3 1]
 P 641367 73966 332130 25102482
PT [2 0 13 3 1]
 P 641367 73966 335520 25174662
PT [2 0 14 3 1]
 P 642267 73966 335526 25246842
PT [2 0 15 3 1]
EMPTY QUEUE
 P 644758 73966 335534 25320207
PT [2 0 16 4 1]
 P 644758 73966 338924 25391202
PT [2 0 17 4 1]
 P 644758 73966 342314 25463382
PT [2 0 18 4 1]
 P 644758 73966 345704 25535562
PT [2 0 19 4 1]
 P 645564 73966 345710 25607742
PT [2 0 20 4 1]
EMPTY QUEUE
 P 648760 73966 345719 25682770
PT [2 0 21 5 1]
 P 648760 73966 349109 25752102
PT [2 0 22 5 1]
 P 648760 73966 352499 25824282
PT [2 0 23 5 1]
 P 648760 73966 355889 25896462
PT [2 0 24 5 1]
 P 651392 73966 355895 25968642
PT [2 0 25 5 1]
EMPTY QUEUE
 P 654045 73966 355905 26042038
PT [2 0 26 6 1]
 P 654045 73966 359295 26113002
PT [2 0 27 6 1]
 P 654045 73966 362685 26185182
PT [2 0 28 6 1]
 P 654045 73966 366075 26257362
PT [2 0 29 6 1]
 P 656839 73966 366081 26329542
PT [2 0 30 6 1]
EMPTY QUEUE
 P 658341 73966 366091 26403770
PT [2 0 31 7 1]
 P 658341 73966 369481 26473902
PT [2 0 32 7 1]
 P 658341 73966 372871 26546082
PT [2 0 33 7 1]
 P 658341 73966 376261 26618262
PT [2 0 34 7 1]
 P 660145 73966 376267 26690442
PT [2 0 35 7 1]
EMPTY QUEUE
 P 662544 73966 376277 26765502
PT [2 0 36 8 1]
 P 662544 73966 379667 26834802
PT [2 0 37 8 1]
 P 662544 73966 383057 26906982
PT [2 0 38 8 1]
 P 662544 73966 386447 26979162
PT [2 0 39 8 1]
 P 664766 73966 386453 27051342
PT [2 0 40 8 1]
EMPTY QUEUE
 P 666302 73966 386463 27124450
PT [2 0 41 9 1]
 P 666302 73966 389853 27195702
PT [2 0 42 9 1]
 P 666302 73966 393243 27267882
PT [2 0 43 9 1]
 P 666302 73966 396633 27340062
PT [2 0 44 9 1]
 P 668814 73966 396639 27412242
PT [2 0 45 9 1]
EMPTY QUEUE
 P 670351 73966 396649 27486310
PT [2 0 46 10 1]
 P 670351 73966 400039 27556602
PT [2 0 47 10 1]
 P 670351 73966 403429 27628782
PT [2 0 48 10 1]
 P 670351 73966 406819 27700962
PT [2 0 49 10 1]
 P 671489 73966 406825 27773142
PT [2 0 50 10 1]
EMPTY QUEUE
 P 674467 73966 406835 27846538
PT [2 0 51 11 1]
 P 674467 73966 410225 27917502
PT [2 0 52 11 1]
 P 674467 73966 413615 27989682
PT [2 0 53 11 1]
 P 674467 73966 417005 28061862
PT [2 0 54 11 1]
 P 677175 73966 417011 28134042
PT [2 0 55 11 1]
EMPTY QUEUE
 P 679449 73966 417021 28208717
PT [2 0 56 12 1]
 P 679449 73966 420411 28278402
PT [2 0 57 12 1]
 P 679449 73966 423801 28350582
PT [2 0 58 12 1]
 P 679449 73966 427191 28422762
PT [2 0 59 12 1]
 P 681040 73966 427196 28494942
PT [2 0 60 12 1]
EMPTY QUEUE
 P 682963 73966 427206 28568177
PT [2 0 61 13 1]
 P 682963 73966 430596 28639302
PT [2 0 62 13 1]
 P 682963 73966 433986 28711482
PT [2 0 63 13 1]
 P 682963 73966 437376 28783662
PT [2 0 64 13 1]
 P 685356 73966 437381 28855842
PT [2 0 65 13 1]
EMPTY QUEUE
 P 687760 73966 437391 28930517
PT [2 0 66 14 1]
 P 687760 73966 440781 29000202
PT [2 0 67 14 1]
 P 687760 73966 444171 29072382
PT [2 0 68 14 1]
 P 687760 73966 447561 29144562
PT [2 0 69 14 1]
 P 689291 73966 447566 29216742
PT [2 0 70 14 1]
EMPTY QUEUE
 P 691634 73966 447575 29291291
PT [2 0 71 16 1]
 P 691634 73966 450965 29361102
PT [2 0 72 16 1]
 P 691634 73966 454355 29433282
PT [2 0 73 16 1]
 P 691634 73966 457745 29505462
PT [2 0 74 16 1]
 P 693199 73966 457750 29577642
PT [2 0 75 16 1]
EMPTY QUEUE
 P 694820 73966 457757 29651401
PT [2 0 76 16 1]
EMPTY QUEUE
 P 695352 73966 461150 29722866
PT [2 0 77 17 1]
 P 695352 73966 464540 29794182
PT [2 0 78 17 1]
 P 695352 73966 467930 29866362
PT [2 0 79 17 1]
 P 696311 73966 467935 29938542
PT [2 0 80 17 1]
 P 698029 73966 467941 30010722
PT [2 0 81 17 1]
EMPTY QUEUE
 P 698562 73966 471334 30084759
PT [2 0 82 18 1]
 P 698562 73966 474724 30155082
PT [2 0 83 18 1]
 P 698562 73966 478114 30227262
PT [2 0 84 18 1]
 P 700836 73966 478120 30299442
PT [2 0 85 18 1]
 P 703610 73966 478126 30371622
PT [2 0 86 18 1]
EMPTY QUEUE
 P 704174 73966 481519 30445018
PT [2 0 87 19 1]
 P 704174 73966 484909 30515982
PT [2 0 88 19 1]
 P 704174 73966 488299 30588162
PT [2 0 89 19 1]
 P 706097 73966 488304 30660342
PT [2 0 90 19 1]
 P 707240 73966 488310 30732522
PT [2 0 91 19 1]
EMPTY QUEUE
 P 707299 73966 494272 30809230
PT [2 0 92 19 1]
EMPTY QUEUE
 P 707895 73966 497666 30877810
PT [2 0 93 20 1]
 P 707895 73966 501056 30949062
PT [2 0 94 20 1]
 P 710364 73966 501061 31021242
PT [2 0 95 20 1]
 P 711796 73966 501067 31093422
PT [2 0 96 20 1]
 P 711796 73966 504457 31165602
PT [2 0 97 20 1]
EMPTY QUEUE
 P 712393 73966 507851 31239703
PT [2 0 98 21 1]
 P 712393 73966 511241 31309962
PT [2 0 99 21 1]
 P 714768 73966 511247 31382142
PT [2 0 100 21 1]
 P 716873 73966 511253 31454322
PT [2 0 101 21 1]
 P 716873 73966 514643 31526502
PT [2 0 102 21 1]
EMPTY QUEUE
 P 717340 73966 518037 31599801
PT [2 0 103 22 1]
 P 717340 73966 521427 31670862
PT [2 0 104 22 1]
 P 719493 73966 521433 31743042
PT [2 0 105 22 1]
 P 721119 73966 521439 31815222
PT [2 0 106 22 1]
 P 721119 73966 524829 31887402
PT [2 0 107 22 1]
EMPTY QUEUE
 P 721716 73966 528223 31962079
PT [2 0 108 23 1]
 P 721716 73966 531613 32031762
PT [2 0 109 23 1]
 P 724032 73966 531619 32103942
PT [2 0 110 23 1]
 P 725355 73966 531625 32176122
PT [2 0 111 23 1]
 P 727558 73966 531631 32248302
PT [2 0 112 23 1]
EMPTY QUEUE
 P 727617 73966 537593 32324882
PT [2 0 113 23 1]
EMPTY QUEUE
 P 728213 73966 540986 32393590
PT [2 0 114 24 1]
 P 728213 73966 544376 32464842
PT [2 0 115 24 1]
 P 728213 73966 547766 32537022
PT [2 0 116 24 1]
 P 729891 73966 547771 32609202
PT [2 0 117 24 1]
 P 732096 73966 547776 32681382
PT [2 0 118 24 1]
EMPTY QUEUE
 P 732693 73966 551169 32755483
PT [2 0 119 27 1]
 P 732693 73966 554559 32825742
PT [2 0 120 27 1]
 P 732693 73966 557949 32897922
PT [2 0 121 27 1]
 P 733893 73966 557954 32970102
PT [2 0 122 27 1]
 P 735747 73966 557959 33042282
PT [2 0 123 27 1]
EMPTY QUEUE
 P 736214 73966 561352 33115582
PT [2 0 124 27 1]
 P 736214 73966 564742 33186642
PT [2 0 125 27 1]
 P 736214 73966 568132 33258822
PT [2 0 126 27 1]
 P 738344 73966 568137 33331002
PT [2 0 127 27 1]
 P 740743 73966 568143 33403182
PT [2 0 128 27 1]
EMPTY QUEUE
 P 741212 73966 571536 33477731
PT [2 0 129 28 1]
 P 741212 73966 574926 33547542
PT [2 0 130 28 1]
 P 741212 73966 578316 33619722
PT [2 0 131 28 1]
 P 742096 73966 578321 33691902
PT [2 0 132 28 1]
 P 744400 73966 578327 33764082
PT [2 0 133 28 1]
EMPTY QUEUE
 P 744996 73966 581720 33837318
PT [2 0 134 29 1]
 P 744996 73966 585110 33908442
PT [2 0 135 29 1]
 P 744996 73966 588500 33980622
PT [2 0 136 29 1]
 P 747066 73966 588505 34052802
PT [2 0 137 29 1]
 P 749147 73966 588511 34124982
PT [2 0 138 29 1]
EMPTY QUEUE
 P 749711 73966 591905 34199690
PT [2 0 139 30 1]
 P 749711 73966 595295 34269342
PT [2 0 140 30 1]
 P 749711 73966 598685 34341522
PT [2 0 141 30 1]
 P 751815 73966 598691 34413702
PT [2 0 142 30 1]
 P 754057 73966 598697 34485882
PT [2 0 143 30 1]
EMPTY QUEUE
 P 754557 73966 602091 34560366
PT [2 0 144 31 1]
 P 754557 73966 605481 34630242
PT [2 0 145 31 1]
 P 754557 73966 608871 34702422
PT [2 0 146 31 1]
 P 756055 73966 608877 34774602
PT [2 0 147 31 1]
 P 757306 73966 608883 34846782
PT [2 0 148 31 1]
EMPTY QUEUE
 P 757806 73966 612278 34920979
PT [2 0 149 32 1]
 P 757806 73966 615668 34991142
PT [2 0 150 32 1]
 P 757806 73966 619058 35063322
PT [2 0 151 32 1]
 P 760618 73966 619064 35135502
PT [2 0 152 32 1]
 P 762286 73966 619070 35207682
PT [2 0 153 32 1]
EMPTY QUEUE
 P 762755 73966 622464 35280919
PT [2 0 154 33 1]
 P 762755 73966 625854 35352042
PT [2 0 155 33 1]
 P 762755 73966 629244 35424222
PT [2 0 156 33 1]
 P 765217 73966 629250 35496402
PT [2 0 157 33 1]
 P 767174 73966 629256 35568582
PT [2 0 158 33 1]
EMPTY QUEUE
 P 767706 73966 632650 35641850
PT [2 0 159 34 1]
 P 767706 73966 636040 35712942
PT [2 0 160 34 1]
 P 767706 73966 639430 35785122
PT [2 0 161 34 1]
 P 768666 73966 639436 35857302
PT [2 0 162 34 1]
 P 771296 73966 639442 35929482
PT [2 0 163 34 1]
EMPTY QUEUE
 P 771830 73966 642835 36003104
PT [2 0 164 36 1]
 P 771830 73966 646225 36073842
PT [2 0 165 36 1]
 P 771830 73966 649615 36146022
PT [2 0 166 36 1]
 P 772696 73966 649621 36218202
PT [2 0 167 36 1]
 P 774847 73966 649627 36290382
PT [2 0 168 36 1]
EMPTY QUEUE
 P 775315 73966 653021 36364162
PT [2 0 169 36 1]
 P 775315 73966 656411 36434742
PT [2 0 170 36 1]
 P 775315 73966 659801 36506922
PT [2 0 171 36 1]
 P 778007 73966 659807 36579102
PT [2 0 172 36 1]
 P 779041 73966 659812 36651282
PT [2 0 173 36 1]
EMPTY QUEUE
 P 779636 73966 663206 36724773
PT [2 0 174 37 1]
 P 779636 73966 666596 36795642
PT [2 0 175 37 1]
 P 779636 73966 669986 36867822
PT [2 0 176 37 1]
 P 782490 73966 669992 36940002
PT [2 0 177 37 1]
 P 784323 73966 669998 37012182
PT [2 0 178 37 1]
EMPTY QUEUE
 P 784886 73966 673392 37086121
PT [2 0 179 38 1]
 P 784886 73966 676782 37156542
PT [2 0 180 38 1]
 P 784886 73966 680172 37228722
PT [2 0 181 38 1]
 P 786750 73966 680178 37300902
PT [2 0 182 38 1]
 P 787721 73966 680183 37373082
PT [2 0 183 38 1]
EMPTY QUEUE
 P 788221 73966 683577 37447822
PT [2 0 184 39 1]
 P 788221 73966 686967 37517442
PT [2 0 185 39 1]
 P 788221 73966 690357 37589622
PT [2 0 186 39 1]
 P 790503 73966 690363 37661802
PT [2 0 187 39 1]
 P 791514 73966 690368 37733982
PT [2 0 188 39 1]
EMPTY QUEUE
 P 794233 73966 690378 37808817
PT [2 0 189 40 1]
 P 794233 73966 693768 37878342
PT [2 0 190 40 1]
 P 794233 73966 697158 37950522
PT [2 0 191 40 1]
 P 796805 73966 697164 38022702
PT [2 0 192 40 1]
 P 796805 73966 700554 38094882
PT [2 0 193 40 1]
EMPTY QUEUE
 P 799142 73966 700563 38169270
PT [2 0 194 41 1]
 P 799142 73966 703953 38239242
PT [2 0 195 41 1]
 P 799142 73966 707343 38311422
PT [2 0 196 41 1]
 P 799142 73966 710733 38383602
PT [2 0 197 41 1]
 P 800852 73966 710739 38455782
PT [2 0 198 41 1]
EMPTY QUEUE
 P 803798 73966 710748 38530714
PT [2 0 199 42 1]
 P 803798 73966 714138 38600142
PT [2 0 200 42 1]
 P 803798 73966 717528 38672322
PT [2 0 201 42 1]
 P 803798 73966 720918 38744502
PT [2 0 202 42 1]
 P 805030 73966 720924 38816682
PT [2 0 203 42 1]
EMPTY QUEUE
 P 807881 73966 720933 38890430
PT [2 0 204 43 1]
 P 807881 73966 724323 38961042
PT [2 0 205 43 1]
 P 807881 73966 727713 39033222
PT [2 0 206 43 1]
 P 807881 73966 731103 39105402
PT [2 0 207 43 1]
 P 810043 73966 731109 39177582
PT [2 0 208 43 1]
EMPTY QUEUE
 P 812703 73966 731118 39252098
PT [2 0 209 45 1]
 P 812703 73966 734508 39321942
PT [2 0 210 45 1]
 P 812703 73966 737898 39394122
PT [2 0 211 45 1]
 P 812703 73966 741288 39466302
PT [2 0 212 45 1]
 P 813619 73966 741294 39538482
PT [2 0 213 45 1]
EMPTY QUEUE
 P 816408 73966 741303 39613062
PT [2 0 214 46 1]
 P 816408 73966 744693 39682842
PT [2 0 215 46 1]
 P 816408 73966 748083 39755022
PT [2 0 216 46 1]
 P 816408 73966 751473 39827202
PT [2 0 217 46 1]
 P 818510 73966 751479 39899382
PT [2 0 218 46 1]
EMPTY QUEUE
 P 820340 73966 751488 39972938
PT [2 0 219 47 1]
 P 820340 73966 754878 40043742
PT [2 0 220 47 1]
 P 820340 73966 758268 40115922
PT [2 0 221 47 1]
 P 820340 73966 761658 40188102
PT [2 0 222 47 1]
 P 822478 73966 761664 40260282
PT [2 0 223 47 1]
EMPTY QUEUE
 P 824220 73966 764242 40337278
PT [2 0 224 47 1]
EMPTY QUEUE
 P 824688 73966 767636 40405442
PT [2 0 225 48 1]
 P 824688 73966 771026 40476822
PT [2 0 226 48 1]
 P 824688 73966 774416 40549002
PT [2 0 227 48 1]
 P 826219 73966 774421 40621182
PT [2 0 228 48 1]
 P 828191 73966 774427 40693362
PT [2 0 229 48 1]
EMPTY QUEUE
 P 828787 73966 777821 40767462
PT [2 0 230 49 1]
 P 828787 73966 781211 40837722
PT [2 0 231 49 1]
 P 828787 73966 784601 40909902
PT [2 0 232 49 1]
 P 831632 73966 784606 40982082
PT [2 0 233 49 1]
 P 834277 73966 784612 41054262
PT [2 0 234 49 1]
EMPTY QUEUE
 P 834840 73966 788006 41127658
PT [2 0 235 50 1]
 P 834840 73966 791396 41198622
PT [2 0 236 50 1]
 P 834840 73966 794786 41270802
PT [2 0 237 50 1]
 P 837335 73966 794791 41342982
PT [2 0 238 50 1]
 P 839502 73966 794796 41415162
PT [2 0 239 50 1]
EMPTY QUEUE
 P 840001 73966 798190 41489741
PT [2 0 240 51 1]
 P 840001 73966 801580 41559522
PT [2 0 241 51 1]
 P 840001 73966 804970 41631702
PT [2 0 242 51 1]
 P 840994 73966 804975 41703882
PT [2 0 243 51 1]
 P 842042 73966 804980 41776062
PT [2 0 244 51 1]
EMPTY QUEUE
 P 842541 73966 808374 41849201
PT [2 0 245 52 1]
 P 842541 73966 811764 41920422
PT [2 0 246 52 1]
 P 842541 73966 815154 41992602
PT [2 0 247 52 1]
 P 843441 73966 815160 42064782
PT [2 0 248 52 1]
 P 845290 73966 815165 42136962
PT [2 0 249 52 1]
EMPTY QUEUE
 P 845757 73966 818559 42211573
PT [2 0 250 53 1]
 P 845757 73966 821949 42281322
PT [2 0 251 53 1]
 P 845757 73966 825339 42353502
PT [2 0 252 53 1]
 P 848482 73966 825344 42425682
PT [2 0 253 53 1]
 P 849468 73966 825350 42497862
PT [2 0 254 53 1]
EMPTY QUEUE
 P 849999 73966 828744 42572377
PT [2 0 255 54 1]
 P 849999 73966 832134 42642222
PT [2 0 256 54 1]
 P 849999 73966 835524 42714402
PT [2 0 257 54 1]
 P 852886 73966 835529 42786582
PT [2 0 258 54 1]
 P 853905 73966 835535 42858762
PT [2 0 259 54 1]
EMPTY QUEUE
 P 854436 73966 838929 42932989
PT [2 0 260 55 1]
 P 854436 73966 842319 43003122
PT [2 0 261 55 1]
 P 854436 73966 845709 43075302
PT [2 0 262 55 1]
 P 856333 73966 845714 43147482
PT [2 0 263 55 1]
 P 858793 73966 845720 43219662
PT [2 0 264 55 1]
EMPTY QUEUE
 P 859357 73966 849113 43292993
PT [2 0 265 56 1]
 P 859357 73966 852503 43364022
PT [2 0 266 56 1]
 P 859357 73966 855893 43436202
PT [2 0 267 56 1]
 P 861672 73966 855899 43508382
PT [2 0 268 56 1]
 P 863397 73966 855905 43580562
PT [2 0 269 56 1]
EMPTY QUEUE
 P 863929 73966 859298 43653831
PT [2 0 270 57 1]
 P 863929 73966 862688 43724922
PT [2 0 271 57 1]
 P 863929 73966 866078 43797102
PT [2 0 272 57 1]
 P 866534 73966 866084 43869282
PT [2 0 273 57 1]
 P 867908 73966 866090 43941462
PT [2 0 274 57 1]
EMPTY QUEUE
 P 868471 73966 869483 44015114
PT [2 0 275 58 1]
 P 868471 73966 872873 44085822
PT [2 0 276 58 1]
 P 868471 73966 876263 44158002
PT [2 0 277 58 1]
 P 869702 73966 876269 44230182
PT [2 0 278 58 1]
 P 871621 73966 876275 44302362
PT [2 0 279 58 1]
EMPTY QUEUE
 P 872217 73966 879668 44376270
PT [2 0 280 60 1]
 P 872217 73966 883058 44446722
PT [2 0 281 60 1]
 P 872217 73966 886448 44518902
PT [2 0 282 60 1]
 P 875018 73966 886454 44591082
PT [2 0 283 60 1]
 P 876842 73966 886460 44663262
PT [2 0 284 60 1]
EMPTY QUEUE
 P 877437 73966 889853 44736754
PT [2 0 285 61 1]
 P 877437 73966 893243 44807622
PT [2 0 286 61 1]
 P 877437 73966 896633 44879802
PT [2 0 287 61 1]
 P 879120 73966 896639 44951982
PT [2 0 288 61 1]
 P 880721 73966 896645 45024162
PT [2 0 289 61 1]
EMPTY QUEUE
 P 881190 73966 900039 45098007
PT [2 0 290 62 1]
 P 881190 73966 903429 45168522
PT [2 0 291 62 1]
 P 881190 73966 906819 45240702
PT [2 0 292 62 1]
 P 883675 73966 906825 45312882
PT [2 0 293 62 1]
 P 885437 73966 906831 45385062
PT [2 0 294 62 1]
EMPTY QUEUE
 P 886033 73966 910225 45459898
PT [2 0 295 63 1]
 P 886033 73966 913615 45529422
PT [2 0 296 63 1]
 P 886033 73966 917005 45601602
PT [2 0 297 63 1]
 P 887656 73966 917011 45673782
PT [2 0 298 63 1]
 P 890475 73966 917017 45745962
PT [2 0 299 63 1]
EMPTY QUEUE
 P 891008 73966 920411 45819423
PT [2 0 300 65 1]
 P 891008 73966 923801 45890322
PT [2 0 301 65 1]
 P 891008 73966 927191 45962502
PT [2 0 302 65 1]
 P 892665 73966 927197 46034682
PT [2 0 303 65 1]
 P 893853 73966 927203 46106862
PT [2 0 304 65 1]
EMPTY QUEUE
 P 893912 73966 933165 46182514
PT [2 0 305 65 1]
EMPTY QUEUE
 P 894380 73966 936559 46252022
PT [2 0 306 65 1]
 P 894380 73966 939949 46323402
PT [2 0 307 65 1]
 P 895431 73966 939955 46395582
PT [2 0 308 65 1]
 P 896908 73966 939961 46467762
PT [2 0 309 65 1]
 P 896908 73966 943351 46539942
PT [2 0 310 65 1]
EMPTY QUEUE
 P 897504 73966 946745 46614042
PT [2 0 311 67 1]
 P 897504 73966 950135 46684302
PT [2 0 312 67 1]
 P 899869 73966 950141 46756482
PT [2 0 313 67 1]
 P 902020 73966 950146 46828662
PT [2 0 314 67 1]
 P 902020 73966 953536 46900842
PT [2 0 315 67 1]
EMPTY QUEUE
 P 902584 73966 956930 46974238
PT [2 0 316 68 1]
 P 902584 73966 960320 47045202
PT [2 0 317 68 1]
 P 904599 73966 960326 47117382
PT [2 0 318 68 1]
 P 906271 73966 960331 47189562
PT [2 0 319 68 1]
 P 906271 73966 963721 47261742
PT [2 0 320 68 1]
EMPTY QUEUE
 P 906769 73966 967115 47336321
PT [2 0 321 68 1]
 P 906769 73966 970505 47406102
PT [2 0 322 68 1]
 P 909330 73966 970512 47478282
PT [2 0 323 68 1]
 P 911931 73966 970518 47550462
PT [2 0 324 68 1]
 P 911931 73966 973908 47622642
PT [2 0 325 68 1]
EMPTY QUEUE
 P 912431 73966 977302 47695782
PT [2 0 326 69 1]
 P 912431 73966 980692 47767002
PT [2 0 327 69 1]
 P 914898 73966 980698 47839182
PT [2 0 328 69 1]
 P 916252 73966 980705 47911362
PT [2 0 329 69 1]
 P 916252 73966 984095 47983542
PT [2 0 330 69 1]
EMPTY QUEUE
 P 916719 73966 987489 48058153
PT [2 0 331 70 1]
 P 916719 73966 990879 48127902
PT [2 0 332 70 1]
 P 918964 73966 990885 48200082
PT [2 0 333 70 1]
 P 921503 73966 990891 48272262
PT [2 0 334 70 1]
 P 921503 73966 994281 48344442
PT [2 0 335 70 1]
EMPTY QUEUE
 P 922035 73966 997674 48418958
PT [2 0 336 71 1]
 P 922035 73966 1001064 48488802
PT [2 0 337 71 1]
 P 924442 73966 1001070 48560982
PT [2 0 338 71 1]
 P 927014 73966 1001076 48633162
PT [2 0 339 71 1]
 P 927014 73966 1004466 48705342
PT [2 0 340 71 1]
EMPTY QUEUE
 P 927546 73966 1007859 48779570
PT [2 0 341 72 1]
 P 927546 73966 1011249 48849702
PT [2 0 342 72 1]
 P 928963 73966 1011255 48921882
PT [2 0 343 72 1]
 P 928963 73966 1014645 48994062
PT [2 0 344 72 1]
 P 931216 73966 1014651 49066242
PT [2 0 345 72 1]
EMPTY QUEUE
 P 931779 73966 1018044 49139574
PT [2 0 346 74 1]
 P 931779 73966 1021434 49210602
PT [2 0 347 74 1]
 P 933614 73966 1021440 49282782
PT [2 0 348 74 1]
 P 933614 73966 1024830 49354962
PT [2 0 349 74 1]
 P 935516 73966 1024836 49427142
PT [2 0 350 74 1]
EMPTY QUEUE
 P 936048 73966 1028229 49500410
PT [2 0 351 75 1]
 P 936048 73966 1031619 49571502
PT [2 0 352 75 1]
 P 938173 73966 1031625 49643682
PT [2 0 353 75 1]
 P 938173 73966 1035015 49715862
PT [2 0 354 75 1]
 P 940622 73966 1035020 49788042
PT [2 0 355 75 1]
EMPTY QUEUE
 P 941186 73966 1038413 49861694
PT [2 0 356 76 1]
 P 941186 73966 1041803 49932402
PT [2 0 357 76 1]
 P 943985 73966 1041809 50004582
PT [2 0 358 76 1]
 P 943985 73966 1045199 50076762
PT [2 0 359 76 1]
 P 946337 73966 1045205 50148942
PT [2 0 360 76 1]
EMPTY QUEUE
 P 946837 73966 1048599 50222754
PT [2 0 361 77 1]
 P 946837 73966 1051989 50293302
PT [2 0 362 77 1]
 P 949158 73966 1051995 50365482
PT [2 0 363 77 1]
 P 949158 73966 1055385 50437662
PT [2 0 364 77 1]
 P 951288 73966 1055390 50509842
PT [2 0 365 77 1]
EMPTY QUEUE
 P 951820 73966 1058784 50583270
PT [2 0 366 78 1]
 P 951820 73966 1062174 50654202
PT [2 0 367 78 1]
 P 953023 73966 1062180 50726382
PT [2 0 368 78 1]
 P 953023 73966 1065570 50798562
PT [2 0 369 78 1]
 P 955314 73966 1065575 50870742
PT [2 0 370 78 1]
EMPTY QUEUE
 P 955910 73966 1068969 50944714
PT [2 0 371 79 1]
 P 955910 73966 1072359 51015102
PT [2 0 372 79 1]
 P 957915 73966 1072365 51087282
PT [2 0 373 79 1]
 P 957915 73966 1075755 51159462
PT [2 0 374 79 1]
 P 959215 73966 1075760 51231642
PT [2 0 375 79 1]
EMPTY QUEUE
 P 959715 73966 1079154 51306382
PT [2 0 376 80 1]
 P 959715 73966 1082544 51376002
PT [2 0 377 80 1]
 P 960858 73966 1082550 51448182
PT [2 0 378 80 1]
 P 960858 73966 1085940 51520362
PT [2 0 379 80 1]
 P 962576 73966 1085946 51592542
PT [2 0 380 80 1]
EMPTY QUEUE
 P 963043 73966 1089341 51665939
PT [2 0 381 81 1]
 P 963043 73966 1092731 51736902
PT [2 0 382 81 1]
 P 964220 73966 1092737 51809082
PT [2 0 383 81 1]
 P 964220 73966 1096127 51881262
PT [2 0 384 81 1]
 P 966226 73966 1096133 51953442
PT [2 0 385 81 1]
EMPTY QUEUE
 P 966790 73966 1099527 52027030
PT [2 0 386 82 1]
 P 966790 73966 1102917 52097802
PT [2 0 387 82 1]
 P 969409 73966 1102923 52169982
PT [2 0 388 82 1]
 P 969409 73966 1106313 52242163
PT [2 0 389 82 1]
 P 972087 73966 1106319 52314343
PT [2 0 390 82 1]
EMPTY QUEUE
 P 972682 73966 1109713 52388954
PT [2 0 391 82 1]
 P 972682 73966 1113103 52458703
PT [2 0 392 82 1]
 P 974566 73966 1113109 52530883
PT [2 0 393 82 1]
 P 974566 73966 1116499 52603063
PT [2 0 394 82 1]
 P 976765 73966 1116505 52675243
PT [2 0 395 82 1]
EMPTY QUEUE
 P 977265 73966 1119899 52749087
PT [2 0 396 84 1]
 P 977265 73966 1123289 52819603
PT [2 0 397 84 1]
 P 978799 73966 1123295 52891783
PT [2 0 398 84 1]
 P 978799 73966 1126685 52963963
PT [2 0 399 84 1]
 P 979879 73966 1126691 53036143
PT [2 0 400 84 1]
EMPTY QUEUE
 P 980444 73966 1130085 53109252
PT [2 0 401 84 1]
 P 980444 73966 1133475 53180503
PT [2 0 402 84 1]
 P 982524 73966 1133481 53252683
PT [2 0 403 84 1]
 P 982524 73966 1136871 53324863
PT [2 0 404 84 1]
 P 984405 73966 1136877 53397043
PT [2 0 405 84 1]
EMPTY QUEUE
 P 984904 73966 1140271 53470694
PT [2 0 406 85 1]
 P 984904 73966 1143661 53541403
PT [2 0 407 85 1]
 P 986890 73966 1143667 53613583
PT [2 0 408 85 1]
 P 986890 73966 1147057 53685763
PT [2 0 409 85 1]
 P 987908 73966 1147063 53757943
PT [2 0 410 85 1]
EMPTY QUEUE
 P 988375 73966 1150457 53831018
PT [2 0 411 86 1]
 P 988375 73966 1153847 53902303
PT [2 0 412 86 1]
 P 990139 73966 1153853 53974483
PT [2 0 413 86 1]
 P 990139 73966 1157243 54046663
PT [2 0 414 86 1]
 P 991190 73966 1157249 54118843
PT [2 0 415 86 1]
EMPTY QUEUE
 P 991255 73966 1160641 54193402
PT [2 0 416 86 1]
EMPTY QUEUE
 P 991723 73966 1164034 54264003
PT [2 0 417 88 1]
 P 993649 73966 1164040 54335383
PT [2 0 418 88 1]
 P 993649 73966 1167430 54407563
PT [2 0 419 88 1]
 P 996141 73966 1167436 54479743
PT [2 0 420 88 1]
 P 996141 73966 1170826 54551923
PT [2 0 421 88 1]
EMPTY QUEUE
 P 996641 73966 1174219 54625927
PT [2 0 422 89 1]
 P 999625 73966 1174225 54696283
PT [2 0 423 89 1]
 P 999625 73966 1177615 54768463
PT [2 0 424 89 1]
 P 1001382 73966 1177621 54840643
PT [2 0 425 89 1]
 P 1001382 73966 1181011 54912823
PT [2 0 426 89 1]
EMPTY QUEUE
 P 1001850 73966 1184405 54986123
PT [2 0 427 90 1]
 P 1003204 73966 1184411 55057183
PT [2 0 428 90 1]
 P 1003204 73966 1187801 55129363
PT [2 0 429 90 1]
 P 1004610 73966 1187807 55201543
PT [2 0 430 90 1]
 P 1004610 73966 1191197 55273723
PT [2 0 431 90 1]
EMPTY QUEUE
 P 1005206 73966 1194591 55348399
PT [2 0 432 91 1]
 P 1006851 73966 1194596 55418083
PT [2 0 433 91 1]
 P 1006851 73966 1197986 55490263
PT [2 0 434 91 1]
 P 1008803 73966 1197991 55562443
PT [2 0 435 91 1]
 P 1008803 73966 1201381 55634623
PT [2 0 436 91 1]
EMPTY QUEUE
 P 1009367 73966 1204775 55707827
PT [2 0 437 92 1]
 P 1009367 73966 1208165 55778983
PT [2 0 438 92 1]
 P 1011174 73966 1208171 55851163
PT [2 0 439 92 1]
 P 1013031 73966 1208176 55923343
PT [2 0 440 92 1]
 P 1013031 73966 1211566 55995523
PT [2 0 441 92 1]
EMPTY QUEUE
 P 1013532 73966 1214960 56070168
PT [2 0 442 93 1]
 P 1013532 73966 1218350 56139883
PT [2 0 443 93 1]
 P 1014861 73966 1218356 56212063
PT [2 0 444 93 1]
 P 1016495 73966 1218362 56284243
PT [2 0 445 93 1]
 P 1016495 73966 1221752 56356423
PT [2 0 446 93 1]
EMPTY QUEUE
 P 1016995 73966 1225146 56430907
PT [2 0 447 94 1]
 P 1016995 73966 1228536 56500783
PT [2 0 448 94 1]
 P 1019254 73966 1228542 56572963
PT [2 0 449 94 1]
 P 1019254 73966 1231932 56645143
PT [2 0 450 94 1]
 P 1021529 73966 1231938 56717323
PT [2 0 451 94 1]
EMPTY QUEUE
 P 1021997 73966 1235332 56791487
PT [2 0 452 95 1]
 P 1021997 73966 1238722 56861683
PT [2 0 453 95 1]
 P 1023010 73966 1238728 56933863
PT [2 0 454 95 1]
 P 1023010 73966 1242118 57006043
PT [2 0 455 95 1]
 P 1024934 73966 1242124 57078223
PT [2 0 456 95 1]
EMPTY QUEUE
 P 1025465 73966 1245518 57151523
PT [2 0 457 96 1]
 P 1025465 73966 1248908 57222583
PT [2 0 458 96 1]
 P 1027664 73966 1248914 57294763
PT [2 0 459 96 1]
 P 1027664 73966 1252304 57366943
PT [2 0 460 96 1]
 P 1030133 73966 1252310 57439123
PT [2 0 461 96 1]
EMPTY QUEUE
 P 1030664 73966 1255704 57512390
PT [2 0 462 97 1]
 P 1030664 73966 1259094 57583483
PT [2 0 463 97 1]
 P 1032897 73966 1259100 57655663
PT [2 0 464 97 1]
 P 1032897 73966 1262490 57727843
PT [2 0 465 97 1]
 P 1035271 73966 1262496 57800023
PT [2 0 466 97 1]
EMPTY QUEUE
 P 1037984 73966 1262506 57874218
PT [2 0 467 98 1]
 P 1037984 73966 1265896 57944383
PT [2 0 468 98 1]
 P 1039611 73966 1265902 58016563
PT [2 0 469 98 1]
 P 1039611 73966 1269292 58088743
PT [2 0 470 98 1]
 P 1039611 73966 1272682 58160923
PT [2 0 471 98 1]
EMPTY QUEUE
 P 1042454 73966 1272692 58234926
PT [2 0 472 -64 1]
 P 1042454 73966 1276082 58305283
PT [2 0 473 -64 1]
 P 1045395 73966 1276088 58377463
PT [2 0 474 -64 1]
 P 1045395 73966 1279478 58449643
PT [2 0 475 -64 1]
 P 1045395 73966 1282868 58521823
PT [2 0 476 -64 1]
EMPTY QUEUE
 P 1047278 73966 1282877 58595570
PT [2 0 477 -63 1]
 P 1047278 73966 1286267 58666183
PT [2 0 478 -63 1]
 P 1049869 73966 1286273 58738363
PT [2 0 479 -63 1]
 P 1049869 73966 1289663 58810543
PT [2 0 480 -63 1]
 P 1049869 73966 1293053 58882723
PT [2 0 481 -63 1]
EMPTY QUEUE
 P 1052203 73966 1293062 58957623
PT [2 0 482 -62 1]
 P 1052203 73966 1296452 59027083
PT [2 0 483 -62 1]
 P 1053292 73966 1296458 59099263
PT [2 0 484 -62 1]
 P 1053292 73966 1299848 59171443
PT [2 0 485 -62 1]
 P 1053292 73966 1303238 59243623
PT [2 0 486 -62 1]
EMPTY QUEUE
 P 1055915 73966 1303247 59318491
PT [2 0 487 -61 1]
 P 1055915 73966 1306637 59387983
PT [2 0 488 -61 1]
 P 1056910 73966 1306643 59460163
PT [2 0 489 -61 1]
 P 1056910 73966 1310033 59532343
PT [2 0 490 -61 1]
 P 1056910 73966 1313423 59604523
PT [2 0 491 -61 1]
EMPTY QUEUE
 P 1060078 73966 1313432 59677567
PT [2 0 492 -60 1]
 P 1060078 73966 1316822 59748883
PT [2 0 493 -60 1]
 P 1062899 73966 1316829 59821063
PT [2 0 494 -60 1]
 P 1062899 73966 1320219 59893243
PT [2 0 495 -60 1]
 P 1062899 73966 1323609 59965423
PT [2 0 496 -60 1]
EMPTY QUEUE
 P 1065716 73966 1323618 60038819
PT [2 0 497 -58 1]
 P 1065716 73966 1327008 60109783
PT [2 0 498 -58 1]
 P 1068699 73966 1327014 60181963
PT [2 0 499 -58 1]
 P 1068699 73966 1330404 60254143
PT [2 0 500 -58 1]
 P 1068699 73966 1333794 60326323
PT [2 0 501 -58 1]
EMPTY QUEUE
 P 1070333 73966 1333803 60401287
PT [2 0 502 -57 1]
 P 1070333 73966 1337193 60470683
PT [2 0 503 -57 1]
 P 1072162 73966 1337199 60542863
PT [2 0 504 -57 1]
 P 1072162 73966 1340589 60615043
PT [2 0 505 -57 1]
 P 1072162 73966 1343979 60687223
PT [2 0 506 -57 1]
EMPTY QUEUE
 P 1074596 73966 1343988 60760619
PT [2 0 507 -56 1]
 P 1074596 73966 1347378 60831583
PT [2 0 508 -56 1]
 P 1076844 73966 1347384 60903763
PT [2 0 509 -56 1]
 P 1076844 73966 1350774 60975943
PT [2 0 510 -56 1]
 P 1076844 73966 1354164 61048123
PT [2 0 511 -56 1]
EMPTY QUEUE
 P 1078416 73966 1354174 61122383
PT [2 0 512 -55 1]
 P 1078416 73966 1357564 61192483
PT [2 0 513 -55 1]
 P 1080953 73966 1357570 61264663
PT [2 0 514 -55 1]
 P 1080953 73966 1360960 61336843
PT [2 0 515 -55 1]
 P 1080953 73966 1364350 61409023
PT [2 0 516 -55 1]
EMPTY QUEUE
 P 1082559 73966 1364360 61484020
PT [2 0 517 -54 1]
 P 1082559 73966 1367750 61553383
PT [2 0 518 -54 1]
 P 1083675 73966 1367756 61625563
PT [2 0 519 -54 1]
 P 1085351 73966 1367762 61697743
PT [2 0 520 -54 1]
 P 1085351 73966 1371152 61769923
PT [2 0 521 -54 1]
EMPTY QUEUE
 P 1088333 73966 1371162 61844887
PT [2 0 522 -53 1]
 P 1088333 73966 1374552 61914283
PT [2 0 523 -53 1]
 P 1088333 73966 1377942 61986463
PT [2 0 524 -53 1]
 P 1089531 73966 1377948 62058643
PT [2 0 525 -53 1]
 P 1089531 73966 1381338 62130823
PT [2 0 526 -53 1]
EMPTY QUEUE
 P 1091906 73966 1381348 62205627
PT [2 0 527 -52 1]
 P 1091906 73966 1384738 62275183
PT [2 0 528 -52 1]
 P 1091906 73966 1388128 62347363
PT [2 0 529 -52 1]
 P 1094034 73966 1388134 62419543
PT [2 0 530 -52 1]
 P 1094034 73966 1391524 62491723
PT [2 0 531 -52 1]
EMPTY QUEUE
 P 1095930 73966 1391534 62565471
PT [2 0 532 -51 1]
 P 1095930 73966 1394924 62636083
PT [2 0 533 -51 1]
 P 1095930 73966 1398314 62708263
PT [2 0 534 -51 1]
 P 1096812 73966 1398320 62780443
PT [2 0 535 -51 1]
 P 1096812 73966 1401710 62852623
PT [2 0 536 -51 1]
EMPTY QUEUE
 P 1099381 73966 1401720 62926467
PT [2 0 537 -50 1]
 P 1099381 73966 1405110 62996983
PT [2 0 538 -50 1]
 P 1099381 73966 1408500 63069163
PT [2 0 539 -50 1]
 P 1101449 73966 1408506 63141343
PT [2 0 540 -50 1]
 P 1101449 73966 1411896 63213523
PT [2 0 541 -50 1]
EMPTY QUEUE
 P 1103891 73966 1411905 63287686
PT [2 0 542 -49 1]
 P 1103891 73966 1415295 63357883
PT [2 0 543 -49 1]
 P 1103891 73966 1418685 63430063
PT [2 0 544 -49 1]
 P 1105993 73966 1418691 63502243
PT [2 0 545 -49 1]
 P 1105993 73966 1422081 63574423
PT [2 0 546 -49 1]
EMPTY QUEUE
 P 1108148 73966 1422090 63648746
PT [2 0 547 -48 1]
 P 1108148 73966 1425480 63718783
PT [2 0 548 -48 1]
 P 1108148 73966 1428870 63790963
PT [2 0 549 -48 1]
 P 1109644 73966 1428876 63863143
PT [2 0 550 -48 1]
 P 1109644 73966 1432266 63935323
PT [2 0 551 -48 1]
EMPTY QUEUE
 P 1111960 73966 1432275 64009231
PT [2 0 552 -47 1]
 P 1111960 73966 1435665 64079683
PT [2 0 553 -47 1]
 P 1111960 73966 1439055 64151863
PT [2 0 554 -47 1]
 P 1111960 73966 1442445 64224043
PT [2 0 555 -47 1]
 P 1113657 73966 1442451 64296223
PT [2 0 556 -47 1]
EMPTY QUEUE
 P 1115815 73966 1442461 64371026
PT [2 0 557 -46 1]
 P 1118113 73966 1442467 64440583
PT [2 0 558 -46 1]
 P 1118113 73966 1445857 64512763
PT [2 0 559 -46 1]
 P 1118113 73966 1449247 64584943
PT [2 0 560 -46 1]
 P 1118113 73966 1452637 64657123
PT [2 0 561 -46 1]
EMPTY QUEUE
 P 1119857 73966 1452647 64731574
PT [2 0 562 -45 1]
 P 1121804 73966 1452653 64801483
PT [2 0 563 -45 1]
 P 1121804 73966 1456043 64873663
PT [2 0 564 -45 1]
 P 1121804 73966 1459433 64945843
PT [2 0 565 -45 1]
 P 1121804 73966 1462823 65018023
PT [2 0 566 -45 1]
EMPTY QUEUE
 P 1124478 73966 1462833 65092954
PT [2 0 567 -44 1]
 P 1126977 73966 1462839 65162383
PT [2 0 568 -44 1]
 P 1129277 73966 1462845 65234563
PT [2 0 569 -44 1]
 P 1129277 73966 1466235 65306743
PT [2 0 570 -44 1]
 P 1129277 73966 1469625 65378923
PT [2 0 571 -44 1]
EMPTY QUEUE
 P 1130738 73966 1469634 65453983
PT [2 0 572 -43 1]
 P 1130738 73966 1473024 65523283
PT [2 0 573 -43 1]
 P 1132687 73966 1473030 65595463
PT [2 0 574 -43 1]
 P 1132687 73966 1476420 65667643
PT [2 0 575 -43 1]
 P 1132687 73966 1479810 65739823
PT [2 0 576 -43 1]
EMPTY QUEUE
 P 1135301 73966 1479819 65814563
PT [2 0 577 -42 1]
 P 1135301 73966 1483209 65884183
PT [2 0 578 -42 1]
 P 1137795 73966 1483215 65956363
PT [2 0 579 -42 1]
 P 1137795 73966 1486605 66028543
PT [2 0 580 -42 1]
 P 1137795 73966 1489995 66100723
PT [2 0 581 -42 1]
EMPTY QUEUE
 P 1140476 73966 1490004 66174567
PT [2 0 582 -40 1]
 P 1140476 73966 1493394 66245083
PT [2 0 583 -40 1]
 P 1142876 73966 1493399 66317263
PT [2 0 584 -40 1]
 P 1142876 73966 1496789 66389443
PT [2 0 585 -40 1]
 P 1142876 73966 1500179 66461623
PT [2 0 586 -40 1]
EMPTY QUEUE
 P 1144887 73966 1500188 66535371
PT [2 0 587 -39 1]
 P 1144887 73966 1503578 66605983
PT [2 0 588 -39 1]
 P 1147065 73966 1503583 66678163
PT [2 0 589 -39 1]
 P 1147065 73966 1506973 66750343
PT [2 0 590 -39 1]
 P 1147065 73966 1510363 66822523
PT [2 0 591 -39 1]
EMPTY QUEUE
 P 1150422 73966 1510372 66896656
PT [2 0 592 -38 1]
 P 1150422 73966 1513762 66966883
PT [2 0 593 -38 1]
 P 1152760 73966 1513767 67039063
PT [2 0 594 -38 1]
 P 1152760 73966 1517157 67111243
PT [2 0 595 -38 1]
 P 1152760 73966 1520547 67183423
PT [2 0 596 -38 1]
EMPTY QUEUE
 P 1155831 73966 1520556 67257843
PT [2 0 597 -37 1]
 P 1155831 73966 1523946 67327783
PT [2 0 598 -37 1]
 P 1157178 73966 1523952 67399963
PT [2 0 599 -37 1]
 P 1157178 73966 1527342 67472143
PT [2 0 600 -37 1]
 P 1157178 73966 1530732 67544323
PT [2 0 601 -37 1]
EMPTY QUEUE
 P 1158651 73966 1530742 67618231
PT [2 0 602 -36 1]
 P 1158651 73966 1534132 67688683
PT [2 0 603 -36 1]
 P 1160415 73966 1534138 67760863
PT [2 0 604 -36 1]
 P 1160415 73966 1537528 67833043
PT [2 0 605 -36 1]
 P 1160415 73966 1540918 67905223
PT [2 0 606 -36 1]
EMPTY QUEUE
 P 1161762 73966 1540928 67979579
PT [2 0 607 -35 1]
 P 1161762 73966 1544318 68049583
PT [2 0 608 -35 1]
 P 1163815 73966 1544324 68121763
PT [2 0 609 -35 1]
 P 1163815 73966 1547714 68193943
PT [2 0 610 -35 1]
 P 1163815 73966 1551104 68266123
PT [2 0 611 -35 1]
EMPTY QUEUE
 P 1167085 73966 1551114 68339391
PT [2 0 612 -34 1]
 P 1167085 73966 1554504 68410483
PT [2 0 613 -34 1]
 P 1169811 73966 1554511 68482663
PT [2 0 614 -34 1]
 P 1169811 73966 1557901 68554843
PT [2 0 615 -34 1]
 P 1169811 73966 1561291 68627023
PT [2 0 616 -34 1]
EMPTY QUEUE
 P 1173274 73966 1561301 68701059
PT [2 0 617 -33 1]
