318568291 1 40719 R 2.0 1 1 50 1
320826848 1 41008 R 2.0 2 1 211 2
321015296 1 41032 R 2.0 3 1 107 3
323004236 1 41286 R 2.0 4 1 234 4
323200513 1 41311 R 2.0 5 1 131 5
325228466 1 41571 R 2.0 6 1 262 6
325370070 1 41589 R 2.0 7 1 152 7
325601270 1 41619 R 2.0 8 1 54 8
327402911 1 41849 R 2.0 9 1 157 9
327611084 1 41876 R 2.0 10 1 44 10
329605160 1 42131 R 2.0 11 1 171 11
330360865 1 42228 R 2.0 12 1 140 12
331100740 1 42323 R 5.0 1 3 435 13
331825227 1 42415 R 5.0 2 3 399 14
332013912 1 42440 R 2.0 13 1 224 15
332166999 1 42459 R 5.0 3 3 315 16
332363453 1 42484 R 2.0 14 1 141 17
332555604 1 42509 R 5.0 4 3 237 18
332759674 1 42535 R 2.0 15 1 63 19
334029973 1 42698 R 2.0 16 1 98 20
336198758 1 42975 R 2.0 17 1 247 21
336406703 1 43002 R 2.0 18 1 146 22
336563723 1 43022 R 2.0 19 1 38 23
338444482 1 43263 R 2.0 20 1 151 24
339145307 1 43352 R 5.0 5 3 953 25
339893460 1 43448 R 2.0 21 1 208 26
340625758 1 43542 R 5.0 6 3 1013 27
341342039 1 43634 R 2.0 22 1 266 28
342106018 1 43731 R 5.0 7 3 1075 29
342853878 1 43827 R 2.0 23 1 331 30
343586178 1 43921 R 5.0 8 3 1138 31
344302886 1 44012 R 5.0 9 3 1099 32
345003938 1 44102 R 2.0 24 1 479 33
345752035 1 44198 R 5.0 10 3 1155 34
346484158 1 44292 R 2.0 25 1 540 35
347263163 1 44391 R 3.0 1 2 693 36
347943912 1 44479 R 2.0 26 1 599 37
348148152 1 44505 R 5.0 11 3 1336 38
349446353 1 44671 R 3.0 2 2 845 39
350178893 1 44765 R 2.0 27 1 757 40
350914324 1 44859 R 5.0 12 3 1560 41
351629813 1 44950 R 2.0 28 1 815 42
351853386 1 44979 R 3.0 3 2 1025 43
353831603 1 45232 R 2.0 29 1 960 44
354012473 1 45255 R 5.0 14 3 1703 45
354188932 1 45278 R 2.0 30 1 878 46
354377409 1 45302 R 2.0 31 1 774 47
354593168 1 45330 R 3.0 4 2 1248 48
354789632 1 45355 R 5.0 15 3 1671 49
356041167 1 45515 R 2.0 32 1 731 50
356789089 1 45611 R 2.0 33 1 699 51
357521423 1 45704 R 2.0 34 1 665 52
358238101 1 45796 R 2.0 35 1 629 53
359001617 1 45894 R 2.0 36 1 598 54
359689973 1 45982 R 2.0 37 1 558 55
360476955 1 46083 R 3.0 5 2 1873 56
361185854 1 46174 R 2.0 38 1 622 57
361933004 1 46269 R 5.0 16 3 2457 58
362675844 1 46364 R 2.0 39 1 682 59
362817412 1 46382 R 3.0 6 2 2041 60
363048793 1 46412 R 3.0 7 2 1943 61
363198212 1 46431 R 2.0 40 1 620 62
363406215 1 46458 R 3.0 8 2 1861 63
363563350 1 46478 R 2.0 41 1 539 64
364830718 1 46640 R 3.0 9 2 1915 65
365594470 1 46738 R 3.0 10 2 1885 66
366342226 1 46834 R 2.0 42 1 639 67
367074525 1 46927 R 2.0 43 1 605 68
367791167 1 47019 R 2.0 44 1 568 69
368554749 1 47117 R 2.0 45 1 538 70
369240379 1 47204 R 5.0 17 3 3266 71
369998875 1 47302 R 2.0 46 1 595 72
370156214 1 47322 R 3.0 11 2 2340 73
371486107 1 47492 R 5.0 18 3 3423 74
372186950 1 47582 R 2.0 47 1 747 75
372937982 1 47678 R 3.0 12 2 2185 76
373669096 1 47771 R 2.0 48 1 809 77
373846033 1 47794 R 3.0 13 2 2173 78
374034306 1 47818 R 2.0 49 1 726 79
374250265 1 47846 R 5.0 20 3 3522 80
374383816 1 47863 R 2.0 50 1 643 81
374576204 1 47887 R 2.0 51 1 540 82
375867176 1 48053 R 3.0 15 2 2175 83
376591727 1 48145 R 3.0 16 2 2013 84
377362851 1 48244 R 2.0 52 1 640 85
378056057 1 48333 R 2.0 53 1 601 86
378796200 1 48428 R 2.0 54 1 568 87
379520688 1 48520 R 2.0 55 1 533 88
380292229 1 48619 R 3.0 17 2 2358 89
381038970 1 48715 R 2.0 56 1 599 90
381169059 1 48731 R 3.0 18 2 2087 91
382459860 1 48897 R 3.0 19 2 2124 92
383184172 1 48989 R 2.0 57 1 746 93
383954528 1 49088 R 4.0 1 3 3668 94
384689724 1 49182 R 2.0 58 1 810 95
384854791 1 49203 R 4.0 2 3 3655 96
385078336 1 49232 R 2.0 59 1 730 97
385251363 1 49254 R 3.0 21 2 2097 98
385388857 1 49271 R 2.0 60 1 642 99
385569690 1 49295 R 2.0 61 1 537 100
386915357 1 49467 R 5.0 22 3 4887 101
387632068 1 49559 R 3.0 22 2 2016 102
388332942 1 49648 R 2.0 62 1 635 103
389080808 1 49744 R 2.0 63 1 602 104
389813132 1 49838 R 2.0 64 1 568 105
390529840 1 49930 R 2.0 65 1 532 106
391293565 1 50027 R 3.0 23 2 2358 107
392044182 1 50123 R 2.0 66 1 598 108
392225055 1 50146 R 3.0 24 2 2093 109
393508013 1 50311 R 3.0 25 2 2129 110
394224513 1 50402 R 2.0 67 1 749 111
394967764 1 50498 R 5.0 23 3 5790 112
395722281 1 50594 R 2.0 68 1 812 113
395891405 1 50616 R 5.0 24 3 5781 114
396040582 1 50635 R 2.0 69 1 723 115
396248827 1 50662 R 3.0 27 2 2094 116
396405753 1 50682 R 2.0 70 1 642 117
396590331 1 50705 R 2.0 71 1 538 118
397896995 1 50872 R 5.0 26 3 5773 119
398637080 1 50967 R 3.0 28 2 2015 120
399361323 1 51060 R 2.0 72 1 636 121
400132688 1 51159 R 2.0 73 1 607 122
400825977 1 51247 R 2.0 74 1 568 123
401566028 1 51342 R 2.0 75 1 534 124
402290754 1 51435 R 3.0 29 2 2355 125
403060968 1 51534 R 2.0 76 1 598 126
403245693 1 51557 R 3.0 30 2 2093 127
404489637 1 51716 R 3.0 31 2 2124 128
405229548 1 51811 R 2.0 77 1 747 129
405961013 1 51905 R 5.0 27 3 6677 130
406688221 1 51998 R 2.0 78 1 806 131
406876873 1 52022 R 5.0 28 3 6666 132
407092492 1 52050 R 2.0 79 1 729 133
407288922 1 52075 R 3.0 33 2 2097 134
407418599 1 52091 R 2.0 80 1 643 135
407622639 1 52117 R 2.0 81 1 541 136
408921464 1 52284 R 5.0 30 3 6287 137
409653809 1 52377 R 3.0 34 2 2016 138
410370296 1 52469 R 2.0 82 1 636 139
411133776 1 52567 R 2.0 83 1 606 140
411819234 1 52655 R 2.0 84 1 566 141
412614065 1 52756 R 2.0 85 1 540 142
413330950 1 52848 R 3.0 35 2 2357 143
414073747 1 52943 R 2.0 86 1 598 144
414215529 1 52961 R 3.0 36 2 2088 145
415514146 1 53127 R 3.0 37 2 2126 146
416246246 1 53221 R 2.0 87 1 749 147
416963092 1 53313 R 5.0 31 3 6037 148
417726431 1 53411 R 2.0 88 1 810 149
418474600 1 53506 R 5.0 32 3 6103 150
419206654 1 53600 R 2.0 89 1 869 151
419923570 1 53692 R 3.0 39 2 2304 152
420686910 1 53790 R 2.0 90 1 931 153
421372561 1 53877 R 5.0 34 3 5450 154
422104847 1 53971 R 3.0 40 2 2198 155
422883987 1 54071 R 3.0 41 2 2170 156
423585069 1 54161 R 3.0 42 2 1877 157
424332996 1 54256 R 3.0 43 2 1845 158
425065267 1 54350 R 5.0 35 3 5665 159
425781932 1 54442 R 5.0 36 3 5629 160
426545518 1 54539 R 3.0 44 2 1872 161
427293474 1 54635 R 3.0 45 2 1840 162
428025506 1 54729 R 4.0 5 3 8798 163
428742381 1 54821 R 3.0 46 2 1639 164
429443496 1 54910 R 3.0 47 2 1602 165
430191395 1 55006 R 5.0 37 3 5298 166
430923657 1 55100 R 3.0 48 2 1662 167
431702830 1 55200 R 3.0 49 2 1635 168
432403884 1 55289 R 5.0 38 3 5454 169
433151807 1 55385 R 3.0 50 2 1691 170
433884108 1 55479 R 3.0 51 2 1658 171
434600853 1 55571 R 5.0 39 3 5479 172
435364400 1 55668 R 5.0 40 3 5449 173
436049794 1 55756 R 3.0 52 2 1678 174
436844588 1 55858 R 3.0 53 2 1651 175
437561273 1 55950 R 5.0 42 3 4705 176
438262304 1 56039 R 3.0 54 2 1703 177
439010237 1 56135 R 3.0 55 2 1670 178
439742506 1 56229 R 3.0 56 2 1637 179
440459241 1 56320 R 3.0 57 2 1601 180
441222765 1 56418 R 4.0 6 3 10358 181
441970684 1 56514 R 3.0 58 2 1666 182
442702954 1 56608 R 3.0 59 2 1632 183
443419645 1 56699 R 5.0 43 3 5200 184
444183193 1 56797 R 3.0 60 2 1693 185
444868602 1 56885 R 3.0 61 2 1653 186
445600940 1 56979 R 5.0 44 3 5351 187
446380083 1 57078 R 5.0 45 3 4555 188
447081164 1 57168 R 3.0 62 2 1679 189
447829053 1 57264 R 3.0 63 2 1647 190
448561424 1 57358 R 5.0 47 3 3938 191
449278065 1 57449 R 3.0 64 2 1705 192
450041611 1 57547 R 3.0 65 2 1674 193
450789500 1 57643 R 3.0 66 2 1642 194
451521834 1 57736 R 3.0 67 2 1608 195
452238514 1 57828 R 5.0 48 3 4153 196
452939529 1 57918 R 3.0 68 2 1661 197
453687451 1 58014 R 3.0 69 2 1628 198
454419755 1 58107 R 5.0 49 3 4176 199
455198993 1 58207 R 3.0 70 2 1694 200
455899976 1 58297 R 3.0 71 2 1656 201
456647937 1 58393 R 4.0 7 3 12204 202
457380230 1 58486 R 4.0 8 3 12171 203
458096939 1 58578 R 3.0 72 2 1680 204
458860426 1 58676 R 3.0 73 2 1650 205
459545889 1 58764 R 5.0 51 3 4449 206
460340720 1 58865 R 3.0 74 2 1711 207
461057370 1 58957 R 3.0 75 2 1675 208
461758404 1 59047 R 3.0 76 2 1637 209
462506367 1 59142 R 3.0 77 2 1605 210
463238646 1 59236 R 5.0 52 3 4792 211
463955275 1 59328 R 3.0 78 2 1662 212
464718827 1 59426 R 3.0 79 2 1631 213
465466788 1 59521 R 5.0 53 3 4439 214
466199113 1 59615 R 3.0 80 2 1693 215
466915723 1 59707 R 3.0 81 2 1657 216
467679310 1 59805 R 5.0 54 3 4464 217
468364748 1 59892 R 5.0 55 3 4423 218
469097064 1 59986 R 3.0 82 2 1680 219
469876173 1 60086 R 3.0 83 2 1649 220
470577257 1 60176 R 5.0 57 3 4323 221
471325183 1 60271 R 3.0 84 2 1706 222
472057449 1 60365 R 3.0 85 2 1672 223
472774154 1 60457 R 3.0 86 2 1636 224
473537738 1 60555 R 3.0 87 2 1606 225
474285637 1 60650 R 5.0 58 3 4414 226
475017898 1 60744 R 3.0 88 2 1666 227
475734602 1 60836 R 3.0 89 2 1631 228
476435661 1 60925 R 5.0 59 3 4433 229
477183583 1 61021 R 3.0 90 2 1688 230
477915855 1 61115 R 5.0 60 3 3981 231
478695028 1 61215 R 5.0 61 3 3954 232
479396078 1 61304 R 5.0 62 3 3659 233
480144061 1 61400 R 5.0 63 3 3499 234
480876325 1 61494 R 5.0 64 3 3208 235
481593011 1 61586 R 5.0 65 3 3165 236
482356589 1 61683 R 5.0 66 3 3136 237
483041984 1 61771 R 5.0 67 3 3094 238
483836748 1 61873 R 5.0 68 3 2811 239
484553453 1 61965 R 5.0 69 3 2648 240
485254493 1 62054 R 5.0 70 3 2482 241
486002396 1 62150 R 5.0 71 3 2449 242
486734904 1 62244 R 4.0 10 3 15666 243
487451684 1 62335 R 4.0 11 3 15373 244
488215165 1 62433 R 4.0 12 3 15342 245
488962846 1 62529 R 5.0 72 3 2697 246
489695145 1 62623 R 5.0 73 3 2664 247
490411852 1 62714 R 5.0 74 3 2628 248
491175380 1 62812 R 5.0 75 3 2596 249
491860797 1 62900 R 5.0 76 3 2556 250
492593132 1 62994 R 5.0 77 3 2523 251
493372479 1 63093 R 4.0 13 3 13315 252
494073563 1 63183 R 4.0 14 3 10332 253
494821452 1 63279 R 4.0 15 3 10299 254
495553581 1 63373 R 4.0 16 3 8472 255
496270253 1 63464 R 4.0 17 3 6643 256
497033770 1 63562 R 4.0 18 3 6612 257
497781725 1 63658 R 4.0 19 3 4021 258
498514030 1 63751 R 4.0 20 3 2963 259
499230704 1 63843 R 4.0 21 3 2926 260
499931754 1 63933 R 5.0 78 3 3334 261
500679635 1 64029 R 5.0 79 3 3302 262
501411935 1 64122 R 5.0 80 3 3268 263
502191150 1 64222 R 4.0 22 3 3176 264
502892164 1 64312 R 4.0 23 3 2754 265
503640084 1 64408 R 4.0 24 3 2723 266
504372415 1 64501 R 4.0 25 3 2689 267
505089128 1 64593 R 4.0 26 3 2652 268
505852610 1 64691 R 4.0 27 3 2622 269
506538076 1 64779 R 5.0 81 3 3796 270
507332902 1 64880 R 5.0 82 3 3770 271
508049512 1 64972 R 5.0 83 3 3731 272
508750562 1 65062 R 4.0 28 3 2865 273
509498555 1 65157 R 4.0 29 3 2833 274
510230818 1 65251 R 4.0 30 3 2800 275
510947492 1 65343 R 4.0 31 3 2761 276
511711012 1 65441 R 4.0 32 3 2732 277
512459006 1 65536 R 4.0 33 3 2700 278
513191270 1 65630 R 4.0 34 3 2665 279
513907911 1 65722 R 4.0 35 3 2629 280
514671461 1 65820 R 4.0 36 3 2599 281
515356890 1 65907 R 5.0 84 3 4539 282
516089250 1 66001 R 5.0 85 3 4504 283
516868394 1 66101 R 5.0 86 3 4476 284
517569480 1 66191 R 5.0 87 3 4438 285
518317371 1 66286 R 5.0 88 3 3894 286
519049638 1 66380 R 5.0 89 3 3859 287
519766314 1 66472 R 4.0 37 3 3122 288
520529924 1 66570 R 4.0 38 3 2965 289
521277820 1 66665 R 4.0 39 3 2933 290
522010084 1 66759 R 4.0 40 3 2897 291
522726761 1 66851 R 4.0 41 3 2862 292
523427875 1 66940 R 4.0 42 3 2825 293
524175774 1 67036 R 5.0 90 3 4384 294
524908035 1 67130 R 4.0 43 3 2885 295
525687209 1 67230 R 4.0 44 3 2858 296
526388259 1 67319 R 4.0 45 3 2818 297
527136248 1 67415 R 4.0 46 3 2786 298
527868485 1 67509 R 4.0 47 3 2496 299
528585193 1 67601 R 4.0 48 3 2459 300
529348775 1 67698 R 4.0 49 3 2430 301
530034173 1 67786 R 4.0 50 3 2389 302
530828934 1 67888 R 4.0 51 3 2363 303
531545646 1 67980 R 4.0 52 3 2327 304
532246682 1 68069 R 4.0 53 3 2289 305
532994612 1 68165 R 4.0 54 3 2256 306
533726945 1 68259 R 4.0 55 3 2221 307
534443594 1 68350 R 4.0 56 3 1930 308
535207174 1 68448 R 4.0 57 3 1899 309
535955034 1 68544 R 4.0 58 3 1867 310
536687337 1 68638 R 4.0 59 3 1831 311
537404025 1 68729 R 4.0 60 3 1794 312
538167586 1 68827 R 4.0 61 3 1764 313
538852983 1 68915 R 4.0 62 3 1724 314
539585317 1 69009 R 4.0 63 3 1690 315
540364460 1 69108 R 4.0 64 3 1661 316
541065540 1 69198 R 4.0 65 3 1623 317
541813433 1 69294 R 4.0 66 3 1591 318
542545769 1 69388 R 4.0 67 3 1556 319
543262440 1 69479 R 4.0 68 3 1521 320
544025956 1 69577 R 4.0 69 3 1490 321
544773881 1 69673 R 4.0 70 3 1458 322
545506273 1 69766 R 4.0 71 3 1424 323
546222920 1 69858 R 4.0 72 3 1388 324
546923905 1 69948 R 4.0 73 3 1350 325
547671859 1 70044 R 4.0 74 3 1317 326
548404164 1 70137 R 4.0 75 3 1282 327
548619941 1 70165 R 4.0 76 3 1182 328
549917568 1 70331 R 4.0 77 3 1220 329
550047415 1 70348 R 4.0 78 3 1109 330
550251485 1 70374 R 4.0 79 3 1006 331
550420228 1 70395 R 4.0 80 3 902 332
550632067 1 70423 R 4.0 81 3 800 333
550777611 1 70441 R 4.0 82 3 691 334
552099636 1 70610 R 4.0 83 3 732 335
552855374 1 70707 R 4.0 84 3 700 336
553532950 1 70794 R 4.0 85 3 660 337
554319939 1 70895 R 4.0 86 3 631 338
555028816 1 70985 R 4.0 87 3 596 339
555784572 1 71082 R 4.0 88 3 563 340
556524652 1 71177 R 4.0 89 3 529 341
556674036 1 71196 R 4.0 90 3 421 342
