318568113 1 40719 R 2.0 1 1 50 1
325232260 1 41572 R 2.0 2 1 263 2
329642622 1 42136 R 2.0 3 1 187 3
334017866 1 42696 R 2.0 4 1 107 4
338444662 1 43263 R 2.0 5 1 31 5
340653730 1 43545 R 5.0 1 3 1152 6
342846550 1 43826 R 5.0 2 3 791 7
345022872 1 44105 R 3.0 1 2 406 8
347208091 1 44384 R 2.0 6 1 513 9
349440352 1 44670 R 3.0 2 2 330 10
351656745 1 44954 R 2.0 7 1 442 11
353857795 1 45236 R 5.0 3 3 1561 12
356043008 1 45515 R 5.0 4 3 1191 13
358274787 1 45801 R 2.0 8 1 649 14
360428930 1 46077 R 3.0 3 2 1097 15
362629790 1 46358 R 5.0 5 3 1395 16
364877411 1 46646 R 4.0 1 3 1226 17
367046969 1 46924 R 2.0 9 1 1132 18
369263436 1 47207 R 3.0 4 2 1588 19
371464211 1 47489 R 5.0 6 3 1885 20
373649592 1 47769 R 2.0 10 1 1337 21
375881472 1 48055 R 3.0 5 2 1794 22
378097937 1 48338 R 4.0 2 3 2278 23
380298886 1 48620 R 2.0 11 1 1548 24
382483857 1 48900 R 5.0 7 3 2657 25
384653443 1 49177 R 4.0 3 3 2478 26
386870086 1 49461 R 2.0 12 1 1749 27
389065774 1 49742 R 3.0 6 2 2842 28
391305639 1 50029 R 5.0 8 3 3145 29
393521130 1 50312 R 4.0 4 3 2973 30
395690922 1 50590 R 2.0 13 1 2238 31
397907082 1 50874 R 3.0 7 2 3334 32
400071756 1 51151 R 5.0 9 3 3627 33
402311822 1 51438 R 2.0 14 1 2446 34
404495887 1 51717 R 4.0 5 3 3728 35
406727876 1 52003 R 3.0 8 2 3823 36
408884942 1 52279 R 2.0 15 1 2647 37
411140435 1 52568 R 5.0 10 3 4404 38
413317802 1 52846 R 2.0 16 1 2575 39
415541879 1 53131 R 3.0 9 2 4311 40
417750670 1 53414 R 5.0 11 3 4610 41
419919273 1 53691 R 2.0 17 1 2780 42
422119848 1 53973 R 4.0 6 3 5344 43
424323822 1 54255 R 2.0 18 1 2703 44
426547825 1 54540 R 4.0 7 3 5271 45
428740080 1 54820 R 2.0 19 1 2629 46
430956544 1 55104 R 3.0 10 2 5644 47
433157285 1 55386 R 5.0 12 3 5941 48
435329569 1 55664 R 4.0 8 3 5755 49
437554016 1 55949 R 3.0 11 2 5849 50
439777345 1 56233 R 2.0 20 1 2762 51
441931206 1 56509 R 5.0 13 3 6425 52
444158382 1 56794 R 2.0 21 1 2682 53
446335787 1 57073 R 3.0 12 2 6333 54
448582518 1 57360 R 2.0 22 1 2609 55
450751804 1 57638 R 4.0 9 3 7089 56
452968443 1 57922 R 5.0 14 3 7197 57
455164364 1 58203 R 2.0 23 1 2811 58
457404270 1 58489 R 4.0 10 3 7301 59
459557188 1 58765 R 2.0 24 1 2733 60
461789247 1 59051 R 3.0 13 2 7031 61
463977351 1 59331 R 2.0 25 1 2659 62
466170384 1 59612 R 3.0 14 2 6952 63
468410272 1 59898 R 2.0 26 1 2587 64
470571956 1 60175 R 5.0 15 3 8804 65
472780581 1 60458 R 3.0 15 2 7158 66
474980473 1 60739 R 2.0 27 1 2788 67
477181212 1 61021 R 5.0 16 3 9009 68
479416199 1 61307 R 2.0 28 1 2715 69
481577943 1 61584 R 5.0 17 3 8932 70
483801270 1 61868 R 2.0 29 1 2637 71
486017642 1 62152 R 3.0 16 2 7572 72
488218440 1 62434 R 2.0 30 1 2560 73
490403653 1 62713 R 5.0 18 3 9422 74
492635717 1 62999 R 5.0 19 3 9064 75
494792577 1 63275 R 2.0 31 1 2761 76
497048036 1 63564 R 3.0 18 2 7064 77
499255712 1 63846 R 2.0 32 1 2693 78
501440917 1 64126 R 3.0 19 2 6985 79
503652459 1 64409 R 2.0 33 1 2616 80
505861018 1 64692 R 3.0 20 2 6912 81
508054218 1 64973 R 5.0 20 3 10398 82
510230678 1 65251 R 4.0 13 3 12142 83
512415583 1 65531 R 3.0 21 2 6471 84
514658381 1 65818 R 2.0 34 1 2744 85
516866997 1 66101 R 3.0 22 2 6401 86
519066895 1 66382 R 2.0 35 1 2669 87
521267839 1 66664 R 4.0 14 3 12915 88
523452814 1 66944 R 2.0 36 1 2590 89
525684898 1 67229 R 3.0 23 2 6889 90
527839048 1 67505 R 4.0 15 3 13115 91
530066014 1 67790 R 2.0 37 1 2796 92
532243546 1 68069 R 5.0 21 3 12854 93
534490083 1 68356 R 2.0 38 1 2723 94
536659673 1 68634 R 3.0 24 2 7013 95
538879022 1 68918 R 2.0 39 1 2645 96
541071959 1 69199 R 3.0 25 2 6939 97
543311822 1 69486 R 2.0 40 1 2564 98
545473582 1 69762 R 3.0 26 2 6863 99
547682638 1 70045 R 5.0 23 3 13549 100
549913475 1 70331 R 2.0 41 1 2769 101
552114344 1 70612 R 3.0 27 2 7073 102
554318013 1 70894 R 2.0 42 1 2693 103
556479797 1 71171 R 3.0 28 2 6991 104
558671774 1 71452 R 2.0 43 1 2610 105
560888231 1 71735 R 3.0 29 2 6916 106
563089249 1 72017 R 5.0 24 3 14883 107
565324239 1 72303 R 5.0 25 3 14528 108
567485736 1 72580 R 3.0 30 2 6480 109
569709040 1 72864 R 2.0 44 1 2743 110
571925500 1 73148 R 3.0 31 2 6408 111
574090166 1 73425 R 2.0 45 1 2664 112
576330189 1 73712 R 5.0 26 3 15290 113
578554221 1 73997 R 2.0 46 1 2595 114
580700351 1 74271 R 3.0 32 2 6892 115
582956074 1 74560 R 5.0 27 3 15498 116
585163473 1 74843 R 2.0 47 1 2801 117
587348930 1 75122 R 4.0 18 3 18804 118
589560203 1 75405 R 2.0 48 1 2724 119
591768858 1 75688 R 3.0 33 2 7027 120
593937399 1 75966 R 2.0 49 1 2644 121
596138232 1 76247 R 3.0 34 2 6948 122
598323426 1 76527 R 2.0 50 1 2556 123
600566216 1 76814 R 3.0 35 2 6874 124
602775010 1 77097 R 4.0 20 3 19499 125
604974665 1 77378 R 2.0 51 1 2768 126
607175708 1 77660 R 5.0 28 3 17960 127
609347978 1 77938 R 2.0 52 1 2688 128
611572167 1 78223 R 3.0 36 2 7003 129
613795466 1 78507 R 2.0 53 1 2617 130
615949429 1 78783 R 3.0 37 2 6924 131
618150378 1 79065 R 5.0 29 3 18723 132
620353907 1 79347 R 2.0 54 1 2816 133
622578358 1 79632 R 5.0 30 3 18651 134
624770233 1 79912 R 2.0 55 1 2742 135
626986594 1 80196 R 3.0 38 2 7056 136
629182516 1 80477 R 2.0 56 1 2666 137
631422386 1 80764 R 3.0 39 2 6983 138
633584160 1 81040 R 2.0 57 1 2590 139
635792991 1 81323 R 5.0 31 3 19701 140
637985740 1 81604 R 3.0 40 2 7184 141
640224667 1 81890 R 2.0 58 1 2800 142
642410082 1 82170 R 5.0 32 3 19269 143
644590168 1 82449 R 2.0 59 1 2719 144
646798940 1 82732 R 5.0 33 3 19191 145
648998590 1 83013 R 2.0 60 1 2643 146
651199396 1 83295 R 3.0 41 2 7595 147
653447037 1 83583 R 2.0 61 1 2563 148
655616807 1 83861 R 5.0 34 3 18392 149
657833302 1 84144 R 5.0 35 3 18034 150
659997701 1 84421 R 2.0 62 1 2762 151
662237786 1 84708 R 5.0 36 3 17319 152
664421771 1 84988 R 2.0 63 1 2688 153
666653859 1 85273 R 3.0 43 2 7013 154
668810725 1 85549 R 2.0 64 1 2610 155
671066220 1 85838 R 3.0 44 2 6938 156
673243759 1 86117 R 5.0 37 3 18084 157
675459249 1 86400 R 5.0 38 3 15168 158
677628626 1 86678 R 3.0 45 2 6498 159
679879228 1 86966 R 2.0 65 1 2747 160
682072158 1 87247 R 3.0 46 2 6426 161
684248588 1 87525 R 2.0 66 1 2666 162
686434010 1 87805 R 5.0 39 3 15287 163
688665787 1 88091 R 2.0 67 1 2591 164
690882221 1 88375 R 3.0 47 2 6915 165
693083299 1 88656 R 5.0 40 3 15498 166
695255516 1 88934 R 2.0 68 1 2795 167
697479971 1 89219 R 4.0 24 3 29061 168
699703024 1 89504 R 2.0 69 1 2724 169
701856979 1 89779 R 3.0 48 2 7040 170
704084159 1 90064 R 2.0 70 1 2645 171
706261530 1 90343 R 3.0 49 2 6962 172
708485742 1 90628 R 2.0 71 1 2559 173
710677789 1 90908 R 3.0 50 2 6889 174
712894466 1 91192 R 4.0 26 3 27194 175
715090166 1 91473 R 2.0 72 1 2765 176
717330187 1 91760 R 5.0 41 3 17320 177
719482967 1 92035 R 2.0 73 1 2687 178
721715053 1 92321 R 3.0 51 2 7021 179
723903162 1 92601 R 2.0 74 1 2613 180
726096088 1 92882 R 3.0 52 2 6942 181
728336196 1 93169 R 5.0 42 3 18090 182
730520226 1 93448 R 2.0 75 1 2820 183
732689925 1 93726 R 5.0 43 3 18007 184
734909079 1 94010 R 2.0 76 1 2740 185
737102076 1 94291 R 3.0 53 2 7071 186
739309725 1 94573 R 2.0 77 1 2664 187
741557416 1 94861 R 3.0 54 2 7001 188
743726951 1 95139 R 2.0 78 1 2589 189
745943626 1 95422 R 5.0 44 3 18424 190
748144255 1 95704 R 3.0 55 2 7204 191
750347981 1 95986 R 2.0 79 1 2797 192
752572373 1 96271 R 5.0 45 3 18633 193
754764216 1 96551 R 2.0 80 1 2722 194
756918385 1 96827 R 5.0 46 3 18548 195
759176601 1 97116 R 2.0 81 1 2647 196
761353906 1 97395 R 3.0 56 2 7614 197
763578140 1 97680 R 2.0 82 1 2562 198
765786975 1 97962 R 5.0 47 3 18395 199
767979971 1 98243 R 5.0 48 3 18035 200
770156149 1 98522 R 2.0 83 1 2764 201
772341563 1 98801 R 5.0 49 3 17314 202
774584162 1 99088 R 2.0 84 1 2691 203
776792785 1 99371 R 3.0 58 2 7030 204
778992575 1 99653 R 2.0 85 1 2615 205
781193419 1 99934 R 3.0 59 2 6955 206
783379040 1 100214 R 5.0 50 3 18083 207
785590557 1 100497 R 5.0 51 3 15167 208
787799152 1 100780 R 4.0 30 3 30382 209
789967550 1 101057 R 2.0 86 1 2740 210
792168384 1 101339 R 3.0 60 2 6440 211
794415998 1 101627 R 2.0 87 1 2669 212
796585768 1 101905 R 5.0 52 3 15288 213
798802052 1 102188 R 2.0 88 1 2591 214
801002800 1 102470 R 3.0 61 2 6929 215
803188180 1 102750 R 4.0 31 3 29152 216
805420062 1 103035 R 2.0 89 1 2798 217
807636700 1 103319 R 4.0 32 3 26520 218
809837261 1 103601 R 2.0 90 1 2723 219
812022478 1 103881 R 3.0 62 2 7060 220
814192065 1 104158 R 3.0 63 2 6699 221
816408637 1 104442 R 5.0 53 3 17185 222
818609235 1 104724 R 3.0 64 2 6624 223
820857188 1 105011 R 5.0 54 3 16475 224
823026712 1 105289 R 5.0 55 3 16112 225
825242908 1 105573 R 3.0 65 2 6193 226
827443743 1 105854 R 3.0 66 2 5835 227
829629134 1 106134 R 5.0 56 3 16317 228
831861154 1 106420 R 5.0 57 3 15323 229
834015120 1 106696 R 5.0 58 3 14959 230
836278456 1 106985 R 5.0 59 3 14609 231
838463363 1 107265 R 3.0 67 2 5324 232
840633126 1 107543 R 4.0 34 3 24985 233
842849382 1 107826 R 3.0 68 2 5247 234
845050362 1 108108 R 5.0 60 3 14443 235
847235335 1 108388 R 3.0 69 2 5168 236
849467636 1 108673 R 5.0 61 3 14369 237
851684094 1 108957 R 5.0 62 3 13372 238
853884840 1 109239 R 4.0 35 3 25401 239
856070052 1 109519 R 5.0 63 3 11372 240
858301913 1 109804 R 3.0 70 2 5305 241
860456034 1 110080 R 5.0 64 3 11292 242
862656602 1 110362 R 3.0 71 2 5222 243
864904522 1 110649 R 5.0 65 3 11222 244
867073864 1 110927 R 3.0 72 2 5146 245
869290473 1 111211 R 5.0 66 3 10496 246
871491319 1 111493 R 5.0 67 3 10139 247
873676289 1 111772 R 3.0 73 2 5353 248
875908517 1 112058 R 5.0 68 3 10065 249
878124739 1 112342 R 3.0 74 2 5282 250
880325551 1 112623 R 5.0 69 3 9990 251
882510760 1 112903 R 3.0 75 2 5203 252
884680287 1 113181 R 5.0 70 3 9905 253
886896747 1 113464 R 3.0 76 2 5124 254
889097588 1 113746 R 5.0 72 3 9189 255
891345201 1 114034 R 5.0 73 3 8836 256
893514794 1 114312 R 3.0 77 2 5331 257
895731254 1 114595 R 5.0 74 3 8760 258
897931995 1 114877 R 3.0 78 2 5256 259
900117179 1 115157 R 5.0 75 3 8679 260
902349240 1 115442 R 3.0 79 2 5181 261
904503196 1 115718 R 5.0 76 3 8601 262
906766463 1 116008 R 5.0 77 3 8245 263
908951890 1 116287 R 4.0 38 3 25411 264
911121265 1 116565 R 5.0 78 3 8163 265
913337629 1 116849 R 3.0 80 2 5308 266
915538472 1 117131 R 5.0 79 3 8088 267
917723650 1 117410 R 3.0 81 2 5229 268
919955672 1 117696 R 5.0 80 3 8014 269
922172105 1 117980 R 3.0 82 2 5158 270
924372914 1 118261 R 5.0 81 3 7936 271
926558098 1 118541 R 5.0 82 3 7575 272
928790147 1 118827 R 3.0 83 2 5365 273
930944116 1 119102 R 5.0 83 3 7497 274
933144947 1 119384 R 3.0 84 2 5284 275
935392570 1 119672 R 5.0 84 3 7426 276
937562122 1 119950 R 3.0 85 2 5208 277
939778619 1 120233 R 5.0 85 3 7348 278
941979362 1 120515 R 3.0 86 2 5133 279
944164539 1 120795 R 5.0 86 3 7268 280
946396628 1 121080 R 5.0 87 3 6915 281
948613059 1 121364 R 3.0 87 2 5343 282
950813826 1 121646 R 5.0 88 3 6834 283
952999041 1 121926 R 3.0 88 2 5264 284
955168630 1 122203 R 5.0 89 3 6752 285
957384994 1 122487 R 3.0 89 2 5186 286
959585804 1 122769 R 5.0 90 3 6678 287
961833752 1 123056 R 4.0 41 3 27058 288
964003278 1 123334 R 4.0 42 3 26695 289
966219677 1 123618 R 4.0 43 3 23780 290
968420310 1 123899 R 3.0 90 2 5318 291
970605694 1 124179 R 4.0 44 3 21141 292
972837719 1 124465 R 4.0 45 3 20147 293
974991684 1 124741 R 4.0 46 3 17222 294
977255022 1 125030 R 4.0 47 3 14312 295
979440157 1 125310 R 4.0 48 3 13952 296
981609692 1 125588 R 4.0 49 3 11030 297
983825946 1 125871 R 4.0 50 3 8114 298
986026758 1 126153 R 4.0 51 3 7755 299
988211904 1 126433 R 4.0 52 3 7391 300
990443999 1 126718 R 4.0 53 3 7038 301
992660454 1 127002 R 4.0 54 3 6681 302
994861197 1 127284 R 4.0 55 3 6323 303
997046413 1 127564 R 4.0 56 3 5963 304
999257924 1 127847 R 4.0 57 3 5606 305
1001466531 1 128129 R 4.0 58 3 5248 306
1003635111 1 128407 R 4.0 59 3 4885 307
1005862321 1 128692 R 4.0 60 3 4531 308
1008039653 1 128971 R 4.0 61 3 4170 309
1010286429 1 129258 R 4.0 62 3 3817 310
1012455925 1 129536 R 4.0 63 3 3445 311
1014675287 1 129820 R 4.0 64 3 3090 312
1016868271 1 130101 R 4.0 65 3 2730 313
1019075948 1 130383 R 4.0 66 3 2373 314
1021310931 1 130669 R 4.0 67 3 2020 315
1023472675 1 130946 R 4.0 68 3 1657 316
1025695905 1 131231 R 4.0 69 3 1301 317
1027912171 1 131514 R 4.0 70 3 945 318
1030076843 1 131792 R 4.0 71 3 581 319
1032316700 1 132078 R 4.0 72 3 228 320
1036681174 1 132637 R 4.0 73 3 147 321
1041092373 1 133202 R 4.0 74 3 63 322
1047691125 1 134046 R 4.0 75 3 267 323
1052133686 1 134615 R 4.0 76 3 196 324
1056498225 1 135173 R 4.0 77 3 115 325
1063112355 1 136020 R 4.0 78 3 321 326
1067508075 1 136583 R 4.0 79 3 243 327
1071950733 1 137151 R 4.0 80 3 173 328
1076377497 1 137718 R 4.0 81 3 99 329
1082929343 1 138557 R 4.0 82 3 298 330
1089590418 1 139409 R 4.0 83 3 511 331
1091767720 1 139688 R 4.0 84 3 150 332
1096194515 1 140255 R 4.0 85 3 66 333
1102808890 1 141101 R 4.0 86 3 274 334
1107204609 1 141664 R 4.0 87 3 195 335
1111584772 1 142225 R 4.0 88 3 116 336
1118214563 1 143073 R 4.0 89 3 325 337
1122625876 1 143638 R 4.0 90 3 250 338
