using saved target 'z1'
../../../../contiki/tools/sky/serialdump-linux -b115200 /dev/ttyUSB2
connecting to /dev/ttyUSB2 (115200) [OK]
Rime started with address 3.0
MAC 03:00:00:00:00:00:00:00 Ref ID: 4841
Contiki-3.x-2125-g5d67a61 started. Node id is set to 3.

************************************************
RTIMER_SECOND = 32768. F_CPU=8000000.
CLOCK_SECOND=128.
DURSLOT = 6015.(0.1835 s).
DURSLEEP = 66165.
DURCYCLE = 72180 .(2.2027 s).
MAX_CLOCK_DRIFT = WAKEUP_ADVANCE_TIME = 327 (0.0033 s).
PERIODIC_BCAST_CYCLES_SENSOR = 4128771.
PERIODIC_BCAST_CYCLES_SINK = 4128771.
MAX_CYCLE_COUNTER = 27904.
MAX_COUNT_NO_RTS_CTS = 65535.
MAX_CHILD_NUM = 10.
MAX_TRY_TO_FIND_PARENT = 3.

**********Below is Related Settings**********
PRIMAC_CONF_COMPOWER = 1.
PRIMAC_CONF_COMPOWER_SUPPORT = 1.
SF = 10.
PRI_SYNC_SUPPORT = 1.
RANDOM_DRIFT_IN_COOJA_SUPPORT = 0.
ADCSC_SUPPORT = 0.
DATA_TX_SUPPORT = 1.
CYCLES_PER_PACKET = 0.
DATA_INTERVAL = 1.
RETX_LIMIT = 6.
TOTAL_DATA_NUM = -1.
MAX_DATA_QUEUE_BUFS = 10.
PROC_GRADE_BASED_ON_ADDR_SUPPORT = 1.
NODES_NUM_PER_GRADE = 2.
ADDRESS_FREE_SUPPORT = 0.
IS_COOJA_SIM = 0.
CROSS_PLATFORM_SUPPORT = 1.
************************************************

My address is 3.0.
nullmac PRIMAC, channel check rate 8 Hz, radio channel 26
Starting
Hello, world
 P 0 0 0 1152046
 P 0 0 3390 1224226
 P 0 0 6780 1296406
 P 0 0 10230 1369967
 P 0 0 13620 1440766
 P 0 0 17010 1512946
 P 0 0 20400 1585126
 P 0 0 23790 1657306
EMPTY QUEUE
 P 304 0 29515 1734150
EMPTY QUEUE
 P 662 0 32914 1802362
PT [1 0 1 -1 1]
 P 2991 0 33975 1873846
PT [1 0 2 -1 1]
 P 3818 0 36538 1946026
PT [1 0 3 -1 1]
 P 3818 0 39928 2018206
PT [1 0 4 -1 1]
 P 3818 0 43318 2090386
PT [1 0 5 -1 1]
EMPTY QUEUE
 P 4146 0 46716 2165055
PT [1 0 6 0 2]
 P 6418 0 46719 2234746
PT [1 0 7 0 2]
rcv bro rts
 P 8532 0 46759 2306926
PT [1 0 8 0 2]
 P 8532 0 50149 2379106
PT [1 0 9 0 2]
 P 8532 0 53539 2451286
PT [1 0 10 0 2]
EMPTY QUEUE
 P 8858 0 56938 2525122
PT [1 0 11 1 2]
 P 10139 0 56941 2595646
PT [1 0 12 1 2]
 P 11649 0 56949 2667826
PT [1 0 13 1 2]
 P 11649 0 60339 2740006
PT [1 0 14 1 2]
 P 11649 0 63729 2812186
PT [1 0 15 1 2]
EMPTY QUEUE
 P 11976 0 67127 2886727
PT [1 0 16 2 2]
 P 11976 0 70517 2956546
PT [1 0 17 2 2]
 P 13962 0 70521 3028726
PT [1 0 18 2 2]
 P 15666 0 70530 3100906
PT [1 0 19 2 2]
 P 15666 0 73920 3173086
PT [1 0 20 2 2]
EMPTY QUEUE
 P 15993 0 77318 3247818
PT [1 0 21 3 2]
 P 15993 0 80708 3317446
PT [1 0 22 3 2]
 P 18173 0 80711 3389626
PT [1 0 23 3 2]
 P 20327 0 80720 3461806
PT [1 0 24 3 2]
 P 20327 0 84110 3533986
PT [1 0 25 3 2]
EMPTY QUEUE
 P 20653 0 87509 3608398
PT [1 0 26 3 2]
 P 20653 0 90899 3678346
PT [1 0 27 3 2]
 P 22514 0 90902 3750526
PT [1 0 28 3 2]
 P 24607 0 90910 3822706
PT [1 0 29 3 2]
 P 24607 0 94300 3894886
PT [1 0 30 3 2]
EMPTY QUEUE
 P 24933 0 97699 3968466
PT [1 0 31 4 2]
 P 24933 0 101089 4039246
PT [1 0 32 4 2]
 P 25963 0 101092 4111426
PT [1 0 33 4 2]
 P 27483 0 101100 4183606
PT [1 0 34 4 2]
 P 27483 0 104490 4255786
PT [1 0 35 4 2]
EMPTY QUEUE
 P 27809 0 107888 4330070
PT [1 0 36 5 2]
 P 27809 0 111278 4400146
PT [1 0 37 5 2]
 P 29544 0 111281 4472326
PT [1 0 38 5 2]
 P 32025 0 111289 4544506
PT [1 0 39 5 2]
 P 32025 0 114679 4616686
PT [1 0 40 5 2]
EMPTY QUEUE
 P 32351 0 118078 4691162
PT [1 0 41 5 2]
 P 32351 0 121468 4761046
PT [1 0 42 5 2]
 P 34279 0 121471 4833226
PT [1 0 43 5 2]
 P 35162 0 121479 4905406
PT [1 0 44 5 2]
 P 35162 0 124869 4977586
PT [1 0 45 5 2]
EMPTY QUEUE
 P 35489 0 128268 5051742
PT [1 0 46 6 2]
 P 35489 0 131658 5121946
PT [1 0 47 6 2]
 P 37098 0 131661 5194126
PT [1 0 48 6 2]
 P 39967 0 131669 5266306
PT [1 0 49 6 2]
 P 39967 0 135059 5338486
PT [1 0 50 6 2]
EMPTY QUEUE
 P 40293 0 138457 5411810
PT [1 0 51 7 2]
 P 40293 0 141847 5482846
PT [1 0 52 7 2]
 P 43119 0 141850 5555026
PT [1 0 53 7 2]
 P 45414 0 141858 5627206
PT [1 0 54 7 2]
 P 45414 0 145248 5699386
PT [1 0 55 7 2]
EMPTY QUEUE
 P 45741 0 148646 5773414
PT [1 0 56 7 2]
 P 45741 0 152036 5843746
PT [1 0 57 7 2]
 P 47226 0 152039 5915926
PT [1 0 58 7 2]
 P 48435 0 152047 5988106
PT [1 0 59 7 2]
 P 48435 0 155437 6060286
PT [1 0 60 7 2]
EMPTY QUEUE
 P 48761 0 158836 6134506
PT [1 0 61 8 2]
 P 48761 0 162226 6204646
PT [1 0 62 8 2]
 P 50437 0 162230 6276826
PT [1 0 63 8 2]
 P 52096 0 162239 6349006
PT [1 0 64 8 2]
 P 52096 0 165629 6421186
PT [1 0 65 8 2]
EMPTY QUEUE
 P 52422 0 169027 6495086
PT [1 0 66 9 2]
 P 52422 0 172417 6565546
PT [1 0 67 9 2]
 P 53780 0 172420 6637726
PT [1 0 68 9 2]
 P 55377 0 172429 6709906
PT [1 0 69 9 2]
 P 55377 0 175819 6782086
PT [1 0 70 9 2]
EMPTY QUEUE
 P 55704 0 179217 6855154
PT [1 0 71 9 2]
 P 55704 0 182607 6926446
PT [1 0 72 9 2]
 P 58279 0 182610 6998626
PT [1 0 73 9 2]
 P 59302 0 182619 7070806
PT [1 0 74 9 2]
 P 59302 0 186009 7142986
PT [1 0 75 9 2]
EMPTY QUEUE
 P 59628 0 189408 7216758
PT [1 0 76 10 2]
 P 59628 0 192798 7287346
PT [1 0 77 10 2]
 P 60860 0 192801 7359526
PT [1 0 78 10 2]
 P 62846 0 192809 7431706
PT [1 0 79 10 2]
 P 62846 0 196199 7503886
PT [1 0 80 10 2]
EMPTY QUEUE
 P 63172 0 199597 7577850
PT [1 0 81 11 2]
 P 63172 0 202987 7648246
PT [1 0 82 11 2]
 P 63172 0 206377 7720426
PT [1 0 83 11 2]
 P 64597 0 206380 7792606
PT [1 0 84 11 2]
 P 66329 0 206388 7864786
PT [1 0 85 11 2]
EMPTY QUEUE
 P 66656 0 209786 7938430
PT [1 0 86 11 2]
 P 66656 0 213176 8009146
PT [1 0 87 11 2]
 P 66656 0 216566 8081326
PT [1 0 88 11 2]
 P 67762 0 216569 8153506
PT [1 0 89 11 2]
 P 69944 0 216579 8225686
PT [1 0 90 11 2]
EMPTY QUEUE
 P 70270 0 219978 8300546
PT [1 0 91 12 2]
 P 70270 0 223368 8370046
PT [1 0 92 12 2]
 P 70270 0 226758 8442226
PT [1 0 93 12 2]
 P 72593 0 226761 8514406
PT [1 0 94 12 2]
 P 74713 0 226770 8586586
PT [1 0 95 12 2]
EMPTY QUEUE
 P 75039 0 230168 8660102
PT [1 0 96 13 2]
 P 75039 0 233558 8730946
PT [1 0 97 13 2]
 P 75039 0 236948 8803126
PT [1 0 98 13 2]
 P 76019 0 236952 8875306
PT [1 0 99 13 2]
 P 77567 0 236960 8947486
PT [1 0 100 13 2]
EMPTY QUEUE
 P 77894 0 240358 9021194
PT [1 0 101 13 2]
 P 77894 0 243748 9091846
PT [1 0 102 13 2]
 P 77894 0 247138 9164026
PT [1 0 103 13 2]
 P 79068 0 247141 9236206
PT [1 0 104 13 2]
 P 81577 0 247149 9308386
PT [1 0 105 13 2]
EMPTY QUEUE
 P 81903 0 250548 9381774
PT [1 0 106 14 2]
 P 81903 0 253938 9452746
PT [1 0 107 14 2]
 P 81903 0 257328 9524926
PT [1 0 108 14 2]
 P 82758 0 257331 9597106
PT [1 0 109 14 2]
 P 83669 0 257339 9669286
PT [1 0 110 14 2]
EMPTY QUEUE
 P 83995 0 260737 9743890
PT [1 0 111 15 2]
 P 83995 0 264127 9813646
PT [1 0 112 15 2]
 P 83995 0 267517 9885826
PT [1 0 113 15 2]
 P 86067 0 267520 9958006
PT [1 0 114 15 2]
 P 88964 0 267528 10030186
PT [1 0 115 15 2]
EMPTY QUEUE
 P 89291 0 270926 10103446
PT [1 0 116 16 2]
 P 89291 0 274316 10174546
PT [1 0 117 16 2]
 P 89291 0 277706 10246726
PT [1 0 118 16 2]
 P 92068 0 277709 10318906
PT [1 0 119 16 2]
 P 94391 0 277717 10391086
PT [1 0 120 16 2]
EMPTY QUEUE
 P 94717 0 281117 10464539
PT [1 0 121 16 2]
 P 94717 0 284507 10535446
PT [1 0 122 16 2]
 P 94717 0 287897 10607626
PT [1 0 123 16 2]
 P 95639 0 287900 10679806
PT [1 0 124 16 2]
 P 96876 0 287908 10751986
PT [1 0 125 16 2]
EMPTY QUEUE
 P 97202 0 291307 10825118
PT [1 0 126 17 2]
 P 97202 0 294697 10896346
PT [1 0 127 17 2]
 P 97202 0 298087 10968526
PT [1 0 128 17 2]
 P 99853 0 298090 11040706
PT [1 0 129 17 2]
 P 101540 0 298098 11112886
PT [1 0 130 17 2]
EMPTY QUEUE
 P 101866 0 301497 11187235
PT [1 0 131 18 2]
 P 101866 0 304887 11257246
PT [1 0 132 18 2]
 P 101866 0 308277 11329426
PT [1 0 133 18 2]
 P 103686 0 308280 11401606
PT [1 0 134 18 2]
 P 105311 0 308288 11473786
PT [1 0 135 18 2]
EMPTY QUEUE
 P 105637 0 311687 11546790
PT [1 0 136 18 2]
 P 105637 0 315077 11618146
PT [1 0 137 18 2]
 P 105637 0 318467 11690326
PT [1 0 138 18 2]
 P 108162 0 318470 11762506
PT [1 0 139 18 2]
Warning: data sending process fails.
 P 109539 65 318593 11836041
PT [1 0 140 19 2]
 P 112257 65 318596 11906866
PT [1 0 141 19 2]
 P 113855 65 318599 11979046
PT [1 0 142 19 2]
 P 115458 408 318618 12052164
PT [1 0 143 19 2]
 P 117988 750 318637 12125560
PT [1 0 144 19 2]
 P 119271 822 318656 12198444
PT [1 0 145 19 2]
 P 121190 822 318659 12267766
PT [1 0 146 19 2]
 P 123657 894 318677 12340948
PT [1 0 147 20 2]
 P 125549 966 318696 12414856
PT [1 0 148 20 2]
 P 127821 966 318699 12484306
PT [1 0 149 20 2]
 P 129905 1038 318719 12558384
PT [1 0 150 20 2]
 P 131825 1038 318722 12628666
PT [1 0 151 20 2]
 P 133431 1110 318741 12703448
PT [1 0 152 20 2]
 P 134718 1182 318759 12775820
PT [1 0 153 21 2]
 P 137189 1254 318777 12847680
PT [1 0 154 21 2]
 P 139692 1326 318796 12919028
PT [1 0 155 21 2]
 P 141613 1326 318799 12989566
PT [1 0 156 21 2]
 P 143510 1398 318819 13064092
PT [1 0 157 21 2]
 P 146366 1470 318838 13136464
PT [1 0 158 21 2]
 P 147720 1542 318857 13208324
PT [1 0 159 21 2]
 P 150802 1614 318875 13279672
PT [1 0 160 21 2]
 P 152724 1614 318878 13350466
PT [1 0 161 21 2]
 P 154974 1686 318897 13424736
PT [1 0 162 22 2]
 P 157345 1686 318900 13494826
PT [1 0 163 22 2]
 P 160299 1758 318920 13569288
PT [1 0 164 22 2]
 P 162606 1758 318923 13639186
PT [1 0 165 22 2]
 P 165753 1830 318942 13713328
PT [1 0 166 22 2]
 P 167485 1830 318945 13783546
PT [1 0 167 22 2]
 P 170315 1902 318963 13856856
PT [1 0 168 23 2]
 P 173007 1902 318966 13927906
PT [1 0 169 23 2]
 P 175004 1974 318985 14001920
PT [1 0 170 23 2]
 P 176096 1974 318989 14072266
PT [1 0 171 23 2]
 P 178798 2046 319008 14146472
PT [1 0 172 23 2]
 P 179827 2046 319011 14216626
PT [1 0 173 23 2]
 P 181923 2118 319029 14290512
PT [1 0 174 23 2]
 P 184424 2118 319032 14360986
PT [1 0 175 23 2]
 P 186519 2190 319051 14436087
PT [1 0 176 24 2]
 P 187933 2190 319054 14505346
PT [1 0 177 24 2]
 P 189795 2190 319057 14577526
PT [1 0 178 24 2]
 P 191893 2262 319076 14651284
PT [1 0 179 24 2]
 P 194171 2262 319080 14721886
PT [1 0 180 24 2]
 P 196450 2262 319083 14794066
PT [1 0 181 24 2]
 P 198729 2262 319086 14866246
PT [1 0 182 24 2]
 P 201008 2262 319089 14938426
PT [1 0 183 24 2]
 P 203287 2262 319092 15010606
PT [1 0 184 24 2]
 P 205567 2262 319095 15082786
PT [1 0 185 24 2]
 P 207847 2262 319098 15154966
PT [1 0 186 24 2]
 P 210127 2262 319101 15227146
PT [1 0 187 24 2]
 P 212408 2262 319105 15299326
PT [1 0 188 24 2]
 P 214688 2262 319110 15371506
PT [1 0 189 24 2]
 P 216969 2262 319113 15443686
PT [1 0 190 24 2]
 P 219250 2262 319116 15515866
PT [1 0 191 24 2]
 P 221531 2262 319119 15588046
PT [1 0 192 24 2]
 P 223812 2262 319122 15660226
PT [1 0 193 24 2]
 P 226094 2262 319125 15732406
PT [1 0 194 24 2]
 P 228376 2262 319128 15804586
PT [1 0 195 24 2]
 P 230658 2262 319131 15876766
PT [1 0 196 24 2]
 P 232940 2262 319134 15948946
PT [1 0 197 24 2]
 P 235223 2262 319137 16021126
PT [1 0 198 24 2]
 P 237506 2262 319140 16093306
PT [1 0 199 24 2]
 P 239789 2262 319143 16165486
PT [1 0 200 24 2]
 P 242072 2262 319146 16237666
PT [1 0 201 24 2]
 P 244355 2262 319149 16309846
PT [1 0 202 24 2]
 P 246639 2262 319152 16382026
PT [1 0 203 24 2]
 P 248923 2262 319155 16454206
PT [1 0 204 24 2]
 P 251207 2262 319158 16526386
PT [1 0 205 24 2]
 P 253491 2262 319161 16598566
PT [1 0 206 24 2]
 P 255775 2262 319165 16670746
PT [1 0 207 24 2]
 P 258060 2262 319168 16742926
PT [1 0 208 24 2]
 P 260345 2262 319171 16815106
PT [1 0 209 24 2]
 P 262631 2262 319174 16887286
PT [1 0 210 24 2]
 P 264916 2262 319177 16959466
PT [1 0 211 24 2]
 P 267202 2262 319180 17031646
PT [1 0 212 24 2]
 P 269488 2262 319183 17103826
PT [1 0 213 24 2]
 P 271774 2262 319186 17176006
PT [1 0 214 24 2]
 P 274060 2262 319189 17248186
PT [1 0 215 24 2]
 P 276346 2262 319193 17320366
PT [1 0 216 24 2]
 P 278633 2262 319196 17392546
PT [1 0 217 24 2]
 P 280920 2262 319199 17464726
PT [1 0 218 24 2]
 P 283207 2262 319202 17536906
PT [1 0 219 24 2]
 P 285494 2262 319205 17609086
PT [1 0 220 24 2]
 P 287782 2262 319208 17681266
PT [1 0 221 24 2]
 P 290070 2262 319211 17753446
PT [1 0 222 24 2]
 P 292358 2262 319214 17825626
PT [1 0 223 24 2]
 P 294646 2262 319217 17897806
PT [1 0 224 24 2]
 P 296934 2262 319221 17969986
PT [1 0 225 24 2]
 P 299223 2262 319224 18042166
PT [1 0 226 24 2]
 P 301512 2262 319227 18114346
PT [1 0 227 24 2]
 P 303801 2262 319230 18186526
PT [1 0 228 24 2]
 P 306090 2262 319233 18258706
PT [1 0 229 24 2]
 P 308380 2262 319236 18330886
PT [1 0 230 24 2]
 P 310670 2262 319239 18403066
PT [1 0 231 24 2]
 P 312961 2262 319242 18475246
PT [1 0 232 24 2]
 P 315251 2262 319245 18547426
PT [1 0 233 24 2]
 P 317734 2262 319248 18619606
PT [1 0 234 24 2]
 P 320302 2334 319267 18693555
PT [1 0 235 32 2]
 P 322465 2334 319270 18763966
PT [1 0 236 32 2]
 P 324970 2406 319289 18837596
PT [1 0 237 32 2]
 P 326301 2406 319292 18908326
PT [1 0 238 32 2]
 P 328232 2478 319311 18983172
PT [1 0 239 32 2]
 P 330268 2478 319314 19052686
PT [1 0 240 32 2]
 P 333160 2550 319332 19126188
PT [1 0 241 32 2]
 P 335388 2550 319335 19197046
PT [1 0 242 32 2]
 P 336681 2622 319353 19270740
PT [1 0 243 33 2]
 P 338590 2622 319356 19341406
PT [1 0 244 33 2]
 P 340715 2694 319375 19414780
PT [1 0 245 33 2]
 P 341792 2694 319378 19485766
PT [1 0 246 33 2]
 P 343573 2694 319381 19557946
PT [1 0 247 33 2]
 P 345548 2694 319384 19630126
PT [1 0 248 33 2]
 P 347676 2766 319403 19704716
PT [1 0 249 34 2]
 P 349330 2766 319406 19774486
PT [1 0 250 34 2]
 P 351348 2838 319424 19847732
PT [1 0 251 34 2]
 P 354218 2838 319428 19918846
PT [1 0 252 34 2]
 P 355746 2838 319431 19991026
PT [1 0 253 34 2]
 P 357765 2910 319451 20064464
PT [1 0 254 34 2]
 P 359484 2910 319454 20135386
PT [1 0 255 34 2]
 P 361954 2982 319472 20208504
PT [1 0 256 34 2]
 P 363354 2982 319475 20279746
PT [1 0 257 34 2]
 P 365376 3054 319494 20354081
PT [1 0 258 36 2]
 P 367993 3054 319497 20424106
PT [1 0 259 36 2]
 P 370015 3126 319516 20499144
PT [1 0 260 35 2]
 P 372311 3126 319520 20568466
PT [1 0 261 35 2]
 P 374608 3126 319523 20640646
PT [1 0 262 35 2]
 P 376905 3126 319526 20712826
PT [1 0 263 35 2]
 P 379202 3126 319529 20785006
PT [1 0 264 35 2]
 P 381499 3126 319532 20857186
PT [1 0 265 35 2]
 P 383797 3126 319535 20929366
PT [1 0 266 35 2]
 P 386095 3126 319538 21001546
PT [1 0 267 35 2]
 P 388393 3126 319541 21073726
PT [1 0 268 35 2]
 P 390691 3126 319544 21145906
PT [1 0 269 35 2]
 P 392989 3126 319548 21218086
PT [1 0 270 35 2]
 P 395288 3126 319551 21290266
PT [1 0 271 35 2]
 P 397587 3126 319554 21362446
PT [1 0 272 35 2]
 P 399886 3126 319557 21434626
PT [1 0 273 35 2]
 P 402185 3126 319560 21506806
PT [1 0 274 35 2]
 P 404486 3126 319563 21578986
PT [1 0 275 35 2]
 P 406786 3126 319566 21651166
PT [1 0 276 35 2]
 P 409086 3126 319569 21723346
PT [1 0 277 35 2]
 P 411386 3126 319572 21795526
PT [1 0 278 35 2]
 P 413686 3126 319576 21867706
PT [1 0 279 35 2]
 P 415987 3126 319579 21939886
PT [1 0 280 35 2]
 P 418288 3126 319582 22012066
PT [1 0 281 35 2]
 P 420589 3126 319585 22084246
PT [1 0 282 35 2]
 P 422890 3126 319588 22156426
PT [1 0 283 35 2]
 P 425192 3126 319591 22228606
PT [1 0 284 35 2]
 P 427494 3126 319594 22300786
PT [1 0 285 35 2]
 P 429796 3126 319597 22372966
PT [1 0 286 35 2]
 P 432098 3126 319600 22445146
PT [1 0 287 35 2]
 P 434400 3126 319604 22517326
PT [1 0 288 35 2]
 P 436703 3126 319607 22589506
PT [1 0 289 35 2]
 P 439006 3126 319610 22661686
PT [1 0 290 35 2]
 P 441309 3126 319613 22733866
PT [1 0 291 35 2]
 P 443612 3126 319616 22806046
PT [1 0 292 35 2]
 P 445916 3126 319619 22878226
PT [1 0 293 35 2]
 P 448220 3126 319622 22950406
PT [1 0 294 35 2]
 P 450524 3126 319625 23022586
PT [1 0 295 35 2]
 P 452828 3126 319628 23094766
PT [1 0 296 35 2]
 P 455134 3126 319631 23166946
PT [1 0 297 35 2]
 P 457439 3126 319634 23239126
PT [1 0 298 35 2]
 P 459744 3126 319637 23311306
PT [1 0 299 35 2]
 P 462049 3126 319640 23383486
PT [1 0 300 35 2]
 P 464354 3126 319643 23455666
PT [1 0 301 35 2]
 P 466660 3126 319646 23527846
PT [1 0 302 35 2]
 P 468966 3126 319649 23600026
PT [1 0 303 35 2]
 P 471272 3126 319652 23672206
PT [1 0 304 35 2]
 P 473578 3126 319655 23744386
PT [1 0 305 35 2]
 P 475884 3126 319659 23816566
PT [1 0 306 35 2]
 P 478191 3126 319662 23888746
PT [1 0 307 35 2]
 P 480498 3126 319665 23960926
PT [1 0 308 35 2]
 P 482805 3126 319668 24033106
PT [1 0 309 35 2]
 P 485112 3126 319671 24105286
PT [1 0 310 35 2]
 P 487420 3126 319674 24177466
PT [1 0 311 35 2]
 P 489728 3126 319677 24249646
PT [1 0 312 35 2]
 P 492036 3126 319680 24321826
PT [1 0 313 35 2]
 P 494344 3126 319683 24394006
PT [1 0 314 35 2]
 P 496652 3126 319687 24466186
PT [1 0 315 35 2]
 P 498961 3126 319690 24538366
PT [1 0 316 35 2]
 P 501270 3126 319693 24610546
PT [1 0 317 35 2]
 P 503580 3126 319696 24682726
PT [1 0 318 35 2]
 P 505890 3126 319700 24754906
PT [1 0 319 35 2]
 P 508200 3126 319703 24827086
PT [1 0 320 35 2]
 P 510510 3126 319706 24899266
PT [1 0 321 35 2]
 P 512820 3126 319709 24971446
PT [1 0 322 35 2]
 P 515130 3126 319712 25043626
PT [1 0 323 35 2]
 P 515195 3208 323104 25117885
PT [1 0 324 35 2]
 P 515523 3280 326505 25188893
PT [1 0 325 45 2]
 P 515588 3280 332467 25264957
PT [1 0 326 45 2]
 P 515914 3352 335868 25333252
PT [1 0 327 44 2]
 P 518413 3424 335887 25407416
PT [1 0 328 44 2]
 P 520848 3496 335906 25479020
PT [1 0 329 44 2]
 P 522709 3568 335925 25550113
PT [1 0 330 46 2]
 P 525530 3640 335943 25622740
PT [1 0 331 45 2]
 P 526750 3712 335962 25694855
PT [1 0 332 45 2]
 P 529955 3784 335981 25766460
PT [1 0 333 45 2]
 P 532585 3856 336001 25839600
PT [1 0 334 45 2]
 P 534127 3928 336020 25912228
PT [1 0 335 45 2]
 P 536118 4000 336039 25984345
PT [1 0 336 45 2]
 P 538044 4072 336060 26055949
PT [1 0 337 45 2]
 P 539396 4144 336078 26129088
PT [1 0 338 45 2]
 P 541708 4216 336097 26199668
PT [1 0 339 46 2]
 P 544468 4288 336115 26271784
PT [1 0 340 46 2]
 P 547164 4360 336134 26345436
PT [1 0 341 46 2]
 P 549284 4432 336154 26416528
PT [1 0 342 46 2]
 P 552365 4504 336173 26489156
PT [1 0 343 46 2]
 P 553846 4576 336193 26561272
PT [1 0 344 46 2]
 P 555265 4648 336211 26632876
PT [1 0 345 46 2]
 P 558157 4720 336229 26706017
PT [1 0 346 47 2]
 P 559960 4792 336249 26778645
PT [1 0 347 47 2]
 P 562211 4864 336268 26850760
PT [1 0 348 47 2]
 P 564399 4936 336288 26922364
PT [1 0 349 47 2]
 P 566011 5008 336307 26993456
PT [1 0 350 47 2]
 P 568584 5080 336327 27066084
PT [1 0 351 47 2]
 P 571605 5152 336346 27138200
PT [1 0 352 47 2]
 P 574563 5224 336364 27211852
PT [1 0 353 48 2]
 P 576945 5296 336382 27282943
PT [1 0 354 48 2]
 P 578239 5368 336400 27355572
PT [1 0 355 48 2]
 P 579981 5440 336420 27427688
PT [1 0 356 48 2]
 P 581661 5512 336439 27499293
PT [1 0 357 49 2]
 P 584812 5584 336458 27572432
PT [1 0 358 48 2]
 P 586876 5656 336477 27643012
PT [1 0 359 48 2]
 P 588462 5728 336495 27717176
PT [1 0 360 48 2]
 P 589465 5728 336506 27788270
PT [1 0 361 48 2]
 P 591946 5799 336525 27861375
PT [1 0 362 49 2]
 P 595131 5871 336545 27932724
PT [1 0 363 49 2]
 P 596461 5943 336564 28005608
PT [1 0 364 49 2]
 P 597696 6015 336583 28077980
PT [1 0 365 49 2]
 P 600915 6087 336602 28149840
PT [1 0 366 49 2]
 P 603559 6159 336620 28221188
PT [1 0 367 49 2]
 P 605115 6231 336639 28294072
PT [1 0 368 50 2]
 P 607119 6303 336657 28366443
PT [1 0 369 50 2]
 P 609060 6375 336677 28438305
PT [1 0 370 51 2]
 P 610426 6447 336696 28509652
PT [1 0 371 50 2]
 P 612751 6519 336716 28582536
PT [1 0 372 50 2]
 P 615525 6591 336735 28654908
PT [1 0 373 50 2]
 P 618235 6663 336754 28726768
PT [1 0 374 50 2]
 P 620370 6735 336773 28798116
PT [1 0 375 50 2]
 P 623467 6807 336791 28871001
PT [1 0 376 51 2]
 P 624962 6879 336810 28943373
PT [1 0 377 51 2]
 P 626395 6951 336829 29015232
PT [1 0 378 51 2]
 P 629299 7023 336849 29088628
PT [1 0 379 51 2]
 P 631115 7095 336869 29159464
PT [1 0 380 51 2]
 P 633380 7167 336888 29231836
PT [1 0 381 51 2]
 P 635581 7239 336908 29303696
PT [1 0 382 51 2]
 P 637208 7311 336926 29377092
PT [1 0 383 52 2]
 P 639794 7383 336944 29447927
PT [1 0 384 52 2]
 P 642829 7455 336962 29520300
PT [1 0 385 52 2]
 P 645801 7527 336981 29592161
PT [1 0 386 52 2]
 P 648196 7599 337002 29665557
PT [1 0 387 52 2]
 P 649504 7671 337021 29736392
PT [1 0 388 52 2]
 P 651261 7743 337041 29808764
PT [1 0 389 52 2]
 P 652955 7815 337059 29880624
PT [1 0 390 52 2]
 P 656120 7887 337077 29954019
PT [1 0 391 53 2]
 P 658198 7959 337095 30026903
PT [1 0 392 53 2]
 P 660724 8031 337114 30097228
PT [1 0 393 53 2]
 P 663186 8103 337134 30171136
PT [1 0 394 53 2]
 P 665073 8175 337153 30242484
PT [1 0 395 53 2]
 P 667921 8247 337173 30315369
PT [1 0 396 53 2]
 P 669171 8319 337191 30387741
PT [1 0 397 55 2]
 P 672404 8391 337209 30459600
PT [1 0 398 54 2]
 P 675063 8463 337227 30530948
PT [1 0 399 54 2]
 P 676632 8535 337246 30603832
PT [1 0 400 54 2]
 P 678649 8607 337266 30676204
PT [1 0 401 54 2]
 P 680603 8679 337285 30748064
PT [1 0 402 54 2]
 P 681981 8751 337304 30819412
PT [1 0 403 54 2]
 P 684321 8823 337323 30892296
PT [1 0 404 54 2]
 P 687109 8895 337341 30964668
PT [1 0 405 54 2]
 P 689835 8967 337359 31036528
PT [1 0 406 55 2]
 P 691983 9039 337377 31107875
PT [1 0 407 55 2]
 P 695091 9111 337397 31180760
PT [1 0 408 55 2]
 P 696601 9183 337416 31253132
PT [1 0 409 55 2]
 P 698047 9255 337435 31324992
PT [1 0 410 55 2]
 P 700965 9327 337454 31398388
PT [1 0 411 55 2]
 P 702796 9399 337472 31469224
PT [1 0 412 55 2]
 P 705076 9471 337491 31541597
PT [1 0 413 56 2]
 P 707291 9543 337511 31613457
PT [1 0 414 56 2]
 P 708930 9615 337530 31686852
PT [1 0 415 56 2]
 P 711530 9687 337549 31757688
PT [1 0 416 56 2]
 P 714578 9759 337568 31830060
PT [1 0 417 56 2]
 P 717563 9831 337587 31901920
PT [1 0 418 56 2]
 P 719974 9903 337605 31975316
PT [1 0 419 56 2]
 P 721296 9975 337624 32046152
PT [1 0 420 56 2]
 P 723066 10047 337642 32118523
PT [1 0 421 57 2]
 P 724772 10119 337660 32190383
PT [1 0 422 57 2]
 P 727953 10191 337679 32263781
PT [1 0 423 57 2]
 P 730046 10263 337698 32336665
PT [1 0 424 57 2]
 P 732586 10335 337717 32406988
PT [1 0 425 57 2]
 P 735062 10407 337736 32480896
PT [1 0 426 57 2]
 P 736963 10479 337755 32552244
PT [1 0 427 57 2]
 P 739825 10551 337773 32625128
PT [1 0 428 58 2]
 P 741087 10623 337791 32697499
PT [1 0 429 58 2]
 P 744333 10695 337810 32769360
PT [1 0 430 58 2]
 P 747003 10767 337829 32840708
PT [1 0 431 58 2]
 P 748585 10839 337849 32913592
PT [1 0 432 58 2]
 P 750618 10911 337868 32985965
PT [1 0 433 58 2]
 P 752587 10983 337887 33057825
PT [1 0 434 60 2]
 P 753980 11055 337905 33129172
PT [1 0 435 59 2]
 P 756332 11127 337923 33202055
PT [1 0 436 59 2]
 P 759133 11199 337941 33274427
PT [1 0 437 59 2]
 P 761870 11271 337960 33346288
PT [1 0 438 59 2]
 P 764031 11343 337980 33417636
PT [1 0 439 59 2]
 P 767153 11415 338000 33490520
PT [1 0 440 59 2]
 P 768675 11487 338021 33562893
PT [1 0 441 59 2]
 P 770135 11559 338039 33634752
PT [1 0 442 59 2]
 P 773067 11631 338057 33708148
PT [1 0 443 60 2]
 P 774911 11703 338075 33778984
PT [1 0 444 60 2]
 P 777203 11775 338094 33851356
PT [1 0 445 60 2]
 P 779431 11847 338114 33923216
PT [1 0 446 60 2]
 P 781084 11919 338133 33996612
PT [1 0 447 60 2]
 P 783697 11991 338152 34067448
PT [1 0 448 60 2]
 P 786760 12063 338170 34139820
PT [1 0 449 60 2]
 P 789761 12135 338188 34211681
PT [1 0 450 61 2]
 P 792183 12207 338209 34285077
PT [1 0 451 61 2]
 P 793518 12279 338227 34355912
PT [1 0 452 61 2]
 P 795301 12351 338247 34428284
PT [1 0 453 61 2]
 P 797021 12423 338266 34500144
PT [1 0 454 61 2]
 P 800213 12495 338285 34573540
PT [1 0 455 61 2]
 P 802318 12567 338304 34646424
PT [1 0 456 61 2]
 P 804610 12567 338314 34716238
PT [1 0 457 61 2]
 P 807100 12639 338333 34790656
PT [1 0 458 62 2]
 P 809014 12711 338351 34862003
PT [1 0 459 62 2]
 P 811889 12783 338371 34934889
PT [1 0 460 62 2]
 P 813165 12855 338390 35007261
PT [1 0 461 63 2]
 P 816424 12927 338409 35079120
PT [1 0 462 62 2]
 P 819108 12999 338428 35150468
PT [1 0 463 62 2]
 P 820705 13071 338446 35223352
PT [1 0 464 62 2]
 P 822750 13143 338465 35295724
PT [1 0 465 63 2]
 P 824732 13215 338483 35367584
PT [1 0 466 63 2]
 P 826138 13287 338502 35438932
PT [1 0 467 63 2]
 P 828504 13359 338521 35511816
PT [1 0 468 63 2]
 P 831318 13431 338540 35584188
PT [1 0 469 63 2]
 P 834069 13503 338560 35656049
PT [1 0 470 63 2]
 P 836244 13575 338579 35727396
PT [1 0 471 63 2]
 P 839380 13647 338598 35800280
PT [1 0 472 63 2]
 P 840917 13719 338616 35872652
PT [1 0 473 64 2]
 P 842389 13791 338634 35944512
PT [1 0 474 64 2]
 P 845334 13863 338653 36017908
PT [1 0 475 64 2]
 P 847191 13935 338672 36088744
PT [1 0 476 64 2]
 P 849496 14007 338692 36161116
PT [1 0 477 64 2]
Warning: data sending process fails.
 P 851738 14072 338816 36233074
PT [1 0 478 64 2]
 P 853405 14144 338835 36306372
PT [1 0 479 64 2]
 P 856033 14216 338853 36377208
PT [1 0 480 65 2]
 P 859108 14288 338871 36449579
PT [1 0 481 65 2]
 P 862120 14360 338889 36521440
PT [1 0 482 65 2]
 P 864556 14432 338908 36594836
PT [1 0 483 65 2]
 P 865904 14504 338929 36665672
PT [1 0 484 65 2]
 P 867701 14576 338948 36738044
PT [1 0 485 65 2]
 P 869434 14648 338968 36809904
PT [1 0 486 65 2]
 P 872642 14720 338986 36883301
PT [1 0 487 65 2]
 P 874761 14792 339004 36956185
PT [1 0 488 66 2]
 P 877327 14864 339023 37026508
PT [1 0 489 66 2]
 P 879830 14936 339042 37100416
PT [1 0 490 66 2]
 P 881757 15008 339062 37171764
PT [1 0 491 66 2]
 P 884645 15080 339081 37244648
PT [1 0 492 66 2]
 P 885933 15152 339100 37317020
PT [1 0 493 66 2]
 P 889207 15224 339119 37388880
PT [1 0 494 66 2]
 P 891905 15296 339137 37460228
PT [1 0 495 67 2]
 P 893199 15296 339148 37532547
PT [1 0 496 67 2]
 P 895257 15368 339166 37605676
PT [1 0 497 67 2]
 P 897251 15440 339186 37677024
PT [1 0 498 67 2]
 P 898670 15512 339205 37749908
PT [1 0 499 67 2]
 P 901049 15584 339224 37822280
PT [1 0 500 67 2]
 P 903877 15656 339243 37894140
PT [1 0 501 67 2]
 P 906642 15728 339261 37965488
PT [1 0 502 68 2]
 P 908830 15800 339280 38038371
PT [1 0 503 68 2]
 P 911980 15872 339299 38110745
PT [1 0 504 68 2]
 P 913529 15944 339318 38182604
PT [1 0 505 68 2]
 P 915015 16016 339337 38253952
PT [1 0 506 68 2]
 P 917973 16088 339356 38326836
PT [1 0 507 68 2]
 P 919734 16160 339376 38399208
PT [1 0 508 68 2]
 P 921945 16232 339394 38471068
PT [1 0 509 68 2]
 P 924091 16304 339413 38542415
PT [1 0 510 69 2]
 P 925662 16376 339431 38615299
PT [1 0 511 69 2]
 P 928193 16448 339449 38687672
PT [1 0 512 69 2]
 P 931175 16520 339468 38759533
PT [1 0 513 69 2]
 P 934093 16592 339487 38832929
PT [1 0 514 70 2]
 P 936433 16664 339507 38903764
PT [1 0 515 69 2]
 P 937686 16736 339526 38976136
PT [1 0 516 69 2]
 P 939388 16808 339544 39047996
PT [1 0 517 70 2]
 P 941027 16880 339562 39121392
PT [1 0 518 70 2]
 P 944137 16952 339580 39192228
PT [1 0 519 70 2]
 P 946159 17024 339600 39264600
PT [1 0 520 70 2]
 P 948630 17096 339620 39336461
PT [1 0 521 70 2]
 P 951037 17168 339640 39409856
PT [1 0 522 70 2]
 P 952871 17240 339659 39480693
PT [1 0 523 70 2]
 P 955664 17312 339677 39553064
PT [1 0 524 70 2]
 P 956858 17384 339695 39624924
PT [1 0 525 71 2]
 P 960035 17456 339713 39698319
PT [1 0 526 71 2]
 P 962637 17528 339732 39771204
PT [1 0 527 71 2]
 P 964151 17600 339751 39841528
PT [1 0 528 71 2]
 P 966113 17672 339771 39915436
PT [1 0 529 71 2]
 P 968012 17744 339791 39986784
PT [1 0 530 71 2]
 P 969338 17816 339809 40059669
PT [1 0 531 71 2]
 P 971623 17888 339827 40132040
PT [1 0 532 72 2]
 P 974357 17960 339845 40203901
PT [1 0 533 72 2]
 P 977025 18032 339864 40275248
PT [1 0 534 72 2]
 P 979118 18104 339883 40348132
PT [1 0 535 72 2]
 P 982171 18176 339903 40420504
PT [1 0 536 72 2]
 P 983625 18248 339922 40492364
PT [1 0 537 72 2]
 P 985015 18320 339941 40563712
PT [1 0 538 72 2]
 P 987880 18392 339959 40636596
PT [1 0 539 72 2]
 P 989657 18464 339977 40708968
PT [1 0 540 73 2]
 P 991881 18536 339996 40780829
PT [1 0 541 74 2]
 P 993881 18608 340015 40852176
PT [1 0 542 73 2]
 P 997097 18680 340035 40925060
PT [1 0 543 73 2]
 P 998970 18752 340054 40997432
PT [1 0 544 73 2]
 P 1001035 18824 340073 41069292
PT [1 0 545 73 2]
 P 1002780 18896 340093 41142688
PT [1 0 546 73 2]
 P 1005743 18968 340111 41213524
PT [1 0 547 74 2]
 P 1007365 19040 340129 41285896
PT [1 0 548 74 2]
 P 1009176 19112 340147 41357756
PT [1 0 549 74 2]
 P 1010668 19184 340166 41431153
PT [1 0 550 74 2]
 P 1013376 19256 340185 41501988
PT [1 0 551 74 2]
 P 1014740 19328 340204 41574360
PT [1 0 552 74 2]
 P 1016296 19400 340224 41646220
PT [1 0 553 74 2]
 P 1018782 19472 340242 41719616
PT [1 0 554 74 2]
 P 1020019 19544 340261 41790451
PT [1 0 555 75 2]
 P 1022442 19616 340279 41862823
PT [1 0 556 75 2]
 P 1024896 19688 340298 41934684
PT [1 0 557 75 2]
 P 1026743 19760 340318 42008081
PT [1 0 558 75 2]
 P 1029105 19760 340322 42078106
PT [1 0 559 75 2]
 P 1031144 19832 340342 42153144
PT [1 0 560 75 2]
 P 1032707 19904 340361 42223469
PT [1 0 561 75 2]
 P 1035197 19976 340379 42297377
PT [1 0 562 77 2]
 P 1036438 20048 340397 42368723
PT [1 0 563 76 2]
 P 1038863 20120 340415 42441608
PT [1 0 564 76 2]
 P 1041321 20192 340434 42513980
PT [1 0 565 76 2]
 P 1043171 20264 340453 42585840
PT [1 0 566 76 2]
 P 1045535 20264 340456 42655546
PT [1 0 567 76 2]
 P 1047578 20336 340475 42729368
PT [1 0 568 76 2]
 P 1049142 20408 340493 42802252
PT [1 0 569 76 2]
 P 1051635 20480 340511 42874624
PT [1 0 570 77 2]
 P 1052879 20552 340529 42946483
PT [1 0 571 77 2]
 P 1055307 20624 340549 43017832
PT [1 0 572 77 2]
 P 1057769 20696 340568 43090717
PT [1 0 573 78 2]
 P 1059622 20768 340588 43163088
PT [1 0 574 77 2]
 P 1061988 20768 340591 43232986
PT [1 0 575 77 2]
 P 1064035 20840 340610 43307129
PT [1 0 576 77 2]
 P 1065603 20912 340628 43378476
PT [1 0 577 78 2]
 P 1068098 20984 340646 43451359
PT [1 0 578 78 2]
 P 1069345 21056 340665 43523732
PT [1 0 579 78 2]
 P 1071777 21128 340684 43595592
PT [1 0 580 78 2]
 P 1074241 21200 340704 43668988
PT [1 0 581 78 2]
 P 1076098 21272 340723 43739824
PT [1 0 582 78 2]
 P 1078466 21272 340726 43810426
PT [1 0 583 78 2]
 P 1080518 21344 340744 43884376
PT [1 0 584 79 2]
 P 1082088 21416 340762 43956237
PT [1 0 585 79 2]
 P 1084586 21488 340781 44029632
PT [1 0 586 79 2]
 P 1085838 21560 340800 44100469
PT [1 0 587 79 2]
 P 1088273 21632 340820 44172840
PT [1 0 588 79 2]
 P 1090741 21704 340839 44244700
PT [1 0 589 79 2]
 P 1092602 21776 340858 44318096
PT [1 0 590 79 2]
 P 1094972 21776 340861 44387866
PT [1 0 591 79 2]
 P 1097026 21848 340879 44461112
PT [1 0 592 80 2]
 P 1098599 21920 340898 44533483
PT [1 0 593 80 2]
 P 1101101 21992 340916 44605344
PT [1 0 594 80 2]
 P 1102355 22064 340935 44678740
PT [1 0 595 80 2]
 P 1104795 22136 340954 44751624
PT [1 0 596 80 2]
 P 1107266 22208 340973 44821948
PT [1 0 597 80 2]
 P 1109129 22280 340993 44895856
PT [1 0 598 80 2]
 P 1111500 22280 340996 44965306
PT [1 0 599 80 2]
 P 1113557 22352 341015 45039385
PT [1 0 600 81 2]
 P 1115134 22424 341033 45112268
PT [1 0 601 81 2]
 P 1117640 22496 341054 45184641
PT [1 0 602 81 2]
 P 1118898 22568 341073 45256500
PT [1 0 603 81 2]
 P 1121340 22640 341092 45327848
PT [1 0 604 81 2]
 P 1123814 22712 341112 45400732
PT [1 0 605 81 2]
 P 1125682 22784 341130 45473104
PT [1 0 606 81 2]
 P 1128055 22784 341133 45542746
PT [1 0 607 81 2]
 P 1130115 22856 341151 45617143
PT [1 0 608 82 2]
 P 1131696 22928 341170 45688492
PT [1 0 609 82 2]
 P 1134204 23000 341190 45761376
PT [1 0 610 82 2]
 P 1135465 23072 341210 45833749
PT [1 0 611 82 2]
 P 1137910 23144 341230 45905608
PT [1 0 612 82 2]
 P 1140389 23216 341249 45976957
PT [1 0 613 82 2]
 P 1142260 23288 341267 46049840
PT [1 0 614 83 2]
 P 1144635 23288 341270 46120186
PT [1 0 615 83 2]
 P 1146698 23360 341288 46194391
PT [1 0 616 83 2]
 P 1148281 23432 341308 46266252
PT [1 0 617 83 2]
 P 1150794 23504 341327 46339648
PT [1 0 618 83 2]
 P 1152058 23576 341347 46410484
PT [1 0 619 83 2]
 P 1154507 23648 341366 46482856
PT [1 0 620 83 2]
 P 1156989 23720 341386 46554716
PT [1 0 621 83 2]
 P 1158863 23792 341406 46628113
PT [1 0 622 84 2]
 P 1161241 23792 341409 46697626
PT [1 0 623 84 2]
 P 1163307 23864 341429 46771128
PT [1 0 624 84 2]
 P 1164894 23936 341448 46843500
PT [1 0 625 84 2]
 P 1167410 24008 341467 46915361
PT [1 0 626 85 2]
 P 1168678 24080 341486 46988756
PT [1 0 627 84 2]
 P 1171131 24152 341505 47059593
PT [1 0 628 84 2]
 P 1173616 24224 341524 47131964
PT [1 0 629 85 2]
 P 1175494 24296 341542 47203824
PT [1 0 630 85 2]
 P 1177872 24296 341545 47275066
PT [1 0 631 85 2]
 P 1179942 24368 341564 47349400
PT [1 0 632 85 2]
 P 1181532 24440 341583 47422284
PT [1 0 633 85 2]
 P 1184051 24512 341602 47492608
PT [1 0 634 85 2]
 P 1185322 24584 341621 47566516
PT [1 0 635 85 2]
 P 1187779 24656 341640 47637864
PT [1 0 636 85 2]
 P 1190269 24728 341659 47710750
PT [1 0 637 87 2]
 P 1192149 24800 341678 47783119
PT [1 0 638 86 2]
 P 1194529 24800 341681 47852506
PT [1 0 639 86 2]
 P 1196603 24872 341700 47927161
PT [1 0 640 86 2]
 P 1198197 24944 341719 47998508
PT [1 0 641 86 2]
 P 1200719 25016 341738 48071392
PT [1 0 642 86 2]
 P 1201994 25088 341757 48143764
PT [1 0 643 86 2]
 P 1204454 25160 341775 48215624
PT [1 0 644 87 2]
 P 1206946 25232 341794 48286972
PT [1 0 645 87 2]
 P 1208830 25304 341812 48359856
PT [1 0 646 87 2]
 P 1211212 25304 341815 48429946
PT [1 0 647 87 2]
 P 1213289 25376 341834 48504408
PT [1 0 648 87 2]
 P 1214886 25448 341854 48576269
PT [1 0 649 87 2]
 P 1217411 25520 341874 48647616
PT [1 0 650 87 2]
 P 1218690 25592 341892 48720500
PT [1 0 651 87 2]
 P 1220837 25592 341903 48792307
PT [1 0 652 87 2]
 P 1223332 25664 341921 48865755
PT [1 0 653 88 2]
 P 1225219 25736 341939 48937104
PT [1 0 654 88 2]
 P 1227603 25736 341942 49007386
PT [1 0 655 88 2]
 P 1229683 25808 341961 49082168
PT [1 0 656 88 2]
 P 1231283 25880 341981 49154540
PT [1 0 657 88 2]
 P 1233813 25952 341999 49226400
PT [1 0 658 88 2]
 P 1235095 26024 342017 49297748
PT [1 0 659 89 2]
 P 1237561 26096 342035 49370631
PT [1 0 660 89 2]
 P 1240059 26168 342053 49443004
PT [1 0 661 89 2]
 P 1241949 26240 342073 49514864
PT [1 0 662 89 2]
 P 1244334 26240 342076 49584826
PT [1 0 663 89 2]
 P 1246419 26312 342095 49658393
PT [1 0 664 89 2]
 P 1248023 26384 342114 49731276
PT [1 0 665 89 2]
 P 1250558 26456 342132 49803649
PT [1 0 666 89 2]
 P 1251843 26528 342150 49875507
PT [1 0 667 90 2]
 P 1254312 26600 342168 49946855
PT [1 0 668 90 2]
 P 1256813 26672 342188 50019740
PT [1 0 669 90 2]
 P 1258707 26744 342207 50092112
PT [1 0 670 90 2]
 P 1261094 26744 342210 50162266
PT [1 0 671 90 2]
 P 1263181 26816 342229 50236152
PT [1 0 672 90 2]
 P 1264789 26888 342247 50309548
PT [1 0 673 90 2]
 P 1267326 26960 342265 50380384
PT [1 0 674 91 2]
 P 1268616 27032 342284 50452758
PT [1 0 675 91 2]
 P 1271088 27104 342303 50524616
PT [1 0 676 91 2]
 P 1273594 27176 342322 50598013
PT [1 0 677 91 2]
 P 1275492 27248 342342 50668848
PT [1 0 678 91 2]
 P 1277881 27248 342345 50739706
PT [1 0 679 91 2]
 P 1279971 27320 342364 50813400
PT [1 0 680 91 2]
 P 1281583 27392 342383 50885261
PT [1 0 681 91 2]
 P 1284122 27464 342401 50958655
PT [1 0 682 92 2]
 P 1285413 27536 342420 51029492
PT [1 0 683 92 2]
 P 1287890 27608 342439 51101864
PT [1 0 684 92 2]
 P 1290398 27680 342458 51173724
PT [1 0 685 92 2]
 P 1292299 27752 342478 51247121
PT [1 0 686 92 2]
 P 1294690 27752 342481 51317146
PT [1 0 687 92 2]
 P 1296783 27824 342501 51392184
PT [1 0 688 92 2]
 P 1298398 27896 342519 51462508
PT [1 0 689 93 2]
 P 1300941 27968 342540 51536417
PT [1 0 690 94 2]
 P 1302237 28040 342558 51606772
PT [1 0 691 93 2]
 P 1304332 28112 342577 51680936
PT [1 0 692 93 2]
 P 1305948 28184 342596 51752540
PT [1 0 693 93 2]
 P 1308492 28256 342616 51823633
PT [1 0 694 93 2]
 P 1309788 28328 342636 51896260
PT [1 0 695 93 2]
 P 1312270 28400 342654 51968376
PT [1 0 696 93 2]
 P 1314784 28472 342672 52039980
PT [1 0 697 94 2]
 P 1316690 28544 342690 52113120
PT [1 0 698 94 2]
 P 1319083 28544 342693 52183306
PT [1 0 699 94 2]
 P 1321182 28616 342713 52257929
PT [1 0 700 94 2]
 P 1322801 28688 342732 52330044
PT [1 0 701 94 2]
 P 1325348 28760 342752 52401648
PT [1 0 702 94 2]
 P 1326649 28832 342770 52474788
PT [1 0 703 94 2]
 P 1329134 28904 342788 52545368
PT [1 0 704 95 2]
 P 1331651 28976 342806 52617485
PT [1 0 705 95 2]
 P 1333560 29048 342824 52691136
PT [1 0 706 95 2]
 P 1335955 29048 342827 52760746
PT [1 0 707 95 2]
 P 1338057 29120 342846 52834408
PT [1 0 708 95 2]
 P 1339682 29192 342864 52907037
PT [1 0 709 96 2]
 P 1342233 29264 342883 52979152
PT [1 0 710 95 2]
 P 1343538 29336 342901 53050757
PT [1 0 711 95 2]
 P 1346025 29408 342920 53123895
PT [1 0 712 96 2]
 P 1348545 29480 342938 53196524
PT [1 0 713 96 2]
 P 1350457 29552 342958 53268640
PT [1 0 714 96 2]
 P 1352854 29552 342961 53338186
PT [1 0 715 96 2]
 P 1354959 29624 342980 53412424
PT [1 0 716 96 2]
 P 1356585 29696 342999 53483516
PT [1 0 717 96 2]
 P 1359140 29768 343017 53556144
PT [1 0 718 96 2]
 P 1360447 29840 343036 53628260
PT [1 0 719 97 2]
 P 1362939 29912 343055 53701913
PT [1 0 720 97 2]
 P 1365147 29912 343066 53772439
PT [1 0 721 97 2]
 P 1367064 29984 343085 53846176
PT [1 0 722 97 2]
 P 1369463 29984 343088 53915626
PT [1 0 723 97 2]
 P 1371572 30056 343107 53989704
PT [1 0 724 97 2]
 P 1373202 30128 343125 54062588
PT [1 0 725 97 2]
 P 1375498 30128 345706 54137021
PT [1 0 726 97 2]
 P 1376810 30200 345724 54207076
PT [1 0 727 98 2]
 P 1379306 30272 345744 54278425
PT [1 0 728 98 2]
 P 1381833 30344 345763 54351308
PT [1 0 729 98 2]
 P 1383752 30416 345782 54423680
PT [1 0 730 98 2]
 P 1386154 30416 345785 54493066
PT [1 0 731 98 2]
 P 1388266 30488 345804 54567720
PT [1 0 732 98 2]
 P 1389899 30560 345823 54639068
PT [1 0 733 98 2]
 P 1392463 30632 345841 54711953
PT [1 0 734 99 2]
 P 1393776 30704 345859 54784323
PT [1 0 735 99 2]
 P 1396274 30776 345878 54856184
PT [1 0 736 99 2]
 P 1398804 30848 345897 54927532
PT [1 0 737 99 2]
 P 1400726 30920 345917 55000416
PT [1 0 738 99 2]
 P 1403128 30920 345920 55070506
PT [1 0 739 99 2]
 P 1405243 30992 345941 55144968
PT [1 0 740 99 2]
 P 1406880 31064 345959 55216828
PT [1 0 741 99 2]
 P 1409444 31136 345977 55288175
PT [1 0 742 100 2]
 P 1410761 31208 345995 55361060
PT [1 0 743 100 2]
 P 1413262 31280 346014 55433432
PT [1 0 744 100 2]
 P 1415796 31352 346034 55505293
PT [1 0 745 100 2]
 P 1417722 31424 346053 55578688
PT [1 0 746 100 2]
 P 1420126 31424 346056 55647946
PT [1 0 747 100 2]
 P 1422246 31496 346074 55721704
PT [1 0 748 100 2]
 P 1423886 31568 346092 55794076
PT [1 0 749 101 2]
 P 1426454 31640 346110 55865935
PT [1 0 750 101 2]
 P 1427774 31712 346128 55939332
PT [1 0 751 101 2]
 P 1430278 31784 346148 56010168
PT [1 0 752 101 2]
 P 1432816 31856 346167 56082540
PT [1 0 753 101 2]
 P 1434747 31928 346185 56154401
PT [1 0 754 102 2]
 P 1437153 31928 346188 56225386
PT [1 0 755 102 2]
 P 1439276 32000 346206 56299976
PT [1 0 756 102 2]
 P 1440918 32072 346225 56370811
PT [1 0 757 102 2]
 P 1443490 32144 346243 56443184
PT [1 0 758 102 2]
 P 1444814 32216 346263 56515044
PT [1 0 759 102 2]
 P 1447323 32288 346282 56588441
PT [1 0 760 102 2]
 P 1449863 32360 346301 56661324
PT [1 0 761 102 2]
 P 1451796 32432 346320 56731648
PT [1 0 762 102 2]
 P 1454203 32432 346324 56802826
PT [1 0 763 102 2]
 P 1456328 32504 346343 56877735
PT [1 0 764 103 2]
 P 1457974 32576 346362 56949083
PT [1 0 765 103 2]
 P 1460548 32648 346383 57021969
PT [1 0 766 103 2]
 P 1461766 32720 346402 57094340
PT [1 0 767 103 2]
 P 1464114 32792 346421 57164632
PT [1 0 768 103 2]
 P 1466133 32864 346441 57238797
PT [1 0 769 103 2]
 P 1467673 32936 346459 57310400
PT [1 0 770 103 2]
 P 1470141 33008 346478 57381492
PT [1 0 771 103 2]
 P 1471362 33080 346497 57454120
PT [1 0 772 104 2]
 P 1473766 33152 346515 57526236
PT [1 0 773 104 2]
 P 1476204 33224 346534 57597841
PT [1 0 774 104 2]
 P 1478033 33296 346553 57670980
PT [1 0 775 104 2]
 P 1480443 33296 346556 57741166
PT [1 0 776 104 2]
 P 1482411 33368 346575 57814252
PT [1 0 777 104 2]
 P 1484434 33440 346594 57888416
PT [1 0 778 104 2]
 P 1485978 33512 346612 57960020
PT [1 0 779 105 2]
 P 1488449 33584 346630 58031111
PT [1 0 780 105 2]
 P 1489674 33656 346649 58103740
PT [1 0 781 105 2]
 P 1492082 33728 346668 58175856
PT [1 0 782 105 2]
 P 1494522 33800 346688 58247460
PT [1 0 783 105 2]
 P 1496355 33872 346707 58320600
PT [1 0 784 105 2]
 P 1498767 33872 346710 58390786
PT [1 0 785 105 2]
 P 1500740 33944 346728 58463872
PT [1 0 786 106 2]
 P 1502766 34016 346746 58538035
PT [1 0 787 106 2]
 P 1504313 34088 346764 58609640
PT [1 0 788 106 2]
 P 1506789 34160 346783 58680733
PT [1 0 789 106 2]
 P 1508016 34232 346803 58753360
PT [1 0 790 106 2]
 P 1510428 34304 346822 58825476
PT [1 0 791 106 2]
 P 1512872 34376 346841 58897080
PT [1 0 792 106 2]
 P 1514710 34448 346859 58970220
PT [1 0 793 106 2]
 P 1517124 34448 346862 59040406
PT [1 0 794 106 2]
 P 1519153 34520 346883 59115029
PT [1 0 795 107 2]
 P 1520703 34592 346902 59187144
PT [1 0 796 107 2]
 P 1523181 34664 346922 59258748
PT [1 0 797 107 2]
 P 1524412 34736 346941 59331888
PT [1 0 798 107 2]
 P 1526827 34808 346960 59402468
PT [1 0 799 107 2]
 P 1529276 34880 346979 59474585
PT [1 0 800 107 2]
 P 1531118 34952 346997 59548236
PT [1 0 0 108 2]
 P 1533534 34952 347000 59617846
PT [1 0 1 108 2]
 P 1535567 35024 347018 59691508
PT [1 0 2 108 2]
 P 1537120 35096 347038 59764136
PT [1 0 3 108 2]
 P 1539602 35168 347057 59836252
PT [1 0 4 108 2]
 P 1540836 35240 347077 59907857
PT [1 0 5 108 2]
 P 1543202 35312 347096 59979652
PT [1 0 6 108 2]
 P 1545238 35384 347114 60053816
PT [1 0 7 108 2]
 P 1546793 35456 347133 60125419
PT [1 0 1 0 2]
 P 1549168 35528 347153 60196622
PT [1 0 2 0 2]
 P 1550295 35600 347173 60269249
PT [1 0 3 0 2]
 P 1552607 35672 347192 60341365
PT [1 0 4 0 2]
 P 1554951 35744 347211 60412969
PT [1 0 5 0 2]
 P 1556687 35816 347231 60486109
PT [1 0 6 0 2]
 P 1558997 35816 347234 60556295
PT [1 0 7 0 2]
 P 1560873 35888 347253 60629381
PT [1 0 8 1 2]
 P 1562803 35960 347271 60703544
PT [1 0 9 1 2]
 P 1564253 36032 347289 60775149
PT [1 0 10 1 2]
 P 1566633 36104 347308 60846242
PT [1 0 11 1 2]
 P 1567764 36176 347327 60918869
PT [1 0 12 1 2]
 P 1570079 36248 347347 60990986
PT [1 0 13 1 2]
 P 1572427 36320 347366 61062589
PT [1 0 14 1 2]
 P 1574168 36392 347385 61135729
PT [1 0 15 2 2]
 P 1576480 36392 347388 61205915
PT [1 0 16 2 2]
 P 1578360 36464 347407 61279002
PT [1 0 17 3 2]
 P 1580294 36536 347426 61353165
PT [1 0 18 2 2]
 P 1581748 36608 347445 61424769
PT [1 0 19 2 2]
 P 1584131 36680 347465 61495861
PT [1 0 20 2 2]
 P 1585266 36752 347484 61568489
PT [1 0 21 2 2]
 P 1587587 36824 347504 61640606
PT [1 0 22 2 2]
 P 1589940 36896 347522 61712209
PT [1 0 23 3 2]
 P 1591684 36968 347540 61785348
PT [1 0 24 3 2]
 P 1593998 36968 347543 61855535
PT [1 0 25 3 2]
 P 1595936 37040 347562 61930157
PT [1 0 26 3 2]
 P 1597393 37112 347582 62002273
PT [1 0 27 3 2]
 P 1599781 37184 347600 62073878
PT [1 0 28 3 2]
 P 1600920 37256 347620 62147017
PT [1 0 29 3 2]
 P 1603245 37328 347638 62217597
PT [1 0 30 3 2]
 P 1605601 37400 347656 62289713
PT [1 0 31 4 2]
 P 1607348 37472 347675 62363364
PT [1 0 32 4 2]
 P 1609664 37472 347679 62432975
PT [1 0 33 4 2]
 P 1611604 37544 347699 62506637
PT [1 0 34 4 2]
 P 1613066 37616 347718 62579265
PT [1 0 35 4 2]
 P 1615455 37688 347737 62651381
PT [1 0 36 4 2]
 P 1616598 37760 347755 62722985
PT [1 0 37 4 2]
 P 1618924 37832 347773 62796124
PT [1 0 38 5 2]
 P 1621282 37904 347794 62868754
PT [1 0 39 5 2]
 P 1623033 37976 347812 62940869
PT [1 0 40 5 2]
 P 1625350 37976 347815 63010415
PT [1 0 41 5 2]
 P 1627294 38048 347834 63084653
PT [1 0 42 5 2]
 P 1628760 38120 347852 63155746
PT [1 0 43 6 2]
 P 1631152 38192 347872 63228373
PT [1 0 44 5 2]
 P 1632298 38264 347890 63300489
PT [1 0 45 5 2]
 P 1634627 38336 347909 63374140
PT [1 0 46 6 2]
 P 1636989 38408 347928 63445232
PT [1 0 47 6 2]
 P 1638744 38480 347947 63517862
PT [1 0 48 6 2]
 P 1641063 38480 347950 63587855
PT [1 0 49 6 2]
 P 1643010 38552 347969 63662157
PT [1 0 50 6 2]
 P 1644478 38624 347988 63733761
PT [1 0 51 6 2]
 P 1646875 38696 348006 63806901
PT [1 0 52 6 2]
 P 1648024 38768 348025 63877481
PT [1 0 53 7 2]
 P 1650358 38840 348044 63951646
PT [1 0 54 8 2]
 P 1652723 38912 348062 64023248
PT [1 0 55 7 2]
 P 1654481 38984 348081 64094341
PT [1 0 56 7 2]
 P 1656802 38984 348084 64165295
PT [1 0 57 7 2]
 P 1658752 39056 348104 64239149
PT [1 0 58 7 2]
 P 1660223 39128 348123 64311265
PT [1 0 59 7 2]
 P 1662624 39200 348141 64382870
PT [1 0 60 7 2]
 P 1663776 39272 348159 64456008
PT [1 0 61 8 2]
 P 1666058 39344 348177 64527100
PT [1 0 62 8 2]
 P 1668010 39416 348197 64601265
PT [1 0 63 8 2]
 P 1669484 39488 348216 64672869
PT [1 0 64 8 2]
 P 1671886 39560 348236 64743962
PT [1 0 65 9 2]
 P 1673040 39632 348255 64816589
PT [1 0 66 8 2]
 P 1675379 39704 348273 64888705
PT [1 0 67 8 2]
 P 1677698 39776 348291 64960181
PT [1 0 68 9 2]
 P 1679653 39848 348309 65034344
PT [1 0 69 9 2]
 P 1681129 39920 348329 65105950
PT [1 0 70 10 2]
 P 1683534 39992 348348 65177041
PT [1 0 71 9 2]
 P 1684690 40064 348368 65249669
PT [1 0 72 9 2]
 P 1687031 40136 348387 65321785
PT [1 0 73 9 2]
 P 1689404 40208 348406 65393389
PT [1 0 74 9 2]
 P 1691172 40280 348424 65466530
PT [1 0 75 9 2]
 P 1693498 40280 348427 65536715
PT [1 0 76 9 2]
 P 1695458 40352 348445 65611336
PT [1 0 77 10 2]
 P 1696938 40424 348464 65683453
PT [1 0 78 10 2]
 P 1699345 40496 348483 65755057
PT [1 0 79 10 2]
 P 1700505 40568 348502 65828197
PT [1 0 80 10 2]
 P 1702851 40640 348520 65898778
PT [1 0 81 11 2]
 P 1705228 40712 348539 65970893
PT [1 0 82 10 2]
 P 1706998 40784 348558 66044545
PT [1 0 83 11 2]
 P 1709325 40784 348561 66114155
PT [1 0 84 11 2]
 P 1711287 40856 348579 66187817
PT [1 0 85 11 2]
 P 1712769 40928 348598 66260445
PT [1 0 86 11 2]
 P 1715126 41000 348617 66331601
PT [1 0 87 11 2]
 P 1717089 41072 348636 66405765
PT [1 0 88 11 2]
 P 1718572 41144 348656 66477369
PT [1 0 89 11 2]
 P 1720985 41216 348674 66548461
PT [1 0 90 12 2]
 P 1722150 41288 348693 66621089
PT [1 0 91 12 2]
 P 1724499 41360 348711 66693205
PT [1 0 92 12 2]
 P 1726881 41432 348730 66764810
PT [1 0 93 12 2]
 P 1728655 41504 348749 66837949
PT [1 0 94 12 2]
 P 1730984 41504 348752 66908135
PT [1 0 95 12 2]
 P 1732950 41576 348772 66982757
PT [1 0 96 12 2]
 P 1734439 41648 348790 67054874
PT [1 0 97 14 2]
 P 1736856 41720 348808 67126477
PT [1 0 98 13 2]
 P 1738024 41792 348826 67199616
PT [1 0 99 13 2]
 P 1740376 41864 348845 67270197
PT [1 0 100 13 2]
 P 1742760 41936 348865 67342313
PT [1 0 101 13 2]
 P 1744538 42008 348884 67415966
PT [1 0 102 13 2]
 P 1746869 42008 348887 67485575
PT [1 0 103 13 2]
 P 1748840 42080 348905 67559237
PT [1 0 104 13 2]
 P 1750331 42152 348923 67631865
PT [1 0 105 14 2]
 P 1752751 42224 348941 67703981
PT [1 0 106 14 2]
 P 1753922 42296 348959 67775585
PT [1 0 107 14 2]
 P 1756278 42368 348979 67848726
PT [1 0 108 14 2]
 P 1758666 42440 348998 67921353
PT [1 0 109 14 2]
 P 1760446 42512 349018 67993469
PT [1 0 110 14 2]
 P 1762779 42512 349021 68063015
PT [1 0 111 14 2]
 P 1764753 42584 349039 68137253
PT [1 0 112 14 2]
 P 1765932 42584 349049 68207780
PT [1 0 113 14 2]
 P 1768355 42656 349067 68282285
PT [1 0 114 15 2]
 P 1769529 42728 349087 68353633
PT [1 0 115 15 2]
 P 1771889 42800 349106 68426518
PT [1 0 116 15 2]
 P 1774280 42872 349125 68498889
PT [1 0 117 15 2]
 P 1776064 42944 349144 68570749
PT [1 0 118 15 2]
 P 1778400 42944 349147 68640455
PT [1 0 119 15 2]
 P 1780377 43016 349166 68714277
PT [1 0 120 16 2]
 P 1781874 43088 349184 68787160
PT [1 0 121 16 2]
 P 1784299 43160 349203 68859533
PT [1 0 122 16 2]
 P 1785477 43232 349222 68931393
PT [1 0 123 16 2]
 P 1787786 43304 349241 69002262
PT [1 0 124 16 2]
 P 1789764 43376 349261 69076425
PT [1 0 125 16 2]
 P 1791263 43448 349280 69148029
PT [1 0 126 16 2]
 P 1793691 43520 349299 69219121
PT [1 0 127 16 2]
 P 1794871 43592 349317 69291748
PT [1 0 128 17 2]
 P 1797235 43664 349336 69363864
PT [1 0 129 17 2]
 P 1799632 43736 349355 69435469
PT [1 0 130 17 2]
 P 1801421 43808 349374 69508609
PT [1 0 131 17 2]
 P 1803758 43808 349377 69578795
PT [1 0 132 17 2]
 P 1805741 43880 349396 69653418
PT [1 0 133 17 2]
 P 1807243 43952 349416 69725533
PT [1 0 134 17 2]
 P 1809675 44024 349435 69797138
PT [1 0 135 18 2]
 P 1810858 44096 349453 69870276
PT [1 0 136 18 2]
 P 1813226 44168 349471 69940857
PT [1 0 137 18 2]
 P 1815626 44240 349490 70012973
PT [1 0 138 18 2]
 P 1817419 44312 349509 70086625
PT [1 0 139 18 2]
 P 1819758 44312 349512 70156235
PT [1 0 140 18 2]
 P 1821743 44384 349532 70229897
PT [1 0 141 18 2]
 P 1823250 44456 349550 70302525
PT [1 0 142 18 2]
 P 1825685 44528 349568 70374641
PT [1 0 143 19 2]
 P 1826873 44600 349586 70446246
PT [1 0 144 19 2]
 P 1829244 44672 349604 70519385
PT [1 0 145 19 2]
 P 1831647 44744 349625 70592014
PT [1 0 146 19 2]
 P 1833443 44816 349644 70664129
PT [1 0 147 19 2]
 P 1835784 44816 349647 70733675
PT [1 0 148 19 2]
 P 1837773 44888 349666 70807913
PT [1 0 149 19 2]
 P 1839284 44960 349684 70879006
PT [1 0 150 21 2]
 P 1841721 45032 349703 70951632
PT [1 0 151 20 2]
 P 1842911 45104 349721 71023749
PT [1 0 152 20 2]
 P 1845285 45176 349741 71097401
PT [1 0 153 20 2]
 P 1847692 45248 349760 71168493
PT [1 0 154 20 2]
 P 1849491 45320 349779 71241121
PT [1 0 155 20 2]
 P 1851834 45320 349782 71311115
PT [1 0 156 20 2]
 P 1853827 45392 349800 71385417
PT [1 0 157 20 2]
 P 1855340 45464 349819 71457021
PT [1 0 158 21 2]
 P 1857783 45536 349837 71530161
PT [1 0 159 21 2]
 P 1858976 45608 349856 71600741
PT [1 0 160 21 2]
 P 1861355 45680 349875 71674906
PT [1 0 161 22 2]
 P 1863765 45752 349894 71746509
PT [1 0 162 21 2]
 P 1865567 45824 349914 71817601
PT [1 0 163 21 2]
 P 1867911 45824 349917 71888555
PT [1 0 164 21 2]
 P 1869909 45896 349935 71962409
PT [1 0 165 22 2]
 P 1871425 45968 349953 72034524
PT [1 0 166 22 2]
 P 1873869 46040 349971 72106129
PT [1 0 167 22 2]
 P 1875066 46112 349990 72179269
PT [1 0 168 22 2]
 P 1877393 46184 350009 72250361
PT [1 0 169 22 2]
 P 1879391 46256 350029 72324526
PT [1 0 170 22 2]
 P 1880909 46328 350048 72396129
PT [1 0 171 22 2]
 P 1883357 46400 350067 72467222
PT [1 0 172 22 2]
 P 1884557 46472 350085 72539849
PT [1 0 173 23 2]
 P 1886940 46544 350103 72611964
PT [1 0 174 23 2]
 P 1889356 46616 350122 72683569
PT [1 0 175 23 2]
 P 1891164 46688 350141 72756709
PT [1 0 176 23 2]
 P 1893511 46688 350144 72826895
PT [1 0 177 23 2]
 P 1895512 46760 350163 72901517
PT [1 0 178 23 2]
 P 1897033 46832 350183 72973633
PT [1 0 179 23 2]
 P 1899484 46904 350201 73045237
PT [1 0 180 24 2]
 P 1900687 46976 350219 73118377
PT [1 0 181 24 2]
 P 1903074 47048 350237 73188957
PT [1 0 182 24 2]
 P 1905493 47120 350257 73261074
PT [1 0 183 24 2]
 P 1907304 47192 350277 73334725
PT [1 0 184 24 2]
 P 1909653 47192 350281 73404335
PT [1 0 185 24 2]
 P 1911657 47264 350300 73477997
PT [1 0 186 24 2]
 P 1913184 47336 350318 73550626
PT [1 0 187 26 2]
 P 1915638 47408 350336 73622741
PT [1 0 188 25 2]
 P 1916843 47480 350355 73694344
PT [1 0 189 25 2]
 P 1919233 47552 350374 73767485
PT [1 0 190 25 2]
 P 1921656 47624 350394 73840113
PT [1 0 191 25 2]
 P 1923472 47696 350413 73912229
PT [1 0 192 25 2]
 P 1925823 47696 350416 73981775
PT [1 0 193 25 2]
 P 1927832 47768 350434 74056013
PT [1 0 194 25 2]
 P 1929361 47840 350452 74127105
PT [1 0 195 25 2]
 P 1931818 47912 350471 74199733
PT [1 0 196 26 2]
 P 1933027 47984 350489 74271849
PT [1 0 197 26 2]
 P 1935422 48056 350509 74345502
PT [1 0 198 27 2]
 P 1937848 48128 350528 74416593
PT [1 0 199 26 2]
 P 1939666 48200 350547 74489221
PT [1 0 200 26 2]
 P 1942018 48200 350551 74559215
PT [1 0 201 26 2]
 P 1944030 48272 350569 74633517
PT [1 0 202 26 2]
 P 1945562 48344 350588 74705121
PT [1 0 203 27 2]
 P 1948023 48416 350606 74778260
PT [1 0 204 27 2]
 P 1949235 48488 350624 74848841
PT [1 0 205 27 2]
 P 1951632 48560 350643 74923005
PT [1 0 206 27 2]
 P 1954062 48632 350662 74994610
PT [1 0 207 27 2]
 P 1955883 48704 350682 75065701
PT [1 0 208 27 2]
 P 1958237 48704 350685 75136655
PT [1 0 209 27 2]
 P 1960252 48776 350706 75210510
PT [1 0 210 28 2]
 P 1961787 48848 350724 75282624
PT [1 0 211 28 2]
 P 1964250 48920 350742 75354229
PT [1 0 212 28 2]
 P 1965466 48992 350761 75427369
PT [1 0 213 28 2]
 P 1967866 49064 350780 75499997
PT [1 0 214 28 2]
 P 1970298 49136 350800 75572113
PT [1 0 215 28 2]
 P 1972123 49208 350819 75643717
PT [1 0 216 28 2]
 P 1974479 49208 350822 75714095
PT [1 0 217 28 2]
 P 1976498 49280 350840 75789037
PT [1 0 218 29 2]
 P 1978036 49352 350858 75859616
PT [1 0 219 29 2]
 P 1980503 49424 350876 75931733
PT [1 0 220 29 2]
 P 1981722 49496 350895 76005386
PT [1 0 221 29 2]
 P 1984126 49568 350915 76076478
PT [1 0 222 29 2]
 P 1986563 49640 350934 76149105
PT [1 0 223 29 2]
 P 1988391 49712 350953 76221221
PT [1 0 224 29 2]
 P 1990749 49712 350956 76291535
PT [1 0 225 29 2]
 P 1992455 49712 350966 76364440
PT [1 0 226 29 2]
 P 1993996 49784 350985 76438624
PT [1 0 227 30 2]
 P 1996467 49856 351004 76509974
PT [1 0 228 30 2]
 P 1997691 49928 351023 76582857
PT [1 0 229 30 2]
 P 2000098 50000 351042 76655229
PT [1 0 230 30 2]
 P 2002537 50072 351061 76727089
PT [1 0 231 30 2]
 P 2004370 50144 351079 76798437
PT [1 0 232 30 2]
 P 2006729 50144 351083 76868975
PT [1 0 233 30 2]
 P 2008753 50216 351102 76943500
PT [1 0 234 31 2]
 P 2010298 50288 351121 77015873
PT [1 0 235 31 2]
 P 2012771 50360 351141 77087733
PT [1 0 236 31 2]
 P 2013997 50432 351160 77159081
PT [1 0 237 31 2]
 P 2016407 50504 351179 77231965
PT [1 0 238 31 2]
 P 2018850 50576 351199 77304338
PT [1 0 239 31 2]
 P 2020686 50648 351217 77376197
PT [1 0 240 31 2]
 P 2023047 50648 351220 77446415
PT [1 0 241 31 2]
 P 2025075 50720 351238 77519724
PT [1 0 242 32 2]
 P 2026624 50792 351258 77592610
PT [1 0 243 33 2]
 P 2029101 50864 351277 77664981
PT [1 0 244 32 2]
 P 2030330 50936 351296 77736841
PT [1 0 245 32 2]
 P 2032743 51008 351316 77810237
PT [1 0 246 32 2]
 P 2035190 51080 351334 77881073
PT [1 0 247 32 2]
 P 2037029 51152 351353 77953445
PT [1 0 248 33 2]
 P 2039393 51152 351356 78023855
PT [1 0 249 33 2]
 P 2041424 51224 351374 78097485
PT [1 0 250 33 2]
 P 2042976 51296 351393 78170881
PT [1 0 251 33 2]
 P 2045457 51368 351412 78241718
PT [1 0 252 33 2]
 P 2046689 51440 351432 78314089
PT [1 0 253 33 2]
 P 2049108 51512 351450 78385950
PT [1 0 254 35 2]
 P 2051558 51584 351469 78459345
PT [1 0 255 33 2]
 P 2053400 51656 351487 78530180
PT [1 0 256 34 2]
