48255 R 2.0 1 1 1908 1
48349 R 2.0 2 1 1875 2
48442 R 2.0 3 1 1839 3
48533 R 2.0 4 1 1802 4
48629 R 2.0 5 1 1771 5
49664 R 2.0 6 1 2677 6
49757 R 2.0 7 1 2642 7
49848 R 2.0 8 1 2605 8
49944 R 2.0 9 1 2573 9
50039 R 2.0 10 1 2540 10
50132 R 2.0 11 1 1865 11
50230 R 2.0 12 1 1836 12
50319 R 4.0 2 2 3816 13
50414 R 4.0 3 2 3782 14
50507 R 2.0 13 1 1856 15
50605 R 2.0 14 1 931 16
50694 R 2.0 15 1 891 17
50789 R 4.0 4 2 4029 18
50882 R 4.0 5 2 3995 19
50905 R 2.0 16 1 846 20
52014 R 2.0 17 1 1827 21
52103 R 4.0 6 2 5087 22
52198 R 4.0 7 2 5055 23
52290 R 2.0 18 1 1848 24
52389 R 2.0 19 1 1818 25
52956 R 4.0 8 2 5684 26
53042 R 2.0 20 1 2344 27
53143 R 2.0 21 1 2316 28
53331 R 2.0 22 1 4655 29
53425 R 2.0 23 1 2343 30
53518 R 4.0 9 2 6118 31
53609 R 2.0 24 1 1502 32
53706 R 2.0 25 1 1471 33
53800 R 2.0 26 1 1438 34
53893 R 2.0 27 1 1402 35
53984 R 2.0 28 1 981 36
54078 R 4.0 10 2 6551 37
54101 R 4.0 11 2 5678 38
54124 R 2.0 29 1 737 39
54148 R 4.0 12 2 5596 40
54176 R 4.0 13 2 5496 41
54201 R 2.0 30 1 558 42
54361 R 2.0 31 1 590 43
54457 R 4.0 14 2 4497 44
54551 R 2.0 32 1 652 45
54642 R 2.0 33 1 616 46
54740 R 2.0 34 1 585 47
54828 R 2.0 35 1 545 48
54930 R 4.0 15 2 4842 49
55021 R 2.0 36 1 611 50
55111 R 4.0 16 2 4768 51
55207 R 4.0 17 2 4735 52
55300 R 2.0 37 1 762 53
55392 R 4.0 18 2 4664 54
55490 R 2.0 38 1 823 55
55586 R 4.0 19 2 3450 56
55609 R 2.0 39 1 814 57
56243 R 4.0 20 2 3084 58
56335 R 110.219 2 3 4151 59
56433 R 2.0 40 1 1382 60
56521 R 2.0 41 1 1342 61
56614 R 4.0 21 2 3071 62
56714 R 2.0 42 1 1407 63
56804 R 2.0 43 1 1369 64
56899 R 2.0 44 1 1337 65
56993 R 2.0 45 1 1302 66
57085 R 2.0 46 1 1266 67
57653 R 4.0 22 2 3981 68
57744 R 4.0 23 2 3816 69
57767 R 2.0 47 1 1308 70
57789 R 2.0 48 1 1203 71
57814 R 4.0 24 2 3374 72
57841 R 2.0 49 1 1125 73
57866 R 2.0 50 1 1023 74
57883 R 2.0 51 1 911 75
57909 R 4.0 26 2 3213 76
57931 R 2.0 52 1 831 77
57958 R 2.0 53 1 218 78
58122 R 2.0 54 1 254 79
58214 R 2.0 55 1 218 80
58311 R 110.219 4 3 5706 81
58399 R 2.0 56 1 275 82
58501 R 4.0 27 2 3678 83
58593 R 2.0 57 1 341 84
58682 R 4.0 28 2 3731 85
58778 R 2.0 58 1 398 86
58872 R 110.219 5 3 6105 87
58964 R 4.0 29 2 3629 88
59533 R 2.0 59 1 1025 89
59555 R 4.0 30 2 3196 90
59580 R 2.0 60 1 945 91
59604 R 110.219 7 3 6425 92
59626 R 4.0 31 2 2882 93
59650 R 2.0 61 1 886 94
59670 R 4.0 32 2 2670 95
59695 R 2.0 62 1 803 96
59720 R 4.0 33 2 2592 97
59746 R 2.0 63 1 726 98
59767 R 2.0 64 1 108 99
60001 R 2.0 65 1 213 100
60092 R 2.0 66 1 176 101
60283 R 4.0 34 2 2342 102
60376 R 2.0 67 1 332 103
60475 R 110.219 9 3 6842 104
60563 R 110.219 10 3 6792 105
60658 R 2.0 68 1 486 106
60751 R 4.0 35 2 2343 107
60850 R 2.0 69 1 550 108
60938 R 4.0 36 2 2403 109
61033 R 2.0 70 1 605 110
61126 R 110.219 11 3 7195 111
61221 R 4.0 37 2 2557 112
61244 R 2.0 71 1 688 113
61408 R 4.0 38 2 2617 114
61508 R 2.0 72 1 824 115
61598 R 4.0 39 2 2678 116
61694 R 2.0 73 1 882 117
61787 R 4.0 40 2 2740 118
61879 R 2.0 74 1 939 119
61977 R 2.0 75 1 909 120
62065 R 2.0 76 1 869 121
62166 R 2.0 77 1 842 122
62190 R 110.219 13 3 7208 123
62822 R 2.0 78 1 1370 124
62912 R 110.219 14 3 7406 125
63007 R 4.0 41 2 2809 126
63101 R 2.0 79 1 1393 127
63193 R 2.0 80 1 1357 128
63291 R 4.0 42 2 2963 129
63386 R 110.219 15 3 7594 130
63480 R 2.0 81 1 1388 131
63572 R 2.0 82 1 1352 132
63670 R 2.0 83 1 1322 133
64227 R 2.0 84 1 1367 134
64321 R 4.0 43 2 3866 135
64421 R 4.0 44 2 3837 136
64510 R 2.0 85 1 1395 137
64607 R 2.0 86 1 1363 138
64699 R 4.0 45 2 3988 139
64798 R 110.219 17 3 7811 140
64887 R 2.0 87 1 1387 141
64982 R 2.0 88 1 1354 142
65074 R 2.0 89 1 1318 143
65173 R 2.0 90 1 905 144
65262 R 2.0 91 1 866 145
65356 R 4.0 46 2 4389 146
65449 R 2.0 92 1 925 147
65548 R 2.0 93 1 896 148
66107 R 110.219 18 3 8535 149
66201 R 4.0 47 2 4594 150
66294 R 2.0 94 1 1386 151
66393 R 2.0 95 1 1357 152
66490 R 4.0 48 2 4755 153
66576 R 4.0 49 2 4584 154
66677 R 2.0 96 1 1385 155
66768 R 2.0 97 1 1348 156
66864 R 110.219 20 3 7940 157
66959 R 2.0 98 1 1283 158
67522 R 4.0 50 2 4506 159
67613 R 4.0 51 2 4469 160
67709 R 2.0 99 1 1394 161
67804 R 2.0 100 1 1360 162
67897 R 4.0 52 2 4497 163
67988 R 110.219 22 3 7626 164
68084 R 2.0 101 1 1384 165
68179 R 2.0 102 1 1351 166
68272 R 4.0 53 2 3721 167
68362 R 2.0 103 1 1279 168
68459 R 4.0 54 2 3651 169
68554 R 2.0 104 1 830 170
68647 R 4.0 55 2 6463 171
68745 R 2.0 105 1 894 172
68834 R 4.0 56 2 3642 173
68929 R 110.219 24 3 8112 174
69022 R 2.0 106 1 914 175
69120 R 2.0 107 1 885 176
69209 R 4.0 57 2 3633 177
69304 R 2.0 108 1 940 178
69397 R 2.0 109 1 905 179
69495 R 2.0 110 1 875 180
69584 R 4.0 58 2 3369 181
69681 R 2.0 111 1 933 182
69702 R 2.0 112 1 826 183
69865 R 4.0 59 2 3522 184
69964 R 4.0 60 2 3364 185
70061 R 2.0 113 1 929 186
70148 R 2.0 114 1 888 187
70248 R 110.219 26 3 8763 188
70339 R 4.0 61 2 3355 189
70436 R 2.0 115 1 920 190
70531 R 2.0 116 1 887 191
70623 R 2.0 117 1 852 192
70714 R 4.0 62 2 3090 193
71281 R 2.0 118 1 1381 194
71375 R 2.0 119 1 1348 195
71468 R 4.0 63 2 3588 196
71559 R 2.0 120 1 1403 197
71656 R 2.0 121 1 1372 198
71747 R 4.0 64 2 3740 199
71771 R 4.0 65 2 3635 200
71793 R 2.0 122 1 1253 201
71817 R 2.0 123 1 1149 202
71845 R 2.0 124 1 1049 203
71870 R 2.0 125 1 562 204
71887 R 2.0 126 1 451 205
71913 R 4.0 66 2 3521 206
71934 R 2.0 127 1 371 207
71961 R 2.0 128 1 270 208
71980 R 2.0 129 1 160 209
72008 R 2.0 130 1 60 210
72217 R 2.0 131 1 142 211
72315 R 4.0 67 2 3539 212
72403 R 2.0 132 1 200 213
72426 R 4.0 68 2 3395 214
72457 R 2.0 133 1 125 215
72689 R 2.0 134 1 229 216
72785 R 2.0 135 1 198 217
72880 R 4.0 69 2 3720 218
72973 R 2.0 136 1 257 219
73064 R 4.0 70 2 3648 220
73160 R 2.0 137 1 317 221
73255 R 4.0 71 2 3711 222
73348 R 110.219 28 3 10868 223
73439 R 2.0 138 1 467 224
73535 R 4.0 72 2 3352 225
74100 R 2.0 139 1 1000 226
74193 R 4.0 73 2 3753 227
74283 R 4.0 74 2 3717 228
74307 R 2.0 140 1 1079 229
74336 R 4.0 75 2 2744 230
74357 R 2.0 141 1 1001 231
74379 R 4.0 76 2 2148 232
74404 R 2.0 142 1 921 233
74568 R 4.0 77 2 2208 234
74666 R 2.0 143 1 1055 235
74755 R 2.0 144 1 631 236
74850 R 2.0 145 1 598 237
74943 R 2.0 146 1 563 238
75041 R 2.0 147 1 534 239
75225 R 110.219 31 3 11606 240
75318 R 2.0 148 1 682 241
75416 R 110.219 32 3 10821 242
75975 R 4.0 78 2 3104 243
76070 R 2.0 149 1 1306 244
76162 R 4.0 79 2 3163 245
76261 R 2.0 150 1 1369 246
76358 R 110.219 33 3 10579 247
76445 R 110.219 34 3 10143 248
76545 R 4.0 80 2 3290 249
76636 R 2.0 151 1 1360 250
76733 R 4.0 81 2 3349 251
76828 R 2.0 152 1 1296 252
76920 R 2.0 153 1 877 253
77011 R 110.219 35 3 9910 254
77103 R 2.0 154 1 931 255
77131 R 2.0 155 1 831 256
77153 R 2.0 156 1 726 257
77179 R 110.219 36 3 9568 258
77202 R 2.0 157 1 646 259
77225 R 2.0 158 1 541 260
77386 R 4.0 83 2 2722 261
77483 R 4.0 84 2 2691 262
77577 R 2.0 159 1 638 263
77670 R 2.0 160 1 602 264
77761 R 2.0 161 1 565 265
77858 R 2.0 162 1 534 266
77952 R 110.219 37 3 8776 267
78045 R 2.0 163 1 593 268
78144 R 110.219 38 3 7548 269
78233 R 4.0 85 2 3185 270
78797 R 2.0 164 1 1217 271
78890 R 4.0 86 2 3714 272
78989 R 2.0 165 1 1281 273
79077 R 4.0 87 2 3646 274
79172 R 4.0 88 2 2972 275
79265 R 4.0 89 2 2809 276
79364 R 2.0 166 1 1400 277
79452 R 2.0 167 1 1361 278
79547 R 4.0 90 2 2963 279
79640 R 2.0 168 1 1292 280
79739 R 2.0 169 1 879 281
79835 R 4.0 91 2 2996 282
79922 R 4.0 92 2 2954 283
80023 R 2.0 170 1 907 284
80114 R 2.0 171 1 870 285
80210 R 110.219 40 3 8062 286
80305 R 2.0 172 1 933 287
80398 R 2.0 173 1 898 288
80488 R 4.0 93 2 3009 289
80585 R 4.0 94 2 2977 290
81150 R 2.0 174 1 1394 291
81243 R 2.0 175 1 1359 292
81333 R 110.219 41 3 8003 293
81430 R 110.219 42 3 7960 294
81525 R 2.0 176 1 1385 295
81618 R 2.0 177 1 1350 296
81708 R 4.0 95 2 3844 297
81808 R 4.0 96 2 3816 298
81828 R 2.0 178 1 1305 299
81851 R 2.0 179 1 1199 300
81876 R 2.0 180 1 712 301
81899 R 2.0 181 1 608 302
81922 R 4.0 97 2 3674 303
82091 R 4.0 98 2 3075 304
82180 R 2.0 182 1 632 305
82275 R 2.0 183 1 599 306
82367 R 2.0 184 1 564 307
82462 R 2.0 185 1 530 308
82554 R 2.0 186 1 495 309
82653 R 110.219 44 3 8653 310
82742 R 4.0 99 2 3342 311
82837 R 2.0 187 1 649 312
82929 R 4.0 100 2 3274 313
83498 R 2.0 188 1 1182 314
83595 R 4.0 101 2 3811 315
83681 R 2.0 189 1 1238 316
83782 R 4.0 102 2 3743 317
83873 R 2.0 190 1 1301 318
83970 R 110.219 46 3 8703 319
84064 R 2.0 191 1 1365 320
84157 R 4.0 103 2 3733 321
84248 R 110.219 47 3 8683 322
84345 R 2.0 192 1 1389 323
84439 R 4.0 104 2 2992 324
84532 R 2.0 193 1 936 325
84623 R 2.0 194 1 899 326
84719 R 2.0 195 1 868 327
84814 R 4.0 105 2 2726 328
84907 R 2.0 196 1 927 329
84998 R 2.0 197 1 890 330
85094 R 4.0 106 2 2879 331
85189 R 110.219 50 3 7121 332
85282 R 2.0 198 1 918 333
85381 R 2.0 199 1 889 334
85469 R 2.0 200 1 850 335
85564 R 110.219 51 3 9419 336
85657 R 2.0 201 1 909 337
85756 R 2.0 202 1 880 338
86314 R 4.0 107 2 3715 339
86409 R 2.0 203 1 1405 340
86502 R 2.0 204 1 1370 341
86596 R 110.219 52 3 8104 342
86624 R 4.0 108 2 3768 343
86783 R 2.0 205 1 1395 344
86878 R 2.0 206 1 1362 345
86971 R 4.0 109 2 3987 346
87069 R 4.0 110 2 3446 347
87166 R 2.0 207 1 1394 348
87253 R 4.0 111 2 3373 349
87354 R 2.0 208 1 942 350
87444 R 2.0 209 1 905 351
87541 R 2.0 210 1 873 352
87636 R 4.0 112 2 3628 353
87729 R 2.0 211 1 933 354
87819 R 2.0 212 1 895 355
87916 R 4.0 113 2 3652 356
88011 R 4.0 114 2 3619 357
88103 R 2.0 213 1 924 358
88194 R 2.0 214 1 886 359
88291 R 4.0 115 2 3515 360
88386 R 4.0 116 2 3354 361
88478 R 2.0 215 1 915 362
88569 R 2.0 216 1 877 363
89136 R 4.0 117 2 3848 364
89231 R 2.0 217 1 1411 365
89323 R 2.0 218 1 1375 366
89418 R 2.0 219 1 1342 367
89445 R 4.0 118 2 4030 368
89605 R 2.0 220 1 1401 369
89699 R 2.0 221 1 1368 370
89792 R 4.0 119 2 4120 371
89891 R 4.0 120 2 4091 372
89980 R 2.0 222 1 1392 373
90544 R 4.0 121 2 4104 374
90637 R 4.0 122 2 3813 375
90736 R 2.0 223 1 1380 376
90824 R 2.0 224 1 1341 377
90919 R 4.0 123 2 3839 378
91012 R 2.0 225 1 1400 379
91111 R 2.0 226 1 1371 380
91207 R 4.0 124 2 4000 381
91294 R 4.0 125 2 3830 382
91388 R 2.0 227 1 1392 383
91490 R 4.0 126 2 3898 384
91581 R 4.0 127 2 3733 385
91671 R 2.0 228 1 907 386
91767 R 2.0 229 1 875 387
91860 R 4.0 128 2 3629 388
92422 R 2.0 230 1 1402 389
92520 R 2.0 231 1 1372 390
92616 R 4.0 129 2 4128 391
92709 R 2.0 232 1 1305 392
92733 R 4.0 130 2 4117 393
92895 R 2.0 233 1 1363 394
92993 R 4.0 131 2 3738 395
93080 R 110.219 60 3 9878 396
93174 R 2.0 234 1 1386 397
93274 R 2.0 235 1 1358 398
93364 R 2.0 236 1 936 399
93459 R 2.0 237 1 904 400
93553 R 2.0 238 1 869 401
93645 R 2.0 239 1 833 402
93740 R 4.0 132 2 4100 403
94305 R 2.0 240 1 1365 404
94397 R 4.0 133 2 4503 405
94496 R 4.0 134 2 4473 406
94585 R 2.0 241 1 1389 407
94680 R 2.0 242 1 1356 408
94772 R 4.0 135 2 4109 409
94871 R 4.0 136 2 4079 410
94960 R 2.0 243 1 1380 411
95055 R 2.0 244 1 1347 412
95147 R 2.0 245 1 1311 413
95716 R 2.0 246 1 1368 414
95813 R 4.0 137 2 4765 415
95899 R 4.0 138 2 4596 416
96000 R 2.0 247 1 1396 417
96091 R 2.0 248 1 1359 418
96188 R 110.219 63 3 11209 419
96282 R 4.0 139 2 4595 420
96372 R 2.0 249 1 1384 421
96399 R 2.0 250 1 1283 422
96419 R 2.0 251 1 1175 423
96442 R 2.0 252 1 687 424
96463 R 4.0 140 2 4649 425
96492 R 110.219 65 3 10076 426
96657 R 2.0 253 1 645 427
96750 R 2.0 254 1 610 428
96841 R 4.0 141 2 3745 429
96937 R 2.0 255 1 542 430
97032 R 2.0 256 1 508 431
97125 R 4.0 142 2 3901 432
97216 R 2.0 257 1 564 433
97312 R 4.0 143 2 3833 434
97407 R 2.0 258 1 627 435
97500 R 110.219 67 3 9475 436
97599 R 2.0 259 1 691 437
97687 R 4.0 144 2 3184 438
97782 R 4.0 145 2 3150 439
97875 R 2.0 260 1 839 440
97974 R 4.0 146 2 3086 441
98532 R 2.0 261 1 1368 442
98627 R 2.0 262 1 1335 443
98721 R 4.0 147 2 2809 444
98743 R 2.0 263 1 1323 445
98767 R 2.0 264 1 1219 446
98795 R 4.0 148 2 2755 447
98820 R 4.0 149 2 2524 448
98837 R 2.0 265 1 1033 449
99002 R 2.0 266 1 1070 450
99095 R 2.0 267 1 1035 451
99193 R 2.0 268 1 622 452
99290 R 2.0 269 1 590 453
99377 R 2.0 270 1 549 454
99478 R 2.0 271 1 522 455
99568 R 4.0 150 2 2888 456
99665 R 4.0 151 2 2857 457
99760 R 2.0 272 1 676 458
99853 R 4.0 152 2 2917 459
99940 R 3.0 6 1 52939 460
100413 R 2.0 273 1 1201 461
100510 R 4.0 153 2 3446 462
100605 R 2.0 274 1 1265 463
100697 R 110.219 71 3 9855 464
100792 R 110.219 72 3 8787 465
100884 R 4.0 154 2 3564 466
100981 R 2.0 275 1 1386 467
101074 R 2.0 276 1 1350 468
101093 R 4.0 155 2 3645 469
101822 R 2.0 277 1 1842 470
101916 R 4.0 156 2 4212 471
102016 R 110.219 74 3 8531 472
102105 R 2.0 278 1 1485 473
102201 R 2.0 279 1 1453 474
102295 R 4.0 157 2 3310 475
102386 R 4.0 158 2 3274 476
102484 R 2.0 280 1 1480 477
102572 R 2.0 281 1 1440 478
102674 R 2.0 282 1 1414 479
102765 R 4.0 159 2 3525 480
102855 R 110.219 76 3 8690 481
102951 R 2.0 283 1 923 482
103045 R 2.0 284 1 889 483
103136 R 4.0 160 2 3768 484
103234 R 4.0 161 2 3737 485
103330 R 2.0 285 1 918 486
103424 R 2.0 286 1 884 487
103515 R 110.219 77 3 9190 488
103613 R 4.0 162 2 3732 489
103701 R 2.0 287 1 905 490
103794 R 2.0 288 1 871 491
103894 R 4.0 163 2 3373 492
103984 R 2.0 289 1 932 493
104080 R 2.0 290 1 900 494
104643 R 4.0 164 2 3995 495
104735 R 4.0 165 2 3830 496
104833 R 2.0 291 1 1397 497
104929 R 2.0 292 1 1365 498
105022 R 110.219 79 3 9260 499
105114 R 4.0 166 2 3185 500
105204 R 2.0 293 1 1384 501
105299 R 2.0 294 1 1352 502
105393 R 4.0 167 2 3336 503
105493 R 2.0 295 1 1289 504
106053 R 4.0 168 2 3740 505
106148 R 110.219 81 3 8439 506
106242 R 2.0 296 1 1398 507
106334 R 2.0 297 1 1362 508
106432 R 4.0 169 2 3735 509
106519 R 4.0 170 2 3694 510
106621 R 2.0 298 1 1393 511
106713 R 2.0 299 1 1357 512
106802 R 4.0 171 2 3722 513
106898 R 2.0 300 1 1286 514
106992 R 2.0 301 1 868 515
107084 R 4.0 172 2 3747 516
107181 R 2.0 302 1 930 517
107277 R 2.0 303 1 897 518
107371 R 4.0 173 2 3906 519
107463 R 4.0 174 2 3742 520
107560 R 2.0 304 1 925 521
107648 R 2.0 305 1 884 522
107742 R 110.219 83 3 9234 523
107842 R 4.0 175 2 3737 524
107931 R 2.0 306 1 911 525
108027 R 2.0 307 1 879 526
108121 R 4.0 176 2 3376 527
108212 R 4.0 177 2 3340 528
108308 R 2.0 308 1 904 529
108402 R 2.0 309 1 871 530
108495 R 4.0 178 2 3366 531
108594 R 2.0 310 1 934 532
108683 R 2.0 311 1 895 533
108777 R 4.0 179 2 3520 534
108870 R 4.0 180 2 3357 535
108969 R 2.0 312 1 925 536
109057 R 2.0 313 1 886 537
109152 R 2.0 314 1 852 538
109245 R 4.0 181 2 2964 539
109814 R 2.0 315 1 1386 540
109910 R 2.0 316 1 1355 541
109997 R 4.0 182 2 3460 542
110098 R 2.0 317 1 1414 543
110189 R 2.0 318 1 1377 544
110285 R 2.0 319 1 1345 545
110380 R 4.0 183 2 3715 546
110473 R 2.0 320 1 1405 547
110563 R 2.0 321 1 1368 548
110660 R 2.0 322 1 1336 549
110755 R 2.0 323 1 919 550
110848 R 2.0 324 1 884 551
110938 R 4.0 184 2 4018 552
111035 R 4.0 185 2 3987 553
111130 R 2.0 325 1 910 554
111223 R 2.0 326 1 875 555
111313 R 4.0 186 2 4009 556
111410 R 2.0 327 1 934 557
111505 R 2.0 328 1 901 558
111598 R 4.0 187 2 4165 559
112166 R 4.0 188 2 4477 560
112255 R 2.0 329 1 1395 561
112350 R 2.0 330 1 1362 562
112442 R 4.0 189 2 4498 563
112541 R 4.0 190 2 4468 564
112630 R 2.0 331 1 1386 565
112725 R 2.0 332 1 1353 566
112817 R 110.219 87 3 12135 567
112916 R 4.0 191 2 4203 568
113005 R 2.0 333 1 1377 569
113100 R 4.0 192 2 4003 570
113192 R 2.0 334 1 924 571
113291 R 2.0 335 1 895 572
113388 R 4.0 193 2 3267 573
113475 R 4.0 194 2 3226 574
113575 R 2.0 336 1 923 575
113666 R 2.0 337 1 886 576
113763 R 4.0 195 2 3258 577
113857 R 4.0 196 2 3097 578
113950 R 2.0 338 1 914 579
114041 R 2.0 339 1 877 580
114138 R 4.0 197 2 3249 581
114232 R 2.0 340 1 941 582
114325 R 2.0 341 1 905 583
114416 R 2.0 342 1 868 584
114983 R 4.0 198 2 3838 585
115077 R 2.0 343 1 1401 586
115170 R 2.0 344 1 1366 587
115261 R 110.219 91 3 11832 588
115357 R 4.0 199 2 3829 589
115452 R 2.0 345 1 1392 590
115545 R 2.0 346 1 1357 591
115644 R 4.0 200 2 3987 592
115732 R 4.0 201 2 3436 593
115827 R 2.0 347 1 1383 594
115920 R 4.0 202 2 3367 595
116019 R 2.0 348 1 935 596
116107 R 2.0 349 1 895 597
116202 R 4.0 203 2 3521 598
116295 R 4.0 204 2 3358 599
116394 R 2.0 350 1 926 600
116482 R 2.0 351 1 886 601
117329 R 2.0 352 1 1606 602
117423 R 4.0 205 2 7006 603
117523 R 2.0 353 1 1671 604
117613 R 2.0 354 1 1633 605
117708 R 4.0 206 2 4388 606
117802 R 2.0 355 1 1694 607
117894 R 2.0 356 1 1658 608
117992 R 2.0 357 1 1628 609
118079 R 4.0 207 2 4376 610
118181 R 2.0 358 1 1689 611
118273 R 2.0 359 1 885 612
118363 R 4.0 208 2 4402 613
118458 R 4.0 209 2 4369 614
118552 R 2.0 360 1 908 615
118644 R 2.0 361 1 872 616
118742 R 4.0 210 2 4397 617
118837 R 2.0 362 1 937 618
118931 R 2.0 363 1 903 619
119023 R 4.0 211 2 4550 620
119120 R 4.0 212 2 4008 621
119208 R 2.0 364 1 924 622
119302 R 2.0 365 1 890 623
119402 R 4.0 213 2 4033 624
119491 R 4.0 214 2 3995 625
119587 R 2.0 366 1 919 626
120151 R 2.0 367 1 1355 627
120243 R 110.219 97 3 10927 628
120338 R 4.0 215 2 4201 629
120364 R 2.0 368 1 1312 630
120385 R 2.0 369 1 1206 631
120412 R 4.0 216 2 3893 632
120431 R 2.0 370 1 1123 633
120459 R 2.0 371 1 1023 634
120621 R 4.0 217 2 3077 635
120711 R 2.0 372 1 1019 636
120807 R 2.0 373 1 603 637
120901 R 2.0 374 1 569 638
121000 R 2.0 375 1 541 639
121090 R 2.0 376 1 502 640
121186 R 4.0 218 2 3513 641
121280 R 4.0 219 2 3351 642
121371 R 2.0 377 1 655 643
121469 R 4.0 220 2 3284 644
121557 R 2.0 378 1 713 645
122029 R 4.0 221 2 3716 646
122122 R 2.0 379 1 1151 647
122221 R 4.0 222 2 3653 648
122246 R 110.219 100 3 10441 649
122262 R 2.0 380 1 1162 650
122288 R 2.0 381 1 1061 651
122310 R 4.0 223 2 3357 652
122337 R 110.219 101 3 10106 653
122501 R 2.0 382 1 1018 654
122593 R 2.0 383 1 981 655
122691 R 4.0 224 2 3354 656
122779 R 2.0 384 1 655 657
122880 R 2.0 385 1 628 658
122972 R 2.0 386 1 592 659
123062 R 4.0 225 2 3469 660
123158 R 2.0 387 1 650 661
123251 R 4.0 226 2 2634 662
123343 R 2.0 388 1 707 663
123911 R 4.0 227 2 3166 664
124006 R 110.219 103 3 10297 665
124100 R 2.0 389 1 1336 666
124192 R 110.219 104 3 9703 667
124290 R 2.0 390 1 1398 668
124377 R 2.0 391 1 1357 669
124471 R 4.0 228 2 3470 670
124571 R 4.0 229 2 3442 671
124661 R 2.0 392 1 1385 672
124757 R 2.0 393 1 1353 673
125319 R 2.0 394 1 1403 674
125418 R 2.0 395 1 1374 675
125507 R 2.0 396 1 1335 676
125601 R 4.0 230 2 4217 677
125694 R 2.0 397 1 1394 678
125793 R 2.0 398 1 1365 679
125882 R 110.219 105 3 10821 680
125976 R 4.0 231 2 3824 681
126069 R 2.0 399 1 1385 682
126168 R 2.0 400 1 1356 683
126257 R 2.0 401 1 933 684
126351 R 2.0 402 1 900 685
126444 R 2.0 403 1 864 686
126543 R 4.0 232 2 4006 687
126640 R 2.0 404 1 932 688
126726 R 2.0 405 1 890 689
126827 R 110.219 107 3 10103 690
126918 R 110.219 108 3 9671 691
127015 R 2.0 406 1 923 692
127109 R 2.0 407 1 889 693
127202 R 4.0 233 2 4410 694
127293 R 4.0 234 2 4372 695
127389 R 2.0 408 1 914 696
127484 R 2.0 409 1 880 697
127577 R 4.0 235 2 4400 698
128138 R 2.0 410 1 1406 699
128234 R 2.0 411 1 1374 700
128329 R 2.0 412 1 1341 701
128422 R 4.0 236 2 5117 702
128513 R 2.0 413 1 1397 703
128609 R 2.0 414 1 1365 704
128704 R 4.0 237 2 4375 705
128797 R 4.0 238 2 4212 706
128895 R 2.0 415 1 1396 707
128984 R 2.0 416 1 1356 708
129079 R 2.0 417 1 939 709
129172 R 2.0 418 1 904 710
129270 R 2.0 419 1 875 711
129359 R 4.0 239 2 4646 712
129454 R 2.0 420 1 930 713
130017 R 2.0 421 1 1365 714
130204 R 4.0 240 2 5805 715
130299 R 4.0 241 2 4306 716
130391 R 2.0 422 1 1484 717
130490 R 2.0 423 1 1454 718
130587 R 110.219 112 3 10148 719
130674 R 4.0 242 2 4297 720
130774 R 2.0 424 1 1483 721
130865 R 2.0 425 1 1445 722
130962 R 2.0 426 1 1414 723
131057 R 2.0 427 1 997 724
131149 R 4.0 243 2 4644 725
131240 R 2.0 428 1 924 726
131337 R 2.0 429 1 893 727
131432 R 4.0 244 2 4671 728
131524 R 4.0 245 2 4379 729
131615 R 2.0 430 1 915 730
131712 R 2.0 431 1 884 731
131808 R 4.0 246 2 4408 732
131896 R 4.0 247 2 4367 733
131990 R 2.0 432 1 906 734
132090 R 2.0 433 1 878 735
132179 R 4.0 248 2 3626 736
132275 R 2.0 434 1 935 737
132369 R 2.0 435 1 901 738
132460 R 2.0 436 1 865 739
132558 R 4.0 249 2 3749 740
132654 R 2.0 437 1 930 741
132748 R 2.0 438 1 896 742
133309 R 4.0 250 2 4374 743
133399 R 4.0 251 2 4206 744
133495 R 2.0 439 1 1387 745
133589 R 2.0 440 1 1353 746
133688 R 110.219 116 3 10719 747
133778 R 4.0 252 2 3433 748
133874 R 2.0 441 1 1382 749
133967 R 2.0 442 1 1348 750
134059 R 4.0 253 2 3458 751
134157 R 2.0 443 1 1281 752
134715 R 4.0 254 2 3986 753
134816 R 4.0 255 2 3833 754
134908 R 2.0 444 1 1392 755
134998 R 2.0 445 1 1354 756
135094 R 4.0 256 2 3982 757
135187 R 4.0 257 2 3819 758
135279 R 2.0 446 1 1379 759
135377 R 2.0 447 1 1349 760
135472 R 4.0 258 2 3720 761
135566 R 2.0 448 1 1282 762
136128 R 4.0 259 2 4119 763
136226 R 4.0 260 2 4089 764
136313 R 2.0 449 1 1390 765
136407 R 2.0 450 1 1355 766
136501 R 4.0 261 2 4108 767
136598 R 110.219 119 3 12248 768
136693 R 2.0 451 1 1385 769
136785 R 2.0 452 1 1350 770
136884 R 4.0 262 2 4107 771
136973 R 2.0 453 1 1281 772
137538 R 4.0 263 2 4121 773
137630 R 4.0 264 2 4085 774
137729 R 2.0 454 1 1397 775
137818 R 2.0 455 1 1358 776
137912 R 4.0 265 2 4112 777
138005 R 110.219 121 3 12092 778
138104 R 2.0 456 1 1388 779
138193 R 2.0 457 1 1349 780
138287 R 4.0 266 2 4103 781
138380 R 2.0 458 1 1280 782
138479 R 4.0 267 2 3654 783
138576 R 4.0 268 2 3623 784
138662 R 2.0 459 1 922 785
138763 R 2.0 460 1 895 786
138854 R 4.0 269 2 3645 787
138951 R 110.219 123 3 10960 788
139045 R 2.0 461 1 921 789
139135 R 2.0 462 1 883 790
139162 R 4.0 270 2 3569 791
139182 R 4.0 271 2 2948 792
139205 R 2.0 463 1 697 793
139226 R 2.0 464 1 591 794
139255 R 4.0 272 2 2893 795
139420 R 2.0 465 1 656 796
139513 R 2.0 466 1 621 797
139604 R 2.0 467 1 584 798
139700 R 2.0 468 1 553 799
139795 R 2.0 469 1 519 800
139888 R 4.0 273 2 3270 801
139979 R 2.0 470 1 575 802
140075 R 110.219 125 3 10265 803
140170 R 2.0 471 1 638 804
140263 R 4.0 274 2 3261 805
140362 R 2.0 472 1 702 806
140450 R 4.0 275 2 2808 807
140545 R 4.0 276 2 2775 808
140638 R 2.0 473 1 850 809
140736 R 4.0 277 2 2711 810
141295 R 2.0 474 1 1379 811
141390 R 2.0 475 1 1346 812
141483 R 110.219 127 3 9340 813
141581 R 2.0 476 1 1410 814
141670 R 2.0 477 1 1370 815
141765 R 2.0 478 1 1337 816
141858 R 4.0 278 2 3448 817
141956 R 2.0 479 1 1400 818
141980 R 2.0 480 1 1296 819
142001 R 2.0 481 1 1189 820
142030 R 2.0 482 1 706 821
142052 R 2.0 483 1 600 822
142069 R 4.0 279 2 3531 823
142240 R 2.0 484 1 533 824
142331 R 4.0 280 2 6393 825
142428 R 2.0 485 1 592 826
142704 R 2.0 486 1 741 827
142803 R 2.0 487 1 711 828
142892 R 4.0 281 2 3458 829
142987 R 2.0 488 1 767 830
143079 R 4.0 282 2 3518 831
143648 R 2.0 489 1 1300 832
143745 R 4.0 283 2 4055 833
143831 R 2.0 490 1 1356 834
143932 R 4.0 284 2 4114 835
144023 R 110.219 129 3 10667 836
144120 R 2.0 491 1 1388 837
144214 R 2.0 492 1 1355 838
144304 R 110.219 130 3 10042 839
144331 R 2.0 493 1 1343 840
144351 R 2.0 494 1 1235 841
144374 R 4.0 285 2 4173 842
144396 R 2.0 495 1 640 843
144424 R 2.0 496 1 540 844
144589 R 4.0 286 2 4004 845
144682 R 4.0 287 2 3072 846
144773 R 2.0 497 1 633 847
144870 R 2.0 498 1 602 848
144964 R 2.0 499 1 568 849
145057 R 2.0 500 1 533 850
145148 R 4.0 288 2 3282 851
145245 R 2.0 501 1 593 852
145339 R 4.0 289 2 3089 853
145432 R 4.0 290 2 3054 854
145531 R 2.0 502 1 751 855
145619 R 110.219 134 3 8643 856
145714 R 2.0 503 1 806 857
145807 R 4.0 291 2 3301 858
145906 R 4.0 292 2 3272 859
146464 R 4.0 293 2 3447 860
146559 R 2.0 504 1 1395 861
146652 R 2.0 505 1 1360 862
146751 R 4.0 294 2 2965 863
146839 R 4.0 295 2 2797 864
146934 R 2.0 506 1 1386 865
147027 R 2.0 507 1 1351 866
147125 R 110.219 136 3 8298 867
147222 R 4.0 296 2 2540 868
147309 R 2.0 508 1 1377 869
147410 R 4.0 297 2 2600 870
147500 R 2.0 509 1 929 871
147597 R 2.0 510 1 897 872
147692 R 4.0 298 2 2754 873
147785 R 110.219 137 3 8735 874
147875 R 2.0 511 1 919 875
147972 R 2.0 512 1 888 876
148067 R 4.0 299 2 3001 877
148160 R 110.219 138 3 8076 878
148250 R 2.0 513 1 910 879
148347 R 2.0 514 1 879 880
148442 R 4.0 300 2 3248 881
148534 R 4.0 301 2 3085 882
148625 R 2.0 515 1 901 883
148722 R 2.0 516 1 870 884
148817 R 110.219 139 3 8296 885
149288 R 2.0 517 1 1308 886
149379 R 2.0 518 1 1271 887
149402 R 4.0 302 2 3568 888
149424 R 4.0 303 2 3462 889
149448 R 2.0 519 1 1085 890
149476 R 2.0 520 1 984 891
149501 R 4.0 304 2 2899 892
149518 R 4.0 305 2 2660 893
149544 R 2.0 521 1 796 894
149566 R 2.0 522 1 690 895
149593 R 2.0 523 1 205 896
149757 R 2.0 524 1 241 897
149849 R 2.0 525 1 205 898
149946 R 4.0 307 2 2704 899
150034 R 2.0 526 1 262 900
150136 R 110.219 141 3 8777 901
150228 R 2.0 527 1 328 902
150317 R 4.0 308 2 2691 903
150413 R 4.0 309 2 2659 904
150507 R 2.0 528 1 479 905
150598 R 4.0 310 2 2589 906
151166 R 2.0 529 1 1010 907
151262 R 4.0 311 2 2996 908
151356 R 2.0 530 1 1072 909
151447 R 4.0 312 2 3053 910
151545 R 4.0 313 2 2895 911
151633 R 2.0 531 1 1221 912
151727 R 110.219 143 3 8547 913
151826 R 2.0 532 1 1286 914
151916 R 4.0 314 2 2626 915
152012 R 2.0 533 1 1344 916
152105 R 2.0 534 1 926 917
152197 R 2.0 535 1 889 918
152295 R 4.0 315 2 2493 919
152391 R 110.219 145 3 8574 920
152484 R 2.0 536 1 921 921
152576 R 2.0 537 1 884 922
152666 R 4.0 316 2 2736 923
152762 R 4.0 317 2 2704 924
152855 R 2.0 538 1 908 925
152953 R 2.0 539 1 878 926
153042 R 110.219 146 3 8170 927
153137 R 2.0 540 1 933 928
153230 R 2.0 541 1 898 929
153328 R 110.219 147 3 7677 930
153425 R 4.0 318 2 3111 931
153512 R 2.0 542 1 924 932
153613 R 2.0 543 1 897 933
153703 R 4.0 319 2 3261 934
153800 R 2.0 544 1 828 935
153895 R 110.219 148 3 8084 936
154457 R 2.0 545 1 1358 937
154548 R 4.0 320 2 3851 938
154645 R 4.0 321 2 3179 939
154740 R 2.0 546 1 1384 940
154832 R 2.0 547 1 1349 941
154923 R 4.0 322 2 3329 942
155020 R 4.0 323 2 3170 943
155115 R 2.0 548 1 1375 944
155207 R 2.0 549 1 1339 945
155298 R 2.0 550 1 1302 946
155395 R 2.0 551 1 887 947
155490 R 4.0 324 2 3512 948
155582 R 4.0 325 2 3348 949
155677 R 2.0 552 1 913 950
155705 R 2.0 553 1 813 951
155864 R 4.0 326 2 3374 952
155958 R 4.0 327 2 3341 953
156051 R 2.0 554 1 903 954
156150 R 2.0 555 1 874 955
156239 R 4.0 328 2 3365 956
156333 R 2.0 556 1 930 957
156426 R 2.0 557 1 894 958
156525 R 2.0 558 1 865 959
156614 R 2.0 559 1 826 960
156708 R 110.219 151 3 8695 961
156801 R 2.0 560 1 885 962
156900 R 4.0 329 2 3643 963
156997 R 110.219 152 3 8186 964
157083 R 2.0 561 1 911 965
157184 R 2.0 562 1 884 966
157745 R 4.0 330 2 4103 967
157841 R 2.0 563 1 1414 968
157936 R 2.0 564 1 1380 969
158029 R 2.0 565 1 1345 970
158120 R 110.219 153 3 8754 971
158216 R 2.0 566 1 1404 972
158311 R 2.0 567 1 1371 973
158404 R 2.0 568 1 1336 974
158495 R 4.0 331 2 3829 975
158591 R 2.0 569 1 1395 976
159156 R 110.219 155 3 8651 977
159249 R 4.0 332 2 4199 978
159339 R 2.0 570 1 1376 979
159436 R 2.0 571 1 1344 980
159531 R 4.0 333 2 4353 981
159624 R 2.0 572 1 1404 982
160096 R 2.0 573 1 1748 983
160185 R 4.0 334 2 4752 984
160280 R 4.0 335 2 4334 985
160373 R 2.0 574 1 1769 986
160471 R 4.0 336 2 4397 987
161038 R 4.0 337 2 4836 988
161125 R 2.0 575 1 1753 989
161225 R 2.0 576 1 1725 990
161316 R 4.0 338 2 4858 991
161413 R 2.0 577 1 1785 992
161508 R 2.0 578 1 1368 993
161600 R 4.0 340 2 4374 994
161691 R 4.0 341 2 3825 995
161788 R 2.0 579 1 1392 996
161883 R 2.0 580 1 1359 997
161975 R 110.219 159 3 9706 998
162066 R 2.0 581 1 902 999
162163 R 2.0 582 1 871 1000
162257 R 4.0 343 2 3752 1001
162350 R 2.0 583 1 930 1002
162441 R 2.0 584 1 893 1003
162538 R 4.0 344 2 3904 1004
162632 R 4.0 345 2 3359 1005
162725 R 2.0 585 1 921 1006
162824 R 2.0 586 1 892 1007
162913 R 4.0 346 2 3511 1008
163007 R 4.0 347 2 3350 1009
163100 R 2.0 587 1 912 1010
163199 R 2.0 588 1 883 1011
163288 R 4.0 348 2 3118 1012
163382 R 2.0 589 1 938 1013
163475 R 2.0 590 1 903 1014
163574 R 2.0 591 1 874 1015
163662 R 4.0 349 2 3365 1016
163757 R 2.0 592 1 929 1017
163850 R 2.0 593 1 894 1018
163949 R 4.0 350 2 3523 1019
164045 R 110.219 163 3 9376 1020
164132 R 2.0 594 1 920 1021
164233 R 2.0 595 1 893 1022
164794 R 4.0 351 2 3472 1023
164890 R 4.0 352 2 3440 1024
164985 R 2.0 596 1 1389 1025
165078 R 2.0 597 1 1354 1026
165168 R 4.0 353 2 3463 1027
165265 R 2.0 598 1 1413 1028
165360 R 2.0 599 1 1380 1029
165453 R 2.0 600 1 1345 1030
165543 R 4.0 354 2 3710 1031
165640 R 2.0 601 1 1404 1032
166205 R 4.0 355 2 4115 1033
166298 R 110.219 165 3 10616 1034
166388 R 2.0 602 1 1384 1035
166485 R 2.0 603 1 1353 1036
166580 R 4.0 356 2 4106 1037
166672 R 4.0 357 2 3815 1038
166771 R 2.0 604 1 1383 1039
166860 R 2.0 605 1 1344 1040
166955 R 4.0 358 2 3841 1041
167047 R 2.0 606 1 1404 1042
167146 R 4.0 359 2 3904 1043
167235 R 4.0 360 2 3737 1044
167330 R 2.0 607 1 918 1045
167610 R 2.0 608 1 1070 1046
167709 R 110.219 167 3 10206 1047
167798 R 4.0 361 2 3916 1048
167894 R 2.0 609 1 1099 1049
167916 R 2.0 610 1 992 1050
168079 R 4.0 362 2 3813 1051
168178 R 2.0 611 1 1126 1052
168275 R 2.0 612 1 1095 1053
168361 R 2.0 613 1 1054 1054
168462 R 4.0 363 2 3556 1055
168553 R 4.0 364 2 3519 1056
168650 R 4.0 365 2 3360 1057
168744 R 2.0 614 1 924 1058
168837 R 2.0 615 1 889 1059
168928 R 110.219 170 3 9563 1060
169025 R 4.0 366 2 3351 1061
169119 R 2.0 616 1 915 1062
169212 R 2.0 617 1 880 1063
169491 R 4.0 367 2 3178 1064
169585 R 4.0 368 2 3143 1065
169684 R 2.0 618 1 1096 1066
169774 R 2.0 619 1 1058 1067
169870 R 4.0 369 2 3172 1068
170433 R 2.0 620 1 1590 1069
170525 R 2.0 621 1 1553 1070
170624 R 110.219 172 3 9438 1071
170646 R 4.0 370 2 3565 1072
170664 R 2.0 622 1 1436 1073
170687 R 4.0 371 2 3221 1074
170718 R 2.0 623 1 1106 1075
170742 R 2.0 624 1 1002 1076
170904 R 4.0 372 2 3182 1077
170994 R 2.0 625 1 998 1078
171090 R 4.0 373 2 3240 1079
171183 R 2.0 626 1 547 1080
171275 R 2.0 627 1 511 1081
171373 R 4.0 374 2 3267 1082
171469 R 2.0 628 1 577 1083
171562 R 4.0 375 2 3328 1084
171654 R 2.0 629 1 634 1085
172309 R 4.0 376 2 4502 1086
172403 R 2.0 630 1 1255 1087
172503 R 110.219 174 3 9583 1088
172593 R 4.0 377 2 3719 1089
172688 R 2.0 631 1 1412 1090
172782 R 4.0 378 2 3652 1091
172874 R 2.0 632 1 1470 1092
172972 R 2.0 633 1 1440 1093
173067 R 4.0 379 2 3809 1094
173161 R 2.0 634 1 1501 1095
173723 R 110.219 177 3 9280 1096
173812 R 2.0 635 1 1385 1097
173908 R 2.0 636 1 1352 1098
174002 R 4.0 380 2 4105 1099
174102 R 4.0 381 2 3564 1100
174191 R 2.0 637 1 1379 1101
174287 R 2.0 638 1 1347 1102
174381 R 4.0 382 2 3459 1103
174473 R 2.0 639 1 1405 1104
174570 R 2.0 640 1 1374 1105
174658 R 110.219 179 3 8906 1106
174760 R 2.0 641 1 924 1107
174851 R 2.0 642 1 888 1108
174941 R 110.219 180 3 8795 1109
175037 R 4.0 383 2 3859 1110
175131 R 2.0 643 1 911 1111
175222 R 2.0 644 1 875 1112
175320 R 4.0 384 2 4014 1113
175416 R 2.0 645 1 940 1114
175510 R 2.0 646 1 906 1115
175601 R 2.0 647 1 869 1116
175699 R 110.219 181 3 8370 1117
175787 R 2.0 648 1 927 1118
175881 R 2.0 649 1 893 1119
175980 R 4.0 385 2 4290 1120
176070 R 110.219 183 3 7091 1121
176166 R 2.0 650 1 922 1122
176260 R 2.0 651 1 888 1123
176351 R 4.0 386 2 3637 1124
176449 R 110.219 184 3 7299 1125
176545 R 2.0 652 1 917 1126
176638 R 2.0 653 1 883 1127
176730 R 4.0 387 2 3632 1128
176820 R 2.0 654 1 936 1129
176916 R 2.0 655 1 904 1130
177009 R 2.0 656 1 869 1131
177109 R 4.0 388 2 3243 1132
177199 R 2.0 657 1 931 1133
177295 R 2.0 658 1 899 1134
177384 R 4.0 389 2 3262 1135
177482 R 110.219 186 3 7536 1136
177579 R 2.0 659 1 927 1137
177672 R 2.0 660 1 892 1138
177689 R 4.0 390 2 3183 1139
177713 R 4.0 391 2 2823 1140
177743 R 2.0 661 1 707 1141
177767 R 2.0 662 1 603 1142
177787 R 4.0 392 2 2641 1143
177954 R 2.0 663 1 534 1144
178049 R 110.219 188 3 6836 1145
178142 R 2.0 664 1 594 1146
178232 R 2.0 665 1 556 1147
178329 R 2.0 666 1 525 1148
178424 R 4.0 393 2 2894 1149
178517 R 2.0 667 1 585 1150
178607 R 4.0 394 2 2949 1151
178704 R 2.0 668 1 644 1152
178799 R 4.0 395 2 2885 1153
178891 R 2.0 669 1 704 1154
178982 R 4.0 396 2 2684 1155
179079 R 4.0 397 2 2525 1156
179174 R 2.0 670 1 858 1157
179266 R 4.0 398 2 2584 1158
179835 R 2.0 671 1 1391 1159
179924 R 2.0 672 1 1352 1160
180019 R 4.0 399 2 3082 1161
180111 R 110.219 190 3 8186 1162
180210 R 2.0 673 1 1382 1163
180302 R 2.0 674 1 1346 1164
180391 R 4.0 400 2 3069 1165
180487 R 2.0 675 1 1403 1166
180581 R 2.0 676 1 1369 1167
180681 R 2.0 677 1 1341 1168
180770 R 2.0 678 1 918 1169
180866 R 2.0 679 1 886 1170
180960 R 110.219 191 3 8857 1171
181051 R 2.0 680 1 816 1172
181149 R 4.0 401 2 3187 1173
181237 R 2.0 681 1 873 1174
181339 R 2.0 682 1 847 1175
181430 R 4.0 402 2 5720 1176
181520 R 2.0 683 1 900 1177
181616 R 2.0 684 1 868 1178
181710 R 4.0 403 2 3492 1179
181801 R 2.0 685 1 925 1180
181899 R 2.0 686 1 895 1181
181995 R 4.0 404 2 3649 1182
182089 R 110.219 192 3 8995 1183
182650 R 2.0 687 1 1390 1184
182748 R 2.0 688 1 1360 1185
182836 R 110.219 193 3 9603 1186
182929 R 4.0 405 2 4200 1187
183029 R 2.0 689 1 1385 1188
183119 R 2.0 690 1 1347 1189
183215 R 110.219 194 3 9685 1190
183308 R 2.0 691 1 1408 1191
183400 R 2.0 692 1 1372 1192
183498 R 2.0 693 1 1342 1193
184063 R 2.0 694 1 1396 1194
184157 R 2.0 695 1 1361 1195
184249 R 4.0 406 2 5135 1196
184339 R 4.0 407 2 4201 1197
184434 R 2.0 696 1 1383 1198
184528 R 2.0 697 1 1348 1199
184628 R 110.219 196 3 9650 1200
184718 R 110.219 197 3 8813 1201
184813 R 2.0 698 1 1377 1202
184907 R 2.0 699 1 1343 1203
184999 R 2.0 700 1 923 1204
185097 R 2.0 701 1 893 1205
185184 R 4.0 408 2 4278 1206
185286 R 4.0 409 2 4124 1207
185378 R 2.0 702 1 918 1208
185467 R 2.0 703 1 880 1209
185563 R 110.219 198 3 9457 1210
185586 R 4.0 410 2 4040 1211
185608 R 2.0 704 1 764 1212
185632 R 2.0 705 1 661 1213
185660 R 110.219 199 3 8744 1214
185685 R 2.0 706 1 585 1215
185702 R 2.0 707 1 474 1216
185728 R 4.0 411 2 3799 1217
185750 R 4.0 412 2 2796 1218
185777 R 2.0 708 1 293 1219
185941 R 2.0 709 1 329 1220
186033 R 2.0 710 1 293 1221
186130 R 2.0 711 1 262 1222
186218 R 110.219 201 3 7994 1223
186320 R 2.0 712 1 324 1224
186412 R 4.0 413 2 3074 1225
186501 R 110.219 202 3 7466 1226
186597 R 2.0 713 1 473 1227
186691 R 4.0 414 2 2329 1228
186783 R 2.0 714 1 531 1229
186880 R 110.219 203 3 7603 1230
186976 R 2.0 715 1 596 1231
187070 R 4.0 415 2 2324 1232
187161 R 110.219 204 3 7587 1233
187257 R 2.0 716 1 749 1234
187351 R 4.0 416 2 2221 1235
187444 R 2.0 717 1 808 1236
187535 R 4.0 417 2 2149 1237
187631 R 2.0 718 1 868 1238
187726 R 4.0 418 2 2212 1239
187819 R 2.0 719 1 927 1240
187918 R 2.0 720 1 898 1241
188006 R 4.0 419 2 1981 1242
188101 R 2.0 721 1 825 1243
188194 R 4.0 420 2 2040 1244
188293 R 2.0 722 1 889 1245
188757 R 4.0 421 2 2475 1246
188856 R 4.0 422 2 2446 1247
188944 R 2.0 723 1 1284 1248
189039 R 2.0 724 1 1251 1249
189132 R 4.0 423 2 2594 1250
189230 R 4.0 424 2 2565 1251
189327 R 2.0 725 1 1283 1252
189414 R 2.0 726 1 1242 1253
189515 R 4.0 425 2 2721 1254
189605 R 2.0 727 1 1306 1255
189702 R 2.0 728 1 890 1256
189797 R 4.0 426 2 2875 1257
189890 R 4.0 427 2 2840 1258
189980 R 2.0 729 1 912 1259
190004 R 2.0 730 1 808 1260
190641 R 4.0 428 2 3463 1261
190736 R 4.0 429 2 3430 1262
190828 R 2.0 731 1 1377 1263
190919 R 2.0 732 1 1339 1264
191016 R 4.0 431 2 3454 1265
191111 R 2.0 733 1 1403 1266
191203 R 2.0 734 1 1368 1267
191294 R 2.0 735 1 1330 1268
191391 R 2.0 736 1 1299 1269
191486 R 2.0 737 1 1266 1270
192048 R 4.0 432 2 4358 1271
192147 R 4.0 433 2 4202 1272
192236 R 2.0 738 1 1376 1273
192330 R 2.0 739 1 1343 1274
192423 R 110.219 206 3 11212 1275
192522 R 2.0 740 1 1406 1276
192611 R 2.0 741 1 1367 1277
192705 R 4.0 434 2 4376 1278
192798 R 4.0 435 2 3828 1279
192897 R 2.0 742 1 1397 1280
192986 R 4.0 436 2 3888 1281
193080 R 4.0 437 2 3726 1282
193173 R 2.0 743 1 905 1283
193272 R 2.0 744 1 876 1284
193369 R 110.219 208 3 11105 1285
193455 R 2.0 745 1 931 1286
193556 R 2.0 746 1 904 1287
193647 R 4.0 438 2 4037 1288
193743 R 4.0 439 2 4006 1289
193838 R 2.0 747 1 930 1290
194401 R 2.0 748 1 1365 1291
194492 R 4.0 440 2 3730 1292
194588 R 110.219 210 3 11015 1293
194683 R 2.0 749 1 1391 1294
194776 R 2.0 750 1 1356 1295
194867 R 4.0 441 2 3721 1296
194963 R 4.0 442 2 3561 1297
195058 R 2.0 751 1 1382 1298
195151 R 2.0 752 1 1347 1299
195241 R 2.0 753 1 1310 1300
195808 R 2.0 754 1 1364 1301
195903 R 4.0 443 2 4373 1302
195996 R 4.0 444 2 3826 1303
196094 R 2.0 755 1 1394 1304
196183 R 2.0 756 1 1355 1305
196278 R 110.219 212 3 11781 1306
196371 R 4.0 445 2 3817 1307
196469 R 2.0 757 1 1385 1308
196561 R 2.0 758 1 1349 1309
196582 R 2.0 759 1 1242 1310
196747 R 2.0 760 1 895 1311
196839 R 4.0 446 2 4030 1312
196938 R 4.0 447 2 4000 1313
197027 R 2.0 761 1 919 1314
197122 R 2.0 762 1 886 1315
197214 R 4.0 448 2 4021 1316
197313 R 110.219 214 3 11422 1317
197410 R 2.0 763 1 918 1318
197497 R 2.0 764 1 877 1319
197597 R 4.0 449 2 4019 1320
198158 R 2.0 765 1 1410 1321
198255 R 2.0 766 1 1379 1322
198349 R 2.0 767 1 1346 1323
198442 R 110.219 215 3 11229 1324
198533 R 2.0 768 1 1401 1325
198630 R 2.0 769 1 1370 1326
198724 R 4.0 450 2 4123 1327
198817 R 110.219 217 3 8929 1328
198908 R 2.0 770 1 1392 1329
199005 R 2.0 771 1 1361 1330
199099 R 4.0 451 2 4113 1331
199192 R 2.0 772 1 908 1332
199283 R 2.0 773 1 871 1333
199380 R 110.219 218 3 9194 1334
199474 R 2.0 774 1 934 1335
200037 R 2.0 775 1 1369 1336
200136 R 4.0 452 2 4126 1337
200224 R 4.0 453 2 4088 1338
200319 R 2.0 776 1 1395 1339
200412 R 2.0 777 1 1360 1340
200511 R 4.0 454 2 4117 1341
200599 R 4.0 455 2 4077 1342
200694 R 2.0 778 1 1386 1343
200787 R 2.0 779 1 1351 1344
200886 R 2.0 780 1 1322 1345
200974 R 2.0 781 1 898 1346
201069 R 2.0 782 1 865 1347
201162 R 4.0 456 2 4384 1348
201260 R 2.0 783 1 929 1349
201352 R 2.0 784 1 892 1350
201445 R 4.0 457 2 4283 1351
201543 R 4.0 458 2 4127 1352
201632 R 2.0 785 1 916 1353
201727 R 2.0 786 1 883 1354
201820 R 4.0 459 2 4274 1355
202388 R 4.0 460 2 4074 1356
202485 R 2.0 787 1 1385 1357
202572 R 2.0 788 1 1344 1358
202673 R 2.0 789 1 1317 1359
202763 R 4.0 461 2 4193 1360
202860 R 2.0 790 1 1376 1361
202955 R 2.0 791 1 1343 1362
203047 R 4.0 462 2 4222 1363
203138 R 2.0 792 1 1398 1364
203235 R 2.0 793 1 1367 1365
203330 R 4.0 463 2 4376 1366
203422 R 2.0 794 1 914 1367
203513 R 2.0 795 1 877 1368
203610 R 4.0 464 2 4401 1369
203706 R 2.0 796 1 943 1370
203794 R 2.0 797 1 902 1371
203888 R 2.0 798 1 868 1372
203988 R 110.219 224 3 9876 1373
204077 R 2.0 799 1 929 1374
204173 R 2.0 800 1 897 1375
204267 R 4.0 465 2 3905 1376
204359 R 4.0 466 2 3741 1377
204456 R 2.0 801 1 924 1378
204552 R 2.0 802 1 892 1379
204641 R 4.0 467 2 3895 1380
204740 R 4.0 468 2 3738 1381
204829 R 2.0 803 1 913 1382
204923 R 2.0 804 1 879 1383
205016 R 110.219 226 3 9554 1384
205115 R 110.219 227 3 9483 1385
205674 R 2.0 805 1 1374 1386
205768 R 2.0 806 1 1340 1387
205861 R 4.0 469 2 4091 1388
205960 R 2.0 807 1 1404 1389
205983 R 2.0 808 1 1299 1390
206150 R 110.219 229 3 9380 1391
206237 R 4.0 470 2 3443 1392
206331 R 2.0 809 1 1391 1393
206361 R 2.0 810 1 1293 1394
206615 R 2.0 811 1 1419 1395
206708 R 2.0 812 1 1001 1396
206808 R 2.0 813 1 972 1397
206898 R 2.0 814 1 934 1398
206994 R 2.0 815 1 902 1399
207087 R 4.0 472 2 3653 1400
207179 R 2.0 816 1 959 1401
207277 R 2.0 817 1 929 1402
207365 R 2.0 818 1 889 1403
207466 R 4.0 473 2 3904 1404
207558 R 4.0 474 2 3740 1405
207648 R 2.0 819 1 916 1406
207744 R 2.0 820 1 884 1407
207837 R 110.219 231 3 9885 1408
207929 R 4.0 475 2 3727 1409
208497 R 2.0 821 1 1381 1410
208592 R 2.0 822 1 1348 1411
208686 R 110.219 232 3 10180 1412
208778 R 2.0 823 1 1406 1413
208876 R 2.0 824 1 1376 1414
208963 R 2.0 825 1 1335 1415
209057 R 4.0 477 2 4215 1416
209157 R 2.0 826 1 1401 1417
209247 R 2.0 827 1 1363 1418
209342 R 2.0 828 1 1330 1419
209906 R 2.0 829 1 1382 1420
209998 R 2.0 830 1 1346 1421
210095 R 4.0 478 2 5125 1422
210191 R 2.0 831 1 1411 1423
210285 R 2.0 832 1 1377 1424
210377 R 2.0 833 1 1341 1425
210466 R 4.0 479 2 4472 1426
210562 R 2.0 834 1 1398 1427
210655 R 2.0 835 1 1363 1428
210679 R 2.0 836 1 1259 1429
210850 R 2.0 837 1 918 1430
210939 R 2.0 838 1 879 1431
211031 R 110.219 234 3 10908 1432
211059 R 4.0 480 2 4425 1433
211077 R 2.0 839 1 761 1434
211105 R 2.0 840 1 661 1435
211129 R 2.0 841 1 557 1436
211150 R 2.0 842 1 450 1437
211318 R 4.0 481 2 8339 1438
211406 R 2.0 843 1 578 1439
211508 R 4.0 482 2 4490 1440
211599 R 2.0 844 1 643 1441
211784 R 2.0 845 1 700 1442
211878 R 2.0 846 1 666 1443
211977 R 110.219 235 3 10854 1444
212067 R 2.0 847 1 727 1445
212163 R 4.0 483 2 4761 1446
212257 R 2.0 848 1 789 1447
212348 R 4.0 484 2 4690 1448
212446 R 4.0 485 2 4660 1449
212534 R 2.0 849 1 938 1450
212635 R 4.0 486 2 3826 1451
212727 R 2.0 850 1 875 1452
212817 R 4.0 487 2 3623 1453
212917 R 2.0 851 1 937 1454
212936 R 2.0 852 1 828 1455
212963 R 4.0 488 2 2745 1456
212983 R 4.0 489 2 2637 1457
213007 R 2.0 853 1 643 1458
213028 R 2.0 854 1 536 1459
213196 R 4.0 490 2 2338 1460
213292 R 4.0 491 2 2307 1461
213385 R 2.0 855 1 637 1462
213477 R 2.0 856 1 601 1463
213575 R 2.0 857 1 571 1464
213663 R 2.0 858 1 531 1465
213756 R 4.0 492 2 2386 1466
213850 R 2.0 859 1 590 1467
213880 R 4.0 493 2 2382 1468
214603 R 4.0 494 2 2977 1469
214697 R 2.0 860 1 1309 1470
214797 R 4.0 495 2 3043 1471
214887 R 2.0 861 1 1371 1472
214982 R 4.0 496 2 3100 1473
215076 R 4.0 497 2 3066 1474
215168 R 4.0 498 2 2902 1475
215266 R 2.0 862 1 1494 1476
215353 R 2.0 863 1 1453 1477
215455 R 2.0 864 1 1427 1478
215547 R 2.0 865 1 879 1479
215636 R 4.0 499 2 3243 1480
215732 R 4.0 500 2 3082 1481
215826 R 2.0 866 1 902 1482
215920 R 4.0 501 2 3142 1483
216487 R 110.219 242 3 11101 1484
216581 R 2.0 867 1 1402 1485
216674 R 2.0 868 1 1366 1486
216765 R 4.0 502 2 3475 1487
216862 R 4.0 503 2 3444 1488
216956 R 2.0 869 1 1392 1489
217049 R 2.0 870 1 1357 1490
217140 R 110.219 243 3 11211 1491
217237 R 2.0 871 1 1289 1492
217331 R 2.0 872 1 1255 1493
217424 R 110.219 244 3 10332 1494
217523 R 2.0 873 1 935 1495
217612 R 2.0 874 1 896 1496
217706 R 4.0 504 2 4032 1497
217799 R 4.0 505 2 3997 1498
218368 R 2.0 875 1 1396 1499
218456 R 2.0 876 1 1356 1500
218551 R 4.0 506 2 3725 1501
218644 R 4.0 507 2 3690 1502
218743 R 2.0 877 1 1387 1503
218831 R 2.0 878 1 1347 1504
218926 R 4.0 508 2 3844 1505
219019 R 4.0 509 2 3809 1506
219118 R 2.0 879 1 1378 1507
219214 R 2.0 880 1 1346 1508
219771 R 2.0 881 1 1391 1509
219872 R 2.0 882 1 1364 1510
219962 R 4.0 510 2 4496 1511
220059 R 110.219 247 3 10572 1512
220154 R 2.0 883 1 1390 1513
220247 R 2.0 884 1 1355 1514
220337 R 4.0 511 2 4487 1515
220434 R 2.0 885 1 1414 1516
220529 R 2.0 886 1 1381 1517
220622 R 2.0 887 1 1346 1518
221182 R 2.0 888 1 1394 1519
221279 R 2.0 889 1 1363 1520
221374 R 4.0 512 2 4756 1521
221466 R 4.0 513 2 4592 1522
221557 R 2.0 890 1 1385 1523
221654 R 2.0 891 1 1354 1524
221749 R 4.0 514 2 4747 1525
221841 R 4.0 515 2 4583 1526
221940 R 2.0 892 1 1384 1527
222029 R 2.0 893 1 1345 1528
222124 R 2.0 894 1 928 1529
222216 R 2.0 895 1 892 1530
222315 R 110.219 249 3 11350 1531
222404 R 4.0 516 2 4762 1532
222498 R 2.0 896 1 919 1533
222591 R 2.0 897 1 883 1534
222690 R 110.219 250 3 10916 1535
222786 R 4.0 517 2 4120 1536
222802 R 2.0 898 1 838 1537
223062 R 2.0 899 1 970 1538
223156 R 110.219 252 3 9219 1539
223254 R 2.0 900 1 1034 1540
223279 R 2.0 901 1 931 1541
223296 R 4.0 518 2 4246 1542
223532 R 4.0 519 2 3458 1543
223626 R 2.0 902 1 1022 1544
223725 R 2.0 903 1 993 1545
223815 R 2.0 904 1 955 1546
223911 R 2.0 905 1 923 1547
224005 R 2.0 906 1 889 1548
224096 R 2.0 907 1 852 1549
224194 R 2.0 908 1 822 1550
224282 R 2.0 909 1 782 1551
224384 R 110.219 254 3 9905 1552
224945 R 4.0 520 2 4487 1553
225035 R 2.0 910 1 1407 1554
225131 R 2.0 911 1 1375 1555
225224 R 2.0 912 1 1340 1556
225319 R 110.219 255 3 10030 1557
225415 R 2.0 913 1 1403 1558
225510 R 2.0 914 1 1370 1559
225604 R 4.0 521 2 4122 1560
225626 R 4.0 522 2 4016 1561
225650 R 2.0 915 1 1254 1562
225670 R 4.0 523 2 3804 1563
225695 R 2.0 916 1 659 1564
225720 R 2.0 917 1 556 1565
225885 R 2.0 918 1 593 1566
225978 R 4.0 524 2 3984 1567
226068 R 2.0 919 1 648 1568
226165 R 2.0 920 1 617 1569
226260 R 2.0 921 1 584 1570
226353 R 2.0 922 1 549 1571
226451 R 4.0 525 2 4201 1572
226540 R 2.0 923 1 608 1573
226635 R 4.0 526 2 4129 1574
226728 R 4.0 527 2 4094 1575
226826 R 2.0 924 1 766 1576
226915 R 4.0 528 2 3385 1577
227010 R 2.0 925 1 822 1578
227102 R 4.0 529 2 3445 1579
227201 R 2.0 926 1 885 1580
227290 R 4.0 530 2 3248 1581
227385 R 4.0 531 2 3087 1582
227477 R 2.0 927 1 905 1583
227576 R 2.0 928 1 876 1584
227673 R 4.0 532 2 3248 1585
228230 R 2.0 929 1 1402 1586
228330 R 2.0 930 1 1374 1587
228421 R 4.0 533 2 3356 1588
228518 R 4.0 534 2 3068 1589
228612 R 2.0 931 1 1401 1590
228705 R 2.0 932 1 1365 1591
228796 R 110.219 262 3 9072 1592
228893 R 4.0 535 2 2931 1593
228987 R 2.0 933 1 1391 1594
229080 R 2.0 934 1 1356 1595
229641 R 2.0 935 1 1405 1596
229738 R 2.0 936 1 1374 1597
229832 R 4.0 536 2 3742 1598
229925 R 110.219 263 3 9403 1599
230016 R 2.0 937 1 1396 1600
230112 R 2.0 938 1 1365 1601
230207 R 4.0 537 2 3861 1602
