using saved target 'z1'
../../../../contiki/tools/sky/serialdump-linux -b115200 /dev/ttyUSB1
connecting to /dev/ttyUSB1 (115200) [OK]
Rime started with address 2.0
MAC 02:00:00:00:00:00:00:00 Ref ID: 4841
Contiki-3.x-2125-g5d67a61 started. Node id is set to 2.

************************************************
RTIMER_SECOND = 32768. F_CPU=8000000.
CLOCK_SECOND=128.
DURSLOT = 6015.(0.1835 s).
DURSLEEP = 114285.
DURCYCLE = 120300 .(3.6712 s).
MAX_CLOCK_DRIFT = WAKEUP_ADVANCE_TIME = 327 (0.0033 s).
PERIODIC_BCAST_CYCLES_SENSOR = 983043.
PERIODIC_BCAST_CYCLES_SINK = 983043.
MAX_CYCLE_COUNTER = 27904.
MAX_COUNT_NO_RTS_CTS = 65535.
MAX_CHILD_NUM = 10.
MAX_TRY_TO_FIND_PARENT = 3.

**********Below is Related Settings**********
PRIMAC_CONF_COMPOWER = 1.
PRIMAC_CONF_COMPOWER_SUPPORT = 1.
SF = 18.
PRI_SYNC_SUPPORT = 1.
RANDOM_DRIFT_IN_COOJA_SUPPORT = 0.
ADCSC_SUPPORT = 1.
DATA_TX_SUPPORT = 1.
CYCLES_PER_PACKET = 4.
DATA_INTERVAL = 7.
RETX_LIMIT = 6.
TOTAL_DATA_NUM = 50.
MAX_DATA_QUEUE_BUFS = 10.
PROC_GRADE_BASED_ON_ADDR_SUPPORT = 1.
NODES_NUM_PER_GRADE = 2.
ADDRESS_FREE_SUPPORT = 1.
IS_COOJA_SIM = 0.
CROSS_PLATFORM_SUPPORT = 1.
************************************************

My address is 143.0.
nullmac PRIMAC, channel check rate 8 Hz, radio channel 26
Starting
Hello, world
 P 0 0 0 1969858
 P 0 0 3390 2090158
 P 0 0 6780 2210458
 P 0 0 10232 2332653
 P 0 0 13622 2451058
 P 0 0 17012 2571358
 P 0 0 20402 2691658
 P 0 0 23792 2811958
EMPTY QUEUE
 P 366 0 27192 2933123
PT [1 0 1 -1 1]
 P 366 0 30582 3052558
PT [1 0 2 -1 1]
 P 2468 0 31870 3172858
PT [1 0 3 -1 1]
 P 4475 0 33253 3293158
PT [1 0 4 -1 1]
 P 4475 0 36643 3413458
PT [1 0 5 -1 1]
EMPTY QUEUE
 P 4810 0 40042 3535263
PT [1 0 6 -2 2]
 P 4810 0 43432 3654058
PT [1 0 7 -2 2]
rcv bro rts
 P 6157 0 43473 3774358
PT [1 0 8 -2 2]
 P 7597 0 43476 3894658
PT [1 0 9 -2 2]
 P 7597 0 46866 4014958
PT [1 0 10 -2 2]
EMPTY QUEUE
 P 7931 0 50266 4137210
PT [1 0 11 -3 2]
 P 7931 0 53656 4255558
PT [1 0 12 -3 2]
 P 9695 0 53665 4375858
PT [1 0 13 -3 2]
 P 12448 0 53668 4496158
PT [1 0 14 -3 2]
 P 12448 0 57058 4616458
PT [1 0 15 -3 2]
EMPTY QUEUE
 P 12783 0 60458 4738647
PT [1 0 16 -4 2]
 P 12783 0 63848 4857058
PT [1 0 17 -4 2]
 P 15506 0 63857 4977358
PT [1 0 18 -4 2]
 P 16405 0 63860 5097658
PT [1 0 19 -4 2]
 P 16405 0 67250 5217958
PT [1 0 20 -4 2]
EMPTY QUEUE
 P 16740 0 70649 5339571
PT [1 0 21 -4 2]
 P 16740 0 74039 5458558
PT [1 0 22 -4 2]
 P 19079 0 74048 5578858
PT [1 0 23 -4 2]
 P 21707 0 74051 5699158
PT [1 0 24 -4 2]
 P 21707 0 77441 5819458
PT [1 0 25 -4 2]
EMPTY QUEUE
 P 22042 0 80841 5942031
PT [1 0 26 -5 2]
 P 22042 0 84231 6060058
PT [1 0 27 -5 2]
 P 23805 0 84240 6180358
PT [1 0 28 -5 2]
 P 25603 0 84243 6300658
PT [1 0 29 -5 2]
 P 25603 0 87633 6420958
PT [1 0 30 -5 2]
EMPTY QUEUE
 P 25937 0 91033 6541930
PT [1 0 31 -6 2]
 P 25937 0 94423 6661558
PT [1 0 32 -6 2]
 P 25937 0 97813 6781858
PT [1 0 33 -6 2]
 P 27064 0 97817 6902158
PT [1 0 34 -6 2]
 P 29403 0 97826 7022458
PT [1 0 35 -6 2]
EMPTY QUEUE
 P 29738 0 101225 7145415
PT [1 0 36 -7 2]
 P 29738 0 104615 7263058
PT [1 0 37 -7 2]
 P 29738 0 108005 7383358
PT [1 0 38 -7 2]
 P 32403 0 108008 7503658
PT [1 0 39 -7 2]
 P 33750 0 108017 7623958
PT [1 0 40 -7 2]
EMPTY QUEUE
 P 34085 0 111416 7746339
PT [1 0 41 -7 2]
 P 34085 0 114806 7864558
PT [1 0 42 -7 2]
 P 34085 0 118196 7984858
PT [1 0 43 -7 2]
 P 35152 0 118199 8105158
PT [1 0 44 -7 2]
 P 35152 0 121589 8225458
PT [1 0 45 -7 2]
EMPTY QUEUE
 P 37537 0 121608 8346750
PT [1 0 46 -8 2]
 P 37537 0 124998 8466058
PT [1 0 47 -8 2]
 P 37537 0 128388 8586358
PT [1 0 48 -8 2]
 P 38541 0 128391 8706658
PT [1 0 49 -8 2]
 P 38541 0 131781 8826958
PT [1 0 50 -8 2]
EMPTY QUEUE
 P 38875 0 135181 8949818
PT [1 0 51 -9 2]
 P 41060 0 135190 9067558
PT [1 0 52 -9 2]
 P 43399 0 135199 9187858
PT [1 0 53 -9 2]
 P 45142 0 135202 9308158
PT [1 0 54 -9 2]
 P 45142 0 138592 9428458
PT [1 0 55 -9 2]
EMPTY QUEUE
 P 45478 0 141992 9550616
PT [1 0 56 -8 2]
 P 45478 0 145382 9669058
PT [1 0 57 -8 2]
 P 47241 0 145391 9789358
PT [1 0 58 -8 2]
 P 49082 0 145394 9909658
PT [1 0 59 -8 2]
 P 49082 0 148784 10029958
PT [1 0 60 -8 2]
EMPTY QUEUE
 P 49416 0 152184 10152306
PT [1 0 61 -10 2]
 P 49416 0 155574 10270558
PT [1 0 62 -10 2]
 P 49416 0 158964 10390858
PT [1 0 63 -10 2]
 P 52139 0 158973 10511158
PT [1 0 64 -10 2]
 P 54972 0 158976 10631458
PT [1 0 65 -10 2]
EMPTY QUEUE
 P 55306 0 162376 10753486
PT [1 0 66 -11 2]
 P 55306 0 165766 10872058
PT [1 0 67 -11 2]
 P 55306 0 169156 10992358
PT [1 0 68 -11 2]
 P 56429 0 169165 11112658
PT [1 0 69 -11 2]
 P 56429 0 172555 11232958
PT [1 0 70 -11 2]
 P 57920 0 172558 11353258
PT [1 0 71 -11 2]
EMPTY QUEUE
 P 57931 0 175950 11474124
PT [1 0 72 -11 2]
EMPTY QUEUE
 P 58265 0 179350 11595426
PT [1 0 73 -12 2]
 P 59324 0 179359 11714158
PT [1 0 74 -12 2]
 P 59324 0 182749 11834458
PT [1 0 75 -12 2]
 P 59324 0 186139 11954758
PT [1 0 76 -12 2]
 P 61010 0 186142 12075058
PT [1 0 77 -12 2]
 P 63140 344 186162 12197648
PT [1 0 78 -13 2]
 P 65252 760 186194 12316764
PT [1 0 79 -13 2]
 P 67593 832 186210 12435958
PT [1 0 80 -13 2]
 P 69818 1176 186231 12558100
PT [1 0 81 -13 2]
 P 70153 1248 189633 12676558
PT [1 0 82 -13 2]
 P 72352 1248 189636 12796858
PT [1 0 83 -13 2]
 P 74515 1592 189656 12919097
PT [1 0 84 -13 2]
 P 76730 1664 189670 13037458
PT [1 0 85 -13 2]
 P 79400 1736 189690 13159568
PT [1 0 86 -14 2]
 P 81082 2080 189711 13280829
PT [1 0 87 -14 2]
 P 84235 2496 189748 13398358
PT [1 0 88 -14 2]
 P 85988 2496 189751 13518658
PT [1 0 89 -14 2]
 P 89046 2840 189771 13640097
PT [1 0 90 -14 2]
Warning: data sending process fails.
 P 95284 3738 189954 13759258
PT [1 0 91 -14 2]
 P 96678 4082 189974 13880856
PT [1 0 92 -15 2]
 P 99856 4154 193378 13999858
PT [1 0 93 -15 2]
 P 102529 4498 193399 14121936
PT [1 0 94 -15 2]
 P 105507 4914 193441 14243228
PT [1 0 95 -15 2]
 P 109114 5187 193453 14360758
PT [1 0 96 -15 2]
 P 112172 5531 193474 14483029
PT [1 0 97 -15 2]
 P 117650 6019 193521 14601358
PT [1 0 98 -15 2]
 P 120324 6363 193541 14723692
PT [1 0 99 -16 2]
 P 122432 6707 193564 14844056
PT [1 0 100 -16 2]
 P 124346 6851 196981 14962258
PT [1 0 101 -16 2]
 P 126027 7196 197002 15084528
PT [1 0 102 -16 2]
 P 131718 8012 202993 15207684
PT [1 0 103 -16 2]
 P 133976 8357 203014 15325257
PT [1 0 104 -16 2]
 P 137067 8845 203064 15443458
PT [1 0 105 -16 2]
 P 139753 8845 203067 15563758
PT [1 0 106 -16 2]
 P 142350 9117 203078 15685638
PT [1 0 107 -16 2]
 P 145595 9733 203108 15807128
PT [1 0 108 -17 2]
 P 149823 10237 203201 15924658
PT [1 0 109 -17 2]
 P 151839 10237 203204 16044958
PT [1 0 110 -17 2]
 P 153521 10581 203225 16167357
PT [1 0 111 -17 2]
 P 157313 11198 209223 16287017
PT [1 0 112 -17 2]
 P 159201 11198 209228 16405858
PT [1 0 113 -17 2]
 P 161154 11198 209231 16526158
PT [1 0 114 -17 2]
 P 162787 11198 209234 16646458
PT [1 0 115 -17 2]
 P 164200 11470 209245 16768338
PT [1 0 116 -17 2]
 P 171393 12288 209284 16887058
PT [1 0 117 -17 2]
 P 174083 12288 209287 17007358
PT [1 0 118 -17 2]
 P 175765 12360 209307 17129756
PT [1 0 119 -18 2]
 P 185828 13739 209390 17247958
PT [1 0 120 -18 2]
 P 188444 13811 209410 17370068
PT [1 0 121 -19 2]
 P 193953 14459 209520 17488558
PT [1 0 122 -19 2]
 P 194022 14459 215482 17612404
PT [1 0 123 -19 2]
 P 195978 14459 215485 17729158
PT [1 0 124 -19 2]
 P 198386 14732 218066 17853612
PT [1 0 125 -19 2]
 P 206759 15820 218107 17969758
PT [1 0 126 -19 2]
 P 208217 16164 218128 18092030
PT [1 0 127 -19 2]
 P 212407 16740 218220 18210358
PT [1 0 128 -20 2]
 P 213800 17084 218241 18333588
PT [1 0 129 -20 2]
 P 220797 18188 218315 18453600
PT [1 0 130 -20 2]
 P 222565 18188 218320 18571258
PT [1 0 131 -20 2]
 P 224247 18532 218341 18693657
PT [1 0 132 -20 2]
 P 231104 19020 218396 18811858
PT [1 0 133 -20 2]
 P 232786 19364 218415 18934448
PT [1 0 134 -21 2]
 P 239323 20053 218460 19052458
PT [1 0 135 -21 2]
 P 241900 20397 218481 19174856
PT [1 0 136 -21 2]
 P 245345 20397 218494 19293058
PT [1 0 137 -21 2]
 P 246377 20397 218498 19413358
PT [1 0 138 -21 2]
 P 248882 20397 218501 19533658
PT [1 0 139 -21 2]
 P 250564 20741 218520 19656056
PT [1 0 140 -21 2]
 P 257603 21557 218552 19774258
PT [1 0 141 -21 2]
 P 258792 21831 218562 19896330
PT [1 0 142 -21 2]
 P 262030 22105 218573 20014858
PT [1 0 143 -21 2]
 P 263455 22177 218593 20137928
PT [1 0 144 -22 2]
 P 270036 23083 218675 20255458
PT [1 0 145 -22 2]
 P 272092 23357 221255 20379912
PT [1 0 146 -22 2]
 P 273799 23357 224648 20496058
PT [1 0 147 -22 2]
 P 275481 23701 224667 20618456
PT [1 0 148 -23 2]
 P 283232 24407 224756 20736658
PT [1 0 149 -23 2]
 P 284913 24751 224776 20859056
PT [1 0 150 -23 2]
 P 290764 25583 224851 20979356
PT [1 0 151 -23 2]
 P 297926 26559 224943 21097558
PT [1 0 152 -23 2]
 P 298261 26631 228345 21219349
PT [1 0 153 -23 2]
 P 300570 26903 228355 21339578
PT [1 0 154 -23 2]
 P 301704 26903 231748 21458458
PT [1 0 155 -23 2]
 P 303387 27247 231767 21580857
PT [1 0 156 -24 2]
 P 308200 27391 231803 21699058
PT [1 0 157 -24 2]
 P 309881 27735 231823 21821648
PT [1 0 158 -24 2]
 P 317649 28567 231899 21939658
PT [1 0 159 -24 2]
 P 319680 28567 231903 22059958
PT [1 0 160 -24 2]
 P 321904 28567 231906 22180258
PT [1 0 161 -24 2]
 P 322944 28567 231909 22300558
PT [1 0 162 -24 2]
 P 324625 28911 231930 22423148
PT [1 0 163 -25 2]
 P 334130 30361 232033 22542968
PT [1 0 164 -25 2]
 P 336977 30433 232048 22661458
PT [1 0 165 -25 2]
 P 338659 30778 232069 22784049
PT [1 0 166 -25 2]
 P 347906 31867 232109 22902058
PT [1 0 167 -25 2]
 P 348242 31939 235511 23024650
PT [1 0 168 -24 2]
 P 352187 32643 235587 23144120
PT [1 0 169 -25 2]
 P 354044 32915 235598 23262958
PT [1 0 170 -25 2]
 P 356641 32915 235601 23383258
PT [1 0 171 -25 2]
 P 359506 33259 235621 23506328
PT [1 0 172 -26 2]
 P 365242 33891 235692 23623858
PT [1 0 173 -26 2]
 P 366176 33891 235695 23744158
PT [1 0 174 -26 2]
 P 368582 33891 235698 23864458
PT [1 0 175 -26 2]
 P 370904 34235 235717 23986248
PT [1 0 176 -27 2]
 P 372558 34307 235731 24105058
PT [1 0 177 -27 2]
 P 374721 34652 235750 24227073
PT [1 0 178 -27 2]
 P 379045 34924 235761 24345658
PT [1 0 179 -27 2]
 P 380920 35268 235781 24467258
PT [1 0 180 -27 2]
 P 381254 35340 239183 24586258
PT [1 0 181 -27 2]
 P 382958 35340 239187 24706558
PT [1 0 182 -27 2]
 P 384371 35612 239197 24828118
PT [1 0 183 -27 2]
 P 386488 35884 239207 24948738
PT [1 0 184 -27 2]
 P 387617 35884 239211 25067458
PT [1 0 185 -27 2]
 P 390194 36228 239231 25189856
PT [1 0 186 -28 2]
 P 392350 36228 239237 25308058
PT [1 0 187 -28 2]
 P 394608 36573 239259 25430457
PT [1 0 188 -28 2]
 P 397817 36717 239286 25548658
PT [1 0 189 -28 2]
 P 398905 36717 239293 25668958
PT [1 0 190 -28 2]
 P 401380 36717 239297 25789258
PT [1 0 191 -28 2]
 P 403280 36717 239300 25909558
PT [1 0 192 -28 2]
 P 404693 36989 239310 26031438
PT [1 0 193 -28 2]
 P 406941 37261 239321 26150158
PT [1 0 194 -28 2]
 P 409999 37605 239341 26273229
PT [1 0 195 -29 2]
 P 410669 37749 242755 26390758
PT [1 0 196 -29 2]
 P 410669 37749 246145 26511058
PT [1 0 197 -29 2]
 P 410669 37749 249535 26631358
PT [1 0 198 -29 2]
 P 411931 37749 249538 26751658
PT [1 0 199 -29 2]
 P 413054 37749 249546 26871958
PT [1 0 200 -29 2]
EMPTY QUEUE
 P 413388 37749 252946 26993122
PT [1 0 201 -30 2]
 P 413388 37749 256336 27112558
PT [1 0 202 -30 2]
 P 413388 37749 259726 27232858
PT [1 0 203 -30 2]
 P 414588 37749 259729 27353158
PT [1 0 204 -30 2]
 P 414588 37749 263119 27473458
PT [1 0 205 -30 2]
EMPTY QUEUE
 P 416014 37749 263137 27596095
PT [1 0 206 -31 2]
 P 416014 37749 266527 27714058
PT [1 0 207 -31 2]
 P 416014 37749 269917 27834358
PT [1 0 208 -31 2]
 P 418687 37749 269920 27954658
PT [1 0 209 -31 2]
 P 418687 37749 273310 28074958
PT [1 0 210 -31 2]
EMPTY QUEUE
 P 420814 37749 273326 28196827
PT [1 0 211 -31 2]
 P 420814 37749 276716 28315558
PT [1 0 212 -31 2]
 P 422161 37749 276724 28435858
PT [1 0 213 -31 2]
 P 423269 37749 276727 28556158
PT [1 0 214 -31 2]
 P 425208 37749 276730 28676458
PT [1 0 215 -31 2]
EMPTY QUEUE
 P 425544 37749 280130 28799288
PT [1 0 216 -32 2]
 P 425544 37749 283520 28917058
PT [1 0 217 -32 2]
 P 425544 37749 286910 29037358
PT [1 0 218 -32 2]
 P 427595 37749 286918 29157658
PT [1 0 219 -32 2]
 P 428608 37749 286921 29277958
PT [1 0 220 -32 2]
EMPTY QUEUE
 P 428942 37749 290321 29399186
PT [1 0 221 -33 2]
 P 428942 37749 293711 29518558
PT [1 0 222 -33 2]
 P 428942 37749 297101 29638858
PT [1 0 223 -33 2]
 P 428942 37749 300491 29759158
PT [1 0 224 -33 2]
 P 431185 37749 300499 29879458
PT [1 0 225 -33 2]
 P 432168 37749 300502 29999758
PT [1 0 226 -33 2]
EMPTY QUEUE
 P 432502 37749 303902 30120922
PT [1 0 227 -34 2]
 P 432502 37749 307292 30240358
PT [1 0 228 -34 2]
 P 432502 37749 310682 30360658
PT [1 0 229 -34 2]
 P 432502 37749 314072 30480958
PT [1 0 230 -34 2]
 P 434425 37749 314080 30601258
PT [1 0 231 -34 2]
 P 435761 37749 314084 30721558
PT [1 0 232 -34 2]
EMPTY QUEUE
 P 435827 37749 317476 30843918
PT [1 0 233 -34 2]
EMPTY QUEUE
 P 436163 37749 320875 30963727
PT [1 0 234 -35 2]
 P 436163 37749 324265 31082458
PT [1 0 235 -35 2]
 P 436163 37749 327655 31202758
PT [1 0 236 -35 2]
 P 437949 37749 327658 31323058
PT [1 0 237 -35 2]
 P 439040 37749 327666 31443358
PT [1 0 238 -35 2]
EMPTY QUEUE
 P 439109 37749 333628 31568484
PT [1 0 239 -35 2]
EMPTY QUEUE
 P 439444 37749 337027 31685526
PT [1 0 240 -36 2]
 P 439444 37749 340417 31804258
PT [1 0 241 -36 2]
 P 441168 37749 340420 31924558
PT [1 0 242 -36 2]
 P 441168 37749 343810 32044858
PT [1 0 243 -36 2]
 P 442963 37749 343818 32165158
PT [1 0 244 -36 2]
EMPTY QUEUE
 P 443032 37749 349780 32290284
PT [1 0 245 -36 2]
EMPTY QUEUE
 P 443367 37749 353179 32407327
PT [1 0 246 -36 2]
 P 444516 37749 353182 32526058
PT [1 0 247 -36 2]
 P 444516 37749 356572 32646358
PT [1 0 248 -36 2]
 P 444516 37749 359962 32766658
PT [1 0 249 -36 2]
 P 446503 37749 359970 32886958
PT [1 0 250 -36 2]
EMPTY QUEUE
 P 446572 37749 365932 33012084
PT [1 0 251 -36 2]
 P 448203 37749 365935 33127558
PT [1 0 252 -36 2]
EMPTY QUEUE
 P 448538 37749 369334 33249427
PT [1 0 253 -37 2]
 P 448538 37749 372724 33368158
PT [1 0 254 -37 2]
 P 448538 37749 376114 33488458
PT [1 0 255 -37 2]
 P 450205 37749 376122 33608758
PT [1 0 256 -37 2]
 P 452701 37749 376126 33729058
PT [1 0 257 -37 2]
EMPTY QUEUE
 P 453036 37749 379526 33851887
PT [1 0 258 -38 2]
 P 453036 37749 382916 33969658
PT [1 0 259 -38 2]
 P 453036 37749 386306 34089958
PT [1 0 260 -38 2]
 P 453036 37749 389696 34210258
PT [1 0 261 -38 2]
 P 455919 37749 389704 34330558
PT [1 0 262 -38 2]
 P 457105 37749 389708 34450858
PT [1 0 263 -38 2]
EMPTY QUEUE
 P 457440 37749 393108 34572087
PT [1 0 264 -39 2]
 P 457440 37749 396498 34691458
PT [1 0 265 -39 2]
 P 457440 37749 399888 34811758
PT [1 0 266 -39 2]
 P 457440 37749 403278 34932058
PT [1 0 267 -39 2]
 P 458979 37749 403286 35052358
PT [1 0 268 -39 2]
 P 460263 37749 403289 35172658
PT [1 0 269 -39 2]
EMPTY QUEUE
 P 460597 37749 406689 35293822
PT [1 0 270 -40 2]
 P 460597 37749 410079 35413258
PT [1 0 271 -40 2]
 P 460597 37749 413469 35533558
PT [1 0 272 -40 2]
 P 460597 37749 416859 35653858
PT [1 0 273 -40 2]
 P 462328 37749 416867 35774158
PT [1 0 274 -40 2]
 P 464606 37749 416870 35894458
PT [1 0 275 -40 2]
EMPTY QUEUE
 P 464940 37749 420270 36017094
PT [1 0 276 -41 2]
 P 464940 37749 423660 36135058
PT [1 0 277 -41 2]
 P 464940 37749 427050 36255358
PT [1 0 278 -41 2]
 P 464940 37749 430440 36375658
PT [1 0 279 -41 2]
 P 466351 37749 430448 36495958
PT [1 0 280 -41 2]
 P 467959 37749 430451 36616258
PT [1 0 281 -41 2]
EMPTY QUEUE
 P 467970 37749 433843 36737476
PT [1 0 282 -41 2]
EMPTY QUEUE
 P 467981 37749 437235 36858096
PT [1 0 283 -41 2]
EMPTY QUEUE
 P 468316 37749 440635 36978727
PT [1 0 284 -42 2]
 P 468316 37749 444025 37097458
PT [1 0 285 -42 2]
 P 469663 37749 444033 37217758
PT [1 0 286 -42 2]
 P 471722 37749 444036 37338058
PT [1 0 287 -42 2]
 P 471722 37749 447426 37458358
PT [1 0 288 -42 2]
EMPTY QUEUE
 P 471788 37749 450818 37580910
PT [1 0 289 -42 2]
EMPTY QUEUE
 P 472122 37749 454218 37700526
PT [1 0 290 -43 2]
 P 474173 37749 454226 37819258
PT [1 0 291 -43 2]
 P 474173 37749 457616 37939558
PT [1 0 292 -43 2]
 P 476169 37749 457619 38059858
PT [1 0 293 -43 2]
 P 476169 37749 461009 38180158
PT [1 0 294 -43 2]
EMPTY QUEUE
 P 476504 37749 464410 38302988
PT [1 0 295 -43 2]
 P 477851 37749 464418 38420758
PT [1 0 296 -43 2]
 P 477851 37749 467808 38541058
PT [1 0 297 -43 2]
 P 479273 37749 467811 38661358
PT [1 0 298 -43 2]
 P 479273 37749 471201 38781658
PT [1 0 299 -43 2]
EMPTY QUEUE
 P 479607 37749 474601 38902886
PT [1 0 300 -44 2]
 P 481658 37749 474609 39022258
PT [1 0 301 -44 2]
 P 481658 37749 477999 39142558
PT [1 0 302 -44 2]
 P 484041 37749 478002 39262858
PT [1 0 303 -44 2]
 P 484041 37749 481392 39383158
PT [1 0 304 -44 2]
EMPTY QUEUE
 P 484375 37749 484792 39504322
PT [1 0 305 -45 2]
 P 484375 37749 488182 39623758
PT [1 0 306 -45 2]
 P 486618 37749 488190 39744058
PT [1 0 307 -45 2]
 P 489227 37749 488193 39864358
PT [1 0 308 -45 2]
 P 489227 37749 491583 39984658
PT [1 0 309 -45 2]
EMPTY QUEUE
 P 489562 37749 494982 40107294
PT [1 0 310 -46 2]
 P 489562 37749 498372 40225258
PT [1 0 311 -46 2]
 P 489562 37749 501762 40345558
PT [1 0 312 -46 2]
 P 491485 37749 501770 40465858
PT [1 0 313 -46 2]
 P 493456 37749 501773 40586158
PT [1 0 314 -46 2]
EMPTY QUEUE
 P 493791 37749 505172 40707707
PT [1 0 315 -46 2]
 P 493791 37749 508562 40826758
PT [1 0 316 -46 2]
 P 493791 37749 511952 40947058
PT [1 0 317 -46 2]
 P 493791 37749 515342 41067358
PT [1 0 318 -46 2]
 P 494835 37749 515345 41187658
PT [1 0 319 -46 2]
EMPTY QUEUE
 P 497508 37749 515363 41309654
PT [1 0 320 -47 2]
 P 497508 37749 518753 41428258
PT [1 0 321 -47 2]
 P 497508 37749 522143 41548558
PT [1 0 322 -47 2]
 P 497508 37749 525533 41668858
PT [1 0 323 -47 2]
 P 498522 37749 525536 41789158
PT [1 0 324 -47 2]
EMPTY QUEUE
 P 500908 37749 525554 41911091
PT [1 0 325 -48 2]
 P 500908 37749 528944 42029758
PT [1 0 326 -48 2]
 P 500908 37749 532334 42150058
PT [1 0 327 -48 2]
 P 500908 37749 535724 42270358
PT [1 0 328 -48 2]
 P 500908 37749 539114 42390658
PT [1 0 329 -48 2]
 P 503557 37749 539117 42510958
PT [1 0 330 -48 2]
EMPTY QUEUE
 P 505015 37749 539134 42632315
PT [1 0 331 -48 2]
 P 505015 37749 542524 42751558
PT [1 0 332 -48 2]
 P 505015 37749 545914 42871858
PT [1 0 333 -48 2]
 P 505015 37749 549304 42992158
PT [1 0 334 -48 2]
 P 505954 37749 549307 43112458
PT [1 0 335 -48 2]
EMPTY QUEUE
 P 506289 37749 552706 43234103
PT [1 0 336 -49 2]
 P 507348 37749 552714 43353058
PT [1 0 337 -49 2]
 P 507348 37749 556104 43473358
PT [1 0 338 -49 2]
 P 507348 37749 559494 43593658
PT [1 0 339 -49 2]
 P 508225 37749 559497 43713958
PT [1 0 340 -49 2]
EMPTY QUEUE
 P 508559 37749 562897 43835794
PT [1 0 341 -50 2]
 P 511090 37749 562905 43954558
PT [1 0 342 -50 2]
 P 511090 37749 566295 44074858
PT [1 0 343 -50 2]
 P 511090 37749 569685 44195158
PT [1 0 344 -50 2]
 P 513445 37749 569688 44315458
PT [1 0 345 -50 2]
EMPTY QUEUE
 P 513779 37749 573088 44436974
PT [1 0 346 -51 2]
 P 513779 37749 576478 44556058
PT [1 0 347 -51 2]
 P 515766 37749 576486 44676358
PT [1 0 348 -51 2]
 P 515766 37749 579876 44796658
PT [1 0 349 -51 2]
 P 515766 37749 583266 44916958
PT [1 0 350 -51 2]
 P 517578 37749 583270 45037258
PT [1 0 351 -51 2]
EMPTY QUEUE
 P 517913 37749 586669 45159991
PT [1 0 352 -52 2]
 P 517913 37749 590059 45277858
PT [1 0 353 -52 2]
 P 519740 37749 590067 45398158
PT [1 0 354 -52 2]
 P 519740 37749 593457 45518458
PT [1 0 355 -52 2]
 P 519740 37749 596847 45638758
PT [1 0 356 -52 2]
 P 521396 37749 596850 45759058
PT [1 0 357 -52 2]
EMPTY QUEUE
 P 521731 37749 600249 45880447
PT [1 0 358 -52 2]
 P 521731 37749 603639 45999658
PT [1 0 359 -52 2]
 P 523271 37749 603647 46119958
PT [1 0 360 -52 2]
 P 523271 37749 607037 46240258
PT [1 0 361 -52 2]
 P 523271 37749 610427 46360558
PT [1 0 362 -52 2]
 P 524639 37749 610430 46480858
PT [1 0 363 -52 2]
EMPTY QUEUE
 P 524974 37749 613829 46602439
PT [1 0 364 -53 2]
 P 524974 37749 617219 46721458
PT [1 0 365 -53 2]
 P 527633 37749 617227 46841758
PT [1 0 366 -53 2]
 P 527633 37749 620617 46962058
PT [1 0 367 -53 2]
 P 527633 37749 624007 47082358
PT [1 0 368 -53 2]
 P 530123 37749 624010 47202658
PT [1 0 369 -53 2]
EMPTY QUEUE
 P 530458 37749 627410 47323919
PT [1 0 370 -54 2]
 P 530458 37749 630800 47443258
PT [1 0 371 -54 2]
 P 533082 37749 630807 47563558
PT [1 0 372 -54 2]
 P 534429 37749 630815 47683858
PT [1 0 373 -54 2]
 P 534429 37749 634205 47804158
PT [1 0 374 -54 2]
 P 536889 37749 634208 47924458
PT [1 0 375 -54 2]
EMPTY QUEUE
 P 537225 37749 637608 48046616
PT [1 0 376 -54 2]
 P 537225 37749 640998 48165058
PT [1 0 377 -54 2]
 P 537225 37749 644388 48285358
PT [1 0 378 -54 2]
 P 538572 37749 644396 48405658
PT [1 0 379 -54 2]
 P 538572 37749 647786 48525958
PT [1 0 380 -54 2]
 P 539338 37749 647789 48646258
PT [1 0 381 -54 2]
EMPTY QUEUE
 P 539672 37749 651189 48768606
PT [1 0 382 -56 2]
 P 539672 37749 654579 48886858
PT [1 0 383 -56 2]
 P 541723 37749 654587 49007158
PT [1 0 384 -56 2]
 P 541723 37749 657977 49127458
PT [1 0 385 -56 2]
 P 541723 37749 661367 49247758
PT [1 0 386 -56 2]
 P 542715 37749 661370 49368058
PT [1 0 387 -56 2]
EMPTY QUEUE
 P 543049 37749 664770 49490086
PT [1 0 388 -57 2]
 P 543049 37749 668160 49608658
PT [1 0 389 -57 2]
 P 544172 37749 668168 49728958
PT [1 0 390 -57 2]
 P 544172 37749 671558 49849258
PT [1 0 391 -57 2]
 P 544172 37749 674948 49969558
PT [1 0 392 -57 2]
 P 546798 37749 674952 50089858
PT [1 0 393 -57 2]
EMPTY QUEUE
 P 547133 37749 678351 50211055
PT [1 0 394 -58 2]
 P 547133 37749 681741 50330458
PT [1 0 395 -58 2]
 P 548224 37749 681749 50450758
PT [1 0 396 -58 2]
 P 548224 37749 685139 50571058
PT [1 0 397 -58 2]
 P 548224 37749 688529 50691358
PT [1 0 398 -58 2]
 P 549284 37749 688532 50811658
PT [1 0 399 -58 2]
EMPTY QUEUE
 P 549619 37749 691931 50933559
PT [1 0 400 -58 2]
 P 549619 37749 695321 51052258
PT [1 0 401 -58 2]
 P 551062 37749 695329 51172558
PT [1 0 402 -58 2]
 P 551062 37749 698719 51292858
PT [1 0 403 -58 2]
 P 552987 37749 698722 51413158
PT [1 0 404 -58 2]
EMPTY QUEUE
 P 553321 37749 702122 51535250
PT [1 0 405 -59 2]
 P 553321 37749 705512 51653758
PT [1 0 406 -59 2]
 P 553321 37749 708902 51774058
PT [1 0 407 -59 2]
 P 554988 37749 708910 51894358
PT [1 0 408 -59 2]
 P 554988 37749 712300 52014658
PT [1 0 409 -59 2]
 P 556883 37749 712303 52134958
PT [1 0 410 -59 2]
EMPTY QUEUE
 P 557217 37749 715703 52256730
PT [1 0 411 -60 2]
 P 557217 37749 719093 52375558
PT [1 0 412 -60 2]
 P 557217 37749 722483 52495858
PT [1 0 413 -60 2]
 P 560100 37749 722491 52616158
PT [1 0 414 -60 2]
 P 561069 37749 722494 52736458
PT [1 0 415 -60 2]
EMPTY QUEUE
 P 561403 37749 725894 52859446
PT [1 0 416 -61 2]
 P 561403 37749 729284 52977058
PT [1 0 417 -61 2]
 P 561403 37749 732674 53097358
PT [1 0 418 -61 2]
 P 561403 37749 736064 53217658
PT [1 0 419 -61 2]
 P 562750 37749 736072 53337958
PT [1 0 420 -61 2]
 P 563689 37749 736075 53458258
PT [1 0 421 -61 2]
EMPTY QUEUE
 P 564024 37749 739474 53579903
PT [1 0 422 -62 2]
 P 564024 37749 742864 53698858
PT [1 0 423 -62 2]
 P 564024 37749 746254 53819158
PT [1 0 424 -62 2]
 P 566075 37749 746262 53939458
PT [1 0 425 -62 2]
 P 566075 37749 749652 54059758
PT [1 0 426 -62 2]
 P 567720 37749 749655 54180058
PT [1 0 427 -62 2]
EMPTY QUEUE
 P 568055 37749 753054 54301895
PT [1 0 428 -62 2]
 P 568055 37749 756444 54420658
PT [1 0 429 -62 2]
 P 570298 37749 756452 54540958
PT [1 0 430 -62 2]
 P 570298 37749 759842 54661258
PT [1 0 431 -62 2]
 P 570298 37749 763232 54781558
PT [1 0 432 -62 2]
 P 572137 37749 763235 54901858
PT [1 0 433 -62 2]
EMPTY QUEUE
 P 572206 37749 769197 55025672
PT [1 0 434 -62 2]
EMPTY QUEUE
 P 573600 37749 769214 55144315
PT [1 0 435 -63 2]
 P 573600 37749 772604 55262758
PT [1 0 436 -63 2]
 P 573600 37749 775994 55383058
PT [1 0 437 -63 2]
 P 575120 37749 775997 55503358
PT [1 0 438 -63 2]
 P 575120 37749 779387 55623658
PT [1 0 439 -63 2]
EMPTY QUEUE
 P 575455 37749 782787 55746487
PT [1 0 440 -64 2]
 P 577794 37749 782795 55864258
PT [1 0 441 -64 2]
 P 577794 37749 786185 55984558
PT [1 0 442 -64 2]
 P 580532 37749 786188 56104858
PT [1 0 443 -64 2]
 P 580532 37749 789578 56225158
PT [1 0 444 -64 2]
EMPTY QUEUE
 P 580868 37749 792978 56346388
PT [1 0 445 -64 2]
 P 582631 37749 792986 56465758
PT [1 0 446 -64 2]
 P 582631 37749 796376 56586058
PT [1 0 447 -64 2]
 P 585210 37749 796380 56706358
PT [1 0 448 -64 2]
 P 585210 37749 799770 56826658
PT [1 0 449 -64 2]
EMPTY QUEUE
 P 585545 37749 803169 56947823
PT [1 0 450 -66 2]
 P 585545 37749 806559 57067258
PT [1 0 451 -66 2]
 P 588268 37749 806567 57187558
PT [1 0 452 -66 2]
 P 590050 37749 806570 57307858
PT [1 0 453 -66 2]
 P 590050 37749 809960 57428158
PT [1 0 454 -66 2]
EMPTY QUEUE
 P 590385 37749 813359 57550795
PT [1 0 455 -66 2]
 P 590385 37749 816749 57668758
PT [1 0 456 -66 2]
 P 590385 37749 820139 57789058
PT [1 0 457 -66 2]
 P 591508 37749 820147 57909358
PT [1 0 458 -66 2]
 P 593899 37749 820150 58029658
PT [1 0 459 -66 2]
EMPTY QUEUE
 P 593910 37749 823542 58150876
PT [1 0 460 -66 2]
EMPTY QUEUE
 P 594244 37749 826942 58271826
PT [1 0 461 -67 2]
 P 594244 37749 830332 58390558
PT [1 0 462 -67 2]
 P 594244 37749 833722 58510858
PT [1 0 463 -67 2]
 P 595304 37749 833730 58631158
PT [1 0 464 -67 2]
 P 597153 37749 833733 58751458
PT [1 0 465 -67 2]
EMPTY QUEUE
 P 597487 37749 837133 58874286
PT [1 0 466 -68 2]
 P 597487 37749 840523 58992058
PT [1 0 467 -68 2]
 P 597487 37749 843913 59112358
PT [1 0 468 -68 2]
 P 597487 37749 847303 59232658
PT [1 0 469 -68 2]
 P 600018 37749 847311 59352958
PT [1 0 470 -68 2]
 P 601709 37749 847314 59473258
PT [1 0 471 -68 2]
EMPTY QUEUE
 P 602043 37749 850714 59594486
PT [1 0 472 -69 2]
 P 602043 37749 854104 59713858
PT [1 0 473 -69 2]
 P 602043 37749 857494 59834158
PT [1 0 474 -69 2]
 P 602043 37749 860884 59954458
PT [1 0 475 -69 2]
 P 603486 37749 860892 60074758
PT [1 0 476 -69 2]
 P 604891 37749 860895 60195058
PT [1 0 477 -69 2]
EMPTY QUEUE
 P 605226 37749 864294 60316223
PT [1 0 478 -70 2]
 P 605226 37749 867684 60435658
PT [1 0 479 -70 2]
 P 605226 37749 871074 60555958
PT [1 0 480 -70 2]
 P 605226 37749 874464 60676258
PT [1 0 481 -70 2]
 P 607117 37749 874472 60796558
PT [1 0 482 -70 2]
 P 609644 37749 874475 60916858
PT [1 0 483 -70 2]
EMPTY QUEUE
 P 609710 37749 877867 61039218
PT [1 0 484 -70 2]
EMPTY QUEUE
 P 610045 37749 881266 61159027
PT [1 0 485 -71 2]
 P 610045 37749 884656 61277758
PT [1 0 486 -71 2]
 P 610045 37749 888046 61398058
PT [1 0 487 -71 2]
 P 611872 37749 888054 61518358
PT [1 0 488 -71 2]
 P 614368 37749 888059 61638658
PT [1 0 489 -71 2]
EMPTY QUEUE
 P 614379 37749 891451 61761156
PT [1 0 490 -71 2]
EMPTY QUEUE
 P 614714 37749 894850 61880827
PT [1 0 491 -71 2]
 P 614714 37749 898240 61999558
PT [1 0 492 -71 2]
 P 614714 37749 901630 62119858
PT [1 0 493 -71 2]
 P 616526 37749 901633 62240158
PT [1 0 494 -71 2]
 P 616526 37749 905023 62360458
PT [1 0 495 -71 2]
EMPTY QUEUE
 P 618111 37749 905041 62483286
PT [1 0 496 -72 2]
 P 618111 37749 908431 62601058
PT [1 0 497 -72 2]
 P 618111 37749 911821 62721358
PT [1 0 498 -72 2]
 P 620117 37749 911824 62841658
PT [1 0 499 -72 2]
 P 620117 37749 915214 62961958
PT [1 0 500 -72 2]
EMPTY QUEUE
 P 622662 37749 915232 63083186
PT [1 0 501 -73 2]
 P 622662 37749 918622 63202558
PT [1 0 502 -73 2]
 P 622662 37749 922012 63322858
PT [1 0 503 -73 2]
 P 624349 37749 922015 63443158
PT [1 0 504 -73 2]
 P 624349 37749 925405 63563458
PT [1 0 505 -73 2]
EMPTY QUEUE
 P 624684 37749 928804 63685487
PT [1 0 506 -74 2]
 P 626095 37749 928812 63804058
PT [1 0 507 -74 2]
 P 626095 37749 932202 63924358
PT [1 0 508 -74 2]
 P 628392 37749 932205 64044658
PT [1 0 509 -74 2]
 P 628392 37749 935595 64164958
PT [1 0 510 -74 2]
EMPTY QUEUE
 P 628727 37749 938994 64286155
PT [1 0 511 -74 2]
 P 628727 37749 942384 64405558
PT [1 0 512 -74 2]
 P 630746 37749 942392 64525858
PT [1 0 513 -74 2]
 P 632500 37749 942396 64646158
PT [1 0 514 -74 2]
 P 632500 37749 945786 64766458
PT [1 0 515 -74 2]
 P 634319 37749 945789 64886758
PT [1 0 516 -74 2]
EMPTY QUEUE
 P 634656 37749 949189 65008661
PT [1 0 517 -74 2]
 P 634656 37749 952579 65127358
PT [1 0 518 -74 2]
 P 635587 37749 952587 65247658
PT [1 0 519 -74 2]
 P 635587 37749 955977 65367958
PT [1 0 520 -74 2]
 P 636480 37749 955980 65488258
PT [1 0 521 -74 2]
EMPTY QUEUE
 P 636814 37749 959380 65610350
PT [1 0 522 -76 2]
 P 636814 37749 962770 65728858
PT [1 0 523 -76 2]
 P 636814 37749 966160 65849158
PT [1 0 524 -76 2]
 P 637969 37749 966168 65969458
PT [1 0 525 -76 2]
 P 638831 37749 966171 66089758
PT [1 0 526 -76 2]
EMPTY QUEUE
 P 639166 37749 969570 66211531
PT [1 0 527 -77 2]
 P 639166 37749 972960 66330358
PT [1 0 528 -77 2]
 P 639166 37749 976350 66450658
PT [1 0 529 -77 2]
 P 641505 37749 976358 66570958
PT [1 0 530 -77 2]
 P 644001 37749 976361 66691258
PT [1 0 531 -77 2]
EMPTY QUEUE
 P 644336 37749 979760 66814247
PT [1 0 532 -77 2]
 P 644336 37749 983150 66931858
PT [1 0 533 -77 2]
 P 644336 37749 986540 67052158
PT [1 0 534 -77 2]
 P 646098 37749 986549 67172458
PT [1 0 535 -77 2]
 P 646098 37749 989939 67292758
PT [1 0 536 -77 2]
 P 648596 37749 989942 67413058
PT [1 0 537 -77 2]
EMPTY QUEUE
 P 648931 37749 993342 67534703
PT [1 0 538 -78 2]
 P 648931 37749 996732 67653658
PT [1 0 539 -78 2]
 P 651653 37749 996741 67773958
PT [1 0 540 -78 2]
 P 651653 37749 1000131 67894258
PT [1 0 541 -78 2]
 P 652552 37749 1000135 68014558
PT [1 0 542 -78 2]
EMPTY QUEUE
 P 652886 37749 1003535 68136394
PT [1 0 543 -79 2]
 P 652886 37749 1006925 68255158
PT [1 0 544 -79 2]
 P 654008 37749 1006934 68375458
PT [1 0 545 -79 2]
 P 654008 37749 1010324 68495758
PT [1 0 546 -79 2]
 P 654845 37749 1010327 68616058
PT [1 0 547 -79 2]
EMPTY QUEUE
 P 655180 37749 1013726 68737574
PT [1 0 548 -80 2]
 P 655180 37749 1017116 68856658
PT [1 0 549 -80 2]
 P 656238 37749 1017125 68976958
PT [1 0 550 -80 2]
 P 656238 37749 1020515 69097258
PT [1 0 551 -80 2]
 P 657813 37749 1020518 69217558
PT [1 0 552 -80 2]
EMPTY QUEUE
 P 658148 37749 1023917 69340291
PT [1 0 553 -80 2]
 P 658148 37749 1027307 69458158
PT [1 0 554 -80 2]
 P 658148 37749 1030697 69578458
PT [1 0 555 -80 2]
 P 660678 37749 1030706 69698758
PT [1 0 556 -80 2]
 P 662350 37749 1030709 69819058
PT [1 0 557 -80 2]
EMPTY QUEUE
 P 662684 37749 1034109 69940446
PT [1 0 558 -81 2]
 P 662684 37749 1037499 70059658
PT [1 0 559 -81 2]
 P 662684 37749 1040889 70179958
PT [1 0 560 -81 2]
 P 662684 37749 1044279 70300258
PT [1 0 561 -81 2]
 P 664126 37749 1044288 70420558
PT [1 0 562 -81 2]
 P 666792 37749 1044291 70540858
PT [1 0 563 -81 2]
EMPTY QUEUE
 P 667126 37749 1047691 70662438
PT [1 0 564 -82 2]
 P 667126 37749 1051081 70781458
PT [1 0 565 -82 2]
 P 667126 37749 1054471 70901758
PT [1 0 566 -82 2]
 P 667126 37749 1057861 71022058
PT [1 0 567 -82 2]
 P 669016 37749 1057870 71142358
PT [1 0 568 -82 2]
 P 671012 37749 1057873 71262658
PT [1 0 569 -82 2]
EMPTY QUEUE
 P 671346 37749 1061273 71383918
PT [1 0 570 -83 2]
 P 671346 37749 1064663 71503258
PT [1 0 571 -83 2]
 P 671346 37749 1068053 71623558
PT [1 0 572 -83 2]
 P 671346 37749 1071443 71743858
PT [1 0 573 -83 2]
 P 673172 37749 1071452 71864158
PT [1 0 574 -83 2]
 P 674370 37749 1071455 71984458
PT [1 0 575 -83 2]
EMPTY QUEUE
 P 674705 37749 1074854 72106935
PT [1 0 576 -84 2]
 P 674705 37749 1078244 72225058
PT [1 0 577 -84 2]
 P 674705 37749 1081634 72345358
PT [1 0 578 -84 2]
 P 674705 37749 1085024 72465658
PT [1 0 579 -84 2]
 P 675955 37749 1085033 72585958
PT [1 0 580 -84 2]
 P 677763 37749 1085036 72706258
PT [1 0 581 -84 2]
EMPTY QUEUE
 P 678099 37749 1088435 72827393
PT [1 0 582 -84 2]
 P 678099 37749 1091825 72946858
PT [1 0 583 -84 2]
 P 678099 37749 1095215 73067158
PT [1 0 584 -84 2]
 P 678099 37749 1098605 73187458
PT [1 0 585 -84 2]
 P 680311 37749 1098613 73307758
PT [1 0 586 -84 2]
 P 681577 37749 1098616 73428058
PT [1 0 587 -84 2]
EMPTY QUEUE
 P 681912 37749 1102015 73549383
PT [1 0 588 -85 2]
 P 681912 37749 1105405 73668658
PT [1 0 589 -85 2]
 P 681912 37749 1108795 73788958
PT [1 0 590 -85 2]
 P 681912 37749 1112185 73909258
PT [1 0 591 -85 2]
 P 684570 37749 1112194 74029558
PT [1 0 592 -85 2]
 P 685678 37749 1112197 74149858
PT [1 0 593 -85 2]
EMPTY QUEUE
 P 686013 37749 1115597 74270863
PT [1 0 594 -86 2]
 P 686013 37749 1118987 74390458
PT [1 0 595 -86 2]
 P 686013 37749 1122377 74510758
PT [1 0 596 -86 2]
 P 688607 37749 1122386 74631058
PT [1 0 597 -86 2]
 P 688607 37749 1125776 74751358
PT [1 0 598 -86 2]
 P 689429 37749 1125779 74871658
PT [1 0 599 -86 2]
EMPTY QUEUE
 P 689763 37749 1129179 74993878
PT [1 0 600 -87 2]
 P 689763 37749 1132569 75112258
PT [1 0 601 -87 2]
 P 691783 37749 1132577 75232558
PT [1 0 602 -87 2]
 P 691783 37749 1135967 75352858
PT [1 0 603 -87 2]
 P 691783 37749 1139357 75473158
PT [1 0 604 -87 2]
 P 692799 37749 1139360 75593458
PT [1 0 605 -87 2]
EMPTY QUEUE
 P 693133 37749 1142760 75716382
PT [1 0 606 -88 2]
 P 694607 37749 1142769 75834058
PT [1 0 607 -88 2]
 P 694607 37749 1146159 75954358
PT [1 0 608 -88 2]
 P 694607 37749 1149549 76074658
PT [1 0 609 -88 2]
 P 695304 37749 1149552 76194958
PT [1 0 610 -88 2]
EMPTY QUEUE
 P 695639 37749 1152951 76316027
PT [1 0 611 -89 2]
 P 696953 37749 1152960 76435558
PT [1 0 612 -89 2]
 P 696953 37749 1156350 76555858
PT [1 0 613 -89 2]
 P 696953 37749 1159740 76676158
PT [1 0 614 -89 2]
 P 698868 37749 1159743 76796458
PT [1 0 615 -89 2]
EMPTY QUEUE
 P 699203 37749 1163142 76919255
PT [1 0 616 -89 2]
 P 699203 37749 1166532 77037058
PT [1 0 617 -89 2]
 P 701989 37749 1166541 77157358
PT [1 0 618 -89 2]
 P 701989 37749 1169931 77277658
PT [1 0 619 -89 2]
 P 704257 37749 1169935 77397958
PT [1 0 620 -89 2]
EMPTY QUEUE
 P 704591 37749 1173335 77519922
PT [1 0 621 -90 2]
 P 704591 37749 1176725 77638558
PT [1 0 622 -90 2]
 P 704591 37749 1180115 77758858
PT [1 0 623 -90 2]
 P 706291 37749 1180123 77879158
PT [1 0 624 -90 2]
 P 708785 37749 1180126 77999458
PT [1 0 625 -90 2]
EMPTY QUEUE
 P 709119 37749 1183526 78122126
PT [1 0 626 -91 2]
 P 709119 37749 1186916 78240058
PT [1 0 627 -91 2]
 P 709119 37749 1190306 78360358
PT [1 0 628 -91 2]
 P 709119 37749 1193696 78480658
PT [1 0 629 -91 2]
 P 711457 37749 1193705 78600958
PT [1 0 630 -91 2]
