using saved target 'z1'
../../tools/sky/serialdump-linux -b115200 /dev/ttyUSB7
connecting to /dev/ttyUSB7 (115200) [OK]
ESL
ESL
ESL
ESL
ESL
ESL
ESL
ESL
ESL
ESL
ESL
ESL
ESL
ESL
ESL
ESL
ESL
ESL
ESL
ESL
ESL
ESL
ESL
ESL
ESL
ESL
ESL
ESL
ESL
ESL
ESL
ESL
ESL
ESL
ESL
ESL
ESL
ESL
ESL
ESL
ESL
ESL
ESL
ESL
ESL
ESL
ESL
ESL
ESL
ESL
ESL
ESL
ESL
ESL
ESL
ESL
ESL
ESL
ESL
ESL
ESL
ESL
ESL
ESL
ESL
ESL
ESL
ESL
ESL
ESL
ESL
ESL
ESL
ESL
ESL
ESL
ESL
ESL
ESL
ESL
ESL
ESL
ESL
ESL
ESL
ESL
ESL
ESL
ESL
ESL
ESL
ESL
ESL
ESL
ESL
ESL
ESL
ESL
ESL
ESL
ESL
ESL
ESL
ESL
ESL
ESL
ESL
ESL
ESL
ESL
ESL
ESL
ESL
ESL
ESL
ESL
ESL
ESL
ESL
ESL
ESL
ESL
ESL
ESL
ESL
ESL
ESL
ESL
ESL
ESL
ESL
ESL
ESL
ESL
ESL
ESL
ESL
ESL
ESL
ESL
ESL
ESL
ESL
ESL
ESL
SL [7 0 0 2 0] 17519
SL [7 0 0 2 0] 17639
SL [7 0 0 2 0] 17758
SL [7 0 0 2 0] 17877
SL [7 0 0 2 0] 17996
SL [7 0 0 2 0] 18116
SL [7 0 0 2 0] 18235
SL [7 0 0 2 0] 18354
SL [7 0 0 2 0] 18473
SL [7 0 0 2 0] 18593
SL [7 0 0 2 0] 18712
SL [7 0 0 2 0] 18831
SL [7 0 0 2 0] 18950
SL [7 0 0 2 0] 19070
SL [7 0 0 2 0] 19189
SL [7 0 0 2 0] 19308
SL [7 0 0 2 0] 19427
SL [7 0 0 2 0] 19548
SL [7 0 0 2 0] 19666
SL [7 0 0 2 0] 19785
SL [7 0 0 2 0] 19904
SL [7 0 0 2 0] 20024
SL [7 0 0 2 0] 20143
SL [7 0 0 2 0] 20262
SL [7 0 0 2 0] 20381
SL [7 0 0 2 0] 20501
SL [7 0 0 2 0] 20620
SL [7 0 0 2 0] 20739
SL [7 0 0 2 0] 20858
SL [7 0 0 2 0] 20978
SL [7 0 0 2 0] 21097
SL [7 0 0 2 0] 21216
SL [7 0 0 2 0] 21335
SL [7 0 0 2 0] 21455
SL [7 0 0 2 0] 21574
SL [7 0 0 2 0] 21695
SL [7 0 0 2 0] 21812
SL [7 0 0 2 0] 21932
SL [7 0 0 2 0] 22051
SL [7 0 0 2 0] 22170
SL [7 0 0 2 0] 22289
SL [7 0 0 2 0] 22409
SL [7 0 0 2 0] 22528
SL [7 0 0 2 0] 22647
SL [7 0 0 2 0] 22766
SL [7 0 0 2 0] 22886
SL [7 0 0 2 0] 23005
SL [7 0 0 2 0] 23124
SL [7 0 0 2 0] 23243
SL [7 0 0 2 0] 23363
SL [7 0 0 2 0] 23482
SL [7 0 0 2 0] 23601
SL [7 0 0 2 0] 23720
SL [7 0 0 2 0] 23841
SL [7 0 0 2 0] 23959
SL [7 0 0 2 0] 24078
SL [7 0 0 2 0] 24197
SL [7 0 0 2 0] 24317
SL [7 0 0 2 0] 24436
SL [7 0 0 2 0] 24555
SL [7 0 0 2 0] 24674
SL [7 0 0 2 0] 24794
SL [7 0 0 2 0] 24913
SL [7 0 0 2 0] 25032
SL [7 0 0 2 0] 25151
SL [7 0 0 2 0] 25271
SL [7 0 0 2 0] 25390
SL [7 0 0 2 0] 25509
SL [7 0 0 2 0] 25628
SL [7 0 0 2 0] 25748
SL [7 0 0 2 0] 25867
SL [7 0 0 2 0] 25988
SL [7 0 0 2 0] 26105
SL [7 0 0 2 0] 26225
SL [7 0 0 2 0] 26344
SL [7 0 0 2 0] 26463
SL [7 0 0 2 0] 26582
SL [7 0 0 2 0] 26702
SL [7 0 0 2 0] 26821
SL [7 0 0 2 0] 26940
SL [7 0 0 2 0] 27059
SL [7 0 0 2 0] 27179
SL [7 0 0 2 0] 27298
SL [7 0 0 2 0] 27417
SL [7 0 0 2 0] 27536
SL [7 0 0 2 0] 27656
SL [7 0 0 2 0] 27775
SL [7 0 0 2 0] 27894
SL [7 0 0 2 0] 28013
SL [7 0 0 2 0] 28134
SL [7 0 0 2 0] 28252
SL [7 0 0 2 0] 28371
SL [7 0 0 2 0] 28490
SL [7 0 0 2 0] 28610
SL [7 0 0 2 0] 28729
SL [7 0 0 2 0] 28848
SL [7 0 0 2 0] 28967
SL [7 0 0 2 0] 29087
SL [7 0 0 2 0] 29206
SL [7 0 0 2 0] 29325
SL [7 0 0 2 0] 29444
SL [7 0 0 2 0] 29564
SL [7 0 0 2 0] 29683
SL [7 0 0 2 0] 29802
SL [7 0 0 2 0] 29921
SL [7 0 0 2 0] 30041
SL [7 0 0 2 0] 30160
SL [7 0 0 2 0] 30281
SL [7 0 0 2 0] 30398
SL [7 0 0 2 0] 30518
SL [7 0 0 2 0] 30637
SL [7 0 0 2 0] 30756
SL [7 0 0 2 0] 30875
SL [7 0 0 2 0] 30995
SL [7 0 0 2 0] 31114
SL [7 0 0 2 0] 31233
SL [7 0 0 2 0] 31352
SL [7 0 0 2 0] 31472
SL [7 0 0 2 0] 31591
SL [7 0 0 2 0] 31710
SL [7 0 0 2 0] 31829
SL [7 0 0 2 0] 31949
SL [7 0 0 2 0] 32068
SL [7 0 0 2 0] 32187
SL [7 0 0 2 0] 32306
SL [7 0 0 2 0] 32427
SL [7 0 0 2 0] 32545
SL [7 0 0 2 0] 32664
SL [7 0 0 2 0] 32783
SL [7 0 0 2 0] 32903
SL [7 0 0 2 0] 33022
SL [7 0 0 2 0] 33141
SL [7 0 0 2 0] 33260
SL [7 0 0 2 0] 33380
SL [7 0 0 2 0] 33499
SL [7 0 0 2 0] 33618
SL [7 0 0 2 0] 33737
SL [7 0 0 2 0] 33857
SL [7 0 0 2 0] 33976
SL [7 0 0 2 0] 34095
SL [7 0 0 2 0] 34214
SL [7 0 0 2 0] 34334
SL [7 0 0 2 0] 34453
SL [7 0 0 2 0] 34574
SL [7 0 0 2 0] 34691
SL [7 0 0 2 0] 34811
SL [7 0 0 2 0] 34930
SL [7 0 0 2 0] 35049
SL [7 0 0 2 0] 35168
SL [7 0 0 2 0] 35288
SL [7 0 0 2 0] 35407
SL [7 0 0 2 0] 35526
SL [7 0 0 2 0] 35645
SL [7 0 0 2 0] 35765
SL [7 0 0 2 0] 35884
SL [7 0 0 2 0] 36003
SL [7 0 0 2 0] 36122
SL [7 0 0 2 0] 36242
SL [7 0 0 2 0] 36361
SL [7 0 0 2 0] 36480
SL [7 0 0 2 0] 36599
SL [7 0 0 2 0] 36720
SL [7 0 0 2 0] 36838
SL [7 0 0 2 0] 36957
SL [7 0 0 2 0] 37076
SL [7 0 0 2 0] 37196
SL [7 0 0 2 0] 37315
SL [7 0 0 2 0] 37434
SL [7 0 0 2 0] 37553
SL [7 0 0 2 0] 37673
SL [7 0 0 2 0] 37792
SL [7 0 0 2 0] 37911
SL [7 0 0 2 0] 38030
SL [7 0 0 2 0] 38150
SL [7 0 0 2 0] 38269
SL [7 0 0 2 0] 38388
SL [7 0 0 2 0] 38507
SL [7 0 0 2 0] 38627
SL [7 0 0 2 0] 38746
SL [7 0 0 2 0] 38867
SL [7 0 0 2 0] 38984
SL [7 0 0 2 0] 39104
SL [7 0 0 2 0] 39223
SL [7 0 0 2 0] 39342
SL [7 0 0 2 0] 39461
SL [7 0 0 2 0] 39581
SL [7 0 0 2 0] 39700
SL [7 0 0 2 0] 39819
SL [7 0 0 2 0] 39938
SL [7 0 0 2 0] 40058
SL [7 0 0 2 0] 40177
SL [7 0 0 2 0] 40296
SL [7 0 0 2 0] 40415
SL [7 0 0 2 0] 40535
SL [7 0 0 2 0] 40654
SL [7 0 0 2 0] 40773
SL [7 0 0 2 0] 40892
SL [7 0 0 2 0] 41013
SL [7 0 0 2 0] 41131
SL [7 0 0 2 0] 41250
SL [7 0 0 2 0] 41369
SL [7 0 0 2 0] 41489
SL [7 0 0 2 0] 41608
SL [7 0 0 2 0] 41727
SL [7 0 0 2 0] 41846
SL [7 0 0 2 0] 41966
SL [7 0 0 2 0] 42085
SL [7 0 0 2 0] 42204
SL [7 0 0 2 0] 42323
SL [7 0 0 2 0] 42443
SL [7 0 0 2 0] 42562
SL [7 0 0 2 0] 42681
SL [7 0 0 2 0] 42800
SL [7 0 0 2 0] 42920
SL [7 0 0 2 0] 43039
SL [7 0 0 2 0] 43160
SL [7 0 0 2 0] 43277
SL [7 0 0 2 0] 43397
SL [7 0 0 2 0] 43516
SL [7 0 0 2 0] 43635
SL [7 0 0 2 0] 43754
SL [7 0 0 2 0] 43874
SL [7 0 0 2 0] 43993
SL [7 0 0 2 0] 44112
SL [7 0 0 2 0] 44231
SL [7 0 0 2 0] 44351
SL [7 0 0 2 0] 44470
SL [7 0 0 2 0] 44589
SL [7 0 0 2 0] 44708
SL [7 0 0 2 0] 44828
SL [7 0 0 2 0] 44947
SL [7 0 0 2 0] 45066
SL [7 0 0 2 0] 45185
SL [7 0 0 2 0] 45306
SL [7 0 0 2 0] 45424
SL [7 0 0 2 0] 45543
SL [7 0 0 2 0] 45662
SL [7 0 0 2 0] 45782
SL [7 0 0 2 0] 45901
SL [7 0 0 2 0] 46020
SL [7 0 0 2 0] 46139
SL [7 0 0 2 0] 46259
SL [7 0 0 2 0] 46378
SL [7 0 0 2 0] 46497
SL [7 0 0 2 0] 46616
SL [7 0 0 2 0] 46736
SL [7 0 0 2 0] 46855
SL [7 0 0 2 0] 46974
SL [7 0 0 2 0] 47093
SL [7 0 0 2 0] 47213
SL [7 0 0 2 0] 47332
SL [7 0 0 2 0] 47453
SL [7 0 0 2 0] 47570
SL [7 0 0 2 0] 47690
SL [7 0 0 2 0] 47809
SL [7 0 0 2 0] 47928
SL [7 0 0 2 0] 48047
SL [7 0 0 2 0] 48167
SL [7 0 0 2 0] 48286
SL [7 0 0 2 0] 48405
SL [7 0 0 2 0] 48524
SL [7 0 0 2 0] 48644
SL [7 0 0 2 0] 48763
SL [7 0 0 2 0] 48882
SL [7 0 0 2 0] 49001
SL [7 0 0 2 0] 49121
SL [7 0 0 2 0] 49240
SL [7 0 0 2 0] 49359
SL [7 0 0 2 0] 49478
SL [7 0 0 2 0] 49599
SL [7 0 0 2 0] 49717
SL [7 0 0 2 0] 49836
SL [7 0 0 2 0] 49955
SL [7 0 0 2 0] 50075
SL [7 0 0 2 0] 50194
SL [7 0 0 2 0] 50313
SL [7 0 0 2 0] 50432
SL [7 0 0 2 0] 50552
SL [7 0 0 2 0] 50671
SL [7 0 0 2 0] 50790
SL [7 0 0 2 0] 50909
SL [7 0 0 2 0] 51029
SL [7 0 0 2 0] 51148
SL [7 0 0 2 0] 51267
SL [7 0 0 2 0] 51386
SL [7 0 0 2 0] 51506
SL [7 0 0 2 0] 51625
SL [7 0 0 2 0] 51746
SL [7 0 0 2 0] 51863
SL [7 0 0 2 0] 51983
SL [7 0 0 2 0] 52102
SL [7 0 0 2 0] 52221
SL [7 0 0 2 0] 52340
SL [7 0 0 2 0] 52460
SL [7 0 0 2 0] 52579
SL [7 0 0 2 0] 52698
SL [7 0 0 2 0] 52817
SL [7 0 0 2 0] 52937
SL [7 0 0 2 0] 53056
SL [7 0 0 2 0] 53175
SL [7 0 0 2 0] 53294
SL [7 0 0 2 0] 53414
SL [7 0 0 2 0] 53533
SL [7 0 0 2 0] 53652
SL [7 0 0 2 0] 53771
SL [7 0 0 2 0] 53892
SL [7 0 0 2 0] 54010
SL [7 0 0 2 0] 54129
SL [7 0 0 2 0] 54248
SL [7 0 0 2 0] 54368
SL [7 0 0 2 0] 54487
SL [7 0 0 2 0] 54606
SL [7 0 0 2 0] 54725
SL [7 0 0 2 0] 54845
SL [7 0 0 2 0] 54964
SL [7 0 0 2 0] 55083
SL [7 0 0 2 0] 55202
SL [7 0 0 2 0] 55322
SL [7 0 0 2 0] 55441
SL [7 0 0 2 0] 55560
SL [7 0 0 2 0] 55679
SL [7 0 0 2 0] 55799
SL [7 0 0 2 0] 55918
SL [7 0 0 2 0] 56039
SL [7 0 0 2 0] 56156
SL [7 0 0 2 0] 56276
SL [7 0 0 2 0] 56395
SL [7 0 0 2 0] 56514
SL [7 0 0 2 0] 56633
SL [7 0 0 2 0] 56753
SL [7 0 0 2 0] 56872
SL [7 0 0 2 0] 56991
SL [7 0 0 2 0] 57110
SL [7 0 0 2 0] 57230
SL [7 0 0 2 0] 57349
SL [7 0 0 2 0] 57468
SL [7 0 0 2 0] 57587
SL [7 0 0 2 0] 57707
SL [7 0 0 2 0] 57826
SL [7 0 0 2 0] 57945
SL [7 0 0 2 0] 58064
SL [7 0 0 2 0] 58185
SL [7 0 0 2 0] 58303
SL [7 0 0 2 0] 58422
SL [7 0 0 2 0] 58541
SL [7 0 0 2 0] 58661
SL [7 0 0 2 0] 58780
SL [7 0 0 2 0] 58899
SL [7 0 0 2 0] 59018
SL [7 0 0 2 0] 59138
SL [7 0 0 2 0] 59257
SL [7 0 0 2 0] 59376
SL [7 0 0 2 0] 59495
SL [7 0 0 2 0] 59615
SL [7 0 0 2 0] 59734
SL [7 0 0 2 0] 59853
SL [7 0 0 2 0] 59972
SL [7 0 0 2 0] 60092
SL [7 0 0 2 0] 60211
SL [7 0 0 2 0] 60332
SL [7 0 0 2 0] 60449
SL [7 0 0 2 0] 60569
SL [7 0 0 2 0] 60688
SL [7 0 0 2 0] 60807
SL [7 0 0 2 0] 60926
SL [7 0 0 2 0] 61046
SL [7 0 0 2 0] 61165
SL [7 0 0 2 0] 61284
SL [7 0 0 2 0] 61403
SL [7 0 0 2 0] 61523
SL [7 0 0 2 0] 61642
SL [7 0 0 2 0] 61761
SL [7 0 0 2 0] 61880
SL [7 0 0 2 0] 62000
SL [7 0 0 2 0] 62119
SL [7 0 0 2 0] 62238
SL [7 0 0 2 0] 62357
SL [7 0 0 2 0] 62478
SL [7 0 0 2 0] 62596
SL [7 0 0 2 0] 62715
SL [7 0 0 2 0] 62834
SL [7 0 0 2 0] 62954
SL [7 0 0 2 0] 63073
SL [7 0 0 2 0] 63192
SL [7 0 0 2 0] 63311
SL [7 0 0 2 0] 63431
SL [7 0 0 2 0] 63550
SL [7 0 0 2 0] 63669
SL [7 0 0 2 0] 63788
SL [7 0 0 2 0] 63908
SL [7 0 0 2 0] 64027
SL [7 0 0 2 0] 64146
SL [7 0 0 2 0] 64265
SL [7 0 0 2 0] 64385
SL [7 0 0 2 0] 64504
SL [7 0 0 2 0] 64625
SL [7 0 0 2 0] 64742
SL [7 0 0 2 0] 64862
SL [7 0 0 2 0] 64981
SL [7 0 0 2 0] 65100
SL [7 0 0 2 0] 65219
SL [7 0 0 2 0] 65339
SL [7 0 0 2 0] 65458
SL [7 0 0 2 0] 65577
SL [7 0 0 2 0] 65696
SL [7 0 0 2 0] 65816
SL [7 0 0 2 0] 65935
SL [7 0 0 2 0] 66054
SL [7 0 0 2 0] 66173
SL [7 0 0 2 0] 66293
SL [7 0 0 2 0] 66412
SL [7 0 0 2 0] 66531
SL [7 0 0 2 0] 66650
SL [7 0 0 2 0] 66771
SL [7 0 0 2 0] 66889
SL [7 0 0 2 0] 67008
SL [7 0 0 2 0] 67127
SL [7 0 0 2 0] 67247
SL [7 0 0 2 0] 67366
SL [7 0 0 2 0] 67485
SL [7 0 0 2 0] 67604
SL [7 0 0 2 0] 67724
SL [7 0 0 2 0] 67843
SL [7 0 0 2 0] 67962
SL [7 0 0 2 0] 68081
SL [7 0 0 2 0] 68201
SL [7 0 0 2 0] 68320
SL [7 0 0 2 0] 68439
SL [7 0 0 2 0] 68558
SL [7 0 0 2 0] 68678
SL [7 0 0 2 0] 68797
SL [7 0 0 2 0] 68918
SL [7 0 0 2 0] 69035
SL [7 0 0 2 0] 69155
SL [7 0 0 2 0] 69274
SL [7 0 0 2 0] 69393
SL [7 0 0 2 0] 69512
SL [7 0 0 2 0] 69632
SL [7 0 0 2 0] 69751
SL [7 0 0 2 0] 69870
SL [7 0 0 2 0] 69989
SL [7 0 0 2 0] 70109
SL [7 0 0 2 0] 70228
SL [7 0 0 2 0] 70347
SL [7 0 0 2 0] 70466
SL [7 0 0 2 0] 70586
SL [7 0 0 2 0] 70705
SL [7 0 0 2 0] 70824
SL [7 0 0 2 0] 70943
SL [7 0 0 2 0] 71064
SL [7 0 0 2 0] 71182
SL [7 0 0 2 0] 71301
SL [7 0 0 2 0] 71420
SL [7 0 0 2 0] 71540
SL [7 0 0 2 0] 71659
SL [7 0 0 2 0] 71778
SL [7 0 0 2 0] 71897
SL [7 0 0 2 0] 72017
SL [7 0 0 2 0] 72136
SL [7 0 0 2 0] 72255
SL [7 0 0 2 0] 72374
SL [7 0 0 2 0] 72494
SL [7 0 0 2 0] 72613
SL [7 0 0 2 0] 72732
SL [7 0 0 2 0] 72851
SL [7 0 0 2 0] 72971
SL [7 0 0 2 0] 73090
SL [7 0 0 2 0] 73211
SL [7 0 0 2 0] 73328
SL [7 0 0 2 0] 73448
SL [7 0 0 2 0] 73567
SL [7 0 0 2 0] 73686
SL [7 0 0 2 0] 73805
SL [7 0 0 2 0] 73925
SL [7 0 0 2 0] 74044
SL [7 0 0 2 0] 74163
SL [7 0 0 2 0] 74282
SL [7 0 0 2 0] 74402
SL [7 0 0 2 0] 74521
SL [7 0 0 2 0] 74640
SL [7 0 0 2 0] 74759
SL [7 0 0 2 0] 74879
SL [7 0 0 2 0] 74998
SL [7 0 0 2 0] 75117
SL [7 0 0 2 0] 75236
SL [7 0 0 2 0] 75357
SL [7 0 0 2 0] 75475
SL [7 0 0 2 0] 75594
SL [7 0 0 2 0] 75713
SL [7 0 0 2 0] 75833
SL [7 0 0 2 0] 75952
SL [7 0 0 2 0] 76071
SL [7 0 0 2 0] 76190
SL [7 0 0 2 0] 76310
SL [7 0 0 2 0] 76429
SL [7 0 0 2 0] 76548
SL [7 0 0 2 0] 76667
SL [7 0 0 2 0] 76787
SL [7 0 0 2 0] 76906
SL [7 0 0 2 0] 77025
SL [7 0 0 2 0] 77144
SL [7 0 0 2 0] 77264
SL [7 0 0 2 0] 77383
SL [7 0 0 2 0] 77504
SL [7 0 0 2 0] 77621
SL [7 0 0 2 0] 77741
SL [7 0 0 2 0] 77860
SL [7 0 0 2 0] 77979
SL [7 0 0 2 0] 78098
SL [7 0 0 2 0] 78218
SL [7 0 0 2 0] 78337
SL [7 0 0 2 0] 78456
SL [7 0 0 3 1] 78575
SL [7 0 0 3 1] 78695
SL [7 0 0 3 1] 78814
SL [7 0 0 3 1] 78933
SL [7 0 0 3 1] 79052
SL [7 0 0 3 1] 79172
SL [7 0 0 3 1] 79291
SL [7 0 0 3 1] 79410
SL [7 0 0 3 1] 79529
SL [7 0 0 3 1] 79650
SL [7 0 0 3 1] 79768
SL [7 0 0 3 1] 79887
SL [7 0 0 3 1] 80006
SL [7 0 0 3 1] 80126
SL [7 0 0 3 1] 80245
SL [7 0 0 3 1] 80364
SL [7 0 0 3 1] 80483
SL [7 0 0 3 1] 80603
SL [7 0 0 3 1] 80722
SL [7 0 0 3 1] 80841
SL [7 0 0 3 1] 80960
SL [7 0 0 3 1] 81080
SL [7 0 0 3 1] 81199
SL [7 0 0 3 1] 81318
SL [7 0 0 3 1] 81437
SL [7 0 0 3 1] 81557
SL [7 0 0 3 1] 81676
SL [7 0 0 3 1] 81797
SL [7 0 0 3 1] 81914
SL [7 0 0 3 1] 82034
SL [7 0 0 3 1] 82153
SL [7 0 0 3 1] 82272
SL [7 0 0 3 1] 82391
SL [7 0 0 3 1] 82511
SL [7 0 0 3 0] 82630
SL [7 0 0 3 0] 82749
SL [7 0 0 3 0] 82868
SL [7 0 0 3 0] 82988
SL [7 0 0 3 0] 83107
SL [7 0 0 3 0] 83226
SL [7 0 0 3 0] 83345
SL [7 0 0 3 0] 83465
SL [7 0 0 3 0] 83584
SL [7 0 0 3 0] 83703
SL [7 0 0 3 0] 83822
SL [7 0 0 3 0] 83943
SL [7 0 0 3 0] 84061
SL [7 0 0 3 0] 84180
SL [7 0 0 3 0] 84299
SL [7 0 0 3 0] 84419
SL [7 0 0 3 0] 84538
SL [7 0 0 3 0] 84657
SL [7 0 0 3 0] 84776
SL [7 0 0 3 0] 84896
SL [7 0 0 3 0] 85015
SL [7 0 0 3 0] 85134
SL [7 0 0 3 0] 85253
SL [7 0 0 3 0] 85373
SL [7 0 0 3 0] 85492
SL [7 0 0 3 0] 85611
SL [7 0 0 3 0] 85730
SL [7 0 0 3 0] 85850
SL [7 0 0 3 0] 85969
SL [7 0 0 3 0] 86090
SL [7 0 0 3 0] 86207
SL [7 0 0 3 0] 86327
SL [7 0 0 3 0] 86446
SL [7 0 0 3 0] 86565
SL [7 0 0 3 0] 86684
SL [7 0 0 3 0] 86804
SL [7 0 0 3 0] 86923
SL [7 0 0 3 0] 87042
SL [7 0 0 3 0] 87161
SL [7 0 0 3 0] 87281
SL [7 0 0 3 0] 87400
SL [7 0 0 3 0] 87519
SL [7 0 0 3 0] 87638
SL [7 0 0 3 0] 87758
SL [7 0 0 3 0] 87877
SL [7 0 0 3 0] 87996
SL [7 0 0 3 0] 88115
SL [7 0 0 3 0] 88236
SL [7 0 0 3 0] 88354
SL [7 0 0 3 0] 88473
SL [7 0 0 3 0] 88592
SL [7 0 0 3 0] 88712
SL [7 0 0 3 0] 88831
SL [7 0 0 3 0] 88950
SL [7 0 0 3 0] 89069
SL [7 0 0 3 0] 89189
SL [7 0 0 3 0] 89308
SL [7 0 0 3 0] 89427
SL [7 0 0 3 0] 89546
SL [7 0 0 3 0] 89666
SL [7 0 0 3 0] 89785
SL [7 0 0 3 0] 89904
SL [7 0 0 3 0] 90023
SL [7 0 0 3 0] 90143
SL [7 0 0 3 0] 90262
SL [7 0 0 3 0] 90383
SL [7 0 0 3 0] 90500
SL [7 0 0 3 0] 90620
SL [7 0 0 3 0] 90739
SL [7 0 0 3 0] 90858
SL [7 0 0 3 0] 90977
SL [7 0 0 3 0] 91097
SL [7 0 0 3 0] 91216
SL [7 0 0 3 0] 91335
SL [7 0 0 3 0] 91454
SL [7 0 0 3 0] 91574
SL [7 0 0 3 0] 91693
SL [7 0 0 3 0] 91812
SL [7 0 0 3 0] 91931
SL [7 0 0 3 0] 92051
SL [7 0 0 3 0] 92170
SL [7 0 0 3 0] 92289
SL [7 0 0 3 0] 92408
SL [7 0 0 3 0] 92529
SL [7 0 0 3 0] 92647
SL [7 0 0 3 0] 92766
SL [7 0 0 3 0] 92885
SL [7 0 0 3 0] 93005
SL [7 0 0 3 0] 93124
SL [7 0 0 3 0] 93243
SL [7 0 0 3 0] 93362
SL [7 0 0 3 0] 93482
SL [7 0 0 3 0] 93601
SL [7 0 0 3 0] 93720
SL [7 0 0 3 0] 93839
SL [7 0 0 3 0] 93959
SL [7 0 0 3 0] 94078
SL [7 0 0 3 0] 94197
SL [7 0 0 3 0] 94316
SL [7 0 0 3 0] 94436
SL [7 0 0 3 0] 94555
SL [7 0 0 3 0] 94676
SL [7 0 0 3 0] 94793
SL [7 0 0 3 0] 94913
SL [7 0 0 3 0] 95032
SL [7 0 0 3 0] 95151
SL [7 0 0 3 0] 95270
SL [7 0 0 3 0] 95390
SL [7 0 0 3 0] 95509
SL [7 0 0 3 0] 95628
SL [7 0 0 3 0] 95747
SL [7 0 0 3 0] 95867
SL [7 0 0 3 0] 95986
SL [7 0 0 3 0] 96105
SL [7 0 0 3 0] 96224
SL [7 0 0 3 0] 96344
SL [7 0 0 3 0] 96463
SL [7 0 0 3 0] 96582
SL [7 0 0 3 0] 96701
SL [7 0 0 3 0] 96822
SL [7 0 0 3 0] 96940
SL [7 0 0 3 0] 97059
SL [7 0 0 3 0] 97178
SL [7 0 0 3 0] 97298
SL [7 0 0 3 0] 97417
SL [7 0 0 3 0] 97536
SL [7 0 0 3 0] 97655
SL [7 0 0 3 0] 97775
SL [7 0 0 3 0] 97894
SL [7 0 0 3 0] 98013
SL [7 0 0 3 0] 98132
SL [7 0 0 3 0] 98252
SL [7 0 0 3 0] 98371
SL [7 0 0 3 0] 98490
SL [7 0 0 3 0] 98609
SL [7 0 0 3 0] 98729
SL [7 0 0 3 0] 98848
SL [7 0 0 3 0] 98969
SL [7 0 0 3 0] 99086
SL [7 0 0 3 0] 99206
SL [7 0 0 3 0] 99325
SL [7 0 0 3 0] 99444
SL [7 0 0 3 0] 99563
SL [7 0 0 3 0] 99683
SL [7 0 0 3 0] 99802
SL [7 0 0 3 0] 99921
SL [7 0 0 3 0] 100040
SL [7 0 0 3 0] 100160
SL [7 0 0 3 0] 100279
SL [7 0 0 3 0] 100398
SL [7 0 0 3 0] 100517
SL [7 0 0 3 0] 100637
SL [7 0 0 3 0] 100756
SL [7 0 0 3 0] 100875
SL [7 0 0 3 0] 100994
SL [7 0 0 3 0] 101115
SL [7 0 0 3 0] 101233
SL [7 0 0 3 0] 101352
SL [7 0 0 3 0] 101471
SL [7 0 0 3 0] 101591
SL [7 0 0 3 0] 101710
SL [7 0 0 3 0] 101829
SL [7 0 0 3 0] 101948
SL [7 0 0 3 0] 102068
SL [7 0 0 3 0] 102187
SL [7 0 0 3 0] 102306
SL [7 0 0 3 0] 102425
SL [7 0 0 3 0] 102545
SL [7 0 0 3 0] 102664
SL [7 0 0 3 0] 102783
SL [7 0 0 3 0] 102902
SL [7 0 0 3 0] 103022
SL [7 0 0 3 0] 103141
SL [7 0 0 3 0] 103262
SL [7 0 0 3 0] 103379
SL [7 0 0 3 0] 103499
SL [7 0 0 3 0] 103618
SL [7 0 0 3 0] 103737
SL [7 0 0 3 0] 103856
SL [7 0 0 3 0] 103976
SL [7 0 0 3 0] 104095
SL [7 0 0 3 0] 104214
SL [7 0 0 3 0] 104333
SL [7 0 0 3 0] 104453
SL [7 0 0 3 0] 104572
SL [7 0 0 3 0] 104691
SL [7 0 0 3 0] 104810
SL [7 0 0 3 0] 104930
SL [7 0 0 3 0] 105049
SL [7 0 0 3 0] 105168
SL [7 0 0 3 0] 105287
SL [7 0 0 3 0] 105408
SL [7 0 0 3 0] 105526
SL [7 0 0 3 0] 105645
SL [7 0 0 3 0] 105764
SL [7 0 0 3 0] 105884
SL [7 0 0 3 0] 106003
SL [7 0 0 3 0] 106122
SL [7 0 0 3 0] 106241
SL [7 0 0 3 0] 106361
SL [7 0 0 3 0] 106480
SL [7 0 0 3 0] 106599
SL [7 0 0 3 0] 106718
SL [7 0 0 3 0] 106838
SL [7 0 0 3 0] 106957
SL [7 0 0 3 0] 107076
SL [7 0 0 3 0] 107195
SL [7 0 0 3 0] 107315
SL [7 0 0 3 0] 107434
SL [7 0 0 3 0] 107555
SL [7 0 0 3 0] 107672
SL [7 0 0 3 0] 107792
SL [7 0 0 3 0] 107911
SL [7 0 0 3 0] 108030
SL [7 0 0 3 0] 108149
SL [7 0 0 3 0] 108269
SL [7 0 0 3 0] 108388
SL [7 0 0 3 0] 108507
SL [7 0 0 3 0] 108626
SL [7 0 0 3 0] 108746
SL [7 0 0 3 0] 108865
SL [7 0 0 3 0] 108984
SL [7 0 0 3 0] 109103
SL [7 0 0 3 0] 109223
SL [7 0 0 3 0] 109342
SL [7 0 0 3 0] 109461
SL [7 0 0 3 0] 109580
SL [7 0 0 3 0] 109701
SL [7 0 0 3 0] 109819
SL [7 0 0 3 0] 109938
SL [7 0 0 3 0] 110057
SL [7 0 0 3 0] 110177
SL [7 0 0 3 0] 110296
SL [7 0 0 3 0] 110415
SL [7 0 0 3 0] 110534
SL [7 0 0 3 0] 110654
SL [7 0 0 3 0] 110773
SL [7 0 0 3 0] 110892
SL [7 0 0 3 0] 111011
SL [7 0 0 3 0] 111131
SL [7 0 0 3 0] 111250
SL [7 0 0 3 0] 111369
SL [7 0 0 3 0] 111488
SL [7 0 0 3 0] 111608
SL [7 0 0 3 0] 111727
SL [7 0 0 3 0] 111848
SL [7 0 0 3 0] 111965
SL [7 0 0 3 0] 112085
SL [7 0 0 3 0] 112204
SL [7 0 0 3 0] 112323
SL [7 0 0 3 0] 112442
SL [7 0 0 3 0] 112562
SL [7 0 0 3 0] 112681
SL [7 0 0 3 0] 112800
SL [7 0 0 3 0] 112919
SL [7 0 0 3 0] 113039
SL [7 0 0 3 0] 113158
SL [7 0 0 3 0] 113277
SL [7 0 0 3 0] 113396
SL [7 0 0 3 0] 113516
SL [7 0 0 3 0] 113635
SL [7 0 0 3 0] 113754
SL [7 0 0 3 0] 113873
SL [7 0 0 3 0] 113994
SL [7 0 0 3 0] 114112
SL [7 0 0 3 0] 114231
SL [7 0 0 3 0] 114350
SL [7 0 0 3 0] 114470
SL [7 0 0 3 0] 114589
SL [7 0 0 3 0] 114708
SL [7 0 0 3 0] 114827
SL [7 0 0 3 0] 114947
SL [7 0 0 3 0] 115066
SL [7 0 0 3 0] 115185
SL [7 0 0 3 0] 115304
SL [7 0 0 3 0] 115424
SL [7 0 0 3 0] 115543
SL [7 0 0 3 0] 115662
SL [7 0 0 3 0] 115781
SL [7 0 0 3 0] 115901
SL [7 0 0 3 0] 116020
SL [7 0 0 3 0] 116141
SL [7 0 0 3 0] 116258
SL [7 0 0 3 0] 116378
SL [7 0 0 3 0] 116497
SL [7 0 0 3 0] 116616
SL [7 0 0 3 0] 116735
SL [7 0 0 3 0] 116855
SL [7 0 0 3 0] 116974
SL [7 0 0 3 0] 117093
SL [7 0 0 3 0] 117212
SL [7 0 0 3 0] 117332
SL [7 0 0 3 0] 117451
SL [7 0 0 3 0] 117570
SL [7 0 0 3 0] 117689
SL [7 0 0 3 0] 117809
SL [7 0 0 3 0] 117928
SL [7 0 0 3 0] 118047
SL [7 0 0 3 0] 118166
SL [7 0 0 3 0] 118287
SL [7 0 0 3 0] 118405
SL [7 0 0 3 0] 118524
SL [7 0 0 3 0] 118643
SL [7 0 0 3 0] 118763
SL [7 0 0 3 0] 118882
SL [7 0 0 3 0] 119001
SL [7 0 0 3 0] 119120
SL [7 0 0 3 0] 119240
SL [7 0 0 3 0] 119359
SL [7 0 0 3 0] 119478
SL [7 0 0 3 0] 119597
SL [7 0 0 3 0] 119717
SL [7 0 0 3 0] 119836
SL [7 0 0 3 0] 119955
SL [7 0 0 3 0] 120074
SL [7 0 0 3 0] 120194
SL [7 0 0 3 0] 120313
SL [7 0 0 3 0] 120434
SL [7 0 0 3 0] 120551
SL [7 0 0 3 0] 120671
SL [7 0 0 3 0] 120790
SL [7 0 0 3 0] 120909
SL [7 0 0 3 0] 121028
SL [7 0 0 3 0] 121148
SL [7 0 0 3 0] 121267
SL [7 0 0 3 0] 121386
SL [7 0 0 3 0] 121505
SL [7 0 0 3 0] 121625
SL [7 0 0 3 0] 121744
SL [7 0 0 3 0] 121863
SL [7 0 0 3 0] 121982
SL [7 0 0 3 0] 122102
SL [7 0 0 3 0] 122221
SL [7 0 0 3 0] 122340
SL [7 0 0 3 0] 122459
SL [7 0 0 3 0] 122580
SL [7 0 0 3 0] 122698
SL [7 0 0 3 0] 122817
SL [7 0 0 3 0] 122936
SL [7 0 0 3 0] 123056
SL [7 0 0 3 0] 123175
SL [7 0 0 3 0] 123294
SL [7 0 0 3 0] 123413
SL [7 0 0 3 0] 123533
SL [7 0 0 3 0] 123652
SL [7 0 0 3 0] 123771
SL [7 0 0 3 0] 123890
SL [7 0 0 3 0] 124010
SL [7 0 0 3 0] 124129
SL [7 0 0 3 0] 124248
SL [7 0 0 3 0] 124367
SL [7 0 0 3 0] 124487
SL [7 0 0 3 0] 124606
SL [7 0 0 3 0] 124727
SL [7 0 0 3 0] 124844
SL [7 0 0 3 0] 124964
SL [7 0 0 3 0] 125083
SL [7 0 0 3 0] 125202
SL [7 0 0 3 0] 125321
SL [7 0 0 3 0] 125441
SL [7 0 0 3 0] 125560
SL [7 0 0 3 0] 125679
SL [7 0 0 3 0] 125798
SL [7 0 0 3 0] 125918
SL [7 0 0 3 0] 126037
SL [7 0 0 3 0] 126156
SL [7 0 0 3 0] 126275
SL [7 0 0 3 0] 126395
SL [7 0 0 3 0] 126514
SL [7 0 0 3 0] 126633
SL [7 0 0 3 0] 126752
SL [7 0 0 3 0] 126873
SL [7 0 0 3 0] 126991
SL [7 0 0 3 0] 127110
SL [7 0 0 4 1] 127229
SL [7 0 0 4 1] 127349
SL [7 0 0 4 1] 127468
SL [7 0 0 4 1] 127587
SL [7 0 0 4 1] 127706
SL [7 0 0 4 1] 127826
SL [7 0 0 4 1] 127945
SL [7 0 0 4 1] 128064
SL [7 0 0 4 1] 128183
SL [7 0 0 4 1] 128303
SL [7 0 0 4 1] 128422
SL [7 0 0 4 1] 128541
SL [7 0 0 4 1] 128660
SL [7 0 0 4 1] 128780
SL [7 0 0 4 1] 128899
SL [7 0 0 4 1] 129020
SL [7 0 0 4 1] 129137
SL [7 0 0 4 1] 129257
SL [7 0 0 4 1] 129376
SL [7 0 0 4 1] 129495
SL [7 0 0 4 1] 129614
SL [7 0 0 4 1] 129734
SL [7 0 0 4 1] 129853
SL [7 0 0 4 1] 129972
SL [7 0 0 4 1] 130091
SL [7 0 0 4 1] 130211
SL [7 0 0 4 1] 130330
SL [7 0 0 4 1] 130449
SL [7 0 0 4 1] 130568
SL [7 0 0 4 1] 130688
SL [7 0 0 4 1] 130807
SL [7 0 0 4 1] 130926
SL [7 0 0 4 1] 131045
SL [7 0 0 4 1] 131166
SL [7 0 0 4 0] 131284
SL [7 0 0 4 0] 131403
SL [7 0 0 4 0] 131522
SL [7 0 0 4 0] 131642
SL [7 0 0 4 0] 131761
SL [7 0 0 4 0] 131880
SL [7 0 0 4 0] 131999
SL [7 0 0 4 0] 132119
SL [7 0 0 4 0] 132238
SL [7 0 0 4 0] 132357
SL [7 0 0 4 0] 132476
SL [7 0 0 4 0] 132596
SL [7 0 0 4 0] 132715
SL [7 0 0 4 0] 132834
SL [7 0 0 4 0] 132953
SL [7 0 0 4 0] 133073
SL [7 0 0 4 0] 133192
SL [7 0 0 4 0] 133313
SL [7 0 0 4 0] 133430
SL [7 0 0 4 0] 133550
SL [7 0 0 4 0] 133669
SL [7 0 0 4 0] 133788
SL [7 0 0 4 0] 133907
SL [7 0 0 4 0] 134027
SL [7 0 0 4 0] 134146
SL [7 0 0 4 0] 134265
SL [7 0 0 4 0] 134384
SL [7 0 0 4 0] 134504
SL [7 0 0 4 0] 134623
SL [7 0 0 4 0] 134742
SL [7 0 0 4 0] 134861
SL [7 0 0 4 0] 134981
SL [7 0 0 4 0] 135100
SL [7 0 0 4 0] 135219
SL [7 0 0 4 0] 135338
SL [7 0 0 4 0] 135459
SL [7 0 0 4 0] 135577
SL [7 0 0 4 0] 135696
SL [7 0 0 4 0] 135815
SL [7 0 0 4 0] 135935
SL [7 0 0 4 0] 136054
SL [7 0 0 4 0] 136173
SL [7 0 0 4 0] 136292
SL [7 0 0 4 0] 136412
SL [7 0 0 4 0] 136531
SL [7 0 0 4 0] 136650
SL [7 0 0 4 0] 136769
SL [7 0 0 4 0] 136889
SL [7 0 0 4 0] 137008
SL [7 0 0 4 0] 137127
SL [7 0 0 4 0] 137246
SL [7 0 0 4 0] 137366
SL [7 0 0 4 0] 137485
SL [7 0 0 4 0] 137606
SL [7 0 0 4 0] 137723
SL [7 0 0 4 0] 137843
SL [7 0 0 4 0] 137962
SL [7 0 0 4 0] 138081
SL [7 0 0 4 0] 138200
SL [7 0 0 4 0] 138320
SL [7 0 0 4 0] 138439
SL [7 0 0 4 0] 138558
SL [7 0 0 4 0] 138677
SL [7 0 0 4 0] 138797
SL [7 0 0 4 0] 138916
SL [7 0 0 4 0] 139035
SL [7 0 0 4 0] 139154
SL [7 0 0 4 0] 139274
SL [7 0 0 4 0] 139393
SL [7 0 0 4 0] 139512
SL [7 0 0 4 0] 139631
SL [7 0 0 4 0] 139752
SL [7 0 0 4 0] 139870
SL [7 0 0 4 0] 139989
SL [7 0 0 4 0] 140108
SL [7 0 0 4 0] 140228
SL [7 0 0 4 0] 140347
SL [7 0 0 4 0] 140466
SL [7 0 0 4 0] 140585
SL [7 0 0 4 0] 140705
SL [7 0 0 4 0] 140824
SL [7 0 0 4 0] 140943
SL [7 0 0 4 0] 141062
SL [7 0 0 4 0] 141182
SL [7 0 0 4 0] 141301
SL [7 0 0 4 0] 141420
SL [7 0 0 4 0] 141539
SL [7 0 0 4 0] 141659
SL [7 0 0 4 0] 141778
SL [7 0 0 4 0] 141899
SL [7 0 0 4 0] 142016
SL [7 0 0 4 0] 142136
SL [7 0 0 4 0] 142255
SL [7 0 0 4 0] 142374
SL [7 0 0 4 0] 142493
SL [7 0 0 4 0] 142613
SL [7 0 0 4 0] 142732
SL [7 0 0 4 0] 142851
SL [7 0 0 4 0] 142970
SL [7 0 0 4 0] 143090
SL [7 0 0 4 0] 143209
SL [7 0 0 4 0] 143328
SL [7 0 0 4 0] 143447
SL [7 0 0 4 0] 143567
SL [7 0 0 4 0] 143686
SL [7 0 0 4 0] 143805
SL [7 0 0 4 0] 143924
SL [7 0 0 4 0] 144045
SL [7 0 0 4 0] 144163
SL [7 0 0 4 0] 144282
SL [7 0 0 4 0] 144401
SL [7 0 0 4 0] 144521
SL [7 0 0 4 0] 144640
SL [7 0 0 4 0] 144759
SL [7 0 0 4 0] 144878
SL [7 0 0 4 0] 144998
SL [7 0 0 4 0] 145117
SL [7 0 0 4 0] 145236
SL [7 0 0 4 0] 145355
SL [7 0 0 4 0] 145475
SL [7 0 0 4 0] 145594
SL [7 0 0 4 0] 145713
SL [7 0 0 4 0] 145832
SL [7 0 0 4 0] 145952
SL [7 0 0 4 0] 146071
SL [7 0 0 4 0] 146192
SL [7 0 0 4 0] 146309
SL [7 0 0 4 0] 146429
SL [7 0 0 4 0] 146548
SL [7 0 0 4 0] 146667
SL [7 0 0 4 0] 146786
SL [7 0 0 4 0] 146906
SL [7 0 0 4 0] 147025
SL [7 0 0 4 0] 147144
SL [7 0 0 4 0] 147263
SL [7 0 0 4 0] 147383
SL [7 0 0 4 0] 147502
SL [7 0 0 4 0] 147621
SL [7 0 0 4 0] 147740
SL [7 0 0 4 0] 147860
SL [7 0 0 4 0] 147979
SL [7 0 0 4 0] 148098
SL [7 0 0 4 0] 148217
SL [7 0 0 4 0] 148338
SL [7 0 0 4 0] 148456
SL [7 0 0 4 0] 148575
SL [7 0 0 4 0] 148694
SL [7 0 0 4 0] 148814
SL [7 0 0 4 0] 148933
SL [7 0 0 4 0] 149052
SL [7 0 0 4 0] 149171
SL [7 0 0 4 0] 149291
SL [7 0 0 4 0] 149410
SL [7 0 0 4 0] 149529
SL [7 0 0 4 0] 149648
SL [7 0 0 4 0] 149768
SL [7 0 0 4 0] 149887
SL [7 0 0 4 0] 150006
SL [7 0 0 4 0] 150125
SL [7 0 0 4 0] 150245
SL [7 0 0 4 0] 150364
SL [7 0 0 4 0] 150485
SL [7 0 0 4 0] 150602
SL [7 0 0 4 0] 150722
SL [7 0 0 4 0] 150841
SL [7 0 0 4 0] 150960
SL [7 0 0 4 0] 151079
SL [7 0 0 4 0] 151199
SL [7 0 0 4 0] 151318
SL [7 0 0 4 0] 151437
SL [7 0 0 4 0] 151556
SL [7 0 0 4 0] 151676
SL [7 0 0 4 0] 151795
SL [7 0 0 4 0] 151914
SL [7 0 0 4 0] 152033
SL [7 0 0 4 0] 152153
SL [7 0 0 4 0] 152272
SL [7 0 0 4 0] 152391
SL [7 0 0 4 0] 152510
SL [7 0 0 4 0] 152631
SL [7 0 0 4 0] 152749
SL [7 0 0 4 0] 152868
SL [7 0 0 4 0] 152987
SL [7 0 0 4 0] 153107
SL [7 0 0 4 0] 153226
SL [7 0 0 4 0] 153345
SL [7 0 0 4 0] 153464
SL [7 0 0 4 0] 153584
SL [7 0 0 4 0] 153703
SL [7 0 0 4 0] 153822
SL [7 0 0 4 0] 153941
SL [7 0 0 4 0] 154061
SL [7 0 0 4 0] 154180
SL [7 0 0 4 0] 154299
SL [7 0 0 4 0] 154418
SL [7 0 0 4 0] 154538
SL [7 0 0 4 0] 154657
SL [7 0 0 4 0] 154778
SL [7 0 0 4 0] 154895
SL [7 0 0 4 0] 155015
SL [7 0 0 4 0] 155134
SL [7 0 0 4 0] 155253
SL [7 0 0 4 0] 155372
SL [7 0 0 4 0] 155492
SL [7 0 0 4 0] 155611
SL [7 0 0 4 0] 155730
SL [7 0 0 4 0] 155849
SL [7 0 0 4 0] 155969
SL [7 0 0 4 0] 156088
SL [7 0 0 4 0] 156207
SL [7 0 0 4 0] 156326
SL [7 0 0 4 0] 156446
SL [7 0 0 4 0] 156565
SL [7 0 0 4 0] 156684
SL [7 0 0 4 0] 156803
SL [7 0 0 4 0] 156924
SL [7 0 0 4 0] 157042
SL [7 0 0 4 0] 157161
SL [7 0 0 4 0] 157280
SL [7 0 0 4 0] 157400
SL [7 0 0 4 0] 157519
SL [7 0 0 4 0] 157638
SL [7 0 0 4 0] 157757
SL [7 0 0 4 0] 157877
SL [7 0 0 4 0] 157996
SL [7 0 0 4 0] 158115
SL [7 0 0 4 0] 158234
SL [7 0 0 4 0] 158354
SL [7 0 0 4 0] 158473
SL [7 0 0 4 0] 158592
SL [7 0 0 4 0] 158711
SL [7 0 0 4 0] 158831
SL [7 0 0 4 0] 158950
SL [7 0 0 4 0] 159071
SL [7 0 0 4 0] 159188
SL [7 0 0 4 0] 159308
SL [7 0 0 4 0] 159427
SL [7 0 0 4 0] 159546
SL [7 0 0 4 0] 159665
SL [7 0 0 4 0] 159785
SL [7 0 0 4 0] 159904
SL [7 0 0 4 0] 160023
SL [7 0 0 4 0] 160142
SL [7 0 0 4 0] 160262
SL [7 0 0 4 0] 160381
SL [7 0 0 4 0] 160500
SL [7 0 0 4 0] 160619
SL [7 0 0 4 0] 160739
SL [7 0 0 4 0] 160858
SL [7 0 0 4 0] 160977
SL [7 0 0 4 0] 161096
SL [7 0 0 4 0] 161217
SL [7 0 0 4 0] 161335
SL [7 0 0 4 0] 161454
SL [7 0 0 4 0] 161573
SL [7 0 0 4 0] 161693
SL [7 0 0 4 0] 161812
SL [7 0 0 4 0] 161931
SL [7 0 0 4 0] 162050
SL [7 0 0 4 0] 162170
SL [7 0 0 4 0] 162289
SL [7 0 0 4 0] 162408
SL [7 0 0 4 0] 162527
SL [7 0 0 4 0] 162647
SL [7 0 0 4 0] 162766
SL [7 0 0 4 0] 162885
SL [7 0 0 4 0] 163004
SL [7 0 0 4 0] 163124
SL [7 0 0 4 0] 163243
SL [7 0 0 4 0] 163364
SL [7 0 0 4 0] 163481
SL [7 0 0 4 0] 163601
SL [7 0 0 4 0] 163720
SL [7 0 0 4 0] 163839
SL [7 0 0 4 0] 163958
SL [7 0 0 4 0] 164078
SL [7 0 0 4 0] 164197
SL [7 0 0 4 0] 164316
SL [7 0 0 4 0] 164435
SL [7 0 0 4 0] 164555
SL [7 0 0 4 0] 164674
SL [7 0 0 4 0] 164793
SL [7 0 0 4 0] 164912
SL [7 0 0 4 0] 165032
SL [7 0 0 4 0] 165151
SL [7 0 0 4 0] 165270
SL [7 0 0 4 0] 165389
SL [7 0 0 4 0] 165510
SL [7 0 0 4 0] 165628
SL [7 0 0 4 0] 165747
SL [7 0 0 4 0] 165866
SL [7 0 0 4 0] 165986
SL [7 0 0 4 0] 166105
SL [7 0 0 4 0] 166224
SL [7 0 0 4 0] 166343
SL [7 0 0 4 0] 166463
SL [7 0 0 4 0] 166582
SL [7 0 0 4 0] 166701
SL [7 0 0 4 0] 166820
SL [7 0 0 4 0] 166940
SL [7 0 0 4 0] 167059
SL [7 0 0 4 0] 167178
SL [7 0 0 4 0] 167297
SL [7 0 0 4 0] 167417
SL [7 0 0 4 0] 167536
SL [7 0 0 4 0] 167657
SL [7 0 0 4 0] 167774
SL [7 0 0 4 0] 167894
SL [7 0 0 4 0] 168013
SL [7 0 0 4 0] 168132
SL [7 0 0 4 0] 168251
SL [7 0 0 4 0] 168371
SL [7 0 0 4 0] 168490
SL [7 0 0 4 0] 168609
SL [7 0 0 4 0] 168728
SL [7 0 0 4 0] 168848
SL [7 0 0 4 0] 168967
SL [7 0 0 4 0] 169086
SL [7 0 0 4 0] 169205
SL [7 0 0 4 0] 169325
SL [7 0 0 4 0] 169444
SL [7 0 0 4 0] 169563
SL [7 0 0 4 0] 169682
SL [7 0 0 4 0] 169803
SL [7 0 0 4 0] 169921
SL [7 0 0 4 0] 170040
SL [7 0 0 4 0] 170159
SL [7 0 0 4 0] 170279
SL [7 0 0 4 0] 170398
SL [7 0 0 4 0] 170517
SL [7 0 0 4 0] 170636
SL [7 0 0 4 0] 170756
SL [7 0 0 4 0] 170875
SL [7 0 0 4 0] 170994
SL [7 0 0 4 0] 171113
SL [7 0 0 4 0] 171233
SL [7 0 0 4 0] 171352
SL [7 0 0 4 0] 171471
SL [7 0 0 4 0] 171590
SL [7 0 0 4 0] 171710
SL [7 0 0 5 1] 171829
SL [7 0 0 5 1] 171950
SL [7 0 0 5 1] 172067
SL [7 0 0 5 1] 172187
SL [7 0 0 5 1] 172306
SL [7 0 0 5 1] 172425
SL [7 0 0 5 1] 172544
SL [7 0 0 5 1] 172664
SL [7 0 0 5 1] 172783
SL [7 0 0 5 1] 172902
SL [7 0 0 5 1] 173021
SL [7 0 0 5 1] 173141
SL [7 0 0 5 1] 173260
SL [7 0 0 5 1] 173379
SL [7 0 0 5 1] 173498
SL [7 0 0 5 1] 173618
SL [7 0 0 5 1] 173737
SL [7 0 0 5 1] 173856
SL [7 0 0 5 1] 173975
SL [7 0 0 5 1] 174096
SL [7 0 0 5 1] 174214
SL [7 0 0 5 1] 174333
SL [7 0 0 5 1] 174452
SL [7 0 0 5 1] 174572
SL [7 0 0 5 1] 174691
SL [7 0 0 5 1] 174810
SL [7 0 0 5 1] 174929
SL [7 0 0 5 1] 175049
SL [7 0 0 5 1] 175168
SL [7 0 0 5 1] 175287
SL [7 0 0 5 1] 175406
SL [7 0 0 5 1] 175526
SL [7 0 0 5 1] 175645
SL [7 0 0 5 1] 175764
SL [7 0 0 5 0] 175883
SL [7 0 0 5 0] 176003
SL [7 0 0 5 0] 176122
SL [7 0 0 5 0] 176243
SL [7 0 0 5 0] 176360
SL [7 0 0 5 0] 176480
SL [7 0 0 5 0] 176599
SL [7 0 0 5 0] 176718
SL [7 0 0 5 0] 176837
SL [7 0 0 5 0] 176957
SL [7 0 0 5 0] 177076
SL [7 0 0 5 0] 177195
SL [7 0 0 5 0] 177314
SL [7 0 0 5 0] 177434
SL [7 0 0 5 0] 177553
SL [7 0 0 5 0] 177672
SL [7 0 0 5 0] 177791
SL [7 0 0 5 0] 177911
SL [7 0 0 5 0] 178030
SL [7 0 0 5 0] 178149
SL [7 0 0 5 0] 178268
SL [7 0 0 5 0] 178389
SL [7 0 0 5 0] 178507
SL [7 0 0 5 0] 178626
SL [7 0 0 5 0] 178745
SL [7 0 0 5 0] 178865
SL [7 0 0 5 0] 178984
SL [7 0 0 5 0] 179103
SL [7 0 0 5 0] 179222
SL [7 0 0 5 0] 179342
SL [7 0 0 5 0] 179461
SL [7 0 0 5 0] 179580
SL [7 0 0 5 0] 179699
SL [7 0 0 5 0] 179819
SL [7 0 0 5 0] 179938
SL [7 0 0 5 0] 180057
SL [7 0 0 5 0] 180176
SL [7 0 0 5 0] 180296
SL [7 0 0 5 0] 180415
SL [7 0 0 5 0] 180536
SL [7 0 0 5 0] 180653
SL [7 0 0 5 0] 180773
SL [7 0 0 5 0] 180892
SL [7 0 0 5 0] 181011
SL [7 0 0 5 0] 181130
SL [7 0 0 5 0] 181250
SL [7 0 0 5 0] 181369
SL [7 0 0 5 0] 181488
SL [7 0 0 5 0] 181607
SL [7 0 0 5 0] 181727
SL [7 0 0 5 0] 181846
SL [7 0 0 5 0] 181965
SL [7 0 0 5 0] 182084
SL [7 0 0 5 0] 182204
SL [7 0 0 5 0] 182323
SL [7 0 0 5 0] 182442
SL [7 0 0 5 0] 182561
SL [7 0 0 5 0] 182682
SL [7 0 0 5 0] 182800
SL [7 0 0 5 0] 182919
SL [7 0 0 5 0] 183038
SL [7 0 0 5 0] 183158
SL [7 0 0 5 0] 183277
SL [7 0 0 5 0] 183396
SL [7 0 0 5 0] 183515
SL [7 0 0 5 0] 183635
SL [7 0 0 5 0] 183754
SL [7 0 0 5 0] 183873
SL [7 0 0 5 0] 183992
SL [7 0 0 5 0] 184112
SL [7 0 0 5 0] 184231
SL [7 0 0 5 0] 184350
SL [7 0 0 5 0] 184469
SL [7 0 0 5 0] 184589
SL [7 0 0 5 0] 184708
SL [7 0 0 5 0] 184829
SL [7 0 0 5 0] 184946
SL [7 0 0 5 0] 185066
SL [7 0 0 5 0] 185185
SL [7 0 0 5 0] 185304
SL [7 0 0 5 0] 185423
SL [7 0 0 5 0] 185543
SL [7 0 0 5 0] 185662
SL [7 0 0 5 0] 185781
SL [7 0 0 5 0] 185900
SL [7 0 0 5 0] 186020
SL [7 0 0 5 0] 186139
SL [7 0 0 5 0] 186258
SL [7 0 0 5 0] 186377
SL [7 0 0 5 0] 186497
SL [7 0 0 5 0] 186616
SL [7 0 0 5 0] 186735
SL [7 0 0 5 0] 186854
SL [7 0 0 5 0] 186975
SL [7 0 0 5 0] 187093
SL [7 0 0 5 0] 187212
SL [7 0 0 5 0] 187331
SL [7 0 0 5 0] 187451
SL [7 0 0 5 0] 187570
SL [7 0 0 5 0] 187689
SL [7 0 0 5 0] 187808
SL [7 0 0 5 0] 187928
SL [7 0 0 5 0] 188047
SL [7 0 0 5 0] 188166
SL [7 0 0 5 0] 188285
SL [7 0 0 5 0] 188405
SL [7 0 0 5 0] 188524
SL [7 0 0 5 0] 188643
SL [7 0 0 5 0] 188762
SL [7 0 0 5 0] 188882
SL [7 0 0 5 0] 189001
SL [7 0 0 5 0] 189122
SL [7 0 0 5 0] 189239
SL [7 0 0 5 0] 189359
SL [7 0 0 5 0] 189478
SL [7 0 0 5 0] 189597
SL [7 0 0 5 0] 189716
SL [7 0 0 5 0] 189836
SL [7 0 0 5 0] 189955
SL [7 0 0 5 0] 190074
SL [7 0 0 5 0] 190193
SL [7 0 0 5 0] 190313
SL [7 0 0 5 0] 190432
SL [7 0 0 5 0] 190551
SL [7 0 0 5 0] 190670
SL [7 0 0 5 0] 190790
SL [7 0 0 5 0] 190909
SL [7 0 0 5 0] 191028
SL [7 0 0 5 0] 191147
SL [7 0 0 5 0] 191268
SL [7 0 0 5 0] 191386
SL [7 0 0 5 0] 191505
SL [7 0 0 5 0] 191624
SL [7 0 0 5 0] 191744
SL [7 0 0 5 0] 191863
SL [7 0 0 5 0] 191982
SL [7 0 0 5 0] 192101
SL [7 0 0 5 0] 192221
SL [7 0 0 5 0] 192340
SL [7 0 0 5 0] 192459
SL [7 0 0 5 0] 192578
SL [7 0 0 5 0] 192698
SL [7 0 0 5 0] 192817
SL [7 0 0 5 0] 192936
SL [7 0 0 5 0] 193055
SL [7 0 0 5 0] 193175
SL [7 0 0 5 0] 193294
SL [7 0 0 5 0] 193415
SL [7 0 0 5 0] 193532
SL [7 0 0 5 0] 193652
SL [7 0 0 5 0] 193771
SL [7 0 0 5 0] 193890
SL [7 0 0 5 0] 194009
SL [7 0 0 5 0] 194129
SL [7 0 0 5 0] 194248
SL [7 0 0 5 0] 194367
SL [7 0 0 5 0] 194486
SL [7 0 0 5 0] 194606
SL [7 0 0 5 0] 194725
SL [7 0 0 5 0] 194844
SL [7 0 0 5 0] 194963
SL [7 0 0 5 0] 195083
SL [7 0 0 5 0] 195202
SL [7 0 0 5 0] 195321
SL [7 0 0 5 0] 195440
SL [7 0 0 5 0] 195561
SL [7 0 0 5 0] 195679
SL [7 0 0 5 0] 195798
SL [7 0 0 5 0] 195917
SL [7 0 0 5 0] 196037
SL [7 0 0 5 0] 196156
SL [7 0 0 5 0] 196275
SL [7 0 0 5 0] 196394
SL [7 0 0 5 0] 196514
SL [7 0 0 5 0] 196633
SL [7 0 0 5 0] 196752
SL [7 0 0 5 0] 196871
SL [7 0 0 5 0] 196991
SL [7 0 0 5 0] 197110
SL [7 0 0 5 0] 197229
SL [7 0 0 5 0] 197348
SL [7 0 0 5 0] 197468
SL [7 0 0 5 0] 197587
SL [7 0 0 5 0] 197708
SL [7 0 0 5 0] 197825
SL [7 0 0 5 0] 197945
SL [7 0 0 5 0] 198064
SL [7 0 0 5 0] 198183
SL [7 0 0 5 0] 198302
SL [7 0 0 5 0] 198422
SL [7 0 0 5 0] 198541
SL [7 0 0 5 0] 198660
SL [7 0 0 5 0] 198779
SL [7 0 0 5 0] 198899
SL [7 0 0 5 0] 199018
SL [7 0 0 5 0] 199137
SL [7 0 0 5 0] 199256
SL [7 0 0 5 0] 199376
SL [7 0 0 5 0] 199495
SL [7 0 0 5 0] 199614
SL [7 0 0 5 0] 199733
SL [7 0 0 5 0] 199854
SL [7 0 0 5 0] 199972
SL [7 0 0 5 0] 200091
SL [7 0 0 5 0] 200210
SL [7 0 0 5 0] 200330
SL [7 0 0 5 0] 200449
SL [7 0 0 5 0] 200568
SL [7 0 0 5 0] 200687
SL [7 0 0 5 0] 200807
SL [7 0 0 5 0] 200926
SL [7 0 0 5 0] 201045
SL [7 0 0 5 0] 201164
SL [7 0 0 5 0] 201284
SL [7 0 0 5 0] 201403
SL [7 0 0 5 0] 201522
SL [7 0 0 5 0] 201641
SL [7 0 0 5 0] 201761
SL [7 0 0 5 0] 201880
SL [7 0 0 5 0] 202001
SL [7 0 0 5 0] 202118
SL [7 0 0 5 0] 202238
SL [7 0 0 5 0] 202357
SL [7 0 0 5 0] 202476
SL [7 0 0 5 0] 202595
SL [7 0 0 5 0] 202715
SL [7 0 0 5 0] 202834
SL [7 0 0 5 0] 202953
SL [7 0 0 5 0] 203072
SL [7 0 0 5 0] 203192
SL [7 0 0 5 0] 203311
SL [7 0 0 5 0] 203430
SL [7 0 0 5 0] 203549
SL [7 0 0 5 0] 203669
SL [7 0 0 5 0] 203788
SL [7 0 0 5 0] 203907
SL [7 0 0 5 0] 204026
SL [7 0 0 5 0] 204147
SL [7 0 0 5 0] 204265
SL [7 0 0 5 0] 204384
SL [7 0 0 5 0] 204503
SL [7 0 0 5 0] 204623
SL [7 0 0 5 0] 204742
SL [7 0 0 5 0] 204861
SL [7 0 0 5 0] 204980
SL [7 0 0 5 0] 205100
SL [7 0 0 5 0] 205219
SL [7 0 0 5 0] 205338
SL [7 0 0 5 0] 205457
SL [7 0 0 5 0] 205577
SL [7 0 0 5 0] 205696
SL [7 0 0 5 0] 205815
SL [7 0 0 5 0] 205934
SL [7 0 0 5 0] 206054
SL [7 0 0 5 0] 206173
SL [7 0 0 5 0] 206294
SL [7 0 0 5 0] 206411
SL [7 0 0 5 0] 206531
SL [7 0 0 5 0] 206650
SL [7 0 0 5 0] 206769
SL [7 0 0 5 0] 206888
SL [7 0 0 5 0] 207008
SL [7 0 0 5 0] 207127
SL [7 0 0 5 0] 207246
SL [7 0 0 5 0] 207365
SL [7 0 0 5 0] 207485
SL [7 0 0 5 0] 207604
SL [7 0 0 5 0] 207723
SL [7 0 0 5 0] 207842
SL [7 0 0 5 0] 207962
SL [7 0 0 5 0] 208081
SL [7 0 0 5 0] 208200
SL [7 0 0 5 0] 208319
SL [7 0 0 5 0] 208440
SL [7 0 0 5 0] 208558
SL [7 0 0 5 0] 208677
SL [7 0 0 5 0] 208796
SL [7 0 0 5 0] 208916
SL [7 0 0 5 0] 209035
SL [7 0 0 5 0] 209154
SL [7 0 0 5 0] 209273
SL [7 0 0 5 0] 209393
SL [7 0 0 5 0] 209512
SL [7 0 0 5 0] 209631
SL [7 0 0 5 0] 209750
SL [7 0 0 5 0] 209870
SL [7 0 0 5 0] 209989
SL [7 0 0 5 0] 210108
SL [7 0 0 5 0] 210227
SL [7 0 0 5 0] 210347
SL [7 0 0 5 0] 210466
SL [7 0 0 5 0] 210587
SL [7 0 0 5 0] 210704
SL [7 0 0 5 0] 210824
SL [7 0 0 5 0] 210943
SL [7 0 0 5 0] 211062
SL [7 0 0 5 0] 211181
SL [7 0 0 5 0] 211301
SL [7 0 0 5 0] 211420
SL [7 0 0 5 0] 211539
SL [7 0 0 5 0] 211658
SL [7 0 0 5 0] 211778
SL [7 0 0 5 0] 211897
SL [7 0 0 5 0] 212016
SL [7 0 0 5 0] 212135
SL [7 0 0 5 0] 212255
SL [7 0 0 6 1] 212374
SL [7 0 0 6 1] 212493
SL [7 0 0 6 1] 212612
SL [7 0 0 6 1] 212733
SL [7 0 0 6 1] 212851
SL [7 0 0 6 1] 212970
SL [7 0 0 6 1] 213089
SL [7 0 0 6 1] 213209
SL [7 0 0 6 1] 213328
SL [7 0 0 6 1] 213447
SL [7 0 0 6 1] 213566
SL [7 0 0 6 1] 213686
SL [7 0 0 6 1] 213805
SL [7 0 0 6 1] 213924
SL [7 0 0 6 1] 214043
SL [7 0 0 6 1] 214163
SL [7 0 0 6 1] 214282
SL [7 0 0 6 1] 214401
SL [7 0 0 6 1] 214520
SL [7 0 0 6 1] 214640
SL [7 0 0 6 1] 214759
SL [7 0 0 6 1] 214880
SL [7 0 0 6 1] 214997
SL [7 0 0 6 1] 215117
SL [7 0 0 6 1] 215236
SL [7 0 0 6 1] 215355
SL [7 0 0 6 1] 215474
SL [7 0 0 6 1] 215594
SL [7 0 0 6 1] 215713
SL [7 0 0 6 1] 215832
SL [7 0 0 6 1] 215951
SL [7 0 0 6 1] 216071
SL [7 0 0 6 1] 216190
SL [7 0 0 6 1] 216309
SL [7 0 0 6 0] 216428
SL [7 0 0 6 0] 216548
SL [7 0 0 6 0] 216667
SL [7 0 0 6 0] 216786
SL [7 0 0 6 0] 216905
SL [7 0 0 6 0] 217026
SL [7 0 0 6 0] 217144
SL [7 0 0 6 0] 217263
SL [7 0 0 6 0] 217382
SL [7 0 0 6 0] 217502
SL [7 0 0 6 0] 217621
SL [7 0 0 6 0] 217740
SL [7 0 0 6 0] 217859
SL [7 0 0 6 0] 217979
SL [7 0 0 6 0] 218098
SL [7 0 0 6 0] 218217
SL [7 0 0 6 0] 218336
SL [7 0 0 6 0] 218456
SL [7 0 0 6 0] 218575
SL [7 0 0 6 0] 218694
SL [7 0 0 6 0] 218813
SL [7 0 0 6 0] 218933
SL [7 0 0 6 0] 219052
SL [7 0 0 6 0] 219173
SL [7 0 0 6 0] 219290
SL [7 0 0 6 0] 219410
SL [7 0 0 6 0] 219529
SL [7 0 0 6 0] 219648
SL [7 0 0 6 0] 219767
SL [7 0 0 6 0] 219887
SL [7 0 0 6 0] 220006
SL [7 0 0 6 0] 220125
SL [7 0 0 6 0] 220244
SL [7 0 0 6 0] 220364
SL [7 0 0 6 0] 220483
SL [7 0 0 6 0] 220602
SL [7 0 0 6 0] 220721
SL [7 0 0 6 0] 220841
SL [7 0 0 6 0] 220960
SL [7 0 0 6 0] 221079
SL [7 0 0 6 0] 221198
SL [7 0 0 6 0] 221319
SL [7 0 0 6 0] 221437
SL [7 0 0 6 0] 221556
SL [7 0 0 6 0] 221675
SL [7 0 0 6 0] 221795
SL [7 0 0 6 0] 221914
SL [7 0 0 6 0] 222033
SL [7 0 0 6 0] 222152
SL [7 0 0 6 0] 222272
SL [7 0 0 6 0] 222391
SL [7 0 0 6 0] 222510
SL [7 0 0 6 0] 222629
SL [7 0 0 6 0] 222749
SL [7 0 0 6 0] 222868
SL [7 0 0 6 0] 222987
SL [7 0 0 6 0] 223106
SL [7 0 0 6 0] 223226
SL [7 0 0 6 0] 223345
SL [7 0 0 6 0] 223466
SL [7 0 0 6 0] 223583
SL [7 0 0 6 0] 223703
SL [7 0 0 6 0] 223822
SL [7 0 0 6 0] 223941
SL [7 0 0 6 0] 224060
SL [7 0 0 6 0] 224180
SL [7 0 0 6 0] 224299
SL [7 0 0 6 0] 224418
SL [7 0 0 6 0] 224537
SL [7 0 0 6 0] 224657
SL [7 0 0 6 0] 224776
SL [7 0 0 6 0] 224895
SL [7 0 0 6 0] 225014
SL [7 0 0 6 0] 225134
SL [7 0 0 6 0] 225253
SL [7 0 0 6 0] 225372
SL [7 0 0 6 0] 225491
SL [7 0 0 6 0] 225612
SL [7 0 0 6 0] 225730
SL [7 0 0 6 0] 225849
SL [7 0 0 6 0] 225968
SL [7 0 0 6 0] 226088
SL [7 0 0 6 0] 226207
SL [7 0 0 6 0] 226326
SL [7 0 0 6 0] 226445
SL [7 0 0 6 0] 226565
SL [7 0 0 6 0] 226684
SL [7 0 0 6 0] 226803
SL [7 0 0 6 0] 226922
SL [7 0 0 6 0] 227042
SL [7 0 0 6 0] 227161
SL [7 0 0 6 0] 227280
SL [7 0 0 6 0] 227399
SL [7 0 0 6 0] 227519
SL [7 0 0 6 0] 227638
SL [7 0 0 6 0] 227759
SL [7 0 0 6 0] 227876
SL [7 0 0 6 0] 227996
SL [7 0 0 6 0] 228115
SL [7 0 0 6 0] 228234
SL [7 0 0 6 0] 228353
SL [7 0 0 6 0] 228473
SL [7 0 0 6 0] 228592
SL [7 0 0 6 0] 228711
SL [7 0 0 6 0] 228830
SL [7 0 0 6 0] 228950
SL [7 0 0 6 0] 229069
SL [7 0 0 6 0] 229188
SL [7 0 0 6 0] 229307
SL [7 0 0 6 0] 229427
SL [7 0 0 6 0] 229546
SL [7 0 0 6 0] 229665
SL [7 0 0 6 0] 229784
SL [7 0 0 6 0] 229905
SL [7 0 0 6 0] 230023
SL [7 0 0 6 0] 230142
SL [7 0 0 6 0] 230261
SL [7 0 0 6 0] 230381
SL [7 0 0 6 0] 230500
SL [7 0 0 6 0] 230619
SL [7 0 0 6 0] 230738
SL [7 0 0 6 0] 230858
SL [7 0 0 6 0] 230977
SL [7 0 0 6 0] 231096
SL [7 0 0 6 0] 231215
SL [7 0 0 6 0] 231335
SL [7 0 0 6 0] 231454
SL [7 0 0 6 0] 231573
SL [7 0 0 6 0] 231692
SL [7 0 0 6 0] 231812
SL [7 0 0 6 0] 231931
SL [7 0 0 6 0] 232052
SL [7 0 0 6 0] 232169
SL [7 0 0 6 0] 232289
SL [7 0 0 6 0] 232408
SL [7 0 0 6 0] 232527
SL [7 0 0 6 0] 232646
SL [7 0 0 6 0] 232766
SL [7 0 0 6 0] 232885
SL [7 0 0 6 0] 233004
SL [7 0 0 6 0] 233123
SL [7 0 0 6 0] 233243
SL [7 0 0 6 0] 233362
SL [7 0 0 6 0] 233481
SL [7 0 0 6 0] 233600
SL [7 0 0 6 0] 233720
SL [7 0 0 6 0] 233839
SL [7 0 0 6 0] 233958
SL [7 0 0 6 0] 234077
SL [7 0 0 6 0] 234198
SL [7 0 0 6 0] 234316
SL [7 0 0 6 0] 234435
SL [7 0 0 6 0] 234554
SL [7 0 0 6 0] 234674
SL [7 0 0 6 0] 234793
SL [7 0 0 6 0] 234912
SL [7 0 0 6 0] 235031
SL [7 0 0 6 0] 235151
SL [7 0 0 6 0] 235270
SL [7 0 0 6 0] 235389
SL [7 0 0 6 0] 235508
SL [7 0 0 6 0] 235628
SL [7 0 0 6 0] 235747
SL [7 0 0 6 0] 235866
SL [7 0 0 6 0] 235985
SL [7 0 0 6 0] 236105
SL [7 0 0 6 0] 236224
SL [7 0 0 6 0] 236345
SL [7 0 0 6 0] 236462
SL [7 0 0 6 0] 236582
SL [7 0 0 6 0] 236701
SL [7 0 0 6 0] 236820
SL [7 0 0 6 0] 236939
SL [7 0 0 6 0] 237059
SL [7 0 0 6 0] 237178
SL [7 0 0 6 0] 237297
SL [7 0 0 6 0] 237416
SL [7 0 0 6 0] 237536
SL [7 0 0 6 0] 237655
SL [7 0 0 6 0] 237774
SL [7 0 0 6 0] 237893
SL [7 0 0 6 0] 238013
SL [7 0 0 6 0] 238132
SL [7 0 0 6 0] 238251
SL [7 0 0 6 0] 238370
SL [7 0 0 6 0] 238491
SL [7 0 0 6 0] 238609
SL [7 0 0 6 0] 238728
SL [7 0 0 6 0] 238847
SL [7 0 0 6 0] 238967
SL [7 0 0 6 0] 239086
SL [7 0 0 6 0] 239205
SL [7 0 0 6 0] 239324
SL [7 0 0 6 0] 239444
SL [7 0 0 6 0] 239563
SL [7 0 0 6 0] 239682
SL [7 0 0 6 0] 239801
SL [7 0 0 6 0] 239921
SL [7 0 0 6 0] 240040
SL [7 0 0 6 0] 240159
SL [7 0 0 6 0] 240278
SL [7 0 0 6 0] 240398
SL [7 0 0 6 0] 240517
SL [7 0 0 6 0] 240638
SL [7 0 0 6 0] 240755
SL [7 0 0 6 0] 240875
SL [7 0 0 6 0] 240994
SL [7 0 0 6 0] 241113
SL [7 0 0 6 0] 241232
SL [7 0 0 6 0] 241352
SL [7 0 0 6 0] 241471
SL [7 0 0 6 0] 241590
SL [7 0 0 6 0] 241709
SL [7 0 0 6 0] 241829
SL [7 0 0 6 0] 241948
SL [7 0 0 6 0] 242067
SL [7 0 0 6 0] 242186
SL [7 0 0 6 0] 242306
SL [7 0 0 6 0] 242425
SL [7 0 0 6 0] 242544
SL [7 0 0 6 0] 242663
SL [7 0 0 6 0] 242784
SL [7 0 0 6 0] 242902
SL [7 0 0 6 0] 243021
SL [7 0 0 6 0] 243140
SL [7 0 0 6 0] 243260
SL [7 0 0 6 0] 243379
SL [7 0 0 6 0] 243498
SL [7 0 0 6 0] 243617
SL [7 0 0 6 0] 243737
SL [7 0 0 6 0] 243856
SL [7 0 0 6 0] 243975
SL [7 0 0 6 0] 244094
SL [7 0 0 6 0] 244214
SL [7 0 0 6 0] 244333
SL [7 0 0 6 0] 244452
SL [7 0 0 6 0] 244571
SL [7 0 0 6 0] 244691
SL [7 0 0 6 0] 244810
SL [7 0 0 6 0] 244931
SL [7 0 0 6 0] 245048
SL [7 0 0 6 0] 245168
SL [7 0 0 6 0] 245287
SL [7 0 0 6 0] 245406
SL [7 0 0 6 0] 245525
SL [7 0 0 6 0] 245645
SL [7 0 0 6 0] 245764
SL [7 0 0 6 0] 245883
SL [7 0 0 6 0] 246002
SL [7 0 0 6 0] 246122
SL [7 0 0 6 0] 246241
SL [7 0 0 6 0] 246360
SL [7 0 0 6 0] 246479
SL [7 0 0 6 0] 246599
SL [7 0 0 6 0] 246718
SL [7 0 0 6 0] 246837
SL [7 0 0 6 0] 246956
SL [7 0 0 6 0] 247077
SL [7 0 0 6 0] 247195
SL [7 0 0 6 0] 247314
SL [7 0 0 6 0] 247433
SL [7 0 0 6 0] 247553
SL [7 0 0 6 0] 247672
SL [7 0 0 6 0] 247791
SL [7 0 0 6 0] 247910
SL [7 0 0 6 0] 248030
SL [7 0 0 6 0] 248149
SL [7 0 0 6 0] 248268
SL [7 0 0 6 0] 248387
SL [7 0 0 6 0] 248507
SL [7 0 0 6 0] 248626
SL [7 0 0 6 0] 248745
SL [7 0 0 7 1] 248864
SL [7 0 0 7 1] 248984
SL [7 0 0 7 1] 249103
SL [7 0 0 7 1] 249224
SL [7 0 0 7 1] 249341
SL [7 0 0 7 1] 249461
SL [7 0 0 7 1] 249580
SL [7 0 0 7 1] 249699
SL [7 0 0 7 1] 249818
SL [7 0 0 7 1] 249938
SL [7 0 0 7 1] 250057
SL [7 0 0 7 1] 250176
SL [7 0 0 7 1] 250295
SL [7 0 0 7 1] 250415
SL [7 0 0 7 1] 250534
SL [7 0 0 7 1] 250653
SL [7 0 0 7 1] 250772
SL [7 0 0 7 1] 250892
SL [7 0 0 7 1] 251011
SL [7 0 0 7 1] 251130
SL [7 0 0 7 1] 251249
SL [7 0 0 7 1] 251370
SL [7 0 0 7 1] 251488
SL [7 0 0 7 1] 251607
SL [7 0 0 7 1] 251726
SL [7 0 0 7 1] 251846
SL [7 0 0 7 1] 251965
SL [7 0 0 7 1] 252084
SL [7 0 0 7 1] 252203
SL [7 0 0 7 1] 252323
SL [7 0 0 7 1] 252442
SL [7 0 0 7 1] 252561
SL [7 0 0 7 1] 252680
SL [7 0 0 7 1] 252800
SL [7 0 0 7 0] 252919
SL [7 0 0 7 0] 253038
SL [7 0 0 7 0] 253157
SL [7 0 0 7 0] 253277
SL [7 0 0 7 0] 253396
SL [7 0 0 7 0] 253517
SL [7 0 0 7 0] 253634
SL [7 0 0 7 0] 253754
SL [7 0 0 7 0] 253873
SL [7 0 0 7 0] 253992
SL [7 0 0 7 0] 254111
SL [7 0 0 7 0] 254231
SL [7 0 0 7 0] 254350
SL [7 0 0 7 0] 254469
SL [7 0 0 7 0] 254588
SL [7 0 0 7 0] 254708
SL [7 0 0 7 0] 254827
SL [7 0 0 7 0] 254946
SL [7 0 0 7 0] 255065
SL [7 0 0 7 0] 255185
SL [7 0 0 7 0] 255304
SL [7 0 0 7 0] 255423
SL [7 0 0 7 0] 255542
SL [7 0 0 7 0] 255663
SL [7 0 0 7 0] 255781
SL [7 0 0 7 0] 255900
SL [7 0 0 7 0] 256019
SL [7 0 0 7 0] 256139
SL [7 0 0 7 0] 256258
SL [7 0 0 7 0] 256377
SL [7 0 0 7 0] 256496
SL [7 0 0 7 0] 256616
SL [7 0 0 7 0] 256735
SL [7 0 0 7 0] 256854
SL [7 0 0 7 0] 256973
SL [7 0 0 7 0] 257093
SL [7 0 0 7 0] 257212
SL [7 0 0 7 0] 257331
SL [7 0 0 7 0] 257450
SL [7 0 0 7 0] 257570
SL [7 0 0 7 0] 257689
SL [7 0 0 7 0] 257810
SL [7 0 0 7 0] 257927
SL [7 0 0 7 0] 258047
SL [7 0 0 7 0] 258166
SL [7 0 0 7 0] 258285
SL [7 0 0 7 0] 258404
SL [7 0 0 7 0] 258524
SL [7 0 0 7 0] 258643
SL [7 0 0 7 0] 258762
SL [7 0 0 7 0] 258881
SL [7 0 0 7 0] 259001
SL [7 0 0 7 0] 259120
SL [7 0 0 7 0] 259239
SL [7 0 0 7 0] 259358
SL [7 0 0 7 0] 259478
SL [7 0 0 7 0] 259597
SL [7 0 0 7 0] 259716
SL [7 0 0 7 0] 259835
SL [7 0 0 7 0] 259956
SL [7 0 0 7 0] 260074
SL [7 0 0 7 0] 260193
SL [7 0 0 7 0] 260312
SL [7 0 0 7 0] 260432
SL [7 0 0 7 0] 260551
SL [7 0 0 7 0] 260670
SL [7 0 0 7 0] 260789
SL [7 0 0 7 0] 260909
SL [7 0 0 7 0] 261028
SL [7 0 0 7 0] 261147
SL [7 0 0 7 0] 261266
SL [7 0 0 7 0] 261386
SL [7 0 0 7 0] 261505
SL [7 0 0 7 0] 261624
SL [7 0 0 7 0] 261743
SL [7 0 0 7 0] 261863
SL [7 0 0 7 0] 261982
SL [7 0 0 7 0] 262103
SL [7 0 0 7 0] 262220
SL [7 0 0 7 0] 262340
SL [7 0 0 7 0] 262459
SL [7 0 0 7 0] 262578
SL [7 0 0 7 0] 262697
SL [7 0 0 7 0] 262817
SL [7 0 0 7 0] 262936
SL [7 0 0 7 0] 263055
SL [7 0 0 7 0] 263174
SL [7 0 0 7 0] 263294
SL [7 0 0 7 0] 263413
SL [7 0 0 7 0] 263532
SL [7 0 0 7 0] 263651
SL [7 0 0 7 0] 263771
SL [7 0 0 7 0] 263890
SL [7 0 0 7 0] 264009
SL [7 0 0 7 0] 264128
SL [7 0 0 7 0] 264249
SL [7 0 0 7 0] 264367
SL [7 0 0 7 0] 264486
SL [7 0 0 7 0] 264605
SL [7 0 0 7 0] 264725
SL [7 0 0 7 0] 264844
SL [7 0 0 7 0] 264963
SL [7 0 0 7 0] 265082
SL [7 0 0 7 0] 265202
SL [7 0 0 7 0] 265321
SL [7 0 0 7 0] 265440
SL [7 0 0 7 0] 265559
SL [7 0 0 7 0] 265679
SL [7 0 0 7 0] 265798
SL [7 0 0 7 0] 265917
SL [7 0 0 7 0] 266036
SL [7 0 0 7 0] 266156
SL [7 0 0 7 0] 266275
SL [7 0 0 7 0] 266396
SL [7 0 0 7 0] 266513
SL [7 0 0 7 0] 266633
SL [7 0 0 7 0] 266752
SL [7 0 0 7 0] 266871
SL [7 0 0 7 0] 266990
SL [7 0 0 7 0] 267110
SL [7 0 0 7 0] 267229
SL [7 0 0 7 0] 267348
SL [7 0 0 7 0] 267467
SL [7 0 0 7 0] 267587
SL [7 0 0 7 0] 267706
SL [7 0 0 7 0] 267825
SL [7 0 0 7 0] 267944
SL [7 0 0 7 0] 268064
SL [7 0 0 7 0] 268183
SL [7 0 0 7 0] 268302
SL [7 0 0 7 0] 268421
SL [7 0 0 7 0] 268542
SL [7 0 0 7 0] 268660
SL [7 0 0 7 0] 268779
SL [7 0 0 7 0] 268898
SL [7 0 0 7 0] 269018
SL [7 0 0 7 0] 269137
SL [7 0 0 7 0] 269256
SL [7 0 0 7 0] 269375
SL [7 0 0 7 0] 269495
SL [7 0 0 7 0] 269614
SL [7 0 0 7 0] 269733
SL [7 0 0 7 0] 269852
SL [7 0 0 7 0] 269972
SL [7 0 0 7 0] 270091
SL [7 0 0 7 0] 270210
SL [7 0 0 7 0] 270329
SL [7 0 0 7 0] 270449
SL [7 0 0 7 0] 270568
SL [7 0 0 7 0] 270689
SL [7 0 0 7 0] 270806
SL [7 0 0 7 0] 270926
SL [7 0 0 7 0] 271045
SL [7 0 0 7 0] 271164
SL [7 0 0 7 0] 271283
SL [7 0 0 7 0] 271403
SL [7 0 0 7 0] 271522
SL [7 0 0 7 0] 271641
SL [7 0 0 7 0] 271760
SL [7 0 0 7 0] 271880
SL [7 0 0 7 0] 271999
SL [7 0 0 7 0] 272118
SL [7 0 0 7 0] 272237
SL [7 0 0 7 0] 272357
SL [7 0 0 7 0] 272476
SL [7 0 0 7 0] 272595
SL [7 0 0 7 0] 272714
SL [7 0 0 7 0] 272835
SL [7 0 0 7 0] 272953
SL [7 0 0 7 0] 273072
SL [7 0 0 7 0] 273191
SL [7 0 0 7 0] 273311
SL [7 0 0 7 0] 273430
SL [7 0 0 7 0] 273549
SL [7 0 0 7 0] 273668
SL [7 0 0 7 0] 273788
SL [7 0 0 7 0] 273907
SL [7 0 0 7 0] 274026
SL [7 0 0 7 0] 274145
SL [7 0 0 7 0] 274265
SL [7 0 0 7 0] 274384
SL [7 0 0 7 0] 274503
SL [7 0 0 7 0] 274622
SL [7 0 0 7 0] 274742
SL [7 0 0 7 0] 274861
SL [7 0 0 7 0] 274982
SL [7 0 0 7 0] 275099
SL [7 0 0 7 0] 275219
SL [7 0 0 7 0] 275338
SL [7 0 0 7 0] 275457
SL [7 0 0 7 0] 275576
SL [7 0 0 7 0] 275696
SL [7 0 0 7 0] 275815
SL [7 0 0 7 0] 275934
SL [7 0 0 7 0] 276053
SL [7 0 0 7 0] 276173
SL [7 0 0 7 0] 276292
SL [7 0 0 7 0] 276411
SL [7 0 0 7 0] 276530
SL [7 0 0 7 0] 276650
SL [7 0 0 7 0] 276769
SL [7 0 0 7 0] 276888
SL [7 0 0 7 0] 277007
SL [7 0 0 7 0] 277128
SL [7 0 0 7 0] 277246
SL [7 0 0 7 0] 277365
SL [7 0 0 7 0] 277484
SL [7 0 0 7 0] 277604
SL [7 0 0 7 0] 277723
SL [7 0 0 7 0] 277842
SL [7 0 0 7 0] 277961
SL [7 0 0 7 0] 278081
SL [7 0 0 7 0] 278200
SL [7 0 0 7 0] 278319
SL [7 0 0 7 0] 278438
SL [7 0 0 7 0] 278558
SL [7 0 0 7 0] 278677
SL [7 0 0 7 0] 278796
SL [7 0 0 7 0] 278915
SL [7 0 0 7 0] 279035
SL [7 0 0 7 0] 279154
SL [7 0 0 7 0] 279275
SL [7 0 0 7 0] 279392
SL [7 0 0 7 0] 279512
SL [7 0 0 7 0] 279631
SL [7 0 0 7 0] 279750
SL [7 0 0 7 0] 279869
SL [7 0 0 7 0] 279989
SL [7 0 0 7 0] 280108
SL [7 0 0 7 0] 280227
SL [7 0 0 7 0] 280346
SL [7 0 0 7 0] 280466
SL [7 0 0 7 0] 280585
SL [7 0 0 7 0] 280704
SL [7 0 0 7 0] 280823
SL [7 0 0 7 0] 280943
SL [7 0 0 7 0] 281062
SL [7 0 0 7 0] 281181
SL [7 0 0 7 0] 281300
SL [7 0 0 7 0] 281421
SL [7 0 0 7 0] 281539
SL [7 0 0 7 0] 281658
SL [7 0 0 7 0] 281777
SL [7 0 0 7 0] 281897
SL [7 0 0 7 0] 282016
SL [7 0 0 7 0] 282135
SL [7 0 0 7 0] 282254
SL [7 0 0 7 0] 282374
SL [7 0 0 7 0] 282493
SL [7 0 0 7 0] 282612
SL [7 0 0 7 0] 282731
SL [7 0 0 7 0] 282851
SL [7 0 0 7 0] 282970
SL [7 0 0 7 0] 283089
SL [7 0 0 7 0] 283208
SL [7 0 0 7 0] 283328
SL [7 0 0 7 0] 283447
SL [7 0 0 7 0] 283568
SL [7 0 0 7 0] 283685
SL [7 0 0 7 0] 283805
SL [7 0 0 7 0] 283924
SL [7 0 0 7 0] 284043
SL [7 0 0 7 0] 284162
SL [7 0 0 7 0] 284282
SL [7 0 0 7 0] 284401
SL [7 0 0 7 0] 284520
SL [7 0 0 7 0] 284639
SL [7 0 0 7 0] 284759
SL [7 0 0 7 0] 284878
SL [7 0 0 7 0] 284997
SL [7 0 0 7 0] 285116
SL [7 0 0 7 0] 285236
SL [7 0 0 8 1] 285355
SL [7 0 0 8 1] 285474
SL [7 0 0 8 1] 285593
SL [7 0 0 8 1] 285714
SL [7 0 0 8 1] 285832
SL [7 0 0 8 1] 285951
SL [7 0 0 8 1] 286070
SL [7 0 0 8 1] 286190
SL [7 0 0 8 1] 286309
SL [7 0 0 8 1] 286428
SL [7 0 0 8 1] 286547
SL [7 0 0 8 1] 286667
SL [7 0 0 8 1] 286786
SL [7 0 0 8 1] 286905
SL [7 0 0 8 1] 287024
SL [7 0 0 8 1] 287144
SL [7 0 0 8 1] 287263
SL [7 0 0 8 1] 287382
SL [7 0 0 8 1] 287501
SL [7 0 0 8 1] 287621
SL [7 0 0 8 1] 287740
SL [7 0 0 8 1] 287861
SL [7 0 0 8 1] 287978
SL [7 0 0 8 1] 288098
SL [7 0 0 8 1] 288217
SL [7 0 0 8 1] 288336
SL [7 0 0 8 1] 288455
SL [7 0 0 8 1] 288575
SL [7 0 0 8 1] 288694
SL [7 0 0 8 1] 288813
SL [7 0 0 8 1] 288932
SL [7 0 0 8 1] 289052
SL [7 0 0 8 1] 289171
SL [7 0 0 8 1] 289290
SL [7 0 0 8 0] 289409
SL [7 0 0 8 0] 289529
SL [7 0 0 8 0] 289648
SL [7 0 0 8 0] 289767
SL [7 0 0 8 0] 289886
SL [7 0 0 8 0] 290007
SL [7 0 0 8 0] 290125
SL [7 0 0 8 0] 290244
SL [7 0 0 8 0] 290363
SL [7 0 0 8 0] 290483
SL [7 0 0 8 0] 290602
SL [7 0 0 8 0] 290721
SL [7 0 0 8 0] 290840
SL [7 0 0 8 0] 290960
SL [7 0 0 8 0] 291079
SL [7 0 0 8 0] 291198
SL [7 0 0 8 0] 291317
SL [7 0 0 8 0] 291437
SL [7 0 0 8 0] 291556
SL [7 0 0 8 0] 291675
SL [7 0 0 8 0] 291794
SL [7 0 0 8 0] 291914
SL [7 0 0 8 0] 292033
SL [7 0 0 8 0] 292154
SL [7 0 0 8 0] 292271
SL [7 0 0 8 0] 292391
SL [7 0 0 8 0] 292510
SL [7 0 0 8 0] 292629
SL [7 0 0 8 0] 292748
SL [7 0 0 8 0] 292868
SL [7 0 0 8 0] 292987
SL [7 0 0 8 0] 293106
SL [7 0 0 8 0] 293225
SL [7 0 0 8 0] 293345
SL [7 0 0 8 0] 293464
SL [7 0 0 8 0] 293583
SL [7 0 0 8 0] 293702
SL [7 0 0 8 0] 293822
SL [7 0 0 8 0] 293941
SL [7 0 0 8 0] 294060
SL [7 0 0 8 0] 294179
SL [7 0 0 8 0] 294300
SL [7 0 0 8 0] 294418
SL [7 0 0 8 0] 294537
SL [7 0 0 8 0] 294656
SL [7 0 0 8 0] 294776
SL [7 0 0 8 0] 294895
SL [7 0 0 8 0] 295014
SL [7 0 0 8 0] 295133
SL [7 0 0 8 0] 295253
SL [7 0 0 8 0] 295372
SL [7 0 0 8 0] 295491
SL [7 0 0 8 0] 295610
SL [7 0 0 8 0] 295730
SL [7 0 0 8 0] 295849
SL [7 0 0 8 0] 295968
SL [7 0 0 8 0] 296087
SL [7 0 0 8 0] 296207
SL [7 0 0 8 0] 296326
SL [7 0 0 8 0] 296447
SL [7 0 0 8 0] 296564
SL [7 0 0 8 0] 296684
SL [7 0 0 8 0] 296803
SL [7 0 0 8 0] 296922
SL [7 0 0 8 0] 297041
SL [7 0 0 8 0] 297161
SL [7 0 0 8 0] 297280
SL [7 0 0 8 0] 297399
SL [7 0 0 8 0] 297518
SL [7 0 0 8 0] 297638
SL [7 0 0 8 0] 297757
SL [7 0 0 8 0] 297876
SL [7 0 0 8 0] 297995
SL [7 0 0 8 0] 298115
SL [7 0 0 8 0] 298234
SL [7 0 0 8 0] 298353
SL [7 0 0 8 0] 298472
SL [7 0 0 8 0] 298593
SL [7 0 0 8 0] 298711
SL [7 0 0 8 0] 298830
SL [7 0 0 8 0] 298949
SL [7 0 0 8 0] 299069
SL [7 0 0 8 0] 299188
SL [7 0 0 8 0] 299307
SL [7 0 0 8 0] 299426
SL [7 0 0 8 0] 299546
SL [7 0 0 8 0] 299665
SL [7 0 0 8 0] 299784
SL [7 0 0 8 0] 299903
SL [7 0 0 8 0] 300023
SL [7 0 0 8 0] 300142
SL [7 0 0 8 0] 300261
SL [7 0 0 8 0] 300380
SL [7 0 0 8 0] 300500
SL [7 0 0 8 0] 300619
SL [7 0 0 8 0] 300740
SL [7 0 0 8 0] 300857
SL [7 0 0 8 0] 300977
SL [7 0 0 8 0] 301096
SL [7 0 0 8 0] 301215
SL [7 0 0 8 0] 301334
SL [7 0 0 8 0] 301454
SL [7 0 0 8 0] 301573
SL [7 0 0 8 0] 301692
SL [7 0 0 8 0] 301811
SL [7 0 0 8 0] 301931
SL [7 0 0 8 0] 302050
SL [7 0 0 8 0] 302169
SL [7 0 0 8 0] 302288
SL [7 0 0 8 0] 302408
SL [7 0 0 8 0] 302527
SL [7 0 0 8 0] 302646
SL [7 0 0 8 0] 302765
SL [7 0 0 8 0] 302886
SL [7 0 0 8 0] 303004
SL [7 0 0 8 0] 303123
SL [7 0 0 8 0] 303242
SL [7 0 0 8 0] 303362
SL [7 0 0 8 0] 303481
SL [7 0 0 8 0] 303600
SL [7 0 0 8 0] 303719
SL [7 0 0 8 0] 303839
SL [7 0 0 8 0] 303958
SL [7 0 0 8 0] 304077
SL [7 0 0 8 0] 304196
SL [7 0 0 8 0] 304316
SL [7 0 0 8 0] 304435
SL [7 0 0 8 0] 304554
SL [7 0 0 8 0] 304673
SL [7 0 0 8 0] 304793
SL [7 0 0 8 0] 304912
SL [7 0 0 8 0] 305033
SL [7 0 0 8 0] 305150
SL [7 0 0 8 0] 305270
SL [7 0 0 8 0] 305389
SL [7 0 0 8 0] 305508
SL [7 0 0 8 0] 305627
SL [7 0 0 8 0] 305747
SL [7 0 0 8 0] 305866
SL [7 0 0 8 0] 305985
SL [7 0 0 8 0] 306104
SL [7 0 0 8 0] 306224
SL [7 0 0 8 0] 306343
SL [7 0 0 8 0] 306462
SL [7 0 0 8 0] 306581
SL [7 0 0 8 0] 306701
SL [7 0 0 8 0] 306820
SL [7 0 0 8 0] 306939
SL [7 0 0 8 0] 307058
SL [7 0 0 8 0] 307179
SL [7 0 0 8 0] 307297
SL [7 0 0 8 0] 307416
SL [7 0 0 8 0] 307535
SL [7 0 0 8 0] 307655
SL [7 0 0 8 0] 307774
SL [7 0 0 8 0] 307893
SL [7 0 0 8 0] 308012
SL [7 0 0 8 0] 308132
SL [7 0 0 8 0] 308251
SL [7 0 0 8 0] 308370
SL [7 0 0 8 0] 308489
SL [7 0 0 8 0] 308609
SL [7 0 0 8 0] 308728
SL [7 0 0 8 0] 308847
SL [7 0 0 8 0] 308966
SL [7 0 0 8 0] 309086
SL [7 0 0 8 0] 309205
SL [7 0 0 8 0] 309326
SL [7 0 0 8 0] 309443
SL [7 0 0 8 0] 309563
SL [7 0 0 8 0] 309682
SL [7 0 0 8 0] 309801
SL [7 0 0 8 0] 309920
SL [7 0 0 8 0] 310040
SL [7 0 0 8 0] 310159
SL [7 0 0 8 0] 310278
SL [7 0 0 8 0] 310397
SL [7 0 0 8 0] 310517
SL [7 0 0 8 0] 310636
SL [7 0 0 8 0] 310755
SL [7 0 0 8 0] 310874
SL [7 0 0 8 0] 310994
SL [7 0 0 8 0] 311113
SL [7 0 0 8 0] 311232
SL [7 0 0 8 0] 311351
SL [7 0 0 8 0] 311472
SL [7 0 0 8 0] 311590
SL [7 0 0 8 0] 311709
SL [7 0 0 8 0] 311828
SL [7 0 0 8 0] 311948
SL [7 0 0 8 0] 312067
SL [7 0 0 8 0] 312186
SL [7 0 0 8 0] 312305
SL [7 0 0 8 0] 312425
SL [7 0 0 8 0] 312544
SL [7 0 0 8 0] 312663
SL [7 0 0 8 0] 312782
SL [7 0 0 8 0] 312902
SL [7 0 0 8 0] 313021
SL [7 0 0 8 0] 313140
SL [7 0 0 8 0] 313259
SL [7 0 0 8 0] 313379
SL [7 0 0 8 0] 313498
SL [7 0 0 8 0] 313619
SL [7 0 0 8 0] 313736
SL [7 0 0 8 0] 313856
SL [7 0 0 8 0] 313975
SL [7 0 0 8 0] 314094
SL [7 0 0 8 0] 314213
SL [7 0 0 8 0] 314333
SL [7 0 0 8 0] 314452
SL [7 0 0 8 0] 314571
SL [7 0 0 8 0] 314690
SL [7 0 0 8 0] 314810
SL [7 0 0 8 0] 314929
SL [7 0 0 8 0] 315048
SL [7 0 0 8 0] 315167
SL [7 0 0 8 0] 315287
SL [7 0 0 8 0] 315406
SL [7 0 0 8 0] 315525
SL [7 0 0 8 0] 315644
SL [7 0 0 8 0] 315765
SL [7 0 0 8 0] 315883
SL [7 0 0 8 0] 316002
SL [7 0 0 8 0] 316121
SL [7 0 0 8 0] 316241
SL [7 0 0 8 0] 316360
SL [7 0 0 8 0] 316479
SL [7 0 0 8 0] 316598
SL [7 0 0 8 0] 316718
SL [7 0 0 8 0] 316837
SL [7 0 0 8 0] 316956
SL [7 0 0 8 0] 317075
SL [7 0 0 8 0] 317195
SL [7 0 0 8 0] 317314
SL [7 0 0 8 0] 317433
SL [7 0 0 8 0] 317552
SL [7 0 0 8 0] 317672
SL [7 0 0 8 0] 317791
SL [7 0 0 8 0] 317912
SL [7 0 0 8 0] 318029
SL [7 0 0 8 0] 318149
SL [7 0 0 8 0] 318268
SL [7 0 0 8 0] 318387
SL [7 0 0 8 0] 318506
SL [7 0 0 8 0] 318626
SL [7 0 0 8 0] 318745
SL [7 0 0 8 0] 318864
SL [7 0 0 8 0] 318983
SL [7 0 0 8 0] 319103
SL [7 0 0 8 0] 319222
SL [7 0 0 8 0] 319341
SL [7 0 0 8 0] 319460
SL [7 0 0 8 0] 319580
SL [7 0 0 8 0] 319699
SL [7 0 0 8 0] 319818
SL [7 0 0 8 0] 319937
SL [7 0 0 8 0] 320058
SL [7 0 0 8 0] 320176
SL [7 0 0 8 0] 320295
SL [7 0 0 8 0] 320414
SL [7 0 0 8 0] 320534
SL [7 0 0 8 0] 320653
SL [7 0 0 8 0] 320772
SL [7 0 0 8 0] 320891
SL [7 0 0 8 0] 321011
SL [7 0 0 8 0] 321130
SL [7 0 0 8 0] 321249
SL [7 0 0 8 0] 321368
SL [7 0 0 8 0] 321488
SL [7 0 0 8 0] 321607
