Rime started with address 110.219
MAC 6e:db:00:00:00:00:00:00

************************************************
RTIMER_SECOND = 28800. F_CPU=7372800.
RTIMER_ARCH_PRESCALER=256.
DURSLOT = 5274.(0.1831 s).
DURSLEEP = 58014.
DURCYCLE = 63288 .(2.1974 s).
MAX_CLOCK_DRIFT = WAKEUP_ADVANCE_TIME = 288 (0.0033 s).
PERIODIC_BCAST_CYCLES_SENSOR = 34471939.
PERIODIC_BCAST_CYCLES_SINK = 38207491.
MAX_CYCLE_COUNTER = 24576.
MAX_COUNT_NO_RTS_CTS = 65535.
MAX_CHILD_NUM = 10.
MAX_TRY_TO_FIND_PARENT = 3.

**********Below is Related Settings**********
PRIMAC_CONF_COMPOWER = 1.
PRIMAC_CONF_COMPOWER_SUPPORT = 1.
SF = 10.
PRI_SYNC_SUPPORT = 1.
RANDOM_DRIFT_IN_COOJA_SUPPORT = 0.
ADCSC_SUPPORT = 1.
DATA_TX_SUPPORT = 1.
CYCLES_PER_PACKET = 2.
DATA_INTERVAL = 1.
RETX_LIMIT = 6.
TOTAL_DATA_NUM = 0.
MAX_DATA_QUEUE_BUFS = 10.
PROC_GRADE_BASED_ON_ADDR_SUPPORT = 1.
NODES_NUM_PER_GRADE = 2.
ADDRESS_FREE_SUPPORT = 1.
IS_COOJA_SIM = 0.
CROSS_PLATFORM_SUPPORT = 1.
************************************************

My address is 31.219.
nullmac PRIMAC, channel check rate 8 Hz, radio channel 26
Contiki-3.x-2125-g5d67a61 started. Node id 0
Hello, world
 P 0 0 0 0
 P 0 0 0 0
 P 0 0 0 0
 P 0 0 0 0
 P 0 0 0 0
 P 0 0 0 0
 P 0 0 0 0
EMPTY QUEUE
 P 0 0 0 0
PT [233 0 1 76 1]
 P 0 0 0 0
PT [233 0 2 76 1]
 P 0 0 0 0
PT [233 0 3 76 1]
 P 0 0 0 0
PT [233 0 4 76 1]
 P 0 0 0 0
PT [233 0 5 76 1]
EMPTY QUEUE
 P 0 0 0 0
PT [233 0 1 0 1]
 P 0 0 0 0
PT [233 0 2 0 1]
 P 0 0 0 0
PT [233 0 3 0 1]
 P 0 0 0 0
PT [233 0 4 0 1]
 P 0 0 0 0
PT [233 0 5 0 1]
EMPTY QUEUE
 P 0 0 0 0
PT [233 0 6 49 1]
 P 0 0 0 0
PT [233 0 7 49 1]
 P 0 0 0 0
PT [233 0 8 49 1]
 P 0 0 0 0
PT [233 0 9 49 1]
 P 0 0 0 0
PT [233 0 10 49 1]
EMPTY QUEUE
 P 0 0 0 0
PT [233 0 1 0 1]
 P 0 0 0 0
PT [233 0 2 0 1]
 P 0 0 0 0
PT [233 0 3 0 1]
 P 0 0 0 0
PT [233 0 4 0 1]
 P 0 0 0 0
PT [233 0 5 0 1]
EMPTY QUEUE
 P 0 0 0 0
PT [233 0 6 0 1]
EMPTY QUEUE
 P 0 0 0 0
PT [233 0 7 0 1]
EMPTY QUEUE
 P 0 0 0 0
PT [233 0 8 69 1]
 P 0 0 0 0
PT [233 0 9 69 1]
 P 0 0 0 0
PT [233 0 10 69 1]
 P 0 0 0 0
PT [233 0 11 69 1]
 P 0 0 0 0
PT [233 0 12 69 1]
EMPTY QUEUE
 P 0 0 0 0
PT [233 0 1 0 1]
 P 0 0 0 0
PT [233 0 2 0 1]
 P 0 0 0 0
PT [233 0 3 0 1]
 P 0 0 0 0
PT [233 0 4 0 1]
 P 0 0 0 0
PT [233 0 5 0 1]
EMPTY QUEUE
 P 0 0 0 0
PT [233 0 6 49 1]
 P 0 0 0 0
PT [233 0 7 49 1]
 P 0 0 0 0
PT [233 0 8 49 1]
 P 0 0 0 0
PT [233 0 9 49 1]
 P 0 0 0 0
PT [233 0 10 49 1]
EMPTY QUEUE
 P 0 0 0 0
PT [233 0 1 0 1]
 P 0 0 0 0
PT [233 0 2 0 1]
 P 0 0 0 0
PT [233 0 3 0 1]
 P 0 0 0 0
PT [233 0 4 0 1]
 P 0 0 0 0
PT [233 0 5 0 1]
EMPTY QUEUE
 P 0 0 0 0
PT [233 0 6 47 1]
 P 0 0 0 0
PT [233 0 7 47 1]
 P 0 0 0 0
PT [233 0 8 47 1]
 P 0 0 0 0
PT [233 0 9 47 1]
 P 0 0 0 0
PT [233 0 10 47 1]
EMPTY QUEUE
 P 0 0 0 0
PT [233 0 1 0 1]
 P 0 0 0 0
PT [233 0 2 0 1]
 P 0 0 0 0
PT [233 0 3 0 1]
 P 0 0 0 0
PT [233 0 4 0 1]
 P 0 0 0 0
PT [233 0 5 0 1]
EMPTY QUEUE
 P 0 0 0 0
PT [233 0 6 48 1]
 P 0 0 0 0
PT [233 0 7 48 1]
 P 0 0 0 0
PT [233 0 8 48 1]
 P 0 0 0 0
PT [233 0 9 48 1]
 P 0 0 0 0
PT [233 0 10 48 1]
EMPTY QUEUE
 P 0 0 0 0
PT [233 0 1 0 1]
 P 0 0 0 0
PT [233 0 2 0 1]
 P 0 0 0 0
PT [233 0 3 0 1]
 P 0 0 0 0
PT [233 0 4 0 1]
 P 0 0 0 0
PT [233 0 5 0 1]
EMPTY QUEUE
 P 0 0 0 0
PT [233 0 6 49 1]
 P 0 0 0 0
PT [233 0 7 49 1]
 P 0 0 0 0
PT [233 0 8 49 1]
 P 0 0 0 0
PT [233 0 9 49 1]
 P 0 0 0 0
PT [233 0 10 49 1]
EMPTY QUEUE
 P 0 0 0 0
PT [233 0 1 0 1]
 P 0 0 0 0
PT [233 0 2 0 1]
 P 0 0 0 0
PT [233 0 3 0 1]
 P 0 0 0 0
PT [233 0 4 0 1]
 P 0 0 0 0
PT [233 0 5 0 1]
EMPTY QUEUE
 P 0 0 0 0
PT [233 0 6 0 1]
EMPTY QUEUE
 P 0 0 0 0
PT [233 0 7 0 1]
EMPTY QUEUE
 P 0 0 0 0
PT [233 0 8 69 1]
 P 0 0 0 0
PT [233 0 9 69 1]
 P 0 0 0 0
PT [233 0 10 69 1]
 P 0 0 0 0
PT [233 0 11 69 1]
 P 0 0 0 0
PT [233 0 12 69 1]
EMPTY QUEUE
 P 0 0 0 0
PT [233 0 1 0 1]
 P 0 0 0 0
PT [233 0 2 0 1]
 P 0 0 0 0
PT [233 0 3 0 1]
 P 0 0 0 0
PT [233 0 4 0 1]
 P 0 0 0 0
PT [233 0 5 0 1]
EMPTY QUEUE
 P 0 0 0 0
PT [233 0 6 49 1]
 P 0 0 0 0
PT [233 0 7 49 1]
 P 0 0 0 0
PT [233 0 8 49 1]
 P 0 0 0 0
PT [233 0 9 49 1]
 P 0 0 0 0
PT [233 0 10 49 1]
EMPTY QUEUE
 P 0 0 0 0
PT [233 0 1 0 1]
 P 0 0 0 0
PT [233 0 2 0 1]
 P 0 0 0 0
PT [233 0 3 0 1]
 P 0 0 0 0
PT [233 0 4 0 1]
 P 0 0 0 0
PT [233 0 5 0 1]
EMPTY QUEUE
 P 0 0 0 0
PT [233 0 6 48 1]
 P 0 0 0 0
PT [233 0 7 48 1]
 P 0 0 0 0
PT [233 0 8 48 1]
 P 0 0 0 0
PT [233 0 9 48 1]
 P 0 0 0 0
PT [233 0 10 48 1]
EMPTY QUEUE
 P 0 0 0 0
PT [233 0 1 0 1]
 P 0 0 0 0
PT [233 0 2 0 1]
 P 0 0 0 0
PT [233 0 3 0 1]
 P 0 0 0 0
PT [233 0 4 0 1]
 P 0 0 0 0
PT [233 0 5 0 1]
EMPTY QUEUE
 P 0 0 0 0
PT [233 0 6 48 1]
 P 0 0 0 0
PT [233 0 7 48 1]
 P 0 0 0 0
PT [233 0 8 48 1]
 P 0 0 0 0
PT [233 0 9 48 1]
 P 0 0 0 0
PT [233 0 10 48 1]
EMPTY QUEUE
 P 0 0 0 0
PT [233 0 1 0 1]
 P 0 0 0 0
PT [233 0 2 0 1]
 P 0 0 0 0
PT [233 0 3 0 1]
 P 0 0 0 0
PT [233 0 4 0 1]
 P 0 0 0 0
PT [233 0 5 0 1]
EMPTY QUEUE
 P 0 0 0 0
PT [233 0 6 49 1]
 P 0 0 0 0
PT [233 0 7 49 1]
 P 0 0 0 0
PT [233 0 8 49 1]
 P 0 0 0 0
PT [233 0 9 49 1]
 P 0 0 0 0
PT [233 0 10 49 1]
EMPTY QUEUE
 P 0 0 0 0
PT [233 0 1 0 1]
 P 0 0 0 0
PT [233 0 2 0 1]
 P 0 0 0 0
PT [233 0 3 0 1]
 P 0 0 0 0
PT [233 0 4 0 1]
 P 0 0 0 0
PT [233 0 5 0 1]
EMPTY QUEUE
 P 0 0 0 0
PT [233 0 6 0 1]
EMPTY QUEUE
 P 0 0 0 0
PT [233 0 7 0 1]
EMPTY QUEUE
 P 0 0 0 0
PT [233 0 8 69 1]
 P 0 0 0 0
PT [233 0 9 69 1]
 P 0 0 0 0
PT [233 0 10 69 1]
 P 0 0 0 0
PT [233 0 11 69 1]
 P 0 0 0 0
PT [233 0 12 69 1]
EMPTY QUEUE
 P 0 0 0 0
PT [233 0 1 0 1]
 P 0 0 0 0
PT [233 0 2 0 1]
 P 0 0 0 0
PT [233 0 3 0 1]
 P 0 0 0 0
PT [233 0 4 0 1]
 P 0 0 0 0
PT [233 0 5 0 1]
EMPTY QUEUE
 P 0 0 0 0
PT [233 0 6 49 1]
 P 0 0 0 0
PT [233 0 7 49 1]
 P 0 0 0 0
PT [233 0 8 49 1]
 P 0 0 0 0
PT [233 0 9 49 1]
 P 0 0 0 0
PT [233 0 10 49 1]
EMPTY QUEUE
 P 0 0 0 0
PT [233 0 1 0 1]
 P 0 0 0 0
PT [233 0 2 0 1]
 P 0 0 0 0
PT [233 0 3 0 1]
 P 0 0 0 0
PT [233 0 4 0 1]
 P 0 0 0 0
PT [233 0 5 0 1]
EMPTY QUEUE
 P 0 0 0 0
PT [233 0 6 48 1]
 P 0 0 0 0
PT [233 0 7 48 1]
 P 0 0 0 0
PT [233 0 8 48 1]
 P 0 0 0 0
PT [233 0 9 48 1]
 P 0 0 0 0
PT [233 0 10 48 1]
EMPTY QUEUE
 P 0 0 0 0
PT [233 0 11 48 1]
EMPTY QUEUE
 P 0 0 0 0
PT [233 0 1 0 1]
 P 0 0 0 0
PT [233 0 2 0 1]
 P 0 0 0 0
PT [233 0 3 0 1]
 P 0 0 0 0
PT [233 0 4 0 1]
 P 0 0 0 0
PT [233 0 5 0 1]
EMPTY QUEUE
 P 0 0 0 0
PT [233 0 6 49 1]
 P 0 0 0 0
PT [233 0 7 49 1]
 P 0 0 0 0
PT [233 0 8 49 1]
 P 0 0 0 0
PT [233 0 9 49 1]
 P 0 0 0 0
PT [233 0 10 49 1]
EMPTY QUEUE
 P 0 0 0 0
PT [233 0 1 0 1]
 P 0 0 0 0
PT [233 0 2 0 1]
 P 0 0 0 0
PT [233 0 3 0 1]
 P 0 0 0 0
PT [233 0 4 0 1]
 P 0 0 0 0
PT [233 0 5 0 1]
EMPTY QUEUE
 P 0 0 0 0
PT [233 0 6 49 1]
 P 0 0 0 0
PT [233 0 7 49 1]
 P 0 0 0 0
PT [233 0 8 49 1]
 P 0 0 0 0
PT [233 0 9 49 1]
 P 0 0 0 0
PT [233 0 10 49 1]
EMPTY QUEUE
 P 0 0 0 0
PT [233 0 1 0 1]
 P 0 0 0 0
PT [233 0 2 0 1]
 P 0 0 0 0
PT [233 0 3 0 1]
 P 0 0 0 0
PT [233 0 4 0 1]
 P 0 0 0 0
PT [233 0 5 0 1]
EMPTY QUEUE
 P 0 0 0 0
PT [233 0 6 48 1]
 P 0 0 0 0
PT [233 0 7 48 1]
 P 0 0 0 0
PT [233 0 8 48 1]
 P 0 0 0 0
PT [233 0 9 48 1]
 P 0 0 0 0
PT [233 0 10 48 1]
EMPTY QUEUE
 P 0 0 0 0
PT [233 0 1 0 1]
 P 0 0 0 0
PT [233 0 2 0 1]
 P 0 0 0 0
PT [233 0 3 0 1]
 P 0 0 0 0
PT [233 0 4 0 1]
 P 0 0 0 0
PT [233 0 5 0 1]
EMPTY QUEUE
 P 0 0 0 0
PT [233 0 6 48 1]
 P 0 0 0 0
PT [233 0 7 48 1]
 P 0 0 0 0
PT [233 0 8 48 1]
 P 0 0 0 0
PT [233 0 9 48 1]
 P 0 0 0 0
PT [233 0 10 48 1]
EMPTY QUEUE
 P 0 0 0 0
PT [233 0 1 0 1]
 P 0 0 0 0
PT [233 0 2 0 1]
 P 0 0 0 0
PT [233 0 3 0 1]
 P 0 0 0 0
PT [233 0 4 0 1]
 P 0 0 0 0
PT [233 0 5 0 1]
EMPTY QUEUE
 P 0 0 0 0
PT [233 0 6 48 1]
 P 0 0 0 0
PT [233 0 7 48 1]
 P 0 0 0 0
PT [233 0 8 48 1]
 P 0 0 0 0
PT [233 0 9 48 1]
 P 0 0 0 0
PT [233 0 10 48 1]
EMPTY QUEUE
 P 0 0 0 0
PT [233 0 1 0 1]
 P 0 0 0 0
PT [233 0 2 0 1]
 P 0 0 0 0
PT [233 0 3 0 1]
 P 0 0 0 0
PT [233 0 4 0 1]
 P 0 0 0 0
PT [233 0 5 0 1]
EMPTY QUEUE
 P 0 0 0 0
PT [233 0 6 48 1]
 P 0 0 0 0
PT [233 0 7 48 1]
 P 0 0 0 0
PT [233 0 8 48 1]
 P 0 0 0 0
PT [233 0 9 48 1]
 P 0 0 0 0
PT [233 0 10 48 1]
EMPTY QUEUE
 P 0 0 0 0
PT [233 0 1 0 1]
 P 0 0 0 0
PT [233 0 2 0 1]
 P 0 0 0 0
PT [233 0 3 0 1]
 P 0 0 0 0
PT [233 0 4 0 1]
 P 0 0 0 0
PT [233 0 5 0 1]
EMPTY QUEUE
 P 0 0 0 0
PT [233 0 6 49 1]
 P 0 0 0 0
PT [233 0 7 49 1]
 P 0 0 0 0
PT [233 0 8 49 1]
 P 0 0 0 0
PT [233 0 9 49 1]
 P 0 0 0 0
PT [233 0 10 49 1]
EMPTY QUEUE
 P 0 0 0 0
PT [233 0 1 0 1]
 P 0 0 0 0
PT [233 0 2 0 1]
 P 0 0 0 0
PT [233 0 3 0 1]
 P 0 0 0 0
PT [233 0 4 0 1]
 P 0 0 0 0
PT [233 0 5 0 1]
EMPTY QUEUE
 P 0 0 0 0
PT [233 0 6 48 1]
 P 0 0 0 0
PT [233 0 7 48 1]
 P 0 0 0 0
PT [233 0 8 48 1]
 P 0 0 0 0
PT [233 0 9 48 1]
 P 0 0 0 0
PT [233 0 10 48 1]
EMPTY QUEUE
 P 0 0 0 0
PT [233 0 1 0 1]
 P 0 0 0 0
PT [233 0 2 0 1]
 P 0 0 0 0
PT [233 0 3 0 1]
 P 0 0 0 0
PT [233 0 4 0 1]
 P 0 0 0 0
PT [233 0 5 0 1]
EMPTY QUEUE
 P 0 0 0 0
PT [233 0 6 47 1]
 P 0 0 0 0
PT [233 0 7 47 1]
 P 0 0 0 0
PT [233 0 8 47 1]
 P 0 0 0 0
PT [233 0 9 47 1]
 P 0 0 0 0
PT [233 0 10 47 1]
EMPTY QUEUE
 P 0 0 0 0
PT [233 0 1 0 1]
 P 0 0 0 0
PT [233 0 2 0 1]
 P 0 0 0 0
PT [233 0 3 0 1]
 P 0 0 0 0
PT [233 0 4 0 1]
 P 0 0 0 0
PT [233 0 5 0 1]
EMPTY QUEUE
 P 0 0 0 0
PT [233 0 6 49 1]
 P 0 0 0 0
PT [233 0 7 49 1]
 P 0 0 0 0
PT [233 0 8 49 1]
 P 0 0 0 0
PT [233 0 9 49 1]
 P 0 0 0 0
PT [233 0 10 49 1]
EMPTY QUEUE
 P 0 0 0 0
PT [233 0 1 0 1]
 P 0 0 0 0
PT [233 0 2 0 1]
 P 0 0 0 0
PT [233 0 3 0 1]
 P 0 0 0 0
PT [233 0 4 0 1]
 P 0 0 0 0
PT [233 0 5 0 1]
EMPTY QUEUE
 P 0 0 0 0
PT [233 0 6 48 1]
 P 0 0 0 0
PT [233 0 7 48 1]
 P 0 0 0 0
PT [233 0 8 48 1]
 P 0 0 0 0
PT [233 0 9 48 1]
 P 0 0 0 0
PT [233 0 10 48 1]
EMPTY QUEUE
 P 0 0 0 0
PT [233 0 1 0 1]
 P 0 0 0 0
PT [233 0 2 0 1]
 P 0 0 0 0
PT [233 0 3 0 1]
 P 0 0 0 0
PT [233 0 4 0 1]
 P 0 0 0 0
PT [233 0 5 0 1]
EMPTY QUEUE
 P 0 0 0 0
PT [233 0 6 49 1]
 P 0 0 0 0
PT [233 0 7 49 1]
 P 0 0 0 0
PT [233 0 8 49 1]
 P 0 0 0 0
PT [233 0 9 49 1]
 P 0 0 0 0
PT [233 0 10 49 1]
EMPTY QUEUE
 P 0 0 0 0
PT [233 0 1 0 1]
 P 0 0 0 0
PT [233 0 2 0 1]
 P 0 0 0 0
PT [233 0 3 0 1]
 P 0 0 0 0
PT [233 0 4 0 1]
 P 0 0 0 0
PT [233 0 5 0 1]
EMPTY QUEUE
 P 0 0 0 0
PT [233 0 6 49 1]
 P 0 0 0 0
PT [233 0 7 49 1]
 P 0 0 0 0
PT [233 0 8 49 1]
 P 0 0 0 0
PT [233 0 9 49 1]
 P 0 0 0 0
PT [233 0 10 49 1]
EMPTY QUEUE
 P 0 0 0 0
PT [233 0 1 0 1]
 P 0 0 0 0
PT [233 0 2 0 1]
 P 0 0 0 0
PT [233 0 3 0 1]
 P 0 0 0 0
PT [233 0 4 0 1]
 P 0 0 0 0
PT [233 0 5 0 1]
EMPTY QUEUE
 P 0 0 0 0
PT [233 0 6 49 1]
 P 0 0 0 0
PT [233 0 7 49 1]
 P 0 0 0 0
PT [233 0 8 49 1]
 P 0 0 0 0
PT [233 0 9 49 1]
 P 0 0 0 0
PT [233 0 10 49 1]
EMPTY QUEUE
 P 0 0 0 0
PT [233 0 1 0 1]
 P 0 0 0 0
PT [233 0 2 0 1]
 P 0 0 0 0
PT [233 0 3 0 1]
 P 0 0 0 0
PT [233 0 4 0 1]
 P 0 0 0 0
PT [233 0 5 0 1]
EMPTY QUEUE
 P 0 0 0 0
PT [233 0 6 48 1]
 P 0 0 0 0
PT [233 0 7 48 1]
 P 0 0 0 0
PT [233 0 8 48 1]
 P 0 0 0 0
PT [233 0 9 48 1]
 P 0 0 0 0
PT [233 0 10 48 1]
EMPTY QUEUE
 P 0 0 0 0
PT [233 0 1 0 1]
 P 0 0 0 0
PT [233 0 2 0 1]
 P 0 0 0 0
PT [233 0 3 0 1]
 P 0 0 0 0
PT [233 0 4 0 1]
 P 0 0 0 0
PT [233 0 5 0 1]
EMPTY QUEUE
 P 0 0 0 0
PT [233 0 6 49 1]
 P 0 0 0 0
PT [233 0 7 49 1]
 P 0 0 0 0
PT [233 0 8 49 1]
 P 0 0 0 0
PT [233 0 9 49 1]
 P 0 0 0 0
PT [233 0 10 49 1]
EMPTY QUEUE
 P 0 0 0 0
PT [233 0 1 0 1]
 P 0 0 0 0
PT [233 0 2 0 1]
 P 0 0 0 0
PT [233 0 3 0 1]
 P 0 0 0 0
PT [233 0 4 0 1]
 P 0 0 0 0
PT [233 0 5 0 1]
EMPTY QUEUE
 P 0 0 0 0
PT [233 0 6 50 1]
 P 0 0 0 0
PT [233 0 7 50 1]
 P 0 0 0 0
PT [233 0 8 50 1]
 P 0 0 0 0
PT [233 0 9 50 1]
 P 0 0 0 0
PT [233 0 10 50 1]
EMPTY QUEUE
 P 0 0 0 0
PT [233 0 1 0 1]
 P 0 0 0 0
PT [233 0 2 0 1]
 P 0 0 0 0
PT [233 0 3 0 1]
 P 0 0 0 0
PT [233 0 4 0 1]
 P 0 0 0 0
PT [233 0 5 0 1]
EMPTY QUEUE
 P 0 0 0 0
PT [233 0 6 48 1]
 P 0 0 0 0
PT [233 0 7 48 1]
 P 0 0 0 0
PT [233 0 8 48 1]
 P 0 0 0 0
PT [233 0 9 48 1]
 P 0 0 0 0
PT [233 0 10 48 1]
EMPTY QUEUE
 P 0 0 0 0
PT [233 0 1 0 1]
 P 0 0 0 0
PT [233 0 2 0 1]
 P 0 0 0 0
PT [233 0 3 0 1]
 P 0 0 0 0
PT [233 0 4 0 1]
 P 0 0 0 0
PT [233 0 5 0 1]
EMPTY QUEUE
 P 0 0 0 0
PT [233 0 6 49 1]
 P 0 0 0 0
PT [233 0 7 49 1]
 P 0 0 0 0
PT [233 0 8 49 1]
 P 0 0 0 0
PT [233 0 9 49 1]
 P 0 0 0 0
PT [233 0 10 49 1]
EMPTY QUEUE
 P 0 0 0 0
PT [233 0 1 0 1]
 P 0 0 0 0
PT [233 0 2 0 1]
 P 0 0 0 0
PT [233 0 3 0 1]
 P 0 0 0 0
PT [233 0 4 0 1]
 P 0 0 0 0
PT [233 0 5 0 1]
EMPTY QUEUE
 P 0 0 0 0
PT [233 0 6 0 1]
EMPTY QUEUE
 P 0 0 0 0
PT [233 0 7 59 1]
 P 0 0 0 0
PT [233 0 8 59 1]
 P 0 0 0 0
PT [233 0 9 59 1]
 P 0 0 0 0
PT [233 0 10 59 1]
 P 0 0 0 0
PT [233 0 11 59 1]
EMPTY QUEUE
 P 0 0 0 0
PT [233 0 1 0 1]
 P 0 0 0 0
PT [233 0 2 0 1]
 P 0 0 0 0
PT [233 0 3 0 1]
 P 0 0 0 0
PT [233 0 4 0 1]
 P 0 0 0 0
PT [233 0 5 0 1]
EMPTY QUEUE
 P 0 0 0 0
PT [233 0 6 48 1]
 P 0 0 0 0
PT [233 0 7 48 1]
 P 0 0 0 0
PT [233 0 8 48 1]
 P 0 0 0 0
PT [233 0 9 48 1]
 P 0 0 0 0
PT [233 0 10 48 1]
EMPTY QUEUE
 P 0 0 0 0
PT [233 0 1 0 1]
 P 0 0 0 0
PT [233 0 2 0 1]
 P 0 0 0 0
PT [233 0 3 0 1]
 P 0 0 0 0
PT [233 0 4 0 1]
 P 0 0 0 0
PT [233 0 5 0 1]
EMPTY QUEUE
 P 0 0 0 0
PT [233 0 6 47 1]
 P 0 0 0 0
PT [233 0 7 47 1]
 P 0 0 0 0
PT [233 0 8 47 1]
 P 0 0 0 0
PT [233 0 9 47 1]
 P 0 0 0 0
PT [233 0 10 47 1]
EMPTY QUEUE
 P 0 0 0 0
PT [233 0 1 0 1]
 P 0 0 0 0
PT [233 0 2 0 1]
 P 0 0 0 0
PT [233 0 3 0 1]
 P 0 0 0 0
PT [233 0 4 0 1]
 P 0 0 0 0
PT [233 0 5 0 1]
EMPTY QUEUE
 P 0 0 0 0
PT [233 0 6 48 1]
 P 0 0 0 0
PT [233 0 7 48 1]
 P 0 0 0 0
PT [233 0 8 48 1]
 P 0 0 0 0
PT [233 0 9 48 1]
 P 0 0 0 0
PT [233 0 10 48 1]
EMPTY QUEUE
 P 0 0 0 0
PT [233 0 1 0 1]
 P 0 0 0 0
PT [233 0 2 0 1]
 P 0 0 0 0
PT [233 0 3 0 1]
 P 0 0 0 0
PT [233 0 4 0 1]
 P 0 0 0 0
PT [233 0 5 0 1]
EMPTY QUEUE
 P 0 0 0 0
PT [233 0 6 48 1]
 P 0 0 0 0
PT [233 0 7 48 1]
 P 0 0 0 0
PT [233 0 8 48 1]
 P 0 0 0 0
PT [233 0 9 48 1]
 P 0 0 0 0
PT [233 0 10 48 1]
EMPTY QUEUE
 P 0 0 0 0
PT [233 0 1 0 1]
 P 0 0 0 0
PT [233 0 2 0 1]
 P 0 0 0 0
PT [233 0 3 0 1]
 P 0 0 0 0
PT [233 0 4 0 1]
 P 0 0 0 0
PT [233 0 5 0 1]
EMPTY QUEUE
 P 0 0 0 0
PT [233 0 6 49 1]
 P 0 0 0 0
PT [233 0 7 49 1]
 P 0 0 0 0
PT [233 0 8 49 1]
 P 0 0 0 0
PT [233 0 9 49 1]
 P 0 0 0 0
PT [233 0 10 49 1]
EMPTY QUEUE
 P 0 0 0 0
PT [233 0 1 0 1]
 P 0 0 0 0
PT [233 0 2 0 1]
 P 0 0 0 0
PT [233 0 3 0 1]
 P 0 0 0 0
PT [233 0 4 0 1]
 P 0 0 0 0
PT [233 0 5 0 1]
EMPTY QUEUE
 P 0 0 0 0
PT [233 0 6 48 1]
 P 0 0 0 0
PT [233 0 7 48 1]
 P 0 0 0 0
PT [233 0 8 48 1]
 P 0 0 0 0
PT [233 0 9 48 1]
 P 0 0 0 0
PT [233 0 10 48 1]
EMPTY QUEUE
 P 0 0 0 0
PT [233 0 1 0 1]
 P 0 0 0 0
PT [233 0 2 0 1]
 P 0 0 0 0
PT [233 0 3 0 1]
 P 0 0 0 0
PT [233 0 4 0 1]
 P 0 0 0 0
PT [233 0 5 0 1]
EMPTY QUEUE
 P 0 0 0 0
PT [233 0 6 48 1]
 P 0 0 0 0
PT [233 0 7 48 1]
 P 0 0 0 0
PT [233 0 8 48 1]
 P 0 0 0 0
PT [233 0 9 48 1]
 P 0 0 0 0
PT [233 0 10 48 1]
EMPTY QUEUE
 P 0 0 0 0
PT [233 0 1 0 1]
 P 0 0 0 0
PT [233 0 2 0 1]
 P 0 0 0 0
PT [233 0 3 0 1]
 P 0 0 0 0
PT [233 0 4 0 1]
 P 0 0 0 0
PT [233 0 5 0 1]
EMPTY QUEUE
 P 0 0 0 0
PT [233 0 6 48 1]
 P 0 0 0 0
PT [233 0 7 48 1]
 P 0 0 0 0
PT [233 0 8 48 1]
 P 0 0 0 0
PT [233 0 9 48 1]
 P 0 0 0 0
PT [233 0 10 48 1]
EMPTY QUEUE
 P 0 0 0 0
PT [233 0 1 0 1]
 P 0 0 0 0
PT [233 0 2 0 1]
 P 0 0 0 0
PT [233 0 3 0 1]
 P 0 0 0 0
PT [233 0 4 0 1]
 P 0 0 0 0
PT [233 0 5 0 1]
EMPTY QUEUE
 P 0 0 0 0
PT [233 0 6 47 1]
 P 0 0 0 0
PT [233 0 7 47 1]
 P 0 0 0 0
PT [233 0 8 47 1]
 P 0 0 0 0
PT [233 0 9 47 1]
 P 0 0 0 0
PT [233 0 10 47 1]
EMPTY QUEUE
 P 0 0 0 0
PT [233 0 1 0 1]
 P 0 0 0 0
PT [233 0 2 0 1]
 P 0 0 0 0
PT [233 0 3 0 1]
 P 0 0 0 0
PT [233 0 4 0 1]
 P 0 0 0 0
PT [233 0 5 0 1]
EMPTY QUEUE
 P 0 0 0 0
PT [233 0 6 49 1]
 P 0 0 0 0
PT [233 0 7 49 1]
 P 0 0 0 0
PT [233 0 8 49 1]
 P 0 0 0 0
PT [233 0 9 49 1]
 P 0 0 0 0
PT [233 0 10 49 1]
EMPTY QUEUE
 P 0 0 0 0
PT [233 0 1 0 1]
 P 0 0 0 0
PT [233 0 2 0 1]
 P 0 0 0 0
PT [233 0 3 0 1]
 P 0 0 0 0
PT [233 0 4 0 1]
 P 0 0 0 0
PT [233 0 5 0 1]
EMPTY QUEUE
 P 0 0 0 0
PT [233 0 6 48 1]
 P 0 0 0 0
PT [233 0 7 48 1]
 P 0 0 0 0
PT [233 0 8 48 1]
 P 0 0 0 0
PT [233 0 9 48 1]
 P 0 0 0 0
PT [233 0 10 48 1]
EMPTY QUEUE
 P 0 0 0 0
PT [233 0 1 0 1]
 P 0 0 0 0
PT [233 0 2 0 1]
 P 0 0 0 0
PT [233 0 3 0 1]
 P 0 0 0 0
PT [233 0 4 0 1]
 P 0 0 0 0
PT [233 0 5 0 1]
EMPTY QUEUE
 P 0 0 0 0
PT [233 0 6 48 1]
 P 0 0 0 0
PT [233 0 7 48 1]
 P 0 0 0 0
PT [233 0 8 48 1]
 P 0 0 0 0
PT [233 0 9 48 1]
 P 0 0 0 0
PT [233 0 10 48 1]
EMPTY QUEUE
 P 0 0 0 0
PT [233 0 1 0 1]
 P 0 0 0 0
PT [233 0 2 0 1]
 P 0 0 0 0
PT [233 0 3 0 1]
 P 0 0 0 0
PT [233 0 4 0 1]
 P 0 0 0 0
PT [233 0 5 0 1]
EMPTY QUEUE
 P 0 0 0 0
PT [233 0 6 49 1]
 P 0 0 0 0
PT [233 0 7 49 1]
 P 0 0 0 0
PT [233 0 8 49 1]
 P 0 0 0 0
PT [233 0 9 49 1]
 P 0 0 0 0
PT [233 0 10 49 1]
EMPTY QUEUE
 P 0 0 0 0
PT [233 0 1 0 1]
 P 0 0 0 0
PT [233 0 2 0 1]
 P 0 0 0 0
PT [233 0 3 0 1]
 P 0 0 0 0
PT [233 0 4 0 1]
 P 0 0 0 0
PT [233 0 5 0 1]
EMPTY QUEUE
 P 0 0 0 0
PT [233 0 6 47 1]
 P 0 0 0 0
PT [233 0 7 47 1]
 P 0 0 0 0
PT [233 0 8 47 1]
 P 0 0 0 0
PT [233 0 9 47 1]
 P 0 0 0 0
PT [233 0 10 47 1]
EMPTY QUEUE
 P 0 0 0 0
PT [233 0 1 0 1]
 P 0 0 0 0
PT [233 0 2 0 1]
 P 0 0 0 0
PT [233 0 3 0 1]
 P 0 0 0 0
PT [233 0 4 0 1]
 P 0 0 0 0
PT [233 0 5 0 1]
EMPTY QUEUE
 P 0 0 0 0
PT [233 0 6 48 1]
 P 0 0 0 0
PT [233 0 7 48 1]
 P 0 0 0 0
PT [233 0 8 48 1]
 P 0 0 0 0
PT [233 0 9 48 1]
 P 0 0 0 0
PT [233 0 10 48 1]
EMPTY QUEUE
 P 0 0 0 0
PT [233 0 1 0 1]
 P 0 0 0 0
PT [233 0 2 0 1]
 P 0 0 0 0
PT [233 0 3 0 1]
 P 0 0 0 0
PT [233 0 4 0 1]
 P 0 0 0 0
PT [233 0 5 0 1]
EMPTY QUEUE
 P 0 0 0 0
PT [233 0 6 48 1]
 P 0 0 0 0
PT [233 0 7 48 1]
 P 0 0 0 0
PT [233 0 8 48 1]
 P 0 0 0 0
PT [233 0 9 48 1]
 P 0 0 0 0
PT [233 0 10 48 1]
EMPTY QUEUE
 P 0 0 0 0
PT [233 0 1 0 1]
 P 0 0 0 0
PT [233 0 2 0 1]
 P 0 0 0 0
PT [233 0 3 0 1]
 P 0 0 0 0
PT [233 0 4 0 1]
 P 0 0 0 0
PT [233 0 5 0 1]
EMPTY QUEUE
 P 0 0 0 0
PT [233 0 6 48 1]
 P 0 0 0 0
PT [233 0 7 48 1]
 P 0 0 0 0
PT [233 0 8 48 1]
 P 0 0 0 0
PT [233 0 9 48 1]
 P 0 0 0 0
PT [233 0 10 48 1]
EMPTY QUEUE
 P 0 0 0 0
PT [233 0 1 0 1]
 P 0 0 0 0
PT [233 0 2 0 1]
 P 0 0 0 0
PT [233 0 3 0 1]
 P 0 0 0 0
PT [233 0 4 0 1]
 P 0 0 0 0
PT [233 0 5 0 1]
EMPTY QUEUE
 P 0 0 0 0
PT [233 0 6 48 1]
 P 0 0 0 0
PT [233 0 7 48 1]
 P 0 0 0 0
PT [233 0 8 48 1]
 P 0 0 0 0
PT [233 0 9 48 1]
 P 0 0 0 0
PT [233 0 10 48 1]
EMPTY QUEUE
 P 0 0 0 0
PT [233 0 1 0 1]
 P 0 0 0 0
PT [233 0 2 0 1]
 P 0 0 0 0
PT [233 0 3 0 1]
 P 0 0 0 0
PT [233 0 4 0 1]
 P 0 0 0 0
PT [233 0 5 0 1]
EMPTY QUEUE
 P 0 0 0 0
PT [233 0 6 48 1]
 P 0 0 0 0
PT [233 0 7 48 1]
 P 0 0 0 0
PT [233 0 8 48 1]
 P 0 0 0 0
PT [233 0 9 48 1]
 P 0 0 0 0
PT [233 0 10 48 1]
EMPTY QUEUE
 P 0 0 0 0
PT [233 0 1 0 1]
 P 0 0 0 0
PT [233 0 2 0 1]
 P 0 0 0 0
PT [233 0 3 0 1]
 P 0 0 0 0
PT [233 0 4 0 1]
 P 0 0 0 0
PT [233 0 5 0 1]
EMPTY QUEUE
 P 0 0 0 0
PT [233 0 6 48 1]
 P 0 0 0 0
PT [233 0 7 48 1]
 P 0 0 0 0
PT [233 0 8 48 1]
 P 0 0 0 0
PT [233 0 9 48 1]
 P 0 0 0 0
PT [233 0 10 48 1]
EMPTY QUEUE
 P 0 0 0 0
PT [233 0 1 0 1]
 P 0 0 0 0
PT [233 0 2 0 1]
 P 0 0 0 0
PT [233 0 3 0 1]
 P 0 0 0 0
PT [233 0 4 0 1]
 P 0 0 0 0
PT [233 0 5 0 1]
EMPTY QUEUE
 P 0 0 0 0
PT [233 0 6 48 1]
 P 0 0 0 0
PT [233 0 7 48 1]
 P 0 0 0 0
PT [233 0 8 48 1]
 P 0 0 0 0
PT [233 0 9 48 1]
 P 0 0 0 0
PT [233 0 10 48 1]
EMPTY QUEUE
 P 0 0 0 0
PT [233 0 1 0 1]
 P 0 0 0 0
PT [233 0 2 0 1]
 P 0 0 0 0
PT [233 0 3 0 1]
 P 0 0 0 0
PT [233 0 4 0 1]
 P 0 0 0 0
PT [233 0 5 0 1]
EMPTY QUEUE
 P 0 0 0 0
PT [233 0 6 48 1]
 P 0 0 0 0
PT [233 0 7 48 1]
 P 0 0 0 0
PT [233 0 8 48 1]
 P 0 0 0 0
PT [233 0 9 48 1]
 P 0 0 0 0
PT [233 0 10 48 1]
EMPTY QUEUE
 P 0 0 0 0
PT [233 0 1 0 1]
 P 0 0 0 0
PT [233 0 2 0 1]
 P 0 0 0 0
PT [233 0 3 0 1]
 P 0 0 0 0
PT [233 0 4 0 1]
 P 0 0 0 0
PT [233 0 5 0 1]
EMPTY QUEUE
 P 0 0 0 0
PT [233 0 6 48 1]
 P 0 0 0 0
PT [233 0 7 48 1]
 P 0 0 0 0
PT [233 0 8 48 1]
 P 0 0 0 0
PT [233 0 9 48 1]
 P 0 0 0 0
PT [233 0 10 48 1]
EMPTY QUEUE
 P 0 0 0 0
PT [233 0 1 0 1]
 P 0 0 0 0
PT [233 0 2 0 1]
 P 0 0 0 0
PT [233 0 3 0 1]
 P 0 0 0 0
PT [233 0 4 0 1]
 P 0 0 0 0
PT [233 0 5 0 1]
EMPTY QUEUE
 P 0 0 0 0
PT [233 0 6 48 1]
 P 0 0 0 0
PT [233 0 7 48 1]
 P 0 0 0 0
PT [233 0 8 48 1]
 P 0 0 0 0
PT [233 0 9 48 1]
 P 0 0 0 0
PT [233 0 10 48 1]
EMPTY QUEUE
 P 0 0 0 0
PT [233 0 1 0 1]
 P 0 0 0 0
PT [233 0 2 0 1]
 P 0 0 0 0
PT [233 0 3 0 1]
 P 0 0 0 0
PT [233 0 4 0 1]
 P 0 0 0 0
PT [233 0 5 0 1]
EMPTY QUEUE
 P 0 0 0 0
PT [233 0 6 50 1]
 P 0 0 0 0
PT [233 0 7 50 1]
 P 0 0 0 0
PT [233 0 8 50 1]
 P 0 0 0 0
PT [233 0 9 50 1]
 P 0 0 0 0
PT [233 0 10 50 1]
EMPTY QUEUE
 P 0 0 0 0
PT [233 0 1 0 1]
 P 0 0 0 0
PT [233 0 2 0 1]
 P 0 0 0 0
PT [233 0 3 0 1]
 P 0 0 0 0
PT [233 0 4 0 1]
 P 0 0 0 0
PT [233 0 5 0 1]
EMPTY QUEUE
 P 0 0 0 0
PT [233 0 6 48 1]
 P 0 0 0 0
PT [233 0 7 48 1]
 P 0 0 0 0
PT [233 0 8 48 1]
 P 0 0 0 0
PT [233 0 9 48 1]
 P 0 0 0 0
PT [233 0 10 48 1]
EMPTY QUEUE
 P 0 0 0 0
PT [233 0 1 0 1]
 P 0 0 0 0
PT [233 0 2 0 1]
 P 0 0 0 0
PT [233 0 3 0 1]
 P 0 0 0 0
PT [233 0 4 0 1]
 P 0 0 0 0
PT [233 0 5 0 1]
EMPTY QUEUE
 P 0 0 0 0
PT [233 0 6 48 1]
 P 0 0 0 0
PT [233 0 7 48 1]
 P 0 0 0 0
PT [233 0 8 48 1]
 P 0 0 0 0
PT [233 0 9 48 1]
 P 0 0 0 0
PT [233 0 10 48 1]
EMPTY QUEUE
 P 0 0 0 0
PT [233 0 1 0 1]
 P 0 0 0 0
PT [233 0 2 0 1]
 P 0 0 0 0
PT [233 0 3 0 1]
 P 0 0 0 0
PT [233 0 4 0 1]
 P 0 0 0 0
PT [233 0 5 0 1]
EMPTY QUEUE
 P 0 0 0 0
PT [233 0 6 49 1]
 P 0 0 0 0
PT [233 0 7 49 1]
 P 0 0 0 0
PT [233 0 8 49 1]
 P 0 0 0 0
PT [233 0 9 49 1]
 P 0 0 0 0
PT [233 0 10 49 1]
EMPTY QUEUE
 P 0 0 0 0
PT [233 0 1 0 1]
 P 0 0 0 0
PT [233 0 2 0 1]
 P 0 0 0 0
PT [233 0 3 0 1]
 P 0 0 0 0
PT [233 0 4 0 1]
 P 0 0 0 0
PT [233 0 5 0 1]
EMPTY QUEUE
 P 0 0 0 0
PT [233 0 6 48 1]
 P 0 0 0 0
PT [233 0 7 48 1]
 P 0 0 0 0
PT [233 0 8 48 1]
 P 0 0 0 0
PT [233 0 9 48 1]
 P 0 0 0 0
PT [233 0 10 48 1]
EMPTY QUEUE
 P 0 0 0 0
PT [233 0 1 0 1]
 P 0 0 0 0
PT [233 0 2 0 1]
 P 0 0 0 0
PT [233 0 3 0 1]
 P 0 0 0 0
PT [233 0 4 0 1]
 P 0 0 0 0
PT [233 0 5 0 1]
EMPTY QUEUE
 P 0 0 0 0
PT [233 0 6 48 1]
 P 0 0 0 0
PT [233 0 7 48 1]
 P 0 0 0 0
PT [233 0 8 48 1]
 P 0 0 0 0
PT [233 0 9 48 1]
 P 0 0 0 0
PT [233 0 10 48 1]
EMPTY QUEUE
 P 0 0 0 0
PT [233 0 1 0 1]
 P 0 0 0 0
PT [233 0 2 0 1]
 P 0 0 0 0
PT [233 0 3 0 1]
 P 0 0 0 0
PT [233 0 4 0 1]
 P 0 0 0 0
PT [233 0 5 0 1]
EMPTY QUEUE
 P 0 0 0 0
PT [233 0 6 49 1]
 P 0 0 0 0
PT [233 0 7 49 1]
 P 0 0 0 0
PT [233 0 8 49 1]
 P 0 0 0 0
PT [233 0 9 49 1]
 P 0 0 0 0
PT [233 0 10 49 1]
EMPTY QUEUE
 P 0 0 0 0
PT [233 0 1 0 1]
 P 0 0 0 0
PT [233 0 2 0 1]
 P 0 0 0 0
PT [233 0 3 0 1]
 P 0 0 0 0
PT [233 0 4 0 1]
 P 0 0 0 0
PT [233 0 5 0 1]
EMPTY QUEUE
 P 0 0 0 0
PT [233 0 6 48 1]
 P 0 0 0 0
PT [233 0 7 48 1]
 P 0 0 0 0
PT [233 0 8 48 1]
 P 0 0 0 0
PT [233 0 9 48 1]
 P 0 0 0 0
PT [233 0 10 48 1]
EMPTY QUEUE
 P 0 0 0 0
PT [233 0 1 0 1]
 P 0 0 0 0
PT [233 0 2 0 1]
 P 0 0 0 0
PT [233 0 3 0 1]
 P 0 0 0 0
PT [233 0 4 0 1]
 P 0 0 0 0
PT [233 0 5 0 1]
EMPTY QUEUE
 P 0 0 0 0
PT [233 0 6 49 1]
 P 0 0 0 0
PT [233 0 7 49 1]
 P 0 0 0 0
PT [233 0 8 49 1]
 P 0 0 0 0
PT [233 0 9 49 1]
 P 0 0 0 0
PT [233 0 10 49 1]
EMPTY QUEUE
 P 0 0 0 0
PT [233 0 1 0 1]
 P 0 0 0 0
PT [233 0 2 0 1]
 P 0 0 0 0
PT [233 0 3 0 1]
 P 0 0 0 0
PT [233 0 4 0 1]
 P 0 0 0 0
PT [233 0 5 0 1]
EMPTY QUEUE
 P 0 0 0 0
PT [233 0 6 49 1]
 P 0 0 0 0
PT [233 0 7 49 1]
 P 0 0 0 0
PT [233 0 8 49 1]
 P 0 0 0 0
PT [233 0 9 49 1]
 P 0 0 0 0
PT [233 0 10 49 1]
EMPTY QUEUE
 P 0 0 0 0
PT [233 0 1 0 1]
 P 0 0 0 0
PT [233 0 2 0 1]
 P 0 0 0 0
PT [233 0 3 0 1]
 P 0 0 0 0
PT [233 0 4 0 1]
 P 0 0 0 0
PT [233 0 5 0 1]
EMPTY QUEUE
 P 0 0 0 0
PT [233 0 6 50 1]
 P 0 0 0 0
PT [233 0 7 50 1]
 P 0 0 0 0
PT [233 0 8 50 1]
 P 0 0 0 0
PT [233 0 9 50 1]
 P 0 0 0 0
PT [233 0 10 50 1]
EMPTY QUEUE
 P 0 0 0 0
PT [233 0 1 0 1]
 P 0 0 0 0
PT [233 0 2 0 1]
 P 0 0 0 0
PT [233 0 3 0 1]
 P 0 0 0 0
PT [233 0 4 0 1]
 P 0 0 0 0
PT [233 0 5 0 1]
EMPTY QUEUE
 P 0 0 0 0
PT [233 0 6 49 1]
 P 0 0 0 0
PT [233 0 7 49 1]
 P 0 0 0 0
PT [233 0 8 49 1]
 P 0 0 0 0
PT [233 0 9 49 1]
 P 0 0 0 0
PT [233 0 10 49 1]
EMPTY QUEUE
 P 0 0 0 0
PT [233 0 1 0 1]
 P 0 0 0 0
PT [233 0 2 0 1]
 P 0 0 0 0
PT [233 0 3 0 1]
 P 0 0 0 0
PT [233 0 4 0 1]
 P 0 0 0 0
PT [233 0 5 0 1]
EMPTY QUEUE
 P 0 0 0 0
PT [233 0 6 48 1]
 P 0 0 0 0
PT [233 0 7 48 1]
 P 0 0 0 0
PT [233 0 8 48 1]
 P 0 0 0 0
PT [233 0 9 48 1]
 P 0 0 0 0
PT [233 0 10 48 1]
EMPTY QUEUE
 P 0 0 0 0
PT [233 0 1 0 1]
 P 0 0 0 0
PT [233 0 2 0 1]
 P 0 0 0 0
PT [233 0 3 0 1]
 P 0 0 0 0
PT [233 0 4 0 1]
 P 0 0 0 0
PT [233 0 5 0 1]
EMPTY QUEUE
 P 0 0 0 0
PT [233 0 6 48 1]
 P 0 0 0 0
PT [233 0 7 48 1]
 P 0 0 0 0
PT [233 0 8 48 1]
 P 0 0 0 0
PT [233 0 9 48 1]
 P 0 0 0 0
PT [233 0 10 48 1]
EMPTY QUEUE
 P 0 0 0 0
PT [233 0 1 0 1]
 P 0 0 0 0
PT [233 0 2 0 1]
 P 0 0 0 0
PT [233 0 3 0 1]
 P 0 0 0 0
PT [233 0 4 0 1]
 P 0 0 0 0
PT [233 0 5 0 1]
EMPTY QUEUE
 P 0 0 0 0
PT [233 0 6 48 1]
 P 0 0 0 0
PT [233 0 7 48 1]
 P 0 0 0 0
PT [233 0 8 48 1]
 P 0 0 0 0
PT [233 0 9 48 1]
 P 0 0 0 0
PT [233 0 10 48 1]
EMPTY QUEUE
 P 0 0 0 0
PT [233 0 1 0 1]
 P 0 0 0 0
PT [233 0 2 0 1]
 P 0 0 0 0
PT [233 0 3 0 1]
 P 0 0 0 0
PT [233 0 4 0 1]
 P 0 0 0 0
PT [233 0 5 0 1]
EMPTY QUEUE
 P 0 0 0 0
PT [233 0 6 48 1]
 P 0 0 0 0
PT [233 0 7 48 1]
 P 0 0 0 0
PT [233 0 8 48 1]
 P 0 0 0 0
PT [233 0 9 48 1]
 P 0 0 0 0
PT [233 0 10 48 1]
EMPTY QUEUE
 P 0 0 0 0
PT [233 0 1 0 1]
 P 0 0 0 0
PT [233 0 2 0 1]
 P 0 0 0 0
PT [233 0 3 0 1]
 P 0 0 0 0
PT [233 0 4 0 1]
 P 0 0 0 0
PT [233 0 5 0 1]
EMPTY QUEUE
 P 0 0 0 0
PT [233 0 6 49 1]
 P 0 0 0 0
PT [233 0 7 49 1]
 P 0 0 0 0
PT [233 0 8 49 1]
 P 0 0 0 0
PT [233 0 9 49 1]
 P 0 0 0 0
PT [233 0 10 49 1]
EMPTY QUEUE
 P 0 0 0 0
PT [233 0 1 0 1]
 P 0 0 0 0
PT [233 0 2 0 1]
 P 0 0 0 0
PT [233 0 3 0 1]
 P 0 0 0 0
PT [233 0 4 0 1]
 P 0 0 0 0
PT [233 0 5 0 1]
EMPTY QUEUE
 P 0 0 0 0
PT [233 0 6 50 1]
 P 0 0 0 0
PT [233 0 7 50 1]
 P 0 0 0 0
PT [233 0 8 50 1]
 P 0 0 0 0
PT [233 0 9 50 1]
 P 0 0 0 0
PT [233 0 10 50 1]
EMPTY QUEUE
 P 0 0 0 0
PT [233 0 1 0 1]
 P 0 0 0 0
PT [233 0 2 0 1]
 P 0 0 0 0
PT [233 0 3 0 1]
 P 0 0 0 0
PT [233 0 4 0 1]
