using saved target 'z1'
../../../../contiki/tools/sky/serialdump-linux -b115200 /dev/ttyUSB3
connecting to /dev/ttyUSB3 (115200) [OK]
Rime started with address 4.0
MAC 04:00:00:00:00:00:00:00 Ref ID: 4841
Contiki-3.x-2125-g5d67a61 started. Node id is set to 4.

************************************************
RTIMER_SECOND = 32768. F_CPU=8000000.
CLOCK_SECOND=128.
DURSLOT = 6015.(0.1835 s).
DURSLEEP = 114285.
DURCYCLE = 120300 .(3.6712 s).
MAX_CLOCK_DRIFT = WAKEUP_ADVANCE_TIME = 327 (0.0033 s).
PERIODIC_BCAST_CYCLES_SENSOR = 196611.
PERIODIC_BCAST_CYCLES_SINK = 196611.
MAX_CYCLE_COUNTER = 27904.
MAX_COUNT_NO_RTS_CTS = 65535.
MAX_CHILD_NUM = 10.
MAX_TRY_TO_FIND_PARENT = 3.

**********Below is Related Settings**********
PRIMAC_CONF_COMPOWER = 1.
PRIMAC_CONF_COMPOWER_SUPPORT = 1.
SF = 18.
PRI_SYNC_SUPPORT = 1.
RANDOM_DRIFT_IN_COOJA_SUPPORT = 0.
ADCSC_SUPPORT = 0.
DATA_TX_SUPPORT = 1.
CYCLES_PER_PACKET = 2.
DATA_INTERVAL = 1.
RETX_LIMIT = 6.
TOTAL_DATA_NUM = -1.
MAX_DATA_QUEUE_BUFS = 10.
PROC_GRADE_BASED_ON_ADDR_SUPPORT = 1.
NODES_NUM_PER_GRADE = 2.
ADDRESS_FREE_SUPPORT = 0.
IS_COOJA_SIM = 0.
CROSS_PLATFORM_SUPPORT = 1.
************************************************

My address is 4.0.
nullmac PRIMAC, channel check rate 8 Hz, radio channel 26
Starting
Hello, world
 P 0 0 0 3007787
 P 0 0 3451 3130012
 P 0 0 6841 3248387
 P 0 0 10231 3368687
 P 0 0 13621 3488987
 P 0 0 17011 3609287
EMPTY QUEUE
 P 358 0 20410 3731755
PT [2 0 1 -2 1]
 P 358 0 23800 3849887
PT [2 0 2 -2 1]
 P 358 0 27190 3970187
PT [2 0 3 -2 1]
 P 358 0 30580 4090487
PT [2 0 4 -2 1]
 P 3084 0 31244 4210787
PT [2 0 5 -2 1]
EMPTY QUEUE
 P 6086 0 32256 4332519
PT [2 0 6 -2 1]
 P 6086 0 35646 4451387
PT [2 0 7 -2 1]
 P 6086 0 39036 4571687
PT [2 0 8 -2 1]
 P 6086 0 42426 4691987
PT [2 0 9 -2 1]
rcv bro rts
 P 7067 0 42466 4812287
PT [2 0 10 -2 1]
 P 8275 0 42470 4932587
PT [2 0 11 -2 1]
EMPTY QUEUE
 P 8891 0 45868 5055023
PT [2 0 12 -2 1]
 P 8891 0 49258 5173187
PT [2 0 13 -2 1]
 P 8891 0 52648 5293487
PT [2 0 14 -2 1]
 P 10337 0 52657 5413787
PT [2 0 15 -2 1]
 P 11782 0 52660 5534087
PT [2 0 16 -2 1]
 P 13971 0 52663 5654387
PT [2 0 17 -2 1]
EMPTY QUEUE
 P 14037 0 58625 5779030
PT [2 0 18 -2 1]
EMPTY QUEUE
 P 14589 0 62023 5897315
PT [2 0 19 -2 1]
 P 16737 0 62032 6015287
PT [2 0 20 -2 1]
 P 16737 0 65422 6135587
PT [2 0 21 -2 1]
 P 17611 0 65425 6255887
PT [2 0 22 -2 1]
 P 19102 0 65428 6376187
PT [2 0 23 -2 1]
EMPTY QUEUE
 P 19654 0 68826 6499007
PT [2 0 24 -2 1]
 P 21069 0 68834 6616787
PT [2 0 25 -2 1]
 P 23739 0 68842 6737087
PT [2 0 26 -2 1]
 P 23739 0 72232 6857387
PT [2 0 27 -2 1]
 P 24838 0 72235 6977687
PT [2 0 28 -2 1]
 P 25789 0 72239 7097987
PT [2 0 29 -2 1]
EMPTY QUEUE
 P 26340 0 75638 7220647
PT [2 0 30 -2 1]
 P 28966 0 75646 7338587
PT [2 0 31 -2 1]
 P 31732 0 75655 7458887
PT [2 0 32 -2 1]
 P 31732 0 79045 7579187
PT [2 0 33 -2 1]
 P 33821 0 79048 7699487
PT [2 0 34 -2 1]
 P 34552 0 79051 7819787
PT [2 0 35 -2 1]
EMPTY QUEUE
 P 35103 0 82450 7942160
PT [2 0 36 -2 1]
 P 35976 0 82458 8060387
PT [2 0 37 -2 1]
 P 37722 0 82466 8180687
PT [2 0 38 -2 1]
 P 37722 0 85856 8300987
PT [2 0 39 -2 1]
 P 38506 0 85859 8421287
PT [2 0 40 -2 1]
 P 40385 0 85862 8541587
PT [2 0 41 -2 1]
EMPTY QUEUE
 P 40969 0 89262 8663065
PT [2 0 42 -2 1]
 P 43244 0 89270 8782187
PT [2 0 43 -2 1]
 P 43244 0 92660 8902487
PT [2 0 44 -2 1]
 P 43244 0 96050 9022787
PT [2 0 45 -2 1]
 P 44859 0 96053 9143087
PT [2 0 46 -2 1]
 P 47569 0 96056 9263387
PT [2 0 47 -2 1]
EMPTY QUEUE
 P 50716 0 96073 9384800
PT [2 0 48 -2 1]
 P 50716 0 99463 9503987
PT [2 0 49 -2 1]
 P 50716 0 102853 9624287
PT [2 0 50 -2 1]
 P 50716 0 106243 9744587
PT [2 0 51 -2 1]
 P 51823 0 106246 9864887
PT [2 0 52 -2 1]
 P 53611 0 106249 9985187
PT [2 0 53 -2 1]
EMPTY QUEUE
 P 55017 0 106266 10107336
PT [2 0 54 -2 1]
 P 55017 0 109656 10225787
PT [2 0 55 -2 1]
 P 55017 0 113046 10346087
PT [2 0 56 -2 1]
 P 55017 0 116436 10466387
PT [2 0 57 -2 1]
 P 55839 0 116439 10586687
PT [2 0 58 -2 1]
EMPTY QUEUE
 P 58028 0 116457 10708964
PT [2 0 59 -2 1]
 P 59288 0 116460 10827287
PT [2 0 60 -2 1]
 P 59288 0 119850 10947587
PT [2 0 61 -2 1]
 P 59288 0 123240 11067887
PT [2 0 62 -2 1]
 P 59288 0 126630 11188187
PT [2 0 63 -2 1]
EMPTY QUEUE
 P 61066 0 126647 11310176
PT [2 0 64 -2 1]
 P 62368 0 126650 11428787
PT [2 0 65 -2 1]
 P 64255 0 126653 11549087
PT [2 0 66 -2 1]
 P 64255 0 130043 11669387
PT [2 0 67 -2 1]
 P 64255 0 133433 11789687
PT [2 0 68 -2 1]
 P 67624 72 133453 11913198
PT [2 0 69 -2 1]
 P 69604 144 133472 12032059
PT [2 0 70 -2 1]
 P 71993 144 133475 12150587
PT [2 0 71 -2 1]
 P 73215 144 133478 12270887
PT [2 0 72 -2 1]
 P 73703 144 136877 12393356
PT [2 0 73 -2 1]
 P 74287 144 140276 12513272
PT [2 0 74 -2 1]
 P 75935 144 140293 12633284
PT [2 0 75 -2 1]
 P 77882 144 140311 12754706
PT [2 0 76 -2 1]
 P 79190 144 140315 12872387
PT [2 0 77 -2 1]
 P 80637 144 140318 12992687
PT [2 0 78 -2 1]
 P 81221 144 143717 13115060
PT [2 0 79 -2 1]
Warning: retx limit drop data
 P 83948 144 143734 13235669
PT [2 0 80 -2 1]
 P 85277 144 143752 13356044
PT [2 0 81 -2 1]
 P 86607 144 143755 13473887
PT [2 0 82 -2 1]
 P 87899 144 143772 13596324
PT [2 0 83 -2 1]
 P 89189 144 143775 13714487
PT [2 0 84 -2 1]
 P 90554 144 143791 13837086
PT [2 0 85 -2 1]
 P 92049 144 143808 13957672
PT [2 0 86 -2 1]
 P 93400 144 143811 14075387
PT [2 0 87 -2 1]
 P 94729 144 143828 14197824
PT [2 0 88 -2 1]
 P 96040 144 143832 14315987
PT [2 0 89 -2 1]
Warning: retx limit drop data
 P 97395 144 143851 14437742
PT [2 0 90 -2 1]
 P 98667 144 143854 14556587
PT [2 0 91 -2 1]
 P 99999 144 143871 14679152
PT [2 0 92 -2 1]
 P 101311 144 143888 14799452
PT [2 0 93 -2 1]
 P 102700 144 143905 14919848
PT [2 0 94 -2 1]
 P 104103 144 143922 15040181
PT [2 0 95 -2 1]
 P 105359 144 143939 15160353
PT [2 0 96 -1 1]
Warning: retx limit drop data
 P 106682 144 143956 15280962
PT [2 0 97 -2 1]
 P 107815 144 143959 15398687
PT [2 0 98 -2 1]
 P 109234 144 143976 15521156
PT [2 0 99 -2 1]
 P 110609 144 143979 15639287
PT [2 0 100 -2 1]
 P 111958 144 143996 15760892
PT [2 0 101 -2 1]
 P 113294 144 143999 15879887
PT [2 0 102 -2 1]
 P 114669 144 144016 16002260
PT [2 0 103 -2 1]
 P 115965 144 144019 16120487
PT [2 0 104 -2 1]
 P 117416 144 144037 16243053
PT [2 0 105 -2 1]
 P 118795 144 144040 16361087
PT [2 0 106 -2 1]
 P 120240 144 144057 16483365
PT [2 0 107 -1 1]
 P 121578 144 144060 16601687
PT [2 0 108 -1 1]
Warning: retx limit drop data
 P 122952 144 144078 16723185
PT [2 0 109 -2 1]
 P 124250 144 144082 16842287
PT [2 0 110 -2 1]
 P 125699 144 144099 16964404
PT [2 0 111 -2 1]
 P 127080 144 144102 17082887
PT [2 0 112 -2 1]
 P 128500 144 144120 17205580
PT [2 0 113 -2 1]
 P 129861 144 144137 17325976
PT [2 0 114 -2 1]
 P 131182 144 144140 17443787
PT [2 0 115 -2 1]
 P 132505 144 144157 17566256
PT [2 0 116 -2 1]
 P 133786 144 144160 17684387
PT [2 0 117 -2 1]
 P 135149 144 144179 17806984
PT [2 0 118 -2 1]
Warning: retx limit drop data
 P 136612 144 144197 17927625
PT [2 0 119 -2 1]
 P 137974 144 144200 18045287
PT [2 0 120 -2 1]
 P 139303 144 144217 18167724
PT [2 0 121 -2 1]
 P 140625 144 144220 18285887
PT [2 0 122 -2 1]
 P 141949 144 144237 18407524
PT [2 0 123 -2 1]
 P 143231 144 144240 18526487
PT [2 0 124 -2 1]
 P 144670 144 144257 18649148
PT [2 0 125 -2 1]
 P 146109 144 144274 18769480
PT [2 0 126 -2 1]
 P 147433 144 144291 18889684
PT [2 0 127 -2 1]
Warning: retx limit drop data
 P 148835 144 144308 19010166
PT [2 0 128 -1 1]
 P 150090 144 144326 19130252
PT [2 0 129 -2 1]
 P 151423 144 144343 19250648
PT [2 0 130 -2 1]
 P 152769 144 144360 19370980
PT [2 0 131 -2 1]
 P 153968 144 144377 19491152
PT [2 0 132 -2 1]
 P 155212 144 144394 19611516
PT [2 0 133 -2 1]
Warning: retx limit drop data
 P 156374 144 144411 19731838
PT [2 0 134 -2 1]
 P 157516 144 144429 19852053
PT [2 0 135 -2 1]
 P 158639 144 144447 19972352
PT [2 0 136 -2 1]
 P 159742 144 144465 20092652
PT [2 0 137 -2 1]
 P 160859 144 144483 20212984
PT [2 0 138 -2 1]
 P 162054 144 144499 20333380
PT [2 0 139 -2 1]
Warning: retx limit drop data
 P 163157 144 144515 20453829
PT [2 0 140 -2 1]
 P 164102 144 144518 20571587
PT [2 0 141 -2 1]
 P 165616 144 144534 20694152
PT [2 0 142 -2 1]
 P 167007 144 144537 20812187
PT [2 0 143 -2 1]
 P 168417 144 144553 20933856
PT [2 0 144 -2 1]
 P 169768 144 144556 21052787
PT [2 0 145 -2 1]
 P 171176 144 144573 21175194
PT [2 0 146 -2 1]
 P 172488 144 144576 21293387
PT [2 0 147 -2 1]
 P 173947 144 144593 21416080
PT [2 0 148 -2 1]
 P 175314 144 144610 21536252
PT [2 0 149 -2 1]
Warning: retx limit drop data
 P 176736 144 144626 21656765
PT [2 0 150 -2 1]
 P 178075 144 144643 21776917
PT [2 0 151 -2 1]
 P 179460 144 144659 21897280
PT [2 0 152 -2 1]
 P 180825 144 144675 22017580
PT [2 0 153 -2 1]
 P 182075 144 144691 22137784
PT [2 0 154 -2 1]
 P 183306 144 144707 22258084
PT [2 0 155 -2 1]
Warning: retx limit drop data
 P 184485 144 144723 22378436
PT [2 0 156 -2 1]
 P 185678 144 144740 22498684
PT [2 0 157 -2 1]
 P 186820 144 144757 22618952
PT [2 0 158 -2 1]
 P 188010 144 144773 22739318
PT [2 0 159 -2 1]
 P 189211 144 144789 22859648
PT [2 0 160 -2 1]
 P 190361 144 144805 22979916
PT [2 0 161 -2 1]
Warning: retx limit drop data
 P 191460 144 144822 23100269
PT [2 0 162 -2 1]
 P 192636 144 144838 23220580
PT [2 0 163 -2 1]
 P 193793 144 144854 23340880
PT [2 0 164 -2 1]
 P 194901 144 144870 23461150
PT [2 0 165 -1 1]
 P 195892 144 144887 23581352
PT [2 0 166 -2 1]
 P 196960 144 144904 23701748
PT [2 0 167 -2 1]
Warning: retx limit drop data
 P 197979 144 144920 23822101
PT [2 0 168 -2 1]
 P 199043 144 144936 23942381
PT [2 0 169 -2 1]
 P 200056 144 144952 24062649
PT [2 0 170 -2 1]
 P 200986 144 144968 24182885
PT [2 0 171 -2 1]
 P 201866 144 144986 24303154
PT [2 0 172 -2 1]
 P 202758 144 145002 24423485
PT [2 0 173 -2 1]
Warning: retx limit drop data
 P 203726 144 145019 24543965
PT [2 0 174 -3 1]
 P 204612 144 145036 24664116
PT [2 0 175 -3 1]
 P 205481 144 145052 24784418
PT [2 0 176 -1 1]
 P 206394 144 145068 24904781
PT [2 0 177 -3 1]
 P 207160 144 145084 25024953
PT [2 0 178 -3 1]
 P 207971 144 145100 25145317
PT [2 0 179 -3 1]
Warning: retx limit drop data
 P 208827 144 145117 25265766
PT [2 0 180 -3 1]
 P 209663 144 145133 25385981
PT [2 0 181 -3 1]
 P 210417 144 145150 25506216
PT [2 0 182 -3 1]
 P 211152 144 145167 25626516
PT [2 0 183 -3 1]
 P 211835 144 145184 25746783
PT [2 0 184 -3 1]
 P 212535 144 145200 25867117
PT [2 0 185 -3 1]
Warning: retx limit drop data
 P 213151 144 145216 25987438
PT [2 0 186 -3 1]
 P 213843 144 145232 26107748
PT [2 0 187 -3 1]
 P 214419 144 145249 26227952
PT [2 0 188 -3 1]
 P 215072 144 145266 26348348
PT [2 0 189 -3 1]
 P 215530 144 145269 26466287
PT [2 0 190 -3 1]
 P 215968 144 145272 26586587
PT [2 0 191 -3 1]
 P 216386 144 145275 26706887
PT [2 0 192 -3 1]
 P 217705 144 145278 26827187
PT [2 0 193 -3 1]
 P 219608 144 145281 26947487
PT [2 0 194 -3 1]
 P 221969 144 145284 27067787
PT [2 0 195 -3 1]
 P 223163 144 145287 27188087
PT [2 0 196 -3 1]
 P 224401 144 145290 27308387
PT [2 0 197 -3 1]
 P 225779 144 145293 27428687
PT [2 0 198 -3 1]
 P 228023 144 145296 27548987
PT [2 0 199 -3 1]
 P 228909 144 145299 27669287
PT [2 0 200 -3 1]
 P 230412 144 145303 27789587
PT [2 0 201 -3 1]
 P 231482 144 145306 27909887
PT [2 0 202 -3 1]
 P 232404 144 145309 28030187
PT [2 0 203 -3 1]
 P 234421 144 145312 28150487
PT [2 0 204 -3 1]
 P 235201 144 145315 28270787
PT [2 0 205 -3 1]
 P 235993 144 145318 28391087
PT [2 0 206 -3 1]
 P 237880 144 145321 28511387
PT [2 0 207 -3 1]
 P 239461 144 145324 28631687
PT [2 0 208 -3 1]
 P 242137 144 145327 28751987
PT [2 0 209 -3 1]
 P 243168 144 145330 28872287
PT [2 0 210 -3 1]
 P 245002 144 145333 28992587
PT [2 0 211 -3 1]
 P 245829 144 145336 29112887
PT [2 0 212 -3 1]
 P 247878 144 145339 29233187
PT [2 0 213 -3 1]
 P 249684 144 145342 29353487
PT [2 0 214 -3 1]
 P 251661 144 145346 29473787
PT [2 0 215 -3 1]
 P 252982 144 145349 29594087
PT [2 0 216 -3 1]
 P 254022 144 145352 29714387
PT [2 0 217 -3 1]
 P 255520 144 145355 29834687
PT [2 0 218 -3 1]
 P 258113 144 145358 29954987
PT [2 0 219 -3 1]
 P 260368 144 145361 30075287
PT [2 0 220 -3 1]
 P 261042 144 145364 30195587
PT [2 0 221 -3 1]
 P 263639 144 145367 30315887
PT [2 0 222 -3 1]
 P 265031 144 145370 30436187
PT [2 0 223 -3 1]
 P 266563 144 145373 30556487
PT [2 0 224 -3 1]
 P 267310 144 145376 30676787
PT [2 0 225 -3 1]
 P 269534 144 145380 30797087
PT [2 0 226 -3 1]
 P 270751 144 145383 30917387
PT [2 0 227 -3 1]
 P 272331 144 145386 31037687
PT [2 0 228 -3 1]
 P 275031 144 145389 31157987
PT [2 0 229 -3 1]
 P 277488 144 145392 31278287
PT [2 0 230 -3 1]
 P 278683 144 145395 31398587
PT [2 0 231 -3 1]
 P 279667 144 145398 31518887
PT [2 0 232 -3 1]
 P 282223 144 145402 31639187
PT [2 0 233 -3 1]
 P 284409 144 145405 31759487
PT [2 0 234 -3 1]
 P 286409 144 145408 31879787
PT [2 0 235 -3 1]
 P 288549 144 145411 32000087
PT [2 0 236 -3 1]
 P 290573 144 145414 32120387
PT [2 0 237 -3 1]
 P 291622 144 145417 32240687
PT [2 0 238 -3 1]
 P 292970 144 145420 32360987
PT [2 0 239 -3 1]
 P 294871 144 145423 32481287
PT [2 0 240 -3 1]
 P 297480 144 145426 32601587
PT [2 0 241 -3 1]
 P 299464 144 145429 32721887
PT [2 0 242 -3 1]
 P 301492 144 145432 32842187
PT [2 0 243 -3 1]
 P 303118 144 145435 32962487
PT [2 0 244 -3 1]
 P 305680 144 145438 33082787
PT [2 0 245 -3 1]
 P 306852 144 145441 33203087
PT [2 0 246 -3 1]
 P 308315 144 145444 33323387
PT [2 0 247 -3 1]
 P 309694 144 145447 33443687
PT [2 0 248 -3 1]
 P 311595 144 145450 33563987
PT [2 0 249 -3 1]
 P 313158 144 145453 33684287
PT [2 0 250 -3 1]
 P 314701 144 145456 33804587
PT [2 0 251 -3 1]
 P 317211 144 145459 33924887
PT [2 0 252 -3 1]
 P 319856 144 145462 34045187
PT [2 0 253 -3 1]
 P 321844 144 145465 34165487
PT [2 0 254 -3 1]
 P 323653 144 145468 34285787
PT [2 0 255 -3 1]
 P 325665 144 145471 34406087
PT [2 0 256 -3 1]
 P 327499 144 145474 34526387
PT [2 0 257 -3 1]
 P 327987 144 148874 34648601
PT [2 0 258 -3 1]
 P 329207 144 148877 34766987
PT [2 0 259 -3 1]
 P 330547 144 148880 34887287
PT [2 0 260 -3 1]
 P 332472 144 148884 35007587
PT [2 0 261 -3 1]
 P 334855 144 148888 35127887
PT [2 0 262 -3 1]
 P 336072 144 148891 35248187
PT [2 0 263 -3 1]
 P 337333 144 148894 35368487
PT [2 0 264 -3 1]
 P 338733 144 148897 35488787
PT [2 0 265 -3 1]
 P 341001 144 148900 35609087
PT [2 0 266 -3 1]
 P 341910 144 148903 35729387
PT [2 0 267 -3 1]
 P 343436 144 148906 35849687
PT [2 0 268 -3 1]
 P 344528 144 148909 35969987
PT [2 0 269 -3 1]
 P 345473 144 148912 36090287
PT [2 0 270 -3 1]
 P 347513 144 148915 36210587
PT [2 0 271 -3 1]
 P 348317 144 148918 36330887
PT [2 0 272 -3 1]
 P 349133 144 148921 36451187
PT [2 0 273 -3 1]
 P 351045 144 148924 36571487
PT [2 0 274 -3 1]
 P 352649 144 148927 36691787
PT [2 0 275 -3 1]
 P 355348 144 148930 36812087
PT [2 0 276 -3 1]
 P 356403 144 148933 36932387
PT [2 0 277 -3 1]
 P 358259 144 148937 37052687
PT [2 0 278 -3 1]
 P 359108 144 148940 37172987
PT [2 0 279 -3 1]
 P 361180 144 148943 37293287
PT [2 0 280 -3 1]
 P 363009 144 148946 37413587
PT [2 0 281 -3 1]
 P 365009 144 148949 37533887
PT [2 0 282 -3 1]
 P 366352 144 148952 37654187
PT [2 0 283 -3 1]
 P 367415 144 148955 37774487
PT [2 0 284 -3 1]
 P 368936 144 148958 37894787
PT [2 0 285 -3 1]
 P 371552 144 148961 38015087
PT [2 0 286 -3 1]
 P 373829 144 148964 38135387
PT [2 0 287 -3 1]
 P 374526 144 148967 38255687
PT [2 0 288 -3 1]
 P 377146 144 148970 38375987
PT [2 0 289 -3 1]
 P 377466 144 152365 38498574
PT [2 0 290 -3 1]
Warning: retx limit drop data
 P 378083 144 155763 38619065
PT [2 0 291 -4 1]
 P 379395 144 155767 38736887
PT [2 0 292 -4 1]
 P 380688 144 155770 38857187
PT [2 0 293 -4 1]
 P 382566 144 155773 38977487
PT [2 0 294 -4 1]
 P 384903 144 155776 39097787
PT [2 0 295 -4 1]
 P 386193 144 155779 39218087
PT [2 0 296 -4 1]
 P 387527 144 155782 39338387
PT [2 0 297 -4 1]
 P 389000 144 155785 39458687
PT [2 0 298 -4 1]
 P 391218 144 155788 39578987
PT [2 0 299 -4 1]
 P 392078 144 155791 39699287
PT [2 0 300 -4 1]
 P 393555 144 155794 39819587
PT [2 0 301 -4 1]
 P 394598 144 155797 39939887
PT [2 0 302 -4 1]
 P 395494 144 155800 40060187
PT [2 0 303 -4 1]
 P 397485 144 155803 40180487
PT [2 0 304 -4 1]
 P 398118 144 155807 40300787
PT [2 0 305 -4 1]
 P 398763 144 155811 40421087
PT [2 0 306 -4 1]
 P 400616 144 155814 40541387
PT [2 0 307 -4 1]
 P 402162 144 155818 40661687
PT [2 0 308 -4 1]
 P 404803 144 155822 40781987
PT [2 0 309 -4 1]
 P 405800 144 155825 40902287
PT [2 0 310 -4 1]
 P 407478 144 155828 41022587
PT [2 0 311 -4 1]
 P 408149 144 155831 41142887
PT [2 0 312 -4 1]
 P 410164 144 155834 41263187
PT [2 0 313 -4 1]
 P 411936 144 155837 41383487
PT [2 0 314 -4 1]
 P 413879 144 155840 41503787
PT [2 0 315 -4 1]
 P 415165 144 155844 41624087
PT [2 0 316 -4 1]
 P 416049 144 155847 41744387
PT [2 0 317 -4 1]
 P 417391 144 155850 41864687
PT [2 0 318 -4 1]
 P 419950 144 155853 41984987
PT [2 0 319 -4 1]
 P 422169 144 155857 42105287
PT [2 0 320 -4 1]
 P 422808 144 155860 42225587
PT [2 0 321 -4 1]
 P 425370 144 155863 42345887
PT [2 0 322 -4 1]
 P 426606 144 155866 42466187
PT [2 0 323 -4 1]
 P 427983 144 155869 42586487
PT [2 0 324 -4 1]
 P 428696 144 155872 42706787
PT [2 0 325 -4 1]
 P 430887 144 155876 42827087
PT [2 0 326 -4 1]
 P 432071 144 155879 42947387
PT [2 0 327 -4 1]
 P 433616 144 155882 43067687
PT [2 0 328 -4 1]
 P 436161 144 155885 43187987
PT [2 0 329 -4 1]
 P 438463 144 155888 43308287
PT [2 0 330 -4 1]
 P 439625 144 155891 43428587
PT [2 0 331 -4 1]
 P 440576 144 155894 43548887
PT [2 0 332 -4 1]
 P 443099 144 155897 43669187
PT [2 0 333 -4 1]
 P 445252 144 155900 43789487
PT [2 0 334 -4 1]
 P 447099 144 155904 43909787
PT [2 0 335 -4 1]
 P 449085 144 155907 44030087
PT [2 0 336 -4 1]
 P 449151 144 161869 44154442
PT [2 0 337 -4 1]
 P 449217 144 167832 44275095
PT [2 0 338 -4 1]
 P 449283 144 173794 44395394
PT [2 0 339 -4 1]
 P 449608 144 177189 44513386
PT [2 0 340 -4 1]
 P 449674 144 183151 44635994
PT [2 0 341 -4 1]
Warning: retx limit drop data
 P 449904 144 186546 44753975
PT [2 0 342 -4 1]
 P 450165 144 189941 44874222
PT [2 0 343 -4 1]
 P 450231 144 195903 44996894
PT [2 0 344 -4 1]
 P 450815 144 199302 45115148
PT [2 0 345 -4 1]
 P 451013 144 202698 45234708
PT [2 0 346 -4 1]
 P 451079 144 208661 45357795
PT [2 0 347 -4 1]
Warning: retx limit drop data
 P 451342 144 212056 45475809
PT [2 0 348 -4 1]
 P 451408 144 218019 45598395
PT [2 0 349 -4 1]
 P 451673 144 221414 45716326
PT [2 0 350 -4 1]
 P 451969 144 224809 45836657
PT [2 0 351 -4 1]
 P 452035 144 230772 45959295
PT [2 0 352 -4 1]
 P 452529 144 236306 46079594
PT [2 0 353 -4 1]
Warning: retx limit drop data
 P 452595 144 242268 46199979
PT [2 0 354 -4 1]
 P 452661 144 248230 46320194
PT [2 0 355 -4 1]
 P 452991 144 251625 46438191
PT [2 0 356 -4 1]
 P 453057 144 257587 46560794
PT [2 0 357 -4 1]
 P 453260 144 260982 46678664
PT [2 0 358 -4 1]
 P 453526 144 264377 46799028
PT [2 0 359 -4 1]
Warning: retx limit drop data
 P 453592 144 270339 46921779
PT [2 0 360 -4 1]
 P 454080 144 273737 47039852
PT [2 0 361 -4 1]
 P 454220 144 277132 47159450
PT [2 0 362 -4 1]
 P 454286 144 283095 47282595
PT [2 0 363 -4 1]
 P 454523 144 286490 47400498
PT [2 0 364 -4 1]
 P 454589 144 292452 47523194
PT [2 0 365 -4 1]
Warning: retx limit drop data
 P 454858 144 295847 47641215
PT [2 0 366 -4 1]
 P 455064 144 299242 47761367
PT [2 0 367 -4 1]
 P 455130 144 305205 47884095
PT [2 0 368 -4 1]
 P 455746 144 308603 48002380
PT [2 0 369 -4 1]
 P 455986 144 311998 48121949
PT [2 0 370 -4 1]
 P 456051 144 317961 48244995
PT [2 0 371 -4 1]
Warning: retx limit drop data
 P 456291 144 321356 48362985
PT [2 0 372 -4 1]
 P 456357 144 327319 48485595
PT [2 0 373 -4 1]
 P 456565 144 330714 48603469
PT [2 0 374 -4 1]
 P 456838 144 334109 48723834
PT [2 0 375 -4 1]
 P 456904 144 340071 48846494
PT [2 0 376 -4 1]
 P 457490 144 343469 48964750
PT [2 0 377 -4 1]
Warning: retx limit drop data
 P 457764 144 346864 49084468
PT [2 0 378 -4 1]
 P 457830 144 352827 49207395
PT [2 0 379 -4 1]
 P 458073 144 356222 49325304
PT [2 0 380 -4 1]
 P 458139 144 362184 49447994
PT [2 0 381 -4 1]
 P 458318 144 365579 49565840
PT [2 0 382 -4 1]
 P 458593 144 368974 49686236
PT [2 0 383 -4 1]
Warning: retx limit drop data
 P 458659 144 374937 49808979
PT [2 0 384 -4 1]
 P 459164 144 380460 49929194
PT [2 0 385 -4 1]
 P 459230 144 386422 50049494
PT [2 0 386 -4 1]
 P 460230 144 386425 50165387
PT [2 0 387 -4 1]
 P 460296 144 392387 50290094
PT [2 0 388 -4 1]
 P 460509 144 395782 50407974
PT [2 0 389 -4 1]
 P 460754 144 399177 50528307
PT [2 0 390 -4 1]
Warning: retx limit drop data
 P 460820 144 405139 50651078
PT [2 0 391 -4 1]
 P 461309 144 408537 50769152
PT [2 0 392 -5 1]
 P 461555 144 411932 50888855
PT [2 0 393 -5 1]
 P 461621 144 417894 51011894
PT [2 0 394 -5 1]
 P 461869 144 421289 51129809
PT [2 0 395 -5 1]
 P 461934 144 427251 51252494
PT [2 0 396 -5 1]
Warning: retx limit drop data
 P 462118 144 430646 51370430
PT [2 0 397 -5 1]
 P 462367 144 434041 51490710
PT [2 0 398 -5 1]
 P 462433 144 440004 51613395
PT [2 0 399 -5 1]
 P 463049 144 443403 51731680
PT [2 0 400 -5 1]
 P 463267 144 446798 51851227
PT [2 0 401 -5 1]
 P 463333 144 452761 51974295
PT [2 0 402 -5 1]
Warning: retx limit drop data
 P 463647 144 456156 52092360
PT [2 0 403 -5 1]
 P 463713 144 462118 52214894
PT [2 0 404 -5 1]
 P 463900 144 465513 52332748
PT [2 0 405 -5 1]
 P 464119 144 468908 52453080
PT [2 0 406 -5 1]
 P 464185 144 474870 52575794
PT [2 0 407 -5 1]
 P 464771 144 478268 52694049
PT [2 0 408 -4 1]
Warning: retx limit drop data
 P 464991 144 481663 52813714
PT [2 0 409 -4 1]
 P 465057 144 487625 52936694
PT [2 0 410 -4 1]
 P 465310 144 491020 53054614
PT [2 0 411 -4 1]
 P 465376 144 496982 53177294
PT [2 0 412 -4 1]
 P 465565 144 500377 53295150
PT [2 0 413 -4 1]
 P 465883 144 503772 53415579
PT [2 0 414 -4 1]
Warning: retx limit drop data
 P 465948 144 509735 53538280
PT [2 0 415 -4 1]
 P 466464 144 515248 53658495
PT [2 0 416 -4 1]
 P 466530 144 521211 53778795
PT [2 0 417 -4 1]
 P 466596 144 527173 53899094
PT [2 0 418 -4 1]
 P 466852 144 530568 54017017
PT [2 0 419 -4 1]
 P 466918 144 536531 54139695
PT [2 0 420 -4 1]
Warning: retx limit drop data
 P 467238 144 539928 54257767
PT [2 0 421 -4 1]
 P 467592 144 543323 54378015
PT [2 0 422 -4 1]
 P 467658 144 549286 54500595
PT [2 0 423 -4 1]
 P 468177 144 554796 54620895
PT [2 0 424 -4 1]
 P 468243 144 560758 54741194
PT [2 0 425 -4 1]
 P 468309 144 566721 54861495
PT [2 0 426 -4 1]
Warning: retx limit drop data
 P 468567 144 570116 54979504
PT [2 0 427 -4 1]
 P 468633 144 576078 55102094
PT [2 0 428 -4 1]
 P 468926 144 579473 55220054
PT [2 0 429 -4 1]
 P 469217 144 582868 55340352
PT [2 0 430 -4 1]
 P 469283 144 588831 55462995
PT [2 0 431 -4 1]
 P 469770 144 592230 55581152
PT [2 0 432 -5 1]
Warning: retx limit drop data
 P 469934 144 595625 55700858
PT [2 0 433 -5 1]
 P 470000 144 601588 55823895
PT [2 0 434 -5 1]
 P 470293 144 604983 55941854
PT [2 0 435 -5 1]
 P 470359 144 610945 56064494
PT [2 0 436 -5 1]
 P 470557 144 614340 56182359
PT [2 0 437 -5 1]
 P 470851 144 617735 56302755
PT [2 0 438 -5 1]
Warning: retx limit drop data
 P 470917 144 623697 56425478
PT [2 0 439 -5 1]
 P 471441 144 629202 56545695
PT [2 0 440 -5 1]
 P 471507 144 635165 56665995
PT [2 0 441 -5 1]
 P 471573 144 641127 56786294
PT [2 0 442 -5 1]
 P 471869 144 644522 56904257
PT [2 0 443 -5 1]
 P 471935 144 650485 57026895
PT [2 0 444 -5 1]
Warning: retx limit drop data
 P 472233 144 653880 57144944
PT [2 0 445 -5 1]
 P 472561 144 657276 57265190
PT [2 0 446 -5 1]
 P 472627 144 663238 57387794
PT [2 0 447 -5 1]
 P 473115 144 666637 57505952
PT [2 0 448 -5 1]
 P 473382 144 670032 57625677
PT [2 0 449 -5 1]
 P 473448 144 675994 57748694
PT [2 0 450 -5 1]
Warning: retx limit drop data
 P 473779 144 679389 57866778
PT [2 0 451 -5 1]
 P 473845 144 685351 57989294
PT [2 0 452 -5 1]
 P 474176 144 688746 58107292
PT [2 0 453 -5 1]
 P 474476 144 692141 58227561
PT [2 0 454 -5 1]
 P 474542 144 698104 58350195
PT [2 0 455 -5 1]
 P 475158 144 701503 58468480
PT [2 0 456 -5 1]
Warning: retx limit drop data
 P 475351 144 704898 58588086
PT [2 0 457 -5 1]
 P 475417 144 710860 58711094
PT [2 0 458 -5 1]
 P 475673 144 714255 58829017
PT [2 0 459 -5 1]
