using saved target 'z1'
../../../../contiki/tools/sky/serialdump-linux -b115200 /dev/ttyUSB2
connecting to /dev/ttyUSB2 (115200) [OK]
Rime started with address 3.0
MAC 03:00:00:00:00:00:00:00 Ref ID: 4841
Contiki-3.x-2125-g5d67a61 started. Node id is set to 3.

************************************************
RTIMER_SECOND = 32768. F_CPU=8000000.
CLOCK_SECOND=128.
DURSLOT = 6015.(0.1835 s).
DURSLEEP = 114285.
DURCYCLE = 120300 .(3.6712 s).
MAX_CLOCK_DRIFT = WAKEUP_ADVANCE_TIME = 327 (0.0033 s).
PERIODIC_BCAST_CYCLES_SENSOR = 917507.
PERIODIC_BCAST_CYCLES_SINK = 917507.
MAX_CYCLE_COUNTER = 27904.
MAX_COUNT_NO_RTS_CTS = 65535.
MAX_CHILD_NUM = 10.
MAX_TRY_TO_FIND_PARENT = 3.

**********Below is Related Settings**********
PRIMAC_CONF_COMPOWER = 1.
PRIMAC_CONF_COMPOWER_SUPPORT = 1.
SF = 18.
PRI_SYNC_SUPPORT = 1.
RANDOM_DRIFT_IN_COOJA_SUPPORT = 0.
ADCSC_SUPPORT = 0.
DATA_TX_SUPPORT = 1.
CYCLES_PER_PACKET = 1.
DATA_INTERVAL = 7.
RETX_LIMIT = 6.
TOTAL_DATA_NUM = 50.
MAX_DATA_QUEUE_BUFS = 10.
PROC_GRADE_BASED_ON_ADDR_SUPPORT = 1.
NODES_NUM_PER_GRADE = 2.
ADDRESS_FREE_SUPPORT = 0.
IS_COOJA_SIM = 0.
CROSS_PLATFORM_SUPPORT = 1.
************************************************

My address is 3.0.
nullmac PRIMAC, channel check rate 8 Hz, radio channel 26
Starting
Hello, world
 P 0 0 0 1952722
 P 0 0 3390 2073022
 P 0 0 6780 2193322
 P 0 0 10230 2315003
 P 0 0 13620 2433922
 P 0 0 17010 2554222
 P 0 0 20400 2674522
 P 0 0 23790 2794822
EMPTY QUEUE
 P 306 0 29512 2919785
EMPTY QUEUE
 P 664 0 32911 3036118
PT [1 0 1 0 1]
 P 2995 0 33970 3155722
PT [1 0 2 0 1]
 P 3823 0 36532 3276022
PT [1 0 3 0 1]
 P 3823 0 39922 3396322
PT [1 0 4 0 1]
 P 3823 0 43312 3516622
PT [1 0 5 0 1]
EMPTY QUEUE
 P 3834 0 46704 3639087
PT [1 0 6 0 1]
 P 6109 0 46707 3757222
PT [1 0 7 0 1]
rcv bro rts
EMPTY QUEUE
 P 8554 0 46756 3880010
PT [1 0 8 2 2]
 P 8554 0 50146 3997822
PT [1 0 9 2 2]
 P 8554 0 53536 4118122
PT [1 0 10 2 2]
 P 8554 0 56926 4238422
PT [1 0 11 2 2]
 P 8554 0 60316 4358722
PT [1 0 12 2 2]
EMPTY QUEUE
 P 10397 0 60333 4480678
PT [1 0 13 3 2]
 P 12644 0 60336 4599322
PT [1 0 14 3 2]
 P 12644 0 63726 4719622
PT [1 0 15 3 2]
 P 12644 0 67116 4839922
PT [1 0 16 3 2]
 P 12644 0 70506 4960222
PT [1 0 17 3 2]
EMPTY QUEUE
 P 15449 0 70523 5082882
PT [1 0 18 5 2]
 P 17889 0 70526 5200822
PT [1 0 19 5 2]
 P 17889 0 73916 5321122
PT [1 0 20 5 2]
 P 17889 0 77306 5441422
PT [1 0 21 5 2]
 P 17889 0 80696 5561722
PT [1 0 22 5 2]
EMPTY QUEUE
 P 19098 0 80712 5684574
PT [1 0 23 6 2]
 P 19098 0 84102 5802322
PT [1 0 24 6 2]
 P 21380 0 84105 5922622
PT [1 0 25 6 2]
 P 21380 0 87495 6042922
PT [1 0 26 6 2]
 P 21380 0 90885 6163222
PT [1 0 27 6 2]
EMPTY QUEUE
 P 24576 0 90902 6285754
PT [1 0 28 7 2]
 P 24576 0 94292 6403822
PT [1 0 29 7 2]
 P 24576 0 97682 6524122
PT [1 0 30 7 2]
 P 26284 0 97685 6644422
PT [1 0 31 7 2]
 P 26284 0 101075 6764722
PT [1 0 32 7 2]
EMPTY QUEUE
 P 29196 0 101093 6886423
PT [1 0 33 8 2]
 P 29196 0 104483 7005322
PT [1 0 34 8 2]
 P 29196 0 107873 7125622
PT [1 0 35 8 2]
 P 29196 0 111263 7245922
PT [1 0 36 8 2]
 P 31388 0 111266 7366222
PT [1 0 37 8 2]
EMPTY QUEUE
 P 33376 0 111283 7488627
PT [1 0 38 9 2]
 P 33376 0 114673 7606822
PT [1 0 39 9 2]
 P 33376 0 118063 7727122
PT [1 0 40 9 2]
 P 33376 0 121453 7847422
PT [1 0 41 9 2]
 P 33376 0 124843 7967722
PT [1 0 42 9 2]
 P 35249 0 124846 8088022
PT [1 0 43 9 2]
EMPTY QUEUE
 P 37209 0 124862 8210618
PT [1 0 44 11 2]
 P 37209 0 128252 8328622
PT [1 0 45 11 2]
 P 37209 0 131642 8448922
PT [1 0 46 11 2]
 P 37209 0 135032 8569222
PT [1 0 47 11 2]
 P 37209 0 138422 8689522
PT [1 0 48 11 2]
 P 38252 0 138426 8809822
PT [1 0 49 11 2]
EMPTY QUEUE
 P 40566 0 138443 8932098
PT [1 0 50 12 2]
 P 40566 0 141833 9050422
PT [1 0 51 12 2]
 P 40566 0 145223 9170722
PT [1 0 52 12 2]
 P 40566 0 148613 9291022
PT [1 0 53 12 2]
 P 40566 0 152003 9411322
PT [1 0 54 12 2]
EMPTY QUEUE
 P 40893 0 155402 9533758
PT [1 0 55 13 2]
 P 42149 0 155410 9651922
PT [1 0 56 13 2]
 P 44412 0 155413 9772222
PT [1 0 57 13 2]
 P 44412 0 158803 9892522
PT [1 0 58 13 2]
 P 44412 0 162193 10012822
PT [1 0 59 13 2]
EMPTY QUEUE
 P 44739 0 165591 10134683
PT [1 0 60 15 2]
 P 44739 0 168981 10253422
PT [1 0 61 15 2]
 P 45679 0 168990 10373722
PT [1 0 62 15 2]
 P 47944 0 168993 10494022
PT [1 0 63 15 2]
 P 47944 0 172383 10614322
PT [1 0 64 15 2]
EMPTY QUEUE
 P 47955 0 175775 10736819
PT [1 0 65 15 2]
EMPTY QUEUE
 P 48282 0 179174 10855586
PT [1 0 66 16 2]
 P 49834 0 179182 10975222
PT [1 0 67 16 2]
 P 52293 0 179185 11095522
PT [1 0 68 16 2]
 P 52293 0 182575 11215822
PT [1 0 69 16 2]
 P 52293 0 185965 11336122
PT [1 0 70 16 2]
EMPTY QUEUE
 P 52620 0 189364 11459070
PT [1 0 71 17 2]
 P 54367 0 189372 11576722
PT [1 0 72 17 2]
 P 54367 0 192762 11697022
PT [1 0 73 17 2]
 P 56508 0 192765 11817322
PT [1 0 74 17 2]
 P 56508 0 196155 11937622
PT [1 0 75 17 2]
 P 57818 0 196158 12057922
PT [1 0 76 17 2]
 P 58122 0 201883 12182598
PT [1 0 77 17 2]
 P 59084 270 201893 12300687
PT [1 0 78 17 2]
 P 61579 613 201912 12421552
PT [1 0 79 19 2]
 P 63466 955 201933 12541020
PT [1 0 80 19 2]
 P 65738 955 201936 12659422
PT [1 0 81 19 2]
 P 68202 955 201939 12779722
PT [1 0 82 19 2]
 P 68268 955 207902 12904398
PT [1 0 83 19 2]
 P 71116 1298 207922 13023052
PT [1 0 84 20 2]
 P 72367 1641 207940 13142520
PT [1 0 85 20 2]
 P 74641 1641 207943 13260922
PT [1 0 86 20 2]
 P 76811 1896 207963 13383824
PT [1 0 87 21 2]
 P 79343 2239 207982 13504316
PT [1 0 88 21 2]
 P 81266 2239 207985 13621822
PT [1 0 89 21 2]
 P 83736 2582 208004 13744596
PT [1 0 90 22 2]
 P 86108 2582 208007 13862422
PT [1 0 91 22 2]
 P 88196 2654 208026 13984365
PT [1 0 92 22 2]
 P 90505 2654 208029 14103022
PT [1 0 93 22 2]
 P 92238 2654 208032 14223322
PT [1 0 94 22 2]
 P 94327 2726 208051 14345968
PT [1 0 95 23 2]
 P 97021 2726 208054 14463922
PT [1 0 96 23 2]
Warning: data sending process fails.
 P 99558 2791 208177 14586857
PT [1 0 97 23 2]
 P 100653 2791 208180 14704522
PT [1 0 98 23 2]
 P 103128 2863 208199 14827040
PT [1 0 99 24 2]
 P 105407 2863 208202 14945122
PT [1 0 100 24 2]
 P 107879 2863 208205 15065422
PT [1 0 101 24 2]
 P 109781 2935 208224 15187108
PT [1 0 102 25 2]
 P 111933 2935 208228 15306022
PT [1 0 103 25 2]
 P 113254 2935 208231 15426322
PT [1 0 104 25 2]
 P 116117 3007 208251 15548712
PT [1 0 105 25 2]
 P 118143 3007 208254 15666922
PT [1 0 106 25 2]
 P 119408 3079 208272 15789503
PT [1 0 107 26 2]
 P 121626 3079 208276 15907522
PT [1 0 108 26 2]
 P 124876 3151 208296 16029784
PT [1 0 109 26 2]
 P 126775 3151 208299 16148122
PT [1 0 110 26 2]
 P 129451 3223 208318 16269552
PT [1 0 111 27 2]
 P 131735 3223 208321 16388722
PT [1 0 112 27 2]
 P 134211 3223 208324 16509022
PT [1 0 113 27 2]
 P 134278 3223 214286 16633954
PT [1 0 114 27 2]
 P 136435 3223 214289 16749622
PT [1 0 115 27 2]
 P 136761 3295 217690 16870828
PT [1 0 116 28 2]
 P 138087 3295 217693 16990222
PT [1 0 117 28 2]
 P 139711 3367 217712 17113412
PT [1 0 118 28 2]
 P 139776 3367 223674 17234781
PT [1 0 119 28 2]
 P 141081 3439 223693 17353853
PT [1 0 120 29 2]
 P 143016 3439 223697 17471422
PT [1 0 121 29 2]
 P 145125 3511 223715 17593621
PT [1 0 122 30 2]
 P 145453 3583 227115 17714336
PT [1 0 123 29 2]
Warning: data sending process fails.
 P 147561 3918 227238 17833644
PT [1 0 124 30 2]
 P 149850 3918 227241 17952622
PT [1 0 125 30 2]
 P 152139 3918 227245 18072922
PT [1 0 126 30 2]
 P 154429 3918 227248 18193222
PT [1 0 127 30 2]
 P 156719 3918 227251 18313522
PT [1 0 128 30 2]
 P 159010 3918 227254 18433822
PT [1 0 129 30 2]
 P 161301 3918 227257 18554122
PT [1 0 130 30 2]
 P 163784 3918 227260 18674422
PT [1 0 131 30 2]
 P 166345 3990 227278 18796395
PT [1 0 132 32 2]
 P 168509 3990 227281 18915022
PT [1 0 133 32 2]
 P 171008 4062 227300 19036933
PT [1 0 134 32 2]
 P 172342 4062 227303 19155622
PT [1 0 135 32 2]
 P 174267 4134 227322 19276956
PT [1 0 136 33 2]
 P 176305 4134 227325 19396222
PT [1 0 137 33 2]
 P 179191 4206 227344 19518516
PT [1 0 138 33 2]
 P 181421 4206 227348 19636822
PT [1 0 139 33 2]
 P 182708 4278 227366 19759564
PT [1 0 140 34 2]
 P 184619 4278 227369 19877422
PT [1 0 141 34 2]
 P 187891 4350 227389 20000100
PT [1 0 142 34 2]
 P 188971 4350 227392 20118022
PT [1 0 143 34 2]
 P 191670 4422 227410 20240124
PT [1 0 144 34 2]
 P 193455 4422 227414 20358622
PT [1 0 145 34 2]
 P 195067 4494 227433 20479828
PT [1 0 146 35 2]
 P 197045 4494 227436 20599222
PT [1 0 147 35 2]
Warning: data sending process fails.
 P 198690 4559 227559 20722509
PT [1 0 148 35 2]
 P 200348 4559 227562 20839822
PT [1 0 149 35 2]
 P 201675 4631 227581 20962437
PT [1 0 150 36 2]
 P 204550 4631 227584 21080422
PT [1 0 151 36 2]
 P 207095 4703 227602 21201949
PT [1 0 152 38 2]
 P 208627 4703 227605 21321022
PT [1 0 153 38 2]
 P 211768 4775 227624 21442996
PT [1 0 154 37 2]
 P 213493 4775 227627 21561622
PT [1 0 155 37 2]
 P 214778 4847 227646 21683532
PT [1 0 156 37 2]
 P 215106 4919 231046 21803864
PT [1 0 157 38 2]
 P 217056 4919 231049 21922522
PT [1 0 158 38 2]
 P 220070 5262 231068 22045168
PT [1 0 159 38 2]
 P 222469 5262 231071 22163122
PT [1 0 160 38 2]
 P 224654 5334 231089 22285961
PT [1 0 161 39 2]
 P 226989 5334 231093 22403722
PT [1 0 162 39 2]
 P 228749 5334 231096 22524022
PT [1 0 163 39 2]
 P 231639 5406 231118 22646542
PT [1 0 164 39 2]
 P 234360 5406 231121 22764622
PT [1 0 165 39 2]
Warning: data sending process fails.
 P 236388 5471 231243 22886404
PT [1 0 166 40 2]
 P 237509 5471 231246 23005222
PT [1 0 167 40 2]
 P 239985 5543 231265 23127612
PT [1 0 168 40 2]
 P 242291 5543 231268 23245822
PT [1 0 169 40 2]
 P 244598 5543 231271 23366122
PT [1 0 170 40 2]
 P 246906 5543 231274 23486422
PT [1 0 171 40 2]
 P 249213 5543 231277 23606722
PT [1 0 172 40 2]
 P 251713 5543 231280 23727022
PT [1 0 173 40 2]
 P 254132 5615 231298 23849605
PT [1 0 174 42 2]
 P 256312 5615 231302 23967622
PT [1 0 175 42 2]
 P 258349 5687 231321 24089885
PT [1 0 176 43 2]
 P 259698 5687 231324 24208222
PT [1 0 177 43 2]
 P 261734 5759 231342 24329652
PT [1 0 178 43 2]
 P 263788 5759 231345 24448822
PT [1 0 179 43 2]
 P 266272 5831 231364 24570956
PT [1 0 180 43 2]
 P 268583 5831 231367 24689422
PT [1 0 181 43 2]
 P 271086 5831 231370 24809722
PT [1 0 182 43 2]
 P 273270 5831 231373 24930022
PT [1 0 183 43 2]
 P 275309 5903 231392 25052348
PT [1 0 184 44 2]
 P 276661 5903 231395 25170622
PT [1 0 185 44 2]
 P 278703 5975 231413 25292628
PT [1 0 186 44 2]
 P 280760 5975 231416 25411222
PT [1 0 187 44 2]
 P 283009 5975 231420 25531522
PT [1 0 188 44 2]
 P 283075 5975 237383 25655750
PT [1 0 189 44 2]
 P 283403 6047 240783 25773028
PT [1 0 190 45 2]
 P 285366 6047 240786 25892422
PT [1 0 191 45 2]
 P 286931 6119 240806 26015613
PT [1 0 192 46 2]
 P 289342 6119 240810 26133022
PT [1 0 193 46 2]
 P 291658 6119 240813 26253322
PT [1 0 194 46 2]
 P 294166 6119 240816 26373622
PT [1 0 195 46 2]
 P 296355 6119 240819 26493922
PT [1 0 196 46 2]
 P 297342 6119 240829 26616026
PT [1 0 197 46 2]
 P 298699 6119 240832 26734522
PT [1 0 198 46 2]
 P 301166 6191 240850 26857552
PT [1 0 199 48 2]
 P 303484 6191 240853 26975122
PT [1 0 200 48 2]
 P 305803 6191 240856 27095422
PT [1 0 201 48 2]
 P 308122 6191 240859 27215722
PT [1 0 202 48 2]
 P 310441 6191 240862 27336022
PT [1 0 203 48 2]
 P 312761 6191 240865 27456322
PT [1 0 204 48 2]
 P 315081 6191 240868 27576622
PT [1 0 205 48 2]
 P 317401 6191 240872 27696922
PT [1 0 206 48 2]
 P 319722 6191 240875 27817222
PT [1 0 207 48 2]
 P 322043 6191 240878 27937522
PT [1 0 208 48 2]
 P 322370 6263 244279 28060712
PT [1 0 209 50 2]
 P 324693 6263 244282 28178122
PT [1 0 210 50 2]
 P 327015 6263 244286 28298422
PT [1 0 211 50 2]
 P 329338 6263 244289 28418722
PT [1 0 212 50 2]
 P 331661 6263 244292 28539022
PT [1 0 213 50 2]
 P 333985 6263 244295 28659322
PT [1 0 214 50 2]
 P 336309 6263 244298 28779622
PT [1 0 215 50 2]
 P 338825 6263 244301 28899922
PT [1 0 216 50 2]
 P 342006 6335 244319 29022536
PT [1 0 217 52 2]
 P 343980 6335 244322 29140522
PT [1 0 218 52 2]
 P 345308 6407 244341 29262048
PT [1 0 219 52 2]
 P 347730 6407 244344 29381122
PT [1 0 220 52 2]
 P 350787 6479 244362 29503095
PT [1 0 221 53 2]
 P 353146 6479 244365 29621722
PT [1 0 222 53 2]
 P 355374 6551 244384 29743633
PT [1 0 223 53 2]
 P 357157 6551 244388 29862322
PT [1 0 224 53 2]
 P 360089 6894 244406 29983655
PT [1 0 225 54 2]
 P 362417 6894 244409 30102922
PT [1 0 226 54 2]
 P 364938 6894 244412 30223222
PT [1 0 227 54 2]
 P 367139 6894 244415 30343522
PT [1 0 228 54 2]
 P 370267 7236 244435 30465818
PT [1 0 229 56 2]
 P 372597 7236 244438 30584122
PT [1 0 230 56 2]
 P 375119 7236 244441 30704422
PT [1 0 231 56 2]
 P 377927 7578 244462 30827164
PT [1 0 232 55 2]
 P 380130 7578 244465 30945022
PT [1 0 233 55 2]
 P 382108 7923 244483 31067699
PT [1 0 234 56 2]
 P 383480 7923 244486 31185622
PT [1 0 235 56 2]
 P 386162 8265 244505 31307724
PT [1 0 236 56 2]
 P 388239 8265 244508 31426222
PT [1 0 237 56 2]
 P 391116 8607 244528 31549284
PT [1 0 238 57 2]
 P 393385 8607 244531 31666822
PT [1 0 239 57 2]
 P 395627 8880 244541 31787719
PT [1 0 240 57 2]
 P 397961 8880 244544 31907422
PT [1 0 241 57 2]
 P 400487 8880 244548 32027722
PT [1 0 242 57 2]
 P 402215 8952 244567 32150752
PT [1 0 243 58 2]
 P 404550 8952 244570 32268322
PT [1 0 244 58 2]
 P 407078 8952 244573 32388622
PT [1 0 245 58 2]
 P 409513 9295 244591 32510820
PT [1 0 246 59 2]
 P 411721 9295 244594 32629222
PT [1 0 247 59 2]
 P 414348 9637 244614 32752124
PT [1 0 248 59 2]
 P 415725 9637 244617 32869822
PT [1 0 249 59 2]
 P 417807 9637 244620 32990122
PT [1 0 250 59 2]
 P 419892 9979 244641 33113216
PT [1 0 251 60 2]
 P 421878 9979 244644 33230722
PT [1 0 252 60 2]
 P 424415 10322 244662 33353497
PT [1 0 253 61 2]
 P 426851 10322 244665 33471322
PT [1 0 254 61 2]
 P 427180 10394 248065 33593233
PT [1 0 255 61 2]
 P 429552 10394 248068 33711922
PT [1 0 256 61 2]
 P 431162 10736 248089 33833256
PT [1 0 257 61 2]
 P 432959 10736 248092 33952522
PT [1 0 258 61 2]
 P 435716 10736 248095 34072822
PT [1 0 259 61 2]
 P 437007 11078 248116 34195116
PT [1 0 260 62 2]
 P 438165 11078 248119 34313422
PT [1 0 261 62 2]
 P 440675 11422 248137 34436164
PT [1 0 262 62 2]
 P 441769 11422 248141 34554022
PT [1 0 263 62 2]
 P 444982 11764 248160 34676700
PT [1 0 264 63 2]
 P 447549 11764 248163 34794622
PT [1 0 265 63 2]
 P 449029 11764 248166 34914922
PT [1 0 266 63 2]
 P 451126 12106 248184 35037024
PT [1 0 267 64 2]
 P 453054 12106 248188 35155522
PT [1 0 268 64 2]
 P 453121 12106 254150 35279974
PT [1 0 269 64 2]
 P 455666 12448 254169 35398852
PT [1 0 270 64 2]
 P 457660 12448 254172 35516422
PT [1 0 271 64 2]
 P 459654 12448 254175 35636722
PT [1 0 272 64 2]
 P 462096 12448 254178 35757022
PT [1 0 273 64 2]
 P 464581 12791 254197 35879220
PT [1 0 274 65 2]
 P 466929 12791 254200 35997622
PT [1 0 275 65 2]
 P 469469 12791 254203 36117922
PT [1 0 276 65 2]
 P 471380 13134 254222 36240824
PT [1 0 277 66 2]
 P 473600 13134 254225 36358522
PT [1 0 278 66 2]
 P 476210 13405 254236 36481106
PT [1 0 279 66 2]
 P 477483 13748 254254 36601851
PT [1 0 280 67 2]
 P 480741 13820 254273 36720328
PT [1 0 281 67 2]
 P 482367 14162 254293 36842612
PT [1 0 282 67 2]
 P 483675 14504 254311 36962336
PT [1 0 283 67 2]
 P 485674 14504 254314 37080322
PT [1 0 284 67 2]
 P 488198 14846 254334 37201848
PT [1 0 285 68 2]
 P 491426 15188 254353 37322596
PT [1 0 286 68 2]
 P 491492 15188 260316 37445758
PT [1 0 287 68 2]
 P 493124 15260 260335 37562428
PT [1 0 288 69 2]
 P 494755 15603 260353 37684712
PT [1 0 289 69 2]
 P 497204 15603 260356 37802122
PT [1 0 290 69 2]
 P 498200 15874 260368 37924171
PT [1 0 291 69 2]
 P 500729 16216 260387 38045454
PT [1 0 292 70 2]
 P 503962 16559 260405 38164920
PT [1 0 293 70 2]
 P 505340 16901 260426 38285924
PT [1 0 294 70 2]
 P 507457 17243 260444 38406417
PT [1 0 295 70 2]
 P 507523 17243 266407 38527658
PT [1 0 296 70 2]
 P 510088 17585 266427 38646952
PT [1 0 297 71 2]
 P 512589 17928 266446 38766420
PT [1 0 298 71 2]
 P 514461 18000 266466 38885728
PT [1 0 299 71 2]
 P 516099 18342 266487 39008013
PT [1 0 300 71 2]
 P 517419 18684 266505 39127736
PT [1 0 301 72 2]
 P 519425 18684 266508 39245722
PT [1 0 302 72 2]
 P 521962 19028 266528 39367248
PT [1 0 303 72 2]
 P 525202 19370 266548 39487996
PT [1 0 304 72 2]
 P 526590 19713 266566 39608233
PT [1 0 305 73 2]
 P 529704 20055 266587 39727956
PT [1 0 306 73 2]
 P 531826 20399 266607 39849216
PT [1 0 307 73 2]
 P 534282 20399 266610 39967522
PT [1 0 308 73 2]
 P 536856 20741 266630 40090265
PT [1 0 309 74 2]
 P 539365 21083 266650 40210500
PT [1 0 310 74 2]
 P 541299 21426 266669 40330224
PT [1 0 311 74 2]
 P 544194 21769 266689 40451485
PT [1 0 312 74 2]
 P 544205 21769 270081 40570739
PT [1 0 313 74 2]
 P 546599 21769 270084 40689322
PT [1 0 314 74 2]
 P 546925 21841 273485 40810528
PT [1 0 315 75 2]
 P 548328 21841 273488 40929922
PT [1 0 316 75 2]
 P 550458 22184 273506 41053112
PT [1 0 317 75 2]
Warning: data sending process fails.
 P 551998 22520 273629 41172933
PT [1 0 318 76 2]
 P 554010 22520 273632 41290822
PT [1 0 319 76 2]
 P 556374 22520 273636 41411122
PT [1 0 320 76 2]
 P 556440 22520 279599 41536086
PT [1 0 321 76 2]
 P 557662 22863 279619 41654451
PT [1 0 322 77 2]
 P 560101 23205 279638 41773920
PT [1 0 323 77 2]
 P 561933 23548 279658 41894925
PT [1 0 324 77 2]
 P 564491 23548 279662 42012622
PT [1 0 325 77 2]
 P 564819 23620 283062 42134148
PT [1 0 326 78 2]
 P 564885 23620 289025 42258078
PT [1 0 327 78 2]
 P 566431 23962 289046 42376252
PT [1 0 328 78 2]
 P 568590 24232 289056 42495155
PT [1 0 329 78 2]
 P 569556 24503 289066 42616342
PT [1 0 330 78 2]
 P 571968 24845 289087 42737152
PT [1 0 331 79 2]
 P 573985 24845 289090 42854722
PT [1 0 332 79 2]
 P 576002 24845 289094 42975022
PT [1 0 333 79 2]
 P 576329 24917 292494 43098212
PT [1 0 334 80 2]
 P 576656 24989 295894 43217519
PT [1 0 335 80 2]
 P 578497 25061 295913 43338525
PT [1 0 336 81 2]
 P 578825 25133 299314 43457449
PT [1 0 337 80 2]
 P 578890 25133 305276 43581377
PT [1 0 338 80 2]
 P 578901 25133 308668 43697163
PT [1 0 339 80 2]
 P 579228 25205 312069 43818028
PT [1 0 340 81 2]
 P 580528 25277 312088 43940312
PT [1 0 341 81 2]
 P 582901 25277 312091 44057722
PT [1 0 342 81 2]
 P 582966 25277 318053 44181981
PT [1 0 343 81 2]
 P 583293 25349 321454 44299228
PT [1 0 344 82 2]
 P 583620 25421 324855 44421352
PT [1 0 345 82 2]
 P 586484 25421 324864 44538922
PT [1 0 346 82 2]
 P 589051 25421 324867 44659222
PT [1 0 347 82 2]
 P 589051 25421 328257 44779522
PT [1 0 348 82 2]
 P 589051 25421 331647 44899822
PT [1 0 349 82 2]
EMPTY QUEUE
 P 589378 25421 335046 45021778
PT [1 0 350 83 2]
 P 591670 25421 335054 45140422
PT [1 0 351 83 2]
 P 591670 25421 338444 45260722
PT [1 0 352 83 2]
 P 593695 25421 338447 45381022
PT [1 0 353 83 2]
 P 593695 25421 341837 45501322
PT [1 0 354 83 2]
EMPTY QUEUE
 P 594023 25421 345235 45623982
PT [1 0 355 84 2]
 P 595230 25421 345245 45741922
PT [1 0 356 84 2]
 P 595230 25421 348635 45862222
PT [1 0 357 84 2]
 P 595230 25421 352025 45982522
PT [1 0 358 84 2]
 P 597705 25421 352029 46102822
PT [1 0 359 84 2]
EMPTY QUEUE
 P 598031 25421 355427 46225674
PT [1 0 360 86 2]
 P 600490 25421 355435 46343422
PT [1 0 361 86 2]
 P 600490 25421 358825 46463722
PT [1 0 362 86 2]
 P 600490 25421 362215 46584022
PT [1 0 363 86 2]
 P 600490 25421 365605 46704322
PT [1 0 364 86 2]
 P 601912 25421 365608 46824622
PT [1 0 365 86 2]
EMPTY QUEUE
 P 602239 25421 369007 46947154
PT [1 0 366 87 2]
 P 603262 25421 369015 47065222
PT [1 0 367 87 2]
 P 603262 25421 372405 47185522
PT [1 0 368 87 2]
 P 603262 25421 375795 47305822
PT [1 0 369 87 2]
 P 603262 25421 379185 47426122
PT [1 0 370 87 2]
 P 606062 25421 379188 47546422
PT [1 0 371 87 2]
EMPTY QUEUE
 P 606389 25421 382586 47668122
PT [1 0 372 89 2]
 P 608920 25421 382594 47787022
PT [1 0 373 89 2]
 P 608920 25421 385984 47907322
PT [1 0 374 89 2]
 P 608920 25421 389374 48027622
PT [1 0 375 89 2]
 P 608920 25421 392764 48147922
PT [1 0 376 89 2]
 P 610922 25421 392767 48268222
PT [1 0 377 89 2]
EMPTY QUEUE
 P 611249 25421 396166 48390626
PT [1 0 378 90 2]
 P 613624 25421 396174 48508822
PT [1 0 379 90 2]
 P 613624 25421 399564 48629122
PT [1 0 380 90 2]
 P 613624 25421 402954 48749422
PT [1 0 381 90 2]
 P 613624 25421 406344 48869722
PT [1 0 382 90 2]
 P 616237 25421 406347 48990022
PT [1 0 383 90 2]
EMPTY QUEUE
 P 616566 25421 409745 49112619
PT [1 0 384 93 2]
 P 618657 25421 409753 49230622
PT [1 0 385 93 2]
 P 618657 25421 413143 49350922
PT [1 0 386 93 2]
 P 618657 25421 416533 49471222
PT [1 0 387 93 2]
 P 618657 25421 419923 49591522
PT [1 0 388 93 2]
 P 620729 25421 419926 49711822
PT [1 0 389 93 2]
EMPTY QUEUE
 P 621056 25421 423324 49834098
PT [1 0 390 93 2]
 P 622223 25421 423332 49952422
PT [1 0 391 93 2]
 P 622223 25421 426722 50072722
PT [1 0 392 93 2]
 P 622223 25421 430112 50193022
PT [1 0 393 93 2]
 P 622223 25421 433502 50313322
PT [1 0 394 93 2]
EMPTY QUEUE
 P 622551 25421 436901 50434767
PT [1 0 395 94 2]
 P 624593 25421 436904 50553922
PT [1 0 396 94 2]
 P 625732 25421 436912 50674222
PT [1 0 397 94 2]
 P 625732 25421 440302 50794522
PT [1 0 398 94 2]
 P 625732 25421 443692 50914822
PT [1 0 399 94 2]
EMPTY QUEUE
 P 625797 25421 447084 51036702
PT [1 0 400 94 2]
 P 628289 25421 447087 51155422
PT [1 0 401 94 2]
EMPTY QUEUE
 P 629848 25421 447098 51277942
PT [1 0 402 94 2]
EMPTY QUEUE
 P 630175 25421 450497 51396686
PT [1 0 403 96 2]
 P 630175 25421 453887 51516322
PT [1 0 404 96 2]
 P 630175 25421 457277 51636622
PT [1 0 405 96 2]
 P 630175 25421 460667 51756922
PT [1 0 406 96 2]
 P 632606 25421 460670 51877222
PT [1 0 407 96 2]
EMPTY QUEUE
 P 634655 25421 460688 52000170
PT [1 0 408 97 2]
 P 634655 25421 464078 52117822
PT [1 0 409 97 2]
 P 634655 25421 467468 52238122
PT [1 0 410 97 2]
 P 634655 25421 470858 52358422
PT [1 0 411 97 2]
 P 634655 25421 474248 52478722
PT [1 0 412 97 2]
EMPTY QUEUE
 P 634982 25421 477647 52600678
PT [1 0 413 98 2]
 P 636292 25421 477656 52719322
PT [1 0 414 98 2]
 P 638693 25421 477659 52839622
PT [1 0 415 98 2]
 P 638693 25421 481049 52959922
PT [1 0 416 98 2]
 P 638693 25421 484439 53080222
PT [1 0 417 98 2]
EMPTY QUEUE
 P 639021 25421 487838 53202883
PT [1 0 418 99 2]
 P 640815 25421 487846 53320822
PT [1 0 419 99 2]
 P 643314 25421 487849 53441122
PT [1 0 420 99 2]
 P 643314 25421 491239 53561422
PT [1 0 421 99 2]
 P 643314 25421 494629 53681722
PT [1 0 422 99 2]
EMPTY QUEUE
 P 643379 25421 498021 53804306
PT [1 0 423 99 2]
EMPTY QUEUE
 P 645184 25421 498038 53924811
PT [1 0 424 101 2]
 P 647621 25421 498041 54042622
PT [1 0 425 101 2]
 P 647621 25421 501431 54162922
PT [1 0 426 101 2]
 P 647621 25421 504821 54283222
PT [1 0 427 101 2]
 P 647621 25421 508211 54403522
PT [1 0 428 101 2]
EMPTY QUEUE
 P 650645 25421 508228 54525479
PT [1 0 429 103 2]
 P 652509 25421 508231 54644122
PT [1 0 430 103 2]
 P 652509 25421 511621 54764422
PT [1 0 431 103 2]
 P 652509 25421 515011 54884722
PT [1 0 432 103 2]
 P 652509 25421 518401 55005022
PT [1 0 433 103 2]
EMPTY QUEUE
 P 652836 25421 521800 55127394
PT [1 0 434 103 2]
 P 653842 25421 521808 55245622
PT [1 0 435 103 2]
 P 656251 25421 521811 55365922
PT [1 0 436 103 2]
 P 656251 25421 525201 55486222
PT [1 0 437 103 2]
 P 656251 25421 528591 55606522
PT [1 0 438 103 2]
EMPTY QUEUE
 P 656262 25421 531983 55727483
PT [1 0 439 103 2]
EMPTY QUEUE
 P 657822 25421 531999 55849610
PT [1 0 440 105 2]
 P 660329 25421 532002 55967422
PT [1 0 441 105 2]
 P 662740 25421 532005 56087722
PT [1 0 442 105 2]
 P 662740 25421 535395 56208022
PT [1 0 443 105 2]
 P 662740 25421 538785 56328322
PT [1 0 444 105 2]
EMPTY QUEUE
 P 665518 25421 538802 56450278
PT [1 0 445 106 2]
 P 665518 25421 542192 56568922
PT [1 0 446 106 2]
 P 665518 25421 545582 56689222
PT [1 0 447 106 2]
 P 668123 25421 545586 56809522
PT [1 0 448 106 2]
 P 668123 25421 548976 56929822
PT [1 0 449 106 2]
EMPTY QUEUE
 P 669561 25421 548992 57052482
PT [1 0 450 107 2]
 P 669561 25421 552382 57170422
PT [1 0 451 107 2]
 P 669561 25421 555772 57290722
PT [1 0 452 107 2]
 P 669561 25421 559162 57411022
PT [1 0 453 107 2]
 P 671849 25421 559165 57531322
PT [1 0 454 107 2]
EMPTY QUEUE
 P 674148 25421 559176 57653906
PT [1 0 455 107 2]
EMPTY QUEUE
 P 674159 25421 562568 57772263
PT [1 0 456 107 2]
EMPTY QUEUE
 P 674487 25421 565967 57892888
PT [1 0 1 0 2]
 P 674487 25421 569357 58012631
PT [1 0 2 0 2]
 P 674487 25421 572747 58132931
PT [1 0 3 0 2]
 P 676252 25421 572750 58253231
PT [1 0 4 0 2]
 P 677933 25421 572759 58373531
PT [1 0 5 0 2]
EMPTY QUEUE
 P 678261 25421 576157 58496480
PT [1 0 6 1 2]
 P 678261 25421 579547 58614131
PT [1 0 7 1 2]
 P 678261 25421 582937 58734431
PT [1 0 8 1 2]
 P 678261 25421 586327 58854731
PT [1 0 9 1 2]
 P 679146 25421 586335 58975031
PT [1 0 10 1 2]
 P 681106 25421 586338 59095331
PT [1 0 11 1 2]
EMPTY QUEUE
 P 681172 25421 592300 59220006
PT [1 0 12 1 2]
EMPTY QUEUE
 P 681499 25421 595699 59336595
PT [1 0 13 2 2]
 P 681499 25421 599089 59456231
PT [1 0 14 2 2]
 P 683603 25421 599097 59576531
PT [1 0 15 2 2]
 P 683603 25421 602487 59696831
PT [1 0 16 2 2]
 P 686013 25421 602490 59817131
PT [1 0 17 2 2]
EMPTY QUEUE
 P 686078 25421 605882 59939811
PT [1 0 18 2 2]
EMPTY QUEUE
 P 686405 25421 609282 60058396
PT [1 0 19 4 2]
 P 689216 25421 609291 60178031
PT [1 0 20 4 2]
 P 689216 25421 612681 60298331
PT [1 0 21 4 2]
 P 691564 25421 612684 60418631
PT [1 0 22 4 2]
 P 691564 25421 616074 60538931
PT [1 0 23 4 2]
EMPTY QUEUE
 P 691891 25421 619473 60661879
PT [1 0 24 5 2]
 P 692754 25421 619481 60779531
PT [1 0 25 5 2]
 P 695441 25421 619490 60899831
PT [1 0 26 5 2]
 P 697215 25421 619493 61020131
PT [1 0 27 5 2]
 P 697215 25421 622883 61140431
PT [1 0 28 5 2]
EMPTY QUEUE
 P 697541 25421 626282 61263091
PT [1 0 29 6 2]
 P 697541 25421 629672 61381031
PT [1 0 30 6 2]
 P 699816 25421 629680 61501331
PT [1 0 31 6 2]
 P 701784 25421 629683 61621631
PT [1 0 32 6 2]
 P 701784 25421 633073 61741931
PT [1 0 33 6 2]
EMPTY QUEUE
 P 702111 25421 636472 61864783
PT [1 0 34 7 2]
 P 702111 25421 639862 61982531
PT [1 0 35 7 2]
 P 703301 25421 639871 62102831
PT [1 0 36 7 2]
 P 705495 25421 639874 62223131
PT [1 0 37 7 2]
 P 706719 25421 639882 62343431
PT [1 0 38 7 2]
EMPTY QUEUE
 P 706786 25421 645844 62468523
PT [1 0 39 7 2]
EMPTY QUEUE
 P 707113 25421 649242 62584695
PT [1 0 40 9 2]
 P 707113 25421 652632 62704331
PT [1 0 41 9 2]
 P 708477 25421 652635 62824631
PT [1 0 42 9 2]
 P 709384 25421 652643 62944931
PT [1 0 43 9 2]
 P 709384 25421 656033 63065231
PT [1 0 44 9 2]
EMPTY QUEUE
 P 709449 25421 659425 63187911
PT [1 0 45 9 2]
EMPTY QUEUE
 P 709775 25421 662824 63306495
PT [1 0 46 10 2]
 P 711845 25421 662827 63426131
PT [1 0 47 10 2]
 P 713971 25421 662836 63546431
PT [1 0 48 10 2]
 P 713971 25421 666226 63666731
PT [1 0 49 10 2]
 P 715203 25421 666234 63787031
PT [1 0 50 10 2]
EMPTY QUEUE
 P 715214 25421 669626 63909496
PT [1 0 51 10 2]
EMPTY QUEUE
 P 715540 25421 673024 64028295
PT [1 0 52 12 2]
 P 716684 25421 673027 64147931
PT [1 0 53 12 2]
 P 719013 25421 673030 64268231
PT [1 0 54 12 2]
 P 719928 25421 673038 64388531
PT [1 0 55 12 2]
 P 719928 25421 676428 64508831
PT [1 0 56 12 2]
EMPTY QUEUE
 P 720256 25421 679826 64631780
PT [1 0 57 13 2]
 P 720256 25421 683216 64749431
PT [1 0 58 13 2]
 P 720256 25421 686606 64869731
PT [1 0 59 13 2]
 P 721783 25421 686614 64990031
PT [1 0 60 13 2]
 P 723762 25421 686617 65110331
PT [1 0 61 13 2]
EMPTY QUEUE
 P 724089 25421 690016 65232703
PT [1 0 62 14 2]
 P 724089 25421 693406 65350931
PT [1 0 63 14 2]
 P 724089 25421 696796 65471231
PT [1 0 64 14 2]
 P 725075 25421 696804 65591531
PT [1 0 65 14 2]
 P 727504 25421 696807 65711831
PT [1 0 66 14 2]
EMPTY QUEUE
 P 727830 25421 700206 65833115
PT [1 0 67 15 2]
 P 727830 25421 703596 65952431
PT [1 0 68 15 2]
 P 727830 25421 706986 66072731
PT [1 0 69 15 2]
 P 730548 25421 706995 66193031
PT [1 0 70 15 2]
 P 731739 25421 707003 66313331
PT [1 0 71 15 2]
 P 734106 25421 707006 66433631
PT [1 0 72 15 2]
EMPTY QUEUE
 P 736161 25421 707023 66556420
PT [1 0 73 17 2]
 P 736161 25421 710413 66674231
PT [1 0 74 17 2]
 P 736161 25421 713803 66794531
PT [1 0 75 17 2]
 P 736161 25421 717193 66914831
PT [1 0 76 17 2]
 P 736161 25421 720583 67035131
PT [1 0 77 17 2]
 P 737954 25421 720586 67155431
PT [1 0 78 17 2]
EMPTY QUEUE
 P 739212 25421 720604 67277387
PT [1 0 79 18 2]
 P 739212 25421 723994 67396031
PT [1 0 80 18 2]
 P 739212 25421 727384 67516331
PT [1 0 81 18 2]
 P 739212 25421 730774 67636631
PT [1 0 82 18 2]
 P 741967 25421 730777 67756931
PT [1 0 83 18 2]
EMPTY QUEUE
 P 743837 25421 730794 67879591
PT [1 0 84 19 2]
 P 743837 25421 734184 67997531
PT [1 0 85 19 2]
 P 743837 25421 737574 68117831
PT [1 0 86 19 2]
 P 743837 25421 740964 68238131
PT [1 0 87 19 2]
 P 744994 25421 740967 68358431
PT [1 0 88 19 2]
EMPTY QUEUE
 P 747826 25421 740984 68481283
PT [1 0 89 20 2]
 P 747826 25421 744374 68599031
PT [1 0 90 20 2]
 P 747826 25421 747764 68719331
PT [1 0 91 20 2]
 P 747826 25421 751154 68839631
PT [1 0 92 20 2]
 P 748921 25421 751157 68959931
PT [1 0 93 20 2]
EMPTY QUEUE
 P 750159 25421 751173 69082463
PT [1 0 94 21 2]
 P 750159 25421 754563 69200531
PT [1 0 95 21 2]
 P 750159 25421 757953 69320831
PT [1 0 96 21 2]
 P 750159 25421 761343 69441131
PT [1 0 97 21 2]
 P 752728 25421 761346 69561431
PT [1 0 98 21 2]
EMPTY QUEUE
 P 755953 25421 761362 69683132
PT [1 0 99 23 2]
 P 755953 25421 764752 69802031
PT [1 0 100 23 2]
 P 755953 25421 768142 69922331
PT [1 0 101 23 2]
 P 755953 25421 771532 70042631
PT [1 0 102 23 2]
 P 755953 25421 774922 70162931
PT [1 0 103 23 2]
 P 757980 25421 774925 70283231
PT [1 0 104 23 2]
EMPTY QUEUE
 P 760055 25421 774942 70405635
PT [1 0 105 24 2]
 P 760055 25421 778332 70523831
PT [1 0 106 24 2]
 P 760055 25421 781722 70644131
PT [1 0 107 24 2]
 P 760055 25421 785112 70764431
PT [1 0 108 24 2]
 P 760055 25421 788502 70884731
PT [1 0 109 24 2]
EMPTY QUEUE
 P 761335 25421 788520 71007327
PT [1 0 110 25 2]
 P 763685 25421 788523 71125331
PT [1 0 111 25 2]
 P 763685 25421 791913 71245631
PT [1 0 112 25 2]
 P 763685 25421 795303 71365931
PT [1 0 113 25 2]
 P 763685 25421 798693 71486231
PT [1 0 114 25 2]
EMPTY QUEUE
 P 765578 25421 798709 71608507
PT [1 0 115 26 2]
 P 768026 25421 798712 71726831
PT [1 0 116 26 2]
 P 770378 25421 798715 71847131
PT [1 0 117 26 2]
 P 770378 25421 802105 71967431
PT [1 0 118 26 2]
 P 770378 25421 805495 72087731
PT [1 0 119 26 2]
EMPTY QUEUE
 P 773233 25421 805512 72209177
PT [1 0 120 28 2]
 P 773233 25421 808902 72328331
PT [1 0 121 28 2]
 P 775683 25421 808905 72448631
PT [1 0 122 28 2]
 P 775683 25421 812295 72568931
PT [1 0 123 28 2]
 P 775683 25421 815685 72689231
PT [1 0 124 28 2]
EMPTY QUEUE
 P 775694 25421 819077 72810768
PT [1 0 125 28 2]
EMPTY QUEUE
 P 778776 25421 819094 72932319
PT [1 0 126 29 2]
 P 778776 25421 822484 73050131
PT [1 0 127 29 2]
 P 780780 25421 822488 73170431
PT [1 0 128 29 2]
 P 780780 25421 825878 73290731
PT [1 0 129 29 2]
 P 780780 25421 829268 73411031
PT [1 0 130 29 2]
EMPTY QUEUE
 P 783034 25421 829285 73532987
PT [1 0 131 30 2]
 P 783034 25421 832675 73651631
PT [1 0 132 30 2]
 P 783034 25421 836065 73771931
PT [1 0 133 30 2]
 P 785489 25421 836068 73892231
PT [1 0 134 30 2]
 P 787496 25421 836071 74012531
PT [1 0 135 30 2]
EMPTY QUEUE
 P 789082 25421 836088 74133496
PT [1 0 136 31 2]
 P 790853 25421 836096 74253131
PT [1 0 137 31 2]
 P 790853 25421 839486 74373431
PT [1 0 138 31 2]
 P 790853 25421 842876 74493731
PT [1 0 139 31 2]
 P 793310 25421 842879 74614031
PT [1 0 140 31 2]
 P 795319 25421 842882 74734331
PT [1 0 141 31 2]
EMPTY QUEUE
 P 796620 25421 842898 74856287
PT [1 0 142 33 2]
 P 796620 25421 846288 74974931
PT [1 0 143 33 2]
 P 796620 25421 849678 75095231
PT [1 0 144 33 2]
 P 796620 25421 853068 75215531
PT [1 0 145 33 2]
 P 799079 25421 853071 75335831
PT [1 0 146 33 2]
EMPTY QUEUE
 P 799405 25421 856470 75458203
PT [1 0 147 34 2]
 P 800991 25421 856478 75576431
PT [1 0 148 34 2]
 P 800991 25421 859868 75696731
PT [1 0 149 34 2]
 P 800991 25421 863258 75817031
PT [1 0 150 34 2]
 P 800991 25421 866648 75937331
PT [1 0 151 34 2]
 P 802396 25421 866652 76057631
PT [1 0 152 34 2]
EMPTY QUEUE
 P 802723 25421 870051 76178915
PT [1 0 153 35 2]
 P 803769 25421 870059 76298231
PT [1 0 154 35 2]
 P 803769 25421 873449 76418531
PT [1 0 155 35 2]
 P 803769 25421 876839 76538831
PT [1 0 156 35 2]
 P 803769 25421 880229 76659131
PT [1 0 157 35 2]
 P 806553 25421 880232 76779431
PT [1 0 158 35 2]
EMPTY QUEUE
 P 806618 25421 883624 76900895
PT [1 0 159 35 2]
EMPTY QUEUE
 P 809883 25421 883641 77022519
PT [1 0 160 37 2]
 P 809883 25421 887031 77140331
PT [1 0 161 37 2]
 P 809883 25421 890421 77260631
PT [1 0 162 37 2]
 P 809883 25421 893811 77380931
PT [1 0 163 37 2]
 P 811869 25421 893814 77501231
PT [1 0 164 37 2]
EMPTY QUEUE
 P 812196 25421 897213 77624179
PT [1 0 165 38 2]
 P 814850 25421 897222 77741831
PT [1 0 166 38 2]
 P 814850 25421 900612 77862131
PT [1 0 167 38 2]
 P 814850 25421 904002 77982431
PT [1 0 168 38 2]
 P 814850 25421 907392 78102731
PT [1 0 169 38 2]
 P 817448 25421 907395 78223031
PT [1 0 170 38 2]
EMPTY QUEUE
 P 817776 25421 910793 78345404
PT [1 0 171 40 2]
 P 819506 25421 910802 78463631
PT [1 0 172 40 2]
 P 819506 25421 914192 78583931
PT [1 0 173 40 2]
