using saved target 'z1'
../../../../contiki/tools/sky/serialdump-linux -b115200 /dev/ttyUSB4
connecting to /dev/ttyUSB4 (115200) [OK]
Rime started with address 5.0
MAC 05:00:00:00:00:00:00:00 Ref ID: 4841
Contiki-3.x-2125-g5d67a61 started. Node id is set to 5.

************************************************
RTIMER_SECOND = 32768. F_CPU=8000000.
CLOCK_SECOND=128.
DURSLOT = 6015.(0.1835 s).
DURSLEEP = 66165.
DURCYCLE = 72180 .(2.2027 s).
MAX_CLOCK_DRIFT = WAKEUP_ADVANCE_TIME = 327 (0.0033 s).
PERIODIC_BCAST_CYCLES_SENSOR = 196611.
PERIODIC_BCAST_CYCLES_SINK = 196611.
MAX_CYCLE_COUNTER = 27904.
MAX_COUNT_NO_RTS_CTS = 65535.
MAX_CHILD_NUM = 10.
MAX_TRY_TO_FIND_PARENT = 3.

**********Below is Related Settings**********
PRIMAC_CONF_COMPOWER = 1.
PRIMAC_CONF_COMPOWER_SUPPORT = 1.
SF = 10.
PRI_SYNC_SUPPORT = 1.
RANDOM_DRIFT_IN_COOJA_SUPPORT = 0.
ADCSC_SUPPORT = 1.
DATA_TX_SUPPORT = 1.
CYCLES_PER_PACKET = 4.
DATA_INTERVAL = 5.
RETX_LIMIT = 6.
TOTAL_DATA_NUM = 50.
MAX_DATA_QUEUE_BUFS = 10.
PROC_GRADE_BASED_ON_ADDR_SUPPORT = 1.
NODES_NUM_PER_GRADE = 2.
ADDRESS_FREE_SUPPORT = 0.
IS_COOJA_SIM = 0.
CROSS_PLATFORM_SUPPORT = 1.
************************************************

My address is 5.0.
nullmac PRIMAC, channel check rate 8 Hz, radio channel 26
Starting
Hello, world
 P 0 0 0 2140072
 P 0 0 3390 2212252
 P 0 0 6841 2284855
 P 0 0 10231 2356612
 P 0 0 13621 2428792
 P 0 0 17011 2500972
 P 0 0 20401 2573152
EMPTY QUEUE
 P 427 0 23800 2647344
PT [3 0 1 -9 1]
 P 427 0 27190 2717512
PT [3 0 2 -9 1]
 P 427 0 30580 2789692
PT [3 0 3 -9 1]
 P 3176 0 31221 2861872
PT [3 0 4 -9 1]
 P 5593 0 32194 2934052
PT [3 0 5 -9 1]
EMPTY QUEUE
 P 6181 0 35592 3007796
PT [3 0 6 -11 1]
 P 6181 0 38982 3078412
PT [3 0 7 -11 1]
 P 6181 0 42372 3150592
PT [3 0 8 -11 1]
 P 7159 0 42376 3222772
PT [3 0 9 -11 1]
rcv bro rts
 P 8506 0 42416 3294952
PT [3 0 10 -11 1]
EMPTY QUEUE
 P 8575 0 48378 3371702
PT [3 0 11 -11 1]
EMPTY QUEUE
 P 9131 0 51777 3441037
PT [3 0 12 -13 1]
 P 9131 0 55167 3511492
PT [3 0 13 -13 1]
 P 10467 0 55170 3583672
PT [3 0 14 -13 1]
 P 11913 0 55178 3655852
PT [3 0 15 -13 1]
 P 11913 0 58568 3728032
PT [3 0 16 -13 1]
EMPTY QUEUE
 P 12405 0 61967 3802321
PT [3 0 17 -15 1]
 P 12405 0 65357 3872392
PT [3 0 18 -15 1]
 P 14620 0 65360 3944572
PT [3 0 19 -15 1]
 P 16934 0 65368 4016752
PT [3 0 20 -15 1]
 P 16934 0 68758 4088932
PT [3 0 21 -15 1]
EMPTY QUEUE
 P 17426 0 72157 4163157
PT [3 0 22 -17 1]
 P 17426 0 75547 4233292
PT [3 0 23 -17 1]
 P 18757 0 75550 4305472
PT [3 0 24 -17 1]
 P 19674 0 75558 4377652
PT [3 0 25 -17 1]
 P 19674 0 78948 4449832
PT [3 0 26 -17 1]
EMPTY QUEUE
 P 20198 0 82347 4523513
PT [3 0 27 -19 1]
 P 20198 0 85737 4594192
PT [3 0 28 -19 1]
 P 22858 0 85740 4666372
PT [3 0 29 -19 1]
 P 24472 0 85748 4738552
PT [3 0 30 -19 1]
 P 24472 0 89138 4810732
PT [3 0 31 -19 1]
EMPTY QUEUE
 P 24996 0 92537 4885373
PT [3 0 32 -21 1]
 P 24996 0 95927 4955092
PT [3 0 33 -21 1]
 P 27536 0 95930 5027272
PT [3 0 34 -21 1]
 P 27536 0 99320 5099452
PT [3 0 35 -21 1]
 P 28855 0 99329 5171632
PT [3 0 36 -21 1]
EMPTY QUEUE
 P 29379 0 102728 5244673
PT [3 0 37 -23 1]
 P 29379 0 106118 5315992
PT [3 0 38 -23 1]
 P 32133 0 106121 5388172
PT [3 0 39 -23 1]
 P 32133 0 109511 5460352
PT [3 0 40 -23 1]
 P 33523 0 109519 5532532
PT [3 0 41 -23 1]
EMPTY QUEUE
 P 34015 0 112917 5607525
PT [3 0 42 -25 1]
 P 34015 0 116307 5676892
PT [3 0 43 -25 1]
 P 34801 0 116310 5749072
PT [3 0 44 -25 1]
 P 34801 0 119700 5821252
PT [3 0 45 -25 1]
 P 34801 0 123090 5893432
PT [3 0 46 -25 1]
EMPTY QUEUE
 P 36675 0 123106 5967913
PT [3 0 47 -27 1]
 P 36675 0 126496 6037792
PT [3 0 48 -27 1]
 P 38407 0 126499 6109972
PT [3 0 49 -27 1]
 P 38407 0 129889 6182152
PT [3 0 50 -27 1]
 P 38407 0 133279 6254332
PT [3 0 51 -27 1]
EMPTY QUEUE
 P 40289 0 133296 6327661
PT [3 0 52 -29 1]
 P 40289 0 136686 6398692
PT [3 0 53 -29 1]
 P 42474 0 136689 6470872
PT [3 0 54 -29 1]
 P 42474 0 140079 6543052
PT [3 0 55 -29 1]
 P 42474 0 143469 6615232
PT [3 0 56 -29 1]
EMPTY QUEUE
 P 44903 0 143486 6689010
PT [3 0 57 -31 1]
 P 44903 0 146876 6759592
PT [3 0 58 -31 1]
 P 47556 0 146879 6831772
PT [3 0 59 -31 1]
 P 47556 0 150269 6903952
PT [3 0 60 -31 1]
 P 47556 0 153659 6976132
PT [3 0 61 -31 1]
EMPTY QUEUE
 P 50100 0 156239 7051986
PT [3 0 62 -31 1]
EMPTY QUEUE
 P 50720 0 159638 7122281
PT [3 0 63 -34 1]
 P 52775 0 159641 7192672
PT [3 0 64 -34 1]
 P 52775 0 163031 7264852
PT [3 0 65 -34 1]
 P 52775 0 166421 7337032
PT [3 0 66 -34 1]
 P 54042 0 166430 7409212
PT [3 0 67 -34 1]
EMPTY QUEUE
 P 54630 0 169829 7483597
PT [3 0 68 -36 1]
 P 55817 0 169832 7553572
PT [3 0 69 -36 1]
 P 55817 0 173222 7625752
PT [3 0 70 -36 1]
 P 55817 0 176612 7697932
PT [3 0 71 -36 1]
 P 55817 0 180002 7770112
PT [3 0 72 -36 1]
EMPTY QUEUE
 P 57784 0 180019 7844434
PT [3 0 73 -38 1]
 P 60316 0 180022 7914472
PT [3 0 74 -38 1]
 P 60316 0 183412 7986652
PT [3 0 75 -38 1]
 P 60316 0 186802 8058832
PT [3 0 76 -38 1]
 P 60316 0 190192 8131012
PT [3 0 77 -38 1]
EMPTY QUEUE
 P 62158 0 190210 8204693
PT [3 0 78 -40 1]
 P 63884 0 190213 8275372
PT [3 0 79 -40 1]
 P 63884 0 193603 8347552
PT [3 0 80 -40 1]
 P 63884 0 196993 8419732
PT [3 0 81 -40 1]
 P 63884 0 200383 8491912
PT [3 0 82 -40 1]
EMPTY QUEUE
 P 66436 0 200401 8566586
PT [3 0 83 -42 1]
 P 68106 0 200404 8636272
PT [3 0 84 -42 1]
 P 68106 0 203794 8708452
PT [3 0 85 -42 1]
 P 68106 0 207184 8780632
PT [3 0 86 -42 1]
 P 68106 0 210574 8852812
PT [3 0 87 -42 1]
EMPTY QUEUE
 P 71076 0 210591 8925885
PT [3 0 88 -44 1]
 P 72609 0 210594 8997172
PT [3 0 89 -44 1]
 P 72609 0 213984 9069352
PT [3 0 90 -44 1]
 P 72609 0 217374 9141532
PT [3 0 91 -44 1]
 P 72609 0 220764 9213712
PT [3 0 92 -44 1]
EMPTY QUEUE
 P 74556 0 220782 9288833
PT [3 0 93 -46 1]
 P 75938 0 220785 9358072
PT [3 0 94 -46 1]
 P 75938 0 224175 9430252
PT [3 0 95 -46 1]
 P 75938 0 227565 9502432
PT [3 0 96 -46 1]
 P 75938 0 230955 9574612
PT [3 0 97 -46 1]
EMPTY QUEUE
 P 77826 0 230972 9649093
PT [3 0 98 -48 1]
 P 78943 0 230975 9718972
PT [3 0 99 -48 1]
 P 78943 0 234365 9791152
PT [3 0 100 -48 1]
 P 78943 0 237755 9863332
PT [3 0 101 -48 1]
 P 78943 0 241145 9935512
PT [3 0 102 -48 1]
EMPTY QUEUE
 P 81016 0 241162 10008873
PT [3 0 103 -50 1]
 P 83128 0 241165 10079872
PT [3 0 104 -50 1]
 P 83128 0 244555 10152052
PT [3 0 105 -50 1]
 P 83128 0 247945 10224232
PT [3 0 106 -50 1]
 P 83128 0 251335 10296412
PT [3 0 107 -50 1]
EMPTY QUEUE
 P 85907 0 251353 10370221
PT [3 0 108 -52 1]
 P 88647 0 251356 10440772
PT [3 0 109 -52 1]
 P 88647 0 254746 10512952
PT [3 0 110 -52 1]
 P 88647 0 258136 10585132
PT [3 0 111 -52 1]
 P 88647 0 261526 10657312
PT [3 0 112 -52 1]
EMPTY QUEUE
 P 89635 0 261536 10730538
PT [3 0 113 -52 1]
 P 90440 0 261539 10801672
PT [3 0 114 -52 1]
EMPTY QUEUE
 P 91060 0 264938 10875641
PT [3 0 115 -55 1]
 P 91060 0 268328 10946032
PT [3 0 116 -55 1]
 P 91060 0 271718 11018212
PT [3 0 117 -55 1]
 P 92615 0 271726 11090392
PT [3 0 118 -55 1]
 P 95226 0 271729 11162572
PT [3 0 119 -55 1]
EMPTY QUEUE
 P 95814 0 275128 11236957
PT [3 0 120 -57 1]
 P 95814 0 278518 11306932
PT [3 0 121 -57 1]
 P 95814 0 281908 11379112
PT [3 0 122 -57 1]
 P 97014 0 281916 11451292
PT [3 0 123 -57 1]
 P 98613 0 281919 11523472
PT [3 0 124 -57 1]
EMPTY QUEUE
 P 99201 0 285318 11597793
PT [3 0 125 -59 1]
 P 99201 0 288708 11667832
PT [3 0 126 -59 1]
 P 99201 0 292098 11740012
PT [3 0 127 -59 1]
 P 100214 0 292106 11812192
PT [3 0 128 -59 1]
 P 101421 0 292109 11884372
PT [3 0 129 -59 1]
EMPTY QUEUE
 P 101700 0 297861 11960162
PT [3 0 130 -59 1]
 P 102320 72 301261 12030763
PT [3 0 131 -61 1]
 P 102320 72 304651 12100912
PT [3 0 132 -61 1]
 P 105094 144 304670 12175539
PT [3 0 133 -62 1]
 P 106850 144 304673 12245272
PT [3 0 134 -62 1]
 P 107406 216 308074 12318619
PT [3 0 135 -63 1]
 P 107406 216 311464 12389632
PT [3 0 136 -63 1]
 P 107871 216 314859 12463827
PT [3 0 137 -63 1]
 P 109152 288 314877 12535415
PT [3 0 138 -64 1]
 P 110357 288 314880 12606172
PT [3 0 139 -64 1]
 P 110849 360 318281 12680703
PT [3 0 140 -65 1]
 P 110849 360 321671 12750532
PT [3 0 141 -65 1]
 P 111437 432 325072 12823911
PT [3 0 142 -66 1]
 P 112319 432 325080 12894892
PT [3 0 143 -66 1]
 P 113372 432 325083 12967072
PT [3 0 144 -66 1]
 P 113928 504 328484 13041635
PT [3 0 145 -67 1]
 P 114420 576 331884 13113142
PT [3 0 146 -67 1]
 P 114420 576 335274 13183612
PT [3 0 147 -67 1]
 P 116356 576 335283 13255792
PT [3 0 148 -67 1]
 P 118578 576 335286 13327972
PT [3 0 149 -67 1]
 P 120775 648 335305 13402056
PT [3 0 150 -69 1]
 P 121540 648 335308 13472332
PT [3 0 151 -69 1]
 P 123528 1003 335327 13546959
PT [3 0 152 -70 1]
 P 125995 1431 335356 13619011
PT [3 0 153 -70 1]
 P 127216 1503 335369 13688872
PT [3 0 154 -70 1]
 P 128875 1503 335372 13761052
PT [3 0 155 -70 1]
 P 130845 1859 335390 13836030
PT [3 0 156 -72 1]
 P 132739 1931 335409 13905412
PT [3 0 157 -72 1]
 P 134013 1931 335413 13977592
PT [3 0 158 -72 1]
 P 135928 2286 335432 14052827
PT [3 0 159 -73 1]
 P 139169 2358 335446 14121952
PT [3 0 160 -73 1]
 P 141060 2713 335465 14196898
PT [3 0 161 -74 1]
 P 142366 2785 335478 14266312
PT [3 0 162 -74 1]
 P 143932 2785 335481 14338492
PT [3 0 163 -74 1]
 P 145135 2785 335484 14410672
PT [3 0 164 -74 1]
 P 146976 3140 335503 14484691
PT [3 0 165 -75 1]
 P 150012 3639 335543 14556294
PT [3 0 166 -75 1]
 P 150819 3639 335546 14627212
PT [3 0 167 -75 1]
 P 152443 3639 335549 14699392
PT [3 0 168 -75 1]
 P 153924 3921 338130 14775630
PT [3 0 169 -75 1]
 P 153993 4027 341522 14845090
PT [3 0 170 -75 1]
 P 155231 4027 341525 14915932
PT [3 0 171 -75 1]
 P 157226 4382 341545 14989663
PT [3 0 172 -78 1]
 P 160256 4881 341585 15062610
PT [3 0 173 -78 1]
 P 162125 5025 341609 15132472
PT [3 0 174 -79 1]
 P 162423 5025 345004 15206884
PT [3 0 175 -79 1]
 P 164067 5025 345007 15276832
PT [3 0 176 -79 1]
 P 165936 5379 345027 15350499
PT [3 0 177 -80 1]
 P 168190 5523 345051 15421192
PT [3 0 178 -80 1]
 P 170138 5878 345070 15495723
PT [3 0 179 -81 1]
 P 170731 5950 351043 15570474
PT [3 0 180 -81 1]
 P 172142 6233 351054 15638426
PT [3 0 181 -81 1]
 P 172888 6233 351057 15709912
PT [3 0 182 -81 1]
 P 173380 6305 354457 15783994
PT [3 0 183 -83 1]
 P 176012 6449 354481 15854272
PT [3 0 184 -83 1]
 P 177832 6521 354499 15928387
PT [3 0 185 -83 1]
 P 179124 6521 354503 15998632
PT [3 0 186 -83 1]
 P 181037 6875 354524 16073259
PT [3 0 187 -84 1]
 P 183237 7303 357942 16142992
PT [3 0 188 -84 1]
 P 185530 7303 358884 16215172
PT [3 0 189 -84 1]
 P 186298 7303 358887 16287352
PT [3 0 190 -84 1]
 P 187882 7303 358890 16359532
PT [3 0 191 -84 1]
 P 189756 7375 360112 16434383
PT [3 0 192 -86 1]
 P 193077 8013 366102 16505378
PT [3 0 193 -87 1]
 P 195421 8157 366127 16576072
PT [3 0 194 -87 1]
 P 196829 8440 368708 16652470
PT [3 0 195 -87 1]
 P 198759 8795 368728 16721856
PT [3 0 196 -88 1]
 P 200607 8939 368754 16792612
PT [3 0 197 -88 1]
 P 201227 9011 372154 16867206
PT [3 0 198 -88 1]
 P 202832 9011 372158 16936972
PT [3 0 199 -88 1]
 P 204288 9295 374740 17012762
PT [3 0 200 -88 1]
 P 205520 9295 374743 17081332
PT [3 0 201 -88 1]
 P 207503 9650 374762 17155063
PT [3 0 202 -90 1]
 P 208781 9794 380744 17227723
PT [3 0 203 -91 1]
 P 211818 10293 380787 17300191
PT [3 0 204 -91 1]
 P 212526 10293 380790 17370052
PT [3 0 205 -91 1]
 P 213018 10365 384191 17444551
PT [3 0 206 -92 1]
 P 214657 10365 384194 17514412
PT [3 0 207 -92 1]
 P 216679 10720 384214 17589743
PT [3 0 208 -93 1]
 P 218500 10792 384229 17658772
PT [3 0 209 -93 1]
 P 220370 11147 384248 17732024
PT [3 0 210 -93 1]
 P 220928 11219 387648 17803132
PT [3 0 211 -92 1]
 P 222771 11574 387669 17877375
PT [3 0 212 -94 1]
 P 224068 11646 387682 17947492
PT [3 0 213 -94 1]
 P 225625 11646 387685 18019672
PT [3 0 214 -94 1]
 P 226820 11646 387688 18091852
PT [3 0 215 -94 1]
 P 228711 12002 387709 18165521
PT [3 0 216 -95 1]
 P 231784 12501 387749 18238051
PT [3 0 217 -96 1]
 P 232581 12501 387752 18308392
PT [3 0 218 -96 1]
 P 234194 12501 387755 18380572
PT [3 0 219 -96 1]
 P 236030 12573 387774 18454654
PT [3 0 220 -98 1]
 P 238005 12929 387793 18527379
PT [3 0 221 -98 1]
 P 239789 13001 387807 18597112
PT [3 0 222 -98 1]
 P 241706 13356 387827 18671675
PT [3 0 223 -99 1]
 P 244344 13356 387830 18741472
PT [3 0 224 -99 1]
 P 246206 13711 387849 18816708
PT [3 0 225 -100 1]
 P 247433 13783 387863 18885832
PT [3 0 226 -100 1]
 P 249414 14138 387881 18959146
PT [3 0 227 -100 1]
 P 250232 14138 387886 19030192
PT [3 0 228 -100 1]
 P 250756 14210 391287 19104307
PT [3 0 229 -101 1]
 P 252988 14282 391300 19174552
PT [3 0 230 -101 1]
 P 254856 14638 391320 19247835
PT [3 0 231 -102 1]
 P 256681 14710 391334 19318912
PT [3 0 232 -102 1]
 P 258620 15066 391353 19392899
PT [3 0 233 -103 1]
 P 260578 15138 391372 19463272
PT [3 0 234 -103 1]
 P 263214 15138 391376 19535452
PT [3 0 235 -103 1]
 P 264564 15138 391379 19607632
PT [3 0 236 -103 1]
 P 265571 15138 391382 19679812
PT [3 0 237 -103 1]
 P 267590 15493 391402 19753191
PT [3 0 238 -105 1]
 P 268732 15776 394804 19825346
PT [3 0 239 -105 1]
 P 270119 15776 394807 19896352
PT [3 0 240 -105 1]
 P 272065 16131 394828 19970053
PT [3 0 241 -106 1]
 P 275273 16275 394852 20040712
PT [3 0 242 -106 1]
 P 277160 16630 394872 20115275
PT [3 0 243 -105 1]
 P 278622 16774 398290 20187291
PT [3 0 244 -105 1]
 P 279920 16774 398293 20257252
PT [3 0 245 -105 1]
 P 282481 16774 398296 20329432
PT [3 0 246 -105 1]
 P 284469 17129 398315 20403130
PT [3 0 247 -107 1]
 P 287418 17556 398349 20473792
PT [3 0 248 -107 1]
 P 287418 17556 401739 20545972
PT [3 0 249 -107 1]
 P 289025 17556 401742 20618152
PT [3 0 250 -107 1]
 P 290862 17910 401763 20692043
PT [3 0 251 -108 1]
 P 292095 17910 401766 20762512
PT [3 0 252 -108 1]
 P 293941 18265 401785 20837396
PT [3 0 253 -108 1]
 P 293941 18265 405175 20906872
PT [3 0 254 -108 1]
 P 296573 18265 405178 20979052
PT [3 0 255 -108 1]
 P 297919 18265 405181 21051232
PT [3 0 256 -108 1]
 P 298616 18265 405184 21123412
PT [3 0 257 -108 1]
 P 300256 18265 405187 21195592
PT [3 0 258 -108 1]
 P 302154 18620 405206 21268874
PT [3 0 1 0 1]
 P 303532 18620 408599 21339841
PT [3 0 2 0 1]
 P 305511 18975 408617 21415109
PT [3 0 3 -1 1]
 P 307123 19330 412026 21486679
PT [3 0 4 -2 1]
 P 309740 19685 412045 21557868
PT [3 0 5 -2 1]
 P 310593 19685 412049 21628561
PT [3 0 6 -2 1]
 P 312262 19685 412053 21700741
PT [3 0 7 -2 1]
 P 314237 20040 412073 21774857
PT [3 0 8 -3 1]
 P 314237 20040 415463 21845101
PT [3 0 9 -3 1]
 P 315522 20040 415466 21917281
PT [3 0 10 -3 1]
 P 317396 20395 415485 21991267
PT [3 0 11 -4 1]
 P 319289 20750 415504 22062904
PT [3 0 12 -5 1]
 P 320187 20750 415507 22133821
PT [3 0 13 -5 1]
 P 320187 20750 418897 22206001
PT [3 0 14 -5 1]
 P 321890 20750 418900 22278181
PT [3 0 15 -5 1]
 P 323847 21105 418918 22352583
PT [3 0 16 -7 1]
 P 325855 21460 418937 22425276
PT [3 0 17 -7 1]
 P 326695 21460 418940 22494721
PT [3 0 18 -7 1]
 P 326695 21460 422330 22566901
PT [3 0 19 -7 1]
 P 326695 21460 425720 22639081
PT [3 0 20 -7 1]
 P 326695 21460 429110 22711261
PT [3 0 21 -7 1]
EMPTY QUEUE
 P 329185 21460 429127 22785807
PT [3 0 22 -9 1]
 P 330797 21460 429130 22855621
PT [3 0 23 -9 1]
 P 330797 21460 432520 22927801
PT [3 0 24 -9 1]
 P 330797 21460 435910 22999981
PT [3 0 25 -9 1]
 P 330797 21460 439300 23072161
PT [3 0 26 -9 1]
EMPTY QUEUE
 P 333795 21460 439318 23146098
PT [3 0 27 -11 1]
 P 335148 21460 439322 23216521
PT [3 0 28 -11 1]
 P 335148 21460 442712 23288701
PT [3 0 29 -11 1]
 P 335148 21460 446102 23360881
PT [3 0 30 -11 1]
 P 335148 21460 449492 23433061
PT [3 0 31 -11 1]
EMPTY QUEUE
 P 336940 21460 449510 23507958
PT [3 0 32 -13 1]
 P 339670 21460 449513 23577421
PT [3 0 33 -13 1]
 P 339670 21460 452903 23649601
PT [3 0 34 -13 1]
 P 339670 21460 456293 23721781
PT [3 0 35 -13 1]
 P 339670 21460 459683 23793961
PT [3 0 36 -13 1]
EMPTY QUEUE
 P 341680 21460 459700 23867354
PT [3 0 37 -15 1]
 P 343190 21460 459703 23938321
PT [3 0 38 -15 1]
 P 343190 21460 463093 24010501
PT [3 0 39 -15 1]
 P 343190 21460 466483 24082681
PT [3 0 40 -15 1]
 P 343190 21460 469873 24154861
PT [3 0 41 -15 1]
EMPTY QUEUE
 P 345268 21460 469891 24228798
PT [3 0 42 -17 1]
 P 346276 21460 469894 24299221
PT [3 0 43 -17 1]
 P 347581 21460 469903 24371401
PT [3 0 44 -17 1]
 P 347581 21460 473293 24443581
PT [3 0 45 -17 1]
 P 347581 21460 476683 24515761
PT [3 0 46 -17 1]
EMPTY QUEUE
 P 348169 21460 480082 24590146
PT [3 0 47 -19 1]
 P 349645 21460 480085 24660121
PT [3 0 48 -19 1]
 P 351036 21460 480093 24732301
PT [3 0 49 -19 1]
 P 351036 21460 483483 24804481
PT [3 0 50 -19 1]
 P 351036 21460 486873 24876661
PT [3 0 51 -19 1]
EMPTY QUEUE
 P 351592 21460 490271 24950950
PT [3 0 52 -21 1]
 P 353808 21460 490274 25021021
PT [3 0 53 -21 1]
 P 353808 21460 493664 25093201
PT [3 0 54 -21 1]
 P 353808 21460 497054 25165381
PT [3 0 55 -21 1]
 P 355114 21460 497062 25237561
PT [3 0 56 -21 1]
EMPTY QUEUE
 P 355702 21460 500460 25311306
PT [3 0 57 -23 1]
 P 357145 21460 500463 25381921
PT [3 0 58 -23 1]
 P 357145 21460 503853 25454101
PT [3 0 59 -23 1]
 P 357145 21460 507243 25526281
PT [3 0 60 -23 1]
 P 358535 21460 507251 25598461
PT [3 0 61 -23 1]
EMPTY QUEUE
 P 359155 21460 510649 25673198
PT [3 0 62 -25 1]
 P 361816 21460 510652 25742821
PT [3 0 63 -25 1]
 P 361816 21460 514042 25815001
PT [3 0 64 -25 1]
 P 361816 21460 517432 25887181
PT [3 0 65 -25 1]
 P 363752 21460 517440 25959361
PT [3 0 66 -25 1]
EMPTY QUEUE
 P 364340 21460 520838 26032466
PT [3 0 67 -27 1]
 P 366990 21460 520842 26103721
PT [3 0 68 -27 1]
 P 366990 21460 524232 26175901
PT [3 0 69 -27 1]
 P 366990 21460 527622 26248081
PT [3 0 70 -27 1]
 P 369464 21460 527630 26320261
PT [3 0 71 -27 1]
EMPTY QUEUE
 P 370084 21460 531028 26395382
PT [3 0 72 -29 1]
 P 372837 21460 531032 26464621
PT [3 0 73 -29 1]
 P 372837 21460 534422 26536801
PT [3 0 74 -29 1]
 P 372837 21460 537812 26608981
PT [3 0 75 -29 1]
 P 374105 21460 537821 26681161
PT [3 0 76 -29 1]
EMPTY QUEUE
 P 374725 21460 541219 26755706
PT [3 0 77 -31 1]
 P 375623 21460 541222 26825521
PT [3 0 78 -31 1]
 P 375623 21460 544612 26897701
PT [3 0 79 -31 1]
 P 375623 21460 548002 26969881
PT [3 0 80 -31 1]
 P 377013 21460 548010 27042061
PT [3 0 81 -31 1]
EMPTY QUEUE
 P 377602 21460 551408 27115487
PT [3 0 82 -33 1]
 P 379335 21460 551411 27186421
PT [3 0 83 -33 1]
 P 379335 21460 554801 27258601
PT [3 0 84 -33 1]
 P 379335 21460 558191 27330781
PT [3 0 85 -33 1]
 P 380825 21460 558199 27402961
PT [3 0 86 -33 1]
EMPTY QUEUE
 P 380836 21460 561591 27476251
PT [3 0 87 -33 1]
 P 383135 21460 561594 27547321
PT [3 0 88 -33 1]
EMPTY QUEUE
 P 383723 21460 564992 27621258
PT [3 0 89 -36 1]
 P 383723 21460 568382 27691681
PT [3 0 90 -36 1]
 P 386038 21460 568390 27763861
PT [3 0 91 -36 1]
 P 386038 21460 571780 27836041
PT [3 0 92 -36 1]
 P 388696 21460 571783 27908221
PT [3 0 93 -36 1]
 P 390799 21460 571787 27980401
PT [3 0 94 -36 1]
EMPTY QUEUE
 P 391292 21460 575185 28054690
PT [3 0 95 -39 1]
 P 392210 21460 575193 28124761
PT [3 0 96 -39 1]
 P 392210 21460 578583 28196941
PT [3 0 97 -39 1]
 P 392210 21460 581973 28269121
PT [3 0 98 -39 1]
 P 393453 21460 581976 28341301
PT [3 0 99 -39 1]
EMPTY QUEUE
 P 393947 21460 585374 28415528
PT [3 0 100 -40 1]
 P 395561 21460 585382 28485661
PT [3 0 101 -40 1]
 P 395561 21460 588772 28557841
PT [3 0 102 -40 1]
 P 395561 21460 592162 28630021
PT [3 0 103 -40 1]
 P 398149 21460 592165 28702201
PT [3 0 104 -40 1]
EMPTY QUEUE
 P 398705 21460 595564 28775914
PT [3 0 105 -43 1]
 P 399847 21460 595572 28846561
PT [3 0 106 -43 1]
 P 399847 21460 598962 28918741
PT [3 0 107 -43 1]
 P 399847 21460 602352 28990921
PT [3 0 108 -43 1]
 P 401631 21460 602355 29063101
PT [3 0 109 -43 1]
EMPTY QUEUE
 P 402251 21460 605754 29137838
PT [3 0 110 -45 1]
 P 403323 21460 605762 29207461
PT [3 0 111 -45 1]
 P 403323 21460 609152 29279641
PT [3 0 112 -45 1]
 P 403323 21460 612542 29351821
PT [3 0 113 -45 1]
 P 405050 21460 612545 29424001
PT [3 0 114 -45 1]
EMPTY QUEUE
 P 405606 21460 615944 29497074
PT [3 0 115 -47 1]
 P 407734 21460 615952 29568361
PT [3 0 116 -47 1]
 P 407734 21460 619342 29640541
PT [3 0 117 -47 1]
 P 407734 21460 622732 29712721
PT [3 0 118 -47 1]
 P 409325 21460 622736 29784901
PT [3 0 119 -47 1]
EMPTY QUEUE
 P 409849 21460 626135 29859926
PT [3 0 120 -49 1]
 P 410698 21460 626143 29929261
PT [3 0 121 -49 1]
 P 410698 21460 629533 30001441
PT [3 0 122 -49 1]
 P 410698 21460 632923 30073621
PT [3 0 123 -49 1]
 P 412138 21460 632926 30145801
PT [3 0 124 -49 1]
EMPTY QUEUE
 P 412662 21460 636325 30220250
PT [3 0 125 -51 1]
 P 413484 21460 636333 30290161
PT [3 0 126 -51 1]
 P 413484 21460 639723 30362341
PT [3 0 127 -51 1]
 P 413484 21460 643113 30434521
PT [3 0 128 -51 1]
 P 414658 21460 643116 30506701
PT [3 0 129 -51 1]
EMPTY QUEUE
 P 415278 21460 646515 30580158
PT [3 0 130 -53 1]
 P 417274 21460 646523 30651061
PT [3 0 131 -53 1]
 P 417274 21460 649913 30723241
PT [3 0 132 -53 1]
 P 417274 21460 653303 30795421
PT [3 0 133 -53 1]
 P 419443 21460 653306 30867601
PT [3 0 134 -53 1]
 P 420230 21460 653309 30939781
PT [3 0 135 -53 1]
EMPTY QUEUE
 P 422372 21460 653325 31014358
PT [3 0 136 -55 1]
 P 422372 21460 656715 31084141
PT [3 0 137 -55 1]
 P 422372 21460 660105 31156321
PT [3 0 138 -55 1]
 P 422372 21460 663495 31228501
PT [3 0 139 -55 1]
 P 424054 21460 663498 31300681
PT [3 0 140 -55 1]
EMPTY QUEUE
 P 426947 21460 666078 31376567
PT [3 0 141 -55 1]
EMPTY QUEUE
 P 427439 21460 669477 31446702
PT [3 0 142 -58 1]
 P 427439 21460 672867 31517221
PT [3 0 143 -58 1]
 P 427439 21460 676257 31589401
PT [3 0 144 -58 1]
 P 428713 21460 676260 31661581
PT [3 0 145 -58 1]
 P 428713 21460 679650 31733761
PT [3 0 146 -58 1]
EMPTY QUEUE
 P 430589 21460 679667 31808114
PT [3 0 147 -60 1]
 P 430589 21460 683057 31878121
PT [3 0 148 -60 1]
 P 430589 21460 686447 31950301
PT [3 0 149 -60 1]
 P 433351 21460 686450 32022481
PT [3 0 150 -60 1]
 P 433351 21460 689840 32094661
PT [3 0 151 -60 1]
EMPTY QUEUE
 P 435329 21460 689858 32168983
PT [3 0 152 -62 1]
 P 435329 21460 693248 32239021
PT [3 0 153 -62 1]
 P 435329 21460 696638 32311201
PT [3 0 154 -62 1]
 P 436760 21460 696642 32383381
PT [3 0 155 -62 1]
 P 436760 21460 700032 32455561
PT [3 0 156 -62 1]
EMPTY QUEUE
 P 439252 21460 700049 32529274
PT [3 0 157 -64 1]
 P 439252 21460 703439 32599921
PT [3 0 158 -64 1]
 P 439252 21460 706829 32672101
PT [3 0 159 -64 1]
 P 440293 21460 706832 32744281
PT [3 0 160 -64 1]
 P 440293 21460 710222 32816461
PT [3 0 161 -64 1]
EMPTY QUEUE
 P 443258 21460 710239 32891070
PT [3 0 162 -66 1]
 P 443258 21460 713629 32960821
PT [3 0 163 -66 1]
 P 443258 21460 717019 33033001
PT [3 0 164 -66 1]
 P 444657 21460 717022 33105181
PT [3 0 165 -66 1]
 P 444657 21460 720412 33177361
PT [3 0 166 -66 1]
EMPTY QUEUE
 P 446361 21460 720429 33251202
PT [3 0 167 -68 1]
 P 447680 21460 720437 33321721
PT [3 0 168 -68 1]
 P 447680 21460 723827 33393901
PT [3 0 169 -68 1]
 P 449929 21460 723830 33466081
PT [3 0 170 -68 1]
 P 449929 21460 727220 33538261
PT [3 0 171 -68 1]
EMPTY QUEUE
 P 450454 21460 730619 33612583
PT [3 0 172 -69 1]
 P 451843 21460 730628 33682621
PT [3 0 173 -69 1]
 P 451843 21460 734018 33754801
PT [3 0 174 -69 1]
 P 453208 21460 734021 33826981
PT [3 0 175 -69 1]
 P 453208 21460 737411 33899161
PT [3 0 176 -69 1]
EMPTY QUEUE
 P 453732 21460 740810 33973418
PT [3 0 177 -72 1]
 P 455667 21460 740820 34043521
PT [3 0 178 -72 1]
 P 455667 21460 744210 34115701
PT [3 0 179 -72 1]
 P 458360 21460 744213 34187881
PT [3 0 180 -72 1]
 P 458360 21460 747603 34260061
PT [3 0 181 -72 1]
EMPTY QUEUE
 P 458884 21460 751002 34333742
PT [3 0 182 -74 1]
 P 461357 21460 751011 34404421
PT [3 0 183 -74 1]
 P 461357 21460 754401 34476601
PT [3 0 184 -74 1]
 P 463930 21460 754404 34548781
PT [3 0 185 -74 1]
 P 463930 21460 757794 34620961
PT [3 0 186 -74 1]
EMPTY QUEUE
 P 464422 21460 761193 34695570
PT [3 0 187 -76 1]
 P 465690 21460 761201 34765321
PT [3 0 188 -76 1]
 P 465690 21460 764591 34837501
PT [3 0 189 -76 1]
 P 468479 21460 764594 34909681
PT [3 0 190 -76 1]
 P 468479 21460 767984 34981861
PT [3 0 191 -76 1]
EMPTY QUEUE
 P 469035 21460 771383 35054934
PT [3 0 192 -78 1]
 P 470425 21460 771392 35126221
PT [3 0 193 -78 1]
 P 470425 21460 774782 35198401
PT [3 0 194 -78 1]
 P 471245 21460 774785 35270581
PT [3 0 195 -78 1]
 P 471245 21460 778175 35342761
PT [3 0 196 -78 1]
EMPTY QUEUE
 P 471737 21460 781574 35417754
PT [3 0 197 -80 1]
 P 473227 21460 781583 35487121
PT [3 0 198 -80 1]
 P 473227 21460 784973 35559301
PT [3 0 199 -80 1]
 P 474993 21460 784976 35631481
PT [3 0 200 -80 1]
 P 474993 21460 788366 35703661
PT [3 0 201 -80 1]
EMPTY QUEUE
 P 475486 21460 791765 35778079
PT [3 0 202 -81 1]
 P 477800 21460 791773 35848021
PT [3 0 203 -81 1]
 P 477800 21460 795163 35920201
PT [3 0 204 -81 1]
 P 480020 21460 795166 35992381
PT [3 0 205 -81 1]
 P 480020 21460 798556 36064561
PT [3 0 206 -81 1]
EMPTY QUEUE
 P 480608 21460 801955 36137986
PT [3 0 207 -84 1]
 P 481525 21460 801963 36208921
PT [3 0 208 -84 1]
 P 481525 21460 805353 36281101
PT [3 0 209 -84 1]
 P 484213 21460 805356 36353281
PT [3 0 210 -84 1]
 P 484213 21460 808746 36425461
PT [3 0 211 -84 1]
EMPTY QUEUE
 P 484737 21460 812144 36499270
PT [3 0 212 -86 1]
 P 486350 21460 812153 36569821
PT [3 0 213 -86 1]
 P 486350 21460 815543 36642001
PT [3 0 214 -86 1]
 P 488440 21460 815546 36714181
PT [3 0 215 -86 1]
 P 488440 21460 818936 36786361
PT [3 0 216 -86 1]
EMPTY QUEUE
 P 489028 21460 822334 36860170
PT [3 0 217 -88 1]
 P 490168 21460 822343 36930721
PT [3 0 218 -88 1]
 P 490168 21460 825733 37002901
PT [3 0 219 -88 1]
 P 491389 21460 825736 37075081
PT [3 0 220 -88 1]
 P 491389 21460 829126 37147261
PT [3 0 221 -88 1]
EMPTY QUEUE
 P 491977 21460 832524 37220494
PT [3 0 222 -90 1]
 P 493049 21460 832532 37291621
PT [3 0 223 -90 1]
 P 493049 21460 835922 37363801
PT [3 0 224 -90 1]
 P 495615 21460 835925 37435981
PT [3 0 225 -90 1]
 P 495615 21460 839315 37508161
PT [3 0 226 -90 1]
EMPTY QUEUE
 P 496203 21460 842715 37582355
PT [3 0 227 -92 1]
 P 498330 21460 842724 37652521
PT [3 0 228 -92 1]
 P 498330 21460 846114 37724701
PT [3 0 229 -92 1]
 P 500091 21460 846117 37796881
PT [3 0 230 -92 1]
 P 500091 21460 849507 37869061
PT [3 0 231 -92 1]
EMPTY QUEUE
 P 500711 21460 852905 37943734
PT [3 0 232 -94 1]
 P 501559 21460 852914 38013421
PT [3 0 233 -94 1]
 P 501559 21460 856304 38085601
PT [3 0 234 -94 1]
 P 503264 21460 856307 38157781
PT [3 0 235 -94 1]
 P 503264 21460 859697 38229961
PT [3 0 236 -94 1]
EMPTY QUEUE
 P 503853 21460 863095 38304539
PT [3 0 237 -96 1]
 P 504674 21460 863104 38374321
PT [3 0 238 -96 1]
 P 504674 21460 866494 38446501
PT [3 0 239 -96 1]
 P 506242 21460 866497 38518681
PT [3 0 240 -96 1]
 P 506242 21460 869887 38590861
PT [3 0 241 -96 1]
EMPTY QUEUE
 P 506735 21460 873285 38664767
PT [3 0 242 -98 1]
 P 508730 21460 873293 38735221
PT [3 0 243 -98 1]
 P 508730 21460 876683 38807401
PT [3 0 244 -98 1]
 P 510146 21460 876686 38879581
PT [3 0 245 -98 1]
 P 510146 21460 880076 38951761
PT [3 0 246 -98 1]
EMPTY QUEUE
 P 510702 21460 883474 39026690
PT [3 0 247 -100 1]
 P 512351 21460 883483 39096121
PT [3 0 248 -100 1]
 P 512351 21460 886873 39168301
PT [3 0 249 -100 1]
 P 513503 21460 886876 39240481
PT [3 0 250 -100 1]
 P 513503 21460 890266 39312661
PT [3 0 251 -100 1]
EMPTY QUEUE
 P 514060 21460 893664 39385991
PT [3 0 252 -102 1]
 P 514060 21460 897054 39457021
PT [3 0 253 -102 1]
 P 515437 21460 897062 39529201
PT [3 0 254 -102 1]
 P 517584 21460 897065 39601381
PT [3 0 255 -102 1]
 P 517584 21460 900455 39673561
PT [3 0 256 -102 1]
EMPTY QUEUE
 P 518204 21460 903853 39746890
PT [3 0 257 -105 1]
 P 518204 21460 907243 39817921
PT [3 0 258 -105 1]
 P 519522 21460 907251 39890101
PT [3 0 259 -105 1]
 P 522296 21460 907254 39962281
PT [3 0 260 -105 1]
 P 522296 21460 910644 40034461
PT [3 0 261 -105 1]
EMPTY QUEUE
 P 522852 21460 914042 40109198
PT [3 0 262 -107 1]
 P 522852 21460 917432 40178821
PT [3 0 263 -107 1]
 P 524848 21460 917440 40251001
PT [3 0 264 -107 1]
 P 525687 21460 917443 40323181
PT [3 0 265 -107 1]
 P 525687 21460 920833 40395361
PT [3 0 266 -107 1]
EMPTY QUEUE
 P 526179 21460 924231 40468946
PT [3 0 1 0 1]
 P 526179 21460 927621 40539612
PT [3 0 2 0 1]
 P 528702 21460 927630 40611792
PT [3 0 3 0 1]
 P 530067 21460 927638 40683972
PT [3 0 4 0 1]
 P 530992 21460 927641 40756152
PT [3 0 5 0 1]
EMPTY QUEUE
 P 531580 21460 931039 40830057
PT [3 0 6 -2 1]
 P 531580 21460 934429 40900512
PT [3 0 7 -2 1]
 P 531580 21460 937819 40972692
PT [3 0 8 -2 1]
 P 532948 21460 937828 41044872
PT [3 0 9 -2 1]
 P 534645 21460 937831 41117052
PT [3 0 10 -2 1]
EMPTY QUEUE
 P 535137 21460 941229 41192076
PT [3 0 11 -4 1]
 P 535137 21460 944619 41261412
PT [3 0 12 -4 1]
 P 535137 21460 948009 41333592
PT [3 0 13 -4 1]
 P 536605 21460 948018 41405772
PT [3 0 14 -4 1]
 P 538018 21460 948021 41477952
PT [3 0 15 -4 1]
EMPTY QUEUE
 P 538575 21460 951419 41551697
PT [3 0 16 -6 1]
 P 538575 21460 954809 41622312
PT [3 0 17 -6 1]
 P 538575 21460 958199 41694492
PT [3 0 18 -6 1]
 P 540890 21460 958207 41766672
PT [3 0 19 -6 1]
 P 543680 21460 958210 41838852
PT [3 0 20 -6 1]
EMPTY QUEUE
 P 544268 21460 961609 41912821
PT [3 0 21 -8 1]
 P 544268 21460 964999 41983212
PT [3 0 22 -8 1]
 P 544268 21460 968389 42055392
PT [3 0 23 -8 1]
 P 545185 21460 968397 42127572
PT [3 0 24 -8 1]
 P 546756 21460 968400 42199752
PT [3 0 25 -8 1]
EMPTY QUEUE
 P 547280 21460 971799 42273337
PT [3 0 26 -10 1]
 P 547280 21460 975189 42344112
PT [3 0 27 -10 1]
 P 547280 21460 978579 42416292
PT [3 0 28 -10 1]
 P 548893 21460 978587 42488472
PT [3 0 29 -10 1]
 P 549962 21460 978590 42560652
PT [3 0 30 -10 1]
EMPTY QUEUE
 P 550454 21460 981989 42635421
PT [3 0 31 -12 1]
 P 550454 21460 985379 42705012
PT [3 0 32 -12 1]
 P 550454 21460 988769 42777192
PT [3 0 33 -12 1]
 P 551593 21460 988778 42849372
PT [3 0 34 -12 1]
 P 553130 21460 988782 42921552
PT [3 0 35 -12 1]
EMPTY QUEUE
 P 553654 21460 992181 42995009
PT [3 0 36 -14 1]
 P 553654 21460 995571 43065912
PT [3 0 37 -14 1]
 P 553654 21460 998961 43138092
PT [3 0 38 -14 1]
 P 554725 21460 998970 43210272
PT [3 0 39 -14 1]
 P 557002 21460 998974 43282452
PT [3 0 40 -14 1]
EMPTY QUEUE
 P 557526 21460 1002373 43356101
PT [3 0 41 -16 1]
 P 557526 21460 1005763 43426812
PT [3 0 42 -16 1]
 P 557526 21460 1009153 43498992
PT [3 0 43 -16 1]
 P 559653 21460 1009161 43571172
PT [3 0 44 -16 1]
 P 561158 21460 1009164 43643352
PT [3 0 45 -16 1]
EMPTY QUEUE
 P 561715 21460 1012563 43716714
PT [3 0 46 -18 1]
 P 561715 21460 1015953 43787712
PT [3 0 47 -18 1]
 P 561715 21460 1019343 43859892
PT [3 0 48 -18 1]
 P 562564 21460 1019352 43932072
PT [3 0 49 -18 1]
 P 565286 21460 1019356 44004252
PT [3 0 50 -18 1]
EMPTY QUEUE
 P 565906 21460 1022755 44078893
PT [3 0 51 -20 1]
 P 565906 21460 1026145 44148612
PT [3 0 52 -20 1]
 P 565906 21460 1029535 44220792
PT [3 0 53 -20 1]
 P 566728 21460 1029543 44292972
PT [3 0 54 -20 1]
 P 569440 21460 1029546 44365152
PT [3 0 55 -20 1]
EMPTY QUEUE
 P 570061 21460 1032945 44438450
PT [3 0 56 -22 1]
 P 570061 21460 1036335 44509512
PT [3 0 57 -22 1]
 P 570061 21460 1039725 44581692
PT [3 0 58 -22 1]
 P 572056 21460 1039733 44653872
PT [3 0 59 -22 1]
 P 574871 21460 1039736 44726052
PT [3 0 60 -22 1]
EMPTY QUEUE
 P 575395 21460 1043135 44799445
PT [3 0 61 -24 1]
 P 575395 21460 1046525 44870412
PT [3 0 62 -24 1]
 P 575395 21460 1049915 44942592
PT [3 0 63 -24 1]
 P 577044 21460 1049923 45014772
PT [3 0 64 -24 1]
 P 578003 21460 1049926 45086952
PT [3 0 65 -24 1]
EMPTY QUEUE
 P 578069 21460 1053318 45159560
PT [3 0 66 -24 1]
EMPTY QUEUE
 P 578625 21460 1056716 45233037
PT [3 0 67 -26 1]
 P 578625 21460 1060106 45303492
PT [3 0 68 -26 1]
 P 581449 21460 1060114 45375672
PT [3 0 69 -26 1]
 P 583244 21460 1060117 45447852
PT [3 0 70 -26 1]
 P 583244 21460 1063507 45520032
PT [3 0 71 -26 1]
EMPTY QUEUE
 P 583864 21460 1066905 45594449
PT [3 0 72 -28 1]
 P 583864 21460 1070295 45664392
PT [3 0 73 -28 1]
 P 585004 21460 1070304 45736572
PT [3 0 74 -28 1]
 P 587363 21460 1070308 45808752
PT [3 0 75 -28 1]
 P 587363 21460 1073698 45880932
PT [3 0 76 -28 1]
EMPTY QUEUE
 P 587919 21460 1077096 45955221
PT [3 0 77 -30 1]
 P 587919 21460 1080486 46025292
PT [3 0 78 -30 1]
 P 589819 21460 1080494 46097472
PT [3 0 79 -30 1]
 P 592536 21460 1080499 46169652
PT [3 0 80 -30 1]
 P 592536 21460 1083889 46241832
PT [3 0 81 -30 1]
EMPTY QUEUE
 P 593092 21460 1087288 46315546
PT [3 0 82 -33 1]
 P 593092 21460 1090678 46386192
PT [3 0 83 -33 1]
 P 593945 21460 1090687 46458372
PT [3 0 84 -33 1]
 P 596174 21460 1090690 46530552
PT [3 0 85 -33 1]
 P 596174 21460 1094080 46602732
PT [3 0 86 -33 1]
EMPTY QUEUE
 P 596666 21460 1097478 46677341
PT [3 0 87 -35 1]
 P 596666 21460 1100868 46747092
PT [3 0 88 -35 1]
 P 598821 21460 1100876 46819272
PT [3 0 89 -35 1]
 P 600070 21460 1100879 46891452
PT [3 0 90 -35 1]
 P 600070 21460 1104269 46963632
PT [3 0 91 -35 1]
EMPTY QUEUE
 P 600627 21460 1107667 47036706
PT [3 0 92 -35 1]
 P 600627 21460 1111057 47107992
PT [3 0 93 -35 1]
 P 602500 21460 1111065 47180172
PT [3 0 94 -35 1]
 P 605205 21460 1111068 47252352
PT [3 0 95 -35 1]
 P 605205 21460 1114458 47324532
PT [3 0 96 -35 1]
EMPTY QUEUE
 P 605761 21460 1117856 47399588
PT [3 0 97 -39 1]
 P 605761 21460 1121246 47468892
PT [3 0 98 -39 1]
 P 607829 21460 1121254 47541072
PT [3 0 99 -39 1]
 P 609206 21460 1121263 47613252
PT [3 0 100 -39 1]
 P 610059 21460 1121266 47685432
PT [3 0 101 -39 1]
EMPTY QUEUE
 P 610584 21460 1124664 47758825
PT [3 0 102 -41 1]
 P 610584 21460 1128054 47829792
PT [3 0 103 -41 1]
 P 610584 21460 1131444 47901972
PT [3 0 104 -41 1]
 P 611902 21460 1131453 47974152
PT [3 0 105 -41 1]
 P 613649 21460 1131457 48046332
PT [3 0 106 -41 1]
EMPTY QUEUE
 P 614206 21460 1134855 48119437
PT [3 0 107 -43 1]
 P 614206 21460 1138245 48190692
PT [3 0 108 -43 1]
 P 614206 21460 1141636 48262872
PT [3 0 109 -43 1]
 P 616202 21460 1141645 48335052
PT [3 0 110 -43 1]
 P 617544 21460 1141648 48407232
PT [3 0 111 -43 1]
EMPTY QUEUE
 P 618164 21460 1145047 48481617
PT [3 0 112 -45 1]
 P 618164 21460 1148437 48551592
PT [3 0 113 -45 1]
 P 618164 21460 1151827 48623772
PT [3 0 114 -45 1]
 P 620579 21460 1151835 48695952
PT [3 0 115 -45 1]
 P 623407 21460 1151838 48768132
PT [3 0 116 -45 1]
EMPTY QUEUE
 P 623899 21460 1155237 48843093
PT [3 0 117 -47 1]
 P 623899 21460 1158627 48912492
PT [3 0 118 -47 1]
 P 623899 21460 1162017 48984672
PT [3 0 119 -47 1]
 P 625226 21460 1162026 49056852
PT [3 0 120 -47 1]
 P 626724 21460 1162029 49129032
PT [3 0 121 -47 1]
EMPTY QUEUE
 P 626793 21460 1167991 49204278
PT [3 0 122 -47 1]
EMPTY QUEUE
 P 627285 21460 1171390 49275053
PT [3 0 123 -49 1]
 P 627285 21460 1174780 49345572
PT [3 0 124 -49 1]
 P 628617 21460 1174788 49417752
PT [3 0 125 -49 1]
 P 629723 21460 1174791 49489932
PT [3 0 126 -49 1]
 P 629723 21460 1178181 49562112
PT [3 0 127 -49 1]
EMPTY QUEUE
 P 630279 21460 1181579 49636465
PT [3 0 128 -51 1]
 P 630279 21460 1184969 49706472
PT [3 0 129 -51 1]
 P 631829 21460 1184977 49778652
PT [3 0 130 -51 1]
 P 633293 21460 1184980 49850832
PT [3 0 131 -51 1]
 P 633293 21460 1188370 49923012
PT [3 0 132 -51 1]
EMPTY QUEUE
 P 633881 21460 1191770 49997334
PT [3 0 133 -53 1]
 P 633881 21460 1195160 50067372
PT [3 0 134 -53 1]
 P 636136 21460 1195169 50139552
PT [3 0 135 -53 1]
 P 638450 21460 1195173 50211732
PT [3 0 136 -53 1]
 P 638450 21460 1198563 50283912
PT [3 0 137 -53 1]
EMPTY QUEUE
 P 639006 21460 1201961 50357625
PT [3 0 138 -55 1]
 P 639006 21460 1205351 50428272
PT [3 0 139 -55 1]
 P 639983 21460 1205359 50500452
PT [3 0 140 -55 1]
 P 641413 21460 1205362 50572632
PT [3 0 141 -55 1]
 P 641413 21460 1208752 50644812
PT [3 0 142 -55 1]
EMPTY QUEUE
 P 641905 21460 1212150 50719421
PT [3 0 143 -57 1]
 P 641905 21460 1215540 50789172
PT [3 0 144 -57 1]
 P 643459 21460 1215549 50861352
PT [3 0 145 -57 1]
 P 646219 21460 1215552 50933532
PT [3 0 146 -57 1]
 P 646219 21460 1218942 51005712
PT [3 0 147 -57 1]
EMPTY QUEUE
 P 646711 21460 1222340 51078721
PT [3 0 148 -59 1]
 P 646711 21460 1225730 51150072
PT [3 0 149 -59 1]
 P 647909 21460 1225739 51222252
PT [3 0 150 -59 1]
 P 650547 21460 1225743 51294432
PT [3 0 151 -59 1]
 P 651390 21460 1225746 51366612
PT [3 0 152 -59 1]
EMPTY QUEUE
 P 651914 21460 1229144 51441637
PT [3 0 153 -61 1]
 P 651914 21460 1232534 51510972
PT [3 0 154 -61 1]
 P 652926 21460 1232542 51583152
PT [3 0 155 -61 1]
 P 652926 21460 1235932 51655332
PT [3 0 156 -61 1]
 P 654663 21460 1235936 51727512
PT [3 0 157 -61 1]
EMPTY QUEUE
 P 655187 21460 1239334 51801961
PT [3 0 158 -63 1]
 P 655187 21460 1242724 51871872
PT [3 0 159 -63 1]
 P 657374 21460 1242732 51944052
PT [3 0 160 -63 1]
 P 657374 21460 1246122 52016232
PT [3 0 161 -63 1]
 P 658705 21460 1246125 52088412
PT [3 0 162 -63 1]
EMPTY QUEUE
 P 659229 21460 1249523 52161773
PT [3 0 163 -65 1]
 P 659229 21460 1252913 52232772
PT [3 0 164 -65 1]
 P 659229 21460 1256303 52304952
PT [3 0 165 -65 1]
 P 660548 21460 1256311 52377132
PT [3 0 166 -65 1]
 P 663366 21460 1256314 52449312
PT [3 0 167 -65 1]
EMPTY QUEUE
 P 663890 21460 1259712 52523121
PT [3 0 168 -67 1]
 P 663890 21460 1263102 52593672
PT [3 0 169 -67 1]
 P 663890 21460 1266492 52665852
PT [3 0 170 -67 1]
 P 665280 21460 1266501 52738032
PT [3 0 171 -67 1]
 P 666768 21460 1266504 52810212
PT [3 0 172 -67 1]
EMPTY QUEUE
 P 667292 21460 1269903 52883957
PT [3 0 173 -70 1]
 P 667292 21460 1273293 52954572
PT [3 0 174 -70 1]
 P 667292 21460 1276683 53026752
PT [3 0 175 -70 1]
 P 669228 21460 1276692 53098932
PT [3 0 176 -70 1]
 P 670325 21460 1276695 53171112
PT [3 0 177 -70 1]
EMPTY QUEUE
 P 670945 21460 1280093 53244377
PT [3 0 178 -72 1]
 P 670945 21460 1283483 53315472
PT [3 0 179 -72 1]
 P 670945 21460 1286873 53387652
PT [3 0 180 -72 1]
 P 673419 21460 1286882 53459832
PT [3 0 181 -72 1]
 P 674875 21460 1286885 53532012
PT [3 0 182 -72 1]
EMPTY QUEUE
 P 675463 21460 1290283 53606204
PT [3 0 183 -74 1]
 P 675463 21460 1293673 53676372
PT [3 0 184 -74 1]
 P 675463 21460 1297063 53748552
PT [3 0 185 -74 1]
 P 676730 21460 1297072 53820732
PT [3 0 186 -74 1]
 P 679034 21460 1297076 53892912
PT [3 0 187 -74 1]
EMPTY QUEUE
 P 679622 21460 1300474 53967552
PT [3 0 188 -76 1]
 P 679622 21460 1303864 54037272
PT [3 0 189 -76 1]
 P 679622 21460 1307254 54109452
PT [3 0 190 -76 1]
 P 681012 21460 1307262 54181632
PT [3 0 191 -76 1]
 P 682432 21460 1307265 54253812
PT [3 0 192 -76 1]
EMPTY QUEUE
 P 682958 21460 1310663 54328326
PT [3 0 193 -78 1]
 P 682958 21460 1314053 54398172
PT [3 0 194 -78 1]
 P 682958 21460 1317443 54470352
PT [3 0 195 -78 1]
 P 684448 21460 1317451 54542532
PT [3 0 196 -78 1]
 P 687196 21460 1317454 54614712
PT [3 0 197 -78 1]
EMPTY QUEUE
 P 687753 21460 1320852 54688681
PT [3 0 198 -80 1]
 P 687753 21460 1324242 54759072
PT [3 0 199 -80 1]
 P 687753 21460 1327632 54831252
PT [3 0 200 -80 1]
 P 690067 21460 1327640 54903432
PT [3 0 201 -80 1]
 P 692695 21460 1327644 54975612
PT [3 0 202 -80 1]
EMPTY QUEUE
 P 692983 21460 1331039 55050270
PT [3 0 203 -80 1]
EMPTY QUEUE
 P 693541 21460 1334438 55121699
PT [3 0 204 -81 1]
 P 693541 21460 1337828 55192152
PT [3 0 205 -81 1]
 P 694458 21460 1337836 55264332
PT [3 0 206 -81 1]
 P 697301 21460 1337839 55336512
PT [3 0 207 -81 1]
 P 697301 21460 1341229 55408692
PT [3 0 208 -81 1]
EMPTY QUEUE
 P 697921 21460 1344628 55483109
PT [3 0 209 -84 1]
 P 697921 21460 1348018 55553052
PT [3 0 210 -84 1]
 P 697921 21460 1351408 55625232
PT [3 0 211 -84 1]
 P 698797 21460 1351411 55697412
PT [3 0 212 -84 1]
 P 699629 21460 1351414 55769592
PT [3 0 213 -84 1]
 P 700448 21460 1351418 55841772
PT [3 0 214 -84 1]
 P 701255 21460 1351421 55913952
PT [3 0 215 -84 1]
EMPTY QUEUE
 P 703074 21460 1351438 55988177
PT [3 0 216 -87 1]
 P 703074 21460 1354828 56058312
PT [3 0 217 -87 1]
 P 703074 21460 1358218 56130492
PT [3 0 218 -87 1]
 P 703074 21460 1361608 56202672
PT [3 0 219 -87 1]
 P 704799 21460 1361611 56274852
PT [3 0 220 -87 1]
EMPTY QUEUE
 P 706809 21460 1361628 56348629
PT [3 0 221 -89 1]
 P 706809 21460 1365018 56419212
PT [3 0 222 -89 1]
 P 706809 21460 1368408 56491392
PT [3 0 223 -89 1]
 P 706809 21460 1371798 56563572
PT [3 0 224 -89 1]
 P 708127 21460 1371801 56635752
PT [3 0 225 -89 1]
EMPTY QUEUE
 P 710652 21460 1371818 56710458
PT [3 0 226 -91 1]
 P 710652 21460 1375208 56780112
PT [3 0 227 -91 1]
 P 710652 21460 1378598 56852292
PT [3 0 228 -91 1]
 P 710652 21460 1381988 56924472
PT [3 0 229 -91 1]
 P 713460 21460 1381991 56996652
PT [3 0 230 -91 1]
EMPTY QUEUE
 P 716522 21460 1382008 57069757
PT [3 0 231 -93 1]
 P 716522 21460 1385398 57141012
PT [3 0 232 -93 1]
 P 716522 21460 1388788 57213192
PT [3 0 233 -93 1]
 P 716522 21460 1392178 57285372
PT [3 0 234 -93 1]
 P 718000 21460 1392181 57357552
PT [3 0 235 -93 1]
EMPTY QUEUE
 P 718184 21460 1395576 57432074
PT [3 0 236 -93 1]
EMPTY QUEUE
 P 720027 21460 1395592 57503125
PT [3 0 237 -96 1]
 P 720027 21460 1398982 57574092
PT [3 0 238 -96 1]
 P 720027 21460 1402372 57646272
PT [3 0 239 -96 1]
 P 721112 21460 1402375 57718452
PT [3 0 240 -96 1]
 P 721112 21460 1405765 57790632
PT [3 0 241 -96 1]
EMPTY QUEUE
 P 723058 21460 1405782 57863737
PT [3 0 242 -98 1]
 P 723058 21460 1409172 57934992
PT [3 0 243 -98 1]
 P 723058 21460 1412562 58007172
PT [3 0 244 -98 1]
 P 724501 21460 1412565 58079352
PT [3 0 245 -98 1]
 P 724501 21460 1415955 58151532
PT [3 0 246 -98 1]
EMPTY QUEUE
 P 726993 21460 1415972 58225852
PT [3 0 247 -100 1]
 P 726993 21460 1419362 58295892
PT [3 0 248 -100 1]
 P 726993 21460 1422752 58368072
PT [3 0 249 -100 1]
 P 729286 21460 1422755 58440252
PT [3 0 250 -100 1]
 P 729286 21460 1426145 58512432
PT [3 0 251 -100 1]
EMPTY QUEUE
 P 731770 21460 1426156 58586906
PT [3 0 252 -100 1]
EMPTY QUEUE
 P 732294 21460 1429555 58658485
PT [3 0 253 -102 1]
 P 732294 21460 1432945 58728972
PT [3 0 254 -102 1]
 P 733703 21460 1432948 58801152
PT [3 0 255 -102 1]
 P 733703 21460 1436338 58873332
PT [3 0 256 -102 1]
 P 734970 21460 1436347 58945512
PT [3 0 257 -102 1]
EMPTY QUEUE
 P 735494 21460 1439746 59019833
PT [3 0 258 -104 1]
 P 735494 21460 1443136 59089872
PT [3 0 259 -104 1]
 P 738231 21460 1443139 59162052
PT [3 0 260 -104 1]
 P 738231 21460 1446529 59234232
PT [3 0 261 -104 1]
 P 739622 21460 1446538 59306412
PT [3 0 262 -104 1]
EMPTY QUEUE
 P 740114 21460 1449937 59380637
PT [3 0 263 -106 1]
 P 740114 21460 1453327 59450772
PT [3 0 264 -106 1]
 P 742731 21460 1453330 59522952
PT [3 0 265 -106 1]
 P 742731 21460 1456720 59595132
PT [3 0 266 -106 1]
 P 744221 21460 1456729 59667312
PT [3 0 267 -106 1]
EMPTY QUEUE
 P 744777 21460 1460128 59741025
PT [3 0 268 -108 1]
 P 744777 21460 1463518 59811672
PT [3 0 269 -108 1]
 P 747609 21460 1463521 59883852
PT [3 0 270 -108 1]
 P 747609 21460 1466911 59956032
PT [3 0 271 -108 1]
 P 749923 21460 1466919 60028212
PT [3 0 272 -108 1]
EMPTY QUEUE
 P 750511 21460 1470318 60102917
PT [3 0 1 0 1]
 P 750511 21460 1473708 60172462
PT [3 0 2 0 1]
 P 751485 21460 1473711 60244642
PT [3 0 3 0 1]
 P 751485 21460 1477101 60316822
PT [3 0 4 0 1]
 P 752512 21460 1477109 60389002
PT [3 0 5 0 1]
EMPTY QUEUE
 P 754720 21460 1477126 60463900
PT [3 0 6 -2 1]
 P 754720 21460 1480516 60533362
PT [3 0 7 -2 1]
 P 756640 21460 1480519 60605542
PT [3 0 8 -2 1]
 P 756640 21460 1483909 60677722
PT [3 0 9 -2 1]
 P 756640 21460 1487299 60749902
PT [3 0 10 -2 1]
EMPTY QUEUE
 P 758310 21460 1487315 60823903
PT [3 0 11 -4 1]
 P 758310 21460 1490705 60894262
PT [3 0 12 -4 1]
 P 760684 21460 1490708 60966442
PT [3 0 13 -4 1]
 P 760684 21460 1494098 61038622
PT [3 0 14 -4 1]
 P 760684 21460 1497488 61110802
PT [3 0 15 -4 1]
EMPTY QUEUE
 P 762167 21460 1497505 61185507
PT [3 0 16 -6 1]
 P 762167 21460 1500895 61255162
PT [3 0 17 -6 1]
 P 765010 21460 1500898 61327342
PT [3 0 18 -6 1]
 P 765010 21460 1504288 61399522
PT [3 0 19 -6 1]
 P 765010 21460 1507678 61471702
PT [3 0 20 -6 1]
EMPTY QUEUE
 P 767266 21460 1510258 61548740
PT [3 0 21 -6 1]
EMPTY QUEUE
 P 767886 21460 1513656 61617850
PT [3 0 22 -9 1]
 P 770131 21460 1513659 61688242
PT [3 0 23 -9 1]
 P 770131 21460 1517049 61760422
PT [3 0 24 -9 1]
 P 770131 21460 1520439 61832602
PT [3 0 25 -9 1]
 P 770921 21460 1520447 61904782
PT [3 0 26 -9 1]
EMPTY QUEUE
 P 771336 21460 1526063 61981212
PT [3 0 27 -9 1]
 P 772712 21460 1526066 62049142
PT [3 0 28 -9 1]
EMPTY QUEUE
 P 773204 21460 1529464 62122983
PT [3 0 29 -12 1]
 P 773204 21460 1532854 62193502
PT [3 0 30 -12 1]
 P 774085 21460 1532862 62265682
PT [3 0 31 -12 1]
 P 774085 21460 1536252 62337862
PT [3 0 32 -12 1]
 P 776806 21460 1536255 62410042
PT [3 0 33 -12 1]
EMPTY QUEUE
 P 777394 21460 1539653 62484427
PT [3 0 34 -14 1]
 P 777394 21460 1543043 62554402
PT [3 0 35 -14 1]
 P 779330 21460 1543052 62626582
PT [3 0 36 -14 1]
 P 779330 21460 1546442 62698762
PT [3 0 37 -14 1]
 P 781245 21460 1546445 62770942
PT [3 0 38 -14 1]
EMPTY QUEUE
 P 781833 21460 1549843 62845263
PT [3 0 39 93 1]
 P 781833 21460 1553233 62915302
PT [3 0 40 93 1]
 P 783542 21460 1553241 62987482
PT [3 0 41 93 1]
 P 783542 21460 1556631 63059662
PT [3 0 42 93 1]
 P 785401 21460 1556634 63131842
PT [3 0 43 93 1]
EMPTY QUEUE
 P 785925 21460 1560032 63205522
PT [3 0 44 91 1]
 P 785925 21460 1563422 63276202
PT [3 0 45 91 1]
 P 788689 21460 1563431 63348382
PT [3 0 46 91 1]
 P 790007 21460 1563440 63420562
PT [3 0 47 91 1]
 P 791729 21460 1563443 63492742
PT [3 0 48 91 1]
EMPTY QUEUE
 P 792221 21460 1566842 63566104
PT [3 0 49 89 1]
 P 792221 21460 1570232 63637102
PT [3 0 50 89 1]
 P 792221 21460 1573622 63709282
PT [3 0 51 89 1]
 P 793612 21460 1573630 63781462
PT [3 0 52 89 1]
 P 795182 21460 1573633 63853642
PT [3 0 53 89 1]
EMPTY QUEUE
 P 795738 21460 1577031 63926746
PT [3 0 54 87 1]
 P 795738 21460 1580421 63998002
PT [3 0 55 87 1]
 P 795738 21460 1583811 64070182
PT [3 0 56 87 1]
 P 797675 21460 1583819 64142362
PT [3 0 57 87 1]
 P 798981 21460 1583822 64214542
PT [3 0 58 87 1]
EMPTY QUEUE
 P 799569 21460 1587221 64288895
PT [3 0 59 85 1]
 P 799569 21460 1590611 64358902
PT [3 0 60 85 1]
 P 799569 21460 1594001 64431082
PT [3 0 61 85 1]
 P 802043 21460 1594009 64503262
PT [3 0 62 85 1]
 P 804344 21460 1594012 64575442
PT [3 0 63 85 1]
EMPTY QUEUE
 P 804900 21460 1597411 64650467
PT [3 0 64 83 1]
 P 804900 21460 1600801 64719802
PT [3 0 65 83 1]
 P 804900 21460 1604191 64791982
PT [3 0 66 83 1]
 P 806168 21460 1604199 64864162
PT [3 0 67 83 1]
 P 809096 21460 1604202 64936342
PT [3 0 68 83 1]
EMPTY QUEUE
 P 809589 21460 1607601 65009448
PT [3 0 69 82 1]
 P 809589 21460 1610991 65080702
PT [3 0 70 82 1]
 P 809589 21460 1614381 65152882
PT [3 0 71 82 1]
 P 810979 21460 1614389 65225062
PT [3 0 72 82 1]
 P 811972 21460 1614392 65297242
PT [3 0 73 82 1]
EMPTY QUEUE
 P 812465 21460 1617791 65372076
PT [3 0 74 79 1]
 P 812465 21460 1621181 65441602
PT [3 0 75 79 1]
 P 812465 21460 1624571 65513782
PT [3 0 76 79 1]
 P 813955 21460 1624579 65585962
PT [3 0 77 79 1]
 P 816756 21460 1624582 65658142
PT [3 0 78 79 1]
EMPTY QUEUE
 P 817280 21460 1627981 65732175
PT [3 0 79 77 1]
 P 817280 21460 1631371 65802502
PT [3 0 80 77 1]
 P 817280 21460 1634761 65874682
PT [3 0 81 77 1]
 P 819594 21460 1634770 65946862
PT [3 0 82 77 1]
 P 821384 21460 1634773 66019042
PT [3 0 83 77 1]
 P 822715 21460 1634776 66091222
PT [3 0 84 77 1]
EMPTY QUEUE
 P 823272 21460 1638174 66165992
PT [3 0 85 75 1]
 P 823272 21460 1641564 66235582
PT [3 0 86 75 1]
 P 824189 21460 1641573 66307762
PT [3 0 87 75 1]
 P 824189 21460 1644963 66379942
PT [3 0 88 75 1]
 P 826189 21460 1644967 66452122
PT [3 0 89 75 1]
EMPTY QUEUE
 P 826713 21460 1648365 66527051
PT [3 0 90 73 1]
 P 826713 21460 1651755 66596482
PT [3 0 91 73 1]
 P 828326 21460 1651764 66668662
PT [3 0 92 73 1]
 P 828326 21460 1655154 66740842
PT [3 0 93 73 1]
 P 829665 21460 1655157 66813022
PT [3 0 94 73 1]
EMPTY QUEUE
 P 830190 21460 1658555 66887632
PT [3 0 95 71 1]
 P 830190 21460 1661945 66957382
PT [3 0 96 71 1]
 P 831330 21460 1661954 67029562
PT [3 0 97 71 1]
 P 831330 21460 1665344 67101742
PT [3 0 98 71 1]
 P 832628 21460 1665347 67173922
PT [3 0 99 71 1]
EMPTY QUEUE
 P 832697 21460 1671309 67249808
PT [3 0 100 71 1]
EMPTY QUEUE
 P 833189 21460 1674708 67319943
PT [3 0 101 68 1]
 P 834261 21460 1674716 67390462
PT [3 0 102 68 1]
 P 834261 21460 1678106 67462642
PT [3 0 103 68 1]
 P 836617 21460 1678109 67534822
PT [3 0 104 68 1]
 P 836617 21460 1681499 67607002
PT [3 0 105 68 1]
EMPTY QUEUE
 P 837173 21460 1684898 67681355
PT [3 0 106 66 1]
 P 839301 21460 1684907 67751362
PT [3 0 107 66 1]
 P 839301 21460 1688297 67823542
PT [3 0 108 66 1]
 P 841616 21460 1688300 67895722
PT [3 0 109 66 1]
 P 841616 21460 1691690 67967902
PT [3 0 110 66 1]
EMPTY QUEUE
 P 842108 21460 1695089 68042127
PT [3 0 111 64 1]
 P 842957 21460 1695097 68112262
PT [3 0 112 64 1]
 P 842957 21460 1698487 68184442
PT [3 0 113 64 1]
 P 844389 21460 1698490 68256622
PT [3 0 114 64 1]
 P 844389 21460 1701880 68328802
PT [3 0 115 64 1]
EMPTY QUEUE
 P 844945 21460 1705279 68402515
PT [3 0 116 62 1]
 P 845711 21460 1705288 68473162
PT [3 0 117 62 1]
 P 847029 21460 1705297 68545342
PT [3 0 118 62 1]
 P 849438 21460 1705300 68617522
PT [3 0 119 62 1]
 P 849438 21460 1708690 68689702
PT [3 0 120 62 1]
EMPTY QUEUE
 P 850026 21460 1712090 68763160
PT [3 0 121 60 1]
 P 850026 21460 1715480 68834062
PT [3 0 122 60 1]
 P 851416 21460 1715488 68906242
PT [3 0 123 60 1]
 P 853578 21460 1715491 68978422
PT [3 0 124 60 1]
 P 853578 21460 1718881 69050602
PT [3 0 125 60 1]
EMPTY QUEUE
 P 854134 21460 1722280 69123707
PT [3 0 126 58 1]
 P 854134 21460 1725670 69194962
PT [3 0 127 58 1]
 P 856070 21460 1725678 69267142
PT [3 0 128 58 1]
 P 858732 21460 1725681 69339322
PT [3 0 129 58 1]
 P 858732 21460 1729071 69411502
PT [3 0 130 58 1]
EMPTY QUEUE
 P 859224 21460 1732470 69485759
PT [3 0 131 56 1]
 P 859224 21460 1735860 69555862
PT [3 0 132 56 1]
 P 861698 21460 1735868 69628042
PT [3 0 133 56 1]
 P 862998 21460 1735871 69700222
PT [3 0 134 56 1]
 P 862998 21460 1739261 69772402
PT [3 0 135 56 1]
EMPTY QUEUE
 P 863490 21460 1742660 69847363
PT [3 0 136 54 1]
 P 863490 21460 1746050 69916762
PT [3 0 137 54 1]
 P 864758 21460 1746059 69988942
PT [3 0 138 54 1]
 P 867099 21460 1746063 70061122
PT [3 0 139 54 1]
 P 867099 21460 1749453 70133302
PT [3 0 140 54 1]
EMPTY QUEUE
 P 867623 21460 1752852 70206439
PT [3 0 141 52 1]
 P 867623 21460 1756242 70277662
PT [3 0 142 52 1]
 P 869013 21460 1756250 70349842
PT [3 0 143 52 1]
 P 870248 21460 1756253 70422022
PT [3 0 144 52 1]
 P 870248 21460 1759643 70494202
PT [3 0 145 52 1]
EMPTY QUEUE
 P 870772 21460 1763042 70569067
PT [3 0 146 50 1]
 P 870772 21460 1766432 70638562
PT [3 0 147 50 1]
 P 872262 21460 1766440 70710742
PT [3 0 148 50 1]
 P 874092 21460 1766443 70782922
PT [3 0 149 50 1]
 P 874092 21460 1769833 70855102
PT [3 0 150 50 1]
EMPTY QUEUE
 P 874616 21460 1773232 70929135
PT [3 0 151 48 1]
 P 874616 21460 1776622 70999462
PT [3 0 152 48 1]
 P 876930 21460 1776631 71071642
PT [3 0 153 48 1]
 P 877843 21460 1776635 71143822
PT [3 0 154 48 1]
 P 877843 21460 1780025 71216002
PT [3 0 155 48 1]
EMPTY QUEUE
 P 878335 21460 1783424 71290707
PT [3 0 156 46 1]
 P 878335 21460 1786814 71360362
PT [3 0 157 46 1]
 P 879252 21460 1786823 71432542
PT [3 0 158 46 1]
 P 881081 21460 1786826 71504722
PT [3 0 159 46 1]
 P 881081 21460 1790216 71576902
PT [3 0 160 46 1]
EMPTY QUEUE
 P 881150 21460 1796178 71653940
PT [3 0 161 46 1]
EMPTY QUEUE
 P 881770 21460 1799576 71723051
PT [3 0 162 44 1]
 P 883384 21460 1799584 71793442
PT [3 0 163 44 1]
 P 885921 21460 1799587 71865622
PT [3 0 164 44 1]
 P 885921 21460 1802977 71937802
PT [3 0 165 44 1]
 P 885921 21460 1806367 72009982
PT [3 0 166 44 1]
EMPTY QUEUE
 P 886509 21460 1809765 72084367
PT [3 0 167 41 1]
 P 887649 21460 1809774 72154342
PT [3 0 168 41 1]
 P 889985 21460 1809777 72226522
PT [3 0 169 41 1]
 P 889985 21460 1813167 72298702
PT [3 0 170 41 1]
 P 889985 21460 1816557 72370882
PT [3 0 171 41 1]
EMPTY QUEUE
 P 890573 21460 1819956 72445204
PT [3 0 172 39 1]
 P 891645 21460 1819964 72515242
PT [3 0 173 39 1]
 P 893352 21460 1819967 72587422
PT [3 0 174 39 1]
 P 893352 21460 1823357 72659602
PT [3 0 175 39 1]
 P 893352 21460 1826747 72731782
PT [3 0 176 39 1]
EMPTY QUEUE
 P 893876 21460 1830145 72805462
PT [3 0 177 37 1]
 P 896004 21460 1830153 72876142
PT [3 0 178 37 1]
 P 898720 21460 1830156 72948322
PT [3 0 179 37 1]
 P 898720 21460 1833546 73020502
PT [3 0 180 37 1]
 P 898720 21460 1836936 73092682
PT [3 0 181 37 1]
EMPTY QUEUE
 P 899276 21460 1840334 73167354
PT [3 0 182 35 1]
 P 900125 21460 1840342 73237042
PT [3 0 183 35 1]
 P 902690 21460 1840345 73309222
PT [3 0 184 35 1]
 P 902690 21460 1843735 73381402
PT [3 0 185 35 1]
 P 902690 21460 1847125 73453582
PT [3 0 186 35 1]
EMPTY QUEUE
 P 903247 21460 1850523 73526655
PT [3 0 187 33 1]
 P 904069 21460 1850531 73597942
PT [3 0 188 33 1]
 P 905541 21460 1850534 73670122
PT [3 0 189 33 1]
 P 905541 21460 1853924 73742302
PT [3 0 190 33 1]
 P 905541 21460 1857314 73814482
PT [3 0 191 33 1]
EMPTY QUEUE
 P 905610 21460 1863276 73891616
PT [3 0 192 33 1]
EMPTY QUEUE
 P 908098 21460 1863293 73960023
PT [3 0 193 31 1]
 P 910023 21460 1863297 74031022
PT [3 0 194 31 1]
 P 910023 21460 1866687 74103202
PT [3 0 195 31 1]
 P 910023 21460 1870077 74175382
PT [3 0 196 31 1]
 P 910023 21460 1873467 74247562
PT [3 0 197 31 1]
EMPTY QUEUE
 P 912293 21460 1873484 74320731
PT [3 0 198 29 1]
 P 913763 21460 1873487 74391922
PT [3 0 199 29 1]
 P 913763 21460 1876877 74464102
PT [3 0 200 29 1]
 P 913763 21460 1880267 74536282
PT [3 0 201 29 1]
 P 913763 21460 1883657 74608462
PT [3 0 202 29 1]
EMPTY QUEUE
 P 913774 21460 1887049 74682200
PT [3 0 203 29 1]
EMPTY QUEUE
 P 915739 21460 1887066 74754099
PT [3 0 204 26 1]
 P 916631 21460 1887069 74825002
PT [3 0 205 26 1]
 P 916631 21460 1890459 74897182
PT [3 0 206 26 1]
 P 916631 21460 1893849 74969362
PT [3 0 207 26 1]
 P 916631 21460 1897239 75041542
PT [3 0 208 26 1]
EMPTY QUEUE
 P 918571 21460 1897255 75114710
PT [3 0 209 24 1]
 P 920358 21460 1897258 75185902
PT [3 0 210 24 1]
 P 920358 21460 1900648 75258082
PT [3 0 211 24 1]
 P 920358 21460 1904038 75330262
PT [3 0 212 24 1]
 P 920358 21460 1907428 75402442
PT [3 0 213 24 1]
EMPTY QUEUE
 P 922886 21460 1907444 75476378
PT [3 0 214 22 1]
 P 924263 21460 1907454 75546802
PT [3 0 215 22 1]
 P 925153 21460 1907457 75618982
PT [3 0 216 22 1]
 P 925153 21460 1910847 75691162
PT [3 0 217 22 1]
 P 925153 21460 1914237 75763342
PT [3 0 218 22 1]
EMPTY QUEUE
 P 925644 21460 1917636 75837630
PT [3 0 219 20 1]
 P 926962 21460 1917644 75907702
PT [3 0 220 20 1]
 P 928747 21460 1917647 75979882
PT [3 0 221 20 1]
 P 928747 21460 1921037 76052062
PT [3 0 222 20 1]
 P 928747 21460 1924427 76124242
PT [3 0 223 20 1]
EMPTY QUEUE
 P 929304 21460 1927825 76198531
PT [3 0 224 18 1]
 P 931300 21460 1927833 76268602
PT [3 0 225 18 1]
 P 932678 21460 1927837 76340782
PT [3 0 226 18 1]
 P 932678 21460 1931227 76412962
PT [3 0 227 18 1]
 P 932678 21460 1934617 76485142
PT [3 0 228 18 1]
EMPTY QUEUE
 P 933267 21460 1938016 76558888
PT [3 0 229 17 1]
 P 935681 21460 1938025 76629502
PT [3 0 230 17 1]
 P 938547 21460 1938028 76701682
PT [3 0 231 17 1]
 P 938547 21460 1941418 76773862
PT [3 0 232 17 1]
 P 938547 21460 1944808 76846042
PT [3 0 233 17 1]
EMPTY QUEUE
 P 939103 21460 1948207 76920715
PT [3 0 234 14 1]
 P 940375 21460 1948215 76990402
PT [3 0 235 14 1]
 P 941754 21460 1948223 77062582
PT [3 0 236 14 1]
 P 942640 21460 1948227 77134762
PT [3 0 237 14 1]
 P 942640 21460 1951617 77206942
PT [3 0 238 14 1]
EMPTY QUEUE
 P 943132 21460 1955016 77280303
PT [3 0 239 12 1]
 P 943132 21460 1958406 77351302
PT [3 0 240 12 1]
 P 944451 21460 1958414 77423482
PT [3 0 241 12 1]
 P 946232 21460 1958417 77495662
PT [3 0 242 12 1]
 P 946232 21460 1961807 77567842
PT [3 0 243 12 1]
EMPTY QUEUE
 P 946724 21460 1965206 77640883
PT [3 0 244 10 1]
 P 946724 21460 1968596 77712202
PT [3 0 245 10 1]
 P 948719 21460 1968605 77784382
PT [3 0 246 10 1]
 P 950094 21460 1968608 77856562
PT [3 0 247 10 1]
 P 950094 21460 1971998 77928742
PT [3 0 248 10 1]
EMPTY QUEUE
 P 950618 21460 1975397 78003031
PT [3 0 249 8 1]
 P 950618 21460 1978787 78073102
PT [3 0 250 8 1]
 P 953032 21460 1978795 78145282
PT [3 0 251 8 1]
 P 955895 21460 1978798 78217462
PT [3 0 252 8 1]
 P 955895 21460 1982188 78289642
PT [3 0 253 8 1]
EMPTY QUEUE
 P 956419 21460 1985587 78364635
PT [3 0 254 6 1]
 P 956419 21460 1988977 78434002
PT [3 0 255 6 1]
 P 957745 21460 1988986 78506182
PT [3 0 256 6 1]
 P 959278 21460 1988989 78578362
PT [3 0 257 6 1]
