using saved target 'z1'
../../../../contiki/tools/sky/serialdump-linux -b115200 /dev/ttyUSB4
connecting to /dev/ttyUSB4 (115200) [OK]
Rime started with address 5.0
MAC 05:00:00:00:00:00:00:00 Ref ID: 4841
Contiki-3.x-2125-g5d67a61 started. Node id is set to 5.

************************************************
RTIMER_SECOND = 32768. F_CPU=8000000.
CLOCK_SECOND=128.
DURSLOT = 6015.(0.1835 s).
DURSLEEP = 66165.
DURCYCLE = 72180 .(2.2027 s).
MAX_CLOCK_DRIFT = WAKEUP_ADVANCE_TIME = 327 (0.0049 s).
PERIODIC_BCAST_CYCLES_SENSOR = 822083587.
PERIODIC_BCAST_CYCLES_SINK = 822083587.
MAX_CYCLE_COUNTER = 41728.
MAX_COUNT_NO_RTS_CTS = 65535.
MAX_CHILD_NUM = 10.
MAX_TRY_TO_FIND_PARENT = 3.

**********Below is Related Settings**********
PRIMAC_CONF_COMPOWER = 1.
PRIMAC_CONF_COMPOWER_SUPPORT = 1.
SF = 10.
PRI_SYNC_SUPPORT = 1.
RANDOM_DRIFT_IN_COOJA_SUPPORT = 0.
ADCSC_SUPPORT = 1.
DATA_TX_SUPPORT = 1.
START_GRADE = 60.
CYCLES_PER_PACKET = 2.
DATA_INTERVAL = 1.
RETX_LIMIT = 6.
TOTAL_DATA_NUM = 50.
MAX_DATA_QUEUE_BUFS = 10.
PROC_GRADE_BASED_ON_ADDR_SUPPORT = 1.
NODES_NUM_PER_GRADE = 2.
ADDRESS_FREE_SUPPORT = 1.
IS_COOJA_SIM = 0.
CROSS_PLATFORM_SUPPORT = 1.
************************************************

My address is 28.0.
nullmac PRIMAC, channel check rate 8 Hz, radio channel 26
Starting
Hello, world
 P 0 0 0 1421489
 P 0 0 3390 1493669
 P 0 0 6842 1567456
 P 0 0 10232 1638029
 P 0 0 13622 1710209
 P 0 0 17012 1782389
 P 0 0 20402 1854569
EMPTY QUEUE
 P 402 0 23802 1928129
PT [188 0 1 6 1]
 P 402 0 27192 1998929
PT [188 0 2 6 1]
 P 1876 0 29108 2071109
PT [188 0 3 6 1]
 P 3145 0 31229 2143289
PT [188 0 4 6 1]
 P 3145 0 34619 2215469
PT [188 0 5 6 1]
EMPTY QUEUE
 P 3673 0 38018 2290467
PT [188 0 6 3 1]
 P 3673 0 41408 2359829
PT [188 0 7 3 1]
 P 5066 0 41412 2432009
PT [188 0 8 3 1]
 P 6572 0 41421 2504189
PT [188 0 9 3 1]
 P 6572 0 44811 2576369
PT [188 0 10 3 1]
EMPTY QUEUE
 P 7068 0 48210 2649479
PT [188 0 11 1 1]
 P 7068 0 51600 2720729
PT [188 0 12 1 1]
 P 9200 0 51604 2792909
PT [188 0 13 1 1]
 P 11413 0 51613 2865089
PT [188 0 14 1 1]
 P 11413 0 55003 2937269
PT [188 0 15 1 1]
EMPTY QUEUE
 P 11910 0 58402 3012108
PT [188 0 16 -1 1]
 P 11910 0 61792 3081629
PT [188 0 17 -1 1]
 P 13301 0 61796 3153809
PT [188 0 18 -1 1]
 P 14283 0 61805 3225989
PT [188 0 19 -1 1]
 P 14283 0 65195 3298169
PT [188 0 20 -1 1]
EMPTY QUEUE
 P 14908 0 68594 3372304
PT [188 0 21 -3 1]
 P 14908 0 71984 3442529
PT [188 0 22 -3 1]
 P 17517 0 71988 3514709
PT [188 0 23 -3 1]
 P 19077 0 71997 3586889
PT [188 0 24 -3 1]
 P 19077 0 75387 3659069
PT [188 0 25 -3 1]
EMPTY QUEUE
 P 19638 0 78786 3733844
PT [188 0 26 -5 1]
 P 19638 0 82176 3803429
PT [188 0 27 -5 1]
 P 22237 0 82180 3875609
PT [188 0 28 -5 1]
 P 23443 0 82189 3947789
PT [188 0 29 -5 1]
 P 23443 0 85579 4019969
PT [188 0 30 -5 1]
EMPTY QUEUE
 P 24068 0 88978 4095000
PT [188 0 31 -7 1]
 P 24068 0 92368 4164329
PT [188 0 32 -7 1]
 P 26770 0 92373 4236509
PT [188 0 33 -7 1]
 P 27789 0 92382 4308689
PT [188 0 34 -7 1]
 P 27789 0 95772 4380869
PT [188 0 35 -7 1]
EMPTY QUEUE
 P 28351 0 99171 4455517
PT [188 0 36 -9 1]
 P 28351 0 102561 4525229
PT [188 0 37 -9 1]
 P 29197 0 102564 4597409
PT [188 0 38 -9 1]
 P 31390 0 102573 4669589
PT [188 0 39 -9 1]
 P 31390 0 105963 4741769
PT [188 0 40 -9 1]
EMPTY QUEUE
 P 32015 0 109362 4815648
PT [188 0 41 -11 1]
 P 32015 0 112752 4886129
PT [188 0 42 -11 1]
 P 33696 0 112756 4958309
PT [188 0 43 -11 1]
 P 34492 0 112765 5030489
PT [188 0 44 -11 1]
 P 34492 0 116155 5102669
PT [188 0 45 -11 1]
EMPTY QUEUE
 P 34990 0 119554 5177124
PT [188 0 46 -13 1]
 P 34990 0 122944 5247029
PT [188 0 47 -13 1]
 P 37235 0 122948 5319209
PT [188 0 48 -13 1]
 P 38122 0 122957 5391389
PT [188 0 49 -13 1]
 P 38122 0 126347 5463569
PT [188 0 50 -13 1]
EMPTY QUEUE
 P 38619 0 129746 5538217
PT [188 0 51 -15 1]
 P 38619 0 133136 5607929
PT [188 0 52 -15 1]
 P 41222 0 133140 5680109
PT [188 0 53 -15 1]
 P 43165 0 133149 5752289
PT [188 0 54 -15 1]
 P 43165 0 136539 5824469
PT [188 0 55 -15 1]
EMPTY QUEUE
 P 43726 0 139938 5898859
PT [188 0 56 -17 1]
 P 43726 0 143328 5968829
PT [188 0 57 -17 1]
 P 45842 0 143332 6041009
PT [188 0 58 -17 1]
 P 47557 0 143340 6113189
PT [188 0 59 -17 1]
 P 47557 0 146730 6185369
PT [188 0 60 -17 1]
EMPTY QUEUE
 P 48118 0 150129 6258927
PT [188 0 61 -19 1]
 P 48118 0 153519 6329729
PT [188 0 62 -19 1]
 P 49254 0 153523 6401909
PT [188 0 63 -19 1]
 P 52024 0 153532 6474089
PT [188 0 64 -19 1]
 P 52024 0 156922 6546269
PT [188 0 65 -19 1]
EMPTY QUEUE
 P 52521 0 160321 6620467
PT [188 0 66 -21 1]
 P 52521 0 163711 6690629
PT [188 0 67 -21 1]
 P 55113 0 163715 6762809
PT [188 0 68 -21 1]
 P 56318 0 163724 6834989
PT [188 0 69 -21 1]
 P 56318 0 167114 6907169
PT [188 0 70 -21 1]
EMPTY QUEUE
 P 56879 0 170513 6981623
PT [188 0 71 -23 1]
 P 56879 0 173903 7051529
PT [188 0 72 -23 1]
 P 58555 0 173906 7123709
PT [188 0 73 -23 1]
 P 60401 0 173915 7195889
PT [188 0 74 -23 1]
 P 60401 0 177305 7268069
PT [188 0 75 -23 1]
EMPTY QUEUE
 P 61027 0 180704 7342269
PT [188 0 76 -24 1]
 P 61027 0 184094 7412429
PT [188 0 77 -24 1]
 P 62757 0 184098 7484609
PT [188 0 78 -24 1]
 P 63676 0 184107 7556789
PT [188 0 79 -24 1]
 P 63676 0 187497 7628969
PT [188 0 80 -24 1]
EMPTY QUEUE
 P 64205 0 190896 7702239
PT [188 0 81 -27 1]
 P 64205 0 194286 7773329
PT [188 0 82 -27 1]
 P 65688 0 194289 7845509
PT [188 0 83 -27 1]
 P 67790 0 194299 7917689
PT [188 0 84 -27 1]
 P 67790 0 197689 7989869
PT [188 0 85 -27 1]
EMPTY QUEUE
 P 68383 0 201088 8063907
PT [188 0 86 -29 1]
 P 68383 0 204478 8134229
PT [188 0 87 -29 1]
 P 69825 0 204482 8206409
PT [188 0 88 -29 1]
 P 71764 0 204491 8278589
PT [188 0 89 -29 1]
 P 71764 0 207881 8350769
PT [188 0 90 -29 1]
EMPTY QUEUE
 P 72325 0 211280 8424967
PT [188 0 91 -31 1]
 P 72325 0 214670 8495129
PT [188 0 92 -31 1]
 P 73393 0 214674 8567309
PT [188 0 93 -31 1]
 P 75464 0 214683 8639489
PT [188 0 94 -31 1]
 P 75464 0 218073 8711669
PT [188 0 95 -31 1]
EMPTY QUEUE
 P 76089 0 221472 8785611
PT [188 0 96 -33 1]
 P 76089 0 224862 8856029
PT [188 0 97 -33 1]
 P 78261 0 224866 8928209
PT [188 0 98 -33 1]
 P 79754 0 224875 9000389
PT [188 0 99 -33 1]
 P 79754 0 228265 9072569
PT [188 0 100 -33 1]
EMPTY QUEUE
 P 80379 0 231664 9147727
PT [188 0 101 -35 1]
 P 80379 0 235054 9216929
PT [188 0 102 -35 1]
 P 83068 0 235058 9289109
PT [188 0 103 -35 1]
 P 84119 0 235067 9361289
PT [188 0 104 -35 1]
 P 84119 0 238457 9433469
PT [188 0 105 -35 1]
EMPTY QUEUE
 P 84188 0 244419 9509291
PT [188 0 106 -35 1]
EMPTY QUEUE
 P 84748 0 247818 9579911
PT [188 0 107 -38 1]
 P 85613 0 247822 9650009
PT [188 0 108 -38 1]
 P 87201 0 247831 9722189
PT [188 0 109 -38 1]
 P 87201 0 251221 9794369
PT [188 0 110 -38 1]
 P 87201 0 254611 9866549
PT [188 0 111 -38 1]
EMPTY QUEUE
 P 87729 0 258010 9940971
PT [188 0 112 -40 1]
 P 90290 0 258014 10010909
PT [188 0 113 -40 1]
 P 92934 0 258023 10083089
PT [188 0 114 -40 1]
 P 92934 0 261413 10155269
PT [188 0 115 -40 1]
 P 92934 0 264803 10227449
PT [188 0 116 -40 1]
EMPTY QUEUE
 P 93430 0 268202 10301519
PT [188 0 117 -42 1]
 P 95090 0 268205 10371809
PT [188 0 118 -42 1]
 P 97473 0 268214 10443989
PT [188 0 119 -42 1]
 P 97473 0 271604 10516169
PT [188 0 120 -42 1]
 P 97473 0 274994 10588349
PT [188 0 121 -42 1]
EMPTY QUEUE
 P 97969 0 278393 10661587
PT [188 0 122 -44 1]
 P 99127 0 278396 10732709
PT [188 0 123 -44 1]
 P 99891 0 278404 10804889
PT [188 0 124 -44 1]
 P 99891 0 281794 10877069
PT [188 0 125 -44 1]
 P 99891 0 285184 10949249
PT [188 0 126 -44 1]
EMPTY QUEUE
 P 100514 0 288583 11023319
PT [188 0 127 -46 1]
 P 102331 0 288587 11093609
PT [188 0 128 -46 1]
 P 105097 0 288595 11165789
PT [188 0 129 -46 1]
 P 105097 0 291985 11237969
PT [188 0 130 -46 1]
 P 105097 0 295375 11310149
PT [188 0 131 -46 1]
EMPTY QUEUE
 P 105658 0 298774 11384348
PT [188 0 132 -48 1]
 P 106814 0 298778 11454509
PT [188 0 133 -48 1]
 P 108215 0 298787 11526689
PT [188 0 134 -48 1]
 P 108215 0 302177 11598869
PT [188 0 135 -48 1]
 P 108215 0 305567 11671049
PT [188 0 136 -48 1]
EMPTY QUEUE
 P 108840 0 308966 11744992
PT [188 0 137 -50 1]
 P 109953 0 308970 11815409
PT [188 0 138 -50 1]
 P 112198 72 308991 11890810
PT [188 0 139 -51 1]
 P 113420 302 312405 11961599
PT [188 0 140 -51 1]
 P 114045 374 315806 12034337
PT [188 0 141 -51 1]
 P 115071 446 319217 12106582
PT [188 0 142 -52 1]
 P 117741 446 319230 12176309
PT [188 0 143 -52 1]
 P 119099 446 319248 12249579
PT [188 0 144 -53 1]
 P 119628 518 322649 12322001
PT [188 0 145 -53 1]
 P 120686 590 326059 12394853
PT [188 0 146 -53 1]
 P 121744 662 329469 12467290
PT [188 0 147 -54 1]
 P 124502 662 329482 12537209
PT [188 0 148 -54 1]
 P 125796 662 329485 12609389
PT [188 0 149 -54 1]
 P 128000 662 329489 12681569
PT [188 0 150 -54 1]
 P 130001 662 329493 12753749
PT [188 0 151 -54 1]
 P 133101 662 329511 12827852
PT [188 0 152 -56 1]
 P 135748 734 329530 12900401
PT [188 0 153 -56 1]
 P 139943 806 329569 12972243
PT [188 0 154 -57 1]
 P 142745 878 329589 13043801
PT [188 0 155 -57 1]
 P 145617 950 329618 13116301
PT [188 0 156 -58 1]
 P 148254 1022 329649 13188771
PT [188 0 157 -58 1]
 P 151610 1094 329678 13260533
PT [188 0 158 -58 1]
 P 154240 1166 333107 13333911
PT [188 0 159 -59 1]
 P 156845 1594 339100 13407491
PT [188 0 160 -59 1]
 P 159865 1594 339107 13475549
PT [188 0 161 -59 1]
 P 162260 1594 339111 13547729
PT [188 0 162 -59 1]
 P 165337 1594 339129 13622727
PT [188 0 163 -60 1]
 P 169229 1666 342558 13693179
PT [188 0 164 -61 1]
 P 173128 1810 346884 13765776
PT [188 0 165 -61 1]
 P 177820 1882 352884 13839445
PT [188 0 166 -62 1]
 P 179801 1954 356304 13910826
PT [188 0 167 -62 1]
 P 182343 2026 359723 13983613
PT [188 0 168 -62 1]
 P 186032 2098 363136 14052989
PT [188 0 169 -63 1]
 P 188331 2098 363141 14125169
PT [188 0 170 -63 1]
 P 189949 2098 363145 14197349
PT [188 0 171 -63 1]
 P 191865 2098 363148 14269529
PT [188 0 172 -63 1]
 P 194929 2098 363166 14343695
PT [188 0 173 -64 1]
 P 198698 2242 366598 14416214
PT [188 0 174 -65 1]
 P 202864 2741 366641 14488265
PT [188 0 175 -65 1]
 P 209713 3097 366698 14560331
PT [188 0 176 -66 1]
 P 213592 3597 370131 14633585
PT [188 0 177 -66 1]
 P 217281 4097 373573 14705574
PT [188 0 178 -66 1]
 P 222652 4525 377015 14776169
PT [188 0 179 -67 1]
 P 226998 5026 380458 14848557
PT [188 0 180 -67 1]
 P 232140 5382 385641 14922113
PT [188 0 181 -68 1]
 P 235952 5754 389075 14992726
PT [188 0 182 -68 1]
 P 240664 6182 395078 15067599
PT [188 0 183 -68 1]
 P 243725 6182 395085 15135689
PT [188 0 184 -68 1]
 P 246152 6182 395088 15207869
PT [188 0 185 -68 1]
 P 246712 6254 398489 15282373
PT [188 0 186 -70 1]
 P 248235 6470 401912 15353562
PT [188 0 187 -70 1]
 P 250045 6686 405336 15425837
PT [188 0 188 -71 1]
 P 251726 6902 408760 15498241
PT [188 0 189 -71 1]
 P 254848 7259 411351 15571829
PT [188 0 190 -71 1]
 P 261223 8328 411416 15643753
PT [188 0 191 -72 1]
 P 266974 9398 411477 15715293
PT [188 0 192 -72 1]
 P 271613 9827 416116 15786681
PT [188 0 193 -73 1]
 P 274063 10035 416135 15860485
PT [188 0 194 -73 1]
 P 279510 11107 416194 15932505
PT [188 0 195 -73 1]
 P 286331 11819 416241 16001849
PT [188 0 196 -73 1]
 P 288720 11819 416245 16074029
PT [188 0 197 -73 1]
 P 291786 12175 416267 16148373
PT [188 0 198 -75 1]
 P 297241 13100 421451 16221354
PT [188 0 199 -74 1]
 P 302829 14169 421512 16293437
PT [188 0 200 -75 1]
 P 309606 14954 421574 16365074
PT [188 0 201 -76 1]
 P 313889 15455 421616 16437158
PT [188 0 202 -76 1]
 P 320379 16527 421678 16509369
PT [188 0 203 -77 1]
 P 325794 17597 421739 16581101
PT [188 0 204 -77 1]
 P 332525 18666 421800 16654433
PT [188 0 205 -77 1]
 P 337792 19736 421862 16725108
PT [188 0 206 -78 1]
 P 343338 20165 421897 16795829
PT [188 0 207 -78 1]
 P 345726 20165 421900 16868009
PT [188 0 208 -78 1]
 P 346917 20165 421904 16940189
PT [188 0 209 -78 1]
 P 349625 20165 421908 17012369
PT [188 0 210 -78 1]
 P 351073 20165 421912 17084549
PT [188 0 211 -78 1]
 P 353601 20237 421932 17158765
PT [188 0 212 -80 1]
 P 356102 20237 421936 17228909
PT [188 0 213 -80 1]
 P 358400 20237 421940 17301089
PT [188 0 214 -80 1]
 P 359501 20237 421944 17373269
PT [188 0 215 -80 1]
 P 362238 20237 421947 17445449
PT [188 0 216 -80 1]
 P 363714 20237 421951 17517629
PT [188 0 217 -80 1]
 P 365937 20237 421955 17589809
PT [188 0 218 -80 1]
 P 367059 20237 421959 17661989
PT [188 0 219 -80 1]
 P 368743 20237 421962 17734169
PT [188 0 220 -80 1]
 P 370893 20237 421966 17806349
PT [188 0 221 -80 1]
 P 372483 20237 421970 17878529
PT [188 0 222 -80 1]
 P 374756 20237 421973 17950709
PT [188 0 223 -80 1]
EMPTY QUEUE
 P 377709 20237 421992 18025132
PT [188 0 224 -85 1]
 P 380149 20237 421995 18095069
PT [188 0 225 -85 1]
 P 382576 20237 421999 18167249
PT [188 0 226 -85 1]
 P 384476 20237 422003 18239429
PT [188 0 227 -85 1]
 P 386517 20237 422007 18311609
PT [188 0 228 -85 1]
EMPTY QUEUE
 P 389271 20237 422025 18385871
PT [188 0 229 -87 1]
 P 391793 20237 422029 18455969
PT [188 0 230 -87 1]
 P 393627 20237 422033 18528149
PT [188 0 231 -87 1]
 P 395603 20237 422037 18600329
PT [188 0 232 -87 1]
 P 397752 20237 422041 18672509
PT [188 0 233 -87 1]
 P 398919 20237 422044 18744689
PT [188 0 234 -87 1]
EMPTY QUEUE
 P 401887 20237 422063 18818375
PT [188 0 235 -90 1]
 P 404431 20237 422067 18889049
PT [188 0 236 -90 1]
 P 406288 20237 422071 18961229
PT [188 0 237 -90 1]
 P 408287 20237 422074 19033409
PT [188 0 238 -90 1]
 P 408287 20237 425464 19105589
PT [188 0 239 -90 1]
EMPTY QUEUE
 P 411136 20237 425483 19180331
PT [188 0 240 -92 1]
 P 411136 20237 428873 19249949
PT [188 0 241 -92 1]
 P 411136 20237 432263 19322129
PT [188 0 242 -92 1]
 P 411136 20237 435653 19394309
PT [188 0 243 -92 1]
 P 413348 20237 435657 19466489
PT [188 0 244 -92 1]
EMPTY QUEUE
 P 415596 20237 435676 19539535
PT [188 0 245 -94 1]
 P 415596 20237 439066 19610849
PT [188 0 246 -94 1]
 P 415596 20237 442456 19683029
PT [188 0 247 -94 1]
 P 415596 20237 445846 19755209
PT [188 0 248 -94 1]
 P 417805 20237 445849 19827389
PT [188 0 249 -94 1]
EMPTY QUEUE
 P 419888 20237 445868 19902419
PT [188 0 250 -96 1]
 P 419888 20237 449258 19971749
PT [188 0 251 -96 1]
 P 419888 20237 452648 20043929
PT [188 0 252 -96 1]
 P 419888 20237 456038 20116109
PT [188 0 253 -96 1]
 P 422168 20237 456042 20188289
PT [188 0 254 -96 1]
EMPTY QUEUE
 P 424925 20237 456061 20262775
PT [188 0 255 -98 1]
 P 424925 20237 459451 20332649
PT [188 0 256 -98 1]
 P 424925 20237 462841 20404829
PT [188 0 257 -98 1]
 P 424925 20237 466231 20477009
PT [188 0 258 -98 1]
 P 426495 20237 466234 20549189
PT [188 0 259 -98 1]
EMPTY QUEUE
 P 428006 20237 466253 20622651
PT [188 0 260 -100 1]
 P 428006 20237 469643 20693549
PT [188 0 261 -100 1]
 P 428006 20237 473033 20765729
PT [188 0 262 -100 1]
 P 428006 20237 476423 20837909
PT [188 0 263 -100 1]
 P 429074 20237 476426 20910089
PT [188 0 264 -100 1]
EMPTY QUEUE
 P 430940 20237 476445 20983935
PT [188 0 265 -102 1]
 P 430940 20237 479835 21054449
PT [188 0 266 -102 1]
 P 430940 20237 483225 21126629
PT [188 0 267 -102 1]
 P 430940 20237 486615 21198809
PT [188 0 268 -102 1]
 P 432635 20237 486620 21270989
PT [188 0 269 -102 1]
EMPTY QUEUE
 P 436027 20237 486639 21344805
PT [188 0 270 -104 1]
 P 436027 20237 490029 21415349
PT [188 0 271 -104 1]
 P 436027 20237 493419 21487529
PT [188 0 272 -104 1]
 P 436027 20237 496809 21559709
PT [188 0 273 -104 1]
 P 438144 20237 496813 21631889
PT [188 0 274 -104 1]
EMPTY QUEUE
 P 439851 20237 496830 21705063
PT [188 0 275 -106 1]
 P 439851 20237 500220 21776249
PT [188 0 276 -106 1]
 P 439851 20237 503610 21848429
PT [188 0 277 -106 1]
 P 439851 20237 507000 21920609
PT [188 0 278 -106 1]
 P 441863 20237 507004 21992789
PT [188 0 279 -106 1]
EMPTY QUEUE
 P 444172 20237 507022 22066957
PT [188 0 280 -108 1]
 P 444172 20237 510412 22137149
PT [188 0 281 -108 1]
 P 444172 20237 513802 22209329
PT [188 0 282 -108 1]
 P 444172 20237 517192 22281509
PT [188 0 283 -108 1]
 P 445745 20237 517196 22353689
PT [188 0 284 -108 1]
EMPTY QUEUE
 P 447644 20237 517214 22428304
PT [188 0 285 -110 1]
 P 447644 20237 520604 22498049
PT [188 0 286 -110 1]
 P 447644 20237 523994 22570229
PT [188 0 287 -110 1]
 P 447644 20237 527384 22642409
PT [188 0 288 -110 1]
 P 448827 20237 527388 22714589
PT [188 0 289 -110 1]
EMPTY QUEUE
 P 449388 20237 530787 22788980
PT [188 0 290 -112 1]
 P 451887 20237 530796 22858949
PT [188 0 291 -112 1]
 P 451887 20237 534186 22931129
PT [188 0 292 -112 1]
 P 451887 20237 537576 23003309
PT [188 0 293 -112 1]
 P 454159 20237 537580 23075489
PT [188 0 294 -112 1]
EMPTY QUEUE
 P 454689 20237 540979 23149017
PT [188 0 295 -114 1]
 P 456842 20237 540988 23219849
PT [188 0 296 -114 1]
 P 456842 20237 544378 23292029
PT [188 0 297 -114 1]
 P 456842 20237 547768 23364209
PT [188 0 298 -114 1]
 P 459009 20237 547772 23436389
PT [188 0 299 -114 1]
EMPTY QUEUE
 P 459505 20237 551171 23510588
PT [188 0 300 -116 1]
 P 461284 20237 551180 23580749
PT [188 0 301 -116 1]
 P 461284 20237 554570 23652929
PT [188 0 302 -116 1]
 P 461284 20237 557960 23725109
PT [188 0 303 -116 1]
 P 463873 20237 557964 23797289
PT [188 0 304 -116 1]
EMPTY QUEUE
 P 464372 20237 561363 23871682
PT [188 0 305 -117 1]
 P 465869 20237 561372 23941649
PT [188 0 306 -117 1]
 P 465869 20237 564762 24013829
PT [188 0 307 -117 1]
 P 465869 20237 568152 24086009
PT [188 0 308 -117 1]
 P 467717 20237 568156 24158189
PT [188 0 309 -117 1]
EMPTY QUEUE
 P 468342 20237 571555 24232388
PT [188 0 310 -120 1]
 P 470598 20237 571563 24302549
PT [188 0 311 -120 1]
 P 470598 20237 574953 24374729
PT [188 0 312 -120 1]
 P 470598 20237 578343 24446909
PT [188 0 313 -120 1]
 P 471402 20237 578347 24519089
PT [188 0 314 -120 1]
EMPTY QUEUE
 P 471963 20237 581746 24592392
PT [188 0 315 -122 1]
 P 472790 20237 581755 24663449
PT [188 0 316 -122 1]
 P 472790 20237 585145 24735629
PT [188 0 317 -122 1]
 P 472790 20237 588535 24807809
PT [188 0 318 -122 1]
 P 475240 20237 588539 24879989
PT [188 0 319 -122 1]
EMPTY QUEUE
 P 475865 20237 591938 24954060
PT [188 0 320 -124 1]
 P 477230 20237 591948 25024349
PT [188 0 321 -124 1]
 P 477230 20237 595338 25096529
PT [188 0 322 -124 1]
 P 477230 20237 598728 25168709
PT [188 0 323 -124 1]
 P 477936 20237 598732 25240889
PT [188 0 324 -124 1]
EMPTY QUEUE
 P 478497 20237 602131 25315087
PT [188 0 325 -126 1]
 P 481236 20237 602140 25385249
PT [188 0 326 -126 1]
 P 481236 20237 605530 25457429
PT [188 0 327 -126 1]
 P 481236 20237 608920 25529609
PT [188 0 328 -126 1]
 P 483812 20237 608923 25601789
PT [188 0 329 -126 1]
EMPTY QUEUE
 P 484437 20237 612322 25675731
PT [188 0 330 -128 1]
 P 485677 20237 612331 25746149
PT [188 0 331 -128 1]
 P 485677 20237 615721 25818329
PT [188 0 332 -128 1]
 P 485677 20237 619111 25890509
PT [188 0 333 -128 1]
 P 488069 20237 619115 25962689
PT [188 0 334 -128 1]
EMPTY QUEUE
 P 488566 20237 622514 26037719
PT [188 0 335 -130 1]
 P 490255 20237 622523 26107049
PT [188 0 336 -130 1]
 P 490255 20237 625913 26179229
PT [188 0 337 -130 1]
 P 490255 20237 629303 26251409
PT [188 0 338 -130 1]
 P 492925 20237 629307 26323589
PT [188 0 339 -130 1]
EMPTY QUEUE
 P 493486 20237 632706 26397339
PT [188 0 340 -132 1]
 P 494883 20237 632715 26467949
PT [188 0 341 -132 1]
 P 494883 20237 636105 26540129
PT [188 0 342 -132 1]
 P 494883 20237 639495 26612309
PT [188 0 343 -132 1]
 P 495650 20237 639499 26684489
PT [188 0 344 -132 1]
EMPTY QUEUE
 P 496179 20237 642898 26758399
PT [188 0 345 -134 1]
 P 498091 20237 642907 26828849
PT [188 0 346 -134 1]
 P 498091 20237 646297 26901029
PT [188 0 347 -134 1]
 P 498091 20237 649687 26973209
PT [188 0 348 -134 1]
 P 500251 20237 649691 27045389
PT [188 0 349 -134 1]
EMPTY QUEUE
 P 500748 20237 653090 27118947
PT [188 0 350 -136 1]
 P 501761 20237 653099 27189749
PT [188 0 351 -136 1]
 P 501761 20237 656489 27261929
PT [188 0 352 -136 1]
 P 501761 20237 659879 27334109
PT [188 0 353 -136 1]
 P 503514 20237 659883 27406289
PT [188 0 354 -136 1]
EMPTY QUEUE
 P 504011 20237 663282 27481063
PT [188 0 355 -138 1]
 P 506176 20237 663290 27550649
PT [188 0 356 -138 1]
 P 506176 20237 666680 27622829
PT [188 0 357 -138 1]
 P 506176 20237 670070 27695009
PT [188 0 358 -138 1]
 P 507027 20237 670074 27767189
PT [188 0 359 -138 1]
EMPTY QUEUE
 P 507652 20237 673473 27840747
PT [188 0 360 -140 1]
 P 509590 20237 673482 27911549
PT [188 0 361 -140 1]
 P 509590 20237 676872 27983729
PT [188 0 362 -140 1]
 P 509590 20237 680262 28055909
PT [188 0 363 -140 1]
 P 510226 20237 680265 28128089
PT [188 0 364 -140 1]
EMPTY QUEUE
 P 510787 20237 683664 28201775
PT [188 0 365 -142 1]
 P 513463 20237 683673 28272449
PT [188 0 366 -142 1]
 P 513463 20237 687063 28344629
PT [188 0 367 -142 1]
 P 513463 20237 690453 28416809
PT [188 0 368 -142 1]
 P 515618 20237 690457 28488989
PT [188 0 369 -142 1]
EMPTY QUEUE
 P 516243 20237 693856 28562419
PT [188 0 370 -144 1]
 P 517289 20237 693865 28633349
PT [188 0 371 -144 1]
 P 517289 20237 697255 28705529
PT [188 0 372 -144 1]
 P 517289 20237 700645 28777709
PT [188 0 373 -144 1]
 P 519579 20237 700649 28849889
PT [188 0 374 -144 1]
EMPTY QUEUE
 P 520140 20237 704048 28924471
PT [188 0 375 -146 1]
 P 522560 20237 704057 28994249
PT [188 0 376 -146 1]
 P 522560 20237 707447 29066429
PT [188 0 377 -146 1]
 P 522560 20237 710837 29138609
PT [188 0 378 -146 1]
 P 524555 20237 710841 29210789
PT [188 0 379 -146 1]
EMPTY QUEUE
 P 525180 20237 714240 29284091
PT [188 0 380 -148 1]
 P 526577 20237 714249 29355149
PT [188 0 381 -148 1]
 P 526577 20237 717639 29427329
PT [188 0 382 -148 1]
 P 526577 20237 721029 29499509
PT [188 0 383 -148 1]
 P 527209 20237 721033 29571689
PT [188 0 384 -148 1]
EMPTY QUEUE
 P 527706 20237 724432 29645055
PT [188 0 385 -150 1]
 P 528757 20237 724441 29716049
PT [188 0 386 -150 1]
 P 528757 20237 727831 29788229
PT [188 0 387 -150 1]
 P 528757 20237 731221 29860409
PT [188 0 388 -150 1]
 P 530781 20237 731225 29932589
PT [188 0 389 -150 1]
EMPTY QUEUE
 P 531278 20237 734624 30005635
PT [188 0 390 -152 1]
 P 533056 20237 734633 30076949
PT [188 0 391 -152 1]
 P 533056 20237 738023 30149129
PT [188 0 392 -152 1]
 P 533056 20237 741413 30221309
PT [188 0 393 -152 1]
 P 534546 20237 741417 30293489
PT [188 0 394 -152 1]
EMPTY QUEUE
 P 535107 20237 744816 30367815
PT [188 0 395 -154 1]
 P 537654 20237 744825 30437849
PT [188 0 396 -154 1]
 P 537654 20237 748215 30510029
PT [188 0 397 -154 1]
 P 537654 20237 751605 30582209
PT [188 0 398 -154 1]
 P 538529 20237 751609 30654389
PT [188 0 399 -154 1]
EMPTY QUEUE
 P 539091 20237 755008 30729420
PT [188 0 0 -157 1]
EMPTY QUEUE
 P 542258 20237 755026 30799711
PT [188 0 1 -157 1]
 P 542258 20237 758416 30870929
PT [188 0 2 -157 1]
 P 542258 20237 761806 30943109
PT [188 0 3 -157 1]
 P 543141 20237 761809 31015289
PT [188 0 4 -157 1]
 P 543141 20237 765199 31087469
PT [188 0 5 -157 1]
EMPTY QUEUE
 P 544657 20237 765218 31162435
PT [188 0 6 -159 1]
 P 544657 20237 768608 31231829
PT [188 0 7 -159 1]
 P 544657 20237 771998 31304009
PT [188 0 8 -159 1]
 P 546804 20237 772002 31376189
PT [188 0 9 -159 1]
 P 546804 20237 775392 31448369
PT [188 0 10 -159 1]
EMPTY QUEUE
 P 549686 20237 775410 31522504
PT [188 0 11 -161 1]
 P 549686 20237 778800 31592729
PT [188 0 12 -161 1]
 P 549686 20237 782190 31664909
PT [188 0 13 -161 1]
 P 551491 20237 782193 31737089
PT [188 0 14 -161 1]
 P 551491 20237 785583 31809269
PT [188 0 15 -161 1]
EMPTY QUEUE
 P 552975 20237 785601 31884044
PT [188 0 1 0 1]
 P 552975 20237 788991 31953466
PT [188 0 2 0 1]
 P 552975 20237 792381 32025646
PT [188 0 3 0 1]
 P 554296 20237 792385 32097826
PT [188 0 4 0 1]
 P 554296 20237 795775 32170006
PT [188 0 5 0 1]
EMPTY QUEUE
 P 556353 20237 795794 32244910
PT [188 0 6 -2 1]
 P 556353 20237 799184 32314366
PT [188 0 7 -2 1]
 P 556353 20237 802574 32386546
PT [188 0 8 -2 1]
 P 557363 20237 802578 32458726
PT [188 0 9 -2 1]
 P 557363 20237 805968 32530906
PT [188 0 10 -2 1]
EMPTY QUEUE
 P 558915 20237 805986 32605585
PT [188 0 11 -4 1]
 P 561135 20237 805995 32675266
PT [188 0 12 -4 1]
 P 561135 20237 809385 32747446
PT [188 0 13 -4 1]
 P 562008 20237 809389 32819626
PT [188 0 14 -4 1]
 P 562008 20237 812779 32891806
PT [188 0 15 -4 1]
EMPTY QUEUE
 P 562537 20237 816178 32965589
PT [188 0 16 -6 1]
 P 564316 20237 816187 33036166
PT [188 0 17 -6 1]
 P 564316 20237 819577 33108346
PT [188 0 18 -6 1]
 P 565324 20237 819581 33180526
PT [188 0 19 -6 1]
 P 565324 20237 822971 33252706
PT [188 0 20 -6 1]
EMPTY QUEUE
 P 565950 20237 826370 33327290
PT [188 0 21 -7 1]
 P 568657 20237 826379 33397066
PT [188 0 22 -7 1]
 P 569759 20237 826388 33469246
PT [188 0 23 -7 1]
 P 572130 20237 826391 33541426
PT [188 0 24 -7 1]
 P 572130 20237 829781 33613606
PT [188 0 25 -7 1]
EMPTY QUEUE
 P 572755 20237 833180 33688285
PT [188 0 26 -10 1]
 P 572755 20237 836570 33757966
PT [188 0 27 -10 1]
 P 573833 20237 836579 33830146
PT [188 0 28 -10 1]
 P 574809 20237 836582 33902326
PT [188 0 29 -10 1]
 P 577196 20237 836591 33974506
PT [188 0 30 -10 1]
EMPTY QUEUE
 P 577693 20237 839990 34049376
PT [188 0 31 -12 1]
 P 577693 20237 843380 34118866
PT [188 0 32 -12 1]
 P 577693 20237 846770 34191046
PT [188 0 33 -12 1]
 P 580314 20237 846774 34263226
PT [188 0 34 -12 1]
 P 580314 20237 850164 34335406
PT [188 0 35 -12 1]
EMPTY QUEUE
 P 583438 20237 850182 34408804
PT [188 0 36 -14 1]
 P 583438 20237 853572 34479766
PT [188 0 37 -14 1]
 P 583438 20237 856962 34551946
PT [188 0 38 -14 1]
 P 586194 20237 856966 34624126
PT [188 0 39 -14 1]
 P 586194 20237 860356 34696306
PT [188 0 40 -14 1]
EMPTY QUEUE
 P 588908 20237 860374 34769578
PT [188 0 41 -16 1]
 P 588908 20237 863764 34840666
PT [188 0 42 -16 1]
 P 588908 20237 867154 34912846
PT [188 0 43 -16 1]
 P 591178 20237 867158 34985026
PT [188 0 44 -16 1]
 P 591178 20237 870548 35057206
PT [188 0 45 -16 1]
EMPTY QUEUE
 P 593454 20237 870566 35131884
PT [188 0 46 -18 1]
 P 593454 20237 873956 35201566
PT [188 0 47 -18 1]
 P 593454 20237 877346 35273746
PT [188 0 48 -18 1]
 P 594331 20237 877350 35345926
PT [188 0 49 -18 1]
 P 594331 20237 880740 35418106
PT [188 0 50 -18 1]
EMPTY QUEUE
 P 596358 20237 880758 35491729
PT [188 0 51 -20 1]
 P 596358 20237 884148 35562466
PT [188 0 52 -20 1]
 P 596358 20237 887538 35634646
PT [188 0 53 -20 1]
 P 597701 20237 887542 35706826
PT [188 0 54 -20 1]
 P 597701 20237 890932 35779006
PT [188 0 55 -20 1]
EMPTY QUEUE
 P 600455 20237 890950 35853044
PT [188 0 56 -22 1]
 P 600455 20237 894340 35923366
PT [188 0 57 -22 1]
 P 600455 20237 897730 35995546
PT [188 0 58 -22 1]
 P 602986 20237 897733 36067726
PT [188 0 59 -22 1]
 P 602986 20237 901123 36139906
PT [188 0 60 -22 1]
EMPTY QUEUE
 P 604440 20237 901142 36214009
PT [188 0 61 -24 1]
 P 604440 20237 904532 36284266
PT [188 0 62 -24 1]
 P 604440 20237 907922 36356446
PT [188 0 63 -24 1]
 P 606388 20237 907926 36428626
PT [188 0 64 -24 1]
 P 606388 20237 911316 36500806
PT [188 0 65 -24 1]
EMPTY QUEUE
 P 608282 20237 911334 36574236
PT [188 0 66 -26 1]
 P 608282 20237 914724 36645166
PT [188 0 67 -26 1]
 P 608282 20237 918114 36717346
PT [188 0 68 -26 1]
 P 610684 20237 918118 36789526
PT [188 0 69 -26 1]
 P 610684 20237 921508 36861706
PT [188 0 70 -26 1]
EMPTY QUEUE
 P 613920 20237 921527 36936064
PT [188 0 71 -28 1]
 P 613920 20237 924917 37006066
PT [188 0 72 -28 1]
 P 613920 20237 928307 37078246
PT [188 0 73 -28 1]
 P 615992 20237 928311 37150426
PT [188 0 74 -28 1]
 P 615992 20237 931701 37222606
PT [188 0 75 -28 1]
EMPTY QUEUE
 P 617855 20237 931719 37297540
PT [188 0 76 -30 1]
 P 617855 20237 935109 37366966
PT [188 0 77 -30 1]
 P 617855 20237 938499 37439146
PT [188 0 78 -30 1]
 P 618692 20237 938503 37511326
PT [188 0 79 -30 1]
 P 618692 20237 941893 37583506
PT [188 0 80 -30 1]
EMPTY QUEUE
 P 621005 20237 941911 37658376
PT [188 0 81 -32 1]
 P 621005 20237 945301 37727866
PT [188 0 82 -32 1]
 P 621005 20237 948691 37800046
PT [188 0 83 -32 1]
 P 623680 20237 948695 37872226
PT [188 0 84 -32 1]
 P 623680 20237 952085 37944406
PT [188 0 85 -32 1]
EMPTY QUEUE
 P 625606 20237 952103 38018604
PT [188 0 86 -34 1]
 P 625606 20237 955493 38088766
PT [188 0 87 -34 1]
 P 625606 20237 958883 38160946
PT [188 0 88 -34 1]
 P 627970 20237 958887 38233126
PT [188 0 89 -34 1]
 P 627970 20237 962277 38305306
PT [188 0 90 -34 1]
EMPTY QUEUE
 P 630377 20237 962295 38378384
PT [188 0 91 -36 1]
 P 630377 20237 965685 38449666
PT [188 0 92 -36 1]
 P 630377 20237 969075 38521846
PT [188 0 93 -36 1]
 P 631364 20237 969078 38594026
PT [188 0 94 -36 1]
 P 631364 20237 972468 38666206
PT [188 0 95 -36 1]
EMPTY QUEUE
 P 632943 20237 972486 38740468
PT [188 0 96 -38 1]
 P 635442 20237 972495 38810566
PT [188 0 97 -38 1]
 P 635442 20237 975885 38882746
PT [188 0 98 -38 1]
 P 636563 20237 975889 38954926
PT [188 0 99 -38 1]
 P 636563 20237 979279 39027106
PT [188 0 100 -38 1]
EMPTY QUEUE
 P 637156 20237 982678 39101592
PT [188 0 101 -41 1]
 P 639309 20237 982687 39171466
PT [188 0 102 -41 1]
 P 639309 20237 986077 39243646
PT [188 0 103 -41 1]
 P 640165 20237 986081 39315826
PT [188 0 104 -41 1]
 P 640165 20237 989471 39388006
PT [188 0 105 -41 1]
EMPTY QUEUE
 P 640176 20237 992863 39461584
PT [188 0 106 -41 1]
EMPTY QUEUE
 P 642515 20237 992881 39535120
PT [188 0 107 -43 1]
 P 642515 20237 996271 39604546
PT [188 0 108 -43 1]
 P 643952 20237 996275 39676726
PT [188 0 109 -43 1]
 P 643952 20237 999665 39748906
PT [188 0 110 -43 1]
 P 643952 20237 1003055 39821086
PT [188 0 111 -43 1]
EMPTY QUEUE
 P 645947 20237 1003073 39894358
PT [188 0 112 -45 1]
 P 645947 20237 1006463 39965446
PT [188 0 113 -45 1]
 P 648108 20237 1006468 40037626
PT [188 0 114 -45 1]
 P 648108 20237 1009858 40109806
PT [188 0 115 -45 1]
 P 648108 20237 1013248 40181986
PT [188 0 116 -45 1]
EMPTY QUEUE
 P 650990 20237 1013266 40255321
PT [188 0 117 -47 1]
 P 650990 20237 1016656 40326346
PT [188 0 118 -47 1]
 P 653509 20237 1016660 40398526
PT [188 0 119 -47 1]
 P 653509 20237 1020050 40470706
PT [188 0 120 -47 1]
 P 653509 20237 1023440 40542886
PT [188 0 121 -47 1]
EMPTY QUEUE
 P 654867 20237 1023458 40617598
PT [188 0 122 -49 1]
 P 654867 20237 1026848 40687246
PT [188 0 123 -49 1]
 P 656263 20237 1026852 40759426
PT [188 0 124 -49 1]
 P 656263 20237 1030242 40831606
PT [188 0 125 -49 1]
 P 656263 20237 1033632 40903786
PT [188 0 126 -49 1]
EMPTY QUEUE
 P 658190 20237 1033650 40977441
PT [188 0 127 -51 1]
 P 658190 20237 1037040 41048146
PT [188 0 128 -51 1]
 P 659753 20237 1037044 41120326
PT [188 0 129 -51 1]
 P 659753 20237 1040434 41192506
PT [188 0 130 -51 1]
 P 659753 20237 1043824 41264686
PT [188 0 131 -51 1]
EMPTY QUEUE
 P 663021 20237 1043842 41338757
PT [188 0 132 -53 1]
 P 663021 20237 1047232 41409046
PT [188 0 133 -53 1]
 P 664255 20237 1047235 41481226
PT [188 0 134 -53 1]
 P 664255 20237 1050625 41553406
PT [188 0 135 -53 1]
 P 664255 20237 1054015 41625586
PT [188 0 136 -53 1]
EMPTY QUEUE
 P 665991 20237 1054032 41699561
PT [188 0 137 -55 1]
 P 665991 20237 1057422 41769946
PT [188 0 138 -55 1]
 P 666914 20237 1057425 41842126
PT [188 0 139 -55 1]
 P 666914 20237 1060815 41914306
PT [188 0 140 -55 1]
 P 666914 20237 1064205 41986486
PT [188 0 141 -55 1]
EMPTY QUEUE
 P 669099 20237 1064223 42059885
PT [188 0 142 -57 1]
 P 669099 20237 1067613 42130846
PT [188 0 143 -57 1]
 P 670108 20237 1067617 42203026
PT [188 0 144 -57 1]
 P 670108 20237 1071007 42275206
PT [188 0 145 -57 1]
 P 670108 20237 1074397 42347386
PT [188 0 146 -57 1]
EMPTY QUEUE
 P 672130 20237 1074415 42421873
PT [188 0 147 -59 1]
 P 672130 20237 1077805 42491746
PT [188 0 148 -59 1]
 P 673306 20237 1077808 42563926
PT [188 0 149 -59 1]
 P 673306 20237 1081198 42636106
PT [188 0 150 -59 1]
 P 673306 20237 1084588 42708286
PT [188 0 151 -59 1]
EMPTY QUEUE
 P 675288 20237 1084599 42782660
PT [188 0 152 -59 1]
EMPTY QUEUE
 P 675849 20237 1087998 42854728
PT [188 0 153 -62 1]
 P 678162 20237 1088002 42924826
PT [188 0 154 -62 1]
 P 678162 20237 1091392 42997006
PT [188 0 155 -62 1]
 P 678162 20237 1094782 43069186
PT [188 0 156 -62 1]
 P 679177 20237 1094790 43141366
PT [188 0 157 -62 1]
EMPTY QUEUE
 P 679802 20237 1098189 43215884
PT [188 0 158 -64 1]
 P 682314 20237 1098192 43285726
PT [188 0 159 -64 1]
 P 682314 20237 1101582 43357906
PT [188 0 160 -64 1]
 P 682314 20237 1104972 43430086
PT [188 0 161 -64 1]
 P 684480 20237 1104981 43502266
PT [188 0 162 -64 1]
EMPTY QUEUE
 P 685040 20237 1108381 43576400
PT [188 0 163 -66 1]
 P 686618 20237 1108385 43646626
PT [188 0 164 -66 1]
 P 686618 20237 1111775 43718806
PT [188 0 165 -66 1]
 P 686618 20237 1115165 43790986
PT [188 0 166 -66 1]
 P 688556 20237 1115174 43863166
PT [188 0 167 -66 1]
EMPTY QUEUE
 P 689180 20237 1118574 43936532
PT [188 0 168 -68 1]
 P 690129 20237 1118578 44007526
PT [188 0 169 -68 1]
 P 690129 20237 1121968 44079706
PT [188 0 170 -68 1]
 P 690129 20237 1125358 44151886
PT [188 0 171 -68 1]
 P 692805 20237 1125367 44224066
PT [188 0 172 -68 1]
EMPTY QUEUE
 P 693301 20237 1128767 44298008
PT [188 0 173 -70 1]
 P 694911 20237 1128771 44368426
PT [188 0 174 -70 1]
 P 694911 20237 1132161 44440606
PT [188 0 175 -70 1]
 P 694911 20237 1135551 44512786
PT [188 0 176 -70 1]
 P 695957 20237 1135560 44584966
PT [188 0 177 -70 1]
EMPTY QUEUE
 P 696517 20237 1138960 44659164
PT [188 0 178 -72 1]
 P 697975 20237 1138963 44729326
PT [188 0 179 -72 1]
 P 697975 20237 1142353 44801506
PT [188 0 180 -72 1]
 P 697975 20237 1145743 44873686
PT [188 0 181 -72 1]
 P 700396 20237 1145751 44945866
PT [188 0 182 -72 1]
EMPTY QUEUE
 P 700924 20237 1149151 45019712
PT [188 0 183 -74 1]
 P 703328 20237 1149155 45090226
PT [188 0 184 -74 1]
 P 703328 20237 1152545 45162406
PT [188 0 185 -74 1]
 P 703328 20237 1155935 45234586
PT [188 0 186 -74 1]
 P 704725 20237 1155944 45306766
PT [188 0 187 -74 1]
EMPTY QUEUE
 P 705349 20237 1159344 45381924
PT [188 0 188 -76 1]
 P 707314 20237 1159348 45451126
PT [188 0 189 -76 1]
 P 707314 20237 1162738 45523306
PT [188 0 190 -76 1]
 P 707314 20237 1166128 45595486
PT [188 0 191 -76 1]
 P 708368 20237 1166137 45667666
PT [188 0 192 -76 1]
EMPTY QUEUE
 P 711336 20237 1166156 45742568
PT [188 0 193 -78 1]
 P 712303 20237 1166160 45812026
PT [188 0 194 -78 1]
 P 712303 20237 1169550 45884206
PT [188 0 195 -78 1]
 P 712303 20237 1172940 45956386
PT [188 0 196 -78 1]
 P 712303 20237 1176330 46028566
PT [188 0 197 -78 1]
EMPTY QUEUE
 P 715057 20237 1176349 46101868
PT [188 0 198 -80 1]
 P 717433 20237 1176353 46172926
PT [188 0 199 -80 1]
 P 717433 20237 1179743 46245106
PT [188 0 200 -80 1]
 P 717433 20237 1183133 46317286
PT [188 0 201 -80 1]
 P 717433 20237 1186523 46389466
PT [188 0 202 -80 1]
EMPTY QUEUE
 P 719713 20237 1186541 46462736
PT [188 0 203 -82 1]
 P 721029 20237 1186545 46533826
PT [188 0 204 -82 1]
 P 721029 20237 1189935 46606006
PT [188 0 205 -82 1]
 P 721029 20237 1193325 46678186
PT [188 0 206 -82 1]
 P 721029 20237 1196715 46750366
PT [188 0 207 -82 1]
EMPTY QUEUE
 P 723209 20237 1196733 46825172
PT [188 0 208 -84 1]
 P 725138 20237 1196736 46894726
PT [188 0 209 -84 1]
 P 725138 20237 1200126 46966906
PT [188 0 210 -84 1]
 P 725138 20237 1203516 47039086
PT [188 0 211 -84 1]
 P 725138 20237 1206906 47111266
PT [188 0 212 -84 1]
EMPTY QUEUE
 P 727895 20237 1206924 47184920
PT [188 0 213 -86 1]
 P 728700 20237 1206928 47255626
PT [188 0 214 -86 1]
 P 728700 20237 1210318 47327806
PT [188 0 215 -86 1]
 P 728700 20237 1213708 47399986
PT [188 0 216 -86 1]
 P 728700 20237 1217098 47472166
PT [188 0 217 -86 1]
EMPTY QUEUE
 P 730180 20237 1217117 47546301
PT [188 0 218 -87 1]
 P 731852 20237 1217121 47616526
PT [188 0 219 -87 1]
 P 731852 20237 1220511 47688706
PT [188 0 220 -87 1]
 P 731852 20237 1223901 47760886
PT [188 0 221 -87 1]
 P 731852 20237 1227291 47833066
PT [188 0 222 -87 1]
EMPTY QUEUE
 P 733685 20237 1227309 47907072
PT [188 0 223 -90 1]
 P 736081 20237 1227313 47977426
PT [188 0 224 -90 1]
 P 736081 20237 1230703 48049606
PT [188 0 225 -90 1]
 P 736081 20237 1234093 48121786
PT [188 0 226 -90 1]
 P 736081 20237 1237483 48193966
PT [188 0 227 -90 1]
EMPTY QUEUE
 P 739438 20237 1237501 48267428
PT [188 0 228 -92 1]
 P 741300 20237 1237505 48338326
PT [188 0 229 -92 1]
 P 741300 20237 1240895 48410506
PT [188 0 230 -92 1]
 P 741300 20237 1244285 48482686
PT [188 0 231 -92 1]
 P 741300 20237 1247675 48554866
PT [188 0 232 -92 1]
EMPTY QUEUE
 P 743038 20237 1247693 48629289
PT [188 0 233 -94 1]
 P 744891 20237 1247696 48699226
PT [188 0 234 -94 1]
 P 744891 20237 1251086 48771406
PT [188 0 235 -94 1]
 P 744891 20237 1254476 48843586
PT [188 0 236 -94 1]
 P 744891 20237 1257866 48915766
PT [188 0 237 -94 1]
EMPTY QUEUE
 P 747263 20237 1257884 48990701
PT [188 0 238 -96 1]
 P 748868 20237 1257888 49060126
PT [188 0 239 -96 1]
 P 748868 20237 1261278 49132306
PT [188 0 240 -96 1]
 P 748868 20237 1264668 49204486
PT [188 0 241 -96 1]
 P 748868 20237 1268058 49276666
PT [188 0 242 -96 1]
EMPTY QUEUE
 P 750702 20237 1268076 49351409
PT [188 0 243 -98 1]
 P 752712 20237 1268080 49421026
PT [188 0 244 -98 1]
 P 752712 20237 1271470 49493206
PT [188 0 245 -98 1]
 P 752712 20237 1274860 49565386
PT [188 0 246 -98 1]
 P 752712 20237 1278250 49637566
PT [188 0 247 -98 1]
EMPTY QUEUE
 P 755244 20237 1278268 49711798
PT [188 0 248 -100 1]
 P 756784 20237 1278272 49781926
PT [188 0 249 -100 1]
 P 756784 20237 1281662 49854106
PT [188 0 250 -100 1]
 P 756784 20237 1285052 49926286
PT [188 0 251 -100 1]
 P 756784 20237 1288442 49998466
PT [188 0 252 -100 1]
EMPTY QUEUE
 P 758268 20237 1288460 50071577
PT [188 0 253 -102 1]
 P 760499 20237 1288464 50142826
PT [188 0 254 -102 1]
 P 760499 20237 1291854 50215006
PT [188 0 255 -102 1]
 P 760499 20237 1295244 50287186
PT [188 0 256 -102 1]
 P 760499 20237 1298634 50359366
PT [188 0 257 -102 1]
EMPTY QUEUE
 P 763349 20237 1298651 50433021
PT [188 0 258 -104 1]
 P 765683 20237 1298655 50503726
PT [188 0 259 -104 1]
 P 765683 20237 1302045 50575906
PT [188 0 260 -104 1]
 P 765683 20237 1305435 50648086
PT [188 0 261 -104 1]
 P 765683 20237 1308825 50720266
PT [188 0 262 -104 1]
EMPTY QUEUE
 P 768187 20237 1308843 50793857
PT [188 0 263 -106 1]
 P 770384 20237 1308847 50864626
PT [188 0 264 -106 1]
 P 770384 20237 1312237 50936806
PT [188 0 265 -106 1]
 P 770384 20237 1315627 51008986
PT [188 0 266 -106 1]
 P 770384 20237 1319017 51081166
PT [188 0 267 -106 1]
EMPTY QUEUE
 P 773680 20237 1319035 51156165
PT [188 0 268 -108 1]
 P 774420 20237 1319038 51225526
PT [188 0 269 -108 1]
 P 774420 20237 1322428 51297706
PT [188 0 270 -108 1]
 P 774420 20237 1325818 51369886
PT [188 0 271 -108 1]
 P 774420 20237 1329208 51442066
PT [188 0 272 -108 1]
EMPTY QUEUE
 P 775908 20237 1329226 51516264
PT [188 0 273 -110 1]
 P 777498 20237 1329230 51586426
PT [188 0 274 -110 1]
 P 779926 20237 1329239 51658606
PT [188 0 275 -110 1]
 P 779926 20237 1332629 51730786
PT [188 0 276 -110 1]
 P 779926 20237 1336019 51802966
PT [188 0 277 -110 1]
EMPTY QUEUE
 P 780519 20237 1339418 51877452
PT [188 0 278 -112 1]
 P 781321 20237 1339421 51947326
PT [188 0 279 -112 1]
 P 783546 20237 1339430 52019506
PT [188 0 280 -112 1]
 P 783546 20237 1342820 52091686
PT [188 0 281 -112 1]
 P 783546 20237 1346210 52163866
PT [188 0 282 -112 1]
EMPTY QUEUE
 P 784075 20237 1349609 52237968
PT [188 0 283 -114 1]
 P 786523 20237 1349613 52308226
PT [188 0 284 -114 1]
 P 788243 20237 1349623 52380406
PT [188 0 285 -114 1]
 P 788243 20237 1353013 52452586
PT [188 0 286 -114 1]
 P 788243 20237 1356403 52524766
PT [188 0 287 -114 1]
EMPTY QUEUE
 P 788868 20237 1359802 52598132
PT [188 0 288 -116 1]
 P 789699 20237 1359806 52669126
PT [188 0 289 -116 1]
 P 791255 20237 1359815 52741306
PT [188 0 290 -116 1]
 P 791255 20237 1363205 52813486
PT [188 0 291 -116 1]
 P 791255 20237 1366595 52885666
PT [188 0 292 -116 1]
EMPTY QUEUE
 P 791324 20237 1372557 52961744
PT [188 0 293 -116 1]
 P 792528 20237 1372561 53030026
PT [188 0 294 -116 1]
EMPTY QUEUE
 P 795287 20237 1372579 53104961
PT [188 0 295 -119 1]
 P 795287 20237 1375969 53174386
PT [188 0 296 -119 1]
 P 795287 20237 1379359 53246566
PT [188 0 297 -119 1]
 P 795287 20237 1382749 53318746
PT [188 0 298 -119 1]
 P 797327 20237 1382753 53390926
PT [188 0 299 -119 1]
EMPTY QUEUE
 P 798744 20237 1382770 53464229
PT [188 0 300 -121 1]
 P 798744 20237 1386160 53535286
PT [188 0 301 -121 1]
 P 798744 20237 1389550 53607466
PT [188 0 302 -121 1]
 P 798744 20237 1392940 53679646
PT [188 0 303 -121 1]
 P 800075 20237 1392944 53751826
PT [188 0 304 -121 1]
EMPTY QUEUE
 P 801879 20237 1392962 53825034
PT [188 0 305 -123 1]
 P 801879 20237 1396352 53896186
PT [188 0 306 -123 1]
 P 801879 20237 1399742 53968366
PT [188 0 307 -123 1]
 P 801879 20237 1403132 54040546
PT [188 0 308 -123 1]
 P 802708 20237 1403135 54112726
PT [188 0 309 -123 1]
EMPTY QUEUE
 P 806004 20237 1403152 54187404
PT [188 0 310 -125 1]
 P 806004 20237 1406542 54257086
PT [188 0 311 -125 1]
 P 806004 20237 1409932 54329266
PT [188 0 312 -125 1]
 P 806004 20237 1413322 54401446
PT [188 0 313 -125 1]
 P 808415 20237 1413325 54473626
PT [188 0 314 -125 1]
EMPTY QUEUE
 P 810219 20237 1413342 54547346
PT [188 0 315 -127 1]
 P 810219 20237 1416732 54617986
PT [188 0 316 -127 1]
 P 810219 20237 1420122 54690166
PT [188 0 317 -127 1]
 P 810219 20237 1423512 54762346
PT [188 0 318 -127 1]
 P 811937 20237 1423515 54834526
PT [188 0 319 -127 1]
EMPTY QUEUE
 P 814245 20237 1423533 54908629
PT [188 0 320 -129 1]
 P 814245 20237 1426923 54978886
PT [188 0 321 -129 1]
 P 814245 20237 1430313 55051066
PT [188 0 322 -129 1]
 P 814245 20237 1433703 55123246
PT [188 0 323 -129 1]
 P 816176 20237 1433707 55195426
PT [188 0 324 -129 1]
EMPTY QUEUE
 P 818139 20237 1433725 55269528
PT [188 0 325 -131 1]
 P 818139 20237 1437115 55339786
PT [188 0 326 -131 1]
 P 818139 20237 1440505 55411966
PT [188 0 327 -131 1]
 P 818139 20237 1443895 55484146
PT [188 0 328 -131 1]
 P 819695 20237 1443899 55556326
PT [188 0 329 -131 1]
EMPTY QUEUE
 P 822225 20237 1443917 55629788
PT [188 0 330 -133 1]
 P 822225 20237 1447307 55700686
PT [188 0 331 -133 1]
 P 822225 20237 1450697 55772866
PT [188 0 332 -133 1]
 P 822225 20237 1454087 55845046
PT [188 0 333 -133 1]
 P 825015 20237 1454091 55917226
PT [188 0 334 -133 1]
EMPTY QUEUE
 P 826595 20237 1454108 55991712
PT [188 0 335 -135 1]
 P 829170 20237 1454112 56061586
PT [188 0 336 -135 1]
 P 829170 20237 1457502 56133766
PT [188 0 337 -135 1]
 P 829170 20237 1460892 56205946
PT [188 0 338 -135 1]
 P 829170 20237 1464282 56278126
PT [188 0 339 -135 1]
EMPTY QUEUE
 P 831891 20237 1464300 56352932
PT [188 0 340 -137 1]
 P 834220 20237 1464303 56422486
PT [188 0 341 -137 1]
 P 834220 20237 1467693 56494666
PT [188 0 342 -137 1]
 P 834220 20237 1471083 56566846
PT [188 0 343 -137 1]
 P 834220 20237 1474473 56639026
PT [188 0 344 -137 1]
EMPTY QUEUE
 P 836594 20237 1474491 56713768
PT [188 0 345 -139 1]
 P 838330 20237 1474494 56783386
PT [188 0 346 -139 1]
 P 838330 20237 1477884 56855566
PT [188 0 347 -139 1]
 P 838330 20237 1481274 56927746
PT [188 0 348 -139 1]
 P 838330 20237 1484664 56999926
PT [188 0 349 -139 1]
EMPTY QUEUE
 P 841625 20237 1484682 57074156
PT [188 0 350 -141 1]
 P 843496 20237 1484685 57144286
PT [188 0 351 -141 1]
 P 843496 20237 1488075 57216466
PT [188 0 352 -141 1]
 P 843496 20237 1491465 57288646
PT [188 0 353 -141 1]
 P 843496 20237 1494855 57360826
PT [188 0 354 -141 1]
EMPTY QUEUE
 P 845043 20237 1494873 57433968
PT [188 0 355 -143 1]
 P 846267 20237 1494878 57505186
PT [188 0 356 -143 1]
 P 846267 20237 1498268 57577366
PT [188 0 357 -143 1]
 P 846267 20237 1501658 57649546
PT [188 0 358 -143 1]
 P 846267 20237 1505048 57721726
PT [188 0 359 -143 1]
EMPTY QUEUE
 P 849245 20237 1505066 57795253
PT [188 0 360 -145 1]
 P 851942 20237 1505070 57866086
PT [188 0 361 -145 1]
 P 851942 20237 1508460 57938266
PT [188 0 362 -145 1]
 P 851942 20237 1511850 58010446
PT [188 0 363 -145 1]
 P 851942 20237 1515240 58082626
PT [188 0 364 -145 1]
EMPTY QUEUE
 P 853841 20237 1515258 58156152
PT [188 0 365 -147 1]
 P 855923 20237 1515262 58226986
PT [188 0 366 -147 1]
 P 855923 20237 1518652 58299166
PT [188 0 367 -147 1]
 P 855923 20237 1522042 58371346
PT [188 0 368 -147 1]
 P 855923 20237 1525432 58443526
PT [188 0 369 -147 1]
EMPTY QUEUE
 P 857657 20237 1525450 58518588
PT [188 0 370 -149 1]
 P 859110 20237 1525453 58587886
PT [188 0 371 -149 1]
 P 859110 20237 1528843 58660066
PT [188 0 372 -149 1]
 P 859110 20237 1532233 58732246
PT [188 0 373 -149 1]
 P 859110 20237 1535623 58804426
PT [188 0 374 -149 1]
EMPTY QUEUE
 P 861358 20237 1535641 58878304
PT [188 0 375 -151 1]
 P 863725 20237 1535645 58948786
PT [188 0 376 -151 1]
 P 863725 20237 1539035 59020966
PT [188 0 377 -151 1]
 P 863725 20237 1542425 59093146
PT [188 0 378 -151 1]
 P 863725 20237 1545815 59165326
PT [188 0 379 -151 1]
EMPTY QUEUE
 P 866924 20237 1545834 59239716
PT [188 0 380 -153 1]
 P 869139 20237 1545838 59309686
PT [188 0 381 -153 1]
 P 869139 20237 1549228 59381866
PT [188 0 382 -153 1]
 P 869139 20237 1552618 59454046
PT [188 0 383 -153 1]
 P 869139 20237 1556008 59526226
PT [188 0 384 -153 1]
EMPTY QUEUE
 P 872279 20237 1556026 59600520
PT [188 0 385 -156 1]
 P 874677 20237 1556030 59670586
PT [188 0 386 -156 1]
 P 874677 20237 1559420 59742766
PT [188 0 387 -156 1]
 P 874677 20237 1562810 59814946
PT [188 0 388 -156 1]
 P 874677 20237 1566200 59887126
PT [188 0 389 -156 1]
EMPTY QUEUE
 P 876254 20237 1566218 59960908
PT [188 0 390 -158 1]
 P 877831 20237 1566222 60031486
PT [188 0 391 -158 1]
 P 877831 20237 1569612 60103666
PT [188 0 392 -158 1]
 P 877831 20237 1573002 60175846
PT [188 0 393 -158 1]
 P 877831 20237 1576392 60248026
PT [188 0 394 -158 1]
EMPTY QUEUE
 P 880654 20237 1576411 60322768
PT [188 0 395 -160 1]
 P 881840 20237 1576414 60392386
PT [188 0 396 -160 1]
 P 881840 20237 1579804 60464566
PT [188 0 397 -160 1]
 P 881840 20237 1583194 60536746
PT [188 0 398 -160 1]
 P 881840 20237 1586584 60608926
PT [188 0 399 -160 1]
EMPTY QUEUE
 P 883447 20237 1586603 60682068
PT [188 0 400 -162 1]
 P 885150 20237 1586607 60753286
PT [188 0 401 -162 1]
 P 885150 20237 1589997 60825466
PT [188 0 402 -162 1]
 P 885150 20237 1593387 60897646
PT [188 0 403 -162 1]
 P 885150 20237 1596777 60969826
PT [188 0 404 -162 1]
EMPTY QUEUE
 P 887112 20237 1596796 61044952
PT [188 0 1 0 1]
 P 889511 20237 1596800 61114022
PT [188 0 2 0 1]
 P 889511 20237 1600190 61186202
PT [188 0 3 0 1]
 P 889511 20237 1603580 61258382
PT [188 0 4 0 1]
 P 889511 20237 1606970 61330562
PT [188 0 5 0 1]
EMPTY QUEUE
 P 891122 20237 1606989 61405080
PT [188 0 6 -2 1]
 P 893306 20237 1606992 61474922
PT [188 0 7 -2 1]
 P 893306 20237 1610382 61547102
PT [188 0 8 -2 1]
 P 893306 20237 1613772 61619282
PT [188 0 9 -2 1]
 P 893306 20237 1617162 61691462
PT [188 0 10 -2 1]
EMPTY QUEUE
 P 896164 20237 1617181 61764924
PT [188 0 11 -4 1]
 P 898003 20237 1617190 61835822
PT [188 0 12 -4 1]
 P 900738 20237 1617194 61908002
PT [188 0 13 -4 1]
 P 900738 20237 1620584 61980182
PT [188 0 14 -4 1]
 P 900738 20237 1623974 62052362
PT [188 0 15 -4 1]
EMPTY QUEUE
 P 901234 20237 1627374 62126144
PT [188 0 16 -6 1]
 P 901234 20237 1630764 62196722
PT [188 0 17 -6 1]
 P 903766 20237 1630773 62268902
PT [188 0 18 -6 1]
 P 906433 20237 1630777 62341082
PT [188 0 19 -6 1]
 P 906433 20237 1634167 62413262
PT [188 0 20 -6 1]
EMPTY QUEUE
 P 906929 20237 1637567 62486980
PT [188 0 21 -8 1]
 P 906929 20237 1640957 62557622
PT [188 0 22 -8 1]
 P 909115 20237 1640966 62629802
PT [188 0 23 -8 1]
 P 910842 20237 1640975 62701982
PT [188 0 24 -8 1]
 P 913576 20237 1640979 62774162
PT [188 0 25 -8 1]
EMPTY QUEUE
 P 914104 20237 1644379 62848648
PT [188 0 26 -10 1]
 P 914104 20237 1647769 62918522
PT [188 0 27 -10 1]
 P 914104 20237 1651159 62990702
PT [188 0 28 -10 1]
 P 915661 20237 1651168 63062882
PT [188 0 29 -10 1]
 P 918148 20237 1651172 63135062
PT [188 0 30 -10 1]
EMPTY QUEUE
 P 918772 20237 1654571 63209836
PT [188 0 31 -12 1]
 P 918772 20237 1657961 63279422
PT [188 0 32 -12 1]
 P 918772 20237 1661351 63351602
PT [188 0 33 -12 1]
 P 920972 20237 1661359 63423782
PT [188 0 34 -12 1]
 P 922857 20237 1661362 63495962
PT [188 0 35 -12 1]
EMPTY QUEUE
 P 923353 20237 1664761 63570288
PT [188 0 36 -14 1]
 P 923353 20237 1668151 63640322
PT [188 0 37 -14 1]
 P 923353 20237 1671541 63712502
PT [188 0 38 -14 1]
 P 924240 20237 1671550 63784682
PT [188 0 39 -14 1]
 P 926259 20237 1671553 63856862
PT [188 0 40 -14 1]
EMPTY QUEUE
 P 926787 20237 1674952 63930388
PT [188 0 41 -16 1]
 P 926787 20237 1678342 64001222
PT [188 0 42 -16 1]
 P 926787 20237 1681732 64073402
PT [188 0 43 -16 1]
 P 928092 20237 1681741 64145582
PT [188 0 44 -16 1]
 P 929464 20237 1681745 64217762
PT [188 0 45 -16 1]
EMPTY QUEUE
 P 929475 20237 1685137 64291468
PT [188 0 46 -16 1]
EMPTY QUEUE
 P 929972 20237 1688536 64364140
PT [188 0 47 -18 1]
 P 929972 20237 1691926 64434302
PT [188 0 48 -18 1]
 P 932770 20237 1691935 64506482
PT [188 0 49 -18 1]
 P 935615 20237 1691938 64578662
PT [188 0 50 -18 1]
 P 935615 20237 1695328 64650842
PT [188 0 51 -18 1]
EMPTY QUEUE
 P 936176 20237 1698727 64725296
PT [188 0 52 -20 1]
 P 936176 20237 1702117 64795202
PT [188 0 53 -20 1]
 P 937296 20237 1702126 64867382
PT [188 0 54 -20 1]
 P 939526 20237 1702130 64939562
PT [188 0 55 -20 1]
 P 941953 20237 1702139 65011742
PT [188 0 56 -20 1]
EMPTY QUEUE
 P 942450 20237 1705538 65086612
PT [188 0 57 -22 1]
 P 942450 20237 1708928 65156102
PT [188 0 58 -22 1]
 P 942450 20237 1712318 65228282
PT [188 0 59 -22 1]
 P 944051 20237 1712321 65300462
PT [188 0 60 -22 1]
 P 946276 20237 1712330 65372642
PT [188 0 61 -22 1]
EMPTY QUEUE
 P 946805 20237 1715729 65445944
PT [188 0 62 -24 1]
 P 946805 20237 1719119 65517002
PT [188 0 63 -24 1]
 P 946805 20237 1722509 65589182
PT [188 0 64 -24 1]
 P 949320 20237 1722513 65661362
PT [188 0 65 -24 1]
 P 951040 20237 1722522 65733542
PT [188 0 66 -24 1]
EMPTY QUEUE
 P 951665 20237 1725921 65806876
PT [188 0 67 -26 1]
 P 951665 20237 1729311 65877902
PT [188 0 68 -26 1]
 P 951665 20237 1732701 65950082
PT [188 0 69 -26 1]
 P 954028 20237 1732705 66022262
PT [188 0 70 -26 1]
 P 955583 20237 1732714 66094442
PT [188 0 71 -26 1]
EMPTY QUEUE
 P 956176 20237 1736113 66169216
PT [188 0 72 -28 1]
 P 956176 20237 1739503 66238802
PT [188 0 73 -28 1]
 P 956176 20237 1742893 66310982
PT [188 0 74 -28 1]
 P 958721 20237 1742896 66383162
PT [188 0 75 -28 1]
 P 960918 20237 1742905 66455342
PT [188 0 76 -28 1]
EMPTY QUEUE
 P 961479 20237 1746304 66528996
PT [188 0 77 -30 1]
 P 961479 20237 1749694 66599702
PT [188 0 78 -30 1]
 P 961479 20237 1753084 66671882
PT [188 0 79 -30 1]
 P 963203 20237 1753088 66744062
PT [188 0 80 -30 1]
 P 964090 20237 1753097 66816242
PT [188 0 81 -30 1]
EMPTY QUEUE
 P 964651 20237 1756496 66890344
PT [188 0 82 -32 1]
 P 964651 20237 1759886 66960602
PT [188 0 83 -32 1]
 P 964651 20237 1763276 67032782
PT [188 0 84 -32 1]
 P 965983 20237 1763280 67104962
PT [188 0 85 -32 1]
 P 967289 20237 1763289 67177142
PT [188 0 86 -32 1]
EMPTY QUEUE
 P 967914 20237 1766688 67251244
PT [188 0 87 -34 1]
 P 967914 20237 1770078 67321502
PT [188 0 88 -34 1]
 P 967914 20237 1773468 67393682
PT [188 0 89 -34 1]
 P 969764 20237 1773471 67465862
PT [188 0 90 -34 1]
 P 972562 20237 1773479 67538042
PT [188 0 91 -34 1]
EMPTY QUEUE
 P 973091 20237 1776878 67611472
PT [188 0 92 -36 1]
 P 973091 20237 1780268 67682402
PT [188 0 93 -36 1]
 P 973091 20237 1783658 67754582
PT [188 0 94 -36 1]
 P 975473 20237 1783661 67826762
PT [188 0 95 -36 1]
 P 976650 20237 1783670 67898942
PT [188 0 96 -36 1]
EMPTY QUEUE
 P 977148 20237 1787069 67973301
PT [188 0 97 -38 1]
 P 977148 20237 1790459 68043302
PT [188 0 98 -38 1]
 P 977148 20237 1793849 68115482
PT [188 0 99 -38 1]
 P 979314 20237 1793853 68187662
PT [188 0 100 -38 1]
 P 981060 20237 1793862 68259842
PT [188 0 101 -38 1]
EMPTY QUEUE
 P 981686 20237 1797261 68334777
PT [188 0 102 -39 1]
 P 981686 20237 1800651 68404202
PT [188 0 103 -39 1]
 P 981686 20237 1804041 68476382
PT [188 0 104 -39 1]
 P 983524 20237 1804045 68548562
PT [188 0 105 -39 1]
 P 984861 20237 1804054 68620742
PT [188 0 106 -39 1]
EMPTY QUEUE
 P 985391 20237 1807453 68695517
PT [188 0 107 -43 1]
 P 985391 20237 1810843 68765102
PT [188 0 108 -43 1]
 P 985391 20237 1814233 68837282
PT [188 0 109 -43 1]
 P 986727 20237 1814237 68909462
PT [188 0 110 -43 1]
 P 988697 20237 1814246 68981642
PT [188 0 111 -43 1]
EMPTY QUEUE
 P 989323 20237 1817645 69055937
PT [188 0 112 -43 1]
 P 989323 20237 1821035 69126002
PT [188 0 113 -43 1]
 P 989323 20237 1824425 69198182
PT [188 0 114 -43 1]
 P 991861 20237 1824429 69270362
PT [188 0 115 -43 1]
 P 992817 20237 1824438 69342542
PT [188 0 116 -43 1]
EMPTY QUEUE
 P 993315 20237 1827837 69415621
PT [188 0 117 -47 1]
 P 993315 20237 1831227 69486902
PT [188 0 118 -47 1]
 P 993315 20237 1834617 69559082
PT [188 0 119 -47 1]
 P 995638 20237 1834621 69631262
PT [188 0 120 -47 1]
 P 997862 20237 1834630 69703442
PT [188 0 121 -47 1]
EMPTY QUEUE
 P 997933 20237 1838022 69776536
PT [188 0 122 -47 1]
EMPTY QUEUE
 P 998526 20237 1841421 69849917
PT [188 0 123 -49 1]
 P 998526 20237 1844811 69919982
PT [188 0 124 -49 1]
 P 1001381 20237 1844815 69992162
PT [188 0 125 -49 1]
 P 1003259 20237 1844824 70064342
PT [188 0 126 -49 1]
 P 1003259 20237 1848214 70136522
PT [188 0 127 -49 1]
EMPTY QUEUE
 P 1003328 20237 1854176 70213048
PT [188 0 128 -49 1]
EMPTY QUEUE
 P 1003953 20237 1857575 70283028
PT [188 0 129 -51 1]
 P 1005956 20237 1857579 70353062
PT [188 0 130 -51 1]
 P 1008690 20237 1857587 70425242
PT [188 0 131 -51 1]
 P 1008690 20237 1860977 70497422
PT [188 0 132 -51 1]
 P 1008690 20237 1864367 70569602
PT [188 0 133 -51 1]
EMPTY QUEUE
 P 1009219 20237 1867766 70644024
PT [188 0 134 -53 1]
 P 1010288 20237 1867770 70713962
PT [188 0 135 -53 1]
 P 1011274 20237 1867779 70786142
PT [188 0 136 -53 1]
 P 1011274 20237 1871169 70858322
PT [188 0 137 -53 1]
 P 1011274 20237 1874559 70930502
PT [188 0 138 -53 1]
EMPTY QUEUE
 P 1011804 20237 1877958 71004605
PT [188 0 139 -54 1]
 P 1014410 20237 1877961 71074862
PT [188 0 140 -54 1]
 P 1016890 20237 1877970 71147042
PT [188 0 141 -54 1]
 P 1016890 20237 1881360 71219222
PT [188 0 142 -54 1]
 P 1016890 20237 1884750 71291402
PT [188 0 143 -54 1]
EMPTY QUEUE
 P 1017451 20237 1888149 71364704
PT [188 0 144 -57 1]
 P 1018423 20237 1888152 71435762
PT [188 0 145 -57 1]
 P 1019764 20237 1888161 71507942
PT [188 0 146 -57 1]
 P 1022204 20237 1888170 71580122
PT [188 0 147 -57 1]
 P 1022204 20237 1891560 71652302
PT [188 0 148 -57 1]
EMPTY QUEUE
 P 1022829 20237 1894959 71727300
PT [188 0 149 -60 1]
 P 1025560 20237 1894963 71796662
PT [188 0 150 -60 1]
 P 1025560 20237 1898353 71868842
PT [188 0 151 -60 1]
 P 1025560 20237 1901743 71941022
PT [188 0 152 -60 1]
 P 1028059 20237 1901752 72013202
PT [188 0 153 -60 1]
EMPTY QUEUE
 P 1028620 20237 1905151 72086536
PT [188 0 154 -62 1]
 P 1031278 20237 1905155 72157562
PT [188 0 155 -62 1]
 P 1031278 20237 1908545 72229742
PT [188 0 156 -62 1]
 P 1031278 20237 1911935 72301922
PT [188 0 157 -62 1]
 P 1033432 20237 1911944 72374102
PT [188 0 158 -62 1]
EMPTY QUEUE
 P 1034025 20237 1915344 72447405
PT [188 0 159 -64 1]
 P 1036850 20237 1915347 72518462
PT [188 0 160 -64 1]
 P 1036850 20237 1918737 72590642
PT [188 0 161 -64 1]
 P 1036850 20237 1922127 72662822
PT [188 0 162 -64 1]
 P 1038629 20237 1922136 72735002
PT [188 0 163 -64 1]
EMPTY QUEUE
 P 1039158 20237 1925535 72809712
PT [188 0 164 -66 1]
 P 1040190 20237 1925538 72879362
PT [188 0 165 -66 1]
 P 1040190 20237 1928928 72951542
PT [188 0 166 -66 1]
 P 1040190 20237 1932318 73023722
PT [188 0 167 -66 1]
 P 1041688 20237 1932327 73095902
PT [188 0 168 -66 1]
EMPTY QUEUE
 P 1042248 20237 1935727 73169556
PT [188 0 169 -68 1]
 P 1044561 20237 1935731 73240262
PT [188 0 170 -68 1]
 P 1044561 20237 1939121 73312442
PT [188 0 171 -68 1]
 P 1044561 20237 1942511 73384622
PT [188 0 172 -68 1]
 P 1046817 20237 1942520 73456802
PT [188 0 173 -68 1]
EMPTY QUEUE
 P 1047377 20237 1945920 73530904
PT [188 0 174 -70 1]
 P 1049394 20237 1945925 73601162
PT [188 0 175 -70 1]
 P 1049394 20237 1949315 73673342
PT [188 0 176 -70 1]
 P 1049394 20237 1952705 73745522
PT [188 0 177 -70 1]
 P 1050222 20237 1952714 73817702
PT [188 0 178 -70 1]
EMPTY QUEUE
 P 1050846 20237 1956114 73891804
PT [188 0 179 -72 1]
 P 1051851 20237 1956118 73962062
PT [188 0 180 -72 1]
 P 1051851 20237 1959508 74034242
PT [188 0 181 -72 1]
 P 1051851 20237 1962898 74106422
PT [188 0 182 -72 1]
 P 1053216 20237 1962906 74178602
PT [188 0 183 -72 1]
EMPTY QUEUE
 P 1053776 20237 1966306 74252064
PT [188 0 184 -74 1]
 P 1054676 20237 1966310 74322962
PT [188 0 185 -74 1]
 P 1054676 20237 1969700 74395142
PT [188 0 186 -74 1]
 P 1054676 20237 1973090 74467322
PT [188 0 187 -74 1]
 P 1057415 20237 1973099 74539502
PT [188 0 188 -74 1]
EMPTY QUEUE
 P 1057484 20237 1979061 74615996
PT [188 0 189 -74 1]
 P 1059793 20237 1979065 74683862
PT [188 0 190 -74 1]
EMPTY QUEUE
 P 1060418 20237 1982464 74758188
PT [188 0 191 -76 1]
 P 1060418 20237 1985854 74828222
PT [188 0 192 -76 1]
 P 1061597 20237 1985863 74900402
PT [188 0 193 -76 1]
 P 1064095 20237 1985872 74972582
PT [188 0 194 -76 1]
 P 1066658 20237 1985875 75044762
PT [188 0 195 -76 1]
EMPTY QUEUE
 P 1067047 20237 1989271 75119521
PT [188 0 196 -76 1]
EMPTY QUEUE
 P 1067575 20237 1992670 75191172
PT [188 0 197 -79 1]
 P 1067575 20237 1996060 75261302
PT [188 0 198 -79 1]
 P 1069728 20237 1996069 75333482
PT [188 0 199 -79 1]
 P 1071884 20237 1996073 75405662
PT [188 0 200 -79 1]
 P 1071884 20237 1999463 75477842
PT [188 0 201 -79 1]
EMPTY QUEUE
 P 1072412 20237 2002862 75552264
PT [188 0 202 -81 1]
 P 1072412 20237 2006252 75622202
PT [188 0 203 -81 1]
 P 1074195 20237 2006260 75694382
PT [188 0 204 -81 1]
 P 1075099 20237 2006264 75766562
PT [188 0 205 -81 1]
 P 1077586 20237 2006273 75838742
PT [188 0 206 -81 1]
EMPTY QUEUE
 P 1078147 20237 2009672 75913678
PT [188 0 207 -83 1]
 P 1078147 20237 2013062 75983102
PT [188 0 208 -83 1]
 P 1078147 20237 2016452 76055282
PT [188 0 209 -83 1]
 P 1080335 20237 2016456 76127462
PT [188 0 210 -83 1]
 P 1082476 20237 2016465 76199642
PT [188 0 211 -83 1]
EMPTY QUEUE
 P 1083101 20237 2019864 76273041
PT [188 0 212 -85 1]
 P 1083101 20237 2023254 76344002
PT [188 0 213 -85 1]
 P 1083101 20237 2026644 76416182
PT [188 0 214 -85 1]
 P 1084863 20237 2026648 76488362
PT [188 0 215 -85 1]
 P 1086642 20237 2026657 76560542
PT [188 0 216 -85 1]
EMPTY QUEUE
 P 1087204 20237 2030056 76633814
PT [188 0 217 -87 1]
 P 1087204 20237 2033446 76704902
PT [188 0 218 -87 1]
 P 1087204 20237 2036836 76777082
PT [188 0 219 -87 1]
 P 1088242 20237 2036840 76849262
PT [188 0 220 -87 1]
 P 1089739 20237 2036849 76921442
PT [188 0 221 -87 1]
EMPTY QUEUE
 P 1090268 20237 2040248 76996153
PT [188 0 222 -89 1]
 P 1090268 20237 2043638 77065802
PT [188 0 223 -89 1]
 P 1090268 20237 2047028 77137982
PT [188 0 224 -89 1]
 P 1091424 20237 2047032 77210162
PT [188 0 225 -89 1]
 P 1093681 20237 2047041 77282342
PT [188 0 226 -89 1]
EMPTY QUEUE
 P 1094177 20237 2050440 77355933
PT [188 0 227 -91 1]
 P 1094177 20237 2053830 77426702
PT [188 0 228 -91 1]
 P 1094177 20237 2057220 77498882
PT [188 0 229 -91 1]
 P 1096488 20237 2057223 77571062
PT [188 0 230 -91 1]
 P 1097316 20237 2057232 77643242
PT [188 0 231 -91 1]
EMPTY QUEUE
 P 1097813 20237 2060631 77717281
PT [188 0 232 -93 1]
 P 1097813 20237 2064021 77787602
PT [188 0 233 -93 1]
 P 1097813 20237 2067411 77859782
PT [188 0 234 -93 1]
 P 1099890 20237 2067415 77931962
PT [188 0 235 -93 1]
 P 1101256 20237 2067424 78004142
PT [188 0 236 -93 1]
EMPTY QUEUE
 P 1101881 20237 2070823 78078245
PT [188 0 237 -95 1]
 P 1101881 20237 2074213 78148502
PT [188 0 238 -95 1]
 P 1101881 20237 2077603 78220682
PT [188 0 239 -95 1]
 P 1103201 20237 2077607 78292862
PT [188 0 240 -95 1]
 P 1105941 20237 2077616 78365042
PT [188 0 241 -95 1]
EMPTY QUEUE
 P 1106502 20237 2081015 78438505
PT [188 0 242 -97 1]
 P 1106502 20237 2084405 78509402
PT [188 0 243 -97 1]
