23341 R 2.0 1 1 27 1
23808 R 2.0 2 1 366 2
23905 R 2.0 3 1 335 3
23999 R 2.0 4 1 301 4
24092 R 3.0 1 2 756 5
24183 R 2.0 5 1 357 6
24280 R 3.0 2 2 817 7
24374 R 2.0 6 1 420 8
24467 R 3.0 3 2 876 9
24558 R 3.0 4 2 839 10
24653 R 2.0 7 1 571 11
24749 R 5.0 1 3 1372 12
24775 R 2.0 8 1 565 13
24796 R 3.0 5 2 949 14
25216 R 2.0 9 1 878 15
25310 R 5.0 2 3 1805 16
25408 R 5.0 3 3 1775 17
25433 R 2.0 10 1 967 18
25449 R 3.0 6 2 1473 19
25476 R 2.0 11 1 882 20
25497 R 2.0 12 1 775 21
25524 R 2.0 13 1 674 22
26156 R 2.0 14 1 1178 23
26249 R 2.0 15 1 1143 24
26348 R 2.0 16 1 1114 25
26373 R 2.0 17 1 1011 26
26389 R 2.0 18 1 899 27
26415 R 2.0 19 1 797 28
26437 R 5.0 4 3 2676 29
26464 R 2.0 20 1 718 30
26628 R 3.0 7 2 2525 31
26720 R 5.0 5 3 2831 32
26818 R 3.0 8 2 2586 33
27007 R 2.0 21 1 1397 34
27099 R 2.0 22 1 713 35
27189 R 2.0 23 1 675 36
27289 R 4.0 1 3 3924 37
27565 R 2.0 24 1 923 38
27659 R 4.0 2 3 4168 39
27759 R 2.0 25 1 989 40
27846 R 3.0 9 2 3487 41
27872 R 4.0 3 3 4253 42
28038 R 2.0 26 1 1140 43
28132 R 2.0 27 1 1106 44
28226 R 2.0 28 1 1072 45
28247 R 2.0 29 1 965 46
28276 R 2.0 30 1 866 47
28298 R 3.0 10 2 3811 48
28316 R 2.0 31 1 650 49
28339 R 2.0 32 1 545 50
28511 R 2.0 33 1 589 51
28600 R 3.0 11 2 3985 52
28623 R 2.0 34 1 573 53
28645 R 2.0 35 1 467 54
28669 R 2.0 36 1 364 55
28697 R 2.0 37 1 263 56
28722 R 3.0 12 2 2955 57
28739 R 2.0 38 1 177 58
28765 R 2.0 39 1 75 59
28978 R 2.0 40 1 160 60
29072 R 2.0 41 1 126 61
29164 R 3.0 13 2 3269 62
29445 R 3.0 14 2 3422 63
29539 R 2.0 42 1 465 64
29639 R 3.0 15 2 3360 65
29728 R 2.0 43 1 526 66
29824 R 3.0 16 2 3161 67
29918 R 2.0 44 1 588 68
30107 R 3.0 17 2 3993 69
30195 R 3.0 18 2 3276 70
30218 R 2.0 45 1 760 71
30391 R 3.0 19 2 3344 72
30482 R 2.0 46 1 896 73
30572 R 3.0 20 2 2885 74
30667 R 3.0 21 2 2596 75
30690 R 3.0 22 2 2107 76
30855 R 2.0 47 1 1013 77
30954 R 2.0 48 1 984 78
31041 R 2.0 49 1 815 79
31068 R 2.0 50 1 714 80
31089 R 3.0 23 2 2122 81
31116 R 3.0 24 2 2021 82
31135 R 3.0 25 2 1912 83
31163 R 2.0 51 1 553 84
31325 R 2.0 52 1 587 85
31419 R 3.0 26 2 2068 86
31442 R 2.0 53 1 576 87
31465 R 2.0 54 1 471 88
31489 R 2.0 55 1 367 89
31517 R 2.0 56 1 267 90
31542 R 5.0 7 3 7396 91
31558 R 2.0 57 1 180 92
31585 R 2.0 58 1 79 93
31798 R 2.0 59 1 164 94
32265 R 2.0 60 1 503 95
32358 R 3.0 27 2 2879 96
32735 R 3.0 28 2 3128 97
32828 R 2.0 61 1 938 98
32926 R 3.0 29 2 3191 99
32952 R 2.0 62 1 934 100
32968 R 3.0 30 2 3105 101
32994 R 2.0 63 1 848 102
33016 R 5.0 8 3 8743 103
33043 R 3.0 31 2 2668 104
33207 R 2.0 64 1 933 105
33299 R 2.0 65 1 897 106
33397 R 2.0 66 1 611 107
33484 R 2.0 67 1 570 108
33586 R 2.0 68 1 544 109
33678 R 2.0 69 1 508 110
34144 R 3.0 32 2 3641 111
34238 R 3.0 33 2 3607 112
34336 R 2.0 70 1 1038 113
34361 R 3.0 34 2 3474 114
34378 R 2.0 71 1 952 115
34404 R 3.0 35 2 3005 116
34426 R 2.0 72 1 872 117
34614 R 3.0 36 2 2831 118
34708 R 3.0 37 2 2797 119
34803 R 2.0 73 1 1121 120
34826 R 2.0 74 1 632 121
34848 R 2.0 75 1 526 122
34872 R 2.0 76 1 422 123
34900 R 2.0 77 1 322 124
34925 R 3.0 38 2 2886 125
35085 R 3.0 39 2 2917 126
35181 R 2.0 78 1 475 127
35270 R 2.0 79 1 436 128
35298 R 2.0 80 1 336 129
35322 R 2.0 81 1 232 130
35343 R 5.0 9 3 13788 131
35372 R 2.0 82 1 154 132
35394 R 2.0 83 1 48 133
35648 R 2.0 84 1 252 134
35672 R 3.0 40 2 3377 135
35694 R 2.0 85 1 92 136
36028 R 2.0 86 1 298 137
36964 R 2.0 88 1 978 138
37058 R 3.0 41 2 3867 139
37156 R 3.0 42 2 3837 140
37181 R 2.0 89 1 1067 141
37197 R 3.0 43 2 3750 142
37224 R 2.0 90 1 982 143
37434 R 3.0 44 2 3858 144
37528 R 2.0 91 1 1158 145
37627 R 5.0 10 3 13098 146
37717 R 2.0 92 1 1091 147
37809 R 2.0 93 1 799 148
38374 R 2.0 94 1 1236 149
38467 R 2.0 95 1 1201 150
38565 R 2.0 96 1 1171 151
38591 R 3.0 45 2 4888 152
38607 R 3.0 46 2 4008 153
38633 R 2.0 97 1 1111 154
38655 R 3.0 47 2 3928 155
38682 R 2.0 98 1 1032 156
38846 R 2.0 99 1 1068 157
38938 R 3.0 48 2 3699 158
39126 R 2.0 100 1 1326 159
39313 R 3.0 49 2 3690 160
39407 R 3.0 50 2 3399 161
39507 R 3.0 51 2 3371 162
39597 R 3.0 52 2 3333 163
39692 R 3.0 53 2 3300 164
39786 R 5.0 12 3 15001 165
39878 R 3.0 54 2 2461 166
39976 R 3.0 55 2 2431 167
40063 R 3.0 56 2 2389 168
40165 R 3.0 57 2 2236 169
40257 R 3.0 58 2 1432 170
40347 R 3.0 59 2 1394 171
40442 R 3.0 60 2 1361 172
40536 R 3.0 61 2 1199 173
40628 R 3.0 62 2 1163 174
40726 R 3.0 63 2 1132 175
40821 R 3.0 64 2 1100 176
40915 R 5.0 14 3 15873 177
41007 R 5.0 15 3 15837 178
41104 R 5.0 16 3 14399 179
41192 R 3.0 65 2 1215 180
41286 R 3.0 66 2 1181 181
41386 R 4.0 9 3 16999 182
41475 R 4.0 10 3 16959 183
41571 R 3.0 67 2 1210 184
41665 R 3.0 68 2 1176 185
41757 R 3.0 69 2 1140 186
41854 R 5.0 17 3 12333 187
41950 R 3.0 70 2 1205 188
42044 R 3.0 71 2 1170 189
42133 R 3.0 72 2 1131 190
42157 R 3.0 73 2 1028 191
42603 R 5.0 18 3 12698 192
42697 R 5.0 19 3 10360 193
42796 R 5.0 20 3 9050 194
42886 R 3.0 74 2 2886 195
42982 R 3.0 75 2 1469 196
43076 R 5.0 21 3 7027 197
43167 R 5.0 22 3 6606 198
43543 R 3.0 76 2 1798 199
43637 R 3.0 77 2 1740 200
43826 R 3.0 78 2 1915 201
43922 R 5.0 23 3 5056 202
44107 R 3.0 79 2 1651 203
44130 R 3.0 80 2 1337 204
44153 R 3.0 81 2 1232 205
45422 R 5.0 25 3 5532 206
45516 R 3.0 82 2 2338 207
45616 R 3.0 83 2 2311 208
45706 R 3.0 84 2 2145 209
45801 R 3.0 85 2 2112 210
45895 R 3.0 86 2 2078 211
45987 R 3.0 87 2 2042 212
46085 R 5.0 26 3 10022 213
46175 R 3.0 88 2 2102 214
46198 R 3.0 89 2 1613 215
46362 R 3.0 90 2 1649 216
46462 R 3.0 91 2 1621 217
46551 R 5.0 27 3 5766 218
46574 R 3.0 92 2 1605 219
46596 R 5.0 28 3 5427 220
46621 R 5.0 29 3 5324 221
46832 R 5.0 30 3 5406 222
46926 R 3.0 93 2 1701 223
47026 R 3.0 94 2 1672 224
47115 R 3.0 95 2 1634 225
47138 R 3.0 96 2 1529 226
47302 R 3.0 97 2 1565 227
47402 R 3.0 98 2 1537 228
47491 R 3.0 99 2 1497 229
47772 R 3.0 100 2 1651 230
47866 R 5.0 31 3 6185 231
48055 R 5.0 32 3 6365 232
48151 R 5.0 33 3 5958 233
48712 R 5.0 34 3 5622 234
48806 R 5.0 35 3 5589 235
48829 R 5.0 36 3 4716 236
48852 R 5.0 37 3 3842 237
48876 R 5.0 38 3 3739 238
48904 R 5.0 39 3 3639 239
48929 R 5.0 40 3 3536 240
48946 R 5.0 41 3 2529 241
49181 R 5.0 42 3 2380 242
49274 R 5.0 43 3 2343 243
49373 R 4.0 13 3 24473 244
49469 R 4.0 14 3 22777 245
49556 R 4.0 15 3 20048 246
49657 R 4.0 16 3 17334 247
49748 R 4.0 17 3 14609 248
50592 R 5.0 45 3 3150 249
50685 R 5.0 46 3 3115 250
50785 R 5.0 47 3 3088 251
50875 R 5.0 48 3 3050 252
50971 R 5.0 49 3 3017 253
51064 R 5.0 50 3 2983 254
51532 R 5.0 51 3 3322 255
51555 R 5.0 52 3 3217 256
51578 R 5.0 53 3 3113 257
52001 R 5.0 54 3 2768 258
52095 R 4.0 18 3 14138 259
52195 R 4.0 19 3 11935 260
52285 R 4.0 20 3 11896 261
52380 R 4.0 21 3 9816 262
52941 R 4.0 22 3 7433 263
53035 R 5.0 55 3 3418 264
53135 R 5.0 56 3 3390 265
53412 R 5.0 57 3 3539 266
53435 R 5.0 58 3 3434 267
53457 R 5.0 59 3 3328 268
53881 R 5.0 60 3 3624 269
53975 R 5.0 61 3 3588 270
54069 R 5.0 62 3 3556 271
54093 R 5.0 63 3 3452 272
54351 R 5.0 64 3 3582 273
54445 R 5.0 65 3 2908 274
54821 R 5.0 66 3 2771 275
54915 R 5.0 67 3 2738 276
54938 R 5.0 68 3 2633 277
54961 R 5.0 69 3 2527 278
55761 R 5.0 71 3 3072 279
56231 R 5.0 72 3 3413 280
56324 R 5.0 73 3 3379 281
56424 R 5.0 74 3 3351 282
56701 R 5.0 75 3 3500 283
57171 R 5.0 76 3 3842 284
57264 R 5.0 77 3 3807 285
57364 R 5.0 78 3 3778 286
57454 R 5.0 79 3 3740 287
57640 R 5.0 80 3 3797 288
57734 R 5.0 81 3 3765 289
58110 R 5.0 82 3 4013 290
58580 R 5.0 83 3 4354 291
58674 R 5.0 84 3 4320 292
58774 R 5.0 85 3 3909 293
58864 R 5.0 86 3 3870 294
58959 R 5.0 87 3 3710 295
59051 R 5.0 88 3 3674 296
59520 R 5.0 89 3 4015 297
59614 R 5.0 90 3 3980 298
59990 R 5.0 91 3 4229 299
60460 R 4.0 24 3 12009 300
60554 R 4.0 25 3 11974 301
60653 R 4.0 26 3 11946 302
60743 R 4.0 27 3 11907 303
60839 R 5.0 92 3 4950 304
60933 R 5.0 93 3 4915 305
61400 R 5.0 94 3 5255 306
61870 R 5.0 95 3 5596 307
61963 R 5.0 96 3 5561 308
62063 R 5.0 97 3 7070 309
62340 R 5.0 98 3 5683 310
62433 R 4.0 28 3 11294 311
62533 R 4.0 29 3 11265 312
62623 R 4.0 30 3 11226 313
62719 R 4.0 31 3 11195 314
62812 R 5.0 99 3 6027 315
62904 R 5.0 100 3 7426 316
63002 R 4.0 32 3 11349 317
63090 R 4.0 33 3 9133 318
63191 R 4.0 34 3 6418 319
63283 R 4.0 35 3 6383 320
63373 R 4.0 36 3 6345 321
63468 R 4.0 37 3 6312 322
63562 R 4.0 38 3 4486 323
63654 R 4.0 39 3 4449 324
63752 R 4.0 40 3 4419 325
63777 R 4.0 41 3 4316 326
63800 R 4.0 42 3 3316 327
63823 R 4.0 43 3 3210 328
63847 R 4.0 44 3 3107 329
64219 R 4.0 45 3 3350 330
64313 R 4.0 46 3 3317 331
64413 R 4.0 47 3 3288 332
64503 R 4.0 48 3 3250 333
64598 R 4.0 49 3 3218 334
64692 R 4.0 50 3 2799 335
64784 R 4.0 51 3 2763 336
64878 R 4.0 52 3 2730 337
64901 R 4.0 53 3 2624 338
64923 R 4.0 54 3 2518 339
65160 R 4.0 55 3 1858 340
65183 R 4.0 56 3 1754 341
65629 R 4.0 57 3 2072 342
65729 R 4.0 58 3 2044 343
65818 R 4.0 59 3 2005 344
65914 R 4.0 60 3 1717 345
66008 R 4.0 61 3 1683 346
66100 R 4.0 62 3 1648 347
66197 R 4.0 63 3 1616 348
66285 R 4.0 64 3 1577 349
66663 R 4.0 65 3 2060 350
66690 R 4.0 66 3 1725 351
66715 R 4.0 67 3 1623 352
67040 R 4.0 68 3 1435 353
67136 R 4.0 69 3 1404 354
67230 R 4.0 70 3 1369 355
67321 R 4.0 71 3 1332 356
67419 R 4.0 72 3 1302 357
68447 R 4.0 73 3 3895 358
68548 R 4.0 74 3 2176 359
68640 R 4.0 75 3 2139 360
68730 R 4.0 76 3 2101 361
68826 R 4.0 77 3 2069 362
68919 R 4.0 78 3 1906 363
69389 R 4.0 79 3 2647 364
69412 R 4.0 80 3 2143 365
69858 R 4.0 82 3 2332 366
70328 R 4.0 83 3 2291 367
70421 R 4.0 84 3 2256 368
70446 R 4.0 85 3 2153 369
70473 R 4.0 86 3 2052 370
70797 R 4.0 87 3 2248 371
70892 R 4.0 88 3 2216 372
70984 R 4.0 89 3 2179 373
71083 R 4.0 90 3 2150 374
71738 R 4.0 92 3 2549 375
71761 R 4.0 93 3 2445 376
71785 R 4.0 94 3 2340 377
72208 R 4.0 95 3 2635 378
72678 R 4.0 96 3 2977 379
72701 R 4.0 97 3 2872 380
73148 R 4.0 98 3 3191 381
73618 R 4.0 99 3 3533 382
73641 R 4.0 100 3 3428 383
