using saved target 'z1'
../../../../contiki/tools/sky/serialdump-linux -b115200 /dev/ttyUSB3
connecting to /dev/ttyUSB3 (115200) [OK]
Rime started with address 4.0
MAC 04:00:00:00:00:00:00:00 Ref ID: 4841
Contiki-3.x-2125-g5d67a61 started. Node id is set to 4.

************************************************
RTIMER_SECOND = 32768. F_CPU=8000000.
CLOCK_SECOND=128.
DURSLOT = 6015.(0.1835 s).
DURSLEEP = 66165.
DURCYCLE = 72180 .(2.2027 s).
MAX_CLOCK_DRIFT = WAKEUP_ADVANCE_TIME = 327 (0.0033 s).
PERIODIC_BCAST_CYCLES_SENSOR = 196611.
PERIODIC_BCAST_CYCLES_SINK = 196611.
MAX_CYCLE_COUNTER = 27904.
MAX_COUNT_NO_RTS_CTS = 65535.
MAX_CHILD_NUM = 10.
MAX_TRY_TO_FIND_PARENT = 3.

**********Below is Related Settings**********
PRIMAC_CONF_COMPOWER = 1.
PRIMAC_CONF_COMPOWER_SUPPORT = 1.
SF = 10.
PRI_SYNC_SUPPORT = 1.
RANDOM_DRIFT_IN_COOJA_SUPPORT = 0.
ADCSC_SUPPORT = 1.
DATA_TX_SUPPORT = 1.
CYCLES_PER_PACKET = 3.
DATA_INTERVAL = 1.
RETX_LIMIT = 6.
TOTAL_DATA_NUM = -1.
MAX_DATA_QUEUE_BUFS = 10.
PROC_GRADE_BASED_ON_ADDR_SUPPORT = 1.
NODES_NUM_PER_GRADE = 2.
ADDRESS_FREE_SUPPORT = 0.
IS_COOJA_SIM = 0.
CROSS_PLATFORM_SUPPORT = 1.
************************************************

My address is 4.0.
nullmac PRIMAC, channel check rate 8 Hz, radio channel 26
Starting
Hello, world
 P 0 0 0 2143670
 P 0 0 3452 2217777
 P 0 0 6842 2288030
 P 0 0 10232 2360210
 P 0 0 13622 2432390
 P 0 0 17012 2504570
EMPTY QUEUE
 P 429 0 20411 2578988
PT [2 0 1 -1 1]
 P 429 0 23801 2648930
PT [2 0 2 -1 1]
 P 429 0 27191 2721110
PT [2 0 3 -1 1]
 P 429 0 30581 2793290
PT [2 0 4 -1 1]
 P 3180 0 31220 2865470
PT [2 0 5 -1 1]
EMPTY QUEUE
 P 6155 0 32200 2939023
PT [2 0 6 -2 1]
 P 6155 0 35590 3009830
PT [2 0 7 -2 1]
 P 6155 0 38980 3082010
PT [2 0 8 -2 1]
 P 6155 0 42370 3154190
PT [2 0 9 -2 1]
rcv bro rts
 P 7202 0 42412 3226370
PT [2 0 10 -2 1]
 P 8485 0 42415 3298550
PT [2 0 11 -2 1]
EMPTY QUEUE
 P 8985 0 47946 3374884
PT [2 0 12 -2 1]
EMPTY QUEUE
 P 9054 0 53908 3447320
PT [2 0 13 -2 1]
EMPTY QUEUE
 P 9674 0 57307 3517487
PT [2 0 14 -2 1]
 P 11079 0 57316 3587270
PT [2 0 15 -2 1]
 P 12463 0 57319 3659450
PT [2 0 16 -2 1]
 P 12463 0 60709 3731630
PT [2 0 17 -2 1]
 P 12463 0 64099 3803810
PT [2 0 18 -2 1]
EMPTY QUEUE
 P 13084 0 67498 3878580
PT [2 0 19 -2 1]
 P 15370 0 67506 3948170
PT [2 0 20 -2 1]
 P 17624 0 67509 4020350
PT [2 0 21 -2 1]
 P 17624 0 70899 4092530
PT [2 0 22 -2 1]
 P 17624 0 74289 4164710
PT [2 0 23 -2 1]
EMPTY QUEUE
 P 18116 0 77688 4239031
PT [2 0 24 -2 1]
 P 19519 0 77696 4309070
PT [2 0 25 -2 1]
 P 20377 0 77699 4381250
PT [2 0 26 -2 1]
 P 20377 0 81089 4453430
PT [2 0 27 -2 1]
 P 20377 0 84479 4525610
PT [2 0 28 -2 1]
EMPTY QUEUE
 P 20998 0 87878 4599228
PT [2 0 29 -2 1]
 P 23730 0 87886 4669970
PT [2 0 30 -2 1]
 P 25284 0 87889 4742150
PT [2 0 31 -2 1]
 P 25284 0 91279 4814330
PT [2 0 32 -2 1]
 P 25284 0 94669 4886510
PT [2 0 33 -2 1]
EMPTY QUEUE
 P 25840 0 98067 4960767
PT [2 0 34 -2 1]
 P 28453 0 98075 5030870
PT [2 0 35 -2 1]
 P 29535 0 98078 5103050
PT [2 0 36 -2 1]
 P 29535 0 101468 5175230
PT [2 0 37 -2 1]
 P 29535 0 104858 5247410
PT [2 0 38 -2 1]
EMPTY QUEUE
 P 30092 0 108257 5321860
PT [2 0 39 -2 1]
 P 32920 0 108265 5391770
PT [2 0 40 -2 1]
 P 33934 0 108268 5463950
PT [2 0 41 -2 1]
 P 33934 0 111658 5536130
PT [2 0 42 -2 1]
 P 33934 0 115048 5608310
PT [2 0 43 -2 1]
EMPTY QUEUE
 P 34490 0 118447 5682439
PT [2 0 44 -2 1]
 P 35351 0 118456 5752670
PT [2 0 45 -2 1]
 P 37422 0 118459 5824850
PT [2 0 46 -2 1]
 P 37422 0 121849 5897030
PT [2 0 47 -2 1]
 P 37422 0 125239 5969210
PT [2 0 48 -2 1]
EMPTY QUEUE
 P 37978 0 128638 6042507
PT [2 0 49 -2 1]
 P 39786 0 128647 6113570
PT [2 0 50 -2 1]
 P 40580 0 128650 6185750
PT [2 0 51 -2 1]
 P 40580 0 132040 6257930
PT [2 0 52 -2 1]
 P 40580 0 135430 6330110
PT [2 0 53 -2 1]
EMPTY QUEUE
 P 41104 0 138829 6404079
PT [2 0 54 -2 1]
 P 43367 0 138837 6474470
PT [2 0 55 -2 1]
 P 44136 0 138841 6546650
PT [2 0 56 -2 1]
 P 44136 0 142231 6618830
PT [2 0 57 -2 1]
 P 44136 0 145621 6691010
PT [2 0 58 -2 1]
EMPTY QUEUE
 P 44628 0 149019 6765139
PT [2 0 59 -2 1]
 P 47360 0 149027 6835370
PT [2 0 60 -2 1]
 P 49303 0 149030 6907550
PT [2 0 61 -2 1]
 P 49303 0 152420 6979730
PT [2 0 62 -2 1]
 P 49303 0 155810 7051910
PT [2 0 63 -2 1]
EMPTY QUEUE
 P 49859 0 159208 7125784
PT [2 0 64 -2 1]
 P 51994 0 159216 7196270
PT [2 0 65 -2 1]
 P 53593 0 159219 7268450
PT [2 0 66 -2 1]
 P 53593 0 162609 7340630
PT [2 0 67 -2 1]
 P 53593 0 165999 7412810
PT [2 0 68 -2 1]
EMPTY QUEUE
 P 54181 0 169397 7487931
PT [2 0 69 -2 1]
 P 55449 0 169406 7557170
PT [2 0 70 -2 1]
 P 58221 0 169410 7629350
PT [2 0 71 -2 1]
 P 58221 0 172800 7701530
PT [2 0 72 -2 1]
 P 58221 0 176190 7773710
PT [2 0 73 -2 1]
EMPTY QUEUE
 P 58745 0 179588 7847423
PT [2 0 74 -2 1]
 P 61359 0 179597 7918070
PT [2 0 75 -2 1]
 P 61359 0 182987 7990250
PT [2 0 76 -2 1]
 P 62627 0 182990 8062430
PT [2 0 77 -2 1]
 P 62627 0 186380 8134610
PT [2 0 78 -2 1]
EMPTY QUEUE
 P 63119 0 189778 8208483
PT [2 0 79 -2 1]
 P 64927 0 189787 8278970
PT [2 0 80 -2 1]
 P 64927 0 193177 8351150
PT [2 0 81 -2 1]
 P 66270 0 193180 8423330
PT [2 0 82 -2 1]
 P 66270 0 196570 8495510
PT [2 0 83 -2 1]
EMPTY QUEUE
 P 66858 0 199968 8569159
PT [2 0 84 -2 1]
 P 68611 0 199976 8639870
PT [2 0 85 -2 1]
 P 68611 0 203366 8712050
PT [2 0 86 -2 1]
 P 70500 0 203369 8784230
PT [2 0 87 -2 1]
 P 70500 0 206759 8856410
PT [2 0 88 -2 1]
EMPTY QUEUE
 P 71024 0 210157 8931211
PT [2 0 89 -2 1]
 P 72641 0 210165 9000770
PT [2 0 90 -2 1]
 P 72641 0 213555 9072950
PT [2 0 91 -2 1]
 P 75069 0 213558 9145130
PT [2 0 92 -2 1]
 P 75069 0 216948 9217310
PT [2 0 93 -2 1]
EMPTY QUEUE
 P 75657 0 220346 9290831
PT [2 0 94 -2 1]
 P 77123 0 220354 9361670
PT [2 0 95 -2 1]
 P 77123 0 223744 9433850
PT [2 0 96 -2 1]
 P 78346 0 223747 9506030
PT [2 0 97 -2 1]
 P 78346 0 227137 9578210
PT [2 0 98 -2 1]
EMPTY QUEUE
 P 78870 0 230535 9651859
PT [2 0 99 -2 1]
 P 80073 0 230544 9722570
PT [2 0 100 -2 1]
 P 80073 0 233934 9794750
PT [2 0 101 -2 1]
 P 81418 0 233938 9866930
PT [2 0 102 -2 1]
 P 81418 0 237328 9939110
PT [2 0 103 -2 1]
EMPTY QUEUE
 P 82006 0 240726 10012503
PT [2 0 104 -2 1]
 P 84206 0 240735 10083470
PT [2 0 105 -2 1]
 P 84206 0 244125 10155650
PT [2 0 106 -2 1]
 P 85652 0 244129 10227830
PT [2 0 107 -2 1]
 P 85652 0 247519 10300010
PT [2 0 108 -2 1]
EMPTY QUEUE
 P 86240 0 250917 10374619
PT [2 0 109 -2 1]
 P 89067 0 250926 10444370
PT [2 0 110 -2 1]
 P 89067 0 254316 10516550
PT [2 0 111 -2 1]
 P 91339 0 254319 10588730
PT [2 0 112 -2 1]
 P 91339 0 257709 10660910
PT [2 0 113 -2 1]
EMPTY QUEUE
 P 91895 0 261107 10734143
PT [2 0 114 -2 1]
 P 92788 0 261115 10805270
PT [2 0 115 -2 1]
 P 92788 0 264505 10877450
PT [2 0 116 -2 1]
 P 93664 0 264508 10949630
PT [2 0 117 -2 1]
 P 93664 0 267898 11021810
PT [2 0 118 -2 1]
EMPTY QUEUE
 P 94156 0 271296 11095171
PT [2 0 119 -2 1]
 P 96855 0 271305 11166170
PT [2 0 120 -2 1]
 P 96855 0 274695 11238350
PT [2 0 121 -2 1]
 P 98428 0 274698 11310530
PT [2 0 122 -2 1]
 P 98428 0 278088 11382710
PT [2 0 123 -2 1]
EMPTY QUEUE
 P 98984 0 281486 11455815
PT [2 0 124 -2 1]
 P 100672 0 281495 11527070
PT [2 0 125 -2 1]
 P 100672 0 284885 11599250
PT [2 0 126 -2 1]
 P 101771 0 284889 11671430
PT [2 0 127 -2 1]
 P 101771 0 288279 11743610
PT [2 0 128 -2 1]
EMPTY QUEUE
 P 102359 0 291677 11817963
PT [2 0 129 -2 1]
 P 104279 72 291695 11891122
PT [2 0 130 -2 1]
 P 105979 288 295117 11961349
PT [2 0 131 -2 1]
 P 107012 288 295120 12032330
PT [2 0 132 -2 1]
 P 107081 423 298512 12106869
PT [2 0 133 -2 1]
 P 107700 423 303923 12181100
PT [2 0 134 -2 1]
 P 110073 495 303942 12251061
PT [2 0 135 -2 1]
 P 111158 639 309926 12325332
PT [2 0 136 -2 1]
 P 113248 639 309929 12393230
PT [2 0 137 -2 1]
 P 113545 639 313326 12467483
PT [2 0 138 -2 1]
 P 114101 639 316725 12539923
PT [2 0 139 -2 1]
 P 117100 711 316763 12611975
PT [2 0 140 -2 1]
 P 118288 783 320175 12683188
PT [2 0 141 -2 1]
 P 119101 783 320178 12754130
PT [2 0 142 -2 1]
 P 119625 783 323577 12828611
PT [2 0 143 -2 1]
 P 120744 855 329560 12902996
PT [2 0 144 -2 1]
 P 122482 855 329577 12972683
PT [2 0 145 -2 1]
 P 123567 927 335560 13047132
PT [2 0 146 -2 1]
 P 124354 927 335563 13115030
PT [2 0 147 -2 1]
 P 124423 927 341525 13191620
PT [2 0 148 -2 1]
 P 126418 927 341528 13259390
PT [2 0 149 -2 1]
 P 127891 927 341545 13333583
PT [2 0 150 -2 1]
 P 132803 999 341586 13403750
PT [2 0 151 -2 1]
 P 134278 999 341603 13477783
PT [2 0 152 -2 1]
 P 139034 999 341642 13548110
PT [2 0 153 -2 1]
 P 140481 999 341660 13621441
PT [2 0 154 -2 1]
 P 145117 1425 341705 13692470
PT [2 0 155 -2 1]
 P 146520 1425 341723 13766503
PT [2 0 156 -2 1]
 P 153256 1569 341779 13839245
PT [2 0 157 -2 1]
 P 157714 1852 341816 13909010
PT [2 0 158 -2 1]
 P 159069 1852 341835 13983171
PT [2 0 159 -2 1]
 P 163948 2278 341880 14053370
PT [2 0 160 -2 1]
 P 165370 2278 341897 14126923
PT [2 0 161 -2 1]
 P 170094 2278 341935 14197730
PT [2 0 162 -2 1]
 P 171518 2278 341953 14272147
PT [2 0 163 -2 1]
 P 176215 2633 341994 14342090
PT [2 0 164 -2 1]
 P 177749 2633 342011 14416829
PT [2 0 165 -2 1]
 P 182640 2705 342051 14486450
PT [2 0 166 -2 1]
 P 184014 2705 342070 14560867
PT [2 0 167 -2 1]
 P 188785 2705 342110 14630810
PT [2 0 168 -2 1]
 P 190194 2705 342126 14704587
PT [2 0 169 -2 1]
 P 195002 2849 342167 14775170
PT [2 0 170 -2 1]
 P 196349 2849 342185 14849747
PT [2 0 171 -2 1]
 P 201162 2849 342223 14919530
PT [2 0 172 -2 1]
 P 202660 2849 342240 14994491
PT [2 0 173 -2 1]
 P 207582 3204 342281 15063890
PT [2 0 174 -2 1]
 P 209019 3204 342298 15138627
PT [2 0 175 -2 1]
 P 213979 3276 342337 15208250
PT [2 0 176 -2 1]
 P 215354 3276 342354 15282251
PT [2 0 177 -2 1]
 P 220031 3631 342394 15352610
PT [2 0 178 -2 1]
 P 221472 3631 342411 15427539
PT [2 0 179 -2 1]
 P 226156 3775 342453 15496970
PT [2 0 180 -2 1]
 P 227687 3775 342471 15570171
PT [2 0 181 -2 1]
 P 232582 3775 342510 15641330
PT [2 0 182 -2 1]
 P 234085 3775 342528 15716388
PT [2 0 183 -2 1]
 P 239017 4130 342567 15785690
PT [2 0 184 -2 1]
 P 240426 4130 342583 15859979
PT [2 0 185 -2 1]
 P 245173 4202 342621 15930050
PT [2 0 186 -2 1]
 P 246487 4202 342638 16003059
PT [2 0 187 -2 1]
 P 251141 4557 342682 16074410
PT [2 0 188 -2 1]
 P 252641 4557 342698 16147835
PT [2 0 189 -2 1]
 P 257600 4701 342739 16218770
PT [2 0 190 -2 1]
 P 259007 4701 342756 16291941
PT [2 0 191 -2 1]
 P 263844 4701 342793 16363130
PT [2 0 192 -2 1]
 P 265284 4701 342809 16437707
PT [2 0 193 -2 1]
 P 270158 5056 342848 16507490
PT [2 0 194 -2 1]
 P 271600 5056 342864 16580883
PT [2 0 195 -2 1]
 P 276322 5128 342903 16651850
PT [2 0 196 -1 1]
 P 277790 5128 342920 16725499
PT [2 0 197 -2 1]
 P 282788 5484 342958 16796210
PT [2 0 198 -2 1]
 P 284194 5484 342974 16869635
PT [2 0 199 -2 1]
 P 289130 5556 343013 16940570
PT [2 0 200 -2 1]
 P 290507 5556 343031 17015340
PT [2 0 201 -1 1]
 P 295164 5556 343067 17084930
PT [2 0 202 -2 1]
 P 296482 5556 343083 17158453
PT [2 0 203 -2 1]
 P 301112 5912 343121 17229290
PT [2 0 204 -2 1]
 P 302644 5912 343138 17303260
PT [2 0 205 -2 1]
 P 307640 5984 343176 17373650
PT [2 0 206 -2 1]
 P 309015 5984 343192 17447300
PT [2 0 207 -2 1]
 P 313922 6338 343231 17518010
PT [2 0 208 -2 1]
 P 315299 6338 343247 17593036
PT [2 0 209 -2 1]
 P 320050 6410 343287 17662370
PT [2 0 210 -2 1]
 P 321461 6410 343304 17736244
PT [2 0 211 -2 1]
 P 326155 6410 343341 17806730
PT [2 0 212 -2 1]
 P 327559 6410 343358 17880828
PT [2 0 213 -2 1]
 P 332526 6837 343401 17951090
PT [2 0 214 -2 1]
 P 333932 6837 343419 18025028
PT [2 0 215 -2 1]
 P 338904 6909 343461 18095450
PT [2 0 216 -2 1]
 P 340281 6909 343478 18168684
PT [2 0 217 -2 1]
 P 345003 7265 343517 18239810
PT [2 0 218 -2 1]
 P 346382 7265 343534 18313908
PT [2 0 219 -2 1]
 P 351111 7337 343573 18384170
PT [2 0 220 -2 1]
 P 352580 7337 343590 18458588
PT [2 0 221 -2 1]
 P 357549 7337 343625 18528530
PT [2 0 222 -2 1]
 P 358924 7337 343642 18602692
PT [2 0 223 -2 1]
 P 363771 7765 343683 18672890
PT [2 0 224 -2 1]
 P 365244 7765 343701 18746476
PT [2 0 225 -2 1]
 P 370032 7837 343740 18817250
PT [2 0 226 -2 1]
 P 371412 7837 343757 18891604
PT [2 0 227 -2 1]
 P 376048 8191 343796 18961610
PT [2 0 228 -2 1]
 P 377485 8191 343813 19036253
PT [2 0 229 -2 1]
 P 382327 8263 343852 19105970
PT [2 0 230 -2 1]
 P 383702 8263 343868 19180388
PT [2 0 231 -2 1]
 P 388582 8263 343907 19250330
PT [2 0 232 -2 1]
 P 389927 8263 343923 19324044
PT [2 0 233 -2 1]
 P 394716 8407 343966 19394690
PT [2 0 234 -2 1]
 P 396063 8407 343984 19469268
PT [2 0 235 -2 1]
 P 400794 8407 344021 19539050
PT [2 0 236 -2 1]
 P 402198 8407 344037 19613916
PT [2 0 237 -2 1]
 P 407042 8762 344076 19683410
PT [2 0 238 -2 1]
 P 408449 8762 344095 19758117
PT [2 0 239 -2 1]
 P 413394 8834 344135 19827770
PT [2 0 240 -2 1]
 P 414771 8834 344151 19901772
PT [2 0 241 -2 1]
 P 419498 8834 344186 19972130
PT [2 0 242 -2 1]
 P 420813 8834 344202 20046932
PT [2 0 243 -2 1]
 P 425480 8978 344243 20116490
PT [2 0 244 -2 1]
 P 426916 8978 344259 20189596
PT [2 0 245 -2 1]
 P 431732 8978 344294 20260850
PT [2 0 246 -2 1]
 P 433138 8978 344311 20335812
PT [2 0 247 -2 1]
 P 437991 9333 344351 20405210
PT [2 0 248 -2 1]
 P 439369 9333 344368 20479468
PT [2 0 249 -2 1]
 P 444069 9405 344407 20549570
PT [2 0 250 -2 1]
 P 445448 9405 344423 20622644
PT [2 0 251 -2 1]
 P 450025 9760 344462 20693930
PT [2 0 252 -2 1]
 P 451462 9760 344479 20767292
PT [2 0 253 -2 1]
 P 456292 9904 344520 20838290
PT [2 0 254 -2 1]
 P 457731 9904 344537 20911493
PT [2 0 255 -2 1]
 P 462536 9904 344573 20982650
PT [2 0 256 -2 1]
 P 464008 9904 344591 21057260
PT [2 0 257 -2 1]
 P 468817 10260 344629 21127010
PT [2 0 258 -2 1]
 P 470227 10260 344647 21200372
PT [2 0 259 -2 1]
 P 474914 10332 344686 21271370
PT [2 0 260 -2 1]
 P 476318 10332 344703 21344956
PT [2 0 261 -2 1]
 P 481153 10687 344742 21415730
PT [2 0 262 -2 1]
 P 482559 10687 344760 21489156
PT [2 0 263 -2 1]
 P 487399 10831 344800 21560090
PT [2 0 264 -2 1]
 P 488872 10831 344816 21634956
PT [2 0 265 -2 1]
 P 493591 10831 344853 21704450
PT [2 0 266 -2 1]
 P 494908 10831 344871 21777973
PT [2 0 267 -2 1]
 P 499407 11186 344911 21848810
PT [2 0 268 -2 1]
 P 500875 11186 344927 21922716
PT [2 0 269 -2 1]
 P 505711 11258 344965 21993170
PT [2 0 270 -2 1]
 P 507213 11258 344981 22066948
PT [2 0 271 -2 1]
 P 511894 11613 345020 22137530
PT [2 0 272 -2 1]
 P 513302 11613 345037 22212588
PT [2 0 273 -2 1]
 P 518052 11685 345076 22281890
PT [2 0 274 -3 1]
 P 519367 11685 345092 22355668
PT [2 0 275 -2 1]
 P 523963 11685 345127 22426250
PT [2 0 276 -2 1]
 P 525409 11685 345142 22500796
PT [2 0 277 -3 1]
 P 528108 11757 345178 22572880
PT [2 0 278 -2 1]
 P 532976 11901 345219 22642790
PT [2 0 279 -3 1]
 P 534340 11901 345236 22717176
PT [2 0 280 -3 1]
 P 539117 11901 345272 22787150
PT [2 0 281 -2 1]
 P 540451 11901 345290 22861089
PT [2 0 282 -3 1]
 P 545042 12329 345331 22931510
PT [2 0 283 -3 1]
 P 546347 12329 345348 23006536
PT [2 0 284 -3 1]
 P 550945 12401 345387 23075870
PT [2 0 285 -2 1]
 P 552414 12401 345404 23149488
PT [2 0 286 -3 1]
 P 559379 12756 345457 23221668
PT [2 0 287 -3 1]
 P 563725 13111 345497 23292410
PT [2 0 288 -3 1]
 P 565146 13111 345515 23365644
PT [2 0 289 -3 1]
 P 569913 13183 345553 23436770
PT [2 0 290 -3 1]
 P 571241 13183 345570 23511028
PT [2 0 291 -3 1]
 P 575757 13538 345607 23581130
PT [2 0 292 -3 1]
 P 577055 13538 345624 23655965
PT [2 0 293 -3 1]
 P 581480 13610 345662 23725490
PT [2 0 294 -3 1]
 P 583013 13610 345678 23800517
PT [2 0 295 -3 1]
 P 587884 13610 345714 23869850
PT [2 0 296 -3 1]
 P 589322 13610 345730 23944364
PT [2 0 297 -3 1]
 P 594134 14037 345771 24014210
PT [2 0 298 -3 1]
 P 595606 14037 345789 24087828
PT [2 0 299 -3 1]
 P 600296 14037 345825 24158570
PT [2 0 300 -3 1]
 P 601642 14037 345842 24232668
PT [2 0 301 -3 1]
 P 606211 14393 345879 24302930
PT [2 0 302 -3 1]
 P 607711 14393 345896 24377156
PT [2 0 303 -3 1]
 P 612682 14465 345936 24447290
PT [2 0 304 -3 1]
 P 614153 14465 345952 24521068
PT [2 0 305 -3 1]
 P 618971 14465 345987 24591650
PT [2 0 306 -3 1]
 P 620317 14465 346005 24666421
PT [2 0 307 -3 1]
 P 624916 14609 346047 24736010
PT [2 0 308 -3 1]
 P 626231 14609 346064 24809308
PT [2 0 309 -3 1]
 P 630899 14609 346100 24880370
PT [2 0 310 -3 1]
 P 632303 14609 346118 24953732
PT [2 0 311 -3 1]
 P 636723 14964 348721 25024730
PT [2 0 312 -3 1]
 P 638097 14964 348738 25098828
PT [2 0 313 -3 1]
 P 642980 15036 348777 25169090
PT [2 0 314 -3 1]
 P 644357 15036 348794 25243028
PT [2 0 315 -3 1]
 P 648958 15036 348829 25313450
PT [2 0 316 -2 1]
 P 650337 15036 348846 25386716
PT [2 0 317 -3 1]
 P 654974 15180 348888 25457810
PT [2 0 318 -3 1]
 P 656442 15180 348904 25531908
PT [2 0 319 -3 1]
 P 661319 15180 348940 25602170
PT [2 0 320 -3 1]
 P 662758 15180 348958 25676589
PT [2 0 321 -1 1]
 P 667576 15535 349000 25746530
PT [2 0 322 -3 1]
 P 668920 15535 349017 25820692
PT [2 0 323 -3 1]
 P 673712 15607 349057 25890890
PT [2 0 324 -3 1]
 P 675060 15607 349073 25964380
PT [2 0 325 -3 1]
 P 679666 15607 349109 26035250
PT [2 0 326 -3 1]
 P 681071 15607 349125 26109539
PT [2 0 327 -3 1]
 P 685854 15751 349169 26179610
PT [2 0 328 -3 1]
 P 687357 15751 349185 26254348
PT [2 0 329 -3 1]
 P 692083 15751 349223 26323970
PT [2 0 330 -3 1]
 P 693428 15751 349241 26398387
PT [2 0 331 -3 1]
 P 698096 16107 349282 26468330
PT [2 0 332 -3 1]
 P 699539 16107 349300 26542171
PT [2 0 333 -3 1]
 P 704052 16179 349341 26612690
PT [2 0 334 -3 1]
 P 705489 16179 349358 26687269
PT [2 0 335 -3 1]
 P 710304 16534 349401 26757050
PT [2 0 336 -3 1]
 P 711743 16534 349419 26831979
PT [2 0 337 -3 1]
 P 718614 16961 349476 26903967
PT [2 0 338 -3 1]
 P 722908 17033 349519 26973590
PT [2 0 339 -3 1]
 P 724266 17033 349538 27047591
PT [2 0 340 -3 1]
 P 728918 17389 349577 27117950
PT [2 0 341 -3 1]
 P 730215 17389 349594 27192751
PT [2 0 342 -3 1]
 P 734775 17461 349634 27262310
PT [2 0 343 -3 1]
 P 736306 17461 349652 27335511
PT [2 0 344 -3 1]
 P 741219 17461 349692 27406670
PT [2 0 345 -3 1]
 P 742593 17461 349709 27481599
PT [2 0 346 -3 1]
 P 747480 17816 349750 27551030
PT [2 0 347 -3 1]
 P 748826 17816 349767 27625257
PT [2 0 348 -2 1]
 P 753464 17888 349807 27695390
PT [2 0 349 -3 1]
 P 754778 17888 349825 27768399
PT [2 0 350 -3 1]
 P 759260 18244 349865 27839750
PT [2 0 351 -3 1]
 P 760695 18244 349882 27913111
PT [2 0 352 -3 1]
 P 765577 18316 349925 27984110
PT [2 0 353 -3 1]
 P 767078 18316 349944 28057377
PT [2 0 354 -3 1]
 P 771902 18316 349985 28128470
PT [2 0 355 -3 1]
 P 773374 18316 350003 28203079
PT [2 0 356 -3 1]
 P 778077 18671 350043 28272830
PT [2 0 357 -3 1]
 P 779455 18671 350060 28346159
PT [2 0 358 -3 1]
 P 784196 18743 350100 28417190
PT [2 0 359 -3 1]
 P 785632 18743 350118 28490807
PT [2 0 360 -3 1]
 P 790419 19099 350158 28561550
PT [2 0 361 -3 1]
 P 791825 19099 350176 28634976
PT [2 0 362 -3 1]
 P 796554 19171 350219 28705910
PT [2 0 363 -3 1]
 P 797993 19171 350238 28780743
PT [2 0 364 -3 1]
 P 802664 19171 350276 28850270
PT [2 0 365 -3 1]
 P 804106 19171 350293 28923919
PT [2 0 366 -3 1]
 P 808815 19598 350338 28994630
PT [2 0 367 -3 1]
 P 810218 19598 350357 29068471
PT [2 0 368 -3 1]
 P 815136 19670 350397 29138990
PT [2 0 369 -3 1]
 P 816638 19670 350415 29212767
PT [2 0 370 -3 1]
 P 821433 20025 350454 29283350
PT [2 0 371 -3 1]
 P 822777 20025 350471 29358343
PT [2 0 372 -3 1]
 P 827516 20097 350511 29427710
PT [2 0 373 -3 1]
 P 828897 20097 350529 29501552
PT [2 0 374 -3 1]
 P 833580 20097 350565 29572070
PT [2 0 375 -2 1]
 P 834983 20097 350583 29646167
PT [2 0 376 -3 1]
 P 839933 20524 350626 29716430
PT [2 0 377 -3 1]
 P 841434 20524 350644 29790463
PT [2 0 378 -3 1]
 P 846231 20596 350684 29860790
PT [2 0 379 -3 1]
 P 847607 20596 350701 29934023
PT [2 0 380 -3 1]
 P 852249 20951 350742 30005150
PT [2 0 381 -3 1]
 P 853659 20951 350759 30079279
PT [2 0 382 -3 1]
 P 858242 21023 350801 30149510
PT [2 0 383 -3 1]
 P 859774 21023 350819 30223991
PT [2 0 384 -3 1]
 P 864567 21023 350858 30293870
PT [2 0 385 -3 1]
 P 866037 21023 350877 30368127
PT [2 0 386 -3 1]
 P 870804 21167 350922 30438230
PT [2 0 387 -3 1]
 P 872277 21167 350939 30511815
PT [2 0 388 -3 1]
 P 877082 21167 350978 30582590
PT [2 0 389 -3 1]
 P 878525 21167 350995 30657007
PT [2 0 390 -3 1]
 P 882098 21167 351018 30726950
PT [2 0 391 -3 1]
Warning: retx limit drop data
 P 883565 21167 351037 30801741
PT [2 0 392 -3 1]
 P 888488 21239 351078 30871310
PT [2 0 393 -3 1]
 P 889894 21239 351096 30945535
PT [2 0 394 -3 1]
 P 894759 21239 351134 31015670
PT [2 0 395 -3 1]
 P 896137 21239 351151 31088936
PT [2 0 396 -2 1]
 P 900719 21383 351195 31160030
PT [2 0 397 -3 1]
 P 902034 21383 351213 31233840
PT [2 0 398 -3 1]
 P 906592 21383 351250 31304390
PT [2 0 399 -3 1]
 P 908123 21383 351268 31378391
PT [2 0 400 -3 1]
 P 913046 21738 351311 31448750
PT [2 0 401 -3 1]
 P 914419 21738 351329 31522175
PT [2 0 402 -3 1]
 P 919254 21810 351369 31593110
PT [2 0 403 -3 1]
 P 920630 21810 351387 31667655
PT [2 0 404 -3 1]
 P 925310 22165 351426 31737470
PT [2 0 405 -3 1]
 P 926720 22165 351445 31810607
PT [2 0 406 -3 1]
 P 931341 22309 351490 31881830
PT [2 0 407 -3 1]
 P 932744 22309 351508 31954935
PT [2 0 408 -3 1]
 P 937636 22309 351548 32026190
PT [2 0 409 -3 1]
 P 939041 22309 351565 32100927
PT [2 0 410 -3 1]
 P 943938 22664 351607 32170550
PT [2 0 411 -3 1]
 P 945313 22664 351625 32244327
PT [2 0 412 -3 1]
 P 949960 22736 351666 32314910
PT [2 0 413 -3 1]
 P 951338 22736 351683 32389295
PT [2 0 414 -3 1]
 P 955992 23091 351723 32459270
PT [2 0 415 -3 1]
 P 957458 23091 351742 32533719
PT [2 0 416 -3 1]
 P 962351 23235 351786 32603630
PT [2 0 417 -3 1]
 P 963724 23235 351804 32677567
PT [2 0 418 -3 1]
 P 968500 23235 351844 32747990
PT [2 0 419 -3 1]
 P 969971 23235 351863 32823143
PT [2 0 420 -3 1]
 P 974684 23590 351905 32892350
PT [2 0 421 -3 1]
 P 976060 23590 351923 32965967
PT [2 0 422 -3 1]
 P 980620 23662 351966 33036710
PT [2 0 423 -3 1]
 P 982055 23662 351984 33111191
PT [2 0 424 -3 1]
 P 984431 23734 352022 33183211
PT [2 0 425 -3 1]
 P 989290 24161 352067 33253250
PT [2 0 426 -3 1]
 P 990652 24161 352084 33327635
PT [2 0 427 -3 1]
 P 995421 24233 352124 33397610
PT [2 0 428 -3 1]
 P 996786 24233 352141 33471580
PT [2 0 429 -3 1]
 P 1001497 24588 352184 33541970
PT [2 0 430 -3 1]
 P 1002799 24588 352202 33616995
PT [2 0 431 -3 1]
 P 1007260 24660 352244 33686330
PT [2 0 432 -3 1]
 P 1008695 24660 352262 33759915
PT [2 0 433 -3 1]
 P 1013657 24660 352302 33830690
PT [2 0 434 -3 1]
 P 1015063 24660 352320 33904339
PT [2 0 435 -3 1]
 P 1019808 25087 352362 33975050
PT [2 0 436 -3 1]
 P 1021152 25087 352379 34048219
PT [2 0 437 -3 1]
 P 1025839 25159 352422 34119410
PT [2 0 438 -3 1]
 P 1027186 25159 352442 34193700
PT [2 0 439 -3 1]
 P 1031782 25514 352482 34263770
PT [2 0 440 -3 1]
 P 1033217 25514 352500 34338635
PT [2 0 441 -3 1]
 P 1038214 25586 352540 34408130
PT [2 0 442 -3 1]
 P 1039620 25586 352558 34483059
PT [2 0 443 -3 1]
 P 1044461 25586 352598 34552490
PT [2 0 444 -2 1]
 P 1045869 25586 352615 34627003
PT [2 0 445 -3 1]
 P 1050591 26013 352658 34696850
PT [2 0 446 -3 1]
 P 1051937 26013 352675 34770371
PT [2 0 447 -3 1]
 P 1056534 26013 352713 34841210
PT [2 0 448 -3 1]
 P 1058002 26013 352730 34915339
PT [2 0 449 -3 1]
 P 1062938 26368 352769 34985570
PT [2 0 450 -3 1]
 P 1064440 26368 352786 35059827
PT [2 0 451 -3 1]
 P 1069381 26440 352826 35129930
PT [2 0 452 -3 1]
 P 1070821 26440 352844 35203707
PT [2 0 453 -3 1]
 P 1075639 26440 352883 35274290
PT [2 0 454 -3 1]
 P 1076955 26440 352900 35349060
PT [2 0 455 -3 1]
 P 1081557 26584 352945 35418650
PT [2 0 456 -3 1]
 P 1082994 26584 352962 35491979
PT [2 0 457 -3 1]
 P 1087963 26584 353000 35563010
PT [2 0 458 -3 1]
 P 1089466 26584 353018 35636499
PT [2 0 459 -3 1]
 P 1094314 26939 353058 35707370
PT [2 0 460 -2 1]
 P 1095659 26939 353076 35782331
PT [2 0 461 -3 1]
 P 1100288 27011 353117 35851730
PT [2 0 462 -3 1]
 P 1101669 27011 353134 35925796
PT [2 0 463 -3 1]
 P 1106271 27011 353174 35996090
PT [2 0 464 -3 1]
 P 1107802 27011 353191 36070795
PT [2 0 465 -3 1]
 P 1112610 27155 353234 36140450
PT [2 0 466 -3 1]
 P 1114048 27155 353252 36215156
PT [2 0 467 -3 1]
 P 1118926 27155 353290 36284810
PT [2 0 468 -3 1]
 P 1120270 27155 353308 36359003
PT [2 0 469 -3 1]
 P 1124994 27510 353347 36429170
PT [2 0 470 -3 1]
 P 1126404 27510 353365 36502499
PT [2 0 471 -3 1]
 P 1131102 27582 353408 36573530
PT [2 0 472 -3 1]
 P 1132634 27582 353426 36647468
PT [2 0 473 -2 1]
 P 1137572 27582 353464 36717890
PT [2 0 474 -3 1]
 P 1138945 27582 353481 36791763
PT [2 0 475 -3 1]
 P 1143792 27726 353523 36862250
PT [2 0 476 -3 1]
 P 1145135 27726 353541 36935675
PT [2 0 477 -3 1]
 P 1149796 27726 353579 37006610
PT [2 0 478 -3 1]
 P 1151111 27726 353596 37081124
PT [2 0 479 -3 1]
 P 1155779 28081 353638 37150970
PT [2 0 480 -3 1]
 P 1157246 28081 353656 37224075
PT [2 0 481 -3 1]
 P 1159845 28225 357087 37298353
PT [2 0 482 -3 1]
 P 1164718 28508 357127 37367510
PT [2 0 483 -3 1]
 P 1166145 28508 357145 37441576
PT [2 0 484 -2 1]
 P 1170959 28863 357184 37511870
PT [2 0 485 -3 1]
 P 1172291 28863 357203 37586448
PT [2 0 486 -3 1]
 P 1176855 28935 357245 37656230
PT [2 0 487 -3 1]
 P 1178158 28935 357263 37730872
PT [2 0 488 -3 1]
 P 1182631 29290 357305 37800590
PT [2 0 489 -3 1]
 P 1184161 29290 357324 37874911
PT [2 0 490 -3 1]
 P 1189069 29434 357367 37944950
PT [2 0 491 -3 1]
 P 1190506 29434 357385 38018247
PT [2 0 492 -3 1]
 P 1195357 29434 357423 38089310
PT [2 0 493 -3 1]
 P 1196828 29434 357441 38163247
PT [2 0 494 -3 1]
 P 1201555 29789 357483 38233670
PT [2 0 495 -3 1]
 P 1202900 29789 357502 38307575
PT [2 0 496 -3 1]
 P 1207506 29861 357542 38378030
PT [2 0 497 -3 1]
 P 1209005 29861 357561 38451551
PT [2 0 498 -3 1]
 P 1214012 30216 357602 38522390
PT [2 0 499 -3 1]
 P 1215482 30216 357619 38596999
PT [2 0 500 -3 1]
 P 1220334 30360 357662 38666750
PT [2 0 501 -3 1]
 P 1221678 30360 357679 38739791
PT [2 0 502 -3 1]
 P 1226313 30360 357718 38811110
PT [2 0 503 -3 1]
 P 1227627 30360 357737 38884215
PT [2 0 504 -3 1]
 P 1232333 30715 357779 38955470
PT [2 0 505 -3 1]
 P 1233737 30715 357796 39030175
PT [2 0 506 -3 1]
 P 1238494 30787 357838 39099830
PT [2 0 507 -3 1]
 P 1239900 30787 357858 39173607
PT [2 0 508 -3 1]
 P 1244696 31142 357901 39244190
PT [2 0 509 -3 1]
 P 1246041 31142 357919 39318511
PT [2 0 510 -3 1]
 P 1250682 31214 357960 39388550
PT [2 0 511 -3 1]
 P 1251997 31214 357977 39462936
PT [2 0 512 -3 1]
 P 1256689 31214 358018 39532910
PT [2 0 513 -3 1]
 P 1258128 31214 358035 39606882
PT [2 0 514 -3 1]
 P 1262937 31640 358077 39677270
PT [2 0 515 -3 1]
 P 1264407 31640 358094 39752391
PT [2 0 516 -3 1]
 P 1269028 31712 358135 39821630
PT [2 0 517 -3 1]
 P 1270500 31712 358153 39895311
PT [2 0 518 -3 1]
 P 1275127 32068 358194 39965990
PT [2 0 519 -3 1]
 P 1276538 32068 358212 40039704
PT [2 0 520 -3 1]
 P 1281267 32140 358254 40110350
PT [2 0 521 -3 1]
 P 1282798 32140 358272 40183647
PT [2 0 522 -3 1]
 P 1287670 32140 358312 40254710
PT [2 0 523 -3 1]
 P 1289108 32140 358329 40329031
PT [2 0 524 -3 1]
 P 1293924 32284 358372 40399070
PT [2 0 525 -3 1]
 P 1295303 32284 358390 40473937
PT [2 0 526 -3 1]
 P 1300028 32284 358428 40543430
PT [2 0 527 -2 1]
 P 1301342 32284 358447 40618327
PT [2 0 528 -3 1]
 P 1305974 32639 358489 40687790
PT [2 0 529 -3 1]
 P 1307378 32639 358506 40762239
PT [2 0 530 -3 1]
 P 1312096 32711 358548 40832150
PT [2 0 531 -3 1]
 P 1313566 32711 358567 40905735
PT [2 0 532 -3 1]
 P 1318223 32711 358606 40976510
PT [2 0 533 -3 1]
 P 1319632 32711 358623 41050639
PT [2 0 534 -3 1]
 P 1324233 32855 358666 41120870
PT [2 0 535 -3 1]
 P 1325644 32855 358683 41195095
PT [2 0 536 -3 1]
 P 1330309 32855 358721 41265230
PT [2 0 537 -3 1]
 P 1331713 32855 358740 41338912
PT [2 0 538 -3 1]
 P 1336493 33210 358781 41409590
PT [2 0 539 -3 1]
 P 1337995 33210 358799 41484487
PT [2 0 540 -3 1]
 P 1342748 33282 358840 41553950
PT [2 0 541 -3 1]
 P 1344220 33282 358858 41627375
PT [2 0 542 -3 1]
 P 1348787 33282 358896 41698310
PT [2 0 543 -3 1]
 P 1350102 33282 358912 41771671
PT [2 0 544 -3 1]
 P 1354738 33426 358953 41842670
PT [2 0 545 -3 1]
 P 1356237 33426 358973 41917728
PT [2 0 546 -3 1]
 P 1361021 33426 359010 41987030
PT [2 0 547 -3 1]
 P 1362460 33426 359027 42061096
PT [2 0 548 -2 1]
 P 1367217 33782 359068 42131390
PT [2 0 549 -3 1]
 P 1368689 33782 359085 42206096
PT [2 0 550 -3 1]
 P 1373228 33854 359124 42275750
PT [2 0 551 -3 1]
 P 1374641 33854 359143 42350489
PT [2 0 552 -3 1]
 P 1379278 34210 359183 42420110
PT [2 0 553 -3 1]
 P 1380809 34210 359199 42494431
PT [2 0 554 -3 1]
 P 1385559 34354 359242 42564470
PT [2 0 555 -3 1]
 P 1387060 34354 359260 42637831
PT [2 0 556 -3 1]
 P 1391882 34354 359296 42708830
PT [2 0 557 -3 1]
 P 1393354 34354 359313 42782767
PT [2 0 558 -3 1]
 P 1397988 34709 359352 42853190
PT [2 0 559 -3 1]
 P 1399366 34709 359369 42927128
PT [2 0 560 -3 1]
 P 1403971 34781 359408 42997550
PT [2 0 561 -3 1]
 P 1405406 34781 359426 43071008
PT [2 0 562 -3 1]
 P 1410221 35136 359466 43141910
PT [2 0 563 -3 1]
 P 1411626 35136 359482 43216455
PT [2 0 564 -3 1]
 P 1416320 35280 359524 43286270
PT [2 0 565 -3 1]
 P 1417664 35280 359542 43359312
PT [2 0 566 -3 1]
 P 1422366 35280 359580 43430630
PT [2 0 567 -2 1]
 P 1423680 35280 359596 43503735
PT [2 0 568 -3 1]
 P 1428256 35635 359635 43574990
PT [2 0 569 -3 1]
 P 1429694 35635 359651 43649728
PT [2 0 570 -3 1]
 P 1434484 35707 359691 43719350
PT [2 0 571 -3 1]
 P 1435892 35707 359708 43793128
PT [2 0 572 -3 1]
 P 1440721 36062 359747 43863710
PT [2 0 573 -3 1]
 P 1442067 36062 359764 43938032
PT [2 0 574 -3 1]
 P 1446676 36206 359808 44008070
PT [2 0 575 -3 1]
 P 1448121 36206 359824 44082584
PT [2 0 576 -3 1]
 P 1452765 36206 359861 44152430
PT [2 0 577 -3 1]
 P 1454170 36206 359878 44226369
PT [2 0 578 -3 1]
 P 1458862 36633 359922 44296790
PT [2 0 579 -3 1]
 P 1460236 36633 359940 44371816
PT [2 0 580 -3 1]
 P 1464935 36705 359980 44441150
PT [2 0 581 -3 1]
 P 1466280 36705 359996 44514704
PT [2 0 582 -3 1]
 P 1470888 37061 360036 44585510
PT [2 0 583 -3 1]
 P 1472203 37061 360052 44659128
PT [2 0 584 -3 1]
 P 1476783 37133 360091 44729870
PT [2 0 585 -3 1]
 P 1478188 37133 360107 44803040
PT [2 0 586 -3 1]
 P 1483076 37133 360145 44874230
PT [2 0 587 -3 1]
 P 1484579 37133 360163 44948616
PT [2 0 588 -3 1]
 P 1489346 37560 360203 45018590
PT [2 0 589 -3 1]
 P 1490758 37560 360219 45093489
PT [2 0 590 -3 1]
 P 1495402 37560 360256 45162950
PT [2 0 591 -3 1]
 P 1496750 37560 360273 45237880
PT [2 0 592 -3 1]
 P 1501461 37915 360313 45307310
PT [2 0 593 -3 1]
 P 1502961 37915 360331 45381856
PT [2 0 594 -3 1]
 P 1507819 37987 360370 45451670
PT [2 0 595 -3 1]
 P 1509258 37987 360386 45525224
PT [2 0 596 -3 1]
 P 1514089 37987 360422 45596030
PT [2 0 597 -3 1]
 P 1515530 37987 360439 45670192
PT [2 0 598 -3 1]
 P 1520078 38131 360482 45740390
PT [2 0 599 -3 1]
 P 1521521 38131 360499 45814648
PT [2 0 600 -3 1]
 P 1526136 38131 360535 45884750
PT [2 0 601 -3 1]
 P 1527604 38131 360551 45958496
PT [2 0 602 -3 1]
 P 1532365 38486 360593 46029110
PT [2 0 603 -3 1]
 P 1533739 38486 360610 46103880
PT [2 0 604 -3 1]
 P 1538572 38558 360649 46173470
PT [2 0 605 -3 1]
 P 1539917 38558 360665 46246768
PT [2 0 606 -3 1]
 P 1544532 38558 360700 46317830
PT [2 0 607 -3 1]
 P 1545847 38558 360718 46391192
PT [2 0 608 -3 1]
 P 1550429 38702 360758 46462190
PT [2 0 609 -3 1]
 P 1551898 38702 360775 46537216
PT [2 0 610 -3 1]
 P 1556727 38702 360812 46606550
PT [2 0 611 -3 1]
 P 1558230 38702 360829 46680680
PT [2 0 612 -3 1]
 P 1562967 39058 360870 46750910
PT [2 0 613 -3 1]
 P 1564312 39058 360887 46825488
PT [2 0 614 -3 1]
 P 1569056 39130 360926 46895270
PT [2 0 615 -3 1]
 P 1570405 39130 360942 46969945
PT [2 0 616 -3 1]
 P 1575184 39485 360982 47039630
PT [2 0 617 -3 1]
 P 1576621 39485 360998 47113856
PT [2 0 618 -3 1]
 P 1581386 39629 361040 47183990
PT [2 0 619 -3 1]
 P 1582825 39629 361057 47257288
PT [2 0 620 -3 1]
 P 1587501 39629 361093 47328350
PT [2 0 621 -3 1]
 P 1588846 39629 361111 47402160
PT [2 0 622 -3 1]
 P 1593462 39984 361152 47472710
PT [2 0 623 -3 1]
 P 1594907 39984 361168 47546712
PT [2 0 624 -3 1]
 P 1599626 40056 361207 47617070
PT [2 0 625 -3 1]
 P 1601062 40056 361226 47690529
PT [2 0 626 -3 1]
 P 1605861 40411 361266 47761430
PT [2 0 627 -3 1]
 P 1607268 40411 361283 47835976
PT [2 0 628 -3 1]
 P 1612008 40555 361324 47905790
PT [2 0 629 -3 1]
 P 1613385 40555 361341 47978864
PT [2 0 630 -3 1]
 P 1618035 40555 361379 48050150
PT [2 0 631 -3 1]
 P 1619382 40555 361396 48123288
PT [2 0 632 -3 1]
 P 1624100 40910 361435 48194510
PT [2 0 633 -3 1]
 P 1625600 40910 361451 48269312
PT [2 0 634 -3 1]
 P 1630368 40982 361491 48338870
PT [2 0 635 -3 1]
 P 1631806 40982 361509 48412680
PT [2 0 636 -3 1]
 P 1636420 41337 361548 48483230
PT [2 0 637 -3 1]
 P 1637796 41337 361565 48557584
PT [2 0 638 -3 1]
 P 1642511 41481 361606 48627590
PT [2 0 639 -3 1]
 P 1643954 41481 361623 48702104
PT [2 0 640 -3 1]
 P 1648608 41481 361660 48771950
PT [2 0 641 -3 1]
 P 1650142 41481 361677 48846017
PT [2 0 642 -3 1]
 P 1654947 41836 361716 48916310
PT [2 0 643 -3 1]
 P 1656386 41836 361732 48991400
PT [2 0 644 -3 1]
 P 1661099 41908 361773 49060670
PT [2 0 645 -3 1]
 P 1662476 41908 361790 49134256
PT [2 0 646 -3 1]
 P 1667130 42263 361830 49205030
PT [2 0 647 -3 1]
 P 1668574 42263 361847 49278776
PT [2 0 648 -3 1]
 P 1673231 42335 361888 49349390
PT [2 0 649 -3 1]
 P 1674699 42335 361906 49422625
PT [2 0 650 -3 1]
 P 1679501 42335 361945 49493750
PT [2 0 651 -3 1]
 P 1680972 42335 361961 49568104
PT [2 0 652 -3 1]
 P 1685653 42762 362003 49638110
PT [2 0 653 -4 1]
 P 1687128 42762 362019 49713073
PT [2 0 654 -4 1]
 P 1691817 42834 362058 49782470
PT [2 0 655 -2 1]
 P 1693260 42834 362075 49857496
PT [2 0 656 -3 1]
 P 1697918 43189 362116 49926830
PT [2 0 657 -3 1]
 P 1699418 43189 362132 50001376
PT [2 0 658 -3 1]
 P 1704319 43261 362170 50071190
PT [2 0 659 -4 1]
 P 1705789 43261 362187 50144776
PT [2 0 660 -3 1]
 P 1710567 43261 362223 50215550
PT [2 0 661 -4 1]
 P 1711912 43261 362240 50289616
PT [2 0 662 -4 1]
 P 1716439 43687 362284 50359910
PT [2 0 663 -3 1]
 P 1717786 43687 362300 50434073
PT [2 0 664 -4 1]
 P 1722381 43687 362338 50504270
PT [2 0 665 -4 1]
 P 1723914 43687 362354 50578080
PT [2 0 666 -4 1]
 P 1728690 44043 362393 50648630
PT [2 0 667 -4 1]
 P 1730129 44043 362409 50723464
PT [2 0 668 -4 1]
 P 1734783 44115 362448 50792990
PT [2 0 669 -4 1]
 P 1736192 44115 362466 50866352
PT [2 0 670 -4 1]
 P 1740788 44115 362503 50937350
PT [2 0 671 -2 1]
 P 1742104 44115 362519 51010712
PT [2 0 672 -3 1]
 P 1746767 44259 362559 51081710
PT [2 0 673 -4 1]
 P 1748235 44259 362576 51156736
PT [2 0 674 -4 1]
 P 1752917 44259 362613 51226070
PT [2 0 675 -4 1]
 P 1754388 44259 362630 51300168
PT [2 0 676 -4 1]
 P 1759171 44614 362670 51370430
PT [2 0 677 -4 1]
 P 1760579 44614 362686 51445072
PT [2 0 678 -4 1]
 P 1764162 44614 365279 51514790
PT [2 0 679 -4 1]
 P 1765606 44614 365296 51589561
PT [2 0 680 -4 1]
Warning: retx limit drop data
 P 1770269 44614 365334 51659150
PT [2 0 681 -4 1]
 P 1771737 44614 365350 51733408
PT [2 0 682 -4 1]
 P 1776547 44758 365391 51803510
PT [2 0 683 -4 1]
 P 1777985 44758 365408 51876808
PT [2 0 684 -4 1]
 P 1782609 44758 365446 51947870
PT [2 0 685 -4 1]
 P 1784018 44758 365463 52021744
PT [2 0 686 -4 1]
 P 1788648 45113 365501 52092230
PT [2 0 687 -4 1]
 P 1789963 45113 365517 52166104
PT [2 0 688 -4 1]
 P 1794626 45185 365556 52236590
PT [2 0 689 -4 1]
 P 1796127 45185 365572 52310112
PT [2 0 690 -4 1]
 P 1800939 45541 365609 52380950
PT [2 0 691 -4 1]
 P 1802410 45541 365625 52455560
PT [2 0 692 -4 1]
 P 1807068 45685 365666 52525310
PT [2 0 693 -4 1]
 P 1808477 45685 365683 52598416
PT [2 0 694 -4 1]
 P 1813205 45685 365719 52669670
PT [2 0 695 -4 1]
 P 1814585 45685 365736 52742840
PT [2 0 696 -4 1]
 P 1819286 46040 365773 52814030
PT [2 0 697 -4 1]
 P 1820818 46040 365792 52888865
PT [2 0 698 -4 1]
 P 1825696 46112 365833 52958390
PT [2 0 699 -4 1]
 P 1827199 46112 365851 53032263
PT [2 0 700 -4 1]
 P 1831988 46112 365887 53102750
PT [2 0 701 -4 1]
 P 1833429 46112 365903 53177167
PT [2 0 702 -4 1]
 P 1838063 46256 365944 53247110
PT [2 0 703 -4 1]
 P 1839474 46256 365962 53321591
PT [2 0 704 -4 1]
 P 1844206 46256 365999 53391470
PT [2 0 705 -4 1]
 P 1845706 46256 366017 53465504
PT [2 0 706 -4 1]
 P 1850520 46612 366056 53535830
PT [2 0 707 -4 1]
 P 1852022 46612 366073 53610983
PT [2 0 708 -4 1]
 P 1856745 46684 366113 53680190
PT [2 0 709 -4 1]
 P 1858090 46684 366130 53753744
PT [2 0 710 -4 1]
 P 1862692 47039 366168 53824550
PT [2 0 711 -4 1]
 P 1864103 47039 366184 53898265
PT [2 0 712 -4 1]
 P 1868835 47183 366230 53968910
PT [2 0 713 -4 1]
 P 1870271 47183 366248 54042111
PT [2 0 714 -4 1]
 P 1875120 47183 366286 54113270
PT [2 0 715 -4 1]
 P 1876558 47183 366304 54187591
PT [2 0 716 -4 1]
 P 1881350 47539 366343 54257630
PT [2 0 717 -4 1]
 P 1882793 47539 366361 54332560
PT [2 0 718 -4 1]
 P 1887366 47611 366400 54401990
PT [2 0 719 -4 1]
 P 1888713 47611 366417 54476919
PT [2 0 720 -4 1]
 P 1893448 47965 366460 54546350
PT [2 0 721 -4 1]
 P 1894883 47965 366478 54620831
PT [2 0 722 -4 1]
 P 1899701 48037 366519 54690710
PT [2 0 723 -4 1]
 P 1901171 48037 366536 54764295
PT [2 0 724 -4 1]
 P 1905930 48037 366573 54835070
PT [2 0 725 -4 1]
 P 1907274 48037 366590 54909135
PT [2 0 726 -4 1]
 P 1911846 48464 366633 54979430
PT [2 0 727 -4 1]
 P 1913192 48464 366651 55053593
PT [2 0 728 -4 1]
 P 1917798 48464 366690 55123790
PT [2 0 729 -4 1]
 P 1919298 48464 366708 55197567
PT [2 0 730 -4 1]
 P 1924116 48819 366749 55268150
PT [2 0 731 -4 1]
 P 1925555 48819 366767 55342983
PT [2 0 732 -4 1]
 P 1930221 48891 366810 55412510
PT [2 0 733 -4 1]
 P 1931630 48891 366828 55485871
PT [2 0 734 -4 1]
 P 1936303 48891 366865 55556870
PT [2 0 735 -3 1]
 P 1937746 48891 366883 55630361
PT [2 0 736 -4 1]
 P 1942387 49318 366927 55701230
PT [2 0 737 -4 1]
 P 1943766 49318 366944 55775711
PT [2 0 738 -4 1]
 P 1946341 49390 366981 55848165
PT [2 0 739 -4 1]
 P 1948872 49462 367018 55920313
PT [2 0 740 -4 1]
 P 1951425 49462 367054 55992349
PT [2 0 741 -4 1]
 P 1953901 49606 367094 56064463
PT [2 0 742 -4 1]
 P 1956364 49678 367131 56136643
PT [2 0 743 -4 1]
 P 1958721 49750 367167 56209065
PT [2 0 744 -4 1]
 P 1961097 49822 367204 56281181
PT [2 0 745 -4 1]
 P 1963556 49894 367241 56353215
PT [2 0 746 -4 1]
 P 1966003 50038 367282 56425395
PT [2 0 747 -4 1]
 P 1968342 50110 367319 56497543
PT [2 0 748 -4 1]
 P 1970830 50182 367356 56569966
PT [2 0 749 -4 1]
 P 1973306 50254 367393 56642210
PT [2 0 750 -4 1]
 P 1975737 50254 367428 56714147
PT [2 0 751 -4 1]
 P 1978093 50398 367467 56786263
PT [2 0 752 -4 1]
 P 1980436 50542 367506 56858685
PT [2 0 753 -4 1]
 P 1982672 50614 367543 56930865
PT [2 0 754 -4 1]
 P 1984927 50686 367580 57002981
PT [2 0 755 -4 1]
 P 1987266 50758 367617 57075015
PT [2 0 756 -4 1]
 P 1989593 50902 367656 57147195
PT [2 0 757 -4 1]
 P 1991812 51046 367696 57219585
PT [2 0 758 -4 1]
 P 1994180 51118 367732 57291765
PT [2 0 759 -4 1]
 P 1996535 51118 367767 57363767
PT [2 0 760 -4 1]
 P 1998913 51190 367802 57435949
PT [2 0 761 -3 1]
 P 2001244 51334 367843 57508095
PT [2 0 762 -4 1]
 P 2003500 51478 367885 57580517
PT [2 0 763 -4 1]
 P 2005809 51550 367921 57652697
PT [2 0 764 -4 1]
 P 2008073 51550 367956 57724667
PT [2 0 765 -4 1]
 P 2010198 51622 367992 57796719
PT [2 0 766 -4 1]
 P 2012375 51766 368031 57868995
PT [2 0 767 -4 1]
 P 2014570 51910 368070 57941353
PT [2 0 768 -4 1]
 P 2016753 51982 368107 58013565
PT [2 0 769 -4 1]
 P 2018990 51982 368141 58085536
PT [2 0 770 -4 1]
 P 2021023 52054 368179 58157652
PT [2 0 771 -4 1]
 P 2023172 52198 368218 58229831
PT [2 0 772 -4 1]
 P 2025308 52342 368259 58302317
PT [2 0 773 -4 1]
 P 2027367 52414 368296 58374401
PT [2 0 774 -4 1]
 P 2029351 52486 368333 58446372
PT [2 0 775 -4 1]
 P 2031386 52558 368370 58518615
PT [2 0 776 -4 1]
 P 2033442 52702 368410 58590764
PT [2 0 777 -3 1]
 P 2035421 52846 368452 58663186
PT [2 0 778 -4 1]
 P 2037549 52918 368488 58735429
PT [2 0 779 -4 1]
 P 2039504 52990 368525 58807271
PT [2 0 780 -4 1]
 P 2041575 53062 368562 58879483
PT [2 0 781 -4 1]
