using saved target 'z1'
../../../../contiki/tools/sky/serialdump-linux -b115200 /dev/ttyUSB2
connecting to /dev/ttyUSB2 (115200) [OK]
Rime started with address 3.0
MAC 03:00:00:00:00:00:00:00 Ref ID: 4841
Contiki-3.x-2125-g5d67a61 started. Node id is set to 3.

************************************************
RTIMER_SECOND = 32768. F_CPU=8000000.
CLOCK_SECOND=128.
DURSLOT = 6015.(0.1835 s).
DURSLEEP = 114285.
DURCYCLE = 120300 .(3.6712 s).
MAX_CLOCK_DRIFT = WAKEUP_ADVANCE_TIME = 327 (0.0049 s).
PERIODIC_BCAST_CYCLES_SENSOR = 4194307.
PERIODIC_BCAST_CYCLES_SINK = 4194307.
MAX_CYCLE_COUNTER = 41728.
MAX_COUNT_NO_RTS_CTS = 65535.
MAX_CHILD_NUM = 10.
MAX_TRY_TO_FIND_PARENT = 3.

**********Below is Related Settings**********
PRIMAC_CONF_COMPOWER = 1.
PRIMAC_CONF_COMPOWER_SUPPORT = 1.
SF = 18.
PRI_SYNC_SUPPORT = 1.
RANDOM_DRIFT_IN_COOJA_SUPPORT = 0.
ADCSC_SUPPORT = 1.
DATA_TX_SUPPORT = 1.
CYCLES_PER_PACKET = 2.
DATA_INTERVAL = 9.
RETX_LIMIT = 6.
TOTAL_DATA_NUM = 100.
MAX_DATA_QUEUE_BUFS = 10.
PROC_GRADE_BASED_ON_ADDR_SUPPORT = 1.
NODES_NUM_PER_GRADE = 2.
ADDRESS_FREE_SUPPORT = 0.
IS_COOJA_SIM = 0.
CROSS_PLATFORM_SUPPORT = 0.
************************************************

My address is 3.0.
nullmac PRIMAC, channel check rate 8 Hz, radio channel 26
Starting
Hello, world
 P 0 0 0 2077080
 P 0 0 3443 2198753
 P 0 0 6833 2317680
 P 0 0 10223 2437980
 P 0 0 13613 2558280
 P 0 0 17003 2678580
EMPTY QUEUE
 P 339 0 20397 2801248
PT [2 0 1 0 1]
 P 339 0 23787 2919180
PT [2 0 2 0 1]
 P 339 0 27177 3039480
PT [2 0 3 0 1]
 P 339 0 30567 3159780
PT [2 0 4 0 1]
 P 2650 0 31646 3280080
PT [2 0 5 0 1]
EMPTY QUEUE
 P 3117 0 35040 3401500
PT [2 0 6 2 1]
 P 3927 0 37620 3520680
PT [2 0 7 2 1]
 P 3927 0 41010 3640980
PT [2 0 8 2 1]
 P 3927 0 44400 3761280
PT [2 0 9 2 1]
 P 6238 0 44406 3881580
PT [2 0 10 2 1]
EMPTY QUEUE
 P 6833 0 47800 4003575
PT [2 0 11 4 1]
 P 8866 0 47804 4122180
PT [2 0 12 4 1]
 P 10484 0 47807 4242480
PT [2 0 13 4 1]
 P 12103 0 47810 4362780
PT [2 0 14 4 1]
 P 13425 0 47816 4483080
PT [2 0 15 4 1]
EMPTY QUEUE
 P 13988 0 51210 4604980
PT [2 0 16 6 1]
 P 15667 0 51216 4723680
PT [2 0 17 6 1]
 P 15667 0 54606 4843980
PT [2 0 18 6 1]
 P 15667 0 57996 4964280
PT [2 0 19 6 1]
 P 17407 0 58001 5084580
PT [2 0 20 6 1]
EMPTY QUEUE
 P 17906 0 61395 5207152
PT [2 0 21 8 1]
 P 19108 0 61401 5325180
PT [2 0 22 8 1]
 P 19108 0 64791 5445480
PT [2 0 23 8 1]
 P 19108 0 68181 5565780
PT [2 0 24 8 1]
 P 21137 0 68187 5686080
PT [2 0 25 8 1]
EMPTY QUEUE
 P 21637 0 71580 5808748
PT [2 0 26 9 1]
 P 23771 0 71585 5926680
PT [2 0 27 9 1]
 P 23771 0 74975 6046980
PT [2 0 28 9 1]
 P 23771 0 78365 6167280
PT [2 0 29 9 1]
 P 25190 338 78377 6289166
PT [2 0 30 11 1]
 P 28540 741 78394 6410841
PT [2 0 31 11 1]
 P 31443 1151 78412 6530278
PT [2 0 32 12 1]
 P 34164 1560 78430 6651218
PT [2 0 33 12 1]
 P 34164 1560 81820 6768780
PT [2 0 34 12 1]
 P 37176 1897 81832 6890762
PT [2 0 35 13 1]
 P 39964 2307 81850 7011252
PT [2 0 36 13 1]
 P 41741 2644 81862 7132833
PT [2 0 37 13 1]
 P 44590 2981 84448 7254284
PT [2 0 38 15 1]
 P 45185 3053 87844 7371448
PT [2 0 39 14 1]
 P 47687 3390 87855 7493701
PT [2 0 40 14 1]
 P 50382 3799 87872 7613650
PT [2 0 41 15 1]
 P 52074 3871 87882 7732222
PT [2 0 42 16 1]
 P 54301 4208 87894 7854570
PT [2 0 43 16 1]
 P 57189 4544 87907 7974358
PT [2 0 44 16 1]
 P 59709 4842 87924 8095136
PT [2 0 45 16 1]
 P 62533 5179 87936 8215054
PT [2 0 46 17 1]
 P 65006 5515 87949 8334522
PT [2 0 47 17 1]
 P 67835 5924 87965 8455237
PT [2 0 48 17 1]
 P 69522 6263 87978 8575858
PT [2 0 49 18 1]
 P 72911 6672 87997 8695133
PT [2 0 50 18 1]
 P 72911 6672 91387 8813880
PT [2 0 51 18 1]
 P 75322 7009 91400 8936406
PT [2 0 52 19 1]
 P 78055 7418 91418 9055809
PT [2 0 53 19 1]
 P 79746 7755 91428 9176013
PT [2 0 54 19 1]
 P 83074 8163 91446 9297082
PT [2 0 55 20 1]
 P 83074 8163 94836 9415380
PT [2 0 56 20 1]
 P 85550 8500 94847 9537906
PT [2 0 57 21 1]
 P 88351 8909 94866 9658014
PT [2 0 58 21 1]
 P 90141 9246 94878 9777801
PT [2 0 59 21 1]
 P 93438 9656 94896 9898518
PT [2 0 60 22 1]
 P 93438 9656 98286 10016880
PT [2 0 61 22 1]
 P 95980 9993 98297 10138893
PT [2 0 62 22 1]
 P 98850 10402 98313 10259769
PT [2 0 63 23 1]
 P 100580 10739 98326 10378918
PT [2 0 64 23 1]
 P 103911 11148 98343 10499472
PT [2 0 65 23 1]
 P 104442 11220 101739 10619934
PT [2 0 66 24 1]
 P 106985 11556 101752 10741769
PT [2 0 67 24 1]
 P 109294 11893 101763 10860981
PT [2 0 68 24 1]
 P 111092 12230 101774 10981698
PT [2 0 69 25 1]
 P 113920 12567 104357 11102445
PT [2 0 70 25 1]
 P 117029 12976 104374 11222426
PT [2 0 71 26 1]
 P 120225 13385 104392 11343174
PT [2 0 72 26 1]
 P 120225 13385 107782 11460480
PT [2 0 73 26 1]
 P 121675 13722 107793 11583454
PT [2 0 74 27 1]
 P 125074 14130 107812 11702346
PT [2 0 75 27 1]
 P 127556 14467 107823 11823573
PT [2 0 76 27 1]
 P 130339 14876 107840 11944066
PT [2 0 77 28 1]
 P 130339 14876 111230 12061980
PT [2 0 78 28 1]
 P 132047 15214 111241 12183803
PT [2 0 79 28 1]
 P 135384 15623 111261 12305478
PT [2 0 80 29 1]
 P 137900 15960 111273 12424274
PT [2 0 81 29 1]
 P 140781 16369 111291 12544541
PT [2 0 82 29 1]
 P 140781 16369 114681 12663480
PT [2 0 83 29 1]
 P 142556 16706 114692 12785813
PT [2 0 84 30 1]
 P 145798 17115 114709 12906145
PT [2 0 85 30 1]
 P 148252 17451 114722 13026414
PT [2 0 86 31 1]
 P 151074 17860 114739 13146426
PT [2 0 87 31 1]
 P 151074 17860 118129 13264980
PT [2 0 88 31 1]
 P 152788 18198 118141 13387186
PT [2 0 89 32 1]
 P 156160 18607 118158 13508477
PT [2 0 90 32 1]
 P 158713 18944 118170 13628202
PT [2 0 91 33 1]
 P 161538 19353 118188 13747893
PT [2 0 92 33 1]
 P 162069 19425 121584 13868097
PT [2 0 93 33 1]
 P 163851 19762 121597 13988334
PT [2 0 94 34 1]
 P 166219 20026 124177 14111960
PT [2 0 95 34 1]
 P 168774 20364 124188 14230373
PT [2 0 96 34 1]
 P 172070 20845 124212 14350450
PT [2 0 97 35 1]
 P 175169 21182 124223 14471037
PT [2 0 98 35 1]
 P 177614 21591 124239 14590153
PT [2 0 99 35 1]
 P 177614 21591 127629 14708580
PT [2 0 100 35 1]
 P 180327 21928 127641 14830113
PT [2 0 101 36 1]
 P 183703 22337 127658 14951917
PT [2 0 102 37 1]
 P 185171 22674 127671 15071898
PT [2 0 103 37 1]
 P 188580 23083 127688 15191781
PT [2 0 104 37 1]
 P 188580 23083 131078 15310080
PT [2 0 105 37 1]
 P 191105 23419 131091 15433374
PT [2 0 106 38 1]
 P 191605 23491 134487 15550680
PT [2 0 107 38 1]
 P 194159 23563 135482 15673205
PT [2 0 108 39 1]
 P 200737 24573 135519 15793475
PT [2 0 109 39 1]
 P 200737 24573 138909 15911580
PT [2 0 110 39 1]
 P 202243 24911 138920 16033818
PT [2 0 111 40 1]
 P 205182 25248 141504 16155524
PT [2 0 112 40 1]
 P 207743 25585 141515 16275473
PT [2 0 113 40 1]
 P 211052 26066 141536 16395550
PT [2 0 114 41 1]
 P 211052 26066 144926 16513080
PT [2 0 115 41 1]
 P 212849 26403 144937 16636373
PT [2 0 116 42 1]
 P 216232 26813 144955 16755489
PT [2 0 117 42 1]
 P 218258 27078 147532 16877068
PT [2 0 118 42 1]
 P 220473 27415 147543 16997146
PT [2 0 119 43 1]
 P 222133 27631 150951 17117061
PT [2 0 120 43 1]
 P 223932 27968 150964 17236305
PT [2 0 121 43 1]
 P 226785 28306 150977 17357055
PT [2 0 122 45 1]
 P 229285 28642 150990 17477290
PT [2 0 123 44 1]
 P 229785 28714 154386 17595780
PT [2 0 124 44 1]
 P 232249 28870 154399 17718626
PT [2 0 125 45 1]
 P 237048 29616 154429 17838895
PT [2 0 126 45 1]
 P 237048 29616 157819 17956680
PT [2 0 127 45 1]
 P 239582 29952 157832 18079014
PT [2 0 128 46 1]
 P 242527 30361 157850 18199825
PT [2 0 129 46 1]
 P 244399 30697 157862 18319806
PT [2 0 130 47 1]
 P 247330 31033 157876 18439885
PT [2 0 131 47 1]
 P 247925 31105 161272 18559349
PT [2 0 132 47 1]
 P 250429 31442 161283 18681570
PT [2 0 133 48 1]
 P 252713 31780 163867 18801646
PT [2 0 134 48 1]
 P 255151 32189 163885 18921626
PT [2 0 135 48 1]
 P 258507 32598 163903 19042373
PT [2 0 136 49 1]
 P 258507 32598 167293 19159680
PT [2 0 137 49 1]
 P 261012 32935 167305 19282653
PT [2 0 138 49 1]
 P 263867 33343 167324 19401546
PT [2 0 139 50 1]
 P 265680 33680 167337 19522774
PT [2 0 140 50 1]
 P 269068 34090 167355 19643264
PT [2 0 141 50 1]
 P 269536 34162 170751 19763694
PT [2 0 142 51 1]
 P 272011 34500 170762 19883449
PT [2 0 143 51 1]
 P 274243 34837 170773 20004677
PT [2 0 144 51 1]
 P 276091 35173 170786 20123474
PT [2 0 145 52 1]
 P 279515 35575 170803 20243677
PT [2 0 146 52 1]
 P 282114 35912 173389 20366216
PT [2 0 147 52 1]
 P 284795 36248 173402 20485846
PT [2 0 148 53 1]
 P 285955 36392 176804 20603280
PT [2 0 149 53 1]
 P 287423 36730 176815 20726351
PT [2 0 150 54 1]
 P 290785 37138 176834 20845754
PT [2 0 151 54 1]
 P 293295 37475 176846 20965989
PT [2 0 152 54 1]
 P 296096 37884 176864 21087026
PT [2 0 153 55 1]
 P 296096 37884 180254 21204780
PT [2 0 154 55 1]
 P 297949 38221 180267 21327849
PT [2 0 155 55 1]
 P 301248 38629 180285 21447894
PT [2 0 156 56 1]
 P 303793 38966 180296 21567714
PT [2 0 157 56 1]
 P 306661 39375 180314 21688525
PT [2 0 158 56 1]
 P 306661 39375 183704 21806280
PT [2 0 159 56 1]
 P 308550 39711 183717 21928805
PT [2 0 160 57 1]
 P 311980 40120 183734 22049649
PT [2 0 161 57 1]
 P 314494 40456 183747 22168862
PT [2 0 162 58 1]
 P 317333 40865 183765 22289385
PT [2 0 163 58 1]
 P 317333 40865 187155 22407780
PT [2 0 164 58 1]
 P 319100 41202 187167 22531139
PT [2 0 165 59 1]
 P 319632 41274 190563 22648380
PT [2 0 166 59 1]
 P 322423 41611 190576 22771162
PT [2 0 167 60 1]
 P 325854 42019 190595 22890694
PT [2 0 168 60 1]
 P 328479 42428 194002 23011473
PT [2 0 169 60 1]
 P 329961 42765 194015 23130719
PT [2 0 170 61 1]
 P 332252 42765 194020 23249880
PT [2 0 171 61 1]
 P 334983 43102 194030 23373141
PT [2 0 172 61 1]
 P 338386 43510 194049 23492962
PT [2 0 173 62 1]
 P 343110 44111 194069 23611943
PT [2 0 174 63 1]
 P 345875 44448 194079 23734041
PT [2 0 175 62 1]
 P 347003 44592 197479 23851380
PT [2 0 176 63 1]
 P 349293 44732 197491 23974449
PT [2 0 177 63 1]
 P 352286 45069 200076 24095708
PT [2 0 178 63 1]
 P 354869 45405 200090 24215274
PT [2 0 179 64 1]
 P 358220 45886 200115 24335350
PT [2 0 180 64 1]
 P 358220 45886 203505 24452880
PT [2 0 181 64 1]
 P 360028 46223 203518 24576142
PT [2 0 182 65 1]
 P 362896 46560 206103 24697144
PT [2 0 183 65 1]
 P 365482 46897 206116 24816774
PT [2 0 184 66 1]
 P 368395 47307 208708 24936947
PT [2 0 185 66 1]
 P 368991 47379 212104 25054380
PT [2 0 186 66 1]
 P 370868 47716 212115 25177226
PT [2 0 187 67 1]
 P 374244 48125 212132 25297973
PT [2 0 188 67 1]
 P 376768 48462 212143 25417953
PT [2 0 189 67 1]
 P 379107 48799 212155 25536049
PT [2 0 190 68 1]
 P 379574 48871 215551 25656921
PT [2 0 191 68 1]
 P 381358 49209 215562 25779205
PT [2 0 192 68 1]
 P 384364 49545 215577 25899474
PT [2 0 193 69 1]
 P 387421 49954 215594 26019293
PT [2 0 194 69 1]
 P 389763 50291 215609 26139309
PT [2 0 195 70 1]
 P 390294 50363 219005 26258486
PT [2 0 196 70 1]
 P 392710 50772 219023 26379778
PT [2 0 197 72 1]
 P 395620 51108 219035 26500814
PT [2 0 198 71 1]
 P 398068 51180 219047 26619354
PT [2 0 199 71 1]
 P 400464 51517 219060 26741733
PT [2 0 200 71 1]
 P 402285 51854 219072 26861362
PT [2 0 201 72 1]
 P 405602 52264 219089 26982142
PT [2 0 202 73 1]
 P 407836 52601 222490 27099480
PT [2 0 203 72 1]
 P 410652 52938 222502 27221654
PT [2 0 204 73 1]
 P 414001 53348 222519 27342209
PT [2 0 205 73 1]
 P 415072 53613 222528 27462311
PT [2 0 206 73 1]
 P 417986 53949 222541 27583642
PT [2 0 207 74 1]
 P 419114 54093 225943 27700980
PT [2 0 208 74 1]
 P 421613 54430 225954 27824050
PT [2 0 209 75 1]
 P 423949 54769 228539 27944447
PT [2 0 210 76 1]
 P 426438 55178 228556 28064426
PT [2 0 211 75 1]
 P 429885 55587 228574 28185238
PT [2 0 212 76 1]
 P 429885 55587 231964 28302480
PT [2 0 213 76 1]
 P 432352 55924 231976 28425389
PT [2 0 214 76 1]
 P 435356 56333 231994 28544378
PT [2 0 215 77 1]
 P 437284 56670 232006 28665638
PT [2 0 216 77 1]
 P 440259 57000 234590 28787951
PT [2 0 217 77 1]
 P 440855 57072 237986 28905150
PT [2 0 218 78 1]
 P 444421 57553 238010 29026761
PT [2 0 219 78 1]
 P 446737 57890 238020 29145974
PT [2 0 220 78 1]
 P 448131 58155 240599 29268608
PT [2 0 221 78 1]
 P 450954 58492 240610 29388045
PT [2 0 222 79 1]
 P 454616 58973 240633 29508249
PT [2 0 223 80 1]
 P 457913 59382 240651 29627654
PT [2 0 224 80 1]
 P 457913 59382 244041 29746080
PT [2 0 225 80 1]
 P 459464 59719 244051 29868190
PT [2 0 226 81 1]
 P 462328 59791 244063 29986680
PT [2 0 227 81 1]
 P 465063 60128 244075 30109909
PT [2 0 228 81 1]
 P 467991 60200 244087 30227280
PT [2 0 229 81 1]
 P 470850 60537 244098 30350478
PT [2 0 230 82 1]
 P 475736 61211 244120 30470650
PT [2 0 231 82 1]
 P 479287 61619 244139 30590118
PT [2 0 232 83 1]
 P 481386 61955 244152 30710226
PT [2 0 233 83 1]
 P 484936 62364 244169 30831389
PT [2 0 234 83 1]
 P 484936 62364 247559 30949080
PT [2 0 235 83 1]
 P 487311 62364 248413 31071353
PT [2 0 236 83 1]
 P 489782 62524 248425 31192545
PT [2 0 237 84 1]
 P 492258 62933 248442 31312494
PT [2 0 238 85 1]
 P 495210 63270 251027 31435128
PT [2 0 239 85 1]
 P 497548 63607 257000 31551750
PT [2 0 240 86 1]
 P 501389 64088 257024 31673362
PT [2 0 241 86 1]
 P 504251 64425 257036 31792573
PT [2 0 242 86 1]
 P 505748 64762 257048 31913290
PT [2 0 243 87 1]
 P 509143 65170 257067 32033590
PT [2 0 244 87 1]
 P 509610 65242 260463 32153249
PT [2 0 245 87 1]
 P 512219 65578 260476 32274639
PT [2 0 246 88 1]
 P 514356 65915 260488 32395258
PT [2 0 247 88 1]
 P 516142 66251 260500 32515621
PT [2 0 248 88 1]
 P 519508 66659 260520 32635506
PT [2 0 249 89 1]
 P 522054 66997 260531 32756062
PT [2 0 250 89 1]
 P 525174 67405 260549 32875113
PT [2 0 251 89 1]
 P 525174 67405 263939 32994180
PT [2 0 252 89 1]
 P 526012 67405 263947 33114821
PT [2 0 253 89 1]
 P 528394 67597 263959 33237741
PT [2 0 254 90 1]
 P 530621 68006 263976 33357594
PT [2 0 255 91 1]
 P 533642 68343 266561 33478373
PT [2 0 256 91 1]
 P 536395 68752 269967 33595680
PT [2 0 257 91 1]
 P 539117 69089 269979 33717471
PT [2 0 258 92 1]
 P 542452 69498 269997 33838921
PT [2 0 259 92 1]
 P 543830 69834 270011 33958391
PT [2 0 260 93 1]
 P 547264 70244 270028 34079138
PT [2 0 261 93 1]
 P 547264 70244 273418 34197180
PT [2 0 262 93 1]
 P 549750 70580 273431 34320058
PT [2 0 263 94 1]
 P 552558 70989 273450 34439365
PT [2 0 264 94 1]
 P 554292 71326 273461 34560369
PT [2 0 265 94 1]
 P 557726 71734 273479 34679742
PT [2 0 266 95 1]
 P 557726 71734 276869 34798680
PT [2 0 267 95 1]
 P 560278 72064 276880 34920270
PT [2 0 268 95 1]
 P 563686 72544 276904 35041027
PT [2 0 269 97 1]
 P 565358 72881 276917 35161645
PT [2 0 270 96 1]
 P 568825 73290 276935 35282969
PT [2 0 271 97 1]
 P 571314 73627 276947 35401894
PT [2 0 272 97 1]
 P 574479 74036 276966 35523345
PT [2 0 273 97 1]
 P 574479 74036 280356 35640780
PT [2 0 274 97 1]
 P 574479 74036 283746 35761080
PT [2 0 275 97 1]
 P 574479 74036 287136 35881380
PT [2 0 276 97 1]
 P 577046 74036 287142 36001680
PT [2 0 277 97 1]
EMPTY QUEUE
 P 577947 74036 287150 36124081
PT [2 0 278 97 1]
EMPTY QUEUE
 P 578414 74036 290544 36243080
PT [2 0 279 99 1]
 P 578414 74036 293934 36362580
PT [2 0 280 99 1]
 P 578414 74036 297324 36482880
PT [2 0 281 99 1]
 P 580887 74036 297330 36603180
PT [2 0 282 99 1]
 P 582965 74036 297336 36723480
PT [2 0 283 99 1]
EMPTY QUEUE
 P 583560 74036 300730 36845699
PT [2 0 284 104 1]
 P 583560 74036 304120 36964080
PT [2 0 285 104 1]
 P 583560 74036 307510 37084380
PT [2 0 286 104 1]
 P 585811 74036 307516 37204680
PT [2 0 287 104 1]
 P 587924 74036 307522 37324980
PT [2 0 288 104 1]
EMPTY QUEUE
 P 588487 74036 310916 37446496
PT [2 0 289 106 1]
 P 588487 74036 314306 37565580
PT [2 0 290 106 1]
 P 588487 74036 317696 37685880
PT [2 0 291 106 1]
 P 590900 74036 317701 37806180
PT [2 0 292 106 1]
 P 592409 74036 317706 37926480
PT [2 0 293 106 1]
EMPTY QUEUE
 P 592909 74036 321100 38049181
PT [2 0 294 108 1]
 P 592909 74036 324490 38167080
PT [2 0 295 108 1]
 P 592909 74036 327880 38287380
PT [2 0 296 108 1]
 P 594331 74036 327886 38407680
PT [2 0 297 108 1]
 P 597155 74036 327892 38527980
PT [2 0 298 108 1]
EMPTY QUEUE
 P 597656 74036 331285 38649241
PT [2 0 299 109 1]
 P 597656 74036 334675 38768580
PT [2 0 300 109 1]
 P 597656 74036 338065 38888880
PT [2 0 301 109 1]
 P 599496 74036 338071 39009180
PT [2 0 302 109 1]
 P 601971 74036 338077 39129480
PT [2 0 303 109 1]
EMPTY QUEUE
 P 602438 74036 341471 39252211
PT [2 0 304 111 1]
 P 602438 74036 344861 39370080
PT [2 0 305 111 1]
 P 602438 74036 348251 39490380
PT [2 0 306 111 1]
 P 604568 74036 348257 39610680
PT [2 0 307 111 1]
 P 605543 74036 348262 39730980
PT [2 0 308 111 1]
EMPTY QUEUE
 P 606075 74036 351656 39853616
PT [2 0 309 113 1]
 P 606075 74036 355046 39971580
PT [2 0 310 113 1]
 P 606075 74036 358436 40091880
PT [2 0 311 113 1]
 P 608879 74036 358442 40212180
PT [2 0 312 113 1]
 P 609761 74036 358448 40332480
PT [2 0 313 113 1]
EMPTY QUEUE
 P 609819 74036 364411 40456924
PT [2 0 314 113 1]
EMPTY QUEUE
 P 610414 74036 367805 40574007
PT [2 0 315 115 1]
 P 610414 74036 371195 40693380
PT [2 0 316 115 1]
 P 612740 74036 371200 40813680
PT [2 0 317 115 1]
 P 615449 74036 371206 40933980
PT [2 0 318 115 1]
 P 615449 74036 374596 41054280
PT [2 0 319 115 1]
EMPTY QUEUE
 P 616045 74036 377990 41176500
PT [2 0 320 117 1]
 P 616045 74036 381380 41294880
PT [2 0 321 117 1]
 P 617252 74036 381386 41415180
PT [2 0 322 117 1]
 P 620125 74036 381391 41535480
PT [2 0 323 117 1]
 P 620125 74036 384781 41655780
PT [2 0 324 117 1]
EMPTY QUEUE
 P 620593 74036 388175 41777200
PT [2 0 325 119 1]
 P 620593 74036 391565 41896380
PT [2 0 326 119 1]
 P 622602 74036 391571 42016680
PT [2 0 327 119 1]
 P 624486 74036 391577 42136980
PT [2 0 328 119 1]
 P 624486 74036 394967 42257280
PT [2 0 329 119 1]
EMPTY QUEUE
 P 625082 74036 398360 42380076
PT [2 0 330 120 1]
 P 625082 74036 401750 42497880
PT [2 0 331 120 1]
 P 626229 74036 401756 42618180
PT [2 0 332 120 1]
 P 628532 74036 401762 42738480
PT [2 0 333 120 1]
 P 628532 74036 405152 42858780
PT [2 0 334 120 1]
EMPTY QUEUE
 P 629063 74036 408546 42980071
PT [2 0 335 122 1]
 P 629063 74036 411936 43099380
PT [2 0 336 122 1]
 P 630244 74036 411941 43219680
PT [2 0 337 122 1]
 P 632839 74036 411946 43339980
PT [2 0 338 122 1]
 P 632839 74036 415336 43460280
PT [2 0 339 122 1]
EMPTY QUEUE
 P 633371 74036 418730 43583076
PT [2 0 340 124 1]
 P 633371 74036 422120 43700880
PT [2 0 341 124 1]
 P 635993 74036 422126 43821180
PT [2 0 342 124 1]
 P 637215 74036 422132 43941480
PT [2 0 343 124 1]
 P 637215 74036 425522 44061780
PT [2 0 344 124 1]
EMPTY QUEUE
 P 637747 74036 428916 44184416
PT [2 0 345 126 1]
 P 637747 74036 432306 44302380
PT [2 0 346 126 1]
 P 639635 74036 432312 44422680
PT [2 0 347 126 1]
 P 642428 74036 432318 44542980
PT [2 0 348 126 1]
 P 642428 74036 435708 44663280
PT [2 0 349 126 1]
EMPTY QUEUE
 P 642960 74036 439101 44785628
PT [2 0 350 128 1]
 P 642960 74036 442491 44903880
PT [2 0 351 128 1]
 P 644498 74036 442497 45024180
PT [2 0 352 128 1]
 P 646175 74036 442502 45144480
PT [2 0 353 128 1]
 P 646175 74036 445892 45264780
PT [2 0 354 128 1]
EMPTY QUEUE
 P 646674 74036 449286 45386168
PT [2 0 355 129 1]
 P 646674 74036 452676 45505380
PT [2 0 356 129 1]
 P 648758 74036 452682 45625680
PT [2 0 357 129 1]
 P 651238 74036 452688 45745980
PT [2 0 358 129 1]
 P 651238 74036 456078 45866280
PT [2 0 359 129 1]
EMPTY QUEUE
 P 651705 74036 459472 45987603
PT [2 0 360 131 1]
 P 651705 74036 462862 46106880
PT [2 0 361 131 1]
 P 653695 74036 462867 46227180
PT [2 0 362 131 1]
 P 655314 74036 462873 46347480
PT [2 0 363 131 1]
 P 655314 74036 466263 46467780
PT [2 0 364 131 1]
EMPTY QUEUE
 P 655846 74036 469657 46589520
PT [2 0 365 133 1]
 P 655846 74036 473047 46708380
PT [2 0 366 133 1]
 P 657613 74036 473053 46828680
PT [2 0 367 133 1]
 P 659268 74036 473059 46948980
PT [2 0 368 133 1]
 P 659268 74036 476449 47069280
PT [2 0 369 133 1]
EMPTY QUEUE
 P 659833 74036 479843 47191277
PT [2 0 370 135 1]
 P 659833 74036 483233 47309880
PT [2 0 371 135 1]
 P 661762 74036 483239 47430180
PT [2 0 372 135 1]
 P 662812 74036 483245 47550480
PT [2 0 373 135 1]
 P 662812 74036 486635 47670780
PT [2 0 374 135 1]
EMPTY QUEUE
 P 663312 74036 490028 47792296
PT [2 0 375 136 1]
 P 663312 74036 493418 47911380
PT [2 0 376 136 1]
 P 666299 74036 493424 48031680
PT [2 0 377 136 1]
 P 668664 74036 493430 48151980
PT [2 0 378 136 1]
 P 668664 74036 496820 48272280
PT [2 0 379 136 1]
EMPTY QUEUE
 P 669131 74036 500215 48394245
PT [2 0 380 138 1]
 P 669131 74036 503605 48512880
PT [2 0 381 138 1]
 P 670488 74036 503610 48633180
PT [2 0 382 138 1]
 P 672505 74036 503616 48753480
PT [2 0 383 138 1]
 P 672505 74036 507006 48873780
PT [2 0 384 138 1]
EMPTY QUEUE
 P 673069 74036 510400 48996704
PT [2 0 385 140 1]
 P 673069 74036 513790 49114380
PT [2 0 386 140 1]
 P 674715 74036 513796 49234680
PT [2 0 387 140 1]
 P 674715 74036 517186 49354980
PT [2 0 388 140 1]
 P 676480 74036 517192 49475280
PT [2 0 389 140 1]
EMPTY QUEUE
 P 676980 74036 520586 49596828
PT [2 0 390 142 1]
 P 676980 74036 523976 49715880
PT [2 0 391 142 1]
 P 679300 74036 523982 49836180
PT [2 0 392 142 1]
 P 679300 74036 527372 49956480
PT [2 0 393 142 1]
 P 680588 74036 527378 50076780
PT [2 0 394 142 1]
EMPTY QUEUE
 P 680646 74036 533341 50200552
PT [2 0 395 142 1]
EMPTY QUEUE
 P 681114 74036 536735 50318180
PT [2 0 396 144 1]
 P 682956 74036 536741 50437680
PT [2 0 397 144 1]
 P 682956 74036 540131 50557980
PT [2 0 398 144 1]
 P 685175 74036 540137 50678280
PT [2 0 399 144 1]
 P 685175 74036 543527 50798580
PT [2 0 400 144 1]
EMPTY QUEUE
 P 685770 74036 546921 50920800
PT [2 0 401 146 1]
 P 688542 74036 546927 51039180
PT [2 0 402 146 1]
 P 688542 74036 550317 51159480
PT [2 0 403 146 1]
 P 689517 74036 550323 51279780
PT [2 0 404 146 1]
 P 689517 74036 553713 51400080
PT [2 0 405 146 1]
EMPTY QUEUE
 P 690080 74036 557106 51521596
PT [2 0 406 147 1]
 P 691606 74036 557111 51640680
PT [2 0 407 147 1]
 P 691606 74036 560501 51760980
PT [2 0 408 147 1]
 P 693768 74036 560507 51881280
PT [2 0 409 147 1]
 P 693768 74036 563897 52001580
PT [2 0 410 147 1]
EMPTY QUEUE
 P 694267 74036 567291 52124279
PT [2 0 411 149 1]
 P 696978 74036 567297 52242180
PT [2 0 412 149 1]
 P 696978 74036 570687 52362480
PT [2 0 413 149 1]
 P 699175 74036 570693 52482780
PT [2 0 414 149 1]
 P 699175 74036 574083 52603080
PT [2 0 415 149 1]
EMPTY QUEUE
 P 699675 74036 577477 52724340
PT [2 0 416 151 1]
 P 702420 74036 577483 52843680
PT [2 0 417 151 1]
 P 702420 74036 580873 52963980
PT [2 0 418 151 1]
 P 704013 74036 580879 53084280
PT [2 0 419 151 1]
 P 704013 74036 584269 53204580
PT [2 0 420 151 1]
EMPTY QUEUE
 P 704481 74036 587663 53327312
PT [2 0 421 153 1]
 P 706620 74036 587669 53445180
PT [2 0 422 153 1]
 P 706620 74036 591059 53565480
PT [2 0 423 153 1]
 P 709528 74036 591065 53685780
PT [2 0 424 153 1]
 P 709528 74036 594455 53806080
PT [2 0 425 153 1]
EMPTY QUEUE
 P 710061 74036 597849 53928717
PT [2 0 426 156 1]
 P 711466 74036 597854 54046680
PT [2 0 427 156 1]
 P 711466 74036 601244 54166980
PT [2 0 428 156 1]
 P 714026 74036 601249 54287280
PT [2 0 429 156 1]
 P 714026 74036 604639 54407580
PT [2 0 430 156 1]
EMPTY QUEUE
 P 714556 74036 608033 54529927
PT [2 0 431 156 1]
 P 715610 74036 608039 54648180
PT [2 0 432 156 1]
 P 715610 74036 611429 54768480
PT [2 0 433 156 1]
 P 716669 74036 611435 54888780
PT [2 0 434 156 1]
 P 716669 74036 614825 55009080
PT [2 0 435 156 1]
EMPTY QUEUE
 P 717231 74036 618219 55130531
PT [2 0 436 158 1]
 P 718831 74036 618225 55249680
PT [2 0 437 158 1]
 P 718831 74036 621615 55369980
PT [2 0 438 158 1]
 P 719797 74036 621621 55490280
PT [2 0 439 158 1]
 P 719797 74036 625011 55610580
PT [2 0 440 158 1]
EMPTY QUEUE
 P 720329 74036 628405 55731969
PT [2 0 441 160 1]
 P 721835 74036 628411 55851180
PT [2 0 442 160 1]
 P 721835 74036 631801 55971480
PT [2 0 443 160 1]
 P 724629 74036 631806 56091780
PT [2 0 444 160 1]
 P 724629 74036 635196 56212080
PT [2 0 445 160 1]
EMPTY QUEUE
 P 725193 74036 638589 56333852
PT [2 0 446 162 1]
 P 726477 74036 638595 56452680
PT [2 0 447 162 1]
 P 726477 74036 641985 56572980
PT [2 0 448 162 1]
 P 729434 74036 641991 56693280
PT [2 0 449 162 1]
 P 729434 74036 645381 56813580
PT [2 0 450 162 1]
EMPTY QUEUE
 P 729934 74036 648774 56935512
PT [2 0 1 0 1]
 P 731217 74036 648779 57054343
PT [2 0 2 0 1]
 P 731217 74036 652169 57174643
PT [2 0 3 0 1]
 P 733022 74036 652175 57294943
PT [2 0 4 0 1]
 P 733022 74036 655565 57415243
PT [2 0 5 0 1]
EMPTY QUEUE
 P 733553 74036 658959 57536790
PT [2 0 6 2 1]
 P 735893 74036 658965 57655843
PT [2 0 7 2 1]
 P 735893 74036 662355 57776143
PT [2 0 8 2 1]
 P 738118 74036 662360 57896443
PT [2 0 9 2 1]
 P 738118 74036 665750 58016743
PT [2 0 10 2 1]
EMPTY QUEUE
 P 738714 74036 669144 58138835
PT [2 0 11 4 1]
 P 741472 74036 669150 58257343
PT [2 0 12 4 1]
 P 741472 74036 672540 58377643
PT [2 0 13 4 1]
 P 743988 74036 672546 58497943
PT [2 0 14 4 1]
 P 743988 74036 675936 58618243
PT [2 0 15 4 1]
EMPTY QUEUE
 P 744488 74036 679330 58741103
PT [2 0 16 6 1]
 P 745488 74036 679336 58858843
PT [2 0 17 6 1]
 P 745488 74036 682726 58979143
PT [2 0 18 6 1]
 P 746631 74036 682732 59099443
PT [2 0 19 6 1]
 P 746631 74036 686122 59219743
PT [2 0 20 6 1]
EMPTY QUEUE
 P 747099 74036 689515 59341259
PT [2 0 21 7 1]
 P 748773 74036 689520 59460343
PT [2 0 22 7 1]
 P 749967 74036 689526 59580643
PT [2 0 23 7 1]
 P 752682 74036 689531 59700943
PT [2 0 24 7 1]
 P 752682 74036 692921 59821243
PT [2 0 25 7 1]
EMPTY QUEUE
 P 752741 74036 698883 59944791
PT [2 0 26 7 1]
EMPTY QUEUE
 P 753338 74036 702276 60062772
PT [2 0 27 10 1]
 P 755462 74036 702282 60182143
PT [2 0 28 10 1]
 P 757013 74036 702288 60302443
PT [2 0 29 10 1]
 P 758676 74036 702293 60422743
PT [2 0 30 10 1]
 P 758676 74036 705683 60543043
PT [2 0 31 10 1]
EMPTY QUEUE
 P 759272 74036 709076 60666095
PT [2 0 32 11 1]
 P 760150 74036 709081 60783643
PT [2 0 33 11 1]
 P 760150 74036 712471 60903943
PT [2 0 34 11 1]
 P 761336 74036 712477 61024243
PT [2 0 35 11 1]
 P 761336 74036 715867 61144543
PT [2 0 36 11 1]
EMPTY QUEUE
 P 761803 74036 719261 61267050
PT [2 0 37 13 1]
 P 763866 74036 719267 61385143
PT [2 0 38 13 1]
 P 763866 74036 722657 61505443
PT [2 0 39 13 1]
 P 765983 74036 722663 61625743
PT [2 0 40 13 1]
 P 766853 74036 722669 61746043
PT [2 0 41 13 1]
EMPTY QUEUE
 P 767449 74036 726063 61868040
PT [2 0 42 15 1]
 P 769546 74036 726069 61986643
PT [2 0 43 15 1]
 P 769546 74036 729459 62106943
PT [2 0 44 15 1]
 P 769546 74036 732849 62227243
PT [2 0 45 15 1]
 P 771603 74036 732855 62347543
PT [2 0 46 15 1]
EMPTY QUEUE
 P 772134 74036 736249 62469443
PT [2 0 47 17 1]
 P 773625 74036 736255 62588143
PT [2 0 48 17 1]
 P 773625 74036 739645 62708443
PT [2 0 49 17 1]
 P 773625 74036 743035 62828743
PT [2 0 50 17 1]
 P 775718 74036 743041 62949043
PT [2 0 51 17 1]
EMPTY QUEUE
 P 776250 74036 746434 63071295
PT [2 0 52 19 1]
 P 779055 74036 746440 63189643
PT [2 0 53 19 1]
 P 779055 74036 749830 63309943
PT [2 0 54 19 1]
 P 779055 74036 753220 63430243
PT [2 0 55 19 1]
 P 780543 74036 753226 63550543
PT [2 0 56 19 1]
EMPTY QUEUE
 P 781074 74036 756620 63673018
PT [2 0 57 20 1]
 P 783529 74036 756625 63791143
PT [2 0 58 20 1]
 P 783529 74036 760015 63911443
PT [2 0 59 20 1]
 P 783529 74036 763405 64031743
PT [2 0 60 20 1]
 P 786332 74036 763411 64152043
PT [2 0 61 20 1]
EMPTY QUEUE
 P 786864 74036 766805 64274103
PT [2 0 62 22 1]
 P 787816 74036 766811 64392643
PT [2 0 63 22 1]
 P 787816 74036 770201 64512943
PT [2 0 64 22 1]
 P 787816 74036 773591 64633243
PT [2 0 65 22 1]
 P 790271 74036 773597 64753543
PT [2 0 66 22 1]
EMPTY QUEUE
 P 790771 74036 776991 64876051
PT [2 0 67 24 1]
 P 791629 74036 776997 64994143
PT [2 0 68 24 1]
 P 791629 74036 780387 65114443
PT [2 0 69 24 1]
 P 791629 74036 783777 65234743
PT [2 0 70 24 1]
 P 792583 74036 783783 65355043
PT [2 0 71 24 1]
EMPTY QUEUE
 P 793051 74036 787176 65476335
PT [2 0 72 26 1]
 P 795735 74036 787182 65595643
PT [2 0 73 26 1]
 P 795735 74036 790572 65715943
PT [2 0 74 26 1]
 P 795735 74036 793962 65836243
PT [2 0 75 26 1]
 P 796596 74036 793968 65956543
PT [2 0 76 26 1]
EMPTY QUEUE
 P 797128 74036 797361 66078635
PT [2 0 77 27 1]
 P 799974 74036 797366 66197143
PT [2 0 78 27 1]
 P 799974 74036 800756 66317443
PT [2 0 79 27 1]
 P 799974 74036 804146 66437743
PT [2 0 80 27 1]
 P 802663 74036 804152 66558043
PT [2 0 81 27 1]
EMPTY QUEUE
 P 803226 74036 807546 66680262
PT [2 0 82 29 1]
 P 805081 74036 807552 66798643
PT [2 0 83 29 1]
 P 805081 74036 810942 66918943
PT [2 0 84 29 1]
 P 805081 74036 814332 67039243
PT [2 0 85 29 1]
 P 807933 74036 814338 67159543
PT [2 0 86 29 1]
EMPTY QUEUE
 P 808433 74036 817733 67282692
PT [2 0 87 31 1]
 P 810706 74036 817739 67400143
PT [2 0 88 31 1]
 P 810706 74036 821129 67520443
PT [2 0 89 31 1]
 P 810706 74036 824519 67640743
PT [2 0 90 31 1]
 P 812569 74036 824525 67761043
PT [2 0 91 31 1]
EMPTY QUEUE
 P 813037 74036 827919 67883487
PT [2 0 92 33 1]
 P 815553 74036 827925 68001643
PT [2 0 93 33 1]
 P 817860 74036 827931 68121943
PT [2 0 94 33 1]
 P 817860 74036 831321 68242243
PT [2 0 95 33 1]
 P 820143 74036 831327 68362543
PT [2 0 96 33 1]
EMPTY QUEUE
 P 820707 74036 834720 68485723
PT [2 0 97 34 1]
 P 820707 74036 838110 68603143
PT [2 0 98 34 1]
 P 822664 74036 838116 68723443
PT [2 0 99 34 1]
