using saved target 'z1'
../../../../contiki/tools/sky/serialdump-linux -b115200 /dev/ttyUSB3
connecting to /dev/ttyUSB3 (115200) [OK]
Rime started with address 4.0
MAC 04:00:00:00:00:00:00:00 Ref ID: 4841
Contiki-3.x-2125-g5d67a61 started. Node id is set to 4.

************************************************
RTIMER_SECOND = 32768. F_CPU=8000000.
CLOCK_SECOND=128.
DURSLOT = 6015.(0.1835 s).
DURSLEEP = 114285.
DURCYCLE = 120300 .(3.6712 s).
MAX_CLOCK_DRIFT = WAKEUP_ADVANCE_TIME = 327 (0.0049 s).
PERIODIC_BCAST_CYCLES_SENSOR = 4194307.
PERIODIC_BCAST_CYCLES_SINK = 4194307.
MAX_CYCLE_COUNTER = 41728.
MAX_COUNT_NO_RTS_CTS = 65535.
MAX_CHILD_NUM = 10.
MAX_TRY_TO_FIND_PARENT = 3.

**********Below is Related Settings**********
PRIMAC_CONF_COMPOWER = 1.
PRIMAC_CONF_COMPOWER_SUPPORT = 1.
SF = 18.
PRI_SYNC_SUPPORT = 1.
RANDOM_DRIFT_IN_COOJA_SUPPORT = 0.
ADCSC_SUPPORT = 1.
DATA_TX_SUPPORT = 1.
CYCLES_PER_PACKET = 4.
DATA_INTERVAL = 9.
RETX_LIMIT = 6.
TOTAL_DATA_NUM = 100.
MAX_DATA_QUEUE_BUFS = 10.
PROC_GRADE_BASED_ON_ADDR_SUPPORT = 1.
NODES_NUM_PER_GRADE = 2.
ADDRESS_FREE_SUPPORT = 0.
IS_COOJA_SIM = 0.
CROSS_PLATFORM_SUPPORT = 0.
************************************************

My address is 4.0.
nullmac PRIMAC, channel check rate 8 Hz, radio channel 26
Starting
Hello, world
 P 0 0 0 2908755
 P 0 0 3390 3029055
 P 0 0 6780 3149355
 P 0 0 10223 3271572
 P 0 0 13613 3389955
 P 0 0 17003 3510255
 P 0 0 20393 3630555
 P 0 0 23783 3750855
EMPTY QUEUE
 P 338 0 27177 3873299
PT [3 0 1 -6 1]
 P 338 0 30567 3991455
PT [3 0 2 -6 1]
 P 338 0 33957 4111755
PT [3 0 3 -6 1]
 P 338 0 37347 4232055
PT [3 0 4 -6 1]
 P 338 0 40737 4352355
PT [3 0 5 -6 1]
EMPTY QUEUE
 P 870 0 44131 4473999
PT [3 0 6 -7 1]
 P 870 0 47521 4592955
PT [3 0 7 -7 1]
 P 870 0 50911 4713255
PT [3 0 8 -7 1]
 P 870 0 54301 4833555
PT [3 0 9 -7 1]
 P 870 0 57691 4953855
PT [3 0 10 -7 1]
EMPTY QUEUE
 P 1529 0 61085 5076043
PT [3 0 11 -9 2]
 P 1529 0 64475 5194455
PT [3 0 12 -9 2]
 P 1529 0 67865 5314755
PT [3 0 13 -9 2]
 P 1529 0 71255 5435055
PT [3 0 14 -9 2]
 P 1529 0 74645 5555355
PT [3 0 15 -9 2]
EMPTY QUEUE
 P 2220 0 78039 5677862
PT [3 0 16 -11 2]
 P 2220 0 81429 5795955
PT [3 0 17 -11 2]
 P 2220 0 84819 5916255
PT [3 0 18 -11 2]
 P 2220 0 88209 6036555
PT [3 0 19 -11 2]
 P 2220 0 91599 6156855
PT [3 0 20 -11 2]
 P 2278 0 97562 6281971
PT [3 0 21 -11 2]
 P 3033 72 100959 6400226
PT [3 0 22 -13 2]
 P 3662 144 104355 6520046
PT [3 0 23 -12 2]
 P 3662 144 107745 6638055
PT [3 0 24 -12 2]
 P 3662 144 111135 6758355
PT [3 0 25 -12 2]
 P 4386 216 114531 6881585
PT [3 0 26 -14 2]
 P 4386 216 117921 6998955
PT [3 0 27 -14 2]
 P 4445 216 123883 7123751
PT [3 0 28 -14 2]
 P 5105 288 127278 7242229
PT [3 0 29 -16 2]
 P 5105 288 130668 7359855
PT [3 0 30 -16 2]
 P 5861 360 134064 7482573
PT [3 0 31 -16 2]
 P 5861 360 137454 7600455
PT [3 0 32 -16 2]
 P 5920 360 143416 7725347
PT [3 0 33 -16 2]
 P 6080 360 146809 7842987
PT [3 0 34 -16 2]
 P 6804 432 150204 7964092
PT [3 0 35 -18 2]
 P 6863 596 153596 8083297
PT [3 0 36 -18 2]
 P 7491 668 156992 8204597
PT [3 0 37 -18 2]
 P 8118 740 160388 8324544
PT [3 0 38 -19 2]
 P 8118 740 163778 8442555
PT [3 0 39 -19 2]
 P 8177 740 169740 8567447
PT [3 0 40 -19 2]
 P 8804 812 173137 8685797
PT [3 0 41 -20 2]
 P 8804 812 176527 8803455
PT [3 0 42 -20 2]
 P 9496 884 179922 8926109
PT [3 0 43 -20 2]
 P 9496 884 183312 9044055
PT [3 0 44 -20 2]
 P 9555 884 189274 9168947
PT [3 0 45 -20 2]
 P 10215 956 192669 9287328
PT [3 0 46 -22 2]
 P 10215 956 196059 9404955
PT [3 0 47 -22 2]
 P 10939 1028 199455 9527641
PT [3 0 48 -22 2]
 P 10939 1028 202845 9645555
PT [3 0 49 -22 2]
 P 10997 1028 208807 9770447
PT [3 0 50 -22 2]
 P 11721 1100 212203 9888893
PT [3 0 51 -23 2]
 P 11721 1100 215593 10006455
PT [3 0 52 -23 2]
 P 12349 1172 218989 10129045
PT [3 0 53 -24 2]
 P 12349 1172 222379 10247055
PT [3 0 54 -24 2]
 P 12406 1172 228342 10371947
PT [3 0 55 -24 2]
 P 13098 1244 231738 10490361
PT [3 0 56 -25 2]
 P 13098 1244 235128 10607955
PT [3 0 57 -25 2]
 P 13821 1316 238524 10730640
PT [3 0 58 -26 2]
 P 13821 1316 241914 10848555
PT [3 0 59 -26 2]
 P 13832 1316 245306 10970828
PT [3 0 60 -26 2]
 P 14459 1388 248702 11091796
PT [3 0 61 -27 2]
 P 15183 1460 252098 11211841
PT [3 0 62 -27 2]
 P 15183 1460 255488 11329755
PT [3 0 63 -27 2]
 P 15183 1460 258878 11450055
PT [3 0 64 -27 2]
 P 15242 1460 264840 11574947
PT [3 0 65 -27 2]
 P 15933 1532 268236 11693360
PT [3 0 66 -29 2]
 P 16688 1604 271632 11813373
PT [3 0 67 -29 2]
 P 16688 1604 275022 11931255
PT [3 0 68 -29 2]
 P 16688 1604 278412 12051555
PT [3 0 69 -29 2]
 P 16745 1604 284375 12176447
PT [3 0 70 -29 2]
 P 17501 1676 287770 12294925
PT [3 0 71 -31 2]
 P 18223 1748 291166 12414840
PT [3 0 72 -31 2]
 P 18223 1748 294556 12532755
PT [3 0 73 -31 2]
 P 18223 1748 297946 12653055
PT [3 0 74 -31 2]
 P 18282 1748 303908 12777947
PT [3 0 75 -31 2]
 P 19038 1820 307304 12896425
PT [3 0 76 -32 2]
 P 19761 1892 310699 13016340
PT [3 0 77 -33 2]
 P 19761 1892 314089 13134255
PT [3 0 78 -33 2]
 P 19761 1892 317479 13254555
PT [3 0 79 -33 2]
 P 19820 1892 323441 13379447
PT [3 0 80 -33 2]
 P 20511 1964 326837 13497861
PT [3 0 81 -34 2]
 P 21139 2036 330233 13617745
PT [3 0 82 -34 2]
 P 21139 2036 333623 13735755
PT [3 0 83 -34 2]
 P 21139 2036 337013 13856055
PT [3 0 84 -34 2]
 P 21196 2036 342976 13980947
PT [3 0 85 -34 2]
 P 21918 2108 346372 14099392
PT [3 0 86 -36 2]
 P 22546 2180 349768 14219246
PT [3 0 87 -35 2]
 P 22546 2180 353158 14337255
PT [3 0 88 -35 2]
 P 23237 2252 356554 14460452
PT [3 0 89 -37 2]
 P 23237 2252 359944 14577855
PT [3 0 90 -37 2]
 P 23237 2252 363334 14698155
PT [3 0 91 -37 2]
 P 23703 2252 366726 14820789
PT [3 0 92 -37 2]
 P 24363 2324 370122 14941429
PT [3 0 93 -38 2]
 P 24420 2324 376085 15063103
PT [3 0 94 -38 2]
 P 25079 2396 379481 15182029
PT [3 0 95 -39 2]
 P 25079 2396 382871 15299655
PT [3 0 96 -39 2]
 P 25833 2468 386267 15422372
PT [3 0 97 -40 2]
 P 25833 2468 389657 15540255
PT [3 0 98 -40 2]
 P 25892 2468 395619 15665147
PT [3 0 99 -40 2]
 P 26614 2540 399015 15783592
PT [3 0 100 -41 2]
 P 26614 2540 402405 15901155
PT [3 0 101 -41 2]
 P 26673 2540 408367 16025503
PT [3 0 102 -41 2]
 P 27427 2612 411763 16144524
PT [3 0 103 -42 2]
 P 28054 2684 415159 16264345
PT [3 0 104 -42 2]
 P 28054 2684 418549 16382355
PT [3 0 105 -42 2]
 P 28054 2684 421939 16502655
PT [3 0 106 -42 2]
 P 28111 2684 427901 16627546
PT [3 0 107 -42 2]
 P 28804 2756 431296 16745962
PT [3 0 108 -44 2]
 P 29495 2828 434692 16865909
PT [3 0 109 -44 2]
 P 29495 2828 438082 16983855
PT [3 0 110 -44 2]
 P 29495 2828 441472 17104155
PT [3 0 111 -44 2]
 P 29552 2828 447435 17229047
PT [3 0 112 -44 2]
 P 30212 2900 450830 17347429
PT [3 0 113 -45 2]
 P 30903 2972 454226 17467408
PT [3 0 114 -46 2]
 P 30903 2972 457616 17585355
PT [3 0 115 -46 2]
 P 30962 3067 461008 17707772
PT [3 0 116 -46 2]
 P 31621 3139 464404 17828628
PT [3 0 117 -47 2]
 P 31621 3139 467794 17946255
PT [3 0 118 -47 2]
 P 32281 3211 471189 18068876
PT [3 0 119 -48 2]
 P 32281 3211 474579 18186855
PT [3 0 120 -48 2]
 P 32340 3211 480541 18311747
PT [3 0 121 -48 2]
 P 33032 3283 483937 18430161
PT [3 0 122 -49 2]
 P 33032 3283 487327 18547755
PT [3 0 123 -49 2]
 P 33788 3355 490723 18670473
PT [3 0 124 -49 2]
 P 33788 3355 494113 18788355
PT [3 0 125 -49 2]
 P 33847 3355 500075 18913247
PT [3 0 126 -49 2]
 P 34539 3427 503470 19031661
PT [3 0 127 -50 2]
 P 34539 3427 506860 19149255
PT [3 0 128 -50 2]
 P 35167 3499 510256 19271845
PT [3 0 129 -51 2]
 P 35167 3499 513646 19389855
PT [3 0 130 -51 2]
 P 35226 3499 519608 19514747
PT [3 0 131 -51 2]
 P 35886 3571 523004 19633130
PT [3 0 132 -51 2]
 P 35886 3571 526394 19750755
PT [3 0 133 -51 2]
 P 36545 3643 529790 19873376
PT [3 0 134 -53 2]
 P 36545 3643 533180 19991355
PT [3 0 135 -53 2]
 P 36604 3643 539142 20116247
PT [3 0 136 -53 2]
 P 37328 3715 542538 20234693
PT [3 0 137 -54 2]
 P 38052 3787 545934 20354641
PT [3 0 138 -54 2]
 P 38052 3787 549324 20472555
PT [3 0 139 -54 2]
 P 38052 3787 552714 20592855
PT [3 0 140 -54 2]
 P 38111 3787 558676 20717747
PT [3 0 141 -54 2]
 P 38770 3859 562072 20836128
PT [3 0 142 -56 2]
 P 39462 3931 565468 20956109
PT [3 0 143 -56 2]
 P 39462 3931 568858 21074055
PT [3 0 144 -56 2]
 P 39462 3931 572248 21194355
PT [3 0 145 -56 2]
 P 39521 3931 578210 21319247
PT [3 0 146 -56 2]
 P 40180 4003 581605 21437628
PT [3 0 147 -58 2]
 P 40839 4075 585001 21557576
PT [3 0 148 -58 2]
 P 40839 4075 588391 21675555
PT [3 0 149 -58 2]
 P 40839 4075 591781 21795855
PT [3 0 150 -58 2]
 P 40898 4075 597743 21920747
PT [3 0 151 -58 2]
 P 41590 4147 601139 22039161
PT [3 0 152 -59 2]
 P 42313 4219 604535 22159140
PT [3 0 153 -60 2]
 P 42313 4219 607925 22277055
PT [3 0 154 -60 2]
 P 42313 4219 611315 22397355
PT [3 0 155 -60 2]
 P 42372 4219 617277 22522247
PT [3 0 156 -60 2]
 P 42383 4219 620669 22639736
PT [3 0 157 -60 2]
 P 42934 4219 624061 22760578
PT [3 0 158 -60 2]
 P 43560 4291 627457 22881196
PT [3 0 159 -62 2]
 P 44250 4363 630853 22998855
PT [3 0 160 -62 2]
 P 44307 4363 636815 23123746
PT [3 0 161 -62 2]
 P 44366 4363 642777 23243855
PT [3 0 162 -62 2]
 P 44821 4363 646170 23361983
PT [3 0 163 -62 2]
 P 45544 4435 649565 23482792
PT [3 0 164 -64 2]
 P 46926 4579 652967 23603221
PT [3 0 165 -64 2]
 P 46926 4579 656357 23720655
PT [3 0 166 -64 2]
 P 46926 4579 659747 23840955
PT [3 0 167 -64 2]
 P 46985 4657 663139 23963259
PT [3 0 168 -64 2]
 P 47644 4729 666535 24084229
PT [3 0 169 -65 2]
 P 48273 4801 669931 24204146
PT [3 0 170 -66 2]
 P 48273 4801 673321 24322155
PT [3 0 171 -66 2]
 P 48273 4801 676711 24442455
PT [3 0 172 -66 2]
 P 48332 4801 682673 24567347
PT [3 0 173 -66 2]
 P 49024 4873 686069 24685761
PT [3 0 174 -67 2]
 P 49652 4945 689464 24805645
PT [3 0 175 -67 2]
 P 49652 4945 692854 24923655
PT [3 0 176 -67 2]
 P 49652 4945 696244 25043955
PT [3 0 177 -67 2]
 P 49711 4945 702206 25168847
PT [3 0 178 -67 2]
 P 50403 5017 705602 25287261
PT [3 0 179 -69 2]
 P 51031 5089 708998 25407145
PT [3 0 180 -69 2]
 P 51031 5089 712388 25525155
PT [3 0 181 -69 2]
 P 51031 5089 715778 25645455
PT [3 0 182 -69 2]
 P 51088 5089 721740 25770346
PT [3 0 183 -69 2]
 P 51715 5161 725136 25888696
PT [3 0 184 -71 2]
 P 52439 5233 728532 26008741
PT [3 0 185 -71 2]
 P 52439 5233 731922 26126655
PT [3 0 186 -71 2]
 P 52439 5233 735312 26246955
PT [3 0 187 -71 2]
 P 52498 5233 741274 26371847
PT [3 0 188 -71 2]
 P 53222 5305 744669 26490292
PT [3 0 189 -73 2]
 P 53543 5305 750368 26611903
PT [3 0 190 -73 2]
 P 53752 5305 753761 26730136
PT [3 0 191 -73 2]
 P 53810 5305 759723 26852855
PT [3 0 192 -73 2]
 P 54501 5377 763119 26971461
PT [3 0 193 -74 2]
 P 55128 5449 766515 27089055
PT [3 0 194 -74 2]
 P 55466 5449 769907 27211657
PT [3 0 195 -74 2]
 P 56221 5521 773303 27332425
PT [3 0 196 -75 2]
 P 56279 5521 779265 27454003
PT [3 0 197 -75 2]
 P 56906 5593 782661 27572896
PT [3 0 198 -76 2]
 P 56906 5593 786051 27690555
PT [3 0 199 -76 2]
 P 57630 5665 789446 27813241
PT [3 0 200 -76 2]
 P 57630 5665 792836 27931155
PT [3 0 201 -76 2]
 P 57689 5665 798798 28056047
PT [3 0 202 -76 2]
 P 58381 5737 802193 28174461
PT [3 0 203 -78 2]
 P 58381 5737 805583 28292055
PT [3 0 204 -78 2]
 P 59009 5809 808979 28414645
PT [3 0 205 -78 2]
 P 59009 5809 812369 28532655
PT [3 0 206 -78 2]
 P 59066 5809 818332 28657547
PT [3 0 207 -78 2]
 P 59726 5881 821728 28775929
PT [3 0 208 -79 2]
 P 59726 5881 825118 28893555
PT [3 0 209 -79 2]
 P 60450 5953 828514 29016241
PT [3 0 210 -80 2]
 P 60450 5953 831904 29134155
PT [3 0 211 -80 2]
 P 60509 5953 837866 29259047
PT [3 0 212 -80 2]
 P 61137 6025 841262 29377397
PT [3 0 213 -81 2]
 P 61860 6097 844658 29497441
PT [3 0 214 -81 2]
 P 61860 6097 848048 29615355
PT [3 0 215 -81 2]
 P 61860 6097 851438 29735655
PT [3 0 216 -81 2]
 P 61919 6097 857400 29860547
PT [3 0 217 -81 2]
 P 61978 6097 863362 29980655
PT [3 0 218 -81 2]
 P 62452 6097 866755 30098802
PT [3 0 219 -81 2]
 P 62510 6097 872717 30221255
PT [3 0 220 -81 2]
 P 63136 6169 876113 30339796
PT [3 0 221 -84 2]
 P 64238 6241 879512 30459830
PT [3 0 222 -84 2]
 P 64898 6313 882907 30580428
PT [3 0 223 -85 2]
 P 65213 6313 886300 30699790
PT [3 0 224 -85 2]
 P 65873 6385 889696 30821029
PT [3 0 225 -85 2]
 P 65873 6385 893086 30938655
PT [3 0 226 -85 2]
 P 66532 6451 896482 31061270
PT [3 0 227 -86 2]
 P 66590 6548 899874 31181374
PT [3 0 228 -86 2]
 P 66648 6548 905836 31303955
PT [3 0 229 -86 2]
 P 67339 6620 909232 31422561
PT [3 0 230 -87 2]
 P 67966 6692 912628 31540155
PT [3 0 231 -87 2]
 P 68413 6692 916020 31662865
PT [3 0 232 -87 2]
 P 69137 6764 919416 31783493
PT [3 0 233 -88 2]
 P 69196 6764 925378 31905103
PT [3 0 234 -88 2]
 P 69823 6836 928774 32023996
PT [3 0 235 -89 2]
 P 69823 6836 932164 32141655
PT [3 0 236 -89 2]
 P 70579 6908 935559 32264372
PT [3 0 237 -90 2]
 P 70579 6908 938949 32382255
PT [3 0 238 -90 2]
 P 70638 6908 944911 32507147
PT [3 0 239 -90 2]
 P 71330 6980 948307 32625561
PT [3 0 240 -91 2]
 P 71959 7052 951703 32745446
PT [3 0 241 -91 2]
 P 71959 7052 955093 32863455
PT [3 0 242 -91 2]
 P 71959 7052 958483 32983755
PT [3 0 243 -91 2]
 P 72018 7052 964445 33108647
PT [3 0 244 -91 2]
 P 72077 7182 967837 33226315
PT [3 0 245 -91 2]
 P 72135 7182 973799 33349055
PT [3 0 246 -91 2]
 P 72762 7254 977195 33467597
PT [3 0 247 -93 2]
 P 73454 7326 980591 33585255
PT [3 0 248 -93 2]
 P 73743 7326 983983 33707807
PT [3 0 249 -93 2]
 P 74371 7398 987379 33828497
PT [3 0 250 -94 2]
 P 74428 7398 993342 33950203
PT [3 0 251 -94 2]
 P 75185 7470 996738 34069226
PT [3 0 252 -94 2]
 P 75185 7470 1000128 34186755
PT [3 0 253 -94 2]
 P 75877 7542 1003523 34309408
PT [3 0 254 -96 2]
 P 75877 7542 1006913 34427355
PT [3 0 255 -96 2]
 P 75936 7542 1012875 34552247
PT [3 0 256 -96 2]
 P 76658 7614 1016271 34670692
PT [3 0 257 -97 2]
 P 76658 7614 1019661 34788255
PT [3 0 258 -97 2]
 P 77382 7686 1023057 34910941
PT [3 0 259 -97 2]
 P 77382 7686 1026447 35028855
PT [3 0 260 -97 2]
 P 77441 7686 1032409 35153747
PT [3 0 261 -97 2]
 P 78165 7758 1035804 35272193
PT [3 0 262 -99 2]
 P 78919 7830 1039200 35392172
PT [3 0 263 -99 2]
 P 78919 7830 1042590 35510055
PT [3 0 264 -99 2]
 P 78919 7830 1045980 35630355
PT [3 0 265 -99 2]
 P 78919 7830 1049370 35750655
PT [3 0 266 -99 2]
 P 78919 7830 1052760 35870955
PT [3 0 267 -99 2]
EMPTY QUEUE
 P 79611 7830 1056153 35993911
PT [3 0 268 -101 2]
 P 79611 7830 1059543 36111555
PT [3 0 269 -101 2]
 P 79611 7830 1062933 36231855
PT [3 0 270 -101 2]
 P 79611 7830 1066323 36352155
PT [3 0 271 -101 2]
 P 79611 7830 1069713 36472455
PT [3 0 272 -101 2]
EMPTY QUEUE
 P 80366 7830 1073106 36595379
PT [3 0 273 -102 2]
 P 80366 7830 1076496 36713055
PT [3 0 274 -102 2]
 P 80366 7830 1079886 36833355
PT [3 0 275 -102 2]
 P 80366 7830 1083276 36953655
PT [3 0 276 -102 2]
 P 80366 7830 1086666 37073955
PT [3 0 277 -102 2]
EMPTY QUEUE
 P 81090 7830 1090060 37196623
PT [3 0 278 -104 2]
 P 81090 7830 1093450 37314555
PT [3 0 279 -104 2]
 P 81090 7830 1096840 37434855
PT [3 0 280 -104 2]
 P 81090 7830 1100230 37555155
PT [3 0 281 -104 2]
 P 81090 7830 1103620 37675455
PT [3 0 282 -104 2]
EMPTY QUEUE
 P 81750 7830 1107014 37798219
PT [3 0 283 -106 2]
 P 81750 7830 1110404 37916055
PT [3 0 284 -106 2]
 P 81750 7830 1113794 38036355
PT [3 0 285 -106 2]
 P 81750 7830 1117184 38156655
PT [3 0 286 -106 2]
 P 81750 7830 1120574 38276955
PT [3 0 287 -106 2]
EMPTY QUEUE
 P 82377 7830 1123968 38398694
PT [3 0 288 -108 2]
 P 82377 7830 1127358 38517555
PT [3 0 289 -108 2]
 P 82377 7830 1130748 38637855
PT [3 0 290 -108 2]
 P 82377 7830 1134138 38758155
PT [3 0 291 -108 2]
 P 82377 7830 1137528 38878455
PT [3 0 292 -108 2]
EMPTY QUEUE
 P 83132 7830 1140921 39000739
PT [3 0 293 -110 2]
 P 83132 7830 1144311 39119055
PT [3 0 294 -110 2]
 P 83132 7830 1147701 39239355
PT [3 0 295 -110 2]
 P 83132 7830 1151091 39359655
PT [3 0 296 -110 2]
 P 83132 7830 1154481 39479955
PT [3 0 297 -110 2]
EMPTY QUEUE
 P 83793 7830 1157875 39602432
PT [3 0 298 -110 2]
 P 83793 7830 1161265 39720555
PT [3 0 299 -110 2]
 P 83793 7830 1164655 39840855
PT [3 0 300 -110 2]
 P 83793 7830 1168045 39961155
PT [3 0 301 -110 2]
 P 83793 7830 1171435 40081455
PT [3 0 302 -110 2]
EMPTY QUEUE
 P 84453 7830 1174829 40204603
PT [3 0 303 -113 2]
 P 84453 7830 1178219 40322055
PT [3 0 304 -113 2]
 P 84453 7830 1181609 40442355
PT [3 0 305 -113 2]
 P 84453 7830 1184999 40562655
PT [3 0 306 -113 2]
 P 84453 7830 1188389 40682955
PT [3 0 307 -113 2]
EMPTY QUEUE
 P 85208 7830 1191783 40805718
PT [3 0 308 -115 2]
 P 85208 7830 1195173 40923555
PT [3 0 309 -115 2]
 P 85208 7830 1198563 41043855
PT [3 0 310 -115 2]
 P 85208 7830 1201953 41164155
PT [3 0 311 -115 2]
 P 85208 7830 1205343 41284455
PT [3 0 312 -115 2]
EMPTY QUEUE
 P 85930 7830 1208737 41406067
PT [3 0 313 -117 2]
 P 85930 7830 1212127 41525055
PT [3 0 314 -117 2]
 P 85930 7830 1215517 41645355
PT [3 0 315 -117 2]
 P 85930 7830 1218907 41765655
PT [3 0 316 -117 2]
 P 85930 7830 1222297 41885955
PT [3 0 317 -117 2]
EMPTY QUEUE
 P 86589 7830 1225690 42008304
PT [3 0 318 -118 2]
 P 86589 7830 1229080 42126555
PT [3 0 319 -118 2]
 P 86589 7830 1232470 42246855
PT [3 0 320 -118 2]
 P 86589 7830 1235860 42367155
PT [3 0 321 -118 2]
 P 86589 7830 1239250 42487455
PT [3 0 322 -118 2]
EMPTY QUEUE
 P 87217 7830 1242644 42608907
PT [3 0 323 -120 2]
 P 87217 7830 1246034 42728055
PT [3 0 324 -120 2]
 P 87217 7830 1249424 42848355
PT [3 0 325 -120 2]
 P 87217 7830 1252814 42968655
PT [3 0 326 -120 2]
 P 87217 7830 1256204 43088955
PT [3 0 327 -120 2]
EMPTY QUEUE
 P 87972 7830 1259598 43210567
PT [3 0 328 -122 2]
 P 87972 7830 1262988 43329555
PT [3 0 329 -122 2]
 P 87972 7830 1266378 43449855
PT [3 0 330 -122 2]
 P 87972 7830 1269768 43570155
PT [3 0 331 -122 2]
 P 87972 7830 1273158 43690455
PT [3 0 332 -122 2]
EMPTY QUEUE
 P 88630 7830 1276552 43813410
PT [3 0 333 -124 2]
 P 88630 7830 1279942 43931055
PT [3 0 334 -124 2]
 P 88630 7830 1283332 44051355
PT [3 0 335 -124 2]
 P 88630 7830 1286722 44171655
PT [3 0 336 -124 2]
 P 88630 7830 1290112 44291955
PT [3 0 337 -124 2]
EMPTY QUEUE
 P 89290 7830 1293505 44414175
PT [3 0 338 -126 2]
 P 89290 7830 1296895 44532555
PT [3 0 339 -126 2]
 P 89290 7830 1300285 44652855
PT [3 0 340 -126 2]
 P 89290 7830 1303675 44773155
PT [3 0 341 -126 2]
 P 89290 7830 1307065 44893455
PT [3 0 342 -126 2]
EMPTY QUEUE
 P 89919 7830 1310459 45015292
PT [3 0 343 -126 2]
 P 89919 7830 1313849 45134055
PT [3 0 344 -126 2]
 P 89919 7830 1317239 45254355
PT [3 0 345 -126 2]
 P 89919 7830 1320629 45374655
PT [3 0 346 -126 2]
 P 89919 7830 1324019 45494955
PT [3 0 347 -126 2]
EMPTY QUEUE
 P 90643 7830 1327413 45617431
PT [3 0 348 -129 2]
 P 90643 7830 1330803 45735555
PT [3 0 349 -129 2]
 P 90643 7830 1334193 45855855
PT [3 0 350 -129 2]
 P 90643 7830 1337583 45976155
PT [3 0 351 -129 2]
 P 90643 7830 1340973 46096455
PT [3 0 352 -129 2]
EMPTY QUEUE
 P 91302 7830 1344367 46218771
PT [3 0 353 -131 2]
 P 91302 7830 1347757 46337055
PT [3 0 354 -131 2]
 P 91302 7830 1351147 46457355
PT [3 0 355 -131 2]
 P 91302 7830 1354537 46577655
PT [3 0 356 -131 2]
 P 91302 7830 1357927 46697955
PT [3 0 357 -131 2]
EMPTY QUEUE
 P 92056 7830 1361321 46820143
PT [3 0 358 -133 2]
 P 92056 7830 1364711 46938555
PT [3 0 359 -133 2]
 P 92056 7830 1368101 47058855
PT [3 0 360 -133 2]
 P 92056 7830 1371491 47179155
PT [3 0 361 -133 2]
 P 92056 7830 1374881 47299455
PT [3 0 362 -133 2]
EMPTY QUEUE
 P 92780 7830 1378274 47421771
PT [3 0 363 -134 2]
 P 92780 7830 1381664 47540055
PT [3 0 364 -134 2]
 P 92780 7830 1385054 47660355
PT [3 0 365 -134 2]
 P 92780 7830 1388444 47780655
PT [3 0 366 -134 2]
 P 92780 7830 1391834 47900955
PT [3 0 367 -134 2]
EMPTY QUEUE
 P 93440 7830 1395228 48024263
PT [3 0 368 -136 2]
 P 93440 7830 1398618 48141555
PT [3 0 369 -136 2]
 P 93440 7830 1402008 48261855
PT [3 0 370 -136 2]
 P 93440 7830 1405398 48382155
PT [3 0 371 -136 2]
 P 93440 7830 1408788 48502455
PT [3 0 372 -136 2]
EMPTY QUEUE
 P 94068 7830 1412182 48624099
PT [3 0 373 -138 2]
 P 94068 7830 1415572 48743055
PT [3 0 374 -138 2]
 P 94068 7830 1418962 48863355
PT [3 0 375 -138 2]
 P 94068 7830 1422352 48983655
PT [3 0 376 -138 2]
 P 94068 7830 1425742 49103955
PT [3 0 377 -138 2]
EMPTY QUEUE
 P 94694 7830 1429136 49225886
PT [3 0 378 -140 2]
 P 94694 7830 1432526 49344555
PT [3 0 379 -140 2]
 P 94694 7830 1435916 49464855
PT [3 0 380 -140 2]
 P 94694 7830 1439306 49585155
PT [3 0 381 -140 2]
 P 94694 7830 1442696 49705455
PT [3 0 382 -140 2]
EMPTY QUEUE
 P 95450 7830 1446089 49828187
PT [3 0 383 -142 2]
 P 95450 7830 1449479 49946055
PT [3 0 384 -142 2]
 P 95450 7830 1452869 50066355
PT [3 0 385 -142 2]
 P 95450 7830 1456259 50186655
PT [3 0 386 -142 2]
 P 95450 7830 1459649 50306955
PT [3 0 387 -142 2]
EMPTY QUEUE
 P 96206 7830 1463043 50429207
PT [3 0 388 -143 2]
 P 96206 7830 1466433 50547555
PT [3 0 389 -143 2]
 P 96206 7830 1469823 50667855
PT [3 0 390 -143 2]
 P 96206 7830 1473213 50788155
PT [3 0 391 -143 2]
 P 96206 7830 1476603 50908455
PT [3 0 392 -143 2]
EMPTY QUEUE
 P 96929 7830 1479997 51031603
PT [3 0 393 -145 2]
 P 96929 7830 1483387 51149055
PT [3 0 394 -145 2]
 P 96929 7830 1486777 51269355
PT [3 0 395 -145 2]
 P 96929 7830 1490167 51389655
PT [3 0 396 -145 2]
 P 96929 7830 1493557 51509955
PT [3 0 397 -145 2]
EMPTY QUEUE
 P 97588 7830 1496951 51631790
PT [3 0 398 -147 2]
 P 97588 7830 1500341 51750555
PT [3 0 399 -147 2]
 P 97588 7830 1503731 51870855
PT [3 0 400 -147 2]
 P 97588 7830 1507121 51991155
PT [3 0 401 -147 2]
 P 97588 7830 1510511 52111455
PT [3 0 402 -147 2]
EMPTY QUEUE
 P 98215 7830 1513905 52234443
PT [3 0 403 -149 2]
 P 98215 7830 1517295 52352055
PT [3 0 404 -149 2]
 P 98215 7830 1520685 52472355
PT [3 0 405 -149 2]
 P 98215 7830 1524075 52592655
PT [3 0 406 -149 2]
 P 98215 7830 1527465 52712955
PT [3 0 407 -149 2]
EMPTY QUEUE
 P 98971 7830 1530858 52836103
PT [3 0 408 -150 2]
 P 98971 7830 1534248 52953555
PT [3 0 409 -150 2]
 P 98971 7830 1537638 53073855
PT [3 0 410 -150 2]
 P 98971 7830 1541028 53194155
PT [3 0 411 -150 2]
 P 98971 7830 1544418 53314455
PT [3 0 412 -150 2]
EMPTY QUEUE
 P 99631 7830 1547812 53436899
PT [3 0 413 -152 2]
 P 99631 7830 1551202 53555055
PT [3 0 414 -152 2]
 P 99631 7830 1554592 53675355
PT [3 0 415 -152 2]
 P 99631 7830 1557982 53795655
PT [3 0 416 -152 2]
 P 99631 7830 1561372 53915955
PT [3 0 417 -152 2]
EMPTY QUEUE
 P 100291 7830 1564766 54037663
PT [3 0 418 -154 2]
 P 100291 7830 1568156 54156555
PT [3 0 419 -154 2]
 P 100291 7830 1571546 54276855
PT [3 0 420 -154 2]
 P 100291 7830 1574936 54397155
PT [3 0 421 -154 2]
 P 100291 7830 1578326 54517455
PT [3 0 422 -154 2]
EMPTY QUEUE
 P 100918 7830 1581720 54638778
PT [3 0 423 -156 2]
 P 100918 7830 1585110 54758055
PT [3 0 424 -156 2]
 P 100918 7830 1588500 54878355
PT [3 0 425 -156 2]
 P 100918 7830 1591890 54998655
PT [3 0 426 -156 2]
 P 100918 7830 1595280 55118955
PT [3 0 427 -156 2]
EMPTY QUEUE
 P 101641 7830 1598673 55240919
PT [3 0 428 -158 2]
 P 101641 7830 1602063 55359555
PT [3 0 429 -158 2]
 P 101641 7830 1605453 55479855
PT [3 0 430 -158 2]
 P 101641 7830 1608843 55600155
PT [3 0 431 -158 2]
 P 101641 7830 1612233 55720455
PT [3 0 432 -158 2]
EMPTY QUEUE
 P 102301 7830 1615627 55842259
PT [3 0 433 -159 2]
 P 102301 7830 1619017 55961055
PT [3 0 434 -159 2]
 P 102301 7830 1622407 56081355
PT [3 0 435 -159 2]
 P 102301 7830 1625797 56201655
PT [3 0 436 -159 2]
 P 102301 7830 1629187 56321955
PT [3 0 437 -159 2]
EMPTY QUEUE
 P 103057 7830 1632582 56443632
PT [3 0 438 -161 2]
 P 103057 7830 1635972 56562555
PT [3 0 439 -161 2]
 P 103057 7830 1639362 56682855
PT [3 0 440 -161 2]
 P 103057 7830 1642752 56803155
PT [3 0 441 -161 2]
 P 103057 7830 1646142 56923455
PT [3 0 442 -161 2]
EMPTY QUEUE
 P 103780 7830 1649536 57045258
PT [3 0 443 0 2]
 P 103780 7830 1652926 57164055
PT [3 0 444 0 2]
 P 103780 7830 1656316 57284355
PT [3 0 445 0 2]
 P 103780 7830 1659706 57404655
PT [3 0 446 0 2]
 P 103780 7830 1663096 57524955
PT [3 0 447 0 2]
EMPTY QUEUE
 P 104439 7830 1666490 57647751
PT [3 0 448 -2 2]
 P 104439 7830 1669880 57765555
PT [3 0 449 -2 2]
 P 104439 7830 1673270 57885855
PT [3 0 450 -2 2]
 P 104439 7830 1676660 58006155
PT [3 0 451 -2 2]
 P 104439 7830 1680050 58126455
PT [3 0 452 -2 2]
EMPTY QUEUE
 P 105066 7830 1683443 58249635
PT [3 0 453 -4 2]
 P 105066 7830 1686833 58367055
PT [3 0 454 -4 2]
 P 105066 7830 1690223 58487355
PT [3 0 455 -4 2]
 P 105066 7830 1693613 58607655
PT [3 0 456 -4 2]
 P 105066 7830 1697003 58727955
PT [3 0 457 -4 2]
EMPTY QUEUE
 P 105694 7830 1700397 58849375
PT [3 0 458 -5 2]
 P 105694 7830 1703787 58968555
PT [3 0 459 -5 2]
 P 105694 7830 1707177 59088855
PT [3 0 460 -5 2]
 P 105694 7830 1710567 59209155
PT [3 0 461 -5 2]
 P 105694 7830 1713957 59329455
PT [3 0 462 -5 2]
EMPTY QUEUE
 P 106449 7830 1717351 59451675
PT [3 0 0 -7 2]
EMPTY QUEUE
 P 107076 7830 1720745 59571367
PT [3 0 1 -7 2]
 P 107076 7830 1724135 59690355
PT [3 0 2 -7 2]
 P 107076 7830 1727525 59810655
PT [3 0 3 -7 2]
 P 107076 7830 1730915 59930955
PT [3 0 4 -7 2]
 P 107076 7830 1734305 60051255
PT [3 0 5 -7 2]
EMPTY QUEUE
 P 107832 7830 1737699 60173923
PT [3 0 6 -9 2]
 P 107832 7830 1741089 60291855
PT [3 0 7 -9 2]
 P 107832 7830 1744479 60412155
PT [3 0 8 -9 2]
 P 107832 7830 1747869 60532455
PT [3 0 9 -9 2]
 P 107832 7830 1751259 60652755
PT [3 0 10 -9 2]
EMPTY QUEUE
 P 108524 7830 1754653 60774111
PT [3 0 11 -11 2]
 P 108524 7830 1758043 60893355
PT [3 0 12 -11 2]
 P 108524 7830 1761433 61013655
PT [3 0 13 -11 2]
 P 108524 7830 1764823 61133955
PT [3 0 14 -11 2]
 P 108524 7830 1768213 61254255
PT [3 0 15 -11 2]
EMPTY QUEUE
 P 109247 7830 1771607 61376826
PT [3 0 16 -13 2]
 P 109247 7830 1774997 61494855
PT [3 0 17 -13 2]
 P 109247 7830 1778387 61615155
PT [3 0 18 -13 2]
 P 109247 7830 1781777 61735455
PT [3 0 19 -13 2]
 P 109247 7830 1785167 61855755
PT [3 0 20 -13 2]
EMPTY QUEUE
 P 109939 7830 1788560 61978327
PT [3 0 21 -15 2]
 P 109939 7830 1791950 62096355
PT [3 0 22 -15 2]
 P 109939 7830 1795340 62216655
PT [3 0 23 -15 2]
 P 109939 7830 1798730 62336955
PT [3 0 24 -15 2]
 P 109939 7830 1802120 62457255
PT [3 0 25 -15 2]
EMPTY QUEUE
 P 110600 7830 1805514 62579188
PT [3 0 26 -16 2]
 P 110600 7830 1808904 62697855
PT [3 0 27 -16 2]
 P 110600 7830 1812294 62818155
PT [3 0 28 -16 2]
 P 110600 7830 1815684 62938455
PT [3 0 29 -16 2]
 P 110600 7830 1819074 63058755
PT [3 0 30 -16 2]
EMPTY QUEUE
 P 111292 7830 1822468 63182031
PT [3 0 31 -18 2]
 P 111292 7830 1825858 63299355
PT [3 0 32 -18 2]
 P 111292 7830 1829248 63419655
PT [3 0 33 -18 2]
 P 111292 7830 1832638 63539955
PT [3 0 34 -18 2]
 P 111292 7830 1836028 63660255
PT [3 0 35 -18 2]
EMPTY QUEUE
 P 111919 7830 1839422 63783114
PT [3 0 36 -20 2]
 P 111919 7830 1842812 63900855
PT [3 0 37 -20 2]
 P 111919 7830 1846202 64021155
PT [3 0 38 -20 2]
 P 111919 7830 1849592 64141455
PT [3 0 39 -20 2]
 P 111919 7830 1852982 64261755
PT [3 0 40 -20 2]
EMPTY QUEUE
 P 112674 7830 1856376 64383239
PT [3 0 41 -22 2]
 P 112674 7830 1859766 64502355
PT [3 0 42 -22 2]
 P 112674 7830 1863156 64622655
PT [3 0 43 -22 2]
 P 112674 7830 1866546 64742955
PT [3 0 44 -22 2]
 P 112674 7830 1869936 64863255
PT [3 0 45 -22 2]
EMPTY QUEUE
 P 113302 7830 1873329 64984515
PT [3 0 46 -23 2]
 P 113302 7830 1876719 65103855
PT [3 0 47 -23 2]
 P 113302 7830 1880109 65224155
PT [3 0 48 -23 2]
 P 113302 7830 1883499 65344455
PT [3 0 49 -23 2]
 P 113302 7830 1886889 65464755
PT [3 0 50 -23 2]
EMPTY QUEUE
 P 113994 7830 1890283 65587903
PT [3 0 51 -25 2]
 P 113994 7830 1893673 65705355
PT [3 0 52 -25 2]
 P 113994 7830 1897063 65825655
PT [3 0 53 -25 2]
 P 113994 7830 1900453 65945955
PT [3 0 54 -25 2]
 P 113994 7830 1903843 66066255
PT [3 0 55 -25 2]
EMPTY QUEUE
 P 114718 7830 1907237 66189595
PT [3 0 56 -27 2]
 P 114718 7830 1910627 66306855
PT [3 0 57 -27 2]
 P 114718 7830 1914017 66427155
PT [3 0 58 -27 2]
 P 114718 7830 1917407 66547455
PT [3 0 59 -27 2]
 P 114718 7830 1920797 66667755
PT [3 0 60 -27 2]
EMPTY QUEUE
 P 115440 7830 1924191 66790102
PT [3 0 61 -29 2]
 P 115440 7830 1927581 66908355
PT [3 0 62 -29 2]
 P 115440 7830 1930971 67028655
PT [3 0 63 -29 2]
 P 115440 7830 1934361 67148955
PT [3 0 64 -29 2]
 P 115440 7830 1937751 67269255
PT [3 0 65 -29 2]
EMPTY QUEUE
 P 116196 7830 1941144 67392051
PT [3 0 66 -31 2]
 P 116196 7830 1944534 67509855
PT [3 0 67 -31 2]
 P 116196 7830 1947924 67630155
PT [3 0 68 -31 2]
 P 116196 7830 1951314 67750455
PT [3 0 69 -31 2]
 P 116196 7830 1954704 67870755
PT [3 0 70 -31 2]
EMPTY QUEUE
 P 116254 7830 1960667 67995711
PT [3 0 71 -31 2]
EMPTY QUEUE
 P 116880 7830 1964061 68113755
PT [3 0 72 -33 2]
 P 116880 7830 1967451 68231655
PT [3 0 73 -33 2]
 P 116880 7830 1970841 68351955
PT [3 0 74 -33 2]
 P 116880 7830 1974231 68472255
PT [3 0 75 -33 2]
 P 116880 7830 1977621 68592555
PT [3 0 76 -33 2]
EMPTY QUEUE
 P 117605 7830 1981015 68715000
PT [3 0 77 -33 2]
