using saved target 'z1'
../../../../contiki/tools/sky/serialdump-linux -b115200 /dev/ttyUSB3
connecting to /dev/ttyUSB3 (115200) [OK]
Rime started with address 4.0
MAC 04:00:00:00:00:00:00:00 Ref ID: 4841
Contiki-3.x-2125-g5d67a61 started. Node id is set to 4.

************************************************
RTIMER_SECOND = 32768. F_CPU=8000000.
CLOCK_SECOND=128.
DURSLOT = 6015.(0.1835 s).
DURSLEEP = 114285.
DURCYCLE = 120300 .(3.6712 s).
MAX_CLOCK_DRIFT = WAKEUP_ADVANCE_TIME = 327 (0.0049 s).
PERIODIC_BCAST_CYCLES_SENSOR = 822083587.
PERIODIC_BCAST_CYCLES_SINK = 822083587.
MAX_CYCLE_COUNTER = 41728.
MAX_COUNT_NO_RTS_CTS = 65535.
MAX_CHILD_NUM = 10.
MAX_TRY_TO_FIND_PARENT = 3.

**********Below is Related Settings**********
PRIMAC_CONF_COMPOWER = 1.
PRIMAC_CONF_COMPOWER_SUPPORT = 1.
SF = 18.
PRI_SYNC_SUPPORT = 1.
RANDOM_DRIFT_IN_COOJA_SUPPORT = 0.
ADCSC_SUPPORT = 1.
DATA_TX_SUPPORT = 1.
START_GRADE = 60.
CYCLES_PER_PACKET = 2.
DATA_INTERVAL = 1.
RETX_LIMIT = 6.
TOTAL_DATA_NUM = 50.
MAX_DATA_QUEUE_BUFS = 10.
PROC_GRADE_BASED_ON_ADDR_SUPPORT = 1.
NODES_NUM_PER_GRADE = 2.
ADDRESS_FREE_SUPPORT = 0.
IS_COOJA_SIM = 0.
CROSS_PLATFORM_SUPPORT = 1.
************************************************

My address is 4.0.
nullmac PRIMAC, channel check rate 8 Hz, radio channel 26
Starting
Hello, world
 P 0 0 0 2395562
 P 0 0 3452 2517789
 P 0 0 6842 2636162
 P 0 0 10232 2756462
 P 0 0 13622 2876762
 P 0 0 17012 2997062
EMPTY QUEUE
 P 334 0 20411 3119505
PT [2 0 1 0 1]
 P 334 0 23801 3237662
PT [2 0 2 0 1]
 P 334 0 27191 3357962
PT [2 0 3 0 1]
 P 3063 0 27852 3478262
PT [2 0 4 0 1]
 P 5450 0 28855 3598562
PT [2 0 5 0 1]
EMPTY QUEUE
 P 6072 0 32254 3720301
PT [2 0 6 1 1]
 P 6072 0 35644 3839162
PT [2 0 7 1 1]
 P 6072 0 39034 3959462
PT [2 0 8 1 1]
 P 7058 0 39043 4079762
PT [2 0 9 1 1]
 P 8269 0 39047 4200062
PT [2 0 10 1 1]
EMPTY QUEUE
 P 8338 0 45009 4324516
PT [2 0 11 1 1]
EMPTY QUEUE
 P 8832 0 48408 4442933
PT [2 0 12 1 1]
 P 8832 0 51798 4560962
PT [2 0 13 1 1]
 P 10283 0 51807 4681262
PT [2 0 14 1 1]
 P 11731 0 51810 4801562
PT [2 0 15 1 1]
 P 12539 0 51819 4921862
PT [2 0 16 1 1]
 P 13788 0 51823 5042162
PT [2 0 17 1 1]
EMPTY QUEUE
 P 13857 0 57785 5166968
PT [2 0 18 1 1]
EMPTY QUEUE
 P 14479 0 61184 5285161
PT [2 0 19 1 1]
 P 14479 0 64574 5403062
PT [2 0 20 1 1]
 P 16154 0 64583 5523362
PT [2 0 21 1 1]
 P 17446 0 64587 5643662
PT [2 0 22 1 1]
 P 19324 0 64590 5763962
PT [2 0 23 1 1]
EMPTY QUEUE
 P 19393 0 70552 5888864
PT [2 0 24 1 1]
EMPTY QUEUE
 P 19983 0 73951 6006929
PT [2 0 25 1 1]
 P 21215 0 73960 6124862
PT [2 0 26 1 1]
 P 21215 0 77350 6245162
PT [2 0 27 1 1]
 P 23591 0 77354 6365462
PT [2 0 28 1 1]
 P 24800 0 77358 6485762
PT [2 0 29 1 1]
EMPTY QUEUE
 P 25326 0 80757 6608557
PT [2 0 30 1 1]
 P 28084 0 80766 6726362
PT [2 0 31 1 1]
 P 29549 0 80775 6846662
PT [2 0 32 1 1]
 P 29549 0 84165 6966962
PT [2 0 33 1 1]
 P 30844 0 84169 7087262
PT [2 0 34 1 1]
 P 32278 0 84173 7207562
PT [2 0 35 1 1]
EMPTY QUEUE
 P 32804 0 87572 7330197
PT [2 0 36 1 1]
 P 33842 0 87581 7448162
PT [2 0 37 1 1]
 P 33842 0 90971 7568462
PT [2 0 38 1 1]
 P 33842 0 94361 7688762
PT [2 0 39 1 1]
 P 36062 0 94365 7809062
PT [2 0 40 1 1]
 P 37339 0 94369 7929362
PT [2 0 41 1 1]
EMPTY QUEUE
 P 39255 0 94387 8051741
PT [2 0 42 1 1]
 P 39255 0 97777 8169962
PT [2 0 43 1 1]
 P 39255 0 101167 8290262
PT [2 0 44 1 1]
 P 39255 0 104557 8410562
PT [2 0 45 1 1]
 P 40554 0 104560 8530862
PT [2 0 46 1 1]
 P 42438 0 104564 8651162
PT [2 0 47 1 1]
EMPTY QUEUE
 P 43279 0 104575 8773180
PT [2 0 48 1 1]
EMPTY QUEUE
 P 43630 0 107971 8893888
PT [2 0 49 1 1]
EMPTY QUEUE
 P 44188 0 111370 9014397
PT [2 0 50 1 1]
 P 44188 0 114760 9132362
PT [2 0 51 1 1]
 P 44188 0 118150 9252662
PT [2 0 52 1 1]
 P 45469 0 118154 9372962
PT [2 0 53 1 1]
 P 46298 0 118163 9493262
PT [2 0 54 1 1]
EMPTY QUEUE
 P 46367 0 124125 9618164
PT [2 0 55 1 1]
EMPTY QUEUE
 P 46894 0 127524 9736166
PT [2 0 56 1 1]
 P 46894 0 130914 9854162
PT [2 0 57 1 1]
 P 48198 0 130917 9974462
PT [2 0 58 1 1]
 P 49874 0 130926 10094762
PT [2 0 59 1 1]
 P 51138 0 130930 10215062
PT [2 0 60 1 1]
EMPTY QUEUE
 P 51207 0 136892 10339964
PT [2 0 61 1 1]
EMPTY QUEUE
 P 51701 0 140291 10457933
PT [2 0 62 1 1]
 P 51701 0 143681 10575962
PT [2 0 63 1 1]
 P 52933 0 143690 10696262
PT [2 0 64 1 1]
 P 54237 0 143694 10816562
PT [2 0 65 1 1]
 P 56127 0 143698 10936862
PT [2 0 66 1 1]
EMPTY QUEUE
 P 56685 0 147097 11059689
PT [2 0 67 1 1]
 P 56685 0 150487 11177462
PT [2 0 68 1 1]
 P 59443 0 150496 11297762
PT [2 0 69 1 1]
 P 59443 0 153886 11418062
PT [2 0 70 1 1]
 P 61833 0 153890 11538362
PT [2 0 71 1 1]
 P 63057 0 153893 11658662
PT [2 0 72 1 1]
EMPTY QUEUE
 P 63583 0 157292 11781137
PT [2 0 73 1 1]
 P 65502 72 157312 11900848
PT [2 0 74 1 1]
 P 68227 432 160758 12020923
PT [2 0 75 1 1]
 P 68617 432 164154 12141643
PT [2 0 76 1 1]
 P 69925 432 164158 12260162
PT [2 0 77 1 1]
 P 71372 432 164162 12380462
PT [2 0 78 1 1]
 P 73033 432 164179 12502810
PT [2 0 79 1 1]
 P 74536 432 166760 12625568
PT [2 0 80 1 1]
 P 76929 432 169341 12745420
PT [2 0 81 1 1]
 P 79028 504 169361 12863952
PT [2 0 82 1 1]
 P 83000 648 169395 12981962
PT [2 0 83 1 1]
 P 84488 648 169413 13103702
PT [2 0 84 1 1]
 P 85758 648 169417 13222562
PT [2 0 85 1 1]
 P 87209 720 169438 13345248
PT [2 0 86 1 1]
 P 89203 720 172841 13463162
PT [2 0 87 1 1]
 P 90729 720 172860 13584678
PT [2 0 88 1 1]
 P 93799 864 176287 13703762
PT [2 0 89 1 1]
 P 94733 864 178869 13827960
PT [2 0 90 1 1]
 P 96656 864 178876 13944362
PT [2 0 91 1 1]
 P 98107 864 178895 14066710
PT [2 0 92 1 1]
 P 100102 864 182298 14184962
PT [2 0 93 1 1]
 P 101628 864 182318 14307534
PT [2 0 94 1 1]
 P 105259 1151 185758 14425562
PT [2 0 95 1 1]
 P 106748 1223 185779 14548440
PT [2 0 96 1 1]
 P 110530 1788 189236 14668228
PT [2 0 97 1 1]
 P 114420 1932 192671 14788752
PT [2 0 98 1 1]
 P 117482 2146 196104 14906762
PT [2 0 99 1 1]
 P 119007 2146 196123 15029109
PT [2 0 100 1 1]
 P 122123 2290 199547 15147362
PT [2 0 101 1 1]
 P 123613 2290 199566 15269102
PT [2 0 102 1 1]
 P 125640 2362 205544 15387962
PT [2 0 103 1 1]
 P 127089 2434 205566 15510551
PT [2 0 104 1 1]
 P 130615 2720 209006 15628562
PT [2 0 105 1 1]
 P 132045 2792 209028 15750865
PT [2 0 106 1 1]
 P 135466 3080 212469 15869162
PT [2 0 107 1 1]
 P 136784 3152 212491 15991976
PT [2 0 108 1 1]
 P 139230 3368 212538 16112308
PT [2 0 109 2 1]
 P 141192 3512 212572 16232671
PT [2 0 110 1 1]
 P 144050 4083 212628 16351184
PT [2 0 111 1 1]
 P 151772 5574 222974 16472951
PT [2 0 112 1 1]
 P 161904 6996 223062 16590962
PT [2 0 113 1 1]
 P 163493 7245 223083 16712719
PT [2 0 114 1 1]
 P 173296 9026 223183 16833659
PT [2 0 115 1 1]
 P 183171 10448 223269 16951862
PT [2 0 116 1 1]
 P 184766 10725 223289 17074515
PT [2 0 117 1 1]
 P 188210 11363 225895 17194623
PT [2 0 118 1 1]
 P 191650 11791 228510 17315051
PT [2 0 119 1 1]
 P 200009 12786 236298 17435351
PT [2 0 120 1 1]
 P 201957 12858 242276 17553362
PT [2 0 121 1 1]
 P 203396 12930 242297 17676303
PT [2 0 122 1 1]
 P 207102 13574 242364 17795580
PT [2 0 123 1 1]
 P 216711 15350 242470 17916328
PT [2 0 124 1 1]
 P 225594 16631 247677 18034562
PT [2 0 125 1 1]
 P 227208 16885 247697 18157151
PT [2 0 126 1 1]
 P 237164 18662 247799 18276555
PT [2 0 127 1 1]
 P 243835 19516 247866 18395462
PT [2 0 128 1 1]
 P 245155 19516 247870 18515762
PT [2 0 129 1 1]
 P 246253 19516 247874 18636062
PT [2 0 130 1 1]
 P 248251 19516 247878 18756362
PT [2 0 131 1 1]
 P 249135 19516 247882 18876662
PT [2 0 132 1 1]
 P 251067 19588 247901 18999187
PT [2 0 133 2 1]
 P 253082 19660 250487 19117262
PT [2 0 134 2 1]
 P 254373 19660 250491 19237562
PT [2 0 135 2 1]
 P 255576 19660 250495 19357862
PT [2 0 136 2 1]
 P 257545 19660 250498 19478162
PT [2 0 137 2 1]
 P 260731 19732 250518 19600623
PT [2 0 138 2 1]
 P 263343 19732 250527 19718762
PT [2 0 139 2 1]
 P 263343 19732 253917 19839062
PT [2 0 140 2 1]
 P 263343 19732 257307 19959362
PT [2 0 141 2 1]
 P 263343 19732 260697 20079662
PT [2 0 142 2 1]
 P 265086 19732 260701 20199962
PT [2 0 143 2 1]
EMPTY QUEUE
 P 267946 19732 263282 20324544
PT [2 0 144 2 1]
EMPTY QUEUE
 P 268568 19732 266681 20442961
PT [2 0 145 2 1]
 P 268568 19732 270071 20560862
PT [2 0 146 2 1]
 P 268568 19732 273461 20681162
PT [2 0 147 2 1]
 P 269419 19732 273465 20801462
PT [2 0 148 2 1]
 P 270206 19732 273475 20921762
PT [2 0 149 2 1]
 P 271495 19732 273479 21042062
PT [2 0 150 2 1]
EMPTY QUEUE
 P 271566 19732 276871 21164396
PT [2 0 151 2 1]
EMPTY QUEUE
 P 271635 19732 282833 21287072
PT [2 0 152 2 1]
EMPTY QUEUE
 P 272257 19732 286232 21405362
PT [2 0 153 2 1]
 P 274028 19732 286241 21523262
PT [2 0 154 2 1]
 P 275359 19732 286245 21643562
PT [2 0 155 2 1]
 P 276168 19732 286254 21763862
PT [2 0 156 2 1]
 P 276168 19732 289644 21884162
PT [2 0 157 2 1]
 P 277440 19732 289648 22004462
PT [2 0 158 2 1]
EMPTY QUEUE
 P 278062 19732 293047 22127257
PT [2 0 159 2 1]
 P 278062 19732 296437 22245062
PT [2 0 160 2 1]
 P 279738 19732 296446 22365362
PT [2 0 161 2 1]
 P 279738 19732 299836 22485662
PT [2 0 162 2 1]
 P 281073 19732 299840 22605962
PT [2 0 163 2 1]
 P 282993 19732 299844 22726262
PT [2 0 164 2 1]
EMPTY QUEUE
 P 283584 19732 303243 22848962
PT [2 0 165 3 1]
 P 284816 19732 303252 22966862
PT [2 0 166 3 1]
 P 284816 19732 306642 23087162
PT [2 0 167 3 1]
 P 284816 19732 310032 23207462
PT [2 0 168 3 1]
 P 287235 19732 310035 23327762
PT [2 0 169 3 1]
 P 288486 19732 310039 23448062
PT [2 0 170 3 1]
EMPTY QUEUE
 P 291772 19732 310056 23570410
PT [2 0 171 2 1]
 P 293237 19732 310065 23688662
PT [2 0 172 2 1]
 P 293237 19732 313455 23808962
PT [2 0 173 2 1]
 P 293237 19732 316845 23929262
PT [2 0 174 2 1]
 P 294573 19732 316849 24049562
PT [2 0 175 2 1]
 P 296049 19732 316853 24169862
PT [2 0 176 2 1]
EMPTY QUEUE
 P 297613 19732 316871 24291281
PT [2 0 177 2 1]
 P 297613 19732 320261 24410462
PT [2 0 178 2 1]
 P 297613 19732 323651 24530762
PT [2 0 179 2 1]
 P 297613 19732 327041 24651062
PT [2 0 180 2 1]
 P 299875 19732 327045 24771362
PT [2 0 181 2 1]
 P 300779 19732 327049 24891662
PT [2 0 182 2 1]
EMPTY QUEUE
 P 302008 19732 327067 25012985
PT [2 0 183 2 1]
 P 303287 19732 327071 25132262
PT [2 0 184 2 1]
 P 303287 19732 330461 25252562
PT [2 0 185 2 1]
 P 303287 19732 333851 25372862
PT [2 0 186 2 1]
 P 303287 19732 337241 25493162
PT [2 0 187 2 1]
EMPTY QUEUE
 P 305521 19732 337258 25616021
PT [2 0 188 2 1]
 P 306827 19732 337267 25733762
PT [2 0 189 2 1]
 P 308148 19732 337270 25854062
PT [2 0 190 2 1]
 P 308148 19732 340660 25974362
PT [2 0 191 2 1]
 P 308148 19732 344050 26094662
PT [2 0 192 2 1]
EMPTY QUEUE
 P 308706 19732 347449 26216434
PT [2 0 193 2 1]
 P 311464 19732 347458 26335262
PT [2 0 194 2 1]
 P 312806 19732 347462 26455562
PT [2 0 195 2 1]
 P 313616 19732 347471 26575862
PT [2 0 196 2 1]
 P 314919 19732 347475 26696162
PT [2 0 197 2 1]
EMPTY QUEUE
 P 315509 19732 350874 26818190
PT [2 0 198 2 1]
 P 315509 19732 354264 26936762
PT [2 0 199 2 1]
 P 315509 19732 357654 27057062
PT [2 0 200 2 1]
 P 317185 19732 357662 27177362
PT [2 0 201 2 1]
 P 318529 19732 357666 27297662
PT [2 0 202 2 1]
 P 320458 19732 357670 27417962
PT [2 0 203 2 1]
EMPTY QUEUE
 P 321016 19732 361070 27541175
PT [2 0 204 2 1]
 P 321016 19732 364460 27658562
PT [2 0 205 2 1]
 P 322249 19732 364468 27778862
PT [2 0 206 2 1]
 P 322249 19732 367858 27899162
PT [2 0 207 2 1]
 P 324680 19732 367862 28019462
PT [2 0 208 2 1]
 P 325943 19732 367866 28139762
PT [2 0 209 2 1]
EMPTY QUEUE
 P 326014 19732 371258 28261136
PT [2 0 210 2 1]
EMPTY QUEUE
 P 329362 19732 371276 28382378
PT [2 0 211 2 1]
 P 329362 19732 374666 28500662
PT [2 0 212 2 1]
 P 329362 19732 378056 28620962
PT [2 0 213 2 1]
 P 330710 19732 378059 28741262
PT [2 0 214 2 1]
 P 332197 19732 378063 28861562
PT [2 0 215 2 1]
EMPTY QUEUE
 P 334114 19732 378082 28984262
PT [2 0 216 3 1]
 P 334114 19732 381472 29102162
PT [2 0 217 3 1]
 P 334114 19732 384862 29222462
PT [2 0 218 3 1]
 P 334114 19732 388252 29342762
PT [2 0 219 3 1]
 P 336387 19732 388256 29463062
PT [2 0 220 3 1]
EMPTY QUEUE
 P 337982 19732 388275 29585729
PT [2 0 221 2 1]
 P 339292 19732 388279 29703662
PT [2 0 222 2 1]
 P 339292 19732 391669 29823962
PT [2 0 223 2 1]
 P 339292 19732 395059 29944262
PT [2 0 224 2 1]
 P 339292 19732 398449 30064562
PT [2 0 225 2 1]
EMPTY QUEUE
 P 341274 19732 398466 30186717
PT [2 0 226 2 1]
 P 342626 19732 398470 30305162
PT [2 0 227 2 1]
 P 344564 19732 398473 30425462
PT [2 0 228 2 1]
 P 344564 19732 401863 30545762
PT [2 0 229 2 1]
 P 344564 19732 405253 30666062
PT [2 0 230 2 1]
EMPTY QUEUE
 P 347340 19732 405271 30789082
PT [2 0 231 2 1]
 P 348742 19732 405280 30906662
PT [2 0 232 2 1]
 P 351179 19732 405284 31026962
PT [2 0 233 2 1]
 P 352450 19732 405287 31147262
PT [2 0 234 2 1]
 P 352450 19732 408677 31267562
PT [2 0 235 2 1]
EMPTY QUEUE
 P 352944 19732 412076 31388949
PT [2 0 236 2 1]
 P 355638 19732 412085 31508162
PT [2 0 237 2 1]
 P 358250 19732 412093 31628462
PT [2 0 238 2 1]
 P 359606 19732 412097 31748762
PT [2 0 239 2 1]
 P 361101 19732 412101 31869062
PT [2 0 240 2 1]
EMPTY QUEUE
 P 361691 19732 415500 31990513
PT [2 0 241 3 1]
 P 361691 19732 418890 32109662
PT [2 0 242 3 1]
 P 364481 19732 418899 32229962
PT [2 0 243 3 1]
 P 364481 19732 422289 32350262
PT [2 0 244 3 1]
 P 366642 19732 422293 32470562
PT [2 0 245 3 1]
EMPTY QUEUE
 P 367264 19732 425692 32592749
PT [2 0 246 3 1]
 P 368462 19732 425696 32711162
PT [2 0 247 3 1]
 P 369248 19732 425705 32831462
PT [2 0 248 3 1]
 P 370406 19732 425709 32951762
PT [2 0 249 3 1]
 P 370406 19732 429099 33072062
PT [2 0 250 3 1]
EMPTY QUEUE
 P 370932 19732 432498 33194345
PT [2 0 251 3 1]
 P 370932 19732 435888 33312662
PT [2 0 252 3 1]
 P 372703 19732 435897 33432962
PT [2 0 253 3 1]
 P 373897 19732 435900 33553262
PT [2 0 254 3 1]
 P 374707 19732 435909 33673562
PT [2 0 255 3 1]
 P 375861 19732 435913 33793862
PT [2 0 256 3 1]
EMPTY QUEUE
 P 376451 19732 439312 33916049
PT [2 0 257 3 1]
 P 376451 19732 442702 34034462
PT [2 0 258 3 1]
 P 376451 19732 446092 34154762
PT [2 0 259 3 1]
 P 378126 19732 446101 34275062
PT [2 0 260 3 1]
 P 379321 19732 446105 34395362
PT [2 0 261 3 1]
EMPTY QUEUE
 P 380655 19732 446123 34517197
PT [2 0 262 3 1]
 P 381810 19732 446127 34635962
PT [2 0 263 3 1]
 P 381810 19732 449517 34756262
PT [2 0 264 3 1]
 P 381810 19732 452907 34876562
PT [2 0 265 3 1]
 P 381810 19732 456297 34996862
PT [2 0 266 3 1]
EMPTY QUEUE
 P 383979 19732 456315 35118857
PT [2 0 267 3 1]
 P 385176 19732 456318 35237462
PT [2 0 268 3 1]
 P 385986 19732 456327 35357762
PT [2 0 269 3 1]
 P 387143 19732 456331 35478062
PT [2 0 270 3 1]
 P 388280 19732 456335 35598362
PT [2 0 271 3 1]
EMPTY QUEUE
 P 388774 19732 459734 35720037
PT [2 0 272 3 1]
 P 388774 19732 463124 35838962
PT [2 0 273 3 1]
 P 390450 19732 463133 35959262
PT [2 0 274 3 1]
 P 390450 19732 466523 36079562
PT [2 0 275 3 1]
 P 391649 19732 466526 36199862
PT [2 0 276 3 1]
 P 392828 19732 466530 36320162
PT [2 0 277 3 1]
EMPTY QUEUE
 P 393450 19732 469929 36443181
PT [2 0 278 3 1]
 P 394681 19732 469938 36560762
PT [2 0 279 3 1]
 P 394681 19732 473328 36681062
PT [2 0 280 3 1]
 P 394681 19732 476718 36801362
PT [2 0 281 3 1]
 P 395883 19732 476721 36921662
PT [2 0 282 3 1]
 P 397670 19732 476725 37041962
PT [2 0 283 3 1]
EMPTY QUEUE
 P 400986 19732 476743 37163221
PT [2 0 284 3 1]
 P 402452 19732 476752 37282562
PT [2 0 285 3 1]
 P 402452 19732 480142 37402862
PT [2 0 286 3 1]
 P 402452 19732 483532 37523162
PT [2 0 287 3 1]
 P 404739 19732 483535 37643462
PT [2 0 288 3 1]
 P 405859 19732 483539 37763762
PT [2 0 289 3 1]
EMPTY QUEUE
 P 406966 19732 486120 37887320
PT [2 0 290 3 1]
EMPTY QUEUE
 P 407588 19732 489519 38006762
PT [2 0 291 3 1]
 P 407588 19732 492909 38124662
PT [2 0 292 3 1]
 P 407588 19732 496299 38244962
PT [2 0 293 3 1]
 P 408792 19732 496303 38365262
PT [2 0 294 3 1]
 P 410150 19732 496312 38485562
PT [2 0 295 3 1]
 P 411315 19732 496316 38605862
PT [2 0 296 3 1]
EMPTY QUEUE
 P 411384 19732 502278 38730764
PT [2 0 297 3 1]
EMPTY QUEUE
 P 412006 19732 505677 38848862
PT [2 0 298 3 1]
 P 412006 19732 509067 38966762
PT [2 0 299 3 1]
 P 414254 19732 509076 39087062
PT [2 0 300 3 1]
 P 415462 19732 509080 39207362
PT [2 0 301 3 1]
 P 416271 19732 509089 39327662
PT [2 0 302 3 1]
 P 417439 19732 509092 39447962
PT [2 0 303 3 1]
EMPTY QUEUE
 P 417935 19732 512491 39570632
PT [2 0 304 4 1]
 P 417935 19732 515881 39688562
PT [2 0 305 4 1]
 P 417935 19732 519271 39808862
PT [2 0 306 4 1]
 P 419610 19732 519280 39929162
PT [2 0 307 4 1]
 P 420819 19732 519283 40049462
PT [2 0 308 4 1]
 P 422613 19732 519287 40169762
PT [2 0 309 4 1]
EMPTY QUEUE
 P 423139 19732 522686 40292398
PT [2 0 310 3 1]
 P 423139 19732 526076 40410362
PT [2 0 311 3 1]
 P 424371 19732 526086 40530662
PT [2 0 312 3 1]
 P 424371 19732 529476 40650962
PT [2 0 313 3 1]
 P 426666 19732 529479 40771262
PT [2 0 314 3 1]
EMPTY QUEUE
 P 427191 19732 532878 40893321
PT [2 0 315 3 1]
 P 427191 19732 536268 41011862
PT [2 0 316 3 1]
 P 428343 19732 536272 41132162
PT [2 0 317 3 1]
 P 429171 19732 536281 41252462
PT [2 0 318 3 1]
 P 430284 19732 536284 41372762
PT [2 0 319 3 1]
EMPTY QUEUE
 P 430843 19732 539683 41495815
PT [2 0 320 3 1]
 P 430843 19732 543073 41613362
PT [2 0 321 3 1]
 P 430843 19732 546463 41733662
PT [2 0 322 3 1]
 P 432520 19732 546471 41853962
PT [2 0 323 3 1]
 P 433734 19732 546475 41974262
PT [2 0 324 3 1]
EMPTY QUEUE
 P 434290 19732 549875 42095713
PT [2 0 325 3 1]
 P 435464 19732 549879 42214862
PT [2 0 326 3 1]
 P 435464 19732 553269 42335162
PT [2 0 327 3 1]
 P 436696 19732 553277 42455462
PT [2 0 328 3 1]
 P 436696 19732 556667 42575762
PT [2 0 329 3 1]
EMPTY QUEUE
 P 437255 19732 560066 42697150
PT [2 0 330 3 1]
 P 438471 19732 560069 42816362
PT [2 0 331 3 1]
 P 440272 19732 560073 42936662
PT [2 0 332 3 1]
 P 443031 19732 560082 43056962
PT [2 0 333 3 1]
 P 444497 19732 560091 43177262
PT [2 0 334 3 1]
EMPTY QUEUE
 P 445023 19732 563490 43299353
PT [2 0 335 3 1]
 P 445023 19732 566880 43417862
PT [2 0 336 3 1]
 P 447323 19732 566884 43538162
PT [2 0 337 3 1]
 P 448457 19732 566888 43658462
PT [2 0 338 3 1]
 P 449495 19732 566897 43778762
PT [2 0 339 3 1]
EMPTY QUEUE
 P 449989 19732 570296 43901013
PT [2 0 340 4 1]
 P 449989 19732 573686 44019362
PT [2 0 341 4 1]
 P 449989 19732 577076 44139662
PT [2 0 342 4 1]
 P 451209 19732 577080 44259962
PT [2 0 343 4 1]
 P 452569 19732 577090 44380262
PT [2 0 344 4 1]
 P 453750 19732 577094 44500562
PT [2 0 345 4 1]
EMPTY QUEUE
 P 454148 19732 580490 44622395
PT [2 0 346 4 1]
EMPTY QUEUE
 P 454738 19732 583889 44743529
PT [2 0 347 4 1]
 P 454738 19732 587279 44861462
PT [2 0 348 4 1]
 P 456931 19732 587288 44981762
PT [2 0 349 4 1]
 P 457704 19732 587296 45102062
PT [2 0 350 4 1]
 P 458458 19732 587305 45222362
PT [2 0 351 4 1]
EMPTY QUEUE
 P 459719 19732 587323 45344966
PT [2 0 352 5 1]
 P 460435 19732 587333 45462962
PT [2 0 353 5 1]
 P 461133 19732 587342 45583262
PT [2 0 354 5 1]
 P 461812 19732 587351 45703562
PT [2 0 355 5 1]
 P 462472 19732 587360 45823862
PT [2 0 356 5 1]
EMPTY QUEUE
 P 463672 19732 587377 45946497
PT [2 0 357 4 1]
 P 464295 19732 587386 46064462
PT [2 0 358 4 1]
 P 464955 19732 587395 46184762
PT [2 0 359 4 1]
 P 465978 19732 587399 46305062
PT [2 0 360 4 1]
 P 465978 19732 590789 46425362
PT [2 0 361 4 1]
EMPTY QUEUE
 P 466047 19732 596751 46549720
PT [2 0 362 4 1]
EMPTY QUEUE
 P 466670 19732 600150 46668362
PT [2 0 363 4 1]
 P 468346 19732 600159 46786262
PT [2 0 364 4 1]
 P 469573 19732 600163 46906562
PT [2 0 365 4 1]
 P 471385 19732 600167 47026862
PT [2 0 366 4 1]
 P 471385 19732 603557 47147162
PT [2 0 367 4 1]
EMPTY QUEUE
 P 472007 19732 606956 47270053
PT [2 0 368 4 1]
 P 473239 19732 606965 47387762
PT [2 0 369 4 1]
 P 473239 19732 610355 47508062
PT [2 0 370 4 1]
 P 475550 19732 610358 47628362
PT [2 0 371 4 1]
 P 476694 19732 610362 47748662
PT [2 0 372 4 1]
EMPTY QUEUE
 P 477188 19732 613761 47871105
PT [2 0 373 4 1]
 P 479946 19732 613770 47989262
PT [2 0 374 4 1]
 P 479946 19732 617160 48109562
PT [2 0 375 4 1]
 P 479946 19732 620550 48229862
PT [2 0 376 4 1]
 P 481174 19732 620554 48350162
PT [2 0 377 4 1]
 P 482542 19732 620558 48470462
PT [2 0 378 4 1]
EMPTY QUEUE
 P 484559 19732 620576 48593161
PT [2 0 379 4 1]
 P 485294 19732 620585 48711062
PT [2 0 380 4 1]
 P 485294 19732 623975 48831362
PT [2 0 381 4 1]
 P 485294 19732 627365 48951662
PT [2 0 382 4 1]
 P 487449 19732 627369 49071962
PT [2 0 383 4 1]
 P 488247 19732 627372 49192262
PT [2 0 384 4 1]
EMPTY QUEUE
 P 490480 19732 627390 49314995
PT [2 0 385 4 1]
 P 491786 19732 627399 49432862
PT [2 0 386 4 1]
 P 491786 19732 630789 49553162
PT [2 0 387 4 1]
 P 491786 19732 634179 49673462
PT [2 0 388 4 1]
 P 493241 19732 634183 49793762
PT [2 0 389 4 1]
 P 494262 19732 634187 49914062
PT [2 0 390 4 1]
EMPTY QUEUE
 P 497580 19732 634205 50035738
PT [2 0 391 4 1]
 P 497580 19732 637595 50154662
PT [2 0 392 4 1]
 P 497580 19732 640985 50274962
PT [2 0 393 4 1]
 P 497580 19732 644375 50395262
PT [2 0 394 4 1]
 P 498496 19732 644378 50515562
PT [2 0 395 4 1]
EMPTY QUEUE
 P 500448 19732 644396 50637942
PT [2 0 396 4 1]
 P 501643 19732 644399 50756162
PT [2 0 397 4 1]
 P 501643 19732 647789 50876462
PT [2 0 398 4 1]
 P 501643 19732 651179 50996762
PT [2 0 399 4 1]
 P 501643 19732 654569 51117062
PT [2 0 400 4 1]
EMPTY QUEUE
 P 503174 19732 654587 51239570
PT [2 0 401 4 1]
 P 504411 19732 654590 51357662
PT [2 0 402 4 1]
 P 506233 19732 654594 51477962
PT [2 0 403 4 1]
 P 506233 19732 657984 51598262
PT [2 0 404 4 1]
 P 506233 19732 661374 51718562
PT [2 0 405 4 1]
EMPTY QUEUE
 P 508213 19732 661392 51840877
PT [2 0 406 4 1]
 P 508213 19732 664782 51959162
PT [2 0 407 4 1]
 P 510536 19732 664785 52079462
PT [2 0 408 4 1]
 P 510536 19732 668175 52199762
PT [2 0 409 4 1]
 P 511735 19732 668179 52320062
PT [2 0 410 4 1]
EMPTY QUEUE
 P 514476 19732 668197 52441417
PT [2 0 411 4 1]
 P 514476 19732 671587 52560662
PT [2 0 412 4 1]
 P 514476 19732 674977 52680962
PT [2 0 413 4 1]
 P 514476 19732 678367 52801262
PT [2 0 414 4 1]
 P 515717 19732 678371 52921562
PT [2 0 415 4 1]
EMPTY QUEUE
 P 517666 19732 678388 53043749
PT [2 0 416 4 1]
 P 518868 19732 678391 53162162
PT [2 0 417 4 1]
 P 518868 19732 681781 53282462
PT [2 0 418 4 1]
 P 518868 19732 685171 53402762
PT [2 0 419 4 1]
 P 518868 19732 688561 53523062
PT [2 0 420 4 1]
EMPTY QUEUE
 P 522153 19732 688578 53645409
PT [2 0 421 4 1]
 P 523396 19732 688581 53763662
PT [2 0 422 4 1]
 P 524206 19732 688590 53883962
PT [2 0 423 4 1]
 P 525409 19732 688594 54004262
PT [2 0 424 4 1]
 P 525409 19732 691984 54124562
PT [2 0 425 4 1]
EMPTY QUEUE
 P 525935 19732 695383 54246525
PT [2 0 426 5 1]
 P 525935 19732 698773 54365162
PT [2 0 427 5 1]
 P 527611 19732 698782 54485462
PT [2 0 428 5 1]
 P 528856 19732 698786 54605762
PT [2 0 429 5 1]
 P 530687 19732 698790 54726062
PT [2 0 430 5 1]
EMPTY QUEUE
 P 531246 19732 702189 54849274
PT [2 0 431 5 1]
 P 531246 19732 705579 54966662
PT [2 0 432 5 1]
 P 532477 19732 705588 55086962
PT [2 0 433 5 1]
 P 532477 19732 708978 55207262
PT [2 0 434 5 1]
 P 534807 19732 708982 55327562
PT [2 0 435 5 1]
 P 535971 19732 708986 55447862
PT [2 0 436 5 1]
EMPTY QUEUE
 P 536465 19732 712385 55569665
PT [2 0 437 5 1]
 P 539223 19732 712394 55688462
PT [2 0 438 5 1]
 P 539223 19732 715784 55808762
PT [2 0 439 5 1]
 P 539223 19732 719174 55929062
PT [2 0 440 5 1]
 P 540472 19732 719178 56049362
PT [2 0 441 5 1]
 P 541861 19732 719181 56169662
PT [2 0 442 5 1]
EMPTY QUEUE
 P 543747 19732 719199 56292585
PT [2 0 443 5 1]
 P 543747 19732 722589 56410262
PT [2 0 444 5 1]
 P 543747 19732 725979 56530562
PT [2 0 445 5 1]
 P 543747 19732 729369 56650862
PT [2 0 446 5 1]
 P 545922 19732 729373 56771162
PT [2 0 447 5 1]
 P 546740 19732 729377 56891462
PT [2 0 448 5 1]
EMPTY QUEUE
 P 548190 19732 729395 57014450
PT [2 0 449 5 1]
 P 548190 19732 732785 57132062
PT [2 0 450 5 1]
 P 548190 19732 736175 57252362
PT [2 0 451 5 1]
 P 548190 19732 739565 57372662
PT [2 0 452 5 1]
 P 549665 19732 739569 57492962
PT [2 0 453 5 1]
EMPTY QUEUE
 P 551410 19732 742150 57617384
PT [2 0 454 5 1]
 P 552624 19732 742153 57733562
PT [2 0 455 5 1]
EMPTY QUEUE
 P 553246 19732 745552 57856261
PT [2 0 456 5 1]
 P 553246 19732 748942 57974162
PT [2 0 457 5 1]
 P 553246 19732 752332 58094462
PT [2 0 458 5 1]
 P 554478 19732 752341 58214762
PT [2 0 459 5 1]
 P 555733 19732 752344 58335062
PT [2 0 460 5 1]
 P 557573 19732 752349 58455362
PT [2 0 461 5 1]
EMPTY QUEUE
 P 558196 19732 755748 58578254
PT [2 0 462 5 1]
 P 558196 19732 759138 58695962
PT [2 0 463 5 1]
 P 560955 19732 759147 58816262
PT [2 0 464 5 1]
 P 560955 19732 762537 58936562
PT [2 0 465 5 1]
 P 563295 19732 762540 59056862
PT [2 0 466 5 1]
 P 564468 19732 762544 59177162
PT [2 0 467 5 1]
EMPTY QUEUE
 P 565058 19732 765943 59299701
PT [2 0 468 5 1]
 P 566450 19732 765952 59417762
PT [2 0 469 5 1]
 P 566450 19732 769342 59538062
PT [2 0 470 5 1]
 P 566450 19732 772732 59658362
PT [2 0 471 5 1]
 P 567709 19732 772735 59778662
PT [2 0 472 5 1]
 P 569107 19732 772739 59898962
PT [2 0 473 5 1]
EMPTY QUEUE
 P 570672 19732 772756 60021022
PT [2 0 474 5 1]
 P 570672 19732 776146 60139562
PT [2 0 475 5 1]
 P 570672 19732 779536 60259862
PT [2 0 476 5 1]
 P 570672 19732 782926 60380162
PT [2 0 477 5 1]
 P 572855 19732 782931 60500462
PT [2 0 478 5 1]
 P 573680 19732 782935 60620762
PT [2 0 479 5 1]
EMPTY QUEUE
 P 574940 19732 782953 60743782
PT [2 0 480 5 1]
 P 574940 19732 786343 60861362
PT [2 0 481 5 1]
 P 574940 19732 789733 60981662
PT [2 0 482 5 1]
 P 574940 19732 793123 61101962
PT [2 0 483 5 1]
 P 574940 19732 796513 61222262
PT [2 0 484 5 1]
 P 576181 19732 796517 61342562
PT [2 0 485 5 1]
EMPTY QUEUE
 P 577448 19732 796534 61465134
PT [2 0 486 5 1]
 P 578202 19732 796543 61583162
PT [2 0 487 5 1]
 P 578937 19732 796552 61703462
PT [2 0 488 5 1]
 P 579653 19732 796561 61823762
PT [2 0 489 5 1]
 P 580351 19732 796570 61944062
PT [2 0 490 5 1]
EMPTY QUEUE
 P 581525 19732 796588 62066635
PT [2 0 491 5 1]
 P 582185 19732 796597 62184662
PT [2 0 492 5 1]
 P 582827 19732 796605 62304962
PT [2 0 493 5 1]
 P 583450 19732 796614 62425262
PT [2 0 494 5 1]
 P 584054 19732 796623 62545562
PT [2 0 495 5 1]
EMPTY QUEUE
 P 585260 19732 796641 62668261
PT [2 0 496 5 1]
 P 585827 19732 796649 62786162
PT [2 0 497 5 1]
 P 586432 19732 796658 62906462
PT [2 0 498 5 1]
 P 587397 19732 796661 63026762
PT [2 0 499 5 1]
 P 587397 19732 800051 63147062
PT [2 0 500 5 1]
EMPTY QUEUE
 P 587986 19732 803451 63269377
PT [2 0 501 5 1]
 P 587986 19732 806841 63387662
PT [2 0 502 5 1]
 P 589661 19732 806850 63507962
PT [2 0 503 5 1]
 P 590765 19732 806853 63628262
PT [2 0 504 5 1]
 P 592454 19732 806857 63748562
PT [2 0 505 5 1]
EMPTY QUEUE
 P 592980 19732 810256 63871261
PT [2 0 506 5 1]
 P 592980 19732 813646 63989162
PT [2 0 507 5 1]
 P 594211 19732 813655 64109462
PT [2 0 508 5 1]
 P 594211 19732 817045 64229762
PT [2 0 509 5 1]
 P 596399 19732 817049 64350062
PT [2 0 510 5 1]
 P 597421 19732 817053 64470362
PT [2 0 511 5 1]
 P 598487 19732 817057 64590662
PT [2 0 512 5 1]
EMPTY QUEUE
 P 601315 19732 819637 64714412
PT [2 0 513 5 1]
EMPTY QUEUE
 P 601384 19732 825599 64835672
PT [2 0 514 5 1]
EMPTY QUEUE
 P 601878 19732 828998 64953833
PT [2 0 515 6 1]
 P 601878 19732 832388 65071862
PT [2 0 516 6 1]
 P 602986 19732 832392 65192162
PT [2 0 517 6 1]
 P 604377 19732 832401 65312462
PT [2 0 518 6 1]
 P 605446 19732 832404 65432762
PT [2 0 519 6 1]
EMPTY QUEUE
 P 606069 19732 835803 65555654
PT [2 0 520 7 1]
 P 606069 19732 839193 65673362
PT [2 0 521 7 1]
 P 606069 19732 842583 65793662
PT [2 0 522 7 1]
 P 607107 19732 842592 65913962
PT [2 0 523 7 1]
 P 608215 19732 842596 66034262
PT [2 0 524 7 1]
 P 609305 19732 842600 66154562
PT [2 0 525 7 1]
EMPTY QUEUE
 P 609895 19732 845999 66277101
PT [2 0 526 6 1]
 P 609895 19732 849389 66395162
PT [2 0 527 6 1]
 P 611254 19732 849398 66515462
PT [2 0 528 6 1]
 P 611254 19732 852788 66635762
PT [2 0 529 6 1]
 P 612366 19732 852791 66756062
PT [2 0 530 6 1]
 P 613458 19732 852794 66876362
PT [2 0 531 6 1]
EMPTY QUEUE
 P 613984 19732 856193 66998005
PT [2 0 532 6 1]
 P 616233 19732 856202 67116962
PT [2 0 533 6 1]
 P 616233 19732 859592 67237262
PT [2 0 534 6 1]
 P 616233 19732 862982 67357562
PT [2 0 535 6 1]
 P 617345 19732 862986 67477862
PT [2 0 536 6 1]
 P 619043 19732 862989 67598162
PT [2 0 537 6 1]
EMPTY QUEUE
 P 620866 19732 863007 67721151
PT [2 0 538 6 1]
 P 620866 19732 866397 67838762
PT [2 0 539 6 1]
 P 620866 19732 869787 67959062
PT [2 0 540 6 1]
 P 620866 19732 873177 68079362
PT [2 0 541 6 1]
 P 623064 19732 873181 68199662
PT [2 0 542 6 1]
 P 624095 19732 873185 68319962
PT [2 0 543 6 1]
EMPTY QUEUE
 P 625417 19732 873203 68441349
PT [2 0 544 6 1]
 P 625417 19732 876593 68560562
PT [2 0 545 6 1]
 P 625417 19732 879983 68680862
PT [2 0 546 6 1]
 P 625417 19732 883373 68801162
PT [2 0 547 6 1]
 P 626533 19732 883377 68921462
PT [2 0 548 6 1]
 P 627789 19732 883380 69041762
PT [2 0 549 6 1]
EMPTY QUEUE
 P 629239 19732 883398 69163213
PT [2 0 550 6 1]
 P 629239 19732 886788 69282362
PT [2 0 551 6 1]
 P 629239 19732 890178 69402662
PT [2 0 552 6 1]
 P 629239 19732 893568 69522962
PT [2 0 553 6 1]
 P 631281 19732 893572 69643262
PT [2 0 554 6 1]
 P 631965 19732 893576 69763562
PT [2 0 555 6 1]
EMPTY QUEUE
 P 633382 19732 893594 69886454
PT [2 0 556 6 1]
 P 633382 19732 896984 70004162
PT [2 0 557 6 1]
 P 633382 19732 900374 70124462
PT [2 0 558 6 1]
 P 633382 19732 903764 70244762
PT [2 0 559 6 1]
 P 634724 19732 903768 70365062
PT [2 0 560 6 1]
 P 635632 19732 903772 70485362
PT [2 0 561 6 1]
EMPTY QUEUE
 P 636954 19732 903790 70607070
PT [2 0 562 6 1]
 P 636954 19732 907180 70725962
PT [2 0 563 6 1]
 P 636954 19732 910570 70846262
PT [2 0 564 6 1]
 P 636954 19732 913960 70966562
PT [2 0 565 6 1]
 P 637756 19732 913964 71086862
PT [2 0 566 6 1]
EMPTY QUEUE
 P 640054 19732 913983 71209147
PT [2 0 567 6 1]
 P 641135 19732 913987 71327462
PT [2 0 568 6 1]
 P 641135 19732 917377 71447762
PT [2 0 569 6 1]
 P 641135 19732 920767 71568062
PT [2 0 570 6 1]
 P 641135 19732 924157 71688362
PT [2 0 571 6 1]
EMPTY QUEUE
 P 642957 19732 924175 71810550
PT [2 0 572 6 1]
 P 644081 19732 924178 71928962
PT [2 0 573 6 1]
 P 645790 19732 924182 72049262
PT [2 0 574 6 1]
 P 645790 19732 927572 72169562
PT [2 0 575 6 1]
 P 645790 19732 930962 72289862
PT [2 0 576 6 1]
EMPTY QUEUE
 P 649072 19732 930980 72411409
PT [2 0 577 6 1]
 P 649072 19732 934370 72530462
PT [2 0 578 6 1]
 P 651280 19732 934374 72650762
PT [2 0 579 6 1]
 P 652322 19732 934378 72771062
PT [2 0 580 6 1]
 P 652322 19732 937768 72891362
PT [2 0 581 6 1]
EMPTY QUEUE
 P 654206 19732 937786 73013837
PT [2 0 582 6 1]
 P 654206 19732 941176 73131962
PT [2 0 583 6 1]
 P 654206 19732 944566 73252262
PT [2 0 584 6 1]
 P 655333 19732 944570 73372562
PT [2 0 585 6 1]
 P 656600 19732 944574 73492862
PT [2 0 586 6 1]
EMPTY QUEUE
 P 658261 19732 944591 73615913
PT [2 0 587 6 1]
 P 658261 19732 947981 73733462
PT [2 0 588 6 1]
 P 658261 19732 951371 73853762
PT [2 0 589 6 1]
 P 658261 19732 954761 73974062
PT [2 0 590 6 1]
 P 660314 19732 954765 74094362
PT [2 0 591 6 1]
 P 661010 19732 954768 74214662
PT [2 0 592 6 1]
EMPTY QUEUE
 P 662335 19732 954786 74337617
PT [2 0 593 6 1]
 P 662335 19732 958176 74455262
PT [2 0 594 6 1]
 P 662335 19732 961566 74575562
PT [2 0 595 6 1]
 P 662335 19732 964956 74695862
PT [2 0 596 6 1]
 P 663688 19732 964960 74816162
PT [2 0 597 6 1]
 P 664607 19732 964964 74936462
PT [2 0 598 6 1]
EMPTY QUEUE
 P 665963 19732 964983 75058777
PT [2 0 599 7 1]
 P 665963 19732 968373 75177062
PT [2 0 600 7 1]
 P 665963 19732 971763 75297362
PT [2 0 601 7 1]
 P 665963 19732 975153 75417662
PT [2 0 602 7 1]
 P 666777 19732 975156 75537962
PT [2 0 603 7 1]
EMPTY QUEUE
 P 668978 19732 975174 75659190
PT [2 0 604 7 1]
 P 670071 19732 975177 75778562
PT [2 0 605 7 1]
 P 670071 19732 978567 75898862
PT [2 0 606 7 1]
 P 670071 19732 981957 76019162
PT [2 0 607 7 1]
 P 670071 19732 985347 76139462
PT [2 0 608 7 1]
EMPTY QUEUE
 P 671796 19732 985364 76261105
PT [2 0 609 7 1]
 P 672931 19732 985368 76380062
PT [2 0 610 7 1]
 P 674651 19732 985372 76500362
PT [2 0 611 7 1]
 P 674651 19732 988762 76620662
PT [2 0 612 7 1]
 P 674651 19732 992152 76740962
PT [2 0 613 7 1]
EMPTY QUEUE
 P 678030 19732 992170 76862669
PT [2 0 614 7 1]
 P 679496 19732 992179 76981562
PT [2 0 615 7 1]
 P 681716 19732 992182 77101862
PT [2 0 616 7 1]
 P 682769 19732 992186 77222162
PT [2 0 617 7 1]
 P 682769 19732 995576 77342462
PT [2 0 618 7 1]
EMPTY QUEUE
 P 683359 19732 998975 77465609
PT [2 0 619 7 1]
 P 684397 19732 998984 77583062
PT [2 0 620 7 1]
 P 684397 19732 1002374 77703362
PT [2 0 621 7 1]
 P 685535 19732 1002377 77823662
PT [2 0 622 7 1]
 P 686812 19732 1002381 77943962
PT [2 0 623 7 1]
EMPTY QUEUE
 P 687338 19732 1005780 78065957
PT [2 0 624 7 1]
 P 688699 19732 1005788 78184562
PT [2 0 625 7 1]
 P 688699 19732 1009178 78304862
PT [2 0 626 7 1]
 P 688699 19732 1012568 78425162
PT [2 0 627 7 1]
 P 690763 19732 1012572 78545462
PT [2 0 628 7 1]
