using saved target 'z1'
../../../../contiki/tools/sky/serialdump-linux -b115200 /dev/ttyUSB2
connecting to /dev/ttyUSB2 (115200) [OK]
Rime started with address 3.0
MAC 03:00:00:00:00:00:00:00 Ref ID: 4841
Contiki-3.x-2125-g5d67a61 started. Node id is set to 3.

************************************************
RTIMER_SECOND = 32768. F_CPU=8000000.
CLOCK_SECOND=128.
DURSLOT = 6015.(0.1835 s).
DURSLEEP = 114285.
DURCYCLE = 120300 .(3.6712 s).
MAX_CLOCK_DRIFT = WAKEUP_ADVANCE_TIME = 327 (0.0033 s).
PERIODIC_BCAST_CYCLES_SENSOR = 917507.
PERIODIC_BCAST_CYCLES_SINK = 917507.
MAX_CYCLE_COUNTER = 27904.
MAX_COUNT_NO_RTS_CTS = 65535.
MAX_CHILD_NUM = 10.
MAX_TRY_TO_FIND_PARENT = 3.

**********Below is Related Settings**********
PRIMAC_CONF_COMPOWER = 1.
PRIMAC_CONF_COMPOWER_SUPPORT = 1.
SF = 18.
PRI_SYNC_SUPPORT = 1.
RANDOM_DRIFT_IN_COOJA_SUPPORT = 0.
ADCSC_SUPPORT = 1.
DATA_TX_SUPPORT = 1.
CYCLES_PER_PACKET = 2.
DATA_INTERVAL = 9.
RETX_LIMIT = 6.
TOTAL_DATA_NUM = -1.
MAX_DATA_QUEUE_BUFS = 10.
PROC_GRADE_BASED_ON_ADDR_SUPPORT = 1.
NODES_NUM_PER_GRADE = 2.
ADDRESS_FREE_SUPPORT = 0.
IS_COOJA_SIM = 0.
CROSS_PLATFORM_SUPPORT = 1.
************************************************

My address is 3.0.
nullmac PRIMAC, channel check rate 8 Hz, radio channel 26
Starting
Hello, world
 P 0 0 0 1967076
 P 0 0 3390 2087376
 P 0 0 6780 2207676
 P 0 0 10232 2329359
 P 0 0 13622 2448276
 P 0 0 17012 2568576
 P 0 0 20402 2688876
 P 0 0 23792 2809176
EMPTY QUEUE
 P 308 0 29515 2934142
EMPTY QUEUE
 P 671 0 32914 3050476
PT [1 0 1 0 1]
 P 3005 0 33970 3170076
PT [1 0 2 0 1]
 P 3837 0 36528 3290376
PT [1 0 3 0 1]
 P 3837 0 39918 3410676
PT [1 0 4 0 1]
 P 3837 0 43308 3530976
PT [1 0 5 0 1]
EMPTY QUEUE
 P 4168 0 46707 3653768
PT [1 0 6 1 2]
 P 6447 0 46710 3771576
PT [1 0 7 1 2]
rcv bro rts
 P 8570 0 46751 3891876
PT [1 0 8 1 2]
rcv bro rts
 P 10280 0 46791 4012176
PT [1 0 9 1 2]
 P 10280 0 50181 4132476
PT [1 0 10 1 2]
EMPTY QUEUE
 P 10613 0 53579 4255270
PT [1 0 11 4 2]
 P 11902 0 53582 4373076
PT [1 0 12 4 2]
 P 11902 0 56972 4493376
PT [1 0 13 4 2]
 P 13135 0 56981 4613676
PT [1 0 14 4 2]
 P 13135 0 60371 4733976
PT [1 0 15 4 2]
EMPTY QUEUE
 P 13467 0 63769 4855937
PT [1 0 16 4 2]
 P 13467 0 67159 4974576
PT [1 0 17 4 2]
 P 15462 0 67162 5094876
PT [1 0 18 4 2]
 P 16379 0 67170 5215176
PT [1 0 19 4 2]
 P 16379 0 70560 5335476
PT [1 0 20 4 2]
EMPTY QUEUE
 P 16710 0 73958 5458140
PT [1 0 21 5 2]
 P 16710 0 77348 5576076
PT [1 0 22 5 2]
 P 17779 0 77351 5696376
PT [1 0 23 5 2]
 P 19307 0 77360 5816676
PT [1 0 24 5 2]
 P 19307 0 80750 5936976
PT [1 0 25 5 2]
EMPTY QUEUE
 P 19638 0 84149 6059832
PT [1 0 26 6 2]
 P 19638 0 87539 6177576
PT [1 0 27 6 2]
 P 20645 0 87542 6297876
PT [1 0 28 6 2]
 P 20645 0 90932 6418176
PT [1 0 29 6 2]
 P 23137 0 90941 6538476
PT [1 0 30 6 2]
EMPTY QUEUE
 P 23468 0 94340 6661012
PT [1 0 31 7 2]
 P 23468 0 97730 6779076
PT [1 0 32 7 2]
 P 25949 0 97733 6899376
PT [1 0 33 7 2]
 P 25949 0 101123 7019676
PT [1 0 34 7 2]
 P 26845 0 101131 7139976
PT [1 0 35 7 2]
EMPTY QUEUE
 P 27176 0 104530 7261680
PT [1 0 36 8 2]
 P 27176 0 107920 7380576
PT [1 0 37 8 2]
 P 28570 0 107924 7500876
PT [1 0 38 8 2]
 P 28570 0 111314 7621176
PT [1 0 39 8 2]
 P 31454 0 111322 7741476
PT [1 0 40 8 2]
EMPTY QUEUE
 P 31786 0 114720 7863884
PT [1 0 41 9 2]
 P 31786 0 118110 7982076
PT [1 0 42 9 2]
 P 33630 0 118113 8102376
PT [1 0 43 9 2]
 P 35539 0 118116 8222676
PT [1 0 44 9 2]
 P 35539 0 121506 8342976
PT [1 0 45 9 2]
EMPTY QUEUE
 P 38471 0 121522 8465577
PT [1 0 46 11 2]
 P 38471 0 124912 8583576
PT [1 0 47 11 2]
 P 38471 0 128302 8703876
PT [1 0 48 11 2]
 P 40830 0 128305 8824176
PT [1 0 49 11 2]
 P 40830 0 131695 8944476
PT [1 0 50 11 2]
EMPTY QUEUE
 P 41161 0 135093 9066980
PT [1 0 51 12 2]
 P 42837 0 135101 9185076
PT [1 0 52 12 2]
 P 42837 0 138491 9305376
PT [1 0 53 12 2]
 P 42837 0 141881 9425676
PT [1 0 54 12 2]
 P 44142 0 141884 9545976
PT [1 0 55 12 2]
EMPTY QUEUE
 P 44473 0 145282 9668416
PT [1 0 56 13 2]
 P 44473 0 148672 9786576
PT [1 0 57 13 2]
 P 46121 0 148681 9906876
PT [1 0 58 13 2]
 P 46121 0 152071 10027176
PT [1 0 59 13 2]
 P 46121 0 155461 10147476
PT [1 0 60 13 2]
 P 48804 0 155464 10267776
PT [1 0 61 13 2]
EMPTY QUEUE
 P 49136 0 158863 10389641
PT [1 0 62 14 2]
 P 49136 0 162253 10508376
PT [1 0 63 14 2]
 P 51140 0 162263 10628676
PT [1 0 64 14 2]
 P 51140 0 165653 10748976
PT [1 0 65 14 2]
 P 51140 0 169043 10869276
PT [1 0 66 14 2]
 P 53025 0 169046 10989576
PT [1 0 67 14 2]
EMPTY QUEUE
 P 53357 0 172444 11112401
PT [1 0 68 16 2]
 P 53357 0 175834 11230176
PT [1 0 69 16 2]
 P 55590 0 175842 11350476
PT [1 0 70 16 2]
 P 55590 0 179232 11470776
PT [1 0 71 16 2]
 P 55590 0 182622 11591076
PT [1 0 72 16 2]
 P 58085 0 182626 11711376
PT [1 0 73 16 2]
EMPTY QUEUE
 P 58416 0 186026 11832601
PT [1 0 74 17 2]
 P 58416 0 189416 11951976
PT [1 0 75 17 2]
 P 60237 0 189424 12072276
PT [1 0 76 17 2]
 P 63352 343 189443 12193710
PT [1 0 77 18 2]
 P 63684 415 192843 12312876
PT [1 0 78 18 2]
 P 65198 757 192863 12434662
PT [1 0 79 18 2]
 P 67452 829 192877 12553476
PT [1 0 80 18 2]
 P 67452 829 196267 12673776
PT [1 0 81 18 2]
 P 69768 1172 196285 12795785
PT [1 0 82 19 2]
 P 70099 1244 199685 12914376
PT [1 0 83 19 2]
 P 73024 1587 199705 13035970
PT [1 0 84 19 2]
 P 75631 1659 199719 13154976
PT [1 0 85 19 2]
 P 75700 1659 205681 13279590
PT [1 0 86 19 2]
 P 78071 1822 205700 13398310
PT [1 0 87 20 2]
 P 80679 1894 205714 13515876
PT [1 0 88 20 2]
 P 83148 1894 205718 13636176
PT [1 0 89 20 2]
 P 85535 2236 205737 13758794
PT [1 0 90 21 2]
 P 89897 2993 205787 13879254
PT [1 0 91 21 2]
 P 93511 3408 205816 13998114
PT [1 0 92 21 2]
 P 95822 3408 205819 14117376
PT [1 0 93 21 2]
 P 97845 3408 205822 14237676
PT [1 0 94 21 2]
 P 99787 3751 205841 14359973
PT [1 0 95 22 2]
 P 105467 4509 205890 14479666
PT [1 0 96 22 2]
 P 106894 4581 205904 14598576
PT [1 0 97 22 2]
 P 109894 4925 205923 14721642
PT [1 0 98 22 2]
 P 110927 4925 205926 14839176
PT [1 0 99 22 2]
 P 112552 5267 205945 14960642
PT [1 0 100 23 2]
 P 117616 5684 205978 15079776
PT [1 0 101 23 2]
 P 118924 6027 205998 15201915
PT [1 0 102 23 2]
 P 121219 6099 206012 15320376
PT [1 0 103 23 2]
 P 123743 6442 206030 15442609
PT [1 0 104 24 2]
 P 127306 6856 206064 15560976
PT [1 0 105 24 2]
 P 130183 7198 206084 15682858
PT [1 0 106 24 2]
 P 134420 7613 206117 15801576
PT [1 0 107 24 2]
 P 137523 7956 206136 15924514
PT [1 0 108 25 2]
 P 139040 7956 206139 16042176
PT [1 0 109 25 2]
 P 142305 8298 206159 16164538
PT [1 0 110 25 2]
 P 145275 8370 206173 16282776
PT [1 0 111 25 2]
 P 147965 8713 206191 16404594
PT [1 0 112 26 2]
 P 151017 9128 212182 16527850
PT [1 0 113 26 2]
 P 153624 9128 212185 16643676
PT [1 0 114 26 2]
 P 156795 9471 212205 16766710
PT [1 0 115 26 2]
 P 160839 10228 212255 16885506
PT [1 0 116 26 2]
 P 163777 10643 212286 17004576
PT [1 0 117 26 2]
 P 165191 10986 212306 17126523
PT [1 0 118 27 2]
 P 167458 11058 212321 17245176
PT [1 0 119 27 2]
 P 169833 11400 212341 17367474
PT [1 0 120 27 2]
 P 172218 11400 212344 17485776
PT [1 0 121 27 2]
 P 174540 11400 212347 17606076
PT [1 0 122 27 2]
 P 176180 11742 212367 17728822
PT [1 0 123 28 2]
 P 181823 12574 212431 17846676
PT [1 0 124 28 2]
 P 184364 12919 212450 17968143
PT [1 0 125 28 2]
 P 187071 12919 212453 18087276
PT [1 0 126 28 2]
 P 190315 13261 212473 18208678
PT [1 0 127 29 2]
 P 195119 13676 212507 18327876
PT [1 0 128 29 2]
 P 196508 14019 212526 18450206
PT [1 0 129 29 2]
 P 199958 14433 212556 18570346
PT [1 0 130 30 2]
 P 202476 14433 212559 18688776
PT [1 0 131 30 2]
 P 205755 14776 212579 18810370
PT [1 0 132 30 2]
 P 208060 14848 212593 18929376
PT [1 0 133 30 2]
 P 210766 15190 212611 19051450
PT [1 0 134 30 2]
 P 213834 15604 218602 19174706
PT [1 0 135 31 2]
 P 215649 15604 218605 19290276
PT [1 0 136 31 2]
 P 218836 15946 218625 19413310
PT [1 0 137 31 2]
 P 222912 16704 218675 19532106
PT [1 0 138 31 2]
 P 226483 17118 218707 19651176
PT [1 0 139 31 2]
 P 226552 17118 224669 19775150
PT [1 0 140 31 2]
 P 229201 17118 224672 19891776
PT [1 0 141 31 2]
 P 231943 17462 224692 20014810
PT [1 0 142 32 2]
 P 237273 18220 224742 20133606
PT [1 0 143 32 2]
 P 239552 18292 224755 20252676
PT [1 0 144 33 2]
 P 242168 18635 224775 20375454
PT [1 0 145 33 2]
 P 247118 19050 224812 20493276
PT [1 0 146 33 2]
 P 249322 19393 224832 20615575
PT [1 0 147 33 2]
 P 251621 19393 224835 20733876
PT [1 0 148 33 2]
 P 251953 19465 228235 20856719
PT [1 0 149 34 2]
 P 254349 19465 228238 20974476
PT [1 0 150 34 2]
 P 257406 19807 228257 21096998
PT [1 0 151 34 2]
 P 263162 20563 228309 21215076
PT [1 0 152 34 2]
 P 264555 20905 228328 21336541
PT [1 0 153 35 2]
 P 268703 21320 228359 21455676
PT [1 0 154 35 2]
 P 270833 21663 228379 21577814
PT [1 0 155 35 2]
 P 273736 22078 228411 21696276
PT [1 0 156 35 2]
 P 273736 22078 231801 21816576
PT [1 0 157 35 2]
 P 274823 22078 231804 21936876
PT [1 0 158 35 2]
 P 277052 22422 231824 22059046
PT [1 0 159 36 2]
 P 281227 23179 231875 22179250
PT [1 0 160 36 2]
 P 282829 23521 231896 22299846
PT [1 0 161 36 2]
 P 284781 23521 231899 22418076
PT [1 0 162 36 2]
 P 287118 23521 231902 22538376
PT [1 0 163 36 2]
 P 289672 23863 231922 22661410
PT [1 0 164 37 2]
 P 293840 24350 231968 22778976
PT [1 0 165 37 2]
 P 295595 24693 231986 22902074
PT [1 0 166 38 2]
 P 301262 25108 232019 23019576
PT [1 0 167 39 2]
 P 303505 25108 232022 23139876
PT [1 0 168 39 2]
 P 305069 25451 232042 23261214
PT [1 0 169 38 2]
 P 309489 25866 232075 23380476
PT [1 0 170 38 2]
 P 310737 26208 232093 23503000
PT [1 0 171 39 2]
 P 313601 26280 232106 23621076
PT [1 0 172 39 2]
 P 316064 26622 232126 23743182
PT [1 0 173 39 2]
 P 320741 27379 232176 23863642
PT [1 0 174 39 2]
 P 322634 27379 232179 23981976
PT [1 0 175 39 2]
 P 323947 27723 232198 24103410
PT [1 0 176 40 2]
 P 326844 27723 232203 24222576
PT [1 0 177 40 2]
 P 329886 28066 232223 24345611
PT [1 0 178 40 2]
 P 333426 28553 235653 24463176
PT [1 0 179 40 2]
 P 333495 28553 241615 24586766
PT [1 0 180 40 2]
 P 335230 28553 241619 24703776
PT [1 0 181 40 2]
 P 336803 28896 241639 24826810
PT [1 0 182 41 2]
 P 343037 30068 241718 24946854
PT [1 0 183 41 2]
 P 345638 30068 241721 25064676
PT [1 0 184 41 2]
 P 347599 30068 241724 25184976
PT [1 0 185 41 2]
 P 350775 30411 241744 25306922
PT [1 0 186 42 2]
 P 354924 31169 241795 25428022
PT [1 0 187 42 2]
 P 358306 31583 241824 25547266
PT [1 0 188 43 2]
 P 360268 31583 241827 25666176
PT [1 0 189 43 2]
 P 363480 31925 241847 25788571
PT [1 0 190 43 2]
 P 366158 31997 241861 25906776
PT [1 0 191 43 2]
 P 368795 32340 241880 26028242
PT [1 0 192 43 2]
 P 373083 32756 241911 26147376
PT [1 0 193 44 2]
 P 376201 33098 241931 26269514
PT [1 0 194 44 2]
 P 380264 33512 241966 26387976
PT [1 0 195 44 2]
 P 381397 33512 241969 26508276
PT [1 0 196 44 2]
 P 382466 33512 241972 26628576
PT [1 0 197 44 2]
 P 384404 33854 241991 26750747
PT [1 0 198 46 2]
 P 389050 34611 242042 26870950
PT [1 0 199 45 2]
 P 393918 35026 242078 26989476
PT [1 0 200 45 2]
 P 393918 35026 245468 27109776
PT [1 0 201 45 2]
 P 396467 35369 245486 27232137
PT [1 0 202 46 2]
 P 401178 35783 245518 27350376
PT [1 0 203 46 2]
 P 402895 36125 245538 27471874
PT [1 0 204 46 2]
 P 405194 36197 245552 27590976
PT [1 0 205 46 2]
 P 407617 36540 245571 27714106
PT [1 0 206 47 2]
 P 410232 36882 245590 27833318
PT [1 0 207 47 2]
 P 413925 37297 245625 27951876
PT [1 0 208 47 2]
 P 415704 37297 245628 28072176
PT [1 0 209 47 2]
 P 418442 37297 245631 28192476
PT [1 0 210 47 2]
 P 419876 37639 245651 28314933
PT [1 0 211 48 2]
 P 426513 38468 245715 28433076
PT [1 0 212 48 2]
 P 428332 38811 245736 28555279
PT [1 0 213 48 2]
 P 430272 38811 245739 28673676
PT [1 0 214 48 2]
 P 430604 38883 249139 28796294
PT [1 0 215 49 2]
 P 432416 38883 249142 28914276
PT [1 0 216 49 2]
 P 434686 39225 249162 29035806
PT [1 0 217 49 2]
 P 440247 40326 249233 29157226
PT [1 0 218 49 2]
 P 442252 40326 249237 29275176
PT [1 0 219 49 2]
 P 444845 40669 249255 29398018
PT [1 0 220 50 2]
 P 448218 41084 249285 29518158
PT [1 0 221 50 2]
 P 452918 41498 249320 29636076
PT [1 0 222 50 2]
 P 452918 41498 252710 29756376
PT [1 0 223 50 2]
 P 455149 41498 252713 29876676
PT [1 0 224 50 2]
 P 458163 41840 252733 29999263
PT [1 0 225 51 2]
 P 461887 42597 252784 30119850
PT [1 0 226 51 2]
 P 463650 42669 252799 30237576
PT [1 0 227 51 2]
 P 465417 43011 252818 30359906
PT [1 0 228 52 2]
 P 467458 43011 252821 30478176
PT [1 0 229 52 2]
 P 469161 43354 252841 30600186
PT [1 0 230 52 2]
 P 472879 43769 252874 30718776
PT [1 0 231 52 2]
 P 474490 44111 252892 30841330
PT [1 0 232 52 2]
 P 478436 44525 252924 30959376
PT [1 0 233 52 2]
 P 479726 44867 252944 31082346
PT [1 0 234 53 2]
 P 482036 44939 252959 31199976
PT [1 0 235 53 2]
 P 484544 45282 252979 31321251
PT [1 0 236 53 2]
 P 488876 45697 253012 31440576
PT [1 0 237 53 2]
 P 491738 46039 253032 31563291
PT [1 0 238 55 2]
 P 494434 46111 253046 31681176
PT [1 0 239 54 2]
 P 495792 46454 253066 31803218
PT [1 0 240 54 2]
 P 497870 46454 253069 31921776
PT [1 0 241 54 2]
 P 500960 46796 253088 32044266
PT [1 0 242 55 2]
 P 506886 47553 253137 32165238
PT [1 0 243 55 2]
 P 511002 47968 253170 32282676
PT [1 0 244 55 2]
 P 511002 47968 256560 32402976
PT [1 0 245 55 2]
 P 513037 48311 256579 32526170
PT [1 0 246 56 2]
 P 516999 48725 256611 32643576
PT [1 0 247 56 2]
 P 518971 49067 256631 32766674
PT [1 0 248 56 2]
 P 521287 49139 256645 32884176
PT [1 0 249 56 2]
 P 522685 49482 256665 33006091
PT [1 0 250 56 2]
 P 525044 49824 256684 33125814
PT [1 0 251 57 2]
 P 527586 49896 256697 33245076
PT [1 0 252 57 2]
 P 530393 50239 256717 33367918
PT [1 0 253 57 2]
 P 534359 50653 256751 33485676
PT [1 0 254 57 2]
 P 536113 50995 256770 33607782
PT [1 0 255 58 2]
 P 537268 50995 256773 33726276
PT [1 0 256 58 2]
 P 539726 51338 256793 33849342
PT [1 0 257 58 2]
 P 543954 51754 256826 33966876
PT [1 0 258 58 2]
 P 546607 52096 256846 34088310
PT [1 0 259 58 2]
 P 548768 52168 256859 34207476
PT [1 0 260 58 2]
 P 551102 52512 256878 34329263
PT [1 0 261 59 2]
 P 554052 52927 256914 34448076
PT [1 0 262 59 2]
 P 556994 53270 256934 34571302
PT [1 0 263 59 2]
 P 561133 53684 256966 34688676
PT [1 0 264 59 2]
 P 564051 53684 256970 34808976
PT [1 0 265 59 2]
 P 565626 53684 256973 34929276
PT [1 0 266 59 2]
 P 568027 54028 256993 35052278
PT [1 0 267 60 2]
 P 572579 54785 257044 35171202
PT [1 0 268 60 2]
 P 577651 55200 257076 35290176
PT [1 0 269 60 2]
 P 579606 55544 257095 35411834
PT [1 0 270 61 2]
 P 582086 55959 257125 35531846
PT [1 0 271 61 2]
 P 584719 55959 257128 35651076
PT [1 0 272 61 2]
 P 586776 55959 257132 35771376
PT [1 0 273 61 2]
 P 587746 55959 257135 35891676
PT [1 0 274 61 2]
 P 589384 56301 257155 36013238
PT [1 0 275 62 2]
 P 595813 57473 257236 36133283
PT [1 0 276 62 2]
 P 597232 57473 257239 36252576
PT [1 0 277 62 2]
 P 598587 57473 257244 36372876
PT [1 0 278 62 2]
 P 601415 57473 257247 36493176
PT [1 0 279 62 2]
 P 603057 57816 257267 36616211
PT [1 0 280 63 2]
 P 608027 58645 257333 36733776
PT [1 0 281 63 2]
 P 610568 58988 257352 36856554
PT [1 0 282 64 2]
 P 611829 58988 257355 36974376
PT [1 0 283 64 2]
 P 613762 59331 257375 37096322
PT [1 0 284 64 2]
 P 616220 59403 257389 37214976
PT [1 0 285 64 2]
 P 619116 59745 257408 37337274
PT [1 0 286 64 2]
 P 623633 60502 257456 37456965
PT [1 0 287 65 2]
 P 626828 60574 257469 37575876
PT [1 0 288 65 2]
 P 629117 60916 257489 37698942
PT [1 0 289 65 2]
 P 632111 61260 257508 37817642
PT [1 0 290 65 2]
 P 634646 61676 257541 37936776
PT [1 0 291 65 2]
 P 634832 61676 260936 38059260
PT [1 0 292 65 2]
 P 636737 61676 260939 38177376
PT [1 0 293 65 2]
 P 638805 62019 260960 38300410
PT [1 0 294 66 2]
 P 643717 62777 261009 38419207
PT [1 0 295 66 2]
 P 645284 62849 261022 38538276
PT [1 0 296 66 2]
 P 648026 63193 261043 38661054
PT [1 0 297 67 2]
 P 652904 63607 261077 38778876
PT [1 0 298 67 2]
 P 655478 63877 261088 38900660
PT [1 0 299 67 2]
 P 657129 63877 261091 39019476
PT [1 0 300 67 2]
 P 658786 64220 261110 39142510
PT [1 0 301 68 2]
 P 664062 64707 261155 39260076
PT [1 0 302 68 2]
 P 665293 65049 261175 39383174
PT [1 0 303 68 2]
 P 668078 65121 261189 39500676
PT [1 0 304 68 2]
 P 670525 65464 261207 39622589
PT [1 0 305 69 2]
 P 674599 65879 261241 39741276
PT [1 0 306 70 2]
 P 677400 66224 261260 39864118
PT [1 0 307 69 2]
 P 680100 66638 261294 39981876
PT [1 0 308 69 2]
 P 680100 66638 264684 40102176
PT [1 0 309 69 2]
 P 682876 66638 264687 40222476
PT [1 0 310 69 2]
 P 684431 66981 264708 40344583
PT [1 0 311 70 2]
 P 689339 67740 264757 40465042
PT [1 0 312 70 2]
 P 693772 68156 264790 40583376
PT [1 0 313 70 2]
 P 693841 68156 270752 40707574
PT [1 0 314 70 2]
 P 696426 68156 270755 40823976
PT [1 0 315 70 2]
 P 699585 68498 270775 40947010
PT [1 0 316 71 2]
 P 704438 68914 270808 41064576
PT [1 0 317 71 2]
 P 705647 69257 270827 41186106
PT [1 0 318 72 2]
 P 710407 69673 270859 41305176
PT [1 0 319 72 2]
 P 711714 69673 270862 41425476
PT [1 0 320 72 2]
 P 713916 70017 270882 41547422
PT [1 0 321 72 2]
 P 718135 70432 270916 41666076
PT [1 0 322 72 2]
 P 719923 70432 270919 41786376
PT [1 0 323 72 2]
 P 721487 70775 270938 41909122
PT [1 0 324 73 2]
 P 727949 71604 271003 42026976
PT [1 0 325 73 2]
 P 730412 71948 271022 42148442
PT [1 0 326 73 2]
 P 733065 71948 271025 42267576
PT [1 0 327 73 2]
 P 734920 72291 271044 42388978
PT [1 0 328 74 2]
 P 736593 72363 271057 42508176
PT [1 0 329 74 2]
 P 739411 72705 271077 42630315
PT [1 0 330 74 2]
 P 740728 73119 274498 42748776
PT [1 0 331 74 2]
 P 743770 73462 274517 42870945
PT [1 0 332 75 2]
 P 748418 73877 274549 42989376
PT [1 0 333 75 2]
 P 750850 73877 274552 43109676
PT [1 0 334 75 2]
 P 753478 74220 274573 43231751
PT [1 0 335 75 2]
 P 756400 74636 277992 43350276
PT [1 0 336 75 2]
 P 758161 74636 277995 43470576
PT [1 0 337 75 2]
 P 760151 74979 278015 43592938
PT [1 0 338 76 2]
 P 765089 75521 278064 43712374
PT [1 0 339 76 2]
 P 766773 75935 278094 43834306
PT [1 0 340 77 2]
 P 768791 75935 278098 43951776
PT [1 0 341 77 2]
 P 771456 76278 278118 44073818
PT [1 0 342 77 2]
 P 774191 76350 278132 44192376
PT [1 0 343 77 2]
 P 777052 76692 278150 44313619
PT [1 0 344 77 2]
 P 782521 77449 278198 44435486
PT [1 0 345 78 2]
 P 784349 77449 278201 44553276
PT [1 0 346 78 2]
 P 786059 77791 278221 44674487
PT [1 0 347 78 2]
 P 787579 77863 278235 44793876
PT [1 0 348 78 2]
 P 789995 78206 278254 44916078
PT [1 0 349 78 2]
 P 793087 78621 281673 45034476
PT [1 0 350 79 2]
 P 794213 78621 281676 45154776
PT [1 0 351 79 2]
 P 796501 78964 281696 45276754
PT [1 0 352 79 2]
 P 799792 79380 281731 45395376
PT [1 0 353 79 2]
 P 801859 79722 281750 45518026
PT [1 0 354 80 2]
 P 804247 79794 281763 45635976
PT [1 0 355 80 2]
 P 806762 80137 281782 45758722
PT [1 0 356 80 2]
 P 813271 80895 281836 45876576
PT [1 0 357 81 2]
 P 813271 80895 285226 45996876
PT [1 0 358 81 2]
 P 814880 80895 285229 46117176
PT [1 0 359 81 2]
 P 817719 81238 285249 46239763
PT [1 0 360 81 2]
 P 820859 81653 285282 46357776
PT [1 0 361 81 2]
 P 823922 81996 285303 46480651
PT [1 0 362 81 2]
 P 829819 82411 285335 46598376
PT [1 0 363 81 2]
 P 832052 82755 285354 46720386
PT [1 0 364 82 2]
 P 834410 82827 285368 46838976
PT [1 0 365 82 2]
 P 837349 83170 285387 46960571
PT [1 0 366 82 2]
 P 840930 83927 285436 47081030
PT [1 0 367 82 2]
 P 843182 83927 285440 47199876
PT [1 0 368 82 2]
 P 845130 84270 285460 47322846
PT [1 0 369 83 2]
 P 847586 84342 285474 47440476
PT [1 0 370 83 2]
 P 848962 84684 285493 47561751
PT [1 0 371 85 2]
 P 854452 85098 285525 47681076
PT [1 0 372 83 2]
 P 857331 85441 285543 47803790
PT [1 0 373 84 2]
 P 861317 85856 285577 47921676
PT [1 0 374 84 2]
 P 861317 85856 288967 48041976
PT [1 0 375 84 2]
 P 862484 85856 288970 48162276
PT [1 0 376 84 2]
 P 865207 86198 288989 48284765
PT [1 0 377 85 2]
 P 869379 86955 289038 48405738
PT [1 0 378 85 2]
 P 874011 87369 289073 48523176
PT [1 0 379 85 2]
 P 874011 87369 292463 48643476
PT [1 0 380 85 2]
 P 875756 87369 292466 48763776
PT [1 0 381 85 2]
 P 877266 87712 292485 48886971
PT [1 0 382 86 2]
 P 881060 88471 292534 49007174
PT [1 0 383 86 2]
 P 882721 88543 292548 49124676
PT [1 0 384 86 2]
 P 884905 88886 292567 49246590
PT [1 0 385 86 2]
 P 887196 88886 292570 49365276
PT [1 0 386 86 2]
 P 889286 89228 292590 49486615
PT [1 0 387 88 2]
 P 892005 89300 292604 49605876
PT [1 0 388 87 2]
 P 894585 89300 292607 49726176
PT [1 0 389 87 2]
 P 897125 89642 292626 49849019
PT [1 0 390 88 2]
 P 905619 90744 292698 49966776
PT [1 0 391 88 2]
 P 905950 90816 296099 50089362
PT [1 0 392 88 2]
 P 908811 91159 296119 50209342
PT [1 0 393 88 2]
 P 912308 91574 296152 50327676
PT [1 0 394 90 2]
 P 915395 91916 296170 50449461
PT [1 0 395 89 2]
 P 919854 92330 296202 50568276
PT [1 0 396 89 2]
 P 919854 92330 299592 50688576
PT [1 0 397 89 2]
 P 922527 92672 299612 50811802
PT [1 0 398 89 2]
 P 926670 93086 299644 50929176
PT [1 0 399 89 2]
 P 928198 93086 299647 51049476
PT [1 0 400 89 2]
 P 931353 93428 299667 51172478
PT [1 0 401 90 2]
 P 933392 93842 303088 51290076
PT [1 0 402 90 2]
 P 935365 94185 303107 51411702
PT [1 0 403 90 2]
 P 939129 94600 303139 51530676
PT [1 0 404 91 2]
 P 940469 94600 303143 51650976
PT [1 0 405 91 2]
 P 942767 94600 303146 51771276
PT [1 0 406 91 2]
 P 945479 94942 303166 51892935
PT [1 0 407 91 2]
 P 949994 95429 303208 52011876
PT [1 0 408 91 2]
 P 951618 95772 303227 52134366
PT [1 0 409 92 2]
 P 955013 96044 303238 52252476
PT [1 0 410 92 2]
 P 956385 96044 303241 52372776
PT [1 0 411 92 2]
 P 958875 96387 303260 52495234
PT [1 0 412 92 2]
 P 963656 97288 306720 52613376
PT [1 0 413 93 2]
 P 965028 97630 306740 52735994
PT [1 0 414 93 2]
 P 966594 97630 306743 52853976
PT [1 0 415 93 2]
 P 967871 97973 306763 52975506
PT [1 0 416 93 2]
 P 971466 98387 306794 53097054
PT [1 0 417 94 2]
 P 974261 98459 306807 53214876
PT [1 0 418 94 2]
 P 976534 98802 306826 53336214
PT [1 0 419 94 2]
 P 979510 99145 306845 53457474
PT [1 0 420 94 2]
 P 982906 99561 306879 53575776
PT [1 0 421 94 2]
 P 985146 99561 306882 53696076
PT [1 0 422 94 2]
 P 987323 99561 306885 53816376
PT [1 0 423 94 2]
 P 988958 99903 306905 53938066
PT [1 0 424 95 2]
 P 993126 100318 306939 54056976
PT [1 0 425 95 2]
 P 995627 100661 306958 54178442
PT [1 0 426 96 2]
 P 1000093 101420 307005 54299415
PT [1 0 427 97 2]
 P 1003310 101834 307035 54419810
PT [1 0 428 96 2]
 P 1005361 101834 307038 54538176
PT [1 0 429 96 2]
 P 1006745 102177 307057 54660346
PT [1 0 430 96 2]
 P 1009128 102249 307071 54778776
PT [1 0 431 96 2]
 P 1012241 102591 307090 54900658
PT [1 0 432 97 2]
 P 1014854 103007 307121 55022078
PT [1 0 433 97 2]
 P 1017131 103007 307124 55139676
PT [1 0 434 97 2]
 P 1020119 103349 307143 55262614
PT [1 0 435 98 2]
 P 1023795 104108 307191 55381793
PT [1 0 436 98 2]
 P 1025657 104108 307194 55500576
PT [1 0 437 98 2]
 P 1028518 104450 307214 55622074
PT [1 0 438 98 2]
 P 1030071 104522 307229 55741176
PT [1 0 439 98 2]
 P 1032102 104865 307248 55864306
PT [1 0 440 99 2]
 P 1035555 105280 307279 55981776
PT [1 0 441 99 2]
 P 1036746 105280 307283 56102076
PT [1 0 442 99 2]
 P 1039130 105623 307303 56223318
PT [1 0 443 99 2]
 P 1041745 105695 313284 56347470
PT [1 0 444 99 2]
 P 1043396 106037 313303 56465710
PT [1 0 445 100 2]
 P 1049071 106795 313355 56583276
PT [1 0 446 100 2]
 P 1051202 107139 313374 56705254
PT [1 0 447 100 2]
 P 1053463 107211 313388 56823876
PT [1 0 448 100 2]
 P 1056045 107553 313406 56945822
PT [1 0 449 101 2]
 P 1059933 108310 313455 57066922
PT [1 0 450 101 2]
 P 1061576 108310 313458 57184776
PT [1 0 451 101 2]
 P 1063519 108652 313478 57307458
PT [1 0 452 101 2]
 P 1065910 108724 313492 57425376
PT [1 0 453 101 2]
 P 1068814 109067 313510 57547769
PT [1 0 454 102 2]
 P 1070220 109482 316929 57665976
PT [1 0 455 102 2]
 P 1072505 109482 316932 57786276
PT [1 0 456 102 2]
 P 1075797 109827 316951 57907678
PT [1 0 457 102 2]
 P 1079970 110244 316984 58026876
PT [1 0 458 102 2]
 P 1082865 110586 317002 58149206
PT [1 0 459 103 2]
 P 1087219 111000 317036 58267476
PT [1 0 460 103 2]
 P 1087219 111000 320426 58387776
PT [1 0 461 103 2]
 P 1088450 111000 320429 58508076
PT [1 0 462 103 2]
 P 1091219 111343 320448 58629669
PT [1 0 463 104 2]
 P 1095164 112101 320495 58750130
PT [1 0 464 104 2]
 P 1096696 112173 320509 58868976
PT [1 0 465 104 2]
