using saved target 'z1'
../../../../contiki/tools/sky/serialdump-linux -b115200 /dev/ttyUSB1
connecting to /dev/ttyUSB1 (115200) [OK]
Rime started with address 2.0
MAC 02:00:00:00:00:00:00:00 Ref ID: 4841
Contiki-3.x-2125-g5d67a61 started. Node id is set to 2.

************************************************
RTIMER_SECOND = 32768. F_CPU=8000000.
CLOCK_SECOND=128.
DURSLOT = 6015.(0.1835 s).
DURSLEEP = 66165.
DURCYCLE = 72180 .(2.2027 s).
MAX_CLOCK_DRIFT = WAKEUP_ADVANCE_TIME = 327 (0.0033 s).
PERIODIC_BCAST_CYCLES_SENSOR = 917507.
PERIODIC_BCAST_CYCLES_SINK = 917507.
MAX_CYCLE_COUNTER = 27904.
MAX_COUNT_NO_RTS_CTS = 65535.
MAX_CHILD_NUM = 10.
MAX_TRY_TO_FIND_PARENT = 3.

**********Below is Related Settings**********
PRIMAC_CONF_COMPOWER = 1.
PRIMAC_CONF_COMPOWER_SUPPORT = 1.
SF = 10.
PRI_SYNC_SUPPORT = 1.
RANDOM_DRIFT_IN_COOJA_SUPPORT = 0.
ADCSC_SUPPORT = 1.
DATA_TX_SUPPORT = 1.
CYCLES_PER_PACKET = 4.
DATA_INTERVAL = 1.
RETX_LIMIT = 6.
TOTAL_DATA_NUM = 50.
MAX_DATA_QUEUE_BUFS = 10.
PROC_GRADE_BASED_ON_ADDR_SUPPORT = 1.
NODES_NUM_PER_GRADE = 2.
ADDRESS_FREE_SUPPORT = 0.
IS_COOJA_SIM = 0.
CROSS_PLATFORM_SUPPORT = 1.
************************************************

My address is 2.0.
nullmac PRIMAC, channel check rate 8 Hz, radio channel 26
Starting
Hello, world
 P 0 0 0 1149886
 P 0 0 3390 1222066
 P 0 0 6780 1294246
 P 0 0 10232 1367265
 P 0 0 13622 1438606
 P 0 0 17012 1510786
 P 0 0 20402 1582966
 P 0 0 23792 1655146
EMPTY QUEUE
 P 363 0 27191 1729947
PT [1 0 1 -4 1]
 P 363 0 30581 1799506
PT [1 0 2 -4 1]
 P 363 0 33971 1871686
PT [1 0 3 -4 1]
 P 363 0 37361 1943866
PT [1 0 4 -4 1]
 P 363 0 40751 2016046
PT [1 0 5 -4 1]
EMPTY QUEUE
 P 694 0 44150 2089054
PT [1 0 6 -4 1]
 P 694 0 47540 2160406
PT [1 0 7 -4 1]
 P 3023 0 48601 2232586
PT [1 0 8 -4 1]
 P 3849 0 51165 2304766
PT [1 0 9 -4 1]
 P 3849 0 54555 2376946
PT [1 0 10 -4 1]
EMPTY QUEUE
 P 4182 0 57953 2450628
PT [1 0 11 -4 2]
 P 4182 0 61343 2521306
PT [1 0 12 -4 2]
rcv bro rts
 P 6520 0 61384 2593486
PT [1 0 13 -4 2]
 P 8570 0 61387 2665666
PT [1 0 14 -4 2]
 P 8570 0 64777 2737846
PT [1 0 15 -4 2]
EMPTY QUEUE
 P 8901 0 68176 2811974
PT [1 0 16 -5 2]
 P 8901 0 71566 2882206
PT [1 0 17 -5 2]
 P 10247 0 71575 2954386
PT [1 0 18 -5 2]
 P 11690 0 71578 3026566
PT [1 0 19 -5 2]
 P 11690 0 74968 3098746
PT [1 0 20 -5 2]
EMPTY QUEUE
 P 12023 0 78366 3172812
PT [1 0 21 -5 2]
 P 12023 0 81756 3243106
PT [1 0 22 -5 2]
 P 12023 0 85146 3315286
PT [1 0 23 -5 2]
 P 14427 0 85149 3387466
PT [1 0 24 -5 2]
 P 16733 0 85158 3459646
PT [1 0 25 -5 2]
EMPTY QUEUE
 P 17064 0 88557 3533134
PT [1 0 26 -6 2]
 P 17064 0 91947 3604006
PT [1 0 27 -6 2]
 P 17064 0 95337 3676186
PT [1 0 28 -6 2]
 P 17868 0 95341 3748366
PT [1 0 29 -6 2]
 P 20366 0 95350 3820546
PT [1 0 30 -6 2]
EMPTY QUEUE
 P 20697 0 98749 3894994
PT [1 0 31 -6 2]
 P 20697 0 102139 3964906
PT [1 0 32 -6 2]
 P 20697 0 105529 4037086
PT [1 0 33 -6 2]
 P 23486 0 105532 4109266
PT [1 0 34 -6 2]
 P 25664 0 105541 4181446
PT [1 0 35 -6 2]
EMPTY QUEUE
 P 25996 0 108939 4254294
PT [1 0 36 -7 2]
 P 25996 0 112329 4325806
PT [1 0 37 -7 2]
 P 25996 0 115719 4397986
PT [1 0 38 -7 2]
 P 25996 0 119109 4470166
PT [1 0 39 -7 2]
 P 27758 0 119118 4542346
PT [1 0 40 -7 2]
 P 29398 0 119121 4614526
PT [1 0 41 -7 2]
EMPTY QUEUE
 P 29467 0 125083 4691660
PT [1 0 42 -7 2]
EMPTY QUEUE
 P 29799 0 128481 4760163
PT [1 0 43 -7 2]
 P 29799 0 131871 4831066
PT [1 0 44 -7 2]
 P 32521 0 131880 4903246
PT [1 0 45 -7 2]
 P 32521 0 135270 4975426
PT [1 0 46 -7 2]
 P 34161 0 135273 5047606
PT [1 0 47 -7 2]
EMPTY QUEUE
 P 34492 0 138672 5120742
PT [1 0 48 -8 2]
 P 34492 0 142062 5191966
PT [1 0 49 -8 2]
 P 35614 0 142071 5264146
PT [1 0 50 -8 2]
 P 35614 0 145461 5336326
PT [1 0 51 -8 2]
 P 37703 0 145464 5408506
PT [1 0 52 -8 2]
EMPTY QUEUE
 P 38034 0 148863 5482858
PT [1 0 53 -8 2]
 P 38034 0 152253 5552866
PT [1 0 54 -8 2]
 P 39092 0 152262 5625046
PT [1 0 55 -8 2]
 P 39092 0 155652 5697226
PT [1 0 56 -8 2]
 P 41117 0 155656 5769406
PT [1 0 57 -8 2]
EMPTY QUEUE
 P 41449 0 159054 5842414
PT [1 0 58 -9 2]
 P 41449 0 162444 5913766
PT [1 0 59 -9 2]
 P 43243 0 162453 5985946
PT [1 0 60 -9 2]
 P 43243 0 165843 6058126
PT [1 0 61 -9 2]
 P 44693 0 165846 6130306
PT [1 0 62 -9 2]
EMPTY QUEUE
 P 45024 0 169245 6203506
PT [1 0 63 -9 2]
 P 45024 0 172635 6274666
PT [1 0 64 -9 2]
 P 47010 0 172645 6346846
PT [1 0 65 -9 2]
 P 47010 0 176035 6419026
PT [1 0 66 -9 2]
 P 49421 0 176038 6491206
PT [1 0 67 -9 2]
EMPTY QUEUE
 P 49753 0 179436 6564086
PT [1 0 68 -10 2]
 P 49753 0 182826 6635566
PT [1 0 69 -10 2]
 P 52060 0 182835 6707746
PT [1 0 70 -10 2]
 P 52060 0 186225 6779926
PT [1 0 71 -10 2]
 P 52872 0 186228 6852106
PT [1 0 72 -10 2]
EMPTY QUEUE
 P 53203 0 189627 6926202
PT [1 0 73 -10 2]
 P 53203 0 193017 6996466
PT [1 0 74 -10 2]
 P 55701 0 193026 7068646
PT [1 0 75 -10 2]
 P 55701 0 196416 7140826
PT [1 0 76 -10 2]
 P 58498 0 196419 7213006
PT [1 0 77 -10 2]
EMPTY QUEUE
 P 58830 0 199817 7287807
PT [1 0 78 -10 2]
 P 58830 0 203207 7357366
PT [1 0 79 -10 2]
 P 61009 0 203216 7429546
PT [1 0 80 -10 2]
 P 61009 0 206606 7501726
PT [1 0 81 -10 2]
 P 63231 0 206609 7573906
PT [1 0 82 -10 2]
EMPTY QUEUE
 P 63562 0 210008 7646850
PT [1 0 83 -11 2]
 P 63562 0 213398 7718266
PT [1 0 84 -11 2]
 P 64908 0 213407 7790446
PT [1 0 85 -11 2]
 P 64908 0 216797 7862626
PT [1 0 86 -11 2]
 P 66043 0 216800 7934806
PT [1 0 87 -11 2]
EMPTY QUEUE
 P 66375 0 220198 8009479
PT [1 0 88 -11 2]
 P 66375 0 223588 8079166
PT [1 0 89 -11 2]
 P 68425 0 223597 8151346
PT [1 0 90 -11 2]
 P 68425 0 226987 8223526
PT [1 0 91 -11 2]
 P 70009 0 226990 8295706
PT [1 0 92 -11 2]
EMPTY QUEUE
 P 70340 0 230389 8369546
PT [1 0 93 -12 2]
 P 70340 0 233779 8440066
PT [1 0 94 -12 2]
 P 72582 0 233788 8512246
PT [1 0 95 -12 2]
 P 72582 0 237178 8584426
PT [1 0 96 -12 2]
 P 74103 0 237181 8656606
PT [1 0 97 -12 2]
EMPTY QUEUE
 P 74435 0 240579 8731151
PT [1 0 98 -12 2]
 P 74435 0 243969 8800966
PT [1 0 99 -12 2]
 P 76357 0 243978 8873146
PT [1 0 100 -12 2]
 P 76357 0 247368 8945326
PT [1 0 101 -12 2]
 P 77303 0 247371 9017506
PT [1 0 102 -12 2]
 P 78473 0 247374 9089686
PT [1 0 103 -12 2]
EMPTY QUEUE
 P 78804 0 250773 9164422
PT [1 0 104 -13 2]
 P 79894 0 250782 9234046
PT [1 0 105 -13 2]
 P 79894 0 254172 9306226
PT [1 0 106 -13 2]
 P 79894 0 257562 9378406
PT [1 0 107 -13 2]
 P 80745 0 257565 9450586
PT [1 0 108 -13 2]
EMPTY QUEUE
 P 81077 0 260963 9525003
PT [1 0 109 -13 2]
 P 82871 0 260971 9594946
PT [1 0 110 -13 2]
 P 82871 0 264361 9667126
PT [1 0 111 -13 2]
 P 82871 0 267751 9739306
PT [1 0 112 -13 2]
 P 84939 0 267754 9811486
PT [1 0 113 -13 2]
 P 86591 0 267757 9883666
PT [1 0 114 -13 2]
EMPTY QUEUE
 P 88908 0 267775 9956643
PT [1 0 115 -14 2]
 P 88908 0 271165 10028026
PT [1 0 116 -14 2]
 P 88908 0 274555 10100206
PT [1 0 117 -14 2]
 P 88908 0 277945 10172386
PT [1 0 118 -14 2]
 P 91009 0 277948 10244566
PT [1 0 119 -14 2]
EMPTY QUEUE
 P 93007 0 277964 10318503
PT [1 0 120 -14 2]
 P 93007 0 281354 10388926
PT [1 0 121 -14 2]
 P 93007 0 284744 10461106
PT [1 0 122 -14 2]
 P 93007 0 288134 10533286
PT [1 0 123 -14 2]
 P 95045 0 288137 10605466
PT [1 0 124 -14 2]
EMPTY QUEUE
 P 98260 0 288153 10679851
PT [1 0 125 -14 2]
 P 98260 0 291543 10749826
PT [1 0 126 -14 2]
 P 98260 0 294933 10822006
PT [1 0 127 -14 2]
 P 98260 0 298323 10894186
PT [1 0 128 -14 2]
 P 99722 0 298327 10966366
PT [1 0 129 -14 2]
EMPTY QUEUE
 P 101591 0 298344 11040686
PT [1 0 130 -15 2]
 P 101591 0 301734 11110726
PT [1 0 131 -15 2]
 P 101591 0 305124 11182906
PT [1 0 132 -15 2]
 P 101591 0 308514 11255086
PT [1 0 133 -15 2]
 P 104014 0 308518 11327266
PT [1 0 134 -15 2]
EMPTY QUEUE
 P 106077 0 308534 11401012
PT [1 0 135 -14 2]
 P 106077 0 311924 11471626
PT [1 0 136 -14 2]
 P 106077 0 315314 11543806
PT [1 0 137 -14 2]
 P 106077 0 318704 11615986
PT [1 0 138 -14 2]
 P 106901 0 318708 11688166
PT [1 0 139 -14 2]
EMPTY QUEUE
 P 108643 0 318725 11762871
PT [1 0 140 -16 2]
 P 108974 72 322126 11834812
PT [1 0 141 -16 2]
 P 111931 414 322146 11906672
PT [1 0 142 -16 2]
 P 116418 1098 322187 11976886
PT [1 0 143 -16 2]
 P 117681 1440 322206 12051096
PT [1 0 144 -16 2]
 P 122134 2365 322266 12122828
PT [1 0 145 -16 2]
 P 127189 3121 322322 12196096
PT [1 0 146 -17 2]
 P 131776 3535 322364 12265606
PT [1 0 147 -17 2]
 P 132954 3535 322367 12337786
PT [1 0 148 -17 2]
 P 134996 3535 322370 12409966
PT [1 0 149 -17 2]
 P 137634 3607 322391 12483345
PT [1 0 150 -17 2]
 P 144606 3823 322451 12555588
PT [1 0 151 -17 2]
 P 149959 4237 322495 12626506
PT [1 0 152 -17 2]
 P 152002 4237 322498 12698686
PT [1 0 153 -17 2]
 P 154641 4309 322516 12773728
PT [1 0 154 -17 2]
Warning: data sending process fails.
 P 160765 4447 322660 12843046
PT [1 0 155 -17 2]
 P 163052 4519 322679 12917128
PT [1 0 156 -18 2]
 P 168824 4933 322719 12987406
PT [1 0 157 -18 2]
 P 171604 4933 322723 13059586
PT [1 0 158 -18 2]
 P 172432 4933 322726 13131766
PT [1 0 159 -18 2]
 P 174252 4933 322729 13203946
PT [1 0 160 -18 2]
 P 175432 4933 322733 13276126
PT [1 0 161 -18 2]
 P 177718 5005 322753 13350784
PT [1 0 162 -18 2]
 P 184724 5763 322813 13423029
PT [1 0 163 -18 2]
 P 190911 6178 322855 13492666
PT [1 0 164 -18 2]
 P 193966 6520 322874 13566940
PT [1 0 165 -18 2]
 P 198811 7204 322915 13637026
PT [1 0 166 -18 2]
 P 201674 7546 322934 13710340
PT [1 0 167 -18 2]
 P 205170 8034 326362 13783416
PT [1 0 168 -19 2]
 P 211424 8718 326403 13853566
PT [1 0 169 -19 2]
 P 213807 9061 326423 13927329
PT [1 0 170 -19 2]
 P 220254 9746 326466 13997926
PT [1 0 171 -19 2]
 P 221676 10088 326487 14072776
PT [1 0 172 -19 2]
 P 226777 10774 326530 14142286
PT [1 0 173 -19 2]
 P 228775 11116 326550 14215664
PT [1 0 174 -19 2]
 P 235093 11802 326593 14286646
PT [1 0 175 -19 2]
 P 237157 12145 326613 14360090
PT [1 0 176 -19 2]
 P 242388 12831 326654 14431006
PT [1 0 177 -19 2]
 P 244003 13174 326673 14506048
PT [1 0 178 -19 2]
 P 251010 14206 326729 14577268
PT [1 0 179 -20 2]
 P 257907 14892 326770 14647546
PT [1 0 180 -20 2]
 P 260961 15237 326789 14722204
PT [1 0 181 -20 2]
 P 264975 15923 326833 14791906
PT [1 0 182 -20 2]
 P 267837 16266 326853 14866628
PT [1 0 183 -20 2]
 P 273581 16952 326896 14936266
PT [1 0 184 -20 2]
 P 276219 17295 326916 15010540
PT [1 0 185 -20 2]
 P 283193 18324 326976 15081761
PT [1 0 186 -19 2]
 P 289066 19010 327017 15152806
PT [1 0 187 -20 2]
 P 291641 19353 327036 15226696
PT [1 0 188 -20 2]
 P 296416 19967 327070 15297166
PT [1 0 189 -20 2]
 P 298543 20310 327090 15370769
PT [1 0 190 -21 2]
Warning: data sending process fails.
 P 300265 20448 330607 15441526
PT [1 0 191 -21 2]
 P 303096 20791 330627 15516536
PT [1 0 192 -21 2]
 P 309320 21477 330670 15585886
PT [1 0 193 -21 2]
 P 310538 21477 330674 15658066
PT [1 0 194 -21 2]
 P 312205 21477 330677 15730246
PT [1 0 195 -21 2]
 P 313072 21477 330680 15802426
PT [1 0 196 -21 2]
 P 315359 21820 330700 15876733
PT [1 0 197 -21 2]
 P 320603 22578 334141 15947794
PT [1 0 198 -21 2]
Warning: data sending process fails.
 P 324774 23274 334314 16020196
PT [1 0 199 -21 2]
 P 325439 23418 337724 16091146
PT [1 0 200 -21 2]
 P 325439 23418 341114 16163326
PT [1 0 201 -21 2]
 P 325439 23418 344504 16235506
PT [1 0 202 -21 2]
 P 328227 23418 344507 16307686
PT [1 0 203 -21 2]
 P 329573 23418 344515 16379866
PT [1 0 204 -21 2]
EMPTY QUEUE
 P 329905 23418 347914 16453419
PT [1 0 205 -21 2]
 P 329905 23418 351304 16524226
PT [1 0 206 -21 2]
 P 329905 23418 354694 16596406
PT [1 0 207 -21 2]
 P 330838 23418 354697 16668586
PT [1 0 208 -21 2]
 P 332507 23418 354700 16740766
PT [1 0 209 -21 2]
EMPTY QUEUE
 P 335146 23418 354716 16813744
PT [1 0 210 -22 2]
 P 335146 23418 358106 16885126
PT [1 0 211 -22 2]
 P 335146 23418 361496 16957306
PT [1 0 212 -22 2]
 P 335146 23418 364886 17029486
PT [1 0 213 -22 2]
 P 337264 23418 364889 17101666
PT [1 0 214 -22 2]
EMPTY QUEUE
 P 340095 23418 364905 17175603
PT [1 0 215 -22 2]
 P 340095 23418 368295 17246026
PT [1 0 216 -22 2]
 P 340095 23418 371685 17318206
PT [1 0 217 -22 2]
 P 340095 23418 375075 17390386
PT [1 0 218 -22 2]
 P 342150 23418 375078 17462566
PT [1 0 219 -22 2]
EMPTY QUEUE
 P 344661 23418 375094 17536952
PT [1 0 220 -23 2]
 P 344661 23418 378484 17606926
PT [1 0 221 -23 2]
 P 344661 23418 381874 17679106
PT [1 0 222 -23 2]
 P 344661 23418 385264 17751286
PT [1 0 223 -23 2]
 P 346141 23418 385267 17823466
PT [1 0 224 -23 2]
EMPTY QUEUE
 P 347818 23418 385285 17897786
PT [1 0 225 -24 2]
 P 347818 23418 388675 17967826
PT [1 0 226 -24 2]
 P 347818 23418 392065 18040006
PT [1 0 227 -24 2]
 P 347818 23418 395455 18112186
PT [1 0 228 -24 2]
 P 350259 23418 395458 18184366
PT [1 0 229 -24 2]
EMPTY QUEUE
 P 352640 23418 395475 18258110
PT [1 0 230 -24 2]
 P 352640 23418 398865 18328726
PT [1 0 231 -24 2]
 P 352640 23418 402255 18400906
PT [1 0 232 -24 2]
 P 352640 23418 405645 18473086
PT [1 0 233 -24 2]
 P 353482 23418 405648 18545266
PT [1 0 234 -24 2]
EMPTY QUEUE
 P 356057 23418 405664 18619970
PT [1 0 235 -25 2]
 P 356057 23418 409054 18689626
PT [1 0 236 -25 2]
 P 356057 23418 412444 18761806
PT [1 0 237 -25 2]
 P 356057 23418 415834 18833986
PT [1 0 238 -25 2]
 P 358884 23418 415837 18906166
PT [1 0 239 -25 2]
EMPTY QUEUE
 P 361137 23418 415854 18979270
PT [1 0 240 -25 2]
 P 361137 23418 419244 19050526
PT [1 0 241 -25 2]
 P 361137 23418 422634 19122706
PT [1 0 242 -25 2]
 P 361137 23418 426024 19194886
PT [1 0 243 -25 2]
 P 363389 23418 426027 19267066
PT [1 0 244 -25 2]
EMPTY QUEUE
 P 364812 23418 426043 19340107
PT [1 0 245 -25 2]
 P 364812 23418 429433 19411426
PT [1 0 246 -25 2]
 P 364812 23418 432823 19483606
PT [1 0 247 -25 2]
 P 364812 23418 436213 19555786
PT [1 0 248 -25 2]
 P 365976 23418 436217 19627966
PT [1 0 249 -25 2]
EMPTY QUEUE
 P 368101 23418 436234 19702478
PT [1 0 250 -26 2]
 P 368101 23418 439624 19772326
PT [1 0 251 -26 2]
 P 368101 23418 443014 19844506
PT [1 0 252 -26 2]
 P 368101 23418 446404 19916686
PT [1 0 253 -26 2]
 P 369714 23418 446408 19988866
PT [1 0 254 -26 2]
EMPTY QUEUE
 P 372032 23418 446424 20062291
PT [1 0 255 -26 2]
 P 372032 23418 449814 20133226
PT [1 0 256 -26 2]
 P 372032 23418 453204 20205406
PT [1 0 257 -26 2]
 P 372032 23418 456594 20277586
PT [1 0 258 -26 2]
 P 373582 23418 456597 20349766
PT [1 0 259 -26 2]
EMPTY QUEUE
 P 375579 23418 456614 20423638
PT [1 0 260 -27 2]
 P 375579 23418 460004 20494126
PT [1 0 261 -27 2]
 P 375579 23418 463394 20566306
PT [1 0 262 -27 2]
 P 375579 23418 466784 20638486
PT [1 0 263 -27 2]
 P 376554 23418 466787 20710666
PT [1 0 264 -27 2]
EMPTY QUEUE
 P 376886 23418 470185 20784315
PT [1 0 265 -27 2]
 P 379192 23418 470193 20855026
PT [1 0 266 -27 2]
 P 379192 23418 473583 20927206
PT [1 0 267 -27 2]
 P 379192 23418 476973 20999386
PT [1 0 268 -27 2]
 P 381563 23418 476976 21071566
PT [1 0 269 -27 2]
EMPTY QUEUE
 P 381894 23418 480375 21146430
PT [1 0 270 -28 2]
 P 384392 23418 480383 21215926
PT [1 0 271 -28 2]
 P 384392 23418 483773 21288106
PT [1 0 272 -28 2]
 P 384392 23418 487163 21360286
PT [1 0 273 -28 2]
 P 386444 23418 487166 21432466
PT [1 0 274 -28 2]
EMPTY QUEUE
 P 386775 23418 490564 21505986
PT [1 0 275 -28 2]
 P 388953 23418 490572 21576826
PT [1 0 276 -28 2]
 P 388953 23418 493962 21649006
PT [1 0 277 -28 2]
 P 388953 23418 497352 21721186
PT [1 0 278 -28 2]
 P 390174 23418 497355 21793366
PT [1 0 279 -28 2]
EMPTY QUEUE
 P 390505 23418 500754 21867078
PT [1 0 280 -29 2]
 P 391851 23418 500762 21937726
PT [1 0 281 -29 2]
 P 391851 23418 504152 22009906
PT [1 0 282 -29 2]
 P 391851 23418 507542 22082086
PT [1 0 283 -29 2]
 P 393777 23418 507545 22154266
PT [1 0 284 -29 2]
EMPTY QUEUE
 P 394108 23418 510944 22227658
PT [1 0 285 -29 2]
 P 396158 23418 510952 22298626
PT [1 0 286 -29 2]
 P 396158 23418 514342 22370806
PT [1 0 287 -29 2]
 P 396158 23418 517732 22442986
PT [1 0 288 -29 2]
 P 398277 23418 517735 22515166
PT [1 0 289 -29 2]
EMPTY QUEUE
 P 398346 23418 523697 22592076
PT [1 0 290 -29 2]
EMPTY QUEUE
 P 400919 23418 523714 22660706
PT [1 0 291 -30 2]
 P 400919 23418 527104 22731706
PT [1 0 292 -30 2]
 P 400919 23418 530494 22803886
PT [1 0 293 -30 2]
 P 402719 23418 530497 22876066
PT [1 0 294 -30 2]
 P 402719 23418 533887 22948246
PT [1 0 295 -30 2]
EMPTY QUEUE
 P 404972 23418 533904 23021542
PT [1 0 296 -30 2]
 P 404972 23418 537294 23092606
PT [1 0 297 -30 2]
 P 404972 23418 540684 23164786
PT [1 0 298 -30 2]
 P 405941 23418 540687 23236966
PT [1 0 299 -30 2]
 P 405941 23418 544077 23309146
PT [1 0 300 -30 2]
EMPTY QUEUE
 P 407363 23418 544093 23383914
PT [1 0 301 -31 2]
 P 407363 23418 547483 23453506
PT [1 0 302 -31 2]
 P 407363 23418 550873 23525686
PT [1 0 303 -31 2]
 P 409037 23418 550876 23597866
PT [1 0 304 -31 2]
 P 409037 23418 554266 23670046
PT [1 0 305 -31 2]
EMPTY QUEUE
 P 411162 23418 554283 23743726
PT [1 0 306 -31 2]
 P 411162 23418 557673 23814406
PT [1 0 307 -31 2]
 P 411162 23418 561063 23886586
PT [1 0 308 -31 2]
 P 413028 23418 561067 23958766
PT [1 0 309 -31 2]
 P 413028 23418 564457 24030946
PT [1 0 310 -31 2]
EMPTY QUEUE
 P 415346 23418 564474 24105075
PT [1 0 311 -31 2]
 P 415346 23418 567864 24175306
PT [1 0 312 -31 2]
 P 415346 23418 571254 24247486
PT [1 0 313 -31 2]
 P 416893 23418 571258 24319666
PT [1 0 314 -31 2]
 P 416893 23418 574648 24391846
PT [1 0 315 -31 2]
EMPTY QUEUE
 P 418889 23418 574666 24465910
PT [1 0 316 -32 2]
 P 418889 23418 578056 24536206
PT [1 0 317 -32 2]
 P 418889 23418 581446 24608386
PT [1 0 318 -32 2]
 P 421653 23418 581450 24680566
PT [1 0 319 -32 2]
 P 421653 23418 584840 24752746
PT [1 0 320 -32 2]
EMPTY QUEUE
 P 424866 23418 584857 24826235
PT [1 0 321 -32 2]
 P 424866 23418 588247 24897106
PT [1 0 322 -32 2]
 P 424866 23418 591637 24969286
PT [1 0 323 -32 2]
 P 426287 23418 591640 25041466
PT [1 0 324 -32 2]
 P 426287 23418 595030 25113646
PT [1 0 325 -32 2]
EMPTY QUEUE
 P 428157 23418 595047 25188094
PT [1 0 326 -33 2]
 P 428157 23418 598437 25258006
PT [1 0 327 -33 2]
 P 428157 23418 601827 25330186
PT [1 0 328 -33 2]
 P 429771 23418 601830 25402366
PT [1 0 329 -33 2]
 P 429771 23418 605220 25474546
PT [1 0 330 -33 2]
EMPTY QUEUE
 P 431831 23418 605237 25547394
PT [1 0 331 -33 2]
 P 431831 23418 608627 25618906
PT [1 0 332 -33 2]
 P 431831 23418 612017 25691086
PT [1 0 333 -33 2]
 P 433126 23418 612020 25763266
PT [1 0 334 -33 2]
 P 433126 23418 615410 25835446
PT [1 0 335 -33 2]
EMPTY QUEUE
 P 434868 23418 615427 25910278
PT [1 0 336 -34 2]
 P 434868 23418 618817 25979806
PT [1 0 337 -34 2]
 P 434868 23418 622207 26051986
PT [1 0 338 -34 2]
 P 437380 23418 622210 26124166
PT [1 0 339 -34 2]
 P 437380 23418 625600 26196346
PT [1 0 340 -34 2]
EMPTY QUEUE
 P 440336 23418 625618 26270602
PT [1 0 341 -34 2]
 P 440336 23418 629008 26340706
PT [1 0 342 -34 2]
 P 440336 23418 632398 26412886
PT [1 0 343 -34 2]
 P 441505 23418 632401 26485066
PT [1 0 344 -34 2]
 P 441505 23418 635791 26557246
PT [1 0 345 -34 2]
EMPTY QUEUE
 P 443118 23418 635808 26630415
PT [1 0 346 -35 2]
 P 443118 23418 639198 26701606
PT [1 0 347 -35 2]
 P 443118 23418 642588 26773786
PT [1 0 348 -35 2]
 P 444480 23418 642591 26845966
PT [1 0 349 -35 2]
 P 444480 23418 645981 26918146
PT [1 0 350 -35 2]
EMPTY QUEUE
 P 446285 23418 645999 26991762
PT [1 0 351 -35 2]
 P 446285 23418 649389 27062506
PT [1 0 352 -35 2]
 P 446285 23418 652779 27134686
PT [1 0 353 -35 2]
 P 447329 23418 652782 27206866
PT [1 0 354 -35 2]
 P 447329 23418 656172 27279046
PT [1 0 355 -35 2]
EMPTY QUEUE
 P 448814 23418 656189 27352599
PT [1 0 356 -35 2]
 P 448814 23418 659579 27423406
PT [1 0 357 -35 2]
 P 448814 23418 662969 27495586
PT [1 0 358 -35 2]
 P 451074 23418 662972 27567766
PT [1 0 359 -35 2]
 P 451074 23418 666362 27639946
PT [1 0 360 -35 2]
EMPTY QUEUE
 P 453774 23418 666380 27712922
PT [1 0 361 -36 2]
 P 453774 23418 669770 27784306
PT [1 0 362 -36 2]
 P 453774 23418 673160 27856486
PT [1 0 363 -36 2]
 P 454692 23418 673163 27928666
PT [1 0 364 -36 2]
 P 454692 23418 676553 28000846
PT [1 0 365 -36 2]
EMPTY QUEUE
 P 456049 23418 676572 28074784
PT [1 0 366 -36 2]
 P 456049 23418 679962 28145206
PT [1 0 367 -36 2]
 P 456049 23418 683352 28217386
PT [1 0 368 -36 2]
 P 457158 23418 683356 28289566
PT [1 0 369 -36 2]
 P 457158 23418 686746 28361746
PT [1 0 370 -36 2]
EMPTY QUEUE
 P 458707 23418 686764 28436131
PT [1 0 371 -37 2]
 P 458707 23418 690154 28506106
PT [1 0 372 -37 2]
 P 458707 23418 693544 28578286
PT [1 0 373 -37 2]
 P 459497 23418 693548 28650466
PT [1 0 374 -37 2]
 P 459497 23418 696938 28722646
PT [1 0 375 -37 2]
EMPTY QUEUE
 P 460727 23418 696956 28796968
PT [1 0 376 -37 2]
 P 460727 23418 700346 28867006
PT [1 0 377 -37 2]
 P 460727 23418 703736 28939186
PT [1 0 378 -37 2]
 P 462734 23418 703739 29011366
PT [1 0 379 -37 2]
 P 462734 23418 707129 29083546
PT [1 0 380 -37 2]
EMPTY QUEUE
 P 465179 23418 707147 29157291
PT [1 0 381 -38 2]
 P 465179 23418 710537 29227906
PT [1 0 382 -38 2]
 P 465179 23418 713927 29300086
PT [1 0 383 -38 2]
 P 467891 23418 713930 29372266
PT [1 0 384 -38 2]
 P 467891 23418 717320 29444446
PT [1 0 385 -38 2]
EMPTY QUEUE
 P 470984 23418 717338 29517902
PT [1 0 386 -38 2]
 P 472937 23418 717347 29588806
PT [1 0 387 -38 2]
 P 472937 23418 720737 29660986
PT [1 0 388 -38 2]
 P 473794 23418 720740 29733166
PT [1 0 389 -38 2]
 P 473794 23418 724130 29805346
PT [1 0 390 -38 2]
EMPTY QUEUE
 P 474126 23418 727528 29878482
PT [1 0 391 -39 2]
 P 474126 23418 730918 29949706
PT [1 0 392 -39 2]
 P 476431 23418 730927 30021886
PT [1 0 393 -39 2]
 P 479017 23418 730930 30094066
PT [1 0 394 -39 2]
 P 479017 23418 734320 30166246
PT [1 0 395 -39 2]
EMPTY QUEUE
 P 479348 23418 737719 30240598
PT [1 0 396 -39 2]
 P 479348 23418 741109 30310606
PT [1 0 397 -39 2]
 P 481845 23418 741118 30382786
PT [1 0 398 -39 2]
 P 483600 23418 741121 30454966
PT [1 0 399 -39 2]
 P 483600 23418 744511 30527146
PT [1 0 400 -39 2]
EMPTY QUEUE
 P 483666 23418 747903 30599882
PT [1 0 401 -39 2]
EMPTY QUEUE
 P 483998 23418 751301 30672782
PT [1 0 402 -40 2]
 P 486175 23418 751310 30743686
PT [1 0 403 -40 2]
 P 488635 23418 751313 30815866
PT [1 0 404 -40 2]
 P 488635 23418 754703 30888046
PT [1 0 405 -40 2]
 P 488635 23418 758093 30960226
PT [1 0 406 -40 2]
EMPTY QUEUE
 P 488966 23418 761492 31033362
PT [1 0 407 -40 2]
 P 490311 23418 761501 31104586
PT [1 0 408 -40 2]
 P 491908 23418 761504 31176766
PT [1 0 409 -40 2]
 P 491908 23418 764894 31248946
PT [1 0 410 -40 2]
 P 491908 23418 768284 31321126
PT [1 0 411 -40 2]
EMPTY QUEUE
 P 492241 23418 771682 31395480
PT [1 0 412 -40 2]
 P 494290 23418 771691 31465486
PT [1 0 413 -40 2]
 P 496336 23418 771694 31537666
PT [1 0 414 -40 2]
 P 496336 23418 775084 31609846
PT [1 0 415 -40 2]
 P 496336 23418 778474 31682026
PT [1 0 416 -40 2]
EMPTY QUEUE
 P 496667 23418 781873 31755035
PT [1 0 417 -41 2]
 P 498908 23418 781882 31826386
PT [1 0 418 -41 2]
 P 500891 23418 781885 31898566
PT [1 0 419 -41 2]
 P 502010 23418 781888 31970746
PT [1 0 420 -41 2]
 P 502010 23418 785278 32042926
PT [1 0 421 -41 2]
EMPTY QUEUE
 P 502343 23418 788676 32116128
PT [1 0 422 -41 2]
 P 504264 23418 788685 32187286
PT [1 0 423 -41 2]
 P 504264 23418 792075 32259466
PT [1 0 424 -41 2]
 P 505064 23418 792078 32331646
PT [1 0 425 -41 2]
 P 505064 23418 795468 32403826
PT [1 0 426 -41 2]
EMPTY QUEUE
 P 505395 23418 798869 32476709
PT [1 0 427 -42 2]
 P 506484 23418 798878 32548186
PT [1 0 428 -42 2]
 P 506484 23418 802268 32620366
PT [1 0 429 -42 2]
 P 508501 23418 802271 32692546
PT [1 0 430 -42 2]
 P 508501 23418 805661 32764726
PT [1 0 431 -42 2]
EMPTY QUEUE
 P 508834 23418 809059 32838824
PT [1 0 432 -42 2]
 P 510627 23418 809069 32909086
PT [1 0 433 -42 2]
 P 510627 23418 812459 32981266
PT [1 0 434 -42 2]
 P 513349 23418 812462 33053446
PT [1 0 435 -42 2]
 P 513349 23418 815852 33125626
PT [1 0 436 -42 2]
EMPTY QUEUE
 P 513682 23418 819250 33200427
PT [1 0 437 -42 2]
 P 515667 23418 819259 33269986
PT [1 0 438 -42 2]
 P 515667 23418 822649 33342166
PT [1 0 439 -42 2]
 P 516534 23418 822652 33414346
PT [1 0 440 -42 2]
 P 516534 23418 826042 33486526
PT [1 0 441 -42 2]
EMPTY QUEUE
 P 516865 23418 829441 33559470
PT [1 0 442 -43 2]
 P 518531 23418 829450 33630886
PT [1 0 443 -43 2]
 P 518531 23418 832840 33703066
PT [1 0 444 -43 2]
 P 521126 23418 832844 33775246
PT [1 0 445 -43 2]
 P 521126 23418 836234 33847426
PT [1 0 446 -43 2]
EMPTY QUEUE
 P 521459 23418 839632 33922100
PT [1 0 447 -42 2]
 P 524340 23418 839640 33991786
PT [1 0 448 -42 2]
 P 524340 23418 843030 34063966
PT [1 0 449 -42 2]
 P 526104 23418 843034 34136146
PT [1 0 450 -42 2]
 P 526104 23418 846424 34208326
PT [1 0 451 -42 2]
EMPTY QUEUE
 P 526435 23418 849823 34282166
PT [1 0 452 -44 2]
 P 527973 23418 849832 34352686
PT [1 0 453 -44 2]
 P 527973 23418 853222 34424866
PT [1 0 454 -44 2]
 P 530442 23418 853225 34497046
PT [1 0 455 -44 2]
 P 530442 23418 856615 34569226
PT [1 0 456 -44 2]
EMPTY QUEUE
 P 530774 23418 860013 34643771
PT [1 0 457 -44 2]
 P 532503 23418 860021 34713586
PT [1 0 458 -44 2]
 P 532503 23418 863411 34785766
PT [1 0 459 -44 2]
 P 535165 23418 863414 34857946
PT [1 0 460 -44 2]
 P 535165 23418 866804 34930126
PT [1 0 461 -44 2]
EMPTY QUEUE
 P 535496 23418 870203 35004862
PT [1 0 462 -45 2]
 P 537449 23418 870211 35074486
PT [1 0 463 -45 2]
 P 537449 23418 873601 35146666
PT [1 0 464 -45 2]
 P 539792 23418 873604 35218846
PT [1 0 465 -45 2]
 P 539792 23418 876994 35291026
PT [1 0 466 -45 2]
EMPTY QUEUE
 P 540124 23418 880392 35365443
PT [1 0 467 -45 2]
 P 542525 23418 880400 35435386
PT [1 0 468 -45 2]
 P 542525 23418 883790 35507566
PT [1 0 469 -45 2]
 P 544037 23418 883793 35579746
PT [1 0 470 -45 2]
 P 544037 23418 887183 35651926
PT [1 0 471 -45 2]
EMPTY QUEUE
 P 544368 23418 890582 35725510
PT [1 0 472 -46 2]
 P 546705 23418 890590 35796286
PT [1 0 473 -46 2]
 P 546705 23418 893980 35868466
PT [1 0 474 -46 2]
 P 548922 23418 893983 35940646
PT [1 0 475 -46 2]
 P 548922 23418 897373 36012826
PT [1 0 476 -46 2]
EMPTY QUEUE
 P 549254 23418 900771 36087115
PT [1 0 477 -46 2]
 P 551015 23418 900779 36157186
PT [1 0 478 -46 2]
 P 551015 23418 904169 36229366
PT [1 0 479 -46 2]
 P 553425 23418 904172 36301546
PT [1 0 480 -46 2]
 P 553425 23418 907562 36373726
PT [1 0 481 -46 2]
EMPTY QUEUE
 P 553756 23418 910961 36448206
PT [1 0 482 -47 2]
 P 556477 23418 910969 36518086
PT [1 0 483 -47 2]
 P 556477 23418 914359 36590266
PT [1 0 484 -47 2]
 P 558568 23418 914362 36662446
PT [1 0 485 -47 2]
 P 558568 23418 917752 36734626
PT [1 0 486 -47 2]
EMPTY QUEUE
 P 558899 23418 921151 36808786
PT [1 0 487 -47 2]
 P 560020 23418 921159 36878986
PT [1 0 488 -47 2]
 P 560020 23418 924549 36951166
PT [1 0 489 -47 2]
 P 561280 23418 924552 37023346
PT [1 0 490 -47 2]
 P 561280 23418 927942 37095526
PT [1 0 491 -47 2]
EMPTY QUEUE
 P 561612 23418 931340 37168854
PT [1 0 492 -48 2]
 P 562669 23418 931348 37239886
PT [1 0 493 -48 2]
 P 562669 23418 934738 37312066
PT [1 0 494 -48 2]
 P 564635 23418 934741 37384246
PT [1 0 495 -48 2]
 P 566248 23418 934744 37456426
PT [1 0 496 -48 2]
EMPTY QUEUE
 P 566579 23418 938143 37530458
PT [1 0 497 -48 2]
 P 569108 23418 938151 37600786
PT [1 0 498 -48 2]
 P 569108 23418 941541 37672966
PT [1 0 499 -48 2]
 P 569108 23418 944931 37745146
PT [1 0 500 -48 2]
 P 571170 23418 944934 37817326
PT [1 0 501 -48 2]
EMPTY QUEUE
 P 571502 23418 948332 37891550
PT [1 0 502 -49 2]
 P 572943 23418 948340 37961686
PT [1 0 503 -49 2]
 P 572943 23418 951730 38033866
PT [1 0 504 -49 2]
 P 572943 23418 955120 38106046
PT [1 0 505 -49 2]
 P 574942 23418 955123 38178226
PT [1 0 506 -49 2]
EMPTY QUEUE
 P 575273 23418 958522 38252130
PT [1 0 507 -49 2]
 P 577162 23418 958530 38322586
PT [1 0 508 -49 2]
 P 577162 23418 961920 38394766
PT [1 0 509 -49 2]
 P 577162 23418 965310 38466946
PT [1 0 510 -49 2]
 P 578586 23418 965313 38539126
PT [1 0 511 -49 2]
EMPTY QUEUE
 P 578918 23418 968711 38612199
PT [1 0 512 -49 2]
 P 580743 23418 968719 38683486
PT [1 0 513 -49 2]
 P 580743 23418 972109 38755666
PT [1 0 514 -49 2]
 P 580743 23418 975499 38827846
PT [1 0 515 -49 2]
 P 583127 23418 975503 38900026
PT [1 0 516 -49 2]
EMPTY QUEUE
 P 583458 23418 978902 38973802
PT [1 0 517 -50 2]
 P 584707 23418 978910 39044386
PT [1 0 518 -50 2]
 P 584707 23418 982300 39116566
PT [1 0 519 -50 2]
 P 584707 23418 985690 39188746
PT [1 0 520 -50 2]
 P 585492 23418 985694 39260926
PT [1 0 521 -50 2]
EMPTY QUEUE
 P 585824 23418 989092 39334895
PT [1 0 522 -50 2]
 P 588033 23418 989100 39405286
PT [1 0 523 -50 2]
 P 588033 23418 992490 39477466
PT [1 0 524 -50 2]
 P 588033 23418 995880 39549646
PT [1 0 525 -50 2]
 P 590803 23418 995883 39621826
PT [1 0 526 -50 2]
EMPTY QUEUE
 P 591134 23418 999282 39695474
PT [1 0 527 -51 2]
 P 593791 23418 999290 39766186
PT [1 0 528 -51 2]
 P 593791 23418 1002680 39838366
PT [1 0 529 -51 2]
 P 593791 23418 1006070 39910546
PT [1 0 530 -51 2]
 P 595986 23418 1006073 39982726
PT [1 0 531 -51 2]
EMPTY QUEUE
 P 596318 23418 1009471 40057591
PT [1 0 532 -51 2]
 P 598911 23418 1009479 40127086
PT [1 0 533 -51 2]
 P 598911 23418 1012869 40199266
PT [1 0 534 -51 2]
 P 598911 23418 1016259 40271446
PT [1 0 535 -51 2]
 P 599910 23418 1016262 40343626
PT [1 0 536 -51 2]
EMPTY QUEUE
 P 600241 23418 1019661 40417146
PT [1 0 537 -52 2]
 P 602258 23418 1019669 40487986
PT [1 0 538 -52 2]
 P 602258 23418 1023059 40560166
PT [1 0 539 -52 2]
 P 602258 23418 1026449 40632346
PT [1 0 540 -52 2]
 P 604506 23418 1026452 40704526
PT [1 0 541 -52 2]
EMPTY QUEUE
 P 604837 23418 1029851 40778238
PT [1 0 542 -52 2]
 P 605766 23418 1029859 40848886
PT [1 0 543 -52 2]
 P 605766 23418 1033249 40921066
PT [1 0 544 -52 2]
 P 605766 23418 1036639 40993246
PT [1 0 545 -52 2]
 P 607183 23418 1036642 41065426
PT [1 0 546 -52 2]
EMPTY QUEUE
 P 607515 23418 1040040 41138818
PT [1 0 547 -53 2]
 P 608892 23418 1040048 41209786
PT [1 0 548 -53 2]
 P 608892 23418 1043438 41281966
PT [1 0 549 -53 2]
 P 608892 23418 1046828 41354146
PT [1 0 550 -53 2]
 P 611014 23418 1046832 41426326
PT [1 0 551 -53 2]
EMPTY QUEUE
 P 611345 23418 1050231 41500934
PT [1 0 552 -53 2]
 P 612658 23418 1050239 41570686
PT [1 0 553 -53 2]
 P 612658 23418 1053629 41642866
PT [1 0 554 -53 2]
 P 612658 23418 1057019 41715046
PT [1 0 555 -53 2]
 P 614973 23418 1057022 41787226
PT [1 0 556 -53 2]
EMPTY QUEUE
 P 615306 23418 1060420 41860492
PT [1 0 557 -53 2]
 P 618092 23418 1060428 41931586
PT [1 0 558 -53 2]
 P 618092 23418 1063818 42003766
PT [1 0 559 -53 2]
 P 618092 23418 1067208 42075946
PT [1 0 560 -53 2]
 P 620089 23418 1067211 42148126
PT [1 0 561 -53 2]
EMPTY QUEUE
 P 620420 23418 1070610 42221582
PT [1 0 562 -54 2]
 P 622117 23418 1070618 42292486
PT [1 0 563 -54 2]
 P 622117 23418 1074008 42364666
PT [1 0 564 -54 2]
 P 622117 23418 1077398 42436846
PT [1 0 565 -54 2]
 P 623282 23418 1077401 42509026
PT [1 0 566 -54 2]
EMPTY QUEUE
 P 623615 23418 1080799 42582164
PT [1 0 567 -54 2]
 P 625761 23418 1080807 42653386
PT [1 0 568 -54 2]
 P 625761 23418 1084197 42725566
PT [1 0 569 -54 2]
 P 625761 23418 1087587 42797746
PT [1 0 570 -54 2]
 P 627631 23418 1087590 42869926
PT [1 0 571 -54 2]
EMPTY QUEUE
 P 627962 23418 1090989 42944278
PT [1 0 572 -55 2]
 P 630043 23418 1090997 43014286
PT [1 0 573 -55 2]
 P 630043 23418 1094387 43086466
PT [1 0 574 -55 2]
 P 630043 23418 1097777 43158646
PT [1 0 575 -55 2]
 P 632105 23418 1097781 43230826
PT [1 0 576 -55 2]
EMPTY QUEUE
 P 632438 23418 1101179 43303836
PT [1 0 577 -55 2]
 P 633943 23418 1101187 43375186
PT [1 0 578 -55 2]
 P 633943 23418 1104577 43447366
PT [1 0 579 -55 2]
 P 633943 23418 1107967 43519546
PT [1 0 580 -55 2]
 P 635686 23418 1107971 43591726
PT [1 0 581 -55 2]
EMPTY QUEUE
 P 635755 23418 1113933 43667228
PT [1 0 582 -55 2]
EMPTY QUEUE
 P 638289 23418 1116513 43739568
PT [1 0 583 -55 2]
EMPTY QUEUE
 P 638620 23418 1119912 43809542
PT [1 0 584 -56 2]
 P 638620 23418 1123302 43880446
PT [1 0 585 -56 2]
 P 639532 23418 1123305 43952626
PT [1 0 586 -56 2]
 P 641052 23418 1123309 44024806
PT [1 0 587 -56 2]
 P 641917 23418 1123317 44096986
PT [1 0 588 -56 2]
EMPTY QUEUE
 P 642250 23418 1126715 44170124
PT [1 0 589 -56 2]
 P 642250 23418 1130105 44241346
PT [1 0 590 -56 2]
 P 642250 23418 1133495 44313526
PT [1 0 591 -56 2]
 P 644219 23418 1133499 44385706
PT [1 0 592 -56 2]
 P 647068 23418 1133507 44457886
PT [1 0 593 -56 2]
EMPTY QUEUE
 P 647399 23418 1136906 44532238
PT [1 0 594 -57 2]
 P 647399 23418 1140296 44602246
PT [1 0 595 -57 2]
 P 647399 23418 1143686 44674426
PT [1 0 596 -57 2]
 P 649305 23418 1143691 44746606
PT [1 0 597 -57 2]
 P 651578 23418 1143699 44818786
PT [1 0 598 -57 2]
EMPTY QUEUE
 P 651911 23418 1147097 44891796
PT [1 0 599 -57 2]
 P 651911 23418 1150487 44963146
PT [1 0 600 -57 2]
 P 651911 23418 1153877 45035326
PT [1 0 601 -57 2]
 P 653242 23418 1153880 45107506
PT [1 0 602 -57 2]
 P 654427 23418 1153888 45179686
PT [1 0 603 -57 2]
EMPTY QUEUE
 P 654496 23418 1159850 45255188
PT [1 0 604 -57 2]
EMPTY QUEUE
 P 654827 23418 1163249 45325322
PT [1 0 605 -58 2]
 P 654827 23418 1166639 45396226
PT [1 0 606 -58 2]
 P 657120 23418 1166642 45468406
PT [1 0 607 -58 2]
 P 658753 23418 1166650 45540586
PT [1 0 608 -58 2]
 P 658753 23418 1170040 45612766
PT [1 0 609 -58 2]
EMPTY QUEUE
 P 659086 23418 1173438 45685904
PT [1 0 610 -58 2]
 P 659086 23418 1176828 45757126
PT [1 0 611 -58 2]
 P 659779 23418 1176831 45829306
PT [1 0 612 -58 2]
 P 661348 23418 1176839 45901486
PT [1 0 613 -58 2]
 P 661348 23418 1180229 45973666
PT [1 0 614 -58 2]
EMPTY QUEUE
 P 661679 23418 1183628 46048018
PT [1 0 615 -59 2]
 P 661679 23418 1187018 46118026
PT [1 0 616 -59 2]
 P 664357 23418 1187021 46190206
PT [1 0 617 -59 2]
 P 665350 23418 1187029 46262386
PT [1 0 618 -59 2]
 P 665350 23418 1190419 46334566
PT [1 0 619 -59 2]
EMPTY QUEUE
 P 665683 23418 1193818 46407576
PT [1 0 620 -59 2]
 P 665683 23418 1197208 46478926
PT [1 0 621 -59 2]
 P 667786 23418 1197211 46551106
PT [1 0 622 -59 2]
 P 670091 23418 1197219 46623286
PT [1 0 623 -59 2]
 P 670091 23418 1200609 46695466
PT [1 0 624 -59 2]
EMPTY QUEUE
 P 670423 23418 1204007 46768668
PT [1 0 625 -60 2]
 P 670423 23418 1207397 46839826
PT [1 0 626 -60 2]
 P 671439 23418 1207400 46912006
PT [1 0 627 -60 2]
 P 673936 23418 1207408 46984186
PT [1 0 628 -60 2]
 P 673936 23418 1210798 47056366
PT [1 0 629 -60 2]
EMPTY QUEUE
 P 674267 23418 1214197 47129246
PT [1 0 630 -60 2]
 P 674267 23418 1217587 47200726
PT [1 0 631 -60 2]
 P 675732 23418 1217590 47272906
PT [1 0 632 -60 2]
 P 677909 23418 1217598 47345086
PT [1 0 633 -60 2]
 P 677909 23418 1220988 47417266
PT [1 0 634 -60 2]
EMPTY QUEUE
 P 678241 23418 1224387 47491364
PT [1 0 635 -60 2]
 P 678241 23418 1227777 47561626
PT [1 0 636 -60 2]
 P 679643 23418 1227780 47633806
PT [1 0 637 -60 2]
 P 680988 23418 1227788 47705986
PT [1 0 638 -60 2]
 P 680988 23418 1231178 47778166
PT [1 0 639 -60 2]
EMPTY QUEUE
 P 681319 23418 1234577 47852966
PT [1 0 640 -61 2]
 P 681319 23418 1237967 47922526
PT [1 0 641 -61 2]
 P 682146 23418 1237970 47994706
PT [1 0 642 -61 2]
 P 684195 23418 1237978 48066886
PT [1 0 643 -61 2]
 P 684195 23418 1241368 48139066
PT [1 0 644 -61 2]
EMPTY QUEUE
 P 684528 23418 1244766 48212012
PT [1 0 645 -60 2]
 P 684528 23418 1248156 48283426
PT [1 0 646 -60 2]
 P 686315 23418 1248160 48355606
PT [1 0 647 -60 2]
 P 688556 23418 1248168 48427786
PT [1 0 648 -60 2]
 P 688556 23418 1251558 48499966
PT [1 0 649 -60 2]
EMPTY QUEUE
 P 688887 23418 1254957 48574638
PT [1 0 650 -62 2]
 P 688887 23418 1258347 48644326
PT [1 0 651 -62 2]
 P 691123 23418 1258351 48716506
PT [1 0 652 -62 2]
 P 693075 23418 1258360 48788686
PT [1 0 653 -62 2]
 P 693075 23418 1261750 48860866
PT [1 0 654 -62 2]
EMPTY QUEUE
 P 693408 23418 1265149 48934708
PT [1 0 655 -61 2]
 P 693408 23418 1268539 49005226
PT [1 0 656 -61 2]
 P 695581 23418 1268542 49077406
PT [1 0 657 -61 2]
 P 697981 23418 1268551 49149586
PT [1 0 658 -61 2]
 P 697981 23418 1271941 49221766
PT [1 0 659 -61 2]
EMPTY QUEUE
 P 698312 23418 1275340 49296310
PT [1 0 660 -63 2]
 P 698312 23418 1278730 49366126
PT [1 0 661 -63 2]
 P 699910 23418 1278733 49438306
PT [1 0 662 -63 2]
 P 701862 23418 1278742 49510486
PT [1 0 663 -63 2]
 P 701862 23418 1282132 49582666
PT [1 0 664 -63 2]
EMPTY QUEUE
 P 702193 23418 1285530 49657402
PT [1 0 665 -63 2]
 P 702193 23418 1288920 49727026
PT [1 0 666 -63 2]
 P 704752 23418 1288923 49799206
PT [1 0 667 -63 2]
 P 706287 23418 1288927 49871386
PT [1 0 668 -63 2]
 P 708591 23418 1288936 49943566
PT [1 0 669 -63 2]
EMPTY QUEUE
 P 708923 23418 1292334 50017982
PT [1 0 670 -64 2]
 P 708923 23418 1295724 50087926
PT [1 0 671 -64 2]
 P 708923 23418 1299114 50160106
PT [1 0 672 -64 2]
 P 710907 23418 1299117 50232286
PT [1 0 673 -64 2]
 P 713403 23418 1299126 50304466
PT [1 0 674 -64 2]
EMPTY QUEUE
 P 713734 23418 1302525 50378050
PT [1 0 675 -64 2]
 P 713734 23418 1305915 50448826
PT [1 0 676 -64 2]
 P 713734 23418 1309305 50521006
PT [1 0 677 -64 2]
 P 715655 23418 1309308 50593186
PT [1 0 678 -64 2]
 P 717831 23418 1309317 50665366
PT [1 0 679 -64 2]
EMPTY QUEUE
 P 718163 23418 1312715 50739654
PT [1 0 680 -65 2]
 P 718163 23418 1316105 50809726
PT [1 0 681 -65 2]
 P 718163 23418 1319495 50881906
PT [1 0 682 -65 2]
 P 719509 23418 1319498 50954086
PT [1 0 683 -65 2]
 P 720853 23418 1319507 51026266
PT [1 0 684 -65 2]
EMPTY QUEUE
 P 721184 23418 1322906 51100746
PT [1 0 685 -65 2]
 P 721184 23418 1326296 51170626
PT [1 0 686 -65 2]
 P 721184 23418 1329686 51242806
PT [1 0 687 -65 2]
 P 723491 23418 1329689 51314986
PT [1 0 688 -65 2]
 P 725539 23418 1329699 51387166
PT [1 0 689 -65 2]
EMPTY QUEUE
 P 725871 23418 1333097 51461327
PT [1 0 690 -65 2]
 P 725871 23418 1336487 51531526
PT [1 0 691 -65 2]
 P 725871 23418 1339877 51603706
PT [1 0 692 -65 2]
 P 726579 23418 1339880 51675886
PT [1 0 693 -65 2]
 P 728819 23418 1339889 51748066
PT [1 0 694 -65 2]
EMPTY QUEUE
 P 729150 23418 1343288 51821394
PT [1 0 695 -66 2]
 P 729150 23418 1346678 51892426
PT [1 0 696 -66 2]
 P 729150 23418 1350068 51964606
PT [1 0 697 -66 2]
 P 729150 23418 1353458 52036786
PT [1 0 698 -66 2]
 P 730691 23418 1353461 52108966
PT [1 0 699 -66 2]
EMPTY QUEUE
 P 733327 23418 1353478 52182999
PT [1 0 700 -66 2]
 P 733327 23418 1356868 52253326
PT [1 0 701 -66 2]
 P 733327 23418 1360258 52325506
PT [1 0 702 -66 2]
 P 733327 23418 1363648 52397686
PT [1 0 703 -66 2]
 P 735317 23418 1363651 52469866
PT [1 0 704 -66 2]
EMPTY QUEUE
 P 738144 23418 1363670 52544090
PT [1 0 705 -67 2]
 P 738144 23418 1367060 52614226
PT [1 0 706 -67 2]
 P 738144 23418 1370450 52686406
PT [1 0 707 -67 2]
 P 738144 23418 1373840 52758586
PT [1 0 708 -67 2]
 P 740071 23418 1373843 52830766
PT [1 0 709 -67 2]
EMPTY QUEUE
 P 742579 23418 1373860 52904671
PT [1 0 710 -67 2]
 P 742579 23418 1377250 52975126
PT [1 0 711 -67 2]
 P 742579 23418 1380640 53047306
PT [1 0 712 -67 2]
 P 742579 23418 1384030 53119486
PT [1 0 713 -67 2]
 P 743931 23418 1384033 53191666
PT [1 0 714 -67 2]
EMPTY QUEUE
 P 745608 23418 1384050 53264738
PT [1 0 715 -68 2]
 P 745608 23418 1387440 53336026
PT [1 0 716 -68 2]
 P 745608 23418 1390830 53408206
PT [1 0 717 -68 2]
 P 745608 23418 1394220 53480386
PT [1 0 718 -68 2]
 P 747921 23418 1394223 53552566
PT [1 0 719 -68 2]
EMPTY QUEUE
 P 750300 23418 1394241 53626342
PT [1 0 720 -68 2]
 P 750300 23418 1397631 53696926
PT [1 0 721 -68 2]
 P 750300 23418 1401021 53769106
PT [1 0 722 -68 2]
 P 750300 23418 1404411 53841286
PT [1 0 723 -68 2]
 P 751014 23418 1404414 53913466
PT [1 0 724 -68 2]
EMPTY QUEUE
 P 753587 23418 1404431 53987434
PT [1 0 725 -69 2]
 P 753587 23418 1407821 54057826
PT [1 0 726 -69 2]
 P 753587 23418 1411211 54130006
PT [1 0 727 -69 2]
 P 753587 23418 1414601 54202186
PT [1 0 728 -69 2]
 P 756285 23418 1414605 54274366
PT [1 0 729 -69 2]
EMPTY QUEUE
 P 758536 23418 1414623 54348014
PT [1 0 730 -69 2]
 P 758536 23418 1418013 54418726
PT [1 0 731 -69 2]
 P 758536 23418 1421403 54490906
PT [1 0 732 -69 2]
 P 758536 23418 1424793 54563086
PT [1 0 733 -69 2]
 P 760659 23418 1424797 54635266
PT [1 0 734 -69 2]
EMPTY QUEUE
 P 762079 23418 1424814 54710131
PT [1 0 735 -69 2]
 P 762079 23418 1428204 54779626
PT [1 0 736 -69 2]
 P 762079 23418 1431594 54851806
PT [1 0 737 -69 2]
 P 762079 23418 1434984 54923986
PT [1 0 738 -69 2]
 P 763115 23418 1434988 54996166
PT [1 0 739 -69 2]
EMPTY QUEUE
 P 765238 23418 1435006 55069686
PT [1 0 740 -70 2]
 P 765238 23418 1438396 55140526
PT [1 0 741 -70 2]
 P 765238 23418 1441786 55212706
PT [1 0 742 -70 2]
 P 765238 23418 1445176 55284886
PT [1 0 743 -70 2]
 P 766723 23418 1445179 55357066
PT [1 0 744 -70 2]
EMPTY QUEUE
 P 769040 23418 1445196 55430780
PT [1 0 745 -70 2]
 P 769040 23418 1448586 55501426
PT [1 0 746 -70 2]
 P 769040 23418 1451976 55573606
PT [1 0 747 -70 2]
 P 769040 23418 1455366 55645786
PT [1 0 748 -70 2]
 P 770462 23418 1455369 55717966
PT [1 0 749 -70 2]
EMPTY QUEUE
 P 772457 23418 1455387 55791358
PT [1 0 750 -71 2]
 P 772457 23418 1458777 55862326
PT [1 0 751 -71 2]
 P 772457 23418 1462167 55934506
PT [1 0 752 -71 2]
 P 772457 23418 1465557 56006686
PT [1 0 753 -71 2]
 P 773304 23418 1465560 56078866
PT [1 0 754 -71 2]
EMPTY QUEUE
 P 776517 23418 1465577 56153476
PT [1 0 755 -71 2]
 P 776517 23418 1468967 56223226
PT [1 0 756 -71 2]
 P 776517 23418 1472357 56295406
PT [1 0 757 -71 2]
 P 776517 23418 1475747 56367586
PT [1 0 758 -71 2]
 P 778326 23418 1475750 56439766
PT [1 0 759 -71 2]
EMPTY QUEUE
 P 780193 23418 1475768 56513030
PT [1 0 760 -72 2]
 P 780193 23418 1479158 56584126
PT [1 0 761 -72 2]
 P 780193 23418 1482548 56656306
PT [1 0 762 -72 2]
 P 780193 23418 1485938 56728486
PT [1 0 763 -72 2]
 P 782450 23418 1485941 56800666
PT [1 0 764 -72 2]
EMPTY QUEUE
 P 784510 23418 1485958 56874123
PT [1 0 765 -72 2]
 P 784510 23418 1489348 56945026
PT [1 0 766 -72 2]
 P 784510 23418 1492738 57017206
PT [1 0 767 -72 2]
 P 784510 23418 1496128 57089386
PT [1 0 768 -72 2]
 P 786704 23418 1496131 57161566
PT [1 0 769 -72 2]
EMPTY QUEUE
 P 788444 23418 1496147 57234702
PT [1 0 770 -73 2]
 P 788444 23418 1499537 57305926
PT [1 0 771 -73 2]
 P 788444 23418 1502927 57378106
PT [1 0 772 -73 2]
 P 788444 23418 1506317 57450286
PT [1 0 773 -73 2]
 P 790063 23418 1506320 57522466
PT [1 0 774 -73 2]
EMPTY QUEUE
 P 793018 23418 1506337 57595922
PT [1 0 775 -73 2]
 P 794970 23418 1506345 57666826
PT [1 0 776 -73 2]
 P 794970 23418 1509735 57739006
PT [1 0 777 -73 2]
 P 794970 23418 1513125 57811186
PT [1 0 778 -73 2]
 P 797550 23418 1513128 57883366
PT [1 0 779 -73 2]
EMPTY QUEUE
 P 797882 23418 1516526 57956503
PT [1 0 780 -74 2]
 P 800283 23418 1516535 58027726
PT [1 0 781 -74 2]
 P 800283 23418 1519925 58099906
PT [1 0 782 -74 2]
 P 800283 23418 1523315 58172086
PT [1 0 783 -74 2]
 P 801264 23418 1523318 58244266
PT [1 0 784 -74 2]
EMPTY QUEUE
 P 801595 23418 1526717 58318619
PT [1 0 785 -74 2]
 P 803931 23418 1526725 58388626
PT [1 0 786 -74 2]
 P 803931 23418 1530115 58460806
PT [1 0 787 -74 2]
 P 803931 23418 1533505 58532986
PT [1 0 788 -74 2]
 P 804848 23418 1533509 58605166
PT [1 0 789 -74 2]
EMPTY QUEUE
 P 805180 23418 1536907 58678175
PT [1 0 790 -74 2]
 P 806940 23418 1536915 58749526
PT [1 0 791 -74 2]
 P 806940 23418 1540305 58821706
PT [1 0 792 -74 2]
 P 806940 23418 1543695 58893886
PT [1 0 793 -74 2]
 P 809330 23418 1543699 58966066
PT [1 0 794 -74 2]
EMPTY QUEUE
 P 809341 23418 1547091 59038940
PT [1 0 795 -74 2]
EMPTY QUEUE
 P 812392 23418 1547108 59111606
PT [1 0 796 -75 2]
 P 812392 23418 1550498 59182606
PT [1 0 797 -75 2]
 P 812392 23418 1553888 59254786
PT [1 0 798 -75 2]
 P 813695 23418 1553892 59326966
PT [1 0 799 -75 2]
 P 813695 23418 1557282 59399146
PT [1 0 800 -75 2]
EMPTY QUEUE
 P 815147 23418 1557298 59472443
PT [1 0 801 -75 2]
 P 815147 23418 1560688 59543506
PT [1 0 802 -75 2]
 P 815147 23418 1564078 59615686
PT [1 0 803 -75 2]
 P 816566 23418 1564081 59687866
PT [1 0 804 -75 2]
 P 816566 23418 1567471 59760046
PT [1 0 805 -75 2]
EMPTY QUEUE
 P 817953 23418 1567488 59834814
PT [1 0 806 -76 2]
 P 817953 23418 1570878 59904406
PT [1 0 807 -76 2]
 P 817953 23418 1574268 59976586
PT [1 0 808 -76 2]
 P 820589 23418 1574271 60048766
PT [1 0 809 -76 2]
 P 820589 23418 1577661 60120946
PT [1 0 810 -76 2]
EMPTY QUEUE
 P 823449 23418 1577677 60194627
PT [1 0 811 -76 2]
 P 823449 23418 1581067 60265306
PT [1 0 812 -76 2]
 P 823449 23418 1584457 60337486
PT [1 0 813 -76 2]
 P 824742 23418 1584460 60409666
PT [1 0 814 -76 2]
 P 824742 23418 1587850 60481846
PT [1 0 815 -76 2]
EMPTY QUEUE
 P 826513 23418 1587867 60555974
PT [1 0 816 -77 2]
 P 826513 23418 1591257 60626206
PT [1 0 817 -77 2]
 P 826513 23418 1594647 60698386
PT [1 0 818 -77 2]
 P 827999 23418 1594650 60770566
PT [1 0 819 -77 2]
 P 827999 23418 1598040 60842746
PT [1 0 820 -77 2]
EMPTY QUEUE
 P 830219 23418 1598056 60916811
PT [1 0 821 -77 2]
 P 830219 23418 1601446 60987106
PT [1 0 822 -77 2]
 P 830219 23418 1604836 61059286
PT [1 0 823 -77 2]
 P 831386 23418 1604839 61131466
PT [1 0 824 -77 2]
 P 831386 23418 1608229 61203646
PT [1 0 825 -77 2]
EMPTY QUEUE
 P 833542 23418 1608245 61277134
PT [1 0 826 -78 2]
 P 833542 23418 1611635 61348006
PT [1 0 827 -78 2]
 P 833542 23418 1615025 61420186
PT [1 0 828 -78 2]
 P 835926 23418 1615029 61492366
PT [1 0 829 -78 2]
 P 835926 23418 1618419 61564546
PT [1 0 830 -78 2]
EMPTY QUEUE
 P 837505 23418 1618436 61638994
PT [1 0 831 -78 2]
 P 837505 23418 1621826 61708906
PT [1 0 832 -78 2]
 P 837505 23418 1625216 61781086
PT [1 0 833 -78 2]
 P 838546 23418 1625219 61853266
PT [1 0 834 -78 2]
 P 838546 23418 1628609 61925446
PT [1 0 835 -78 2]
EMPTY QUEUE
 P 841086 23418 1628625 61998294
PT [1 0 836 -79 2]
 P 841086 23418 1632015 62069806
PT [1 0 837 -79 2]
 P 841086 23418 1635405 62141986
PT [1 0 838 -79 2]
 P 842321 23418 1635408 62214166
PT [1 0 839 -79 2]
 P 842321 23418 1638798 62286346
PT [1 0 840 -79 2]
EMPTY QUEUE
 P 845308 23418 1638815 62361178
PT [1 0 841 -79 2]
 P 845308 23418 1642205 62430706
PT [1 0 842 -79 2]
 P 845308 23418 1645595 62502886
PT [1 0 843 -79 2]
 P 846223 23418 1645598 62575066
PT [1 0 844 -79 2]
 P 846223 23418 1648988 62647246
PT [1 0 845 -79 2]
EMPTY QUEUE
 P 849147 23418 1649004 62721503
PT [1 0 846 -79 2]
 P 849147 23418 1652394 62791606
PT [1 0 847 -79 2]
 P 849147 23418 1655784 62863786
PT [1 0 848 -79 2]
 P 851278 23418 1655788 62935966
PT [1 0 849 -79 2]
 P 851278 23418 1659178 63008146
PT [1 0 850 -79 2]
EMPTY QUEUE
 P 853625 23418 1659195 63081314
PT [1 0 851 -80 2]
 P 853625 23418 1662585 63152506
PT [1 0 852 -80 2]
 P 853625 23418 1665975 63224686
PT [1 0 853 -80 2]
 P 854413 23418 1665979 63296866
PT [1 0 854 -80 2]
 P 854413 23418 1669369 63369046
PT [1 0 855 -80 2]
EMPTY QUEUE
 P 855673 23418 1669385 63442663
PT [1 0 856 -80 2]
 P 855673 23418 1672775 63513406
PT [1 0 857 -80 2]
 P 855673 23418 1676165 63585586
PT [1 0 858 -80 2]
 P 856654 23418 1676168 63657766
PT [1 0 859 -80 2]
 P 856654 23418 1679558 63729946
PT [1 0 860 -80 2]
EMPTY QUEUE
 P 858361 23418 1679575 63803498
PT [1 0 861 -81 2]
 P 858361 23418 1682965 63874306
PT [1 0 862 -81 2]
 P 858361 23418 1686355 63946486
PT [1 0 863 -81 2]
 P 859023 23418 1686358 64018666
PT [1 0 864 -81 2]
 P 860485 23418 1686362 64090846
PT [1 0 865 -81 2]
EMPTY QUEUE
 P 862129 23418 1686378 64163823
PT [1 0 866 -81 2]
 P 863592 23418 1686381 64235206
PT [1 0 867 -81 2]
 P 863592 23418 1689771 64307386
PT [1 0 868 -81 2]
 P 863592 23418 1693161 64379566
PT [1 0 869 -81 2]
 P 863592 23418 1696551 64451746
PT [1 0 870 -81 2]
EMPTY QUEUE
 P 866708 23418 1696568 64525683
PT [1 0 871 -82 2]
 P 868620 23418 1696571 64596106
PT [1 0 872 -82 2]
 P 868620 23418 1699961 64668286
PT [1 0 873 -82 2]
 P 868620 23418 1703351 64740466
PT [1 0 874 -82 2]
 P 868620 23418 1706741 64812646
PT [1 0 875 -82 2]
EMPTY QUEUE
 P 870647 23418 1706758 64887030
PT [1 0 876 -82 2]
 P 872496 23418 1706761 64957006
PT [1 0 877 -82 2]
 P 872496 23418 1710151 65029186
PT [1 0 878 -82 2]
 P 872496 23418 1713541 65101366
PT [1 0 879 -82 2]
 P 872496 23418 1716931 65173546
PT [1 0 880 -82 2]
EMPTY QUEUE
 P 874973 23418 1716947 65247867
PT [1 0 881 -83 2]
 P 874973 23418 1720337 65317906
PT [1 0 882 -83 2]
 P 876439 23418 1720340 65390086
PT [1 0 883 -83 2]
 P 876439 23418 1723730 65462266
PT [1 0 884 -83 2]
 P 876439 23418 1727120 65534446
PT [1 0 885 -83 2]
EMPTY QUEUE
 P 878850 23418 1727137 65608190
PT [1 0 886 -83 2]
 P 878850 23418 1730527 65678806
PT [1 0 887 -83 2]
 P 880765 23418 1730530 65750986
PT [1 0 888 -83 2]
 P 880765 23418 1733920 65823166
PT [1 0 889 -83 2]
 P 880765 23418 1737310 65895346
PT [1 0 890 -83 2]
EMPTY QUEUE
 P 882601 23418 1737326 65970050
PT [1 0 891 -84 2]
 P 882601 23418 1740716 66039706
PT [1 0 892 -84 2]
 P 884452 23418 1740720 66111886
PT [1 0 893 -84 2]
 P 884452 23418 1744110 66184066
PT [1 0 894 -84 2]
 P 884452 23418 1747500 66256246
PT [1 0 895 -84 2]
EMPTY QUEUE
 P 887247 23418 1747517 66329350
PT [1 0 896 -84 2]
 P 887247 23418 1750907 66400606
PT [1 0 897 -84 2]
 P 888523 23418 1750911 66472786
PT [1 0 898 -84 2]
 P 888523 23418 1754301 66544966
PT [1 0 899 -84 2]
 P 888523 23418 1757691 66617146
PT [1 0 900 -84 2]
EMPTY QUEUE
 P 889719 23418 1757707 66690187
PT [1 0 901 -84 2]
 P 889719 23418 1761097 66761506
PT [1 0 902 -84 2]
 P 891956 23418 1761100 66833686
PT [1 0 903 -84 2]
 P 891956 23418 1764490 66905866
PT [1 0 904 -84 2]
 P 891956 23418 1767880 66978046
PT [1 0 905 -84 2]
EMPTY QUEUE
 P 895135 23418 1767897 67052558
PT [1 0 906 -85 2]
 P 895135 23418 1771287 67122406
PT [1 0 907 -85 2]
 P 895773 23418 1771290 67194586
PT [1 0 908 -85 2]
 P 895773 23418 1774680 67266766
PT [1 0 909 -85 2]
 P 895773 23418 1778070 67338946
PT [1 0 910 -85 2]
EMPTY QUEUE
 P 898377 23418 1778086 67412371
PT [1 0 911 -85 2]
 P 898377 23418 1781476 67483306
PT [1 0 912 -85 2]
 P 901000 23418 1781479 67555486
PT [1 0 913 -85 2]
 P 901000 23418 1784869 67627666
PT [1 0 914 -85 2]
 P 901000 23418 1788259 67699846
PT [1 0 915 -85 2]
EMPTY QUEUE
 P 902461 23418 1788276 67773303
PT [1 0 916 -86 2]
 P 904765 23418 1788284 67844206
PT [1 0 917 -86 2]
 P 906813 23418 1788287 67916386
PT [1 0 918 -86 2]
 P 906813 23418 1791677 67988566
PT [1 0 919 -86 2]
 P 906813 23418 1795067 68060746
PT [1 0 920 -86 2]
EMPTY QUEUE
 P 907145 23418 1798465 68133883
PT [1 0 921 -86 2]
 P 907145 23418 1801855 68205106
PT [1 0 922 -86 2]
 P 908107 23418 1801858 68277286
PT [1 0 923 -86 2]
 P 908107 23418 1805248 68349466
PT [1 0 924 -86 2]
 P 910411 23418 1805256 68421646
PT [1 0 925 -86 2]
EMPTY QUEUE
 P 910743 23418 1808655 68495999
PT [1 0 926 -87 2]
 P 910743 23418 1812045 68566006
PT [1 0 927 -87 2]
 P 912153 23418 1812048 68638186
PT [1 0 928 -87 2]
 P 912153 23418 1815438 68710366
PT [1 0 929 -87 2]
 P 914649 23418 1815446 68782546
PT [1 0 930 -87 2]
EMPTY QUEUE
 P 914980 23418 1818845 68855554
PT [1 0 931 -87 2]
 P 914980 23418 1822235 68926906
PT [1 0 932 -87 2]
 P 916327 23418 1822238 68999086
PT [1 0 933 -87 2]
 P 916327 23418 1825628 69071266
PT [1 0 934 -87 2]
 P 918503 23418 1825636 69143446
PT [1 0 935 -87 2]
EMPTY QUEUE
 P 918835 23418 1829034 69216646
PT [1 0 936 -88 2]
 P 918835 23418 1832424 69287806
PT [1 0 937 -88 2]
 P 919607 23418 1832427 69359986
PT [1 0 938 -88 2]
 P 919607 23418 1835817 69432166
PT [1 0 939 -88 2]
 P 920951 23418 1835825 69504346
PT [1 0 940 -88 2]
EMPTY QUEUE
 P 921282 23418 1839224 69577226
PT [1 0 941 -88 2]
 P 921282 23418 1842614 69648706
PT [1 0 942 -88 2]
 P 923015 23418 1842617 69720886
PT [1 0 943 -88 2]
 P 923015 23418 1846007 69793066
PT [1 0 944 -88 2]
 P 925063 23418 1846016 69865246
PT [1 0 945 -88 2]
EMPTY QUEUE
 P 925395 23418 1849414 69939343
PT [1 0 946 -88 2]
 P 925395 23418 1852804 70009606
PT [1 0 947 -88 2]
 P 927577 23418 1852807 70081786
PT [1 0 948 -88 2]
 P 927577 23418 1856197 70153966
PT [1 0 949 -88 2]
 P 929817 23418 1856205 70226146
PT [1 0 950 -88 2]
EMPTY QUEUE
 P 930148 23418 1859604 70300946
PT [1 0 951 -89 2]
 P 930148 23418 1862994 70370506
PT [1 0 952 -89 2]
 P 932266 23418 1862998 70442686
PT [1 0 953 -89 2]
 P 932266 23418 1866388 70514866
PT [1 0 954 -89 2]
 P 934187 23418 1866396 70587046
PT [1 0 955 -89 2]
EMPTY QUEUE
 P 934519 23418 1869794 70659991
PT [1 0 956 -89 2]
 P 934519 23418 1873184 70731406
PT [1 0 957 -89 2]
 P 936062 23418 1873188 70803586
PT [1 0 958 -89 2]
 P 936062 23418 1876578 70875766
PT [1 0 959 -89 2]
 P 937149 23418 1876587 70947946
PT [1 0 960 -89 2]
EMPTY QUEUE
 P 937480 23418 1879986 71022619
PT [1 0 961 -90 2]
 P 937480 23418 1883376 71092306
PT [1 0 962 -90 2]
 P 939984 23418 1883379 71164486
PT [1 0 963 -90 2]
 P 939984 23418 1886769 71236666
PT [1 0 964 -90 2]
 P 941777 23418 1886777 71308846
PT [1 0 965 -90 2]
EMPTY QUEUE
 P 942109 23418 1890175 71382687
PT [1 0 966 -90 2]
 P 942109 23418 1893565 71453206
PT [1 0 967 -90 2]
 P 943014 23418 1893568 71525386
PT [1 0 968 -90 2]
 P 943014 23418 1896958 71597566
PT [1 0 969 -90 2]
 P 944997 23418 1896967 71669746
PT [1 0 970 -90 2]
EMPTY QUEUE
 P 945328 23418 1900367 71744292
PT [1 0 971 -91 2]
 P 945328 23418 1903757 71814106
PT [1 0 972 -91 2]
 P 946170 23418 1903760 71886286
PT [1 0 973 -91 2]
 P 946170 23418 1907150 71958466
PT [1 0 974 -91 2]
 P 947833 23418 1907159 72030646
PT [1 0 975 -91 2]
EMPTY QUEUE
 P 948164 23418 1910557 72105382
PT [1 0 976 -91 2]
 P 948164 23418 1913947 72175006
PT [1 0 977 -91 2]
 P 950479 23418 1913950 72247186
PT [1 0 978 -91 2]
 P 950479 23418 1917340 72319366
PT [1 0 979 -91 2]
 P 953358 23418 1917349 72391546
PT [1 0 980 -91 2]
EMPTY QUEUE
 P 953691 23418 1920747 72465964
PT [1 0 981 -90 2]
 P 953691 23418 1924137 72535906
PT [1 0 982 -90 2]
 P 954919 23418 1924140 72608086
PT [1 0 983 -90 2]
 P 954919 23418 1927530 72680266
PT [1 0 984 -90 2]
 P 956454 23418 1927539 72752446
PT [1 0 985 -90 2]
EMPTY QUEUE
 P 956785 23418 1930938 72826030
PT [1 0 986 -92 2]
 P 956785 23418 1934328 72896806
PT [1 0 987 -92 2]
 P 958462 23418 1934331 72968986
PT [1 0 988 -92 2]
 P 958462 23418 1937721 73041166
PT [1 0 989 -92 2]
 P 960190 23418 1937730 73113346
PT [1 0 990 -92 2]
EMPTY QUEUE
 P 960523 23418 1941128 73187636
PT [1 0 991 -91 2]
 P 960523 23418 1944518 73257706
PT [1 0 992 -91 2]
 P 962137 23418 1944521 73329886
PT [1 0 993 -91 2]
 P 962137 23418 1947911 73402066
PT [1 0 994 -91 2]
 P 963545 23418 1947920 73474246
PT [1 0 995 -91 2]
EMPTY QUEUE
 P 963876 23418 1951319 73548726
PT [1 0 996 -93 2]
 P 963876 23418 1954709 73618606
PT [1 0 997 -93 2]
 P 964915 23418 1954712 73690786
PT [1 0 998 -93 2]
 P 964915 23418 1958102 73762966
PT [1 0 999 -93 2]
 P 967539 23418 1958111 73835146
PT [1 0 1000 -93 2]
EMPTY QUEUE
 P 967871 23418 1961509 73909307
PT [1 0 1001 -93 2]
 P 967871 23418 1964899 73979506
PT [1 0 1002 -93 2]
 P 969871 23418 1964902 74051686
PT [1 0 1003 -93 2]
 P 969871 23418 1968292 74123866
PT [1 0 1004 -93 2]
 P 971151 23418 1968301 74196046
PT [1 0 1005 -93 2]
EMPTY QUEUE
 P 971482 23418 1971700 74269374
PT [1 0 1006 -94 2]
 P 971482 23418 1975090 74340406
PT [1 0 1007 -94 2]
 P 973930 23418 1975094 74412586
PT [1 0 1008 -94 2]
 P 973930 23418 1978484 74484766
PT [1 0 1009 -94 2]
 P 975402 23418 1978493 74556946
PT [1 0 1010 -94 2]
EMPTY QUEUE
 P 975413 23418 1981885 74630652
PT [1 0 1011 -94 2]
EMPTY QUEUE
 P 975745 23418 1985283 74702583
PT [1 0 1012 -94 2]
 P 975745 23418 1988673 74773486
PT [1 0 1013 -94 2]
 P 976755 23418 1988676 74845666
PT [1 0 1014 -94 2]
 P 977907 23418 1988685 74917846
PT [1 0 1015 -94 2]
 P 977907 23418 1992075 74990026
PT [1 0 1016 -94 2]
EMPTY QUEUE
 P 978238 23418 1995474 75063162
PT [1 0 1017 -95 2]
 P 978238 23418 1998864 75134386
PT [1 0 1018 -95 2]
 P 978928 23418 1998868 75206566
PT [1 0 1019 -95 2]
 P 981296 23418 1998877 75278746
PT [1 0 1020 -95 2]
 P 981296 23418 2002267 75350926
PT [1 0 1021 -95 2]
EMPTY QUEUE
 P 981628 23418 2005665 75425279
PT [1 0 1022 -95 2]
 P 981628 23418 2009055 75495286
PT [1 0 1023 -95 2]
 P 983535 23418 2009060 75567466
PT [1 0 1024 -95 2]
 P 984559 23418 2009069 75639646
PT [1 0 1025 -95 2]
 P 984559 23418 2012459 75711826
PT [1 0 1026 -95 2]
EMPTY QUEUE
 P 984890 23418 2015858 75784834
PT [1 0 1027 -96 2]
 P 984890 23418 2019248 75856186
PT [1 0 1028 -96 2]
 P 987502 23418 2019251 75928366
PT [1 0 1029 -96 2]
 P 988718 23418 2019260 76000546
PT [1 0 1030 -96 2]
 P 988718 23418 2022650 76072726
PT [1 0 1031 -96 2]
EMPTY QUEUE
 P 989049 23418 2026048 76145926
PT [1 0 1032 -96 2]
 P 989049 23418 2029438 76217086
PT [1 0 1033 -96 2]
 P 989807 23418 2029442 76289266
PT [1 0 1034 -96 2]
 P 990703 23418 2029451 76361446
PT [1 0 1035 -96 2]
 P 990703 23418 2032841 76433626
PT [1 0 1036 -96 2]
EMPTY QUEUE
 P 991035 23418 2036239 76506506
PT [1 0 1037 -97 2]
 P 991035 23418 2039629 76577986
PT [1 0 1038 -97 2]
 P 993521 23418 2039632 76650166
PT [1 0 1039 -97 2]
 P 995633 23418 2039641 76722346
PT [1 0 1040 -97 2]
 P 995633 23418 2043031 76794526
PT [1 0 1041 -97 2]
EMPTY QUEUE
 P 995964 23418 2046430 76868622
PT [1 0 1042 -97 2]
 P 995964 23418 2049820 76938886
PT [1 0 1043 -97 2]
 P 997619 23418 2049823 77011066
PT [1 0 1044 -97 2]
 P 1000435 23418 2049832 77083246
PT [1 0 1045 -97 2]
 P 1000435 23418 2053222 77155426
PT [1 0 1046 -97 2]
EMPTY QUEUE
 P 1000767 23418 2056620 77230226
PT [1 0 1047 -98 2]
 P 1000767 23418 2060010 77299786
PT [1 0 1048 -98 2]
 P 1003127 23418 2060013 77371966
PT [1 0 1049 -98 2]
 P 1004087 23418 2060022 77444146
PT [1 0 1050 -98 2]
 P 1004087 23418 2063412 77516326
PT [1 0 1051 -98 2]
EMPTY QUEUE
 P 1004418 23418 2066811 77589270
PT [1 0 1052 -98 2]
 P 1004418 23418 2070201 77660686
PT [1 0 1053 -98 2]
 P 1006971 23418 2070204 77732866
PT [1 0 1054 -98 2]
 P 1009659 23418 2070213 77805046
PT [1 0 1055 -98 2]
 P 1009659 23418 2073603 77877226
PT [1 0 1056 -98 2]
EMPTY QUEUE
 P 1009991 23418 2077001 77951899
PT [1 0 1057 -98 2]
 P 1009991 23418 2080391 78021586
PT [1 0 1058 -98 2]
 P 1012225 23418 2080394 78093766
PT [1 0 1059 -98 2]
 P 1014081 23418 2080403 78165946
PT [1 0 1060 -98 2]
 P 1014081 23418 2083793 78238126
PT [1 0 1061 -98 2]
EMPTY QUEUE
 P 1014412 23418 2087193 78311967
PT [1 0 1062 -99 2]
 P 1014412 23418 2090583 78382486
PT [1 0 1063 -99 2]
 P 1015815 23418 2090586 78454666
PT [1 0 1064 -99 2]
 P 1018375 23418 2090595 78526846
PT [1 0 1065 -99 2]
 P 1018375 23418 2093985 78599026
PT [1 0 1066 -99 2]
