using saved target 'z1'
../../../../contiki/tools/sky/serialdump-linux -b115200 /dev/ttyUSB2
connecting to /dev/ttyUSB2 (115200) [OK]
Rime started with address 3.0
MAC 03:00:00:00:00:00:00:00 Ref ID: 4841
Contiki-3.x-2125-g5d67a61 started. Node id is set to 3.

************************************************
RTIMER_SECOND = 32768. F_CPU=8000000.
CLOCK_SECOND=128.
DURSLOT = 6015.(0.1835 s).
DURSLEEP = 114285.
DURCYCLE = 120300 .(3.6712 s).
MAX_CLOCK_DRIFT = WAKEUP_ADVANCE_TIME = 327 (0.0033 s).
PERIODIC_BCAST_CYCLES_SENSOR = 4194307.
PERIODIC_BCAST_CYCLES_SINK = 4194307.
MAX_CYCLE_COUNTER = 27904.
MAX_COUNT_NO_RTS_CTS = 65535.
MAX_CHILD_NUM = 10.
MAX_TRY_TO_FIND_PARENT = 3.

**********Below is Related Settings**********
PRIMAC_CONF_COMPOWER = 1.
PRIMAC_CONF_COMPOWER_SUPPORT = 1.
SF = 18.
PRI_SYNC_SUPPORT = 1.
RANDOM_DRIFT_IN_COOJA_SUPPORT = 0.
ADCSC_SUPPORT = 1.
DATA_TX_SUPPORT = 1.
CYCLES_PER_PACKET = 2.
DATA_INTERVAL = 9.
RETX_LIMIT = 6.
TOTAL_DATA_NUM = -1.
MAX_DATA_QUEUE_BUFS = 10.
PROC_GRADE_BASED_ON_ADDR_SUPPORT = 1.
NODES_NUM_PER_GRADE = 2.
ADDRESS_FREE_SUPPORT = 1.
IS_COOJA_SIM = 0.
CROSS_PLATFORM_SUPPORT = 1.
************************************************

My address is 188.0.
nullmac PRIMAC, channel check rate 8 Hz, radio channel 26
Starting
Hello, world
 P 0 0 0 1966272
 P 0 0 3390 2086572
 P 0 0 6780 2206872
 P 0 0 10232 2328971
 P 0 0 13622 2447472
 P 0 0 17012 2567772
 P 0 0 20402 2688072
 P 0 0 23792 2808372
EMPTY QUEUE
 P 210 0 27188 2929537
EMPTY QUEUE
 P 576 0 30588 3049837
PT [1 0 1 2 2]
 P 2683 0 31871 3169272
PT [1 0 2 2 2]
 P 4696 0 33248 3289572
PT [1 0 3 2 2]
 P 4696 0 36638 3409872
PT [1 0 4 2 2]
 P 4696 0 40028 3530172
PT [1 0 5 2 2]
EMPTY QUEUE
 P 5030 0 43428 3651976
PT [1 0 6 3 2]
 P 6314 0 43431 3770772
PT [1 0 7 3 2]
rcv bro rts
 P 7828 0 43472 3891072
PT [1 0 8 3 2]
 P 7828 0 46862 4011372
PT [1 0 9 3 2]
 P 7828 0 50252 4131672
PT [1 0 10 3 2]
EMPTY QUEUE
 P 8163 0 53651 4253924
PT [1 0 11 4 2]
 P 9864 0 53655 4372272
PT [1 0 12 4 2]
 P 12696 0 53663 4492572
PT [1 0 13 4 2]
 P 12696 0 57053 4612872
PT [1 0 14 4 2]
 P 12696 0 60443 4733172
PT [1 0 15 4 2]
EMPTY QUEUE
 P 13031 0 63842 4855361
PT [1 0 16 6 2]
 P 13031 0 67232 4973772
PT [1 0 17 6 2]
 P 14010 0 67241 5094072
PT [1 0 18 6 2]
 P 16290 0 67244 5214372
PT [1 0 19 6 2]
 P 16290 0 70634 5334672
PT [1 0 20 6 2]
EMPTY QUEUE
 P 16625 0 74033 5456285
PT [1 0 21 7 2]
 P 16625 0 77423 5575272
PT [1 0 22 7 2]
 P 19496 0 77431 5695572
PT [1 0 23 7 2]
 P 21202 0 77434 5815872
PT [1 0 24 7 2]
 P 21202 0 80824 5936172
PT [1 0 25 7 2]
EMPTY QUEUE
 P 21537 0 84224 6058746
PT [1 0 26 8 2]
 P 21537 0 87614 6176772
PT [1 0 27 8 2]
 P 23835 0 87622 6297072
PT [1 0 28 8 2]
 P 23835 0 91012 6417372
PT [1 0 29 8 2]
 P 26503 0 91015 6537672
PT [1 0 30 8 2]
EMPTY QUEUE
 P 26839 0 94415 6658646
PT [1 0 31 9 2]
 P 26839 0 97805 6778272
PT [1 0 32 9 2]
 P 28053 0 97813 6898572
PT [1 0 33 9 2]
 P 28053 0 101203 7018872
PT [1 0 34 9 2]
 P 28053 0 104593 7139172
PT [1 0 35 9 2]
 P 29923 0 104596 7259472
PT [1 0 36 9 2]
EMPTY QUEUE
 P 30257 0 107996 7382428
PT [1 0 37 10 2]
 P 32722 0 108005 7500072
PT [1 0 38 10 2]
 P 32722 0 111395 7620372
PT [1 0 39 10 2]
 P 32722 0 114785 7740672
PT [1 0 40 10 2]
 P 32722 0 118175 7860972
PT [1 0 41 10 2]
 P 35202 0 118178 7981272
PT [1 0 42 10 2]
EMPTY QUEUE
 P 36566 0 118197 8103942
PT [1 0 43 12 2]
 P 36566 0 121587 8221872
PT [1 0 44 12 2]
 P 36566 0 124977 8342172
PT [1 0 45 12 2]
 P 36566 0 128367 8462472
PT [1 0 46 12 2]
 P 36566 0 131757 8582772
PT [1 0 47 12 2]
 P 37960 0 131761 8703072
PT [1 0 48 12 2]
EMPTY QUEUE
 P 40832 0 131779 8825933
PT [1 0 49 13 2]
 P 40832 0 135169 8943672
PT [1 0 50 13 2]
 P 40832 0 138559 9063972
PT [1 0 51 13 2]
 P 40832 0 141949 9184272
PT [1 0 52 13 2]
 P 40832 0 145339 9304572
PT [1 0 53 13 2]
 P 42677 0 145342 9424872
PT [1 0 54 13 2]
EMPTY QUEUE
 P 45392 0 145360 9547412
PT [1 0 55 14 2]
 P 45392 0 148750 9665472
PT [1 0 56 14 2]
 P 45392 0 152140 9785772
PT [1 0 57 14 2]
 P 45392 0 155530 9906072
PT [1 0 58 14 2]
 P 45392 0 158920 10026372
PT [1 0 59 14 2]
 P 47175 0 158923 10146672
PT [1 0 60 14 2]
EMPTY QUEUE
 P 49607 0 158941 10268381
PT [1 0 61 16 2]
 P 49607 0 162331 10387272
PT [1 0 62 16 2]
 P 49607 0 165721 10507572
PT [1 0 63 16 2]
 P 49607 0 169111 10627872
PT [1 0 64 16 2]
 P 49607 0 172501 10748172
PT [1 0 65 16 2]
EMPTY QUEUE
 P 51915 0 172518 10870585
PT [1 0 66 17 2]
 P 53124 0 172521 10988772
PT [1 0 67 17 2]
 P 53124 0 175911 11109072
PT [1 0 68 17 2]
 P 53124 0 179301 11229372
PT [1 0 69 17 2]
 P 53124 0 182691 11349672
PT [1 0 70 17 2]
EMPTY QUEUE
 P 54604 0 182709 11472277
PT [1 0 71 18 2]
 P 54604 0 186099 11590272
PT [1 0 72 18 2]
 P 56775 0 186103 11710572
PT [1 0 73 18 2]
 P 56775 0 189493 11830872
PT [1 0 74 18 2]
 P 56775 0 192883 11951172
PT [1 0 75 18 2]
EMPTY QUEUE
 P 58962 0 192901 12073457
PT [1 0 76 19 2]
 P 61340 344 192922 12193166
PT [1 0 77 19 2]
 P 61674 416 196324 12312072
PT [1 0 78 19 2]
 P 64296 416 196327 12432372
PT [1 0 79 19 2]
 P 66358 761 196347 12555443
PT [1 0 80 20 2]
 P 66694 833 199749 12672972
PT [1 0 81 20 2]
 P 69158 905 200729 12795242
PT [1 0 82 20 2]
 P 70806 1249 200749 12914710
PT [1 0 83 20 2]
 P 73414 1594 200769 13035715
PT [1 0 84 21 2]
 P 75061 1666 200783 13154172
PT [1 0 85 21 2]
 P 75396 1738 204185 13276507
PT [1 0 86 21 2]
 P 77526 2082 204205 13396486
PT [1 0 87 21 2]
 P 79831 2082 204208 13515072
PT [1 0 88 21 2]
 P 82136 2082 204211 13635372
PT [1 0 89 21 2]
 P 83949 2426 204231 13758603
PT [1 0 90 22 2]
 P 88686 2842 204267 13875972
PT [1 0 91 22 2]
 P 91108 3185 204287 13998978
PT [1 0 92 22 2]
 P 95013 3601 204320 14116572
PT [1 0 93 22 2]
 P 96893 3946 204341 14238204
PT [1 0 94 23 2]
 P 100576 4363 204377 14357172
PT [1 0 95 23 2]
 P 101637 4363 204380 14477472
PT [1 0 96 23 2]
 P 104766 4707 204400 14599134
PT [1 0 97 24 2]
 P 109188 5123 204434 14718072
PT [1 0 98 24 2]
 P 110721 5466 204455 14839640
PT [1 0 99 24 2]
 P 112523 5882 204487 14960802
PT [1 0 100 24 2]
 P 113841 5882 204490 15078972
PT [1 0 101 24 2]
 P 115342 6227 204510 15200826
PT [1 0 102 25 2]
 P 117883 6643 204542 15320583
PT [1 0 103 25 2]
 P 120098 6643 204545 15439872
PT [1 0 104 25 2]
 P 122496 6987 204565 15562910
PT [1 0 105 25 2]
 P 125838 7403 204600 15680472
PT [1 0 106 25 2]
 P 127919 7747 204619 15802007
PT [1 0 107 26 2]
 P 128254 7819 208021 15921072
PT [1 0 108 26 2]
 P 131551 8162 208042 16043854
PT [1 0 109 26 2]
 P 134544 8577 208078 16161672
PT [1 0 110 26 2]
 P 137171 8921 208098 16283974
PT [1 0 111 27 2]
 P 142025 9337 208133 16402272
PT [1 0 112 27 2]
 P 144339 9337 208136 16522572
PT [1 0 113 27 2]
 P 146169 9682 208156 16644266
PT [1 0 114 27 2]
 P 149190 10098 211578 16763172
PT [1 0 115 27 2]
 P 150893 10442 211598 16884643
PT [1 0 116 28 2]
 P 153577 10857 211635 17003772
PT [1 0 117 29 2]
 P 155472 11201 211657 17125914
PT [1 0 118 28 2]
 P 157383 11618 211690 17246311
PT [1 0 119 28 2]
 P 158707 11618 211694 17364672
PT [1 0 120 28 2]
 P 160446 11962 211715 17486848
PT [1 0 121 30 2]
 P 163992 12377 211748 17606859
PT [1 0 122 29 2]
 P 165093 12377 211752 17725572
PT [1 0 123 29 2]
 P 166546 12722 211772 17847651
PT [1 0 124 29 2]
 P 167951 12794 211786 17966172
PT [1 0 125 29 2]
 P 169597 13138 211807 18089115
PT [1 0 126 30 2]
 P 174498 13555 211845 18206772
PT [1 0 127 30 2]
 P 177008 13899 211866 18328594
PT [1 0 128 30 2]
 P 181301 14315 211902 18447372
PT [1 0 129 30 2]
 P 184550 14659 211921 18570507
PT [1 0 130 31 2]
 P 186774 14659 211925 18687972
PT [1 0 131 31 2]
 P 189671 15002 211946 18810018
PT [1 0 132 31 2]
 P 191305 15418 211978 18929519
PT [1 0 133 31 2]
 P 194436 15835 215399 19048872
PT [1 0 134 31 2]
 P 195478 15835 215402 19169172
PT [1 0 135 31 2]
 P 198187 16179 215423 19291987
PT [1 0 136 32 2]
 P 202617 16594 215460 19409772
PT [1 0 137 32 2]
 P 204492 16594 215463 19530072
PT [1 0 138 32 2]
 P 207683 16937 215483 19652279
PT [1 0 139 33 2]
 P 209833 17353 221476 19775530
PT [1 0 140 33 2]
 P 212701 17353 221479 19890972
PT [1 0 141 33 2]
 P 214741 17696 221500 20013018
PT [1 0 142 33 2]
 P 217707 18113 221534 20131572
PT [1 0 143 33 2]
 P 219424 18113 221537 20251872
PT [1 0 144 33 2]
 P 222587 18457 221557 20374335
PT [1 0 145 34 2]
 P 226849 19290 225013 20492472
PT [1 0 146 34 2]
 P 228247 19290 225016 20612772
PT [1 0 147 34 2]
 P 229781 19634 225037 20734980
PT [1 0 148 36 2]
 P 235377 20051 225071 20853372
PT [1 0 149 35 2]
 P 237266 20395 225091 20975356
PT [1 0 150 35 2]
 P 240975 20812 225127 21093972
PT [1 0 151 35 2]
 P 243088 21156 225146 21216627
PT [1 0 152 35 2]
 P 244456 21156 225149 21334572
PT [1 0 153 35 2]
 P 246729 21500 225170 21457419
PT [1 0 154 36 2]
 P 248761 21916 225203 21577558
PT [1 0 155 36 2]
 P 253114 22332 225240 21695472
PT [1 0 156 36 2]
 P 255330 22332 225248 21815772
PT [1 0 157 36 2]
 P 258329 22676 225269 21937243
PT [1 0 158 37 2]
 P 260088 23092 228692 22056372
PT [1 0 159 37 2]
 P 261779 23092 228695 22176672
PT [1 0 160 37 2]
 P 264140 23436 228715 22298814
PT [1 0 161 37 2]
 P 267850 23852 228748 22417272
PT [1 0 162 38 2]
 P 269350 23852 228751 22537572
PT [1 0 163 38 2]
 P 271168 24197 228772 22659746
PT [1 0 164 38 2]
 P 274398 24957 228825 22779950
PT [1 0 165 38 2]
 P 276073 25029 228840 22898472
PT [1 0 166 38 2]
 P 278792 25373 228859 23021416
PT [1 0 167 39 2]
 P 281174 25445 228873 23139072
PT [1 0 168 39 2]
 P 283508 25445 228876 23259372
PT [1 0 169 39 2]
 P 286580 25789 228896 23381002
PT [1 0 170 39 2]
 P 292084 26549 228950 23499972
PT [1 0 171 40 2]
 P 293493 26894 228970 23623107
PT [1 0 172 40 2]
 P 297182 27310 229006 23740572
PT [1 0 173 40 2]
 P 297182 27310 232396 23860872
PT [1 0 174 40 2]
 P 298977 27655 232416 23982118
PT [1 0 175 40 2]
 P 301325 28072 235837 24101472
PT [1 0 176 42 2]
 P 303506 28416 235857 24224287
PT [1 0 177 41 2]
 P 307809 28832 235894 24342072
PT [1 0 178 41 2]
 P 310147 28832 235897 24462372
PT [1 0 179 41 2]
 P 312042 29177 235917 24584578
PT [1 0 180 42 2]
 P 316379 29592 235952 24702972
PT [1 0 181 42 2]
 P 318468 29936 235972 24824956
PT [1 0 182 42 2]
 P 320150 30008 235987 24943572
PT [1 0 183 42 2]
 P 321920 30352 236006 25065522
PT [1 0 184 42 2]
 P 324644 30352 236009 25184172
PT [1 0 185 42 2]
 P 327631 30695 236030 25306827
PT [1 0 186 43 2]
 P 329609 31111 236063 25427222
PT [1 0 187 43 2]
 P 332647 31871 236117 25547170
PT [1 0 188 43 2]
 P 334572 31871 236120 25665372
PT [1 0 189 43 2]
 P 336090 32215 236141 25787963
PT [1 0 190 44 2]
 P 339159 32631 236174 25907079
PT [1 0 191 44 2]
 P 340957 32631 236178 26026272
PT [1 0 192 44 2]
 P 343300 32631 236181 26146572
PT [1 0 193 44 2]
 P 346389 32976 236200 26269450
PT [1 0 194 45 2]
 P 352272 33808 236266 26387172
PT [1 0 195 45 2]
 P 353699 34151 236288 26508771
PT [1 0 196 45 2]
 P 356597 34496 236309 26630030
PT [1 0 197 45 2]
 P 359180 34568 236324 26748072
PT [1 0 198 45 2]
 P 360245 34568 236328 26868372
PT [1 0 199 45 2]
 P 361734 34841 236339 26989558
PT [1 0 200 45 2]
 P 363763 35184 239750 27110718
PT [1 0 201 46 2]
 P 366778 35328 239777 27229272
PT [1 0 202 47 2]
 P 368817 35671 239797 27351702
PT [1 0 203 47 2]
 P 372795 36087 239832 27469872
PT [1 0 204 47 2]
 P 374419 36431 239853 27591183
PT [1 0 205 47 2]
 P 378590 36847 239890 27710472
PT [1 0 206 47 2]
 P 380696 37191 239910 27833094
PT [1 0 207 47 2]
 P 382817 37607 239941 27953874
PT [1 0 208 48 2]
 P 385821 37952 239961 28073856
PT [1 0 209 48 2]
 P 387815 38368 239994 28192714
PT [1 0 210 48 2]
 P 389748 38368 239997 28311972
PT [1 0 211 48 2]
 P 391057 38712 240017 28434274
PT [1 0 212 49 2]
 P 391393 38784 243418 28552572
PT [1 0 213 50 2]
 P 394496 39128 243439 28675099
PT [1 0 214 49 2]
 P 397127 39544 246863 28793172
PT [1 0 215 49 2]
 P 398297 39815 246874 28915724
PT [1 0 216 49 2]
 P 400200 39815 246878 29033772
PT [1 0 217 49 2]
 P 403113 40159 246899 29155820
PT [1 0 218 50 2]
 P 407858 40648 246947 29274372
PT [1 0 219 50 2]
 P 408192 40720 250349 29396834
PT [1 0 220 50 2]
 P 410801 40720 250352 29514972
PT [1 0 221 50 2]
 P 413170 40792 250373 29636348
PT [1 0 222 51 2]
 P 415607 41135 250394 29756839
PT [1 0 223 51 2]
 P 422166 41951 250423 29875872
PT [1 0 224 51 2]
 P 423611 42295 250444 29997726
PT [1 0 225 51 2]
 P 426431 42928 250507 30119370
PT [1 0 226 52 2]
 P 429121 43000 250521 30236772
PT [1 0 227 52 2]
 P 431307 43344 250541 30359684
PT [1 0 228 52 2]
 P 433087 43344 250544 30477372
PT [1 0 229 52 2]
 P 435465 43687 250564 30600474
PT [1 0 230 52 2]
 P 437824 44234 253988 30719240
PT [1 0 231 52 2]
 P 440043 44578 254009 30840019
PT [1 0 232 53 2]
 P 444298 44650 254033 30958572
PT [1 0 233 53 2]
 P 446742 44995 254054 31080138
PT [1 0 234 53 2]
 P 451385 45754 254105 31200726
PT [1 0 235 54 2]
 P 452527 45754 254108 31319472
PT [1 0 236 54 2]
 P 454846 46097 254129 31442287
PT [1 0 237 54 2]
 P 456669 46513 254161 31562810
PT [1 0 238 54 2]
 P 458116 46585 254176 31680372
PT [1 0 239 54 2]
 P 461045 46928 254196 31802994
PT [1 0 240 55 2]
 P 462887 47273 254217 31922207
PT [1 0 241 55 2]
 P 466747 47689 254253 32041272
PT [1 0 242 55 2]
 P 468813 48032 254274 32163222
PT [1 0 243 55 2]
 P 470836 48104 254289 32281872
PT [1 0 244 55 2]
 P 470836 48104 257679 32402172
PT [1 0 245 55 2]
 P 472398 48104 257682 32522472
PT [1 0 246 55 2]
 P 475683 48447 257703 32644774
PT [1 0 247 56 2]
 P 480713 49206 257760 32763072
PT [1 0 248 56 2]
 P 482084 49206 257763 32883372
PT [1 0 249 56 2]
 P 485212 49549 257784 33005771
PT [1 0 250 57 2]
 P 489733 50383 257850 33125112
PT [1 0 251 57 2]
 P 491106 50383 257853 33244272
PT [1 0 252 57 2]
 P 492572 50727 257872 33366414
PT [1 0 253 57 2]
 P 496281 51489 257923 33486746
PT [1 0 254 58 2]
 P 499030 51489 257926 33605172
PT [1 0 255 58 2]
 P 500882 51833 257947 33726770
PT [1 0 256 58 2]
 P 501216 51905 261349 33845772
PT [1 0 257 58 2]
 P 502590 51905 261352 33966072
PT [1 0 258 58 2]
 P 504892 52249 261373 34088151
PT [1 0 259 59 2]
 P 507466 52666 261408 34209315
PT [1 0 260 59 2]
 P 508617 52666 261412 34326972
PT [1 0 261 59 2]
 P 511913 53010 261432 34449338
PT [1 0 262 59 2]
 P 514202 53428 261462 34569095
PT [1 0 263 60 2]
 P 517955 53844 261497 34687872
PT [1 0 264 60 2]
 P 521031 54188 261517 34811008
PT [1 0 265 60 2]
 P 524376 54604 261550 34929738
PT [1 0 266 60 2]
 P 525850 54604 261553 35048772
PT [1 0 267 60 2]
 P 527548 54604 261556 35169072
PT [1 0 268 60 2]
 P 529985 54948 261577 35290319
PT [1 0 269 61 2]
 P 533045 55708 261630 35412186
PT [1 0 270 61 2]
 P 534758 55780 261645 35529972
PT [1 0 271 61 2]
 P 536557 56124 261665 35653010
PT [1 0 272 62 2]
 P 538133 56468 261685 35772479
PT [1 0 273 62 2]
 P 539848 56540 261700 35890872
PT [1 0 274 62 2]
 P 542641 56884 261720 36012406
PT [1 0 275 62 2]
 P 548614 57300 261756 36131472
PT [1 0 276 62 2]
 P 550737 57643 261778 36253424
PT [1 0 277 63 2]
 P 553309 57987 261799 36374427
PT [1 0 278 63 2]
 P 556151 58403 261832 36494822
PT [1 0 279 63 2]
 P 558109 58403 261835 36612672
PT [1 0 280 63 2]
 P 560652 58747 261855 36735359
PT [1 0 281 63 2]
 P 564234 59163 261885 36855371
PT [1 0 282 64 2]
 P 566065 59163 261888 36973572
PT [1 0 283 64 2]
 P 568960 59506 261909 37096162
PT [1 0 284 64 2]
 P 570591 59922 261941 37215278
PT [1 0 285 64 2]
 P 575649 60338 261976 37334472
PT [1 0 286 64 2]
 P 577939 60681 261997 37456807
PT [1 0 287 65 2]
 P 581195 60753 262012 37575072
PT [1 0 288 65 2]
 P 583901 61097 262033 37697246
PT [1 0 289 65 2]
 P 585522 61442 262053 37816971
PT [1 0 290 65 2]
 P 590968 61858 262087 37935972
PT [1 0 291 65 2]
 P 592419 61858 262090 38056272
PT [1 0 292 65 2]
 P 595086 61858 262093 38176572
PT [1 0 293 65 2]
 P 597957 62201 262115 38298330
PT [1 0 294 66 2]
 P 601952 62689 262166 38418246
PT [1 0 295 67 2]
 P 603340 62689 262169 38537472
PT [1 0 296 67 2]
 P 606501 63033 262189 38659039
PT [1 0 297 67 2]
 P 613189 63793 262246 38778072
PT [1 0 298 67 2]
 P 614688 64137 262266 38900887
PT [1 0 299 67 2]
 P 617659 64481 262286 39019586
PT [1 0 300 68 2]
 P 619878 64896 262318 39140879
PT [1 0 301 68 2]
 P 621844 64896 262321 39259272
PT [1 0 302 68 2]
 P 624272 65240 262342 39382182
PT [1 0 303 68 2]
 P 626716 65657 262375 39501555
PT [1 0 304 68 2]
 P 628555 65657 262378 39620172
PT [1 0 305 68 2]
 P 630827 66001 262399 39742092
PT [1 0 306 69 2]
 P 632857 66417 262431 39863126
PT [1 0 307 69 2]
 P 636783 66833 262467 39981072
PT [1 0 308 69 2]
 P 639712 66833 262470 40101372
PT [1 0 309 69 2]
 P 641890 67177 262490 40224059
PT [1 0 310 70 2]
 P 646302 67593 262528 40341972
PT [1 0 311 70 2]
 P 649236 67937 262548 40464562
PT [1 0 312 70 2]
 P 654468 68354 262585 40582572
PT [1 0 313 70 2]
 P 654803 68426 265986 40704010
PT [1 0 314 71 2]
 P 656076 68770 266007 40825015
PT [1 0 315 71 2]
 P 658690 69041 266019 40943472
PT [1 0 316 71 2]
 P 660411 69385 266040 41065711
PT [1 0 317 71 2]
 P 662739 69872 266084 41185370
PT [1 0 318 71 2]
 P 664135 69872 266087 41304372
PT [1 0 319 71 2]
 P 666851 70216 266109 41426932
PT [1 0 320 72 2]
 P 668559 70631 266142 41546430
PT [1 0 321 72 2]
 P 670852 70631 266146 41665272
PT [1 0 322 72 2]
 P 672418 70975 266166 41788246
PT [1 0 323 73 2]
 P 677352 71736 266218 41907299
PT [1 0 324 73 2]
 P 678798 71808 266234 42026172
PT [1 0 325 74 2]
 P 680653 72152 266255 42148890
PT [1 0 326 73 2]
 P 682501 72152 266259 42266772
PT [1 0 327 73 2]
 P 685671 72497 266279 42388146
PT [1 0 328 74 2]
 P 687950 72569 266293 42507372
PT [1 0 329 74 2]
 P 689264 72913 266314 42629866
PT [1 0 330 74 2]
 P 690489 73329 269737 42747972
PT [1 0 331 74 2]
 P 693426 73329 269740 42868272
PT [1 0 332 74 2]
 P 696631 73673 269760 42991439
PT [1 0 333 75 2]
 P 701119 74089 269793 43108872
PT [1 0 334 75 2]
 P 704038 74433 269814 43232070
PT [1 0 335 75 2]
 P 705589 74848 273236 43349472
PT [1 0 336 75 2]
 P 707056 74848 273239 43469772
PT [1 0 337 75 2]
 P 709465 75192 273259 43592875
PT [1 0 338 76 2]
 P 712402 75608 273292 43711992
PT [1 0 339 76 2]
 P 715308 76368 273346 43833218
PT [1 0 340 76 2]
 P 717384 76368 273349 43950972
PT [1 0 341 76 2]
 P 718836 76712 273369 44073498
PT [1 0 342 77 2]
 P 721327 77128 273401 44193383
PT [1 0 343 77 2]
 P 722840 77128 273405 44311872
PT [1 0 344 77 2]
 P 725192 77471 273425 44434943
PT [1 0 345 78 2]
 P 729863 77886 273460 44552472
PT [1 0 346 77 2]
 P 731894 78230 273480 44673911
PT [1 0 347 78 2]
 P 735478 78645 273512 44794563
PT [1 0 348 78 2]
 P 736705 78645 273515 44913372
PT [1 0 349 78 2]
 P 737040 78717 276916 45035706
PT [1 0 350 78 2]
 P 738946 79061 276935 45155686
PT [1 0 351 79 2]
 P 744916 79821 276990 45274272
PT [1 0 352 80 2]
 P 744916 79821 280380 45394572
PT [1 0 353 80 2]
 P 746695 80165 280401 45517578
PT [1 0 354 79 2]
 P 751502 80581 280437 45635172
PT [1 0 355 79 2]
 P 752924 80581 280440 45755472
PT [1 0 356 79 2]
 P 755314 80926 280461 45877103
PT [1 0 357 80 2]
 P 756976 81342 283884 45996072
PT [1 0 358 80 2]
 P 759487 81342 283887 46116372
PT [1 0 359 80 2]
 P 761335 81686 283907 46238034
PT [1 0 360 81 2]
 P 765031 82103 283941 46356972
PT [1 0 361 81 2]
 P 766721 82447 283962 46478539
PT [1 0 362 81 2]
 P 769544 82862 289957 46601790
PT [1 0 363 81 2]
 P 771961 82862 289960 46717872
PT [1 0 364 81 2]
 P 774037 83205 289980 46839918
PT [1 0 365 82 2]
 P 776874 83621 290013 46958472
PT [1 0 366 82 2]
 P 778150 83965 290034 47080934
PT [1 0 367 82 2]
 P 780979 84380 290066 47201586
PT [1 0 368 82 2]
 P 784513 84797 290098 47322111
PT [1 0 369 84 2]
 P 785856 85141 290118 47441578
PT [1 0 370 83 2]
 P 787827 85141 290121 47559972
PT [1 0 371 83 2]
 P 789075 85484 290142 47682882
PT [1 0 372 83 2]
 P 791842 85901 290175 47802254
PT [1 0 373 83 2]
 P 794803 86317 290206 47922522
PT [1 0 374 84 2]
 P 794803 86317 293596 48041172
PT [1 0 375 84 2]
 P 796247 86661 293618 48163828
PT [1 0 376 84 2]
 P 799255 87077 293654 48281772
PT [1 0 377 84 2]
 P 801436 87420 293674 48404458
PT [1 0 378 84 2]
 P 804512 87836 293708 48522372
PT [1 0 379 84 2]
 P 804512 87836 297098 48642672
PT [1 0 380 84 2]
 P 806135 87836 297101 48762972
PT [1 0 381 84 2]
 P 808414 88179 297122 48885562
PT [1 0 382 85 2]
 P 812693 88938 297175 49006150
PT [1 0 383 86 2]
 P 815548 89010 297189 49123872
PT [1 0 384 85 2]
 P 817191 89353 297210 49246208
PT [1 0 385 87 2]
 P 819136 89353 297213 49364472
PT [1 0 386 87 2]
 P 821580 89697 297233 49486487
PT [1 0 387 86 2]
 P 824550 90113 297264 49606370
PT [1 0 388 87 2]
 P 827528 90873 297315 49726831
PT [1 0 389 87 2]
 P 829954 90873 297318 49845672
PT [1 0 390 87 2]
 P 831441 91217 297338 49968646
PT [1 0 391 87 2]
 P 833966 91632 297370 50087250
PT [1 0 392 87 2]
 P 835945 91632 297373 50206572
PT [1 0 393 87 2]
 P 837785 91976 297394 50328300
PT [1 0 394 88 2]
 P 840408 92391 297427 50449590
PT [1 0 395 88 2]
 P 844555 92807 297464 50567472
PT [1 0 396 88 2]
 P 844555 92807 300854 50687772
PT [1 0 397 88 2]
 P 847839 93151 300874 50810268
PT [1 0 398 89 2]
 P 852567 93567 300911 50928372
PT [1 0 399 89 2]
 P 854965 93567 300914 51048672
PT [1 0 400 89 2]
 P 857579 93911 300934 51171839
PT [1 0 401 91 2]
 P 859720 94327 304355 51289272
PT [1 0 402 89 2]
 P 861535 94672 304377 51412472
PT [1 0 403 90 2]
 P 866142 95088 304413 51529872
PT [1 0 404 90 2]
 P 868349 95088 304417 51650172
PT [1 0 405 90 2]
 P 869470 95088 304420 51770472
PT [1 0 406 90 2]
 P 871895 95432 304440 51893574
PT [1 0 407 91 2]
 P 875267 96264 304504 52013427
PT [1 0 408 91 2]
 P 876804 96264 304507 52131372
PT [1 0 409 91 2]
 P 878591 96608 304527 52254218
PT [1 0 410 91 2]
 P 882406 97024 304561 52371972
PT [1 0 411 91 2]
 P 884840 97024 304564 52492272
PT [1 0 412 91 2]
 P 887622 97368 304586 52614384
PT [1 0 413 92 2]
 P 890830 97784 308009 52732872
PT [1 0 414 92 2]
 P 892945 97784 308012 52853172
PT [1 0 415 92 2]
 P 894577 98127 308032 52975442
PT [1 0 416 93 2]
 P 899642 98888 308083 53095263
PT [1 0 417 93 2]
 P 901966 98960 308098 53214072
PT [1 0 418 94 2]
 P 904495 99303 308119 53336086
PT [1 0 419 93 2]
 P 907730 99647 308139 53457602
PT [1 0 420 93 2]
 P 912707 100063 308173 53574972
PT [1 0 421 94 2]
 P 914087 100407 308193 53697979
PT [1 0 422 94 2]
 P 917530 100823 308226 53818246
PT [1 0 423 94 2]
 P 919072 100823 308229 53935872
PT [1 0 424 94 2]
Warning: data sending process fails.
 P 921350 101160 308353 54057599
PT [1 0 425 95 2]
 P 924388 101648 311786 54176472
PT [1 0 426 95 2]
 P 927307 101648 311789 54296772
PT [1 0 427 95 2]
 P 930482 101992 311810 54419490
PT [1 0 428 95 2]
 P 933802 102408 311845 54537372
PT [1 0 429 96 2]
 P 936423 102408 311848 54657672
PT [1 0 430 96 2]
 P 938417 102752 311869 54780167
PT [1 0 431 96 2]
 P 943183 103512 311921 54901138
PT [1 0 432 96 2]
 P 945051 103584 311937 55018572
PT [1 0 433 96 2]
 P 945051 103584 315327 55138872
PT [1 0 434 96 2]
 P 946808 103584 315330 55259172
PT [1 0 435 96 2]
 P 949960 103927 315351 55380388
PT [1 0 436 97 2]
 P 955203 104688 315407 55499772
PT [1 0 437 97 2]
 P 957553 105033 315428 55622874
PT [1 0 438 97 2]
 P 957958 105105 321401 55744910
PT [1 0 439 97 2]
 P 961111 105449 321422 55862419
PT [1 0 440 98 2]
 P 965617 105864 321459 55980972
PT [1 0 441 98 2]
 P 967912 105936 321480 56102346
PT [1 0 442 98 2]
 P 970600 105936 321483 56221572
PT [1 0 443 98 2]
 P 973084 106280 321502 56343138
PT [1 0 444 99 2]
 P 980955 107383 321575 56464687
PT [1 0 445 99 2]
 P 980955 107383 324965 56582472
PT [1 0 446 99 2]
 P 983920 107727 324986 56703686
PT [1 0 447 99 2]
 P 987599 108144 325022 56823072
PT [1 0 448 99 2]
 P 988818 108144 325025 56943372
PT [1 0 449 99 2]
 P 991978 108488 325047 57066283
PT [1 0 450 100 2]
 P 995822 108903 325082 57183972
PT [1 0 451 100 2]
 P 997383 109247 325102 57305890
PT [1 0 452 100 2]
 P 999216 109662 325135 57426928
PT [1 0 453 101 2]
 P 1000660 109662 325138 57544872
PT [1 0 454 101 2]
 P 1002190 110006 325159 57667718
PT [1 0 455 101 2]
 P 1004867 110078 325174 57785472
PT [1 0 456 101 2]
 P 1006888 110078 325177 57905772
PT [1 0 457 101 2]
 P 1007223 110150 328578 58028298
PT [1 0 458 102 2]
 P 1009462 110495 328598 58147768
PT [1 0 459 102 2]
Warning: data sending process fails.
 P 1016815 111521 328768 58266672
PT [1 0 460 102 2]
 P 1020142 111865 328789 58388719
PT [1 0 461 102 2]
 P 1023129 112425 328845 58509434
PT [1 0 462 103 2]
 P 1025952 112425 328848 58627572
PT [1 0 463 103 2]
 P 1028131 112769 328869 58750739
PT [1 0 464 103 2]
 P 1033269 113185 328906 58868172
PT [1 0 465 103 2]
